0 703 0.235417 0.817593 0.065625 0.242593
0 704 0.292187 0.827778 0.055208 0.246296
0 705 0.331771 0.788889 0.044792 0.209259
0 707 0.346354 0.855093 0.055208 0.236111
0 708 0.404427 0.859259 0.056771 0.222222
0 709 0.706250 0.697685 0.046875 0.193519
0 710 0.705729 0.692130 0.036458 0.189815
0 711 0.807292 0.554630 0.028125 0.092593
0 712 0.659375 0.681481 0.033333 0.181481
0 713 0.834896 0.710648 0.039583 0.184259
0 714 0.755208 0.745370 0.043750 0.201852
0 715 0.692187 0.746296 0.060417 0.196296
0 716 0.825781 0.692130 0.040104 0.182407
0 717 0.445312 0.540278 0.023958 0.106481
0 718 0.474740 0.528241 0.029687 0.125000
0 719 0.433854 0.566667 0.027083 0.125926
0 720 0.485938 0.554630 0.030208 0.124074
0 721 0.498958 0.532407 0.026042 0.114815
0 722 0.540625 0.534259 0.031250 0.125926
0 723 0.515104 0.558333 0.030208 0.129630
0 724 0.475521 0.646296 0.048958 0.179630
0 725 0.503125 0.641204 0.041667 0.169444
0 726 0.536719 0.638889 0.033854 0.151852
0 727 0.564063 0.623611 0.032292 0.147222
0 728 0.591406 0.619444 0.031771 0.153704
0 729 0.579688 0.603704 0.029167 0.125926
0 730 0.537760 0.678241 0.044271 0.167593
0 731 0.569531 0.700463 0.031771 0.128704
0 732 0.618750 0.703704 0.040625 0.192593
0 733 0.641406 0.748148 0.046354 0.205556
0 734 0.633333 0.609722 0.029167 0.143519
0 735 0.702604 0.659259 0.035417 0.168519
0 736 0.663802 0.711574 0.036979 0.171296
0 737 0.010156 0.959259 0.019271 0.081481
0 738 0.042188 0.985185 0.031250 0.031481
0 740 0.692969 0.848148 0.063021 0.203704
0 741 0.853125 0.828241 0.067708 0.212037
0 754 0.429688 0.497685 0.026042 0.104630
0 755 0.396354 0.487037 0.026042 0.120370
0 775 0.705208 0.476852 0.026042 0.090741
0 776 0.728906 0.475463 0.029687 0.089815
