0 703 0.220312 0.861574 0.064583 0.250926
0 704 0.277083 0.862963 0.059375 0.257407
0 705 0.304167 0.825463 0.051042 0.217593
0 707 0.368490 0.845370 0.054688 0.231481
0 708 0.408594 0.849074 0.054688 0.211111
0 709 0.742448 0.727315 0.049479 0.200926
0 710 0.752604 0.721296 0.042708 0.196296
0 711 0.806510 0.564815 0.027604 0.092593
0 712 0.688021 0.708796 0.041667 0.182407
0 713 0.830729 0.717130 0.040625 0.187963
0 714 0.725781 0.746296 0.050521 0.196296
0 715 0.652604 0.744907 0.043750 0.195370
0 716 0.806510 0.693056 0.040104 0.169444
0 717 0.443229 0.547685 0.023958 0.104630
0 718 0.470573 0.532407 0.028646 0.114815
0 719 0.432552 0.575000 0.026562 0.124074
0 720 0.472396 0.563426 0.032292 0.123148
0 721 0.490365 0.537037 0.025521 0.112963
0 722 0.532031 0.543981 0.029687 0.123148
0 723 0.501042 0.559259 0.030208 0.129630
0 724 0.466146 0.650463 0.050000 0.173148
0 725 0.489323 0.648611 0.031771 0.165741
0 726 0.523177 0.642593 0.033854 0.150000
0 727 0.549479 0.625463 0.031250 0.139815
0 728 0.582292 0.619907 0.035417 0.136111
0 729 0.569792 0.608796 0.027083 0.126852
0 730 0.526823 0.677778 0.042188 0.162963
0 731 0.557813 0.693519 0.027083 0.129630
0 732 0.586198 0.703241 0.038021 0.193519
0 733 0.614583 0.745370 0.040625 0.200000
0 734 0.602604 0.615741 0.030208 0.140741
0 735 0.661458 0.659259 0.034375 0.168519
0 736 0.632031 0.714352 0.036979 0.163889
0 740 0.792708 0.865741 0.054167 0.203704
0 741 0.941406 0.839352 0.060937 0.206481
0 754 0.402083 0.508333 0.025000 0.105556
0 775 0.688542 0.488889 0.026042 0.090741
0 776 0.715885 0.486574 0.029687 0.089815
