0 703 0.229427 0.844907 0.064062 0.247222
0 704 0.286458 0.847222 0.055208 0.253704
0 705 0.324740 0.810648 0.046354 0.215741
0 707 0.359635 0.850463 0.054688 0.234259
0 708 0.404948 0.856019 0.056771 0.217593
0 709 0.721615 0.713426 0.046354 0.199074
0 710 0.732031 0.710185 0.042188 0.196296
0 711 0.807552 0.560185 0.027604 0.092593
0 712 0.671875 0.694444 0.035417 0.181481
0 713 0.831250 0.714815 0.039583 0.183333
0 714 0.743750 0.745833 0.047917 0.199074
0 715 0.670833 0.745833 0.043750 0.195370
0 716 0.816406 0.695833 0.040104 0.176852
0 717 0.445312 0.545833 0.023958 0.106481
0 718 0.473177 0.531019 0.029687 0.119444
0 719 0.434896 0.572222 0.027083 0.124074
0 720 0.480729 0.562037 0.031250 0.124074
0 721 0.496354 0.535185 0.026042 0.112963
0 722 0.537760 0.539815 0.030729 0.124074
0 723 0.508854 0.559259 0.030208 0.129630
0 724 0.472656 0.650463 0.036979 0.173148
0 725 0.495833 0.645833 0.039583 0.165741
0 726 0.530729 0.641667 0.034375 0.151852
0 727 0.556510 0.625000 0.031771 0.138889
0 728 0.586458 0.620833 0.032292 0.150926
0 729 0.573958 0.606944 0.028125 0.126852
0 730 0.531510 0.680556 0.043229 0.164815
0 731 0.565365 0.697685 0.031771 0.128704
0 732 0.601042 0.706481 0.040625 0.192593
0 733 0.630729 0.750926 0.040625 0.203704
0 734 0.617188 0.614815 0.030208 0.140741
0 735 0.685937 0.664815 0.034375 0.168519
0 736 0.648698 0.715741 0.036979 0.164815
0 740 0.742708 0.862963 0.053125 0.203704
0 741 0.896094 0.837500 0.061979 0.210185
0 754 0.415104 0.504167 0.026042 0.104630
0 775 0.698958 0.485185 0.026042 0.090741
0 776 0.722656 0.481019 0.029687 0.089815
