0 703 0.185156 0.877315 0.067187 0.247222
0 704 0.248698 0.874074 0.060937 0.253704
0 705 0.267448 0.843519 0.050521 0.229630
0 706 0.963021 0.894907 0.050000 0.212037
0 707 0.370573 0.796296 0.052604 0.214815
0 708 0.416667 0.799537 0.051042 0.200926
0 709 0.794792 0.735648 0.048958 0.215741
0 710 0.809635 0.727315 0.045312 0.202778
0 711 0.802344 0.560185 0.027604 0.092593
0 712 0.734375 0.706481 0.043750 0.185185
0 713 0.803125 0.682870 0.042708 0.165741
0 714 0.670312 0.711574 0.041667 0.193519
0 715 0.602604 0.708796 0.039583 0.187963
0 716 0.778125 0.657407 0.039583 0.166667
0 717 0.423958 0.525463 0.023958 0.099074
0 718 0.451042 0.503241 0.026042 0.112037
0 719 0.426042 0.548148 0.025000 0.124074
0 720 0.452865 0.536574 0.030729 0.123148
0 721 0.476042 0.513889 0.026042 0.112963
0 722 0.509115 0.514352 0.026562 0.121296
0 723 0.480469 0.535185 0.030729 0.127778
0 724 0.442708 0.614352 0.044792 0.165741
0 725 0.479427 0.615278 0.031771 0.160185
0 726 0.505208 0.616667 0.031250 0.146296
0 727 0.529167 0.592593 0.033333 0.135185
0 728 0.561979 0.592130 0.032292 0.132407
0 729 0.554688 0.578704 0.028125 0.120370
0 730 0.511719 0.640278 0.035937 0.156481
0 731 0.540104 0.657407 0.027083 0.124074
0 732 0.557813 0.665278 0.037500 0.178704
0 733 0.559375 0.707870 0.040625 0.195370
0 734 0.589063 0.586111 0.030208 0.140741
0 735 0.611719 0.622685 0.033854 0.154630
0 736 0.602865 0.675000 0.041146 0.153704
0 740 0.912500 0.855093 0.051042 0.202778
0 775 0.666927 0.482407 0.027604 0.090741
0 776 0.689844 0.478704 0.032813 0.094444
