0 703 0.205729 0.874537 0.067708 0.252778
0 704 0.261458 0.874074 0.059375 0.250000
0 705 0.285677 0.845370 0.050521 0.224074
0 707 0.372135 0.822222 0.054688 0.222222
0 708 0.415365 0.823148 0.051562 0.201852
0 709 0.777344 0.738889 0.047396 0.211111
0 710 0.792188 0.731019 0.042708 0.204630
0 711 0.805469 0.569444 0.027604 0.092593
0 712 0.715885 0.710648 0.042188 0.182407
0 713 0.819271 0.704167 0.042708 0.176852
0 714 0.691667 0.732870 0.041667 0.193519
0 715 0.619531 0.725463 0.039062 0.189815
0 716 0.791927 0.679167 0.040104 0.165741
0 717 0.435417 0.540278 0.023958 0.099074
0 718 0.461198 0.519907 0.025521 0.112037
0 719 0.431771 0.564815 0.026042 0.124074
0 720 0.458854 0.551389 0.030208 0.123148
0 721 0.482292 0.526852 0.026042 0.112963
0 722 0.519531 0.531944 0.029687 0.121296
0 723 0.487500 0.551389 0.030208 0.128704
0 724 0.454688 0.631019 0.034375 0.171296
0 725 0.482812 0.633796 0.031250 0.162037
0 726 0.512760 0.633333 0.031771 0.146296
0 727 0.538021 0.609259 0.032292 0.135185
0 728 0.569010 0.605556 0.034896 0.135185
0 729 0.560417 0.600000 0.027083 0.125926
0 730 0.520573 0.659722 0.042188 0.156481
0 731 0.546875 0.677778 0.027083 0.129630
0 732 0.569271 0.684722 0.038542 0.178704
0 733 0.583073 0.735185 0.040104 0.198148
0 734 0.595313 0.602778 0.030208 0.140741
0 735 0.633333 0.646296 0.032292 0.168519
0 736 0.611979 0.695370 0.038542 0.157407
0 740 0.865104 0.868519 0.065625 0.203704
0 775 0.675000 0.489815 0.027083 0.090741
0 776 0.702344 0.486574 0.030729 0.091667
