0 703 0.156510 0.875463 0.070312 0.250926
0 704 0.227865 0.874537 0.063021 0.252778
0 705 0.249740 0.841204 0.049479 0.239815
0 706 0.908854 0.886574 0.056250 0.228704
0 707 0.372396 0.752778 0.050000 0.207407
0 708 0.418229 0.755093 0.050000 0.193519
0 709 0.823177 0.733796 0.051562 0.219444
0 710 0.860417 0.722685 0.040625 0.204630
0 711 0.800260 0.534259 0.027604 0.092593
0 712 0.762240 0.687963 0.042188 0.187037
0 713 0.777083 0.647685 0.041667 0.165741
0 714 0.642708 0.669907 0.038542 0.184259
0 715 0.570052 0.673148 0.044271 0.181481
0 716 0.750521 0.628241 0.038542 0.165741
0 717 0.406250 0.496296 0.023958 0.098148
0 718 0.427083 0.477315 0.026042 0.110185
0 719 0.424479 0.520370 0.025000 0.124074
0 720 0.442448 0.509722 0.028646 0.123148
0 721 0.452083 0.483333 0.028125 0.112963
0 722 0.488802 0.482870 0.027604 0.121296
0 723 0.473177 0.502778 0.031771 0.118519
0 724 0.435937 0.579630 0.035417 0.159259
0 725 0.472917 0.583796 0.033333 0.154630
0 726 0.495573 0.583796 0.031771 0.141667
0 727 0.516667 0.560648 0.033333 0.134259
0 728 0.547917 0.554630 0.031250 0.125926
0 729 0.542188 0.544444 0.028125 0.118519
0 730 0.507292 0.606944 0.043750 0.150926
0 731 0.532552 0.622222 0.027604 0.112963
0 732 0.543229 0.626852 0.038542 0.175926
0 733 0.530208 0.669444 0.038542 0.192593
0 734 0.578385 0.555556 0.029687 0.140741
0 735 0.593490 0.596296 0.034896 0.170370
0 736 0.586458 0.640741 0.038542 0.151852
0 775 0.651563 0.463426 0.028125 0.089815
0 776 0.669792 0.462037 0.033333 0.096296
