0 703 0.151042 0.875926 0.072917 0.248148
0 704 0.223177 0.875463 0.063021 0.250926
0 705 0.244792 0.843056 0.050000 0.239815
0 706 0.899740 0.886574 0.057813 0.228704
0 707 0.372396 0.743519 0.050000 0.207407
0 708 0.418490 0.748148 0.049479 0.192593
0 709 0.833594 0.734259 0.054688 0.220370
0 710 0.869792 0.721759 0.039583 0.204630
0 711 0.798958 0.528704 0.027083 0.092593
0 712 0.770312 0.688426 0.041667 0.189815
0 713 0.772917 0.641204 0.041667 0.165741
0 714 0.636979 0.664352 0.037500 0.184259
0 715 0.565104 0.665741 0.045833 0.181481
0 716 0.744531 0.622685 0.036979 0.165741
0 717 0.402865 0.491667 0.023438 0.098148
0 718 0.421354 0.474537 0.026042 0.110185
0 719 0.423958 0.515741 0.025000 0.124074
0 720 0.439844 0.504630 0.027604 0.124074
0 721 0.447917 0.479630 0.028125 0.112963
0 722 0.483073 0.480556 0.028646 0.122222
0 723 0.471875 0.498611 0.030208 0.117593
0 724 0.436979 0.574074 0.035417 0.159259
0 725 0.470833 0.578241 0.033333 0.152778
0 726 0.494271 0.577778 0.032292 0.140741
0 727 0.512760 0.556944 0.031771 0.134259
0 728 0.545312 0.549074 0.031250 0.124074
0 729 0.539583 0.539815 0.028125 0.118519
0 730 0.507812 0.601852 0.043750 0.151852
0 731 0.531250 0.615741 0.028125 0.111111
0 732 0.541927 0.621296 0.038021 0.175926
0 733 0.524479 0.662963 0.038542 0.190741
0 734 0.575000 0.551389 0.029167 0.139815
0 735 0.590625 0.592593 0.036458 0.170370
0 736 0.583073 0.635648 0.038021 0.150926
0 775 0.648958 0.461574 0.028125 0.089815
0 776 0.665625 0.458796 0.033333 0.097222
