0 703 0.170052 0.874074 0.067187 0.253704
0 704 0.240104 0.873148 0.062500 0.255556
0 705 0.259115 0.840741 0.050521 0.235185
0 706 0.942708 0.887500 0.053125 0.223148
0 707 0.371354 0.776852 0.052083 0.214815
0 708 0.416667 0.779630 0.051042 0.198148
0 709 0.806771 0.732870 0.051042 0.215741
0 710 0.828646 0.723611 0.042708 0.202778
0 711 0.803385 0.549074 0.027604 0.092593
0 712 0.746615 0.697685 0.042188 0.186111
0 713 0.791146 0.666204 0.041667 0.165741
0 714 0.657813 0.688426 0.041667 0.186111
0 715 0.584635 0.688889 0.038021 0.183333
0 716 0.764323 0.640741 0.039062 0.170370
0 717 0.415625 0.511111 0.023958 0.098148
0 718 0.441146 0.488426 0.026042 0.112037
0 719 0.424479 0.535185 0.025000 0.124074
0 720 0.448437 0.524537 0.031250 0.123148
0 721 0.464323 0.497685 0.025521 0.112037
0 722 0.500521 0.500463 0.025000 0.121296
0 723 0.477083 0.517593 0.033333 0.122222
0 724 0.439063 0.594444 0.037500 0.164815
0 725 0.477604 0.598611 0.032292 0.156481
0 726 0.501302 0.602315 0.031771 0.145370
0 727 0.521615 0.578241 0.030729 0.134259
0 728 0.554167 0.572685 0.032292 0.126852
0 729 0.549479 0.563889 0.028125 0.118519
0 730 0.508333 0.624074 0.040625 0.153704
0 731 0.535417 0.640278 0.027083 0.117593
0 732 0.549479 0.650463 0.037500 0.178704
0 733 0.542188 0.687963 0.038542 0.192593
0 734 0.584896 0.571296 0.030208 0.140741
0 735 0.600781 0.609722 0.033854 0.160185
0 736 0.595573 0.657407 0.040104 0.153704
0 740 0.954167 0.841667 0.053125 0.201852
0 775 0.659896 0.470370 0.028125 0.090741
0 776 0.680729 0.472222 0.033333 0.096296
