0 703 0.244531 0.775463 0.063021 0.234259
0 704 0.297396 0.777315 0.054167 0.232407
0 705 0.348958 0.754167 0.041667 0.204630
0 707 0.325000 0.878704 0.061458 0.244444
0 708 0.388802 0.879167 0.058854 0.230556
0 709 0.653385 0.672685 0.044271 0.195370
0 710 0.657813 0.672222 0.037500 0.194444
0 711 0.801302 0.536111 0.027604 0.092593
0 712 0.644271 0.657407 0.035417 0.181481
0 713 0.849479 0.706019 0.047917 0.189815
0 714 0.758333 0.751389 0.043750 0.208333
0 715 0.702865 0.758333 0.048438 0.207407
0 716 0.834635 0.691204 0.042188 0.184259
0 717 0.446875 0.538889 0.023958 0.109259
0 718 0.475000 0.526389 0.031250 0.128704
0 719 0.432292 0.563889 0.027083 0.129630
0 720 0.494531 0.550000 0.031771 0.124074
0 721 0.499479 0.529167 0.026042 0.121296
0 722 0.545833 0.529630 0.031250 0.125926
0 723 0.522396 0.548148 0.030208 0.129630
0 724 0.493750 0.650926 0.046875 0.183333
0 725 0.510938 0.651852 0.036458 0.174074
0 726 0.547656 0.645370 0.033854 0.164815
0 727 0.562760 0.618519 0.031771 0.153704
0 728 0.604427 0.619444 0.034896 0.157407
0 729 0.605469 0.606944 0.030729 0.145370
0 730 0.560156 0.685185 0.044271 0.170370
0 731 0.588021 0.699537 0.029167 0.130556
0 732 0.662240 0.701852 0.040104 0.196296
0 733 0.653906 0.755556 0.045312 0.220370
0 734 0.678385 0.606019 0.029687 0.143519
0 735 0.741927 0.647685 0.038021 0.167593
0 736 0.718750 0.710648 0.044792 0.163889
0 737 0.016406 0.944907 0.031771 0.112037
0 738 0.050521 0.962500 0.052083 0.076852
0 740 0.584375 0.833796 0.067708 0.204630
0 741 0.750521 0.820370 0.067708 0.216667
0 754 0.457813 0.487500 0.032292 0.104630
0 755 0.418229 0.482407 0.033333 0.125926
0 775 0.717187 0.459259 0.026042 0.090741
0 776 0.736979 0.459722 0.030208 0.089815
