0 703 0.245833 0.755556 0.059375 0.220370
0 704 0.310156 0.762963 0.049479 0.231481
0 705 0.363542 0.739352 0.041667 0.204630
0 707 0.310677 0.887500 0.060937 0.226852
0 708 0.370833 0.892130 0.061458 0.215741
0 709 0.619792 0.660648 0.044792 0.193519
0 710 0.634375 0.658333 0.042708 0.187037
0 711 0.793490 0.529630 0.025521 0.092593
0 712 0.635156 0.653704 0.035937 0.181481
0 713 0.871875 0.712037 0.053125 0.190741
0 714 0.752604 0.765278 0.044792 0.221296
0 715 0.702865 0.768056 0.048438 0.215741
0 716 0.854688 0.693519 0.044792 0.188889
0 717 0.448958 0.539352 0.023958 0.110185
0 718 0.474740 0.528704 0.031771 0.133333
0 719 0.429427 0.564815 0.027604 0.131481
0 720 0.497135 0.552778 0.031771 0.131481
0 721 0.499479 0.532870 0.026042 0.121296
0 722 0.544010 0.531019 0.031771 0.130556
0 723 0.527083 0.549074 0.030208 0.129630
0 724 0.515625 0.656944 0.044792 0.186111
0 725 0.524740 0.659722 0.035937 0.176852
0 726 0.560677 0.652315 0.035937 0.169444
0 727 0.554948 0.625000 0.031771 0.159259
0 728 0.626563 0.622222 0.035417 0.157407
0 729 0.633854 0.617593 0.031250 0.151852
0 730 0.585938 0.691667 0.044792 0.174074
0 731 0.617969 0.704167 0.035937 0.134259
0 732 0.698958 0.705556 0.045833 0.198148
0 733 0.654167 0.767593 0.046875 0.224074
0 734 0.705208 0.608796 0.029167 0.143519
0 735 0.766146 0.650926 0.039583 0.168519
0 736 0.760677 0.712037 0.048438 0.172222
0 737 0.021354 0.937963 0.041667 0.125926
0 738 0.046875 0.954167 0.059375 0.093519
0 740 0.509115 0.826852 0.053646 0.203704
0 741 0.689063 0.817593 0.054167 0.218519
0 742 0.966406 0.806019 0.044271 0.210185
0 754 0.465104 0.489352 0.032292 0.104630
0 755 0.435937 0.481019 0.032292 0.123148
0 775 0.722135 0.452315 0.025521 0.089815
0 776 0.742188 0.450463 0.030208 0.089815
