0 703 0.279167 0.702778 0.054167 0.207407
0 704 0.340365 0.702315 0.050521 0.217593
0 705 0.403125 0.693056 0.035417 0.189815
0 707 0.237760 0.923611 0.072396 0.154630
0 708 0.320312 0.929630 0.054167 0.140741
0 709 0.550000 0.632407 0.041667 0.185185
0 710 0.567969 0.633796 0.033854 0.187963
0 711 0.791406 0.524537 0.025521 0.093519
0 712 0.623698 0.651852 0.038021 0.181481
0 714 0.736458 0.832870 0.045833 0.239815
0 715 0.684635 0.829630 0.056771 0.238889
0 717 0.455990 0.559259 0.023438 0.112963
0 718 0.482031 0.543981 0.030729 0.143519
0 719 0.441927 0.587500 0.029687 0.137963
0 720 0.525781 0.572685 0.029687 0.143519
0 721 0.506250 0.550000 0.026042 0.135185
0 722 0.533073 0.547222 0.029687 0.140741
0 723 0.551823 0.566667 0.032813 0.129630
0 724 0.612760 0.697222 0.055729 0.201852
0 725 0.637760 0.688889 0.044271 0.190741
0 726 0.661979 0.682870 0.038542 0.173148
0 727 0.561198 0.662963 0.040104 0.175926
0 728 0.726042 0.634722 0.036458 0.158333
0 729 0.742708 0.637037 0.030208 0.151852
0 730 0.740625 0.711574 0.052083 0.182407
0 731 0.758073 0.725000 0.033854 0.140741
0 732 0.851302 0.714352 0.060937 0.199074
0 733 0.626823 0.832870 0.049479 0.254630
0 734 0.777604 0.639815 0.040625 0.170370
0 735 0.842448 0.687500 0.046354 0.189815
0 736 0.918750 0.724074 0.044792 0.181481
0 737 0.051302 0.902315 0.057813 0.195370
0 738 0.096615 0.917130 0.054688 0.165741
0 739 0.039844 0.972685 0.052604 0.056481
0 740 0.304167 0.819907 0.050000 0.204630
0 741 0.461458 0.828241 0.054167 0.225000
0 742 0.770312 0.765278 0.043750 0.210185
0 743 0.962240 0.758333 0.047396 0.203704
0 744 0.853385 0.755556 0.056771 0.211111
0 745 0.857292 0.749074 0.043750 0.196296
0 746 0.891667 0.746759 0.038542 0.178704
0 754 0.504687 0.503241 0.032292 0.106481
0 755 0.476562 0.493056 0.032292 0.123148
0 756 0.405990 0.489815 0.032813 0.124074
0 758 0.418229 0.485185 0.026042 0.090741
0 759 0.404167 0.476852 0.025000 0.101852
0 773 0.408333 0.483796 0.025000 0.112037
0 775 0.742188 0.440741 0.018750 0.074074
0 776 0.751302 0.444444 0.027604 0.088889
