0 703 0.246875 0.763889 0.061458 0.220370
0 704 0.305729 0.767593 0.051042 0.231481
0 705 0.359375 0.743981 0.041667 0.204630
0 707 0.315625 0.884722 0.061458 0.232407
0 708 0.375781 0.889352 0.060937 0.221296
0 709 0.631771 0.664815 0.044792 0.194444
0 710 0.641667 0.662500 0.040625 0.189815
0 711 0.796094 0.531481 0.026562 0.092593
0 712 0.638021 0.654630 0.035417 0.181481
0 713 0.865104 0.711111 0.048958 0.194444
0 714 0.754427 0.760648 0.046354 0.215741
0 715 0.704427 0.763889 0.048438 0.209259
0 716 0.845573 0.690741 0.042188 0.185185
0 717 0.448437 0.539352 0.023958 0.110185
0 718 0.474740 0.527778 0.031771 0.131481
0 719 0.430208 0.564352 0.027083 0.130556
0 720 0.496094 0.551852 0.031771 0.129630
0 721 0.498958 0.531944 0.026042 0.121296
0 722 0.544792 0.530556 0.031250 0.129630
0 723 0.525521 0.548148 0.030208 0.129630
0 724 0.509635 0.656481 0.051562 0.185185
0 725 0.519531 0.656944 0.035937 0.175000
0 726 0.555469 0.650000 0.034896 0.168519
0 727 0.560417 0.621759 0.032292 0.158333
0 728 0.616927 0.621296 0.034896 0.157407
0 729 0.623437 0.615741 0.031250 0.151852
0 730 0.576823 0.689815 0.044271 0.172222
0 731 0.605469 0.703241 0.033854 0.132407
0 732 0.683594 0.704630 0.043229 0.194444
0 733 0.653125 0.762963 0.046875 0.224074
0 734 0.696354 0.607870 0.029167 0.143519
0 735 0.759375 0.648611 0.038542 0.167593
0 736 0.747396 0.709722 0.045833 0.167593
0 737 0.019792 0.942593 0.038542 0.116667
0 738 0.048177 0.956944 0.056771 0.087963
0 740 0.534375 0.826852 0.058333 0.203704
0 741 0.708333 0.818519 0.056250 0.216667
0 742 0.980990 0.803241 0.034896 0.213889
0 754 0.463542 0.489352 0.032292 0.104630
0 755 0.429948 0.481481 0.032813 0.124074
0 775 0.721354 0.452778 0.026042 0.090741
0 776 0.740625 0.453241 0.030208 0.089815
