0 703 0.271875 0.706481 0.054167 0.207407
0 704 0.336979 0.712500 0.050000 0.217593
0 705 0.396615 0.697685 0.039062 0.187963
0 707 0.253385 0.914815 0.071354 0.170370
0 708 0.328646 0.920833 0.055208 0.156481
0 709 0.561979 0.639815 0.041667 0.188889
0 710 0.574479 0.639815 0.033333 0.187037
0 711 0.790625 0.525926 0.026042 0.092593
0 712 0.621615 0.651852 0.038021 0.181481
0 714 0.736458 0.815278 0.044792 0.232407
0 715 0.686198 0.817593 0.052604 0.235185
0 716 0.958073 0.710185 0.060937 0.192593
0 717 0.453906 0.557407 0.023438 0.112963
0 718 0.478906 0.538889 0.030729 0.142593
0 719 0.434635 0.581944 0.029687 0.137963
0 720 0.517448 0.567593 0.032813 0.138889
0 721 0.504167 0.545370 0.026042 0.131481
0 722 0.531250 0.546296 0.031250 0.140741
0 723 0.542188 0.562963 0.030208 0.129630
0 724 0.586979 0.690741 0.047917 0.203704
0 725 0.608854 0.683333 0.043750 0.190741
0 726 0.630990 0.678704 0.035937 0.174074
0 727 0.542448 0.656481 0.036979 0.174074
0 728 0.707812 0.630556 0.036458 0.157407
0 729 0.718750 0.632407 0.030208 0.151852
0 730 0.705208 0.709722 0.043750 0.178704
0 731 0.723437 0.721296 0.033333 0.135185
0 732 0.817969 0.714352 0.058854 0.199074
0 733 0.633594 0.819444 0.047396 0.248148
0 734 0.764062 0.637963 0.039583 0.170370
0 735 0.823698 0.682407 0.045312 0.187037
0 736 0.883854 0.722685 0.055208 0.178704
0 737 0.039583 0.908796 0.057292 0.182407
0 738 0.079948 0.923148 0.054688 0.153704
0 739 0.026823 0.980556 0.034896 0.040741
0 740 0.333333 0.818981 0.048958 0.204630
0 741 0.502604 0.827315 0.060417 0.223148
0 742 0.804948 0.774537 0.052604 0.210185
0 744 0.890104 0.761111 0.060417 0.212963
0 745 0.888021 0.758796 0.047917 0.195370
0 746 0.920573 0.747222 0.036979 0.183333
0 754 0.495052 0.502778 0.047396 0.107407
0 755 0.469271 0.489352 0.032292 0.123148
0 756 0.398698 0.485185 0.027604 0.124074
0 758 0.408073 0.483333 0.025521 0.090741
0 759 0.392969 0.475463 0.025521 0.102778
0 773 0.396354 0.480093 0.025000 0.112037
0 775 0.737500 0.444444 0.019792 0.075926
0 776 0.749479 0.448611 0.028125 0.089815
