0 703 0.248958 0.738889 0.056250 0.211111
0 704 0.316146 0.743519 0.051042 0.229630
0 705 0.370312 0.720833 0.039583 0.193519
0 707 0.296354 0.895370 0.063542 0.209259
0 708 0.357812 0.899537 0.062500 0.199074
0 709 0.600260 0.653704 0.042188 0.192593
0 710 0.609896 0.649537 0.037500 0.176852
0 711 0.790885 0.529630 0.025521 0.092593
0 712 0.625781 0.653241 0.030729 0.182407
0 713 0.903385 0.714815 0.053646 0.190741
0 714 0.744271 0.778241 0.041667 0.223148
0 715 0.700521 0.783796 0.047917 0.221296
0 716 0.879948 0.700463 0.048438 0.193519
0 717 0.450781 0.541204 0.023438 0.110185
0 718 0.473698 0.531944 0.030729 0.137963
0 719 0.429427 0.568519 0.029687 0.133333
0 720 0.501823 0.558333 0.032813 0.135185
0 721 0.501563 0.532870 0.026042 0.121296
0 722 0.536719 0.534259 0.031771 0.131481
0 723 0.532292 0.555556 0.030208 0.129630
0 724 0.530729 0.667130 0.054167 0.195370
0 725 0.545052 0.666667 0.045312 0.187037
0 726 0.571094 0.662037 0.036979 0.174074
0 727 0.543490 0.632870 0.031771 0.162037
0 728 0.655208 0.621296 0.036458 0.157407
0 729 0.651823 0.617593 0.031771 0.151852
0 730 0.615625 0.696759 0.046875 0.173148
0 731 0.646615 0.706019 0.033854 0.134259
0 732 0.738021 0.706944 0.053125 0.200926
0 733 0.649479 0.781481 0.046875 0.224074
0 734 0.727865 0.611574 0.029687 0.143519
0 735 0.779687 0.657407 0.044792 0.174074
0 736 0.785677 0.716667 0.054688 0.175926
0 737 0.025260 0.925926 0.049479 0.150000
0 738 0.054688 0.944907 0.056250 0.112037
0 740 0.446615 0.826852 0.054688 0.203704
0 741 0.629687 0.818056 0.059375 0.213889
0 742 0.915625 0.791667 0.048958 0.209259
0 754 0.473177 0.487963 0.029687 0.103704
0 755 0.446354 0.481019 0.032292 0.123148
0 756 0.376563 0.472685 0.032292 0.121296
0 775 0.724219 0.450463 0.024479 0.086111
0 776 0.746354 0.443981 0.030208 0.089815
