0 703 0.282031 0.700000 0.054688 0.207407
0 704 0.342187 0.697685 0.051042 0.217593
0 705 0.407031 0.687963 0.035937 0.188889
0 707 0.230729 0.928704 0.073958 0.144444
0 708 0.316406 0.934259 0.054688 0.133333
0 709 0.544271 0.629167 0.041667 0.184259
0 710 0.565365 0.629167 0.033854 0.184259
0 711 0.791667 0.523611 0.026042 0.093519
0 712 0.624219 0.650463 0.038021 0.180556
0 714 0.734896 0.837037 0.045833 0.240741
0 715 0.684635 0.834722 0.055729 0.243519
0 717 0.456510 0.559259 0.023438 0.112963
0 718 0.484115 0.544444 0.030729 0.144444
0 719 0.444010 0.589815 0.029687 0.138889
0 720 0.529427 0.573611 0.029687 0.143519
0 721 0.508333 0.549074 0.026042 0.135185
0 722 0.533854 0.548148 0.029167 0.140741
0 723 0.556250 0.568056 0.033333 0.130556
0 724 0.627865 0.699074 0.050521 0.203704
0 725 0.651823 0.690741 0.044271 0.190741
0 726 0.677083 0.684722 0.039583 0.173148
0 727 0.570573 0.662963 0.033854 0.175926
0 728 0.734896 0.639815 0.036458 0.162963
0 729 0.753125 0.638889 0.030208 0.151852
0 730 0.758073 0.711574 0.060937 0.184259
0 731 0.775260 0.724074 0.033854 0.140741
0 732 0.866927 0.714352 0.060937 0.199074
0 733 0.622656 0.837963 0.051562 0.255556
0 734 0.785937 0.642130 0.040625 0.171296
0 735 0.851562 0.689815 0.045833 0.192593
0 736 0.941146 0.724537 0.058333 0.176852
0 737 0.056771 0.899074 0.057292 0.200000
0 738 0.103906 0.914815 0.054688 0.172222
0 739 0.047396 0.967130 0.054167 0.065741
0 740 0.285156 0.818056 0.056771 0.204630
0 741 0.444271 0.827315 0.067708 0.223148
0 742 0.754427 0.763426 0.057813 0.210185
0 743 0.947656 0.756481 0.056771 0.201852
0 744 0.844010 0.752315 0.056771 0.206481
0 745 0.842187 0.749074 0.043750 0.196296
0 746 0.878125 0.745370 0.043750 0.175926
0 747 0.973177 0.787500 0.035937 0.141667
0 754 0.507812 0.503241 0.031250 0.106481
0 755 0.479687 0.494907 0.032292 0.123148
0 756 0.408333 0.491204 0.031250 0.125000
0 757 0.832292 0.559259 0.031250 0.140741
0 758 0.426042 0.487037 0.026042 0.090741
0 759 0.410156 0.476852 0.025521 0.101852
0 773 0.413542 0.484722 0.025000 0.112037
0 775 0.743229 0.438889 0.018750 0.074074
0 776 0.752344 0.441667 0.027604 0.087037
