0 703 0.244271 0.775463 0.063542 0.234259
0 704 0.297396 0.777778 0.054167 0.231481
0 705 0.348438 0.754167 0.041667 0.204630
0 707 0.325521 0.878241 0.061458 0.245370
0 708 0.390365 0.877315 0.058854 0.230556
0 709 0.654948 0.672685 0.044271 0.195370
0 710 0.659375 0.673148 0.037500 0.194444
0 711 0.801823 0.536111 0.027604 0.092593
0 712 0.644271 0.657407 0.035417 0.181481
0 713 0.847917 0.705556 0.047917 0.188889
0 714 0.759115 0.750926 0.044271 0.207407
0 715 0.702865 0.757407 0.048438 0.207407
0 716 0.834115 0.692130 0.042188 0.184259
0 717 0.446875 0.538889 0.023958 0.109259
0 718 0.475000 0.526389 0.031250 0.128704
0 719 0.432292 0.563889 0.027083 0.129630
0 720 0.494010 0.550000 0.031771 0.124074
0 721 0.499479 0.529167 0.026042 0.121296
0 722 0.545833 0.529630 0.031250 0.125926
0 723 0.521875 0.548148 0.030208 0.129630
0 724 0.492708 0.650000 0.045833 0.183333
0 725 0.510417 0.650926 0.036458 0.174074
0 726 0.547135 0.644907 0.033854 0.163889
0 727 0.563281 0.618519 0.031771 0.153704
0 728 0.603646 0.619444 0.034375 0.157407
0 729 0.604427 0.606019 0.030729 0.143519
0 730 0.558854 0.684722 0.043750 0.169444
0 731 0.586979 0.699537 0.029167 0.130556
0 732 0.660937 0.700926 0.040625 0.196296
0 733 0.653906 0.755093 0.045312 0.219444
0 734 0.677083 0.606019 0.029167 0.143519
0 735 0.740365 0.648611 0.038021 0.167593
0 736 0.716406 0.710185 0.044271 0.162963
0 737 0.016146 0.944907 0.031250 0.112037
0 738 0.050781 0.962963 0.051562 0.075926
0 740 0.588021 0.833796 0.063542 0.204630
0 741 0.754948 0.819444 0.065104 0.216667
0 754 0.456771 0.487037 0.032292 0.103704
0 755 0.417708 0.482870 0.033333 0.126852
0 775 0.717187 0.460185 0.026042 0.090741
0 776 0.736719 0.459722 0.029687 0.089815
