0 703 0.284896 0.652315 0.050000 0.191667
0 704 0.343229 0.653241 0.043750 0.199074
0 705 0.429167 0.656481 0.046875 0.168519
0 707 0.175781 0.970833 0.050521 0.058333
0 709 0.531771 0.609259 0.035417 0.179630
0 710 0.562240 0.612037 0.033854 0.175926
0 711 0.787500 0.506944 0.023958 0.093519
0 712 0.620833 0.629630 0.037500 0.170370
0 714 0.725781 0.882407 0.054688 0.233333
0 715 0.675521 0.884259 0.064583 0.233333
0 717 0.464323 0.571296 0.023438 0.112963
0 718 0.494010 0.557407 0.031771 0.148148
0 719 0.461979 0.603704 0.030208 0.146296
0 720 0.577083 0.586111 0.037500 0.142593
0 721 0.523958 0.557407 0.026042 0.135185
0 722 0.547396 0.560648 0.033333 0.145370
0 723 0.603125 0.585185 0.031250 0.148148
0 724 0.805208 0.706481 0.053125 0.205556
0 725 0.804948 0.699074 0.040104 0.194444
0 726 0.830469 0.698148 0.041146 0.185185
0 727 0.711979 0.679630 0.037500 0.185185
0 728 0.791667 0.667593 0.043750 0.181481
0 729 0.816927 0.659722 0.032813 0.167593
0 730 0.898958 0.726852 0.060417 0.187037
0 731 0.923177 0.737963 0.038021 0.146296
0 733 0.599219 0.878704 0.057813 0.242593
0 734 0.845833 0.657870 0.041667 0.173148
0 737 0.114844 0.871759 0.063021 0.245370
0 738 0.175521 0.885648 0.055208 0.230556
0 739 0.110677 0.926852 0.054688 0.148148
0 740 0.186979 0.803241 0.043750 0.204630
0 741 0.259115 0.823611 0.049479 0.223148
0 742 0.642969 0.718981 0.040104 0.193519
0 743 0.806250 0.734722 0.058333 0.204630
0 744 0.720313 0.731481 0.044792 0.211111
0 745 0.721354 0.730556 0.036458 0.185185
0 746 0.760677 0.728704 0.044271 0.175926
0 747 0.838021 0.766204 0.042708 0.132407
0 748 0.925000 0.767593 0.048958 0.168519
0 752 0.935937 0.743519 0.050000 0.198148
0 754 0.545833 0.507870 0.028125 0.106481
0 755 0.513802 0.502315 0.031771 0.126852
0 756 0.429948 0.500926 0.029687 0.125926
0 757 0.770312 0.575926 0.033333 0.144444
0 758 0.483854 0.487963 0.022917 0.090741
0 759 0.460156 0.484722 0.026562 0.102778
0 760 0.420573 0.475926 0.029687 0.112963
0 761 0.397917 0.475463 0.029167 0.112037
0 762 0.385937 0.472222 0.021875 0.107407
0 773 0.476302 0.473611 0.025521 0.104630
0 775 0.748437 0.427778 0.018750 0.074074
0 776 0.754167 0.429167 0.027083 0.082407
