0 703 0.287240 0.669907 0.052604 0.199074
0 704 0.343229 0.675000 0.044792 0.207407
0 705 0.426302 0.668056 0.035937 0.182407
0 707 0.201042 0.945833 0.070833 0.108333
0 708 0.292708 0.951852 0.075000 0.098148
0 709 0.530729 0.616667 0.039583 0.179630
0 710 0.557292 0.615278 0.034375 0.171296
0 711 0.794271 0.514815 0.025000 0.092593
0 712 0.622656 0.638889 0.036979 0.177778
0 714 0.735417 0.865278 0.052083 0.254630
0 715 0.676823 0.862963 0.055729 0.248148
0 717 0.460156 0.563889 0.023438 0.112963
0 718 0.491927 0.548148 0.029687 0.146296
0 719 0.453125 0.596759 0.030208 0.143519
0 720 0.546615 0.578704 0.033854 0.146296
0 721 0.514323 0.552778 0.025521 0.135185
0 722 0.534635 0.549537 0.030729 0.143519
0 723 0.578385 0.575926 0.031771 0.142593
0 724 0.709896 0.701389 0.045833 0.206481
0 725 0.730469 0.693981 0.042188 0.189815
0 726 0.752344 0.690278 0.043229 0.180556
0 727 0.638802 0.670833 0.051562 0.176852
0 728 0.774740 0.652778 0.041146 0.168519
0 729 0.786979 0.647222 0.031250 0.166667
0 730 0.817969 0.715741 0.052604 0.185185
0 731 0.846875 0.728241 0.038542 0.139815
0 732 0.957552 0.712500 0.059896 0.199074
0 733 0.604688 0.860185 0.056250 0.262963
0 734 0.820052 0.645833 0.040104 0.171296
0 735 0.908854 0.700000 0.045833 0.196296
0 737 0.083594 0.885185 0.059896 0.227778
0 738 0.140625 0.900000 0.055208 0.201852
0 739 0.079167 0.945370 0.055208 0.109259
0 740 0.229948 0.811574 0.042188 0.204630
0 741 0.347135 0.825463 0.064062 0.223148
0 742 0.692448 0.740278 0.040104 0.202778
0 743 0.869531 0.745833 0.054688 0.206481
0 744 0.781771 0.740278 0.048958 0.212037
0 745 0.779687 0.737037 0.038542 0.196296
0 746 0.816146 0.738426 0.045833 0.173148
0 747 0.906250 0.773611 0.042708 0.132407
0 754 0.524479 0.501389 0.030208 0.106481
0 755 0.498437 0.493981 0.032292 0.123148
0 756 0.419010 0.497222 0.029687 0.125926
0 757 0.810417 0.568981 0.030208 0.139815
0 758 0.455729 0.487037 0.023958 0.090741
0 759 0.439583 0.476852 0.026042 0.101852
0 760 0.393750 0.470370 0.029167 0.112963
0 773 0.441667 0.476852 0.025000 0.111111
0 775 0.747917 0.431481 0.018750 0.074074
0 776 0.756250 0.428241 0.027083 0.082407
