0 705 0.259115 0.635648 0.050521 0.171296
0 709 0.563542 0.642130 0.034375 0.187963
0 710 0.592708 0.645370 0.034375 0.179630
0 711 0.736198 0.520370 0.023438 0.096296
0 712 0.621094 0.643981 0.031771 0.178704
0 717 0.470052 0.645833 0.027604 0.137963
0 718 0.506510 0.631944 0.036979 0.167593
0 719 0.590104 0.677315 0.039583 0.165741
0 720 0.782031 0.650926 0.033854 0.151852
0 721 0.695833 0.631944 0.029167 0.150926
0 722 0.734115 0.627778 0.041146 0.164815
0 723 0.820312 0.653241 0.037500 0.167593
0 737 0.238281 0.787037 0.048438 0.229630
0 738 0.277865 0.791204 0.047396 0.204630
0 739 0.263021 0.849537 0.056250 0.225000
0 740 0.128646 0.806481 0.039583 0.209259
0 741 0.140625 0.880556 0.057292 0.238889
0 742 0.465625 0.660648 0.031250 0.171296
0 743 0.773698 0.676852 0.039062 0.185185
0 744 0.614583 0.723148 0.039583 0.203704
0 745 0.654427 0.732407 0.038021 0.183333
0 746 0.508854 0.679630 0.042708 0.153704
0 747 0.795312 0.717130 0.031250 0.117593
0 748 0.765885 0.711574 0.040104 0.154630
0 749 0.843750 0.743981 0.048958 0.215741
0 750 0.879948 0.746296 0.042188 0.207407
0 751 0.988281 0.784722 0.023438 0.195370
0 752 0.793750 0.699537 0.039583 0.178704
0 754 0.607552 0.577778 0.030729 0.131481
0 755 0.578125 0.565741 0.037500 0.140741
0 756 0.458854 0.572685 0.033333 0.149074
0 757 0.544271 0.593519 0.044792 0.157407
0 758 0.546094 0.534722 0.023438 0.104630
0 759 0.524219 0.533796 0.029687 0.126852
0 760 0.498437 0.521296 0.031250 0.120370
0 761 0.446094 0.522222 0.031771 0.116667
0 762 0.414062 0.520833 0.025000 0.115741
0 763 0.522656 0.504630 0.027604 0.114815
0 764 0.497396 0.494444 0.023958 0.112963
0 765 0.477604 0.496296 0.025000 0.127778
0 766 0.457552 0.499537 0.025521 0.115741
0 767 0.419792 0.487500 0.027083 0.117593
0 768 0.464583 0.476852 0.026042 0.107407
0 773 0.528385 0.522222 0.021354 0.107407
0 774 0.446094 0.477315 0.025521 0.123148
0 775 0.761719 0.440741 0.019271 0.074074
0 776 0.769792 0.435648 0.027083 0.082407
