0 703 0.232813 0.608333 0.045833 0.179630
0 704 0.294271 0.615278 0.041667 0.176852
0 705 0.306771 0.638426 0.044792 0.173148
0 709 0.542708 0.634259 0.034375 0.187037
0 710 0.577083 0.634259 0.034375 0.179630
0 711 0.732292 0.520370 0.023958 0.096296
0 712 0.611198 0.636574 0.031771 0.178704
0 714 0.690104 0.957407 0.060417 0.085185
0 715 0.616927 0.952315 0.067187 0.097222
0 717 0.462240 0.622222 0.025521 0.137037
0 718 0.494010 0.605556 0.033854 0.161111
0 719 0.512500 0.656481 0.036458 0.161111
0 720 0.720833 0.628704 0.034375 0.146296
0 721 0.613281 0.609722 0.029687 0.137963
0 722 0.660417 0.611111 0.042708 0.162963
0 723 0.753646 0.626389 0.031250 0.149074
0 727 0.908333 0.738426 0.055208 0.197222
0 728 0.939063 0.737037 0.057292 0.196296
0 729 0.903906 0.722685 0.035937 0.187963
0 733 0.528646 0.947685 0.061458 0.106481
0 734 0.952865 0.725000 0.042188 0.190741
0 737 0.199479 0.806944 0.053125 0.237963
0 738 0.246354 0.819907 0.047917 0.226852
0 739 0.213542 0.883796 0.062500 0.230556
0 740 0.105208 0.808796 0.037500 0.210185
0 741 0.116406 0.841204 0.050521 0.239815
0 742 0.495052 0.674537 0.041146 0.180556
0 743 0.764583 0.689352 0.040625 0.189815
0 744 0.606250 0.721296 0.038542 0.203704
0 745 0.632552 0.723611 0.031771 0.178704
0 746 0.575521 0.691204 0.041667 0.160185
0 747 0.786719 0.728704 0.033854 0.122222
0 748 0.729948 0.736111 0.039062 0.157407
0 749 0.917708 0.766667 0.062500 0.222222
0 750 0.941146 0.762963 0.057292 0.209259
0 752 0.764062 0.720370 0.039583 0.187037
0 754 0.583594 0.559722 0.029687 0.126852
0 755 0.555469 0.546759 0.038021 0.139815
0 756 0.451042 0.549074 0.033333 0.140741
0 757 0.611719 0.593981 0.041146 0.162037
0 758 0.529167 0.524074 0.022917 0.103704
0 759 0.505208 0.512037 0.030208 0.107407
0 760 0.472917 0.506944 0.030208 0.121296
0 761 0.433073 0.505556 0.029687 0.112963
0 762 0.408594 0.505556 0.025521 0.114815
0 763 0.492448 0.486111 0.025521 0.109259
0 764 0.466146 0.483333 0.023958 0.112963
0 765 0.447135 0.480093 0.024479 0.123148
0 766 0.430208 0.487500 0.022917 0.115741
0 768 0.411979 0.468519 0.026042 0.107407
0 773 0.513021 0.508333 0.023958 0.107407
0 775 0.753125 0.438889 0.019792 0.074074
0 776 0.760938 0.433796 0.027083 0.082407
