0 709 0.570312 0.648611 0.034375 0.187963
0 710 0.605208 0.655093 0.034375 0.182407
0 711 0.740365 0.520370 0.023438 0.096296
0 712 0.625000 0.645833 0.032292 0.178704
0 717 0.493229 0.657407 0.028125 0.140741
0 718 0.526302 0.642593 0.035937 0.172222
0 719 0.626563 0.687500 0.041667 0.165741
0 720 0.816406 0.665278 0.036979 0.162037
0 721 0.751302 0.642130 0.029687 0.150926
0 722 0.779687 0.640741 0.039583 0.166667
0 723 0.850000 0.665741 0.037500 0.168519
0 737 0.256771 0.771759 0.046875 0.221296
0 738 0.296354 0.780093 0.042708 0.202778
0 739 0.284375 0.829167 0.057292 0.221296
0 740 0.165104 0.795833 0.040625 0.210185
0 741 0.144271 0.894907 0.062500 0.210185
0 742 0.452865 0.653241 0.033854 0.167593
0 743 0.775260 0.669444 0.034896 0.185185
0 744 0.618750 0.724537 0.039583 0.204630
0 745 0.655729 0.738889 0.037500 0.185185
0 746 0.476042 0.668981 0.041667 0.156481
0 747 0.792188 0.707870 0.030208 0.117593
0 748 0.779948 0.697685 0.035937 0.154630
0 749 0.824479 0.733796 0.046875 0.212037
0 750 0.863542 0.734259 0.041667 0.201852
0 751 0.943750 0.768519 0.063542 0.212963
0 752 0.804688 0.692130 0.037500 0.178704
0 753 0.977865 0.771759 0.038021 0.200926
0 754 0.620313 0.587963 0.032292 0.131481
0 755 0.592448 0.577778 0.038021 0.146296
0 756 0.460417 0.581944 0.033333 0.149074
0 757 0.519271 0.589352 0.044792 0.156481
0 758 0.559896 0.545833 0.023958 0.104630
0 759 0.536458 0.544907 0.030208 0.126852
0 760 0.506510 0.526852 0.031771 0.120370
0 761 0.453385 0.531481 0.031771 0.118519
0 762 0.415104 0.526852 0.026042 0.120370
0 763 0.537760 0.511574 0.027604 0.115741
0 764 0.513021 0.503704 0.023958 0.112963
0 765 0.493229 0.503704 0.026042 0.129630
0 766 0.475521 0.509259 0.026042 0.120370
0 767 0.427604 0.496759 0.027083 0.115741
0 768 0.491927 0.482407 0.025521 0.107407
0 769 0.425000 0.468981 0.023958 0.099074
0 773 0.534115 0.526852 0.021354 0.107407
0 774 0.470573 0.485185 0.025521 0.124074
0 775 0.766927 0.442593 0.019271 0.074074
0 776 0.775000 0.437500 0.027083 0.082407
