0 709 0.568229 0.671759 0.037500 0.199074
0 710 0.589323 0.683333 0.040104 0.196296
0 711 0.742708 0.513889 0.023958 0.096296
0 712 0.595052 0.647222 0.036979 0.174074
0 717 0.515104 0.682870 0.027083 0.150926
0 718 0.578646 0.660648 0.056250 0.180556
0 719 0.707031 0.707407 0.038021 0.175926
0 720 0.863021 0.687963 0.037500 0.177778
0 721 0.859896 0.657407 0.030208 0.151852
0 722 0.853125 0.652315 0.038542 0.167593
0 723 0.895312 0.686111 0.037500 0.183333
0 737 0.284375 0.743981 0.044792 0.210185
0 738 0.322396 0.747685 0.042708 0.195370
0 739 0.320833 0.790278 0.052083 0.202778
0 740 0.209635 0.765741 0.044271 0.192593
0 741 0.100781 0.923148 0.067187 0.155556
0 742 0.446615 0.620833 0.033854 0.160185
0 743 0.759115 0.646296 0.033854 0.181481
0 744 0.654167 0.725463 0.047917 0.204630
0 745 0.679427 0.740741 0.043229 0.187037
0 746 0.406771 0.643519 0.042708 0.148148
0 747 0.792448 0.684259 0.029687 0.118519
0 748 0.783854 0.673611 0.035417 0.145370
0 749 0.833594 0.704167 0.046354 0.200926
0 750 0.838802 0.702778 0.041146 0.201852
0 751 0.834896 0.725926 0.054167 0.205556
0 752 0.811458 0.668056 0.036458 0.178704
0 753 0.882031 0.732407 0.042188 0.188889
0 754 0.647917 0.596759 0.032292 0.132407
0 755 0.630469 0.595833 0.038021 0.160185
0 756 0.475260 0.606944 0.034896 0.160185
0 757 0.444792 0.572685 0.043750 0.156481
0 758 0.580729 0.559259 0.028125 0.103704
0 759 0.543750 0.554167 0.030208 0.126852
0 760 0.513281 0.533796 0.031771 0.128704
0 761 0.457552 0.541667 0.032813 0.120370
0 762 0.421354 0.539352 0.025000 0.126852
0 763 0.559896 0.519907 0.028125 0.115741
0 764 0.529948 0.517130 0.027604 0.121296
0 765 0.513021 0.510648 0.026042 0.130556
0 766 0.488802 0.516204 0.025521 0.121296
0 767 0.426042 0.508796 0.028125 0.115741
0 768 0.532031 0.490741 0.027604 0.107407
0 769 0.459375 0.491667 0.030208 0.120370
0 770 0.445573 0.473611 0.021354 0.099074
0 771 0.436458 0.478241 0.026042 0.104630
0 773 0.542448 0.539815 0.021354 0.107407
0 774 0.515104 0.493519 0.026042 0.124074
0 775 0.773958 0.442593 0.019792 0.074074
0 776 0.785937 0.440278 0.027083 0.082407
