0 709 0.563802 0.682407 0.039062 0.200000
0 710 0.590885 0.693981 0.044271 0.199074
0 711 0.751042 0.520833 0.025000 0.097222
0 712 0.591406 0.656481 0.039062 0.174074
0 717 0.536458 0.689815 0.027083 0.148148
0 718 0.607292 0.670833 0.047917 0.184259
0 719 0.726823 0.712500 0.034896 0.180556
0 720 0.872656 0.691667 0.038021 0.162963
0 721 0.881771 0.661111 0.030208 0.151852
0 722 0.863021 0.656019 0.038542 0.167593
0 723 0.906510 0.690741 0.038021 0.185185
0 737 0.293490 0.746296 0.044271 0.211111
0 738 0.325260 0.750463 0.042188 0.186111
0 739 0.332292 0.792130 0.052083 0.199074
0 740 0.212240 0.768056 0.044271 0.184259
0 741 0.084375 0.936111 0.056250 0.127778
0 742 0.451302 0.622222 0.033854 0.157407
0 743 0.762760 0.644444 0.033854 0.181481
0 744 0.672917 0.724537 0.047917 0.204630
0 745 0.700521 0.741667 0.036458 0.187037
0 746 0.406771 0.650000 0.042708 0.148148
0 747 0.797396 0.679630 0.030208 0.118519
0 748 0.796875 0.668981 0.034375 0.143519
0 749 0.849740 0.701852 0.043229 0.201852
0 750 0.838802 0.700000 0.041146 0.201852
0 751 0.821354 0.722685 0.056250 0.206481
0 752 0.818229 0.662963 0.036458 0.179630
0 753 0.866146 0.726852 0.050000 0.185185
0 754 0.666146 0.602315 0.032292 0.134259
0 755 0.645833 0.599537 0.038542 0.160185
0 756 0.483594 0.618519 0.036979 0.164815
0 757 0.432812 0.583796 0.043750 0.156481
0 758 0.589063 0.570370 0.025000 0.103704
0 759 0.553125 0.567130 0.030208 0.126852
0 760 0.519531 0.542130 0.031771 0.128704
0 761 0.464062 0.550926 0.033333 0.120370
0 762 0.427083 0.551389 0.025000 0.126852
0 763 0.570052 0.525463 0.027604 0.115741
0 764 0.543229 0.525463 0.028125 0.121296
0 765 0.521615 0.518519 0.025521 0.129630
0 766 0.498958 0.527315 0.026042 0.121296
0 767 0.432292 0.523611 0.028125 0.115741
0 768 0.547917 0.505556 0.028125 0.107407
0 769 0.461979 0.498611 0.030208 0.121296
0 770 0.464062 0.478241 0.021875 0.099074
0 771 0.453646 0.487500 0.023958 0.104630
0 772 0.421094 0.481019 0.023438 0.117593
0 773 0.547135 0.548148 0.021354 0.107407
0 774 0.525521 0.500000 0.026042 0.124074
0 775 0.774740 0.441667 0.019271 0.074074
0 776 0.788542 0.441204 0.027083 0.082407
