0 27 0.246803 0.672727 0.052003 0.145455
0 30 0.607417 0.686364 0.048593 0.150000
0 32 0.988065 0.959091 0.022165 0.081818
0 33 0.955669 0.965909 0.049446 0.068182
0 34 0.537937 0.627273 0.040921 0.140909
0 64 0.865729 0.943750 0.052003 0.107955
0 65 0.908781 0.950568 0.052856 0.098864
0 66 0.829497 0.406250 0.046036 0.130682
0 67 0.792413 0.389205 0.045183 0.123864
0 74 0.317988 0.663068 0.047741 0.148864
0 75 0.291560 0.689205 0.059676 0.123864
0 81 0.277920 0.602273 0.040921 0.140909
0 82 0.299233 0.626705 0.039216 0.123864
0 84 0.360188 0.614773 0.041773 0.127273
0 85 0.395567 0.610795 0.042626 0.135227
0 86 0.456948 0.840341 0.049446 0.155682
0 87 0.381927 0.597727 0.035806 0.125000
0 88 0.387894 0.660795 0.042626 0.142045
0 95 0.468883 0.671023 0.049446 0.146591
0 96 0.228048 0.542045 0.041773 0.131818
0 97 0.188832 0.532386 0.045183 0.137500
0 98 0.037511 0.386932 0.037511 0.123864
0 100 0.004263 0.534091 0.006820 0.134091
0 101 0.018755 0.544886 0.035806 0.117045
0 102 0.021739 0.502841 0.038363 0.121591
0 103 0.121057 0.436932 0.047741 0.114773
0 104 0.534953 0.533523 0.041773 0.137500
0 105 0.277067 0.464773 0.044331 0.134091
0 106 0.328645 0.462500 0.045183 0.131818
0 108 0.197783 0.475000 0.035806 0.127273
0 110 0.326513 0.346023 0.035806 0.087500
0 111 0.369565 0.340341 0.034953 0.110227
0 112 0.346974 0.353977 0.025575 0.082955
0 113 0.236147 0.344318 0.042626 0.125000
0 150 0.650895 0.829545 0.052003 0.168182
0 168 0.831628 0.207955 0.034953 0.104545
0 185 0.494885 0.818182 0.055413 0.134091
0 192 0.101023 0.449432 0.038363 0.101136
0 429 0.242967 0.607386 0.037511 0.121591
0 457 0.846974 0.690909 0.048593 0.145455
0 459 0.806479 0.689773 0.047741 0.140909
0 460 0.835465 0.633523 0.046036 0.144318
0 461 0.801790 0.622159 0.050298 0.132955
0 463 0.740835 0.235227 0.037511 0.106818
0 474 0.573743 0.634091 0.040921 0.145455
0 476 0.121483 0.151705 0.038363 0.101136
0 477 0.243819 0.188068 0.034101 0.107955
0 479 0.320119 0.418750 0.038363 0.137500
0 480 0.289003 0.195455 0.032396 0.104545
0 481 0.272379 0.268182 0.041773 0.118182
0 482 0.230179 0.463636 0.046036 0.125000
0 483 0.480818 0.317614 0.040921 0.117045
0 484 0.510656 0.317614 0.042626 0.121591
0 485 0.355499 0.196023 0.037511 0.107955
0 486 0.394288 0.200568 0.041773 0.103409
0 487 0.316283 0.130682 0.037511 0.106818
0 488 0.493606 0.110795 0.030691 0.103409
0 489 0.407502 0.335795 0.040921 0.119318
0 490 0.361466 0.128977 0.032396 0.096591
0 495 0.466326 0.106250 0.035806 0.101136
0 496 0.898977 0.796023 0.053708 0.157955
0 498 0.640665 0.602841 0.045183 0.155682
0 499 0.476556 0.550568 0.049446 0.142045
0 500 0.578858 0.351136 0.034101 0.104545
0 504 0.241262 0.106250 0.035806 0.110227
0 505 0.195652 0.040341 0.031543 0.078409
0 506 0.274936 0.063636 0.033248 0.095455
0 507 0.297101 0.048864 0.033248 0.084091
0 508 0.202472 0.015341 0.031543 0.028409
0 509 0.838448 0.060227 0.033248 0.100000
0 510 0.798806 0.048864 0.025575 0.088636
0 511 0.856351 0.020455 0.024723 0.038636
0 512 0.880222 0.008523 0.031543 0.014773
0 519 0.447570 0.020455 0.028986 0.038636
0 521 0.345269 0.006818 0.028986 0.011364
0 522 0.360188 0.009659 0.031543 0.017045
0 523 0.478687 0.021591 0.024723 0.040909
0 524 0.418585 0.008523 0.030691 0.014773
0 526 0.474851 0.009091 0.028986 0.015909
0 528 0.509804 0.560227 0.046036 0.131818
0 529 0.565217 0.684091 0.042626 0.129545
0 530 0.520034 0.671023 0.047741 0.130682
0 531 0.358056 0.410795 0.046036 0.135227
0 541 0.465473 0.027841 0.022165 0.048864
