0 27 0.247229 0.675000 0.052856 0.145455
0 30 0.608269 0.688068 0.048593 0.151136
0 32 0.988065 0.960795 0.022165 0.078409
0 33 0.956095 0.966477 0.048593 0.067045
0 34 0.539642 0.629545 0.040921 0.140909
0 64 0.867434 0.944886 0.052003 0.105682
0 65 0.909633 0.951705 0.052856 0.096591
0 66 0.829497 0.407386 0.046036 0.130682
0 67 0.792413 0.390341 0.045183 0.123864
0 74 0.318841 0.664773 0.047741 0.150000
0 75 0.292413 0.690909 0.059676 0.125000
0 81 0.277920 0.604545 0.040921 0.140909
0 82 0.299233 0.627841 0.039216 0.123864
0 84 0.360614 0.615909 0.040921 0.127273
0 85 0.395567 0.611932 0.042626 0.135227
0 86 0.457374 0.841477 0.050298 0.155682
0 87 0.381927 0.598864 0.035806 0.125000
0 88 0.387894 0.663068 0.042626 0.142045
0 95 0.468883 0.673295 0.049446 0.146591
0 96 0.227195 0.543182 0.041773 0.131818
0 97 0.187980 0.534659 0.045183 0.137500
0 98 0.036658 0.388068 0.037511 0.123864
0 100 0.003836 0.536364 0.005968 0.134091
0 101 0.018329 0.546023 0.034953 0.117045
0 102 0.020887 0.503977 0.038363 0.121591
0 103 0.120205 0.438068 0.047741 0.114773
0 104 0.534953 0.534659 0.041773 0.137500
0 105 0.277067 0.467045 0.044331 0.134091
0 106 0.327792 0.464205 0.045183 0.132955
0 108 0.196931 0.477273 0.035806 0.127273
0 110 0.327366 0.347159 0.035806 0.087500
0 111 0.369565 0.341477 0.034953 0.110227
0 112 0.346974 0.354545 0.025575 0.084091
0 113 0.236147 0.346591 0.042626 0.125000
0 150 0.651748 0.831250 0.052003 0.167045
0 168 0.833333 0.206818 0.034953 0.104545
0 185 0.495737 0.822159 0.055413 0.135227
0 192 0.100171 0.450568 0.038363 0.101136
0 429 0.242114 0.608523 0.037511 0.121591
0 457 0.847826 0.693182 0.048593 0.145455
0 459 0.807332 0.690909 0.047741 0.140909
0 460 0.835891 0.635795 0.046888 0.144318
0 461 0.801790 0.624432 0.050298 0.132955
0 463 0.739130 0.236364 0.037511 0.106818
0 474 0.574595 0.635227 0.040921 0.145455
0 476 0.120631 0.152841 0.038363 0.101136
0 477 0.242967 0.189205 0.034101 0.107955
0 479 0.320119 0.419886 0.038363 0.137500
0 480 0.289003 0.196591 0.032396 0.104545
0 481 0.271952 0.269318 0.042626 0.118182
0 482 0.229327 0.465909 0.046036 0.125000
0 483 0.480818 0.318750 0.040921 0.117045
0 484 0.510656 0.318750 0.042626 0.121591
0 485 0.355072 0.196591 0.036658 0.106818
0 486 0.394288 0.200568 0.041773 0.103409
0 487 0.316283 0.131818 0.037511 0.106818
0 488 0.493606 0.111932 0.030691 0.103409
0 489 0.407928 0.336932 0.041773 0.119318
0 490 0.361466 0.128977 0.032396 0.096591
0 495 0.466326 0.106250 0.035806 0.101136
0 496 0.900682 0.797727 0.053708 0.156818
0 498 0.642796 0.603977 0.046036 0.155682
0 499 0.476556 0.551705 0.049446 0.142045
0 500 0.578858 0.352273 0.034101 0.104545
0 504 0.242114 0.107386 0.035806 0.110227
0 505 0.194800 0.040341 0.031543 0.078409
0 506 0.274936 0.064773 0.033248 0.095455
0 507 0.297101 0.049432 0.033248 0.085227
0 508 0.202472 0.015909 0.031543 0.029545
0 509 0.838448 0.061364 0.033248 0.100000
0 510 0.798806 0.048864 0.025575 0.088636
0 511 0.855499 0.021023 0.024723 0.039773
0 512 0.878517 0.008523 0.031543 0.014773
0 519 0.447570 0.020455 0.028986 0.038636
0 521 0.345269 0.007386 0.028986 0.012500
0 522 0.360188 0.009659 0.031543 0.017045
0 523 0.479113 0.021591 0.023870 0.040909
0 524 0.418585 0.008523 0.030691 0.014773
0 526 0.474851 0.009091 0.028986 0.015909
0 528 0.510656 0.561932 0.046036 0.132955
0 529 0.566922 0.687500 0.042626 0.129545
0 530 0.520887 0.672727 0.047741 0.131818
0 531 0.358056 0.411932 0.046036 0.135227
0 541 0.465473 0.028409 0.022165 0.050000
