0 27 0.273657 0.727273 0.056266 0.154545
0 30 0.630009 0.742614 0.049446 0.148864
0 34 0.580989 0.677273 0.043478 0.143182
0 64 0.919864 0.977841 0.039216 0.046591
0 65 0.955669 0.981818 0.034101 0.036364
0 66 0.838875 0.444886 0.044331 0.130682
0 67 0.805200 0.432955 0.045183 0.125000
0 74 0.338875 0.719886 0.050298 0.155682
0 75 0.315857 0.747727 0.063939 0.145455
0 81 0.291560 0.652841 0.040921 0.139773
0 82 0.318841 0.669886 0.040921 0.123864
0 84 0.378943 0.661364 0.040068 0.127273
0 85 0.411338 0.657955 0.045183 0.134091
0 86 0.488491 0.914773 0.052856 0.163636
0 87 0.387468 0.639205 0.034953 0.121591
0 88 0.411765 0.723864 0.039216 0.140909
0 95 0.494032 0.746591 0.045183 0.147727
0 96 0.228048 0.602841 0.041773 0.144318
0 97 0.161552 0.597159 0.045183 0.144318
0 98 0.022592 0.425000 0.043478 0.129545
0 103 0.100597 0.475000 0.047741 0.120455
0 104 0.556692 0.582955 0.044331 0.138636
0 105 0.266837 0.509659 0.042626 0.139773
0 106 0.309889 0.504545 0.045183 0.134091
0 108 0.174766 0.510227 0.035806 0.127273
0 110 0.339727 0.383523 0.036658 0.096591
0 111 0.376812 0.372159 0.035806 0.110227
0 112 0.361040 0.386364 0.026428 0.086364
0 113 0.229327 0.382955 0.042626 0.125000
0 150 0.699062 0.914773 0.056266 0.163636
0 168 0.897698 0.183523 0.035806 0.103409
0 185 0.534527 0.900568 0.054561 0.151136
0 192 0.071611 0.485227 0.037511 0.100000
0 429 0.249787 0.666477 0.039216 0.128409
0 457 0.870844 0.747159 0.048593 0.151136
0 459 0.832055 0.742045 0.040921 0.140909
0 460 0.855925 0.692614 0.051151 0.144318
0 461 0.812020 0.680682 0.052003 0.152273
0 463 0.700767 0.253409 0.032396 0.102273
0 474 0.625746 0.677841 0.042626 0.157955
0 476 0.126172 0.173295 0.037511 0.101136
0 477 0.240409 0.210227 0.034101 0.106818
0 479 0.320119 0.461932 0.041773 0.137500
0 480 0.281756 0.215909 0.031543 0.104545
0 481 0.258312 0.296591 0.040921 0.122727
0 482 0.207587 0.508523 0.045183 0.137500
0 483 0.489344 0.351705 0.040921 0.117045
0 484 0.518329 0.351136 0.042626 0.120455
0 485 0.360188 0.217614 0.036658 0.110227
0 486 0.395141 0.223295 0.040068 0.103409
0 487 0.320546 0.156818 0.037511 0.106818
0 488 0.505115 0.138068 0.031543 0.103409
0 489 0.416880 0.368750 0.042626 0.123864
0 490 0.360614 0.149432 0.030691 0.096591
0 495 0.476556 0.134659 0.034101 0.107955
0 496 0.966752 0.884659 0.056266 0.169318
0 498 0.661978 0.648295 0.045183 0.155682
0 499 0.488065 0.602841 0.048593 0.142045
0 500 0.589088 0.393750 0.034101 0.105682
0 502 0.019608 0.331818 0.037511 0.104545
0 504 0.245098 0.130114 0.036658 0.110227
0 505 0.167093 0.047159 0.032396 0.092045
0 506 0.283461 0.090909 0.034953 0.100000
0 507 0.299233 0.064205 0.034101 0.094318
0 508 0.204604 0.021591 0.034101 0.040909
0 509 0.850810 0.080682 0.035806 0.100000
0 510 0.807332 0.071023 0.025575 0.096591
0 511 0.851236 0.022159 0.024723 0.042045
0 512 0.852089 0.012500 0.031543 0.022727
0 519 0.457374 0.026705 0.029838 0.051136
0 520 0.311594 0.012500 0.033248 0.022727
0 521 0.344416 0.014773 0.028986 0.027273
0 522 0.358909 0.017045 0.030691 0.031818
0 523 0.497869 0.029545 0.023870 0.056818
0 524 0.433078 0.016477 0.032396 0.030682
0 526 0.485934 0.013636 0.027280 0.025000
0 528 0.541773 0.617045 0.045183 0.138636
0 529 0.588235 0.732955 0.042626 0.131818
0 530 0.549020 0.723295 0.044331 0.144318
0 531 0.365303 0.457386 0.043478 0.137500
0 541 0.483802 0.031250 0.023018 0.055682
