0 27 0.287298 0.750568 0.056266 0.155682
0 30 0.630009 0.761932 0.049446 0.148864
0 34 0.604433 0.699432 0.047741 0.146591
0 66 0.852089 0.453977 0.045183 0.130682
0 67 0.813725 0.445455 0.045183 0.125000
0 74 0.355499 0.738636 0.051151 0.159091
0 75 0.329497 0.768182 0.069054 0.145455
0 81 0.304348 0.675000 0.040921 0.138636
0 82 0.329497 0.688636 0.043478 0.125000
0 84 0.387042 0.679545 0.039216 0.127273
0 85 0.424979 0.674432 0.045183 0.132955
0 86 0.512361 0.930682 0.051151 0.138636
0 87 0.393009 0.654545 0.034101 0.118182
0 88 0.427536 0.751136 0.041773 0.140909
0 95 0.508099 0.778409 0.042626 0.147727
0 96 0.235720 0.628977 0.040068 0.148864
0 97 0.153879 0.618182 0.045183 0.145455
0 98 0.020887 0.434091 0.040068 0.129545
0 103 0.093777 0.485227 0.047741 0.122727
0 104 0.571611 0.602841 0.045183 0.137500
0 105 0.269821 0.528409 0.041773 0.140909
0 106 0.313725 0.525000 0.044331 0.134091
0 108 0.165388 0.523295 0.039216 0.128409
0 110 0.350384 0.397159 0.039216 0.096591
0 111 0.387894 0.383523 0.035806 0.110227
0 112 0.370844 0.398864 0.027280 0.086364
0 113 0.228900 0.396023 0.041773 0.126136
0 150 0.723359 0.935795 0.063939 0.128409
0 168 0.930946 0.176136 0.037511 0.104545
0 185 0.549020 0.927841 0.056266 0.142045
0 192 0.060955 0.494318 0.034953 0.100000
0 429 0.262575 0.686364 0.037511 0.127273
0 457 0.890026 0.773295 0.049446 0.153409
0 459 0.846121 0.767614 0.045183 0.142045
0 460 0.868713 0.717614 0.051151 0.144318
0 461 0.820119 0.705114 0.051151 0.155682
0 474 0.647911 0.700000 0.042626 0.159091
0 476 0.132992 0.175568 0.037511 0.101136
0 477 0.243819 0.212500 0.034101 0.106818
0 479 0.326939 0.480114 0.038363 0.137500
0 480 0.278346 0.222727 0.031543 0.104545
0 481 0.252771 0.306250 0.041773 0.119318
0 482 0.200341 0.523295 0.040921 0.137500
0 483 0.491901 0.361932 0.040921 0.117045
0 484 0.528986 0.364773 0.043478 0.120455
0 485 0.365303 0.225568 0.036658 0.112500
0 486 0.399403 0.230114 0.038363 0.103409
0 487 0.323956 0.161364 0.037511 0.106818
0 488 0.511083 0.150568 0.031543 0.103409
0 489 0.424126 0.379545 0.041773 0.122727
0 490 0.364450 0.158523 0.031543 0.096591
0 495 0.481671 0.145455 0.034101 0.106818
0 496 0.991475 0.931818 0.017050 0.138636
0 498 0.677323 0.667045 0.048593 0.156818
0 499 0.507673 0.621023 0.050298 0.142045
0 500 0.590793 0.410795 0.034101 0.114773
0 501 0.586530 0.239773 0.037511 0.113636
0 502 0.072464 0.319886 0.046036 0.103409
0 504 0.247229 0.136364 0.037511 0.111364
0 505 0.156010 0.047727 0.034101 0.093182
0 506 0.291986 0.098295 0.034953 0.103409
0 507 0.302643 0.068750 0.034101 0.094318
0 508 0.208866 0.023295 0.035806 0.044318
0 509 0.861040 0.085227 0.035806 0.100000
0 510 0.822677 0.080114 0.025575 0.096591
0 511 0.856351 0.020455 0.024723 0.038636
0 519 0.465899 0.027841 0.029838 0.053409
0 520 0.307758 0.015341 0.034101 0.028409
0 521 0.343564 0.018182 0.028986 0.034091
0 522 0.359761 0.019318 0.030691 0.036364
0 523 0.510656 0.031818 0.023870 0.061364
0 524 0.440324 0.019886 0.033248 0.037500
0 525 0.462063 0.007955 0.034101 0.013636
0 526 0.493180 0.014773 0.028133 0.027273
0 528 0.562660 0.637500 0.046036 0.138636
0 529 0.595482 0.753977 0.041773 0.137500
0 530 0.557971 0.742614 0.045183 0.144318
0 531 0.372975 0.474432 0.041773 0.135227
0 541 0.494885 0.028977 0.023018 0.055682
