0 27 0.289003 0.753409 0.056266 0.156818
0 30 0.630009 0.764205 0.049446 0.148864
0 34 0.606991 0.702273 0.047741 0.147727
0 66 0.853794 0.455114 0.045183 0.130682
0 67 0.815004 0.446591 0.044331 0.125000
0 74 0.356351 0.740341 0.051151 0.160227
0 75 0.331202 0.771023 0.069054 0.144318
0 81 0.306053 0.677841 0.040921 0.137500
0 82 0.330776 0.690909 0.044331 0.125000
0 84 0.388321 0.681818 0.038363 0.127273
0 85 0.426684 0.676136 0.045183 0.134091
0 86 0.515772 0.932386 0.051151 0.135227
0 87 0.393862 0.656818 0.034101 0.118182
0 88 0.429668 0.754545 0.042626 0.140909
0 95 0.510230 0.781818 0.041773 0.147727
0 96 0.236573 0.632386 0.040068 0.148864
0 97 0.153026 0.620455 0.045183 0.145455
0 98 0.020460 0.435227 0.039216 0.129545
0 103 0.092924 0.486364 0.047741 0.122727
0 104 0.573316 0.605114 0.045183 0.137500
0 105 0.270247 0.530682 0.042626 0.140909
0 106 0.314578 0.527273 0.044331 0.134091
0 108 0.164535 0.525000 0.039216 0.127273
0 110 0.351662 0.398864 0.040068 0.095455
0 111 0.389599 0.385795 0.035806 0.110227
0 112 0.372123 0.400000 0.028133 0.086364
0 113 0.228900 0.397727 0.041773 0.125000
0 150 0.725064 0.938068 0.063939 0.123864
0 168 0.935209 0.175000 0.037511 0.104545
0 185 0.549872 0.930114 0.054561 0.137500
0 192 0.059676 0.495455 0.034101 0.100000
0 429 0.264280 0.688636 0.037511 0.127273
0 457 0.893009 0.777273 0.048593 0.154545
0 459 0.847400 0.771023 0.046036 0.142045
0 460 0.870418 0.721023 0.051151 0.144318
0 461 0.820972 0.707955 0.051151 0.156818
0 474 0.650895 0.702273 0.041773 0.159091
0 476 0.133845 0.176705 0.037511 0.101136
0 477 0.244672 0.213636 0.034101 0.106818
0 479 0.327792 0.482386 0.038363 0.137500
0 480 0.277920 0.223295 0.032396 0.103409
0 481 0.251918 0.307955 0.041773 0.118182
0 482 0.199915 0.525568 0.040068 0.137500
0 483 0.491901 0.363068 0.040921 0.117045
0 484 0.530264 0.366477 0.044331 0.121591
0 485 0.365303 0.226136 0.036658 0.113636
0 486 0.399403 0.230114 0.038363 0.103409
0 487 0.324808 0.161364 0.037511 0.106818
0 488 0.511935 0.151705 0.031543 0.103409
0 489 0.424979 0.381250 0.041773 0.121591
0 490 0.365303 0.159659 0.031543 0.096591
0 495 0.482523 0.146591 0.034101 0.106818
0 498 0.679454 0.669318 0.049446 0.156818
0 499 0.510230 0.623295 0.050298 0.142045
0 500 0.590793 0.412500 0.034101 0.115909
0 501 0.585678 0.240341 0.037511 0.114773
0 502 0.079284 0.318750 0.046036 0.103409
0 504 0.247229 0.136932 0.037511 0.110227
0 505 0.154731 0.047727 0.033248 0.093182
0 506 0.293265 0.099432 0.035806 0.103409
0 507 0.302643 0.069886 0.034101 0.094318
0 508 0.208866 0.023295 0.035806 0.044318
0 509 0.861893 0.086364 0.035806 0.100000
0 510 0.825234 0.080114 0.025575 0.096591
0 511 0.856351 0.020455 0.024723 0.038636
0 519 0.467178 0.028409 0.030691 0.054545
0 520 0.307332 0.015909 0.034953 0.029545
0 521 0.343564 0.018750 0.028986 0.035227
0 522 0.359761 0.019318 0.030691 0.036364
0 523 0.512361 0.032386 0.023870 0.062500
0 524 0.441176 0.020455 0.033248 0.038636
0 525 0.462916 0.007955 0.034101 0.013636
0 526 0.494032 0.014773 0.028133 0.027273
0 528 0.565217 0.639773 0.046036 0.138636
0 529 0.596334 0.756818 0.041773 0.138636
0 530 0.558824 0.744886 0.045183 0.144318
0 531 0.374254 0.477273 0.042626 0.136364
0 541 0.496590 0.028977 0.023018 0.055682
