0 27 0.263853 0.717614 0.053708 0.155682
0 30 0.626598 0.730682 0.049446 0.147727
0 34 0.569054 0.666477 0.041773 0.142045
0 64 0.904945 0.971591 0.046888 0.056818
0 65 0.940750 0.974432 0.040068 0.051136
0 66 0.833760 0.438068 0.044331 0.130682
0 67 0.800938 0.425000 0.045183 0.125000
0 74 0.329071 0.707955 0.049446 0.154545
0 75 0.309037 0.734659 0.062234 0.139773
0 81 0.284740 0.642045 0.040921 0.140909
0 82 0.313725 0.659659 0.039216 0.123864
0 84 0.374254 0.651136 0.040921 0.127273
0 85 0.405797 0.646591 0.044331 0.134091
0 86 0.479113 0.900568 0.047741 0.164773
0 87 0.384910 0.630682 0.034953 0.122727
0 88 0.404945 0.709659 0.039216 0.142045
0 95 0.487639 0.728409 0.046036 0.147727
0 96 0.224211 0.590341 0.042626 0.142045
0 97 0.167093 0.583523 0.044331 0.142045
0 98 0.026002 0.419318 0.043478 0.127273
0 101 0.003836 0.574432 0.005968 0.117045
0 102 0.006394 0.538068 0.011083 0.121591
0 103 0.104859 0.465909 0.047741 0.118182
0 104 0.550298 0.572159 0.043478 0.137500
0 105 0.266837 0.502273 0.044331 0.136364
0 106 0.311594 0.495455 0.045183 0.134091
0 108 0.179881 0.503409 0.035806 0.127273
0 110 0.335038 0.376136 0.035806 0.095455
0 111 0.374254 0.366477 0.035806 0.110227
0 112 0.356351 0.379545 0.025575 0.086364
0 113 0.230179 0.376136 0.042626 0.125000
0 150 0.685848 0.902273 0.058824 0.175000
0 168 0.881074 0.188068 0.034953 0.103409
0 185 0.521739 0.881818 0.054561 0.145455
0 192 0.078005 0.477273 0.038363 0.100000
0 429 0.246803 0.651705 0.038363 0.126136
0 457 0.864024 0.735795 0.048593 0.151136
0 459 0.824808 0.729545 0.040068 0.140909
0 460 0.849105 0.678977 0.051151 0.144318
0 461 0.808184 0.668182 0.052856 0.150000
0 463 0.708866 0.251136 0.034953 0.104545
0 474 0.612532 0.668182 0.041773 0.154545
0 476 0.123188 0.171023 0.038363 0.101136
0 477 0.239557 0.208523 0.034101 0.107955
0 479 0.319693 0.452273 0.040921 0.138636
0 480 0.283461 0.211364 0.031543 0.104545
0 481 0.261296 0.291477 0.041773 0.123864
0 482 0.211424 0.498864 0.046036 0.134091
0 483 0.486786 0.344886 0.040921 0.117045
0 484 0.515345 0.343182 0.041773 0.120455
0 485 0.357630 0.213636 0.036658 0.109091
0 486 0.393009 0.219886 0.040921 0.103409
0 487 0.318841 0.154545 0.037511 0.106818
0 488 0.501705 0.132386 0.031543 0.103409
0 489 0.414322 0.364205 0.042626 0.123864
0 490 0.360614 0.144886 0.030691 0.096591
0 495 0.473998 0.128977 0.034101 0.107955
0 496 0.948423 0.863636 0.055413 0.165909
0 498 0.657289 0.638068 0.044331 0.155682
0 499 0.484655 0.590341 0.048593 0.142045
0 500 0.586530 0.383523 0.034101 0.105682
0 502 0.004263 0.338636 0.006820 0.104545
0 504 0.244672 0.127841 0.035806 0.110227
0 505 0.172208 0.047159 0.032396 0.092045
0 506 0.278772 0.087500 0.034101 0.097727
0 507 0.297528 0.061932 0.034101 0.094318
0 508 0.202472 0.020455 0.033248 0.038636
0 509 0.845695 0.078409 0.035806 0.100000
0 510 0.802217 0.063068 0.025575 0.096591
0 511 0.848679 0.022727 0.024723 0.043182
0 512 0.855925 0.012500 0.032396 0.022727
0 519 0.453538 0.026136 0.028986 0.050000
0 520 0.312873 0.010795 0.032396 0.019318
0 521 0.344416 0.013068 0.028986 0.023864
0 522 0.358056 0.015909 0.030691 0.029545
0 523 0.491049 0.027841 0.023870 0.053409
0 524 0.429241 0.014205 0.031543 0.026136
0 526 0.482523 0.013068 0.027280 0.023864
0 528 0.531543 0.606818 0.045183 0.138636
0 529 0.580563 0.727273 0.046036 0.131818
0 530 0.543478 0.713068 0.041773 0.142045
0 531 0.362319 0.446023 0.042626 0.135227
0 541 0.478261 0.031818 0.022165 0.056818
