0 27 0.251918 0.697727 0.052003 0.152273
0 30 0.620205 0.709091 0.048593 0.145455
0 33 0.975277 0.978977 0.044331 0.042045
0 34 0.553282 0.647727 0.040921 0.140909
0 64 0.884484 0.958523 0.048593 0.082955
0 65 0.923274 0.962500 0.047741 0.072727
0 66 0.831628 0.422159 0.045183 0.130682
0 67 0.796675 0.406818 0.045183 0.125000
0 74 0.326513 0.684659 0.049446 0.155682
0 75 0.299233 0.709091 0.059676 0.125000
0 81 0.279625 0.622727 0.040921 0.140909
0 82 0.306053 0.643750 0.039216 0.123864
0 84 0.367434 0.632955 0.040921 0.127273
0 85 0.397272 0.626705 0.042626 0.135227
0 86 0.470588 0.872159 0.051151 0.162500
0 87 0.381927 0.617045 0.035806 0.125000
0 88 0.394714 0.685795 0.040921 0.142045
0 95 0.477408 0.700000 0.047741 0.147727
0 96 0.225916 0.565909 0.042626 0.136364
0 97 0.176471 0.563068 0.044331 0.137500
0 98 0.031543 0.405114 0.040921 0.123864
0 101 0.011509 0.559659 0.021313 0.117045
0 102 0.013640 0.521023 0.025575 0.121591
0 103 0.112532 0.451705 0.047741 0.114773
0 104 0.540068 0.555114 0.041773 0.137500
0 105 0.270673 0.485227 0.045183 0.134091
0 106 0.317562 0.480682 0.045183 0.134091
0 108 0.188406 0.492045 0.035806 0.127273
0 110 0.330776 0.361364 0.035806 0.090909
0 111 0.370844 0.356250 0.035806 0.110227
0 112 0.351236 0.366477 0.025575 0.085227
0 113 0.232737 0.363636 0.042626 0.125000
0 150 0.668798 0.864773 0.052003 0.172727
0 168 0.855499 0.197159 0.034953 0.103409
0 185 0.504263 0.853409 0.065644 0.143182
0 192 0.089088 0.462500 0.038363 0.100000
0 429 0.242967 0.628409 0.037511 0.122727
0 457 0.852941 0.717614 0.048593 0.151136
0 459 0.815857 0.709091 0.044331 0.140909
0 460 0.842285 0.657386 0.049446 0.144318
0 461 0.803495 0.646591 0.052003 0.143182
0 463 0.722080 0.245455 0.037511 0.106818
0 474 0.591645 0.652273 0.040921 0.147727
0 476 0.121483 0.161932 0.038363 0.101136
0 477 0.241262 0.198295 0.034101 0.107955
0 479 0.319693 0.437500 0.039216 0.138636
0 480 0.286019 0.204545 0.031543 0.104545
0 481 0.266411 0.281818 0.041773 0.120455
0 482 0.219096 0.482955 0.046036 0.125000
0 483 0.482523 0.333523 0.040921 0.117045
0 484 0.512788 0.330682 0.041773 0.120455
0 485 0.353794 0.206818 0.037511 0.106818
0 486 0.393009 0.210795 0.040921 0.103409
0 487 0.317988 0.142045 0.037511 0.106818
0 488 0.496590 0.122159 0.031543 0.103409
0 489 0.410912 0.351705 0.042626 0.121591
0 490 0.361040 0.136932 0.031543 0.096591
0 495 0.470162 0.117045 0.034953 0.104545
0 496 0.920290 0.830682 0.052003 0.161364
0 498 0.650469 0.619886 0.046036 0.155682
0 499 0.480392 0.569886 0.048593 0.142045
0 500 0.582268 0.366477 0.034101 0.105682
0 504 0.242967 0.116477 0.035806 0.110227
0 505 0.183291 0.044318 0.030691 0.086364
0 506 0.275789 0.076705 0.033248 0.096591
0 507 0.296249 0.056250 0.034953 0.092045
0 508 0.199488 0.018750 0.032396 0.035227
0 509 0.841858 0.069318 0.034953 0.100000
0 510 0.798806 0.053409 0.025575 0.093182
0 511 0.845269 0.023864 0.024723 0.045455
0 512 0.866581 0.010227 0.031543 0.018182
0 513 0.833333 0.009659 0.028133 0.017045
0 519 0.448423 0.023864 0.028986 0.045455
0 520 0.315857 0.008523 0.031543 0.014773
0 521 0.345269 0.010227 0.028986 0.018182
0 522 0.357204 0.013636 0.030691 0.025000
0 523 0.482523 0.025568 0.023870 0.048864
0 524 0.423274 0.011364 0.031543 0.020455
0 526 0.476982 0.011364 0.028133 0.020455
0 528 0.520034 0.584091 0.046036 0.136364
0 529 0.573743 0.705682 0.046036 0.131818
0 530 0.531969 0.693750 0.046036 0.137500
0 531 0.359761 0.431250 0.046036 0.137500
0 541 0.469736 0.032955 0.022165 0.056818
