0 27 0.242967 0.662500 0.051151 0.143182
0 30 0.601449 0.676136 0.048593 0.152273
0 32 0.984655 0.948295 0.028986 0.101136
0 33 0.952259 0.960795 0.051151 0.078409
0 34 0.531969 0.618182 0.040921 0.140909
0 64 0.860188 0.938068 0.052856 0.119318
0 65 0.904518 0.943750 0.054561 0.110227
0 66 0.828645 0.399432 0.046036 0.130682
0 67 0.789855 0.381250 0.045183 0.123864
0 74 0.316283 0.652841 0.047741 0.148864
0 75 0.289003 0.679545 0.059676 0.125000
0 81 0.277067 0.593182 0.040921 0.140909
0 82 0.299233 0.616477 0.039216 0.123864
0 84 0.356777 0.606818 0.041773 0.127273
0 85 0.394714 0.603977 0.042626 0.135227
0 86 0.450128 0.822159 0.049446 0.155682
0 87 0.381927 0.588636 0.035806 0.125000
0 88 0.387042 0.650568 0.042626 0.142045
0 95 0.468031 0.656818 0.049446 0.143182
0 96 0.232310 0.530682 0.041773 0.131818
0 97 0.195226 0.518750 0.046036 0.137500
0 98 0.041347 0.380114 0.038363 0.123864
0 99 0.006820 0.493750 0.011935 0.130682
0 100 0.008525 0.524432 0.015345 0.132955
0 101 0.023870 0.533523 0.040921 0.117045
0 102 0.028559 0.493750 0.038363 0.121591
0 103 0.125320 0.430114 0.047741 0.114773
0 104 0.532396 0.523295 0.041773 0.137500
0 105 0.280051 0.455682 0.043478 0.134091
0 106 0.335465 0.452841 0.045183 0.130682
0 108 0.202046 0.465909 0.035806 0.127273
0 110 0.327366 0.338636 0.035806 0.086364
0 111 0.369565 0.332386 0.034953 0.110227
0 112 0.345269 0.347159 0.025575 0.082955
0 113 0.237852 0.336364 0.042626 0.125000
0 150 0.647059 0.810227 0.052856 0.165909
0 168 0.822677 0.212500 0.035806 0.109091
0 185 0.493180 0.804545 0.058824 0.136364
0 192 0.106564 0.444886 0.039216 0.101136
0 429 0.244672 0.598295 0.037511 0.121591
0 457 0.844416 0.678977 0.048593 0.142045
0 459 0.805200 0.678977 0.048593 0.139773
0 460 0.832481 0.623295 0.045183 0.144318
0 461 0.800512 0.611364 0.049446 0.127273
0 463 0.749361 0.230114 0.037511 0.107955
0 474 0.566922 0.625000 0.040921 0.145455
0 476 0.123188 0.144886 0.038363 0.101136
0 477 0.247229 0.181250 0.034101 0.107955
0 479 0.320972 0.407955 0.038363 0.136364
0 480 0.290708 0.189773 0.032396 0.102273
0 481 0.275362 0.260795 0.040921 0.117045
0 482 0.235294 0.455682 0.046036 0.125000
0 483 0.480392 0.309659 0.041773 0.117045
0 484 0.509804 0.310795 0.042626 0.121591
0 485 0.356777 0.190909 0.036658 0.106818
0 486 0.394288 0.194886 0.041773 0.103409
0 487 0.316283 0.126136 0.037511 0.106818
0 488 0.493606 0.104545 0.030691 0.102273
0 489 0.406650 0.328977 0.040921 0.117045
0 490 0.363598 0.122159 0.031543 0.096591
0 495 0.466326 0.099432 0.035806 0.101136
0 496 0.889173 0.774432 0.054561 0.153409
0 498 0.628730 0.593182 0.043478 0.154545
0 499 0.476556 0.538636 0.046036 0.140909
0 500 0.578005 0.344318 0.034101 0.104545
0 504 0.241262 0.101705 0.035806 0.110227
0 505 0.201620 0.038068 0.031543 0.073864
0 506 0.274084 0.058523 0.033248 0.094318
0 507 0.297528 0.046023 0.032396 0.080682
0 508 0.205030 0.013636 0.031543 0.025000
0 509 0.836743 0.055682 0.033248 0.100000
0 510 0.798806 0.046591 0.025575 0.086364
0 511 0.861466 0.018750 0.024723 0.035227
0 512 0.888747 0.009091 0.031543 0.015909
0 519 0.446718 0.018182 0.028986 0.034091
0 522 0.362745 0.006818 0.031543 0.011364
0 523 0.476982 0.019886 0.024723 0.037500
0 524 0.419437 0.007386 0.030691 0.012500
0 526 0.473998 0.007955 0.028986 0.013636
0 528 0.507246 0.548864 0.046036 0.131818
0 529 0.560955 0.671023 0.042626 0.128409
0 530 0.514493 0.661364 0.048593 0.134091
0 531 0.357630 0.401136 0.045183 0.134091
0 541 0.463768 0.026136 0.022165 0.045455
