0 27 0.236147 0.634091 0.046036 0.138636
0 30 0.586957 0.646591 0.048593 0.147727
0 32 0.969309 0.928977 0.049446 0.137500
0 33 0.931799 0.944886 0.054561 0.112500
0 34 0.518329 0.588636 0.040921 0.140909
0 64 0.848252 0.923864 0.051151 0.152273
0 65 0.897272 0.930682 0.058824 0.138636
0 66 0.825661 0.382386 0.045183 0.128409
0 67 0.789003 0.366477 0.045183 0.123864
0 74 0.312873 0.624432 0.049446 0.148864
0 75 0.283461 0.651136 0.058824 0.125000
0 81 0.279625 0.568750 0.040921 0.139773
0 82 0.302643 0.589205 0.039216 0.123864
0 84 0.355925 0.581818 0.041773 0.127273
0 85 0.392157 0.583523 0.042626 0.135227
0 86 0.437340 0.787500 0.047741 0.152273
0 87 0.381927 0.564773 0.035806 0.125000
0 88 0.385337 0.619886 0.042626 0.142045
0 95 0.464621 0.620455 0.049446 0.138636
0 96 0.244246 0.500000 0.041773 0.131818
0 97 0.209719 0.494318 0.042626 0.131818
0 98 0.052003 0.361932 0.039216 0.123864
0 99 0.018329 0.464205 0.034953 0.123864
0 100 0.019608 0.496591 0.037511 0.125000
0 101 0.045183 0.505114 0.040921 0.117045
0 102 0.045610 0.471023 0.038363 0.121591
0 103 0.141517 0.411932 0.047741 0.114773
0 104 0.527707 0.496023 0.042626 0.137500
0 105 0.291560 0.434091 0.042626 0.134091
0 106 0.355925 0.425568 0.045183 0.128409
0 108 0.210571 0.448295 0.035806 0.128409
0 110 0.330776 0.319318 0.035806 0.086364
0 111 0.370418 0.311932 0.034953 0.110227
0 112 0.350384 0.326136 0.025575 0.084091
0 113 0.242114 0.313636 0.042626 0.122727
0 150 0.622336 0.769886 0.046036 0.162500
0 168 0.797954 0.223864 0.037511 0.120455
0 185 0.487212 0.768182 0.052003 0.138636
0 192 0.119352 0.419886 0.039216 0.101136
0 429 0.249787 0.575000 0.035806 0.120455
0 457 0.839727 0.648295 0.047741 0.137500
0 459 0.803069 0.650000 0.047741 0.138636
0 460 0.831202 0.597159 0.044331 0.144318
0 461 0.795396 0.584091 0.049446 0.127273
0 463 0.773231 0.216477 0.037511 0.107955
0 474 0.549446 0.598864 0.041773 0.145455
0 476 0.129156 0.127841 0.038363 0.101136
0 477 0.256181 0.165341 0.034953 0.107955
0 479 0.322251 0.380682 0.037511 0.131818
0 480 0.297954 0.175000 0.031543 0.100000
0 481 0.284740 0.242045 0.040921 0.113636
0 482 0.249787 0.432955 0.046036 0.122727
0 483 0.480392 0.289773 0.041773 0.115909
0 484 0.508951 0.290909 0.040921 0.118182
0 485 0.358909 0.176705 0.035806 0.107955
0 486 0.397698 0.181818 0.041773 0.102273
0 487 0.320972 0.110227 0.038363 0.106818
0 488 0.493606 0.087500 0.030691 0.100000
0 489 0.406650 0.310227 0.040921 0.113636
0 490 0.370844 0.103977 0.028986 0.096591
0 495 0.467178 0.083523 0.034101 0.101136
0 496 0.860188 0.735795 0.052856 0.155682
0 498 0.596760 0.568182 0.039216 0.152273
0 499 0.476982 0.513636 0.043478 0.140909
0 500 0.574595 0.326136 0.034101 0.104545
0 504 0.245098 0.082955 0.034953 0.106818
0 505 0.217391 0.032955 0.030691 0.063636
0 506 0.275362 0.045455 0.032396 0.088636
0 507 0.299233 0.037500 0.030691 0.072727
0 508 0.210997 0.009091 0.031543 0.015909
0 509 0.834186 0.047727 0.031543 0.090909
0 510 0.798806 0.040909 0.025575 0.079545
0 511 0.876812 0.014205 0.024723 0.026136
0 512 0.913470 0.009091 0.031543 0.015909
0 519 0.445439 0.013636 0.028133 0.025000
0 523 0.472720 0.014773 0.024723 0.027273
0 528 0.505115 0.521591 0.045183 0.131818
0 529 0.552430 0.648295 0.042626 0.128409
0 530 0.501705 0.636932 0.048593 0.142045
0 531 0.359761 0.376705 0.046036 0.130682
0 541 0.457801 0.019886 0.022165 0.037500
