0 24 0.402813 0.937500 0.046888 0.125000
0 27 0.254049 0.562500 0.044331 0.131818
0 30 0.560955 0.576705 0.040921 0.130682
0 32 0.943734 0.863636 0.051151 0.165909
0 33 0.911765 0.882955 0.058824 0.145455
0 34 0.502131 0.527841 0.040921 0.142045
0 64 0.824382 0.852841 0.044331 0.162500
0 65 0.859761 0.855682 0.041773 0.145455
0 66 0.828218 0.334091 0.045183 0.127273
0 67 0.791560 0.316477 0.045183 0.117045
0 74 0.313299 0.560795 0.048593 0.142045
0 75 0.289003 0.580114 0.059676 0.130682
0 79 0.023444 0.427273 0.038363 0.129545
0 81 0.297528 0.503977 0.040921 0.137500
0 82 0.321824 0.524432 0.038363 0.123864
0 84 0.364450 0.519886 0.041773 0.128409
0 85 0.408355 0.523295 0.042626 0.135227
0 86 0.402387 0.700000 0.049446 0.145455
0 87 0.379795 0.505682 0.034953 0.125000
0 88 0.379795 0.546023 0.041773 0.128409
0 95 0.453964 0.537500 0.046888 0.138636
0 96 0.286445 0.441477 0.040921 0.130682
0 97 0.257033 0.432955 0.041773 0.120455
0 98 0.075874 0.321023 0.039216 0.121591
0 99 0.062234 0.410795 0.037511 0.123864
0 100 0.069054 0.438636 0.040921 0.125000
0 101 0.098039 0.444886 0.040921 0.117045
0 102 0.092498 0.414205 0.038363 0.121591
0 103 0.175618 0.360795 0.047741 0.107955
0 104 0.530264 0.439205 0.042626 0.137500
0 105 0.333333 0.380114 0.042626 0.135227
0 106 0.389173 0.367614 0.045183 0.114773
0 108 0.238704 0.390341 0.035806 0.121591
0 110 0.343564 0.269886 0.032396 0.087500
0 111 0.388747 0.267614 0.035806 0.107955
0 112 0.369139 0.281818 0.025575 0.084091
0 113 0.251066 0.268182 0.038363 0.120455
0 150 0.577579 0.674432 0.043478 0.153409
0 168 0.731032 0.242045 0.038363 0.120455
0 185 0.484655 0.673295 0.048593 0.135227
0 192 0.149190 0.371023 0.030691 0.096591
0 314 0.023870 0.967045 0.046036 0.063636
0 429 0.268542 0.509659 0.034101 0.121591
0 457 0.834612 0.572159 0.046036 0.137500
0 459 0.797101 0.575568 0.042626 0.137500
0 460 0.828645 0.534659 0.044331 0.144318
0 461 0.789003 0.517045 0.048593 0.127273
0 463 0.807332 0.182386 0.037511 0.107955
0 468 0.012361 0.065909 0.023018 0.104545
0 474 0.526002 0.542614 0.046036 0.144318
0 475 0.002984 0.192614 0.004263 0.107955
0 476 0.157289 0.096023 0.031543 0.101136
0 477 0.282182 0.140341 0.034101 0.107955
0 479 0.323956 0.323864 0.039216 0.125000
0 480 0.319693 0.139773 0.030691 0.093182
0 481 0.307758 0.201136 0.040921 0.113636
0 482 0.283035 0.385795 0.040921 0.121591
0 483 0.483376 0.239773 0.040921 0.111364
0 484 0.514066 0.240909 0.042626 0.115909
0 485 0.370844 0.142614 0.032396 0.101136
0 486 0.406650 0.151136 0.039216 0.100000
0 487 0.334186 0.073295 0.039216 0.101136
0 488 0.505115 0.048295 0.031543 0.094318
0 489 0.416027 0.263636 0.040921 0.111364
0 490 0.384058 0.071023 0.028133 0.096591
0 495 0.471441 0.042614 0.034101 0.082955
0 496 0.811168 0.630114 0.048593 0.142045
0 498 0.559250 0.513068 0.039216 0.148864
0 499 0.485081 0.452273 0.040921 0.134091
0 500 0.586104 0.268182 0.034953 0.104545
0 504 0.260017 0.050000 0.034101 0.086364
0 505 0.251918 0.021591 0.031543 0.040909
0 506 0.289855 0.028977 0.030691 0.055682
0 507 0.314578 0.018182 0.030691 0.034091
0 509 0.838022 0.027273 0.030691 0.052273
0 510 0.815004 0.026136 0.025575 0.050000
0 528 0.519182 0.453977 0.044331 0.126136
0 529 0.531117 0.581818 0.040921 0.120455
0 530 0.495311 0.569886 0.042626 0.130682
0 531 0.364876 0.319886 0.042626 0.121591
0 541 0.442882 0.007955 0.021313 0.013636
