0 17 0.095055 0.970455 0.055413 0.061364
0 24 0.377238 0.890341 0.048593 0.164773
0 27 0.256607 0.519318 0.042626 0.129545
0 30 0.553282 0.537500 0.042626 0.127273
0 32 0.916454 0.811364 0.047741 0.161364
0 33 0.882779 0.824432 0.052003 0.137500
0 34 0.508099 0.484659 0.040921 0.126136
0 64 0.795396 0.801136 0.061381 0.156818
0 65 0.845695 0.803409 0.040921 0.138636
0 66 0.835038 0.303409 0.045183 0.115909
0 67 0.797954 0.286932 0.046036 0.117045
0 74 0.316709 0.513068 0.046888 0.135227
0 75 0.290281 0.533523 0.058824 0.130682
0 79 0.056692 0.387500 0.038363 0.125000
0 81 0.308184 0.468750 0.041773 0.137500
0 82 0.331628 0.482386 0.039216 0.117045
0 83 0.458227 0.972159 0.052003 0.055682
0 84 0.370844 0.480682 0.040921 0.122727
0 85 0.414749 0.485795 0.041773 0.132955
0 86 0.384484 0.646591 0.049446 0.145455
0 87 0.375107 0.475000 0.035806 0.125000
0 88 0.391731 0.500568 0.041773 0.128409
0 95 0.458653 0.477273 0.046036 0.138636
0 96 0.310315 0.390341 0.037511 0.121591
0 97 0.282609 0.389205 0.041773 0.114773
0 98 0.091645 0.293182 0.038363 0.118182
0 99 0.088662 0.373295 0.035806 0.123864
0 100 0.099744 0.403409 0.040921 0.125000
0 101 0.129582 0.411932 0.040921 0.117045
0 102 0.121057 0.380114 0.039216 0.121591
0 103 0.196931 0.332955 0.049446 0.106818
0 104 0.526002 0.394886 0.042626 0.135227
0 105 0.350810 0.343182 0.041773 0.118182
0 106 0.391304 0.327841 0.044331 0.114773
0 108 0.265132 0.353409 0.035806 0.118182
0 110 0.356777 0.242045 0.031543 0.086364
0 111 0.393862 0.234659 0.035806 0.098864
0 112 0.377664 0.253409 0.025575 0.084091
0 113 0.253197 0.240341 0.039216 0.119318
0 150 0.545610 0.607386 0.040921 0.144318
0 168 0.660273 0.255682 0.038363 0.120455
0 185 0.468883 0.617614 0.047741 0.130682
0 192 0.173913 0.338068 0.030691 0.094318
0 314 0.060529 0.939205 0.056266 0.119318
0 315 0.008525 0.397727 0.015345 0.120455
0 429 0.280051 0.464205 0.031543 0.121591
0 457 0.834612 0.523295 0.046036 0.135227
0 459 0.795396 0.535795 0.040921 0.126136
0 460 0.823529 0.488636 0.044331 0.145455
0 461 0.786445 0.474432 0.046888 0.121591
0 463 0.815004 0.153409 0.037511 0.106818
0 468 0.052003 0.050568 0.040921 0.098864
0 471 0.018329 0.155114 0.034953 0.117045
0 474 0.534527 0.494318 0.044331 0.143182
0 475 0.043478 0.159659 0.044331 0.107955
0 476 0.183291 0.075568 0.032396 0.101136
0 477 0.296249 0.118750 0.028133 0.107955
0 479 0.327366 0.288636 0.039216 0.125000
0 480 0.325661 0.121023 0.028986 0.094318
0 481 0.322251 0.169886 0.040921 0.103409
0 482 0.294118 0.350568 0.040921 0.121591
0 483 0.482523 0.208523 0.040921 0.107955
0 484 0.514066 0.210227 0.042626 0.111364
0 485 0.379795 0.122727 0.031543 0.100000
0 486 0.414322 0.130682 0.037511 0.100000
0 487 0.340153 0.053977 0.039216 0.098864
0 488 0.503410 0.032386 0.024723 0.062500
0 489 0.424979 0.234091 0.038363 0.111364
0 490 0.381927 0.048864 0.028986 0.095455
0 495 0.466752 0.031818 0.034953 0.061364
0 496 0.781330 0.565341 0.048593 0.132955
0 498 0.561381 0.475568 0.038363 0.144318
0 499 0.491049 0.411932 0.044331 0.130682
0 504 0.271952 0.035795 0.034101 0.069318
0 505 0.274510 0.013636 0.032396 0.025000
0 506 0.303069 0.018750 0.026428 0.035227
0 507 0.326513 0.009091 0.030691 0.015909
0 509 0.862319 0.015341 0.031543 0.028409
0 510 0.839301 0.014773 0.024723 0.027273
0 517 0.583120 0.009091 0.028986 0.015909
0 528 0.533248 0.414205 0.045183 0.121591
0 529 0.529412 0.542045 0.039216 0.118182
0 530 0.499574 0.524432 0.044331 0.123864
0 531 0.372123 0.287500 0.043478 0.122727
