0 24 0.390026 0.922159 0.048593 0.155682
0 27 0.254902 0.543182 0.042626 0.131818
0 30 0.552430 0.558523 0.042626 0.130682
0 32 0.930946 0.832386 0.051151 0.155682
0 33 0.901108 0.856818 0.056266 0.145455
0 34 0.504689 0.509659 0.040921 0.135227
0 64 0.814578 0.834659 0.052003 0.164773
0 65 0.856351 0.835227 0.041773 0.147727
0 66 0.830776 0.319886 0.045183 0.123864
0 67 0.794118 0.302841 0.045183 0.117045
0 74 0.314578 0.534659 0.047741 0.135227
0 75 0.289855 0.558523 0.059676 0.130682
0 79 0.038789 0.408523 0.038363 0.128409
0 81 0.303069 0.486932 0.041773 0.137500
0 82 0.326513 0.506250 0.039216 0.121591
0 84 0.367860 0.502273 0.041773 0.127273
0 85 0.412191 0.505682 0.041773 0.134091
0 86 0.395567 0.675000 0.049446 0.145455
0 87 0.377664 0.492045 0.035806 0.125000
0 88 0.384910 0.526705 0.041773 0.128409
0 95 0.453112 0.507955 0.045183 0.138636
0 96 0.296675 0.417614 0.039216 0.126136
0 97 0.271100 0.415341 0.042626 0.119318
0 98 0.083546 0.308523 0.039216 0.121591
0 99 0.075874 0.392614 0.035806 0.123864
0 100 0.083546 0.422727 0.040921 0.125000
0 101 0.110401 0.431250 0.041773 0.117045
0 102 0.104007 0.398295 0.039216 0.121591
0 103 0.183291 0.346591 0.047741 0.106818
0 104 0.529412 0.418750 0.042626 0.137500
0 105 0.341432 0.363636 0.041773 0.129545
0 106 0.391304 0.348295 0.044331 0.112500
0 108 0.250639 0.372727 0.035806 0.118182
0 110 0.350384 0.256250 0.032396 0.087500
0 111 0.388747 0.250000 0.035806 0.104545
0 112 0.372549 0.269318 0.025575 0.084091
0 113 0.251918 0.255682 0.038363 0.120455
0 150 0.560955 0.650000 0.046036 0.152273
0 168 0.695652 0.246591 0.039216 0.120455
0 185 0.478261 0.647159 0.046036 0.135227
0 192 0.160273 0.355114 0.030691 0.094318
0 314 0.039642 0.955114 0.058824 0.089773
0 429 0.274510 0.486932 0.032396 0.121591
0 457 0.833760 0.546023 0.046036 0.137500
0 459 0.796249 0.558523 0.042626 0.132955
0 460 0.826939 0.514773 0.044331 0.145455
0 461 0.788150 0.496591 0.048593 0.127273
0 463 0.811594 0.169318 0.037511 0.106818
0 468 0.023018 0.056818 0.042626 0.104545
0 474 0.528986 0.519886 0.045183 0.144318
0 475 0.016198 0.178977 0.030691 0.107955
0 476 0.168372 0.086932 0.031543 0.101136
0 477 0.288150 0.131250 0.032396 0.107955
0 479 0.325661 0.307386 0.039216 0.123864
0 480 0.321824 0.130682 0.028133 0.093182
0 481 0.313725 0.187500 0.040921 0.109091
0 482 0.285592 0.367614 0.040921 0.121591
0 483 0.484228 0.223864 0.040921 0.111364
0 484 0.514066 0.227273 0.042626 0.113636
0 485 0.374680 0.131818 0.031543 0.100000
0 486 0.409633 0.142045 0.038363 0.100000
0 487 0.336743 0.064773 0.039216 0.100000
0 488 0.504689 0.040909 0.027280 0.079545
0 489 0.419011 0.250000 0.040068 0.111364
0 490 0.385763 0.059659 0.028133 0.096591
0 495 0.469309 0.037500 0.034953 0.072727
0 496 0.800085 0.603409 0.048593 0.138636
0 498 0.557118 0.492045 0.038363 0.145455
0 499 0.488917 0.435227 0.041773 0.134091
0 500 0.589940 0.248864 0.034101 0.104545
0 504 0.264280 0.041477 0.034101 0.078409
0 505 0.262575 0.018182 0.032396 0.034091
0 506 0.295396 0.024432 0.028133 0.046591
0 507 0.319693 0.014205 0.030691 0.026136
0 509 0.843137 0.019318 0.030691 0.036364
0 510 0.823103 0.021023 0.024723 0.039773
0 517 0.589940 0.010795 0.027280 0.019318
0 528 0.522592 0.436364 0.044331 0.122727
0 529 0.529412 0.562500 0.039216 0.120455
0 530 0.497442 0.546591 0.041773 0.127273
0 531 0.368713 0.303977 0.043478 0.123864
