0 17 0.093777 0.947159 0.057971 0.103409
0 19 0.007246 0.870455 0.012788 0.161364
0 24 0.364450 0.846591 0.045183 0.156818
0 27 0.258738 0.496023 0.041773 0.126136
0 30 0.563939 0.515909 0.041773 0.127273
0 32 0.903240 0.785795 0.045183 0.157955
0 33 0.872549 0.797159 0.050298 0.135227
0 34 0.517477 0.459091 0.040921 0.125000
0 64 0.784740 0.772727 0.067349 0.156818
0 65 0.833760 0.777273 0.046036 0.138636
0 66 0.839727 0.283523 0.044331 0.110227
0 67 0.805200 0.269886 0.040068 0.117045
0 74 0.320546 0.489205 0.046036 0.135227
0 75 0.293691 0.509091 0.058824 0.129545
0 78 0.005115 0.420455 0.008525 0.125000
0 79 0.076300 0.370455 0.038363 0.118182
0 81 0.314152 0.448295 0.041773 0.137500
0 82 0.335891 0.457386 0.039216 0.114773
0 83 0.446718 0.938068 0.054561 0.123864
0 84 0.376385 0.457955 0.041773 0.120455
0 85 0.419011 0.462500 0.041773 0.131818
0 86 0.387894 0.616477 0.049446 0.142045
0 87 0.386189 0.450000 0.035806 0.115909
0 88 0.409207 0.477273 0.044331 0.127273
0 95 0.463768 0.447727 0.046036 0.138636
0 96 0.326513 0.371023 0.037511 0.121591
0 97 0.296675 0.363636 0.040921 0.111364
0 98 0.101876 0.277841 0.038363 0.114773
0 99 0.100597 0.358523 0.035806 0.123864
0 100 0.118500 0.387500 0.042626 0.125000
0 101 0.150043 0.389205 0.039216 0.117045
0 102 0.138107 0.358523 0.039216 0.121591
0 103 0.207587 0.313636 0.045183 0.106818
0 104 0.518329 0.374432 0.042626 0.128409
0 105 0.355925 0.319318 0.041773 0.118182
0 106 0.401961 0.306250 0.043478 0.114773
0 108 0.279625 0.342045 0.035806 0.118182
0 110 0.360614 0.228977 0.032396 0.085227
0 111 0.400682 0.218750 0.035806 0.094318
0 112 0.386189 0.237500 0.025575 0.084091
0 113 0.261722 0.220455 0.037511 0.111364
0 150 0.535806 0.573295 0.041773 0.146591
0 168 0.612958 0.264205 0.039216 0.121591
0 185 0.461211 0.582386 0.040921 0.123864
0 192 0.183291 0.322159 0.030691 0.094318
0 314 0.084825 0.922159 0.055413 0.157955
0 315 0.014066 0.380114 0.026428 0.119318
0 429 0.283035 0.447159 0.032396 0.121591
0 457 0.835465 0.500000 0.046036 0.131818
0 459 0.791986 0.507386 0.040921 0.123864
0 460 0.820972 0.463636 0.044331 0.138636
0 461 0.783461 0.449432 0.046036 0.117045
0 463 0.820972 0.139773 0.037511 0.106818
0 468 0.079710 0.042045 0.034953 0.081818
0 471 0.045183 0.141477 0.037511 0.117045
0 474 0.545183 0.472159 0.041773 0.142045
0 475 0.075448 0.142614 0.040068 0.107955
0 476 0.199488 0.067045 0.032396 0.095455
0 477 0.300512 0.109659 0.028133 0.107955
0 479 0.333333 0.272727 0.039216 0.125000
0 480 0.329923 0.108523 0.028986 0.094318
0 481 0.331628 0.157955 0.040921 0.104545
0 482 0.307332 0.332386 0.041773 0.121591
0 483 0.482523 0.190909 0.040921 0.106818
0 484 0.514919 0.192045 0.040921 0.111364
0 485 0.387468 0.111364 0.031543 0.100000
0 486 0.421995 0.119318 0.037511 0.100000
0 487 0.343564 0.044886 0.037511 0.087500
0 488 0.502131 0.028409 0.027280 0.054545
0 489 0.435635 0.220455 0.039216 0.111364
0 490 0.385337 0.042045 0.028986 0.081818
0 495 0.465473 0.025000 0.034101 0.047727
0 496 0.763001 0.529545 0.047741 0.134091
0 498 0.567775 0.459659 0.039216 0.144318
0 499 0.497869 0.386364 0.044331 0.120455
0 504 0.281330 0.031250 0.034101 0.060227
0 505 0.287298 0.009091 0.032396 0.015909
0 506 0.317562 0.013636 0.026428 0.025000
0 509 0.887468 0.012500 0.032396 0.022727
0 510 0.864876 0.010227 0.026428 0.018182
0 517 0.579710 0.006818 0.028986 0.011364
0 528 0.546036 0.392614 0.045183 0.121591
0 529 0.537084 0.519318 0.039216 0.115909
0 530 0.510230 0.502273 0.045183 0.125000
0 531 0.374680 0.267614 0.043478 0.119318
