0 24 0.404092 0.939773 0.047741 0.120455
0 27 0.253623 0.565909 0.045183 0.131818
0 30 0.562234 0.579545 0.040068 0.131818
0 32 0.945013 0.867045 0.052003 0.165909
0 33 0.912617 0.887500 0.058824 0.145455
0 34 0.502131 0.531250 0.040921 0.142045
0 64 0.826087 0.858523 0.046036 0.164773
0 65 0.861466 0.861932 0.041773 0.146591
0 66 0.827366 0.337500 0.045183 0.127273
0 67 0.791560 0.319318 0.045183 0.118182
0 74 0.313299 0.564773 0.048593 0.143182
0 75 0.289003 0.583523 0.059676 0.130682
0 79 0.021313 0.430682 0.039216 0.129545
0 81 0.296675 0.507386 0.040921 0.137500
0 82 0.320972 0.527841 0.038363 0.123864
0 84 0.363598 0.522159 0.041773 0.128409
0 85 0.407502 0.526705 0.042626 0.135227
0 86 0.404518 0.706818 0.048593 0.147727
0 87 0.379795 0.507955 0.034953 0.125000
0 88 0.379795 0.549432 0.041773 0.128409
0 95 0.454390 0.542045 0.047741 0.138636
0 96 0.284740 0.444886 0.040921 0.130682
0 97 0.254476 0.436364 0.041773 0.120455
0 98 0.074169 0.322727 0.039216 0.120455
0 99 0.059676 0.414205 0.037511 0.123864
0 100 0.066070 0.440909 0.041773 0.125000
0 101 0.096334 0.447159 0.040921 0.117045
0 102 0.089940 0.417614 0.038363 0.121591
0 103 0.173913 0.363068 0.047741 0.110227
0 104 0.530264 0.442614 0.042626 0.137500
0 105 0.331628 0.383523 0.042626 0.135227
0 106 0.388321 0.370455 0.045183 0.115909
0 108 0.236999 0.393750 0.035806 0.121591
0 110 0.342711 0.272159 0.032396 0.087500
0 111 0.388747 0.270455 0.035806 0.109091
0 112 0.368713 0.282955 0.024723 0.084091
0 113 0.250213 0.270455 0.038363 0.120455
0 150 0.579710 0.681250 0.042626 0.155682
0 168 0.734442 0.240909 0.038363 0.120455
0 185 0.485081 0.677841 0.049446 0.135227
0 192 0.147485 0.374432 0.030691 0.096591
0 314 0.022592 0.968750 0.043478 0.060227
0 429 0.267263 0.513068 0.034953 0.121591
0 457 0.834612 0.575568 0.046036 0.137500
0 459 0.797101 0.578977 0.042626 0.137500
0 460 0.829497 0.538068 0.044331 0.144318
0 461 0.789429 0.520455 0.049446 0.127273
0 463 0.806479 0.184659 0.037511 0.107955
0 468 0.010656 0.067045 0.019608 0.104545
0 474 0.526002 0.547159 0.046036 0.144318
0 476 0.155584 0.097159 0.031543 0.101136
0 477 0.280904 0.141477 0.034953 0.107955
0 479 0.323529 0.326705 0.038363 0.126136
0 480 0.319267 0.140909 0.031543 0.093182
0 481 0.306053 0.202273 0.040921 0.113636
0 482 0.282182 0.388068 0.040921 0.121591
0 483 0.483376 0.243182 0.040921 0.111364
0 484 0.514066 0.243182 0.042626 0.115909
0 485 0.369991 0.144318 0.032396 0.102273
0 486 0.406223 0.152273 0.040068 0.100000
0 487 0.333333 0.075568 0.039216 0.101136
0 488 0.504263 0.050568 0.031543 0.094318
0 489 0.415601 0.265909 0.041773 0.111364
0 490 0.383632 0.072159 0.028986 0.096591
0 495 0.470588 0.044318 0.034101 0.084091
0 496 0.813299 0.635795 0.051151 0.144318
0 498 0.559250 0.516477 0.039216 0.148864
0 499 0.485081 0.454545 0.040921 0.134091
0 500 0.585678 0.271591 0.034101 0.104545
0 504 0.259165 0.051136 0.034101 0.088636
0 505 0.250213 0.022159 0.031543 0.042045
0 506 0.289003 0.030114 0.030691 0.057955
0 507 0.313725 0.019318 0.030691 0.036364
0 509 0.837596 0.028409 0.031543 0.054545
0 510 0.814152 0.026705 0.025575 0.051136
0 528 0.518329 0.456818 0.044331 0.127273
0 529 0.531969 0.584659 0.040921 0.119318
0 530 0.494885 0.573295 0.043478 0.130682
0 531 0.365729 0.325568 0.044331 0.128409
0 541 0.443734 0.008523 0.021313 0.014773
