0 24 0.409633 0.961364 0.048593 0.077273
0 27 0.244672 0.590909 0.046036 0.131818
0 30 0.571185 0.603977 0.042626 0.135227
0 32 0.955669 0.893750 0.056266 0.164773
0 33 0.920290 0.915909 0.058824 0.140909
0 34 0.505541 0.552273 0.040921 0.140909
0 64 0.838022 0.889773 0.049446 0.165909
0 65 0.870418 0.895455 0.042626 0.152273
0 66 0.823956 0.356818 0.045183 0.127273
0 67 0.789855 0.341477 0.045183 0.121591
0 74 0.312873 0.591477 0.049446 0.148864
0 75 0.285166 0.607386 0.058824 0.128409
0 79 0.012361 0.452273 0.023018 0.131818
0 81 0.287298 0.533523 0.040921 0.137500
0 82 0.313299 0.551705 0.038363 0.123864
0 84 0.359335 0.544886 0.041773 0.128409
0 85 0.400682 0.549432 0.042626 0.135227
0 86 0.418159 0.742045 0.048593 0.150000
0 87 0.380222 0.530682 0.035806 0.125000
0 88 0.381927 0.577273 0.042626 0.134091
0 95 0.458227 0.571591 0.048593 0.138636
0 96 0.268968 0.467045 0.041773 0.131818
0 97 0.235294 0.457386 0.040921 0.121591
0 98 0.066496 0.341477 0.039216 0.123864
0 99 0.043478 0.434659 0.039216 0.123864
0 100 0.046462 0.462500 0.041773 0.125000
0 101 0.075874 0.472159 0.040921 0.117045
0 102 0.073743 0.438068 0.038363 0.121591
0 103 0.163683 0.381250 0.047741 0.112500
0 104 0.530264 0.464205 0.042626 0.137500
0 105 0.316283 0.405114 0.042626 0.135227
0 106 0.381074 0.394318 0.046036 0.122727
0 108 0.223359 0.416477 0.035806 0.128409
0 110 0.337596 0.290341 0.034101 0.087500
0 111 0.383205 0.289205 0.034953 0.110227
0 112 0.361466 0.298864 0.025575 0.084091
0 113 0.247229 0.287500 0.039216 0.120455
0 150 0.597187 0.709659 0.041773 0.155682
0 168 0.762148 0.231818 0.037511 0.120455
0 185 0.485081 0.718750 0.052856 0.139773
0 192 0.134271 0.394886 0.031543 0.101136
0 429 0.260017 0.538068 0.035806 0.121591
0 457 0.835465 0.606250 0.046036 0.137500
0 459 0.799659 0.607386 0.046036 0.137500
0 460 0.831202 0.560795 0.044331 0.144318
0 461 0.790281 0.545455 0.049446 0.127273
0 463 0.797954 0.200568 0.037511 0.107955
0 474 0.534101 0.567045 0.043478 0.145455
0 476 0.144501 0.109659 0.034953 0.101136
0 477 0.271100 0.150568 0.035806 0.107955
0 479 0.321824 0.350000 0.038363 0.131818
0 480 0.313299 0.153409 0.033248 0.097727
0 481 0.299233 0.218182 0.040921 0.113636
0 482 0.273657 0.406250 0.042626 0.121591
0 483 0.481671 0.262500 0.040921 0.111364
0 484 0.511935 0.261932 0.041773 0.117045
0 485 0.365729 0.156818 0.034101 0.104545
0 486 0.403240 0.163636 0.040921 0.100000
0 487 0.328218 0.088636 0.039216 0.104545
0 488 0.498295 0.064205 0.031543 0.096591
0 489 0.410912 0.282955 0.040921 0.111364
0 490 0.380222 0.085795 0.028986 0.096591
0 495 0.468883 0.059659 0.034101 0.092045
0 496 0.829923 0.676136 0.052003 0.147727
0 498 0.566922 0.538636 0.039216 0.152273
0 499 0.479966 0.478409 0.042626 0.136364
0 500 0.580563 0.294318 0.034101 0.104545
0 504 0.253197 0.061364 0.034101 0.097727
0 505 0.237852 0.025568 0.030691 0.048864
0 506 0.283035 0.035795 0.032396 0.069318
0 507 0.307758 0.026136 0.030691 0.050000
0 509 0.831628 0.037500 0.031543 0.072727
0 510 0.807332 0.032386 0.025575 0.062500
0 511 0.913470 0.006818 0.024723 0.011364
0 519 0.444587 0.007386 0.028133 0.012500
0 523 0.467604 0.008523 0.024723 0.014773
0 528 0.513214 0.483523 0.044331 0.130682
0 529 0.540068 0.609091 0.041773 0.122727
0 530 0.491901 0.600568 0.046036 0.137500
0 531 0.364024 0.344318 0.044331 0.127273
0 541 0.449275 0.013068 0.022165 0.023864
