0 17 0.084825 0.876705 0.052003 0.162500
0 19 0.039642 0.790341 0.057118 0.153409
0 24 0.359335 0.765341 0.045183 0.155682
0 27 0.270673 0.442614 0.041773 0.128409
0 30 0.598892 0.472159 0.041773 0.126136
0 32 0.882779 0.717045 0.048593 0.147727
0 33 0.843137 0.730682 0.046036 0.129545
0 34 0.530691 0.414205 0.038363 0.123864
0 35 0.987212 0.934659 0.025575 0.128409
0 62 0.971441 0.943182 0.045183 0.115909
0 64 0.756181 0.706250 0.052856 0.151136
0 65 0.808610 0.710795 0.041773 0.135227
0 66 0.849531 0.247159 0.045183 0.110227
0 67 0.822677 0.238636 0.035806 0.118182
0 74 0.333760 0.439773 0.045183 0.131818
0 75 0.300085 0.448864 0.052856 0.127273
0 78 0.019182 0.377273 0.036658 0.125000
0 79 0.105712 0.327273 0.039216 0.118182
0 81 0.324382 0.393750 0.040068 0.123864
0 82 0.341858 0.409659 0.037511 0.114773
0 83 0.412191 0.821591 0.055413 0.161364
0 84 0.387042 0.413636 0.042626 0.113636
0 85 0.428815 0.412500 0.040921 0.131818
0 86 0.411765 0.542614 0.046036 0.132955
0 87 0.411765 0.399432 0.034101 0.103409
0 88 0.456522 0.426705 0.045183 0.121591
0 95 0.465047 0.378409 0.045183 0.125000
0 96 0.361466 0.316477 0.040921 0.107955
0 97 0.327792 0.318182 0.040068 0.111364
0 98 0.124467 0.242614 0.035806 0.107955
0 99 0.135124 0.310795 0.034953 0.114773
0 100 0.151748 0.344318 0.042626 0.125000
0 101 0.180733 0.343182 0.039216 0.118182
0 102 0.172208 0.318750 0.039216 0.121591
0 103 0.225916 0.275568 0.042626 0.107955
0 104 0.507246 0.325000 0.042626 0.125000
0 105 0.375107 0.278409 0.042626 0.118182
0 106 0.418585 0.261932 0.039216 0.114773
0 108 0.306053 0.300000 0.035806 0.118182
0 110 0.373828 0.193750 0.031543 0.082955
0 111 0.418585 0.188636 0.039216 0.093182
0 112 0.403240 0.200000 0.025575 0.084091
0 113 0.264280 0.184091 0.037511 0.109091
0 150 0.528559 0.489205 0.044331 0.142045
0 159 0.027707 0.985227 0.033248 0.031818
0 168 0.484228 0.278977 0.046036 0.121591
0 185 0.445865 0.511364 0.057971 0.113636
0 192 0.194800 0.285795 0.031543 0.094318
0 305 0.004263 0.338068 0.006820 0.114773
0 314 0.142796 0.853409 0.052003 0.159091
0 315 0.026854 0.346023 0.034953 0.117045
0 429 0.298380 0.400568 0.032396 0.121591
0 438 0.864450 0.925000 0.063086 0.145455
0 457 0.826513 0.450568 0.043478 0.130682
0 459 0.780477 0.446023 0.041773 0.123864
0 460 0.807758 0.411932 0.045183 0.130682
0 461 0.767690 0.397159 0.045183 0.117045
0 463 0.818414 0.100568 0.037511 0.096591
0 468 0.139812 0.031818 0.035806 0.061364
0 471 0.106564 0.106818 0.034101 0.109091
0 474 0.557118 0.421591 0.034953 0.134091
0 475 0.137681 0.111932 0.038363 0.107955
0 476 0.231458 0.046591 0.034953 0.090909
0 477 0.294970 0.087500 0.028986 0.106818
0 479 0.341006 0.238636 0.039216 0.125000
0 480 0.331202 0.087500 0.028133 0.088636
0 481 0.352941 0.126705 0.037511 0.103409
0 482 0.340153 0.297159 0.042626 0.121591
0 483 0.485507 0.156818 0.041773 0.102273
0 484 0.517903 0.160795 0.038363 0.107955
0 485 0.408355 0.090909 0.030691 0.097727
0 486 0.434356 0.097727 0.038363 0.100000
0 487 0.349957 0.029545 0.033248 0.056818
0 488 0.488491 0.014205 0.028986 0.026136
0 489 0.447570 0.184659 0.037511 0.107955
0 490 0.395567 0.028409 0.028986 0.054545
0 495 0.461211 0.011364 0.032396 0.020455
0 496 0.722933 0.454545 0.042626 0.131818
0 498 0.575874 0.411932 0.036658 0.144318
0 499 0.539642 0.344318 0.037511 0.120455
0 504 0.307332 0.015909 0.031543 0.029545
0 509 0.963342 0.009091 0.032396 0.015909
0 528 0.571185 0.348295 0.044331 0.121591
0 530 0.542199 0.447727 0.037511 0.118182
0 531 0.385763 0.226705 0.041773 0.114773
