0 17 0.099318 0.789205 0.052003 0.153409
0 18 0.027280 0.713636 0.052856 0.150000
0 19 0.095055 0.721591 0.052003 0.147727
0 23 0.783461 0.926136 0.059676 0.150000
0 24 0.361466 0.676705 0.044331 0.146591
0 25 0.552003 0.942614 0.062234 0.117045
0 26 0.488917 0.939773 0.041773 0.122727
0 27 0.285592 0.399432 0.042626 0.117045
0 30 0.636402 0.428977 0.041773 0.121591
0 32 0.870844 0.658523 0.048593 0.144318
0 33 0.828218 0.672727 0.043478 0.127273
0 34 0.533674 0.368182 0.034101 0.118182
0 35 0.941603 0.853977 0.048593 0.164773
0 49 0.013640 0.970455 0.025575 0.059091
0 62 0.906650 0.865909 0.052003 0.159091
0 64 0.751066 0.647159 0.047741 0.146591
0 65 0.805627 0.655682 0.040921 0.131818
0 66 0.858909 0.215909 0.041773 0.111364
0 67 0.835891 0.205114 0.036658 0.112500
0 74 0.340580 0.392614 0.045183 0.121591
0 75 0.320546 0.408523 0.047741 0.126136
0 78 0.063939 0.339205 0.040921 0.117045
0 79 0.138960 0.285795 0.032396 0.117045
0 81 0.341432 0.353977 0.034953 0.123864
0 82 0.358483 0.367614 0.034953 0.114773
0 83 0.447570 0.705682 0.051151 0.154545
0 84 0.411765 0.367045 0.042626 0.111364
0 85 0.446718 0.367045 0.042626 0.115909
0 86 0.433930 0.480114 0.042626 0.126136
0 87 0.430520 0.357386 0.032396 0.103409
0 88 0.489344 0.374432 0.044331 0.114773
0 95 0.466326 0.325000 0.042626 0.118182
0 96 0.383632 0.274432 0.040921 0.107955
0 97 0.354646 0.272727 0.037511 0.102273
0 98 0.147485 0.216477 0.035806 0.107955
0 99 0.164535 0.270455 0.039216 0.113636
0 100 0.175618 0.299432 0.037511 0.117045
0 101 0.215260 0.303977 0.038363 0.114773
0 102 0.205030 0.282955 0.031543 0.120455
0 103 0.249787 0.242614 0.042626 0.101136
0 104 0.490622 0.285227 0.041773 0.122727
0 105 0.397698 0.238636 0.041773 0.118182
0 106 0.447144 0.221591 0.038363 0.097727
0 108 0.336743 0.268182 0.035806 0.118182
0 110 0.399403 0.164773 0.029838 0.079545
0 111 0.433504 0.162500 0.038363 0.093182
0 112 0.413043 0.172727 0.024723 0.077273
0 113 0.277494 0.153977 0.038363 0.107955
0 150 0.517903 0.415909 0.045183 0.134091
0 167 0.041347 0.954545 0.055413 0.093182
0 168 0.355925 0.305114 0.045183 0.121591
0 185 0.471014 0.456250 0.067349 0.117045
0 192 0.227195 0.255114 0.031543 0.094318
0 305 0.014919 0.318750 0.028133 0.114773
0 314 0.198636 0.788068 0.052856 0.155682
0 315 0.044331 0.325000 0.035806 0.111364
0 320 0.017477 0.930682 0.033248 0.134091
0 429 0.313725 0.363068 0.032396 0.121591
0 438 0.832055 0.812500 0.063086 0.152273
0 457 0.816709 0.399432 0.039216 0.130682
0 459 0.768116 0.397727 0.040921 0.120455
0 460 0.786871 0.364773 0.046036 0.131818
0 461 0.747229 0.358523 0.043478 0.117045
0 463 0.814152 0.076705 0.037511 0.096591
0 467 0.064791 0.015341 0.032396 0.028409
0 468 0.201194 0.020455 0.035806 0.038636
0 471 0.171355 0.073864 0.035806 0.100000
0 474 0.564365 0.376136 0.035806 0.131818
0 475 0.190111 0.083523 0.032396 0.107955
0 476 0.257033 0.034659 0.034953 0.067045
0 477 0.297954 0.064773 0.028133 0.100000
0 479 0.360188 0.194886 0.031543 0.114773
0 480 0.330350 0.065341 0.028133 0.087500
0 481 0.373402 0.103977 0.032396 0.103409
0 482 0.361466 0.259091 0.042626 0.118182
0 483 0.489344 0.127273 0.037511 0.100000
0 484 0.518329 0.128409 0.037511 0.104545
0 485 0.417306 0.076705 0.031543 0.094318
0 486 0.446718 0.081818 0.037511 0.100000
0 487 0.363598 0.021591 0.031543 0.040909
0 489 0.456948 0.160227 0.037511 0.097727
0 490 0.404092 0.019318 0.028986 0.036364
0 499 0.572464 0.302841 0.038363 0.114773
0 504 0.330776 0.006818 0.030691 0.011364
0 530 0.574595 0.406818 0.039216 0.118182
0 531 0.395567 0.193750 0.034101 0.114773
