0 17 0.099318 0.761364 0.050298 0.152273
0 18 0.039642 0.693182 0.053708 0.152273
0 19 0.105286 0.695455 0.052003 0.143182
0 23 0.750213 0.900000 0.052856 0.161364
0 24 0.364024 0.653977 0.042626 0.144318
0 25 0.549020 0.915909 0.054561 0.163636
0 26 0.471867 0.912500 0.041773 0.165909
0 27 0.286871 0.380114 0.041773 0.117045
0 30 0.649616 0.414773 0.042626 0.120455
0 32 0.877664 0.638636 0.048593 0.145455
0 33 0.828218 0.657955 0.041773 0.127273
0 34 0.535806 0.353977 0.034953 0.121591
0 35 0.923274 0.824432 0.049446 0.162500
0 49 0.019182 0.956250 0.036658 0.087500
0 60 0.942029 0.976136 0.044331 0.050000
0 62 0.890026 0.835795 0.047741 0.155682
0 64 0.751066 0.630114 0.042626 0.144318
0 65 0.802643 0.635227 0.041773 0.131818
0 66 0.859335 0.205682 0.040921 0.111364
0 67 0.835465 0.196023 0.037511 0.110227
0 74 0.342285 0.377841 0.045183 0.121591
0 75 0.317988 0.387500 0.047741 0.120455
0 78 0.086104 0.323864 0.040921 0.115909
0 79 0.145780 0.273295 0.034101 0.117045
0 81 0.346547 0.340341 0.034953 0.123864
0 82 0.364024 0.351705 0.034101 0.112500
0 83 0.461211 0.667614 0.044331 0.153409
0 84 0.419437 0.352273 0.042626 0.111364
0 85 0.450980 0.353409 0.042626 0.111364
0 86 0.439898 0.464205 0.042626 0.126136
0 87 0.436488 0.343750 0.032396 0.101136
0 88 0.488917 0.354545 0.041773 0.106818
0 95 0.465047 0.309091 0.041773 0.118182
0 96 0.390878 0.260795 0.040068 0.107955
0 97 0.363171 0.260227 0.037511 0.100000
0 98 0.155158 0.209659 0.035806 0.107955
0 99 0.177323 0.260227 0.039216 0.113636
0 100 0.185422 0.287500 0.034953 0.118182
0 101 0.224638 0.289773 0.038363 0.111364
0 102 0.212702 0.270455 0.033248 0.118182
0 103 0.257886 0.234659 0.041773 0.101136
0 104 0.486360 0.271023 0.041773 0.119318
0 105 0.405371 0.225568 0.041773 0.114773
0 106 0.452259 0.210227 0.038363 0.097727
0 108 0.346974 0.256818 0.035806 0.118182
0 110 0.410486 0.155682 0.028133 0.079545
0 111 0.436488 0.153409 0.039216 0.093182
0 112 0.420716 0.163636 0.024723 0.077273
0 113 0.282609 0.144886 0.038363 0.107955
0 150 0.508951 0.396591 0.039216 0.131818
0 167 0.027280 0.940341 0.052856 0.119318
0 168 0.314152 0.313068 0.045183 0.121591
0 185 0.470162 0.439205 0.050298 0.114773
0 192 0.235720 0.246591 0.031543 0.093182
0 297 0.901961 0.985227 0.028986 0.029545
0 299 0.255328 0.981250 0.041773 0.039773
0 300 0.308610 0.976705 0.040921 0.048864
0 301 0.384910 0.982386 0.034953 0.037500
0 305 0.017050 0.315341 0.032396 0.114773
0 314 0.215686 0.768750 0.052856 0.155682
0 315 0.049446 0.320455 0.035806 0.111364
0 320 0.025575 0.906250 0.049446 0.146591
0 429 0.319693 0.348295 0.032396 0.121591
0 438 0.820546 0.771591 0.058824 0.152273
0 457 0.810315 0.383523 0.038363 0.130682
0 459 0.760017 0.381818 0.036658 0.120455
0 460 0.778772 0.349432 0.045183 0.128409
0 461 0.736573 0.341477 0.042626 0.117045
0 463 0.814152 0.069886 0.037511 0.096591
0 467 0.091219 0.017045 0.032396 0.031818
0 468 0.219523 0.017045 0.034953 0.031818
0 471 0.187980 0.064773 0.031543 0.100000
0 474 0.565644 0.360795 0.036658 0.130682
0 475 0.208866 0.074432 0.032396 0.105682
0 476 0.265132 0.032955 0.034101 0.063636
0 477 0.303495 0.059091 0.028986 0.100000
0 479 0.368713 0.184659 0.028133 0.114773
0 480 0.334612 0.060795 0.028133 0.087500
0 481 0.376812 0.092614 0.032396 0.103409
0 482 0.370418 0.246023 0.040068 0.114773
0 483 0.490196 0.117045 0.035806 0.100000
0 484 0.517477 0.118182 0.037511 0.104545
0 485 0.419864 0.071023 0.031543 0.094318
0 486 0.449275 0.076705 0.037511 0.096591
0 487 0.368713 0.018182 0.031543 0.034091
0 489 0.459079 0.152273 0.038363 0.097727
0 490 0.407502 0.017045 0.028986 0.031818
0 531 0.399829 0.184659 0.032396 0.114773
