0 13 0.002984 0.889205 0.004263 0.157955
0 17 0.098892 0.758523 0.049446 0.151136
0 18 0.042626 0.690341 0.052856 0.151136
0 19 0.107843 0.690341 0.052003 0.142045
0 23 0.744672 0.893182 0.052003 0.161364
0 24 0.364024 0.648295 0.042626 0.144318
0 25 0.547315 0.909659 0.054561 0.169318
0 26 0.468457 0.901136 0.041773 0.163636
0 27 0.286871 0.377841 0.041773 0.117045
0 30 0.652174 0.411932 0.042626 0.119318
0 32 0.877664 0.636364 0.048593 0.145455
0 33 0.827366 0.654545 0.041773 0.127273
0 34 0.535806 0.351136 0.034953 0.122727
0 35 0.920290 0.819318 0.048593 0.161364
0 49 0.020887 0.952841 0.040068 0.092045
0 60 0.936488 0.972727 0.045183 0.056818
0 62 0.887468 0.830114 0.047741 0.155682
0 64 0.751492 0.626705 0.041773 0.144318
0 65 0.801364 0.631818 0.040921 0.131818
0 66 0.859335 0.203409 0.040921 0.111364
0 67 0.834612 0.194886 0.037511 0.110227
0 74 0.342285 0.376705 0.045183 0.121591
0 75 0.317988 0.383523 0.047741 0.119318
0 78 0.089514 0.319886 0.040921 0.114773
0 79 0.146633 0.271023 0.034101 0.117045
0 81 0.347400 0.336932 0.034953 0.123864
0 82 0.364876 0.348864 0.034101 0.111364
0 83 0.463768 0.661364 0.044331 0.152273
0 84 0.420290 0.350000 0.042626 0.111364
0 85 0.450980 0.351136 0.042626 0.111364
0 86 0.439898 0.461932 0.042626 0.126136
0 87 0.437340 0.340909 0.032396 0.100000
0 88 0.488491 0.350568 0.040921 0.105682
0 95 0.465047 0.305682 0.041773 0.118182
0 96 0.392583 0.258523 0.040068 0.107955
0 97 0.364876 0.257955 0.037511 0.100000
0 98 0.156863 0.208523 0.035806 0.107955
0 99 0.179881 0.257955 0.039216 0.113636
0 100 0.187980 0.285795 0.034953 0.117045
0 101 0.226343 0.287500 0.038363 0.111364
0 102 0.214834 0.268182 0.034101 0.118182
0 103 0.259591 0.233523 0.041773 0.101136
0 104 0.485507 0.267614 0.041773 0.119318
0 105 0.407076 0.222727 0.041773 0.113636
0 106 0.452685 0.209091 0.037511 0.097727
0 108 0.349531 0.255682 0.035806 0.118182
0 110 0.414322 0.153977 0.028986 0.078409
0 111 0.437340 0.152273 0.039216 0.093182
0 112 0.421569 0.161932 0.024723 0.076136
0 113 0.283035 0.143750 0.039216 0.107955
0 150 0.508951 0.392045 0.039216 0.129545
0 167 0.026002 0.936932 0.050298 0.123864
0 168 0.307332 0.314205 0.045183 0.121591
0 185 0.467178 0.435227 0.047741 0.113636
0 192 0.236573 0.244886 0.031543 0.092045
0 269 0.004263 0.953977 0.006820 0.094318
0 297 0.896419 0.981818 0.034953 0.036364
0 299 0.252771 0.976136 0.046888 0.050000
0 300 0.309889 0.973864 0.045183 0.054545
0 301 0.383205 0.980114 0.045183 0.039773
0 305 0.017477 0.314205 0.033248 0.114773
0 314 0.217818 0.761364 0.052003 0.154545
0 315 0.050298 0.319318 0.035806 0.111364
0 320 0.027707 0.901705 0.052003 0.146591
0 429 0.321398 0.346023 0.032396 0.121591
0 438 0.818841 0.764773 0.057118 0.152273
0 457 0.809037 0.381250 0.039216 0.130682
0 459 0.758312 0.378409 0.036658 0.120455
0 460 0.777494 0.346591 0.046036 0.127273
0 461 0.734442 0.338068 0.041773 0.117045
0 463 0.815004 0.068750 0.037511 0.096591
0 467 0.095482 0.017614 0.032396 0.032955
0 468 0.222933 0.016477 0.034953 0.030682
0 471 0.191390 0.062500 0.031543 0.100000
0 474 0.566070 0.358523 0.035806 0.130682
0 475 0.212276 0.072727 0.032396 0.104545
0 476 0.265985 0.032386 0.034101 0.062500
0 477 0.304348 0.057955 0.028986 0.100000
0 479 0.369565 0.182386 0.028133 0.114773
0 480 0.335465 0.059659 0.028133 0.087500
0 481 0.376812 0.091477 0.032396 0.103409
0 482 0.372975 0.243182 0.038363 0.111364
0 483 0.490622 0.115909 0.034953 0.100000
0 484 0.517477 0.116477 0.037511 0.103409
0 485 0.419864 0.069886 0.031543 0.094318
0 486 0.449702 0.075568 0.038363 0.096591
0 487 0.369565 0.017614 0.031543 0.032955
0 489 0.459932 0.151136 0.038363 0.097727
0 490 0.407502 0.016477 0.028986 0.030682
0 531 0.400682 0.183523 0.032396 0.114773
