0 13 0.010230 0.866477 0.018755 0.155682
0 17 0.105286 0.736932 0.048593 0.151136
0 18 0.057971 0.672727 0.049446 0.152273
0 19 0.120631 0.672159 0.052003 0.139773
0 23 0.727195 0.859091 0.059676 0.161364
0 24 0.364024 0.625568 0.042626 0.144318
0 25 0.543052 0.873295 0.054561 0.171591
0 26 0.456095 0.864205 0.042626 0.169318
0 27 0.285592 0.366477 0.042626 0.117045
0 30 0.662404 0.399432 0.042626 0.119318
0 32 0.877238 0.619886 0.047741 0.142045
0 33 0.827792 0.640909 0.039216 0.127273
0 34 0.537511 0.340341 0.034953 0.119318
0 35 0.907928 0.798295 0.047741 0.155682
0 49 0.031969 0.942045 0.048593 0.115909
0 60 0.912191 0.959091 0.047741 0.084091
0 62 0.875959 0.809659 0.048593 0.155682
0 64 0.754902 0.612500 0.045183 0.143182
0 65 0.797101 0.616477 0.042626 0.128409
0 66 0.858909 0.196591 0.041773 0.111364
0 67 0.831202 0.191477 0.037511 0.110227
0 74 0.342285 0.371023 0.045183 0.121591
0 75 0.317988 0.373864 0.047741 0.118182
0 77 0.005968 0.304545 0.010230 0.113636
0 78 0.101449 0.303409 0.040921 0.111364
0 79 0.153879 0.264773 0.034953 0.115909
0 81 0.351662 0.325568 0.034953 0.123864
0 82 0.369139 0.334659 0.034101 0.107955
0 83 0.468883 0.631250 0.046036 0.151136
0 84 0.421995 0.339773 0.042626 0.111364
0 85 0.453538 0.344318 0.042626 0.111364
0 86 0.447144 0.447727 0.040068 0.127273
0 87 0.440750 0.329545 0.032396 0.095455
0 88 0.487212 0.333523 0.038363 0.098864
0 95 0.465047 0.292614 0.040068 0.117045
0 96 0.400256 0.249432 0.038363 0.107955
0 97 0.372123 0.250000 0.036658 0.100000
0 98 0.161125 0.201705 0.035806 0.107955
0 99 0.189258 0.246591 0.039216 0.113636
0 100 0.196505 0.276136 0.034953 0.115909
0 101 0.235294 0.278409 0.037511 0.111364
0 102 0.222080 0.258523 0.034953 0.114773
0 103 0.266411 0.226705 0.041773 0.101136
0 104 0.483802 0.256818 0.041773 0.115909
0 105 0.416027 0.215909 0.040921 0.113636
0 106 0.454817 0.202273 0.038363 0.097727
0 108 0.355499 0.245455 0.035806 0.118182
0 110 0.430946 0.148295 0.028133 0.076136
0 111 0.443308 0.147727 0.039216 0.093182
0 112 0.424979 0.156818 0.024723 0.075000
0 113 0.286445 0.136364 0.039216 0.106818
0 150 0.508099 0.376705 0.040921 0.130682
0 167 0.022592 0.924432 0.043478 0.148864
0 168 0.277494 0.323295 0.045183 0.121591
0 185 0.465899 0.421591 0.045183 0.113636
0 192 0.242540 0.237500 0.031543 0.088636
0 269 0.013214 0.942614 0.024723 0.114773
0 297 0.870844 0.965909 0.052003 0.068182
0 299 0.253623 0.964773 0.052003 0.070455
0 300 0.316709 0.959659 0.055413 0.082955
0 301 0.376385 0.966477 0.052003 0.067045
0 305 0.019182 0.311932 0.036658 0.114773
0 314 0.231458 0.746023 0.055413 0.151136
0 315 0.054135 0.315909 0.034953 0.111364
0 320 0.045610 0.873295 0.052003 0.135227
0 429 0.323103 0.335795 0.032396 0.121591
0 438 0.813725 0.736932 0.055413 0.148864
0 457 0.803495 0.369886 0.038363 0.130682
0 459 0.751492 0.364773 0.034953 0.120455
0 460 0.771100 0.335227 0.045183 0.120455
0 461 0.727621 0.328977 0.041773 0.117045
0 463 0.816283 0.064205 0.038363 0.096591
0 467 0.114237 0.018750 0.032396 0.035227
0 468 0.236147 0.013636 0.034101 0.025000
0 471 0.203751 0.056818 0.030691 0.100000
0 474 0.566922 0.347159 0.035806 0.130682
0 475 0.227195 0.065341 0.031543 0.103409
0 476 0.272805 0.031818 0.034101 0.061364
0 477 0.309463 0.052273 0.028986 0.097727
0 479 0.374254 0.175568 0.028986 0.114773
0 480 0.338875 0.056250 0.028133 0.087500
0 481 0.377664 0.086932 0.032396 0.103409
0 482 0.383205 0.231250 0.034953 0.103409
0 483 0.488917 0.107955 0.034953 0.100000
0 484 0.518755 0.110227 0.034953 0.104545
0 485 0.422421 0.066477 0.031543 0.094318
0 486 0.450128 0.071591 0.039216 0.093182
0 487 0.372975 0.015341 0.031543 0.028409
0 489 0.465473 0.145455 0.037511 0.097727
0 490 0.410060 0.013068 0.028986 0.023864
0 531 0.404092 0.177841 0.032396 0.114773
