0 17 0.086957 0.834659 0.051151 0.157955
0 18 0.011509 0.753409 0.021313 0.161364
0 19 0.067775 0.760227 0.052003 0.152273
0 23 0.822677 0.957386 0.054561 0.082955
0 24 0.357630 0.723295 0.041773 0.148864
0 25 0.553708 0.982955 0.036658 0.036364
0 26 0.501705 0.982386 0.029838 0.037500
0 27 0.277494 0.419886 0.041773 0.117045
0 30 0.616795 0.451705 0.041773 0.123864
0 32 0.861893 0.687500 0.073316 0.145455
0 33 0.835038 0.704545 0.045183 0.131818
0 34 0.531969 0.394886 0.035806 0.121591
0 35 0.969309 0.902841 0.047741 0.164773
0 62 0.939471 0.912500 0.051151 0.152273
0 64 0.753623 0.679545 0.047741 0.152273
0 65 0.806905 0.682955 0.043478 0.134091
0 66 0.854220 0.235795 0.044331 0.110227
0 67 0.830350 0.228409 0.035806 0.118182
0 74 0.337170 0.416477 0.045183 0.126136
0 75 0.311168 0.429545 0.047741 0.127273
0 78 0.034101 0.359091 0.040921 0.120455
0 79 0.122762 0.309091 0.034101 0.118182
0 81 0.332481 0.374432 0.035806 0.123864
0 82 0.348252 0.389205 0.034953 0.114773
0 83 0.420716 0.763068 0.048593 0.155682
0 84 0.397272 0.392045 0.042626 0.111364
0 85 0.438193 0.396591 0.040921 0.131818
0 86 0.421995 0.514773 0.042626 0.129545
0 87 0.421995 0.378977 0.032396 0.103409
0 88 0.471441 0.400568 0.044331 0.114773
0 95 0.466326 0.355682 0.042626 0.125000
0 96 0.373402 0.296023 0.040921 0.107955
0 97 0.341858 0.298295 0.039216 0.112500
0 98 0.137255 0.232386 0.035806 0.107955
0 99 0.149190 0.289773 0.035806 0.113636
0 100 0.162830 0.322727 0.042626 0.120455
0 101 0.198636 0.325000 0.039216 0.118182
0 102 0.190111 0.303977 0.034101 0.121591
0 103 0.236999 0.263068 0.042626 0.107955
0 104 0.498721 0.305682 0.042626 0.125000
0 105 0.384058 0.262500 0.041773 0.118182
0 106 0.437766 0.243750 0.038363 0.112500
0 108 0.319267 0.287500 0.034953 0.118182
0 110 0.385763 0.179545 0.031543 0.079545
0 111 0.427110 0.177273 0.039216 0.093182
0 112 0.405371 0.186932 0.024723 0.080682
0 113 0.270247 0.168750 0.037511 0.107955
0 150 0.519182 0.457955 0.044331 0.134091
0 159 0.010656 0.965909 0.019608 0.068182
0 167 0.063512 0.982955 0.034953 0.036364
0 168 0.423274 0.296023 0.045183 0.121591
0 185 0.459932 0.487500 0.060529 0.118182
0 192 0.210997 0.269886 0.031543 0.094318
0 305 0.009378 0.331250 0.017050 0.114773
0 314 0.171355 0.819318 0.052856 0.159091
0 315 0.035806 0.331818 0.035806 0.111364
0 429 0.304348 0.383523 0.032396 0.121591
0 438 0.847826 0.868182 0.062234 0.152273
0 457 0.821824 0.427841 0.039216 0.130682
0 459 0.775789 0.423295 0.042626 0.121591
0 460 0.798380 0.389205 0.045183 0.130682
0 461 0.760870 0.381250 0.045183 0.117045
0 463 0.814152 0.086932 0.037511 0.096591
0 467 0.042626 0.009091 0.032396 0.015909
0 468 0.170503 0.025568 0.035806 0.048864
0 471 0.138107 0.090341 0.034101 0.101136
0 474 0.561807 0.402273 0.035806 0.134091
0 475 0.163683 0.099432 0.032396 0.107955
0 476 0.246803 0.041477 0.034953 0.080682
0 477 0.294118 0.076136 0.027280 0.102273
0 479 0.346547 0.217045 0.038363 0.118182
0 480 0.330350 0.077841 0.028133 0.087500
0 481 0.364024 0.118750 0.035806 0.103409
0 482 0.351236 0.276705 0.042626 0.119318
0 483 0.486360 0.142614 0.040068 0.101136
0 484 0.520034 0.145455 0.037511 0.104545
0 485 0.414322 0.084659 0.030691 0.094318
0 486 0.439471 0.088636 0.038363 0.100000
0 487 0.355499 0.025568 0.032396 0.048864
0 488 0.485507 0.009091 0.028133 0.015909
0 489 0.454390 0.172727 0.037511 0.100000
0 490 0.399829 0.023295 0.028986 0.044318
0 495 0.459079 0.006818 0.031543 0.011364
0 496 0.706735 0.418182 0.042626 0.125000
0 498 0.579710 0.389773 0.035806 0.140909
0 499 0.554987 0.325000 0.037511 0.120455
0 504 0.319693 0.009659 0.030691 0.017045
0 530 0.557118 0.431818 0.038363 0.118182
0 531 0.390452 0.210795 0.039216 0.114773
