0 17 0.086530 0.859091 0.052003 0.159091
0 18 0.005115 0.774432 0.008525 0.162500
0 19 0.052856 0.773864 0.052856 0.152273
0 23 0.845695 0.973864 0.044331 0.054545
0 24 0.358056 0.743182 0.044331 0.154545
0 27 0.274084 0.431250 0.041773 0.123864
0 30 0.608269 0.461932 0.041773 0.123864
0 32 0.869139 0.703409 0.057118 0.147727
0 33 0.841432 0.718182 0.042626 0.131818
0 34 0.531117 0.405114 0.037511 0.123864
0 35 0.979540 0.921023 0.040921 0.153409
0 62 0.956095 0.930682 0.046888 0.140909
0 64 0.757033 0.693750 0.047741 0.151136
0 65 0.805627 0.697159 0.040921 0.137500
0 66 0.852089 0.241477 0.045183 0.110227
0 67 0.826087 0.234091 0.035806 0.118182
0 74 0.336317 0.428409 0.045183 0.129545
0 75 0.305200 0.438636 0.049446 0.127273
0 78 0.023018 0.369318 0.040921 0.125000
0 79 0.114237 0.319318 0.037511 0.118182
0 81 0.328645 0.384091 0.038363 0.125000
0 82 0.345269 0.399432 0.035806 0.114773
0 83 0.413043 0.793182 0.053708 0.161364
0 84 0.389599 0.403409 0.042626 0.111364
0 85 0.433504 0.404545 0.041773 0.131818
0 86 0.417732 0.532955 0.046036 0.131818
0 87 0.416880 0.389205 0.032396 0.103409
0 88 0.464194 0.413068 0.045183 0.117045
0 95 0.465473 0.368182 0.044331 0.125000
0 96 0.367434 0.306250 0.040921 0.107955
0 97 0.335038 0.308523 0.039216 0.112500
0 98 0.131287 0.238068 0.035806 0.107955
0 99 0.144075 0.301705 0.034101 0.114773
0 100 0.157715 0.334091 0.042626 0.122727
0 101 0.188406 0.334091 0.039216 0.118182
0 102 0.181159 0.310795 0.038363 0.121591
0 103 0.231458 0.269886 0.041773 0.107955
0 104 0.502984 0.314773 0.042626 0.125000
0 105 0.378517 0.272727 0.042626 0.118182
0 106 0.427110 0.252841 0.039216 0.114773
0 108 0.312447 0.293182 0.034953 0.118182
0 110 0.379795 0.186932 0.031543 0.080682
0 111 0.422847 0.182955 0.039216 0.093182
0 112 0.404518 0.193182 0.024723 0.081818
0 113 0.266837 0.176705 0.037511 0.107955
0 150 0.521313 0.471591 0.048593 0.134091
0 159 0.016198 0.974432 0.030691 0.051136
0 168 0.453112 0.289205 0.045183 0.121591
0 185 0.457801 0.500000 0.059676 0.125000
0 192 0.203325 0.277841 0.031543 0.094318
0 305 0.006820 0.336932 0.011935 0.114773
0 314 0.156436 0.839773 0.052003 0.159091
0 315 0.031543 0.339205 0.035806 0.114773
0 429 0.301790 0.391477 0.032396 0.121591
0 438 0.855925 0.897727 0.063086 0.152273
0 457 0.824382 0.439205 0.040921 0.130682
0 459 0.778346 0.434091 0.042626 0.122727
0 460 0.803495 0.400568 0.045183 0.130682
0 461 0.764280 0.389205 0.045183 0.117045
0 463 0.816709 0.093750 0.037511 0.096591
0 468 0.154305 0.029545 0.035806 0.056818
0 471 0.122762 0.098295 0.034101 0.101136
0 474 0.559250 0.411364 0.035806 0.134091
0 475 0.150895 0.105682 0.035806 0.106818
0 476 0.239130 0.044318 0.034953 0.086364
0 477 0.294544 0.081818 0.028133 0.104545
0 479 0.343137 0.228409 0.038363 0.122727
0 480 0.330350 0.083523 0.028133 0.087500
0 481 0.358909 0.123295 0.037511 0.103409
0 482 0.345269 0.286364 0.042626 0.120455
0 483 0.485081 0.150568 0.040921 0.101136
0 484 0.519182 0.153409 0.037511 0.106818
0 485 0.411338 0.087500 0.031543 0.095455
0 486 0.436914 0.093182 0.038363 0.100000
0 487 0.351236 0.027273 0.032396 0.052273
0 488 0.485507 0.012500 0.028133 0.022727
0 489 0.450980 0.178409 0.037511 0.104545
0 490 0.397272 0.026136 0.028986 0.050000
0 495 0.460358 0.008523 0.032396 0.014773
0 496 0.712702 0.438636 0.042626 0.125000
0 498 0.578431 0.399432 0.036658 0.144318
0 499 0.547315 0.335227 0.037511 0.120455
0 504 0.313725 0.013068 0.030691 0.023864
0 530 0.548167 0.440909 0.037511 0.118182
0 531 0.388321 0.217614 0.041773 0.114773
