0 17 0.099318 0.787500 0.052003 0.154545
0 18 0.028133 0.712500 0.054561 0.152273
0 19 0.095908 0.718182 0.052003 0.147727
0 23 0.780904 0.923864 0.061381 0.154545
0 24 0.361893 0.672727 0.045183 0.145455
0 25 0.551151 0.939205 0.060529 0.123864
0 26 0.487639 0.936364 0.042626 0.129545
0 27 0.285592 0.396023 0.042626 0.117045
0 30 0.638107 0.427841 0.041773 0.121591
0 32 0.870844 0.656250 0.048593 0.144318
0 33 0.827792 0.669318 0.042626 0.127273
0 34 0.534101 0.366477 0.034953 0.119318
0 35 0.939045 0.850568 0.048593 0.164773
0 49 0.014066 0.968182 0.026428 0.063636
0 62 0.904092 0.861932 0.050298 0.157955
0 64 0.751066 0.644318 0.047741 0.145455
0 65 0.805627 0.652273 0.040921 0.131818
0 66 0.858909 0.214205 0.041773 0.110227
0 67 0.836317 0.203409 0.037511 0.111364
0 74 0.340580 0.390341 0.045183 0.121591
0 75 0.320546 0.405682 0.047741 0.125000
0 78 0.067349 0.338068 0.040921 0.117045
0 79 0.140665 0.284659 0.032396 0.117045
0 81 0.341432 0.351705 0.034953 0.123864
0 82 0.359335 0.366477 0.034953 0.114773
0 83 0.449275 0.701136 0.049446 0.154545
0 84 0.412617 0.365909 0.042626 0.111364
0 85 0.447144 0.364773 0.041773 0.115909
0 86 0.435635 0.479545 0.042626 0.127273
0 87 0.431373 0.355114 0.032396 0.103409
0 88 0.489770 0.372727 0.043478 0.113636
0 95 0.465473 0.322727 0.042626 0.118182
0 96 0.384484 0.272159 0.040921 0.107955
0 97 0.355499 0.271023 0.037511 0.101136
0 98 0.148338 0.216477 0.035806 0.107955
0 99 0.166240 0.269318 0.039216 0.113636
0 100 0.177323 0.297159 0.037511 0.117045
0 101 0.216113 0.302273 0.038363 0.113636
0 102 0.205882 0.280682 0.031543 0.120455
0 103 0.250639 0.240341 0.042626 0.101136
0 104 0.489770 0.283523 0.041773 0.123864
0 105 0.398551 0.236932 0.041773 0.117045
0 106 0.447997 0.220455 0.038363 0.097727
0 108 0.338448 0.267045 0.035806 0.118182
0 110 0.401108 0.163636 0.029838 0.079545
0 111 0.433504 0.161364 0.038363 0.093182
0 112 0.413896 0.171591 0.024723 0.077273
0 113 0.278346 0.152841 0.038363 0.107955
0 150 0.516624 0.414773 0.046036 0.134091
0 167 0.039642 0.952273 0.055413 0.097727
0 168 0.349957 0.305114 0.045183 0.121591
0 185 0.471867 0.453977 0.069054 0.117045
0 192 0.228048 0.253977 0.031543 0.094318
0 305 0.014919 0.317614 0.028133 0.114773
0 314 0.200767 0.784659 0.052003 0.155682
0 315 0.045183 0.324432 0.035806 0.110227
0 320 0.018755 0.928409 0.035806 0.136364
0 429 0.314578 0.360795 0.032396 0.121591
0 438 0.830350 0.806818 0.063086 0.152273
0 457 0.816709 0.397159 0.039216 0.130682
0 459 0.767263 0.395455 0.040921 0.120455
0 460 0.785592 0.362500 0.045183 0.131818
0 461 0.745524 0.356250 0.043478 0.117045
0 463 0.814152 0.075568 0.037511 0.096591
0 467 0.068201 0.015341 0.032396 0.028409
0 468 0.203751 0.019886 0.035806 0.037500
0 471 0.173487 0.072727 0.034953 0.100000
0 474 0.564365 0.373864 0.035806 0.131818
0 475 0.192668 0.082386 0.032396 0.107955
0 476 0.257886 0.034091 0.034953 0.065909
0 477 0.298806 0.063636 0.028133 0.100000
0 479 0.361466 0.193750 0.030691 0.114773
0 480 0.330350 0.064205 0.028133 0.087500
0 481 0.374254 0.102841 0.032396 0.103409
0 482 0.362319 0.256818 0.042626 0.118182
0 483 0.489344 0.126136 0.037511 0.100000
0 484 0.518329 0.127273 0.037511 0.104545
0 485 0.417732 0.076136 0.030691 0.093182
0 486 0.447570 0.081818 0.037511 0.100000
0 487 0.364450 0.021023 0.031543 0.039773
0 489 0.456948 0.159091 0.037511 0.097727
0 490 0.404945 0.018750 0.028986 0.035227
0 499 0.574169 0.300568 0.038363 0.112500
0 530 0.576300 0.404545 0.039216 0.118182
0 531 0.395993 0.192614 0.033248 0.114773
