0 17 0.084825 0.899432 0.050298 0.169318
0 19 0.029412 0.807955 0.053708 0.152273
0 24 0.355925 0.778977 0.045183 0.155682
0 27 0.267263 0.453977 0.041773 0.128409
0 30 0.591219 0.481250 0.041773 0.126136
0 32 0.887468 0.723295 0.047741 0.148864
0 33 0.848252 0.743182 0.049446 0.127273
0 34 0.529838 0.422159 0.040068 0.123864
0 62 0.980392 0.956250 0.035806 0.087500
0 64 0.760443 0.722159 0.069906 0.153409
0 65 0.812020 0.725000 0.041773 0.138636
0 66 0.847826 0.252273 0.045183 0.111364
0 67 0.818414 0.245455 0.035806 0.118182
0 74 0.331628 0.448864 0.044331 0.131818
0 75 0.297528 0.459091 0.056266 0.127273
0 78 0.017477 0.384091 0.033248 0.125000
0 79 0.097613 0.332955 0.038363 0.118182
0 81 0.320546 0.403409 0.040921 0.125000
0 82 0.338875 0.418750 0.038363 0.114773
0 83 0.419864 0.849432 0.055413 0.164773
0 84 0.385763 0.422727 0.041773 0.115909
0 85 0.425405 0.422727 0.040921 0.131818
0 86 0.404092 0.555682 0.046036 0.134091
0 87 0.407502 0.409091 0.034101 0.104545
0 88 0.449275 0.438636 0.046036 0.125000
0 95 0.464621 0.390341 0.046036 0.126136
0 96 0.355499 0.326136 0.040921 0.106818
0 97 0.321398 0.327273 0.040921 0.111364
0 98 0.118926 0.250000 0.036658 0.109091
0 99 0.127451 0.320455 0.034953 0.115909
0 100 0.144928 0.353409 0.042626 0.125000
0 101 0.174766 0.350000 0.039216 0.118182
0 102 0.165388 0.326705 0.039216 0.121591
0 103 0.221654 0.284659 0.042626 0.107955
0 104 0.508951 0.336364 0.042626 0.125000
0 105 0.372549 0.282955 0.042626 0.118182
0 106 0.414322 0.268750 0.039216 0.114773
0 108 0.300938 0.309091 0.035806 0.118182
0 110 0.368713 0.201136 0.031543 0.084091
0 111 0.414322 0.194886 0.037511 0.094318
0 112 0.398977 0.209091 0.025575 0.084091
0 113 0.263853 0.190341 0.038363 0.110227
0 150 0.528986 0.508523 0.050298 0.144318
0 168 0.513214 0.274432 0.046036 0.121591
0 185 0.452685 0.526705 0.037511 0.121591
0 192 0.193095 0.293750 0.031543 0.094318
0 314 0.129156 0.862500 0.052003 0.159091
0 315 0.023444 0.352273 0.034953 0.118182
0 429 0.294970 0.410795 0.032396 0.121591
0 438 0.875533 0.940341 0.064791 0.119318
0 457 0.828218 0.460795 0.045183 0.130682
0 459 0.783035 0.456818 0.041773 0.125000
0 460 0.812020 0.422159 0.045183 0.130682
0 461 0.770247 0.406250 0.045183 0.117045
0 463 0.820972 0.106818 0.037511 0.097727
0 468 0.127877 0.033523 0.035806 0.064773
0 471 0.092924 0.114205 0.034101 0.117045
0 474 0.555413 0.432386 0.034953 0.135227
0 475 0.124041 0.118750 0.038363 0.107955
0 476 0.224638 0.049432 0.034953 0.094318
0 477 0.297528 0.092614 0.028986 0.107955
0 479 0.340153 0.245455 0.039216 0.125000
0 480 0.332907 0.090341 0.028133 0.092045
0 481 0.347826 0.128977 0.037511 0.103409
0 482 0.333760 0.303977 0.041773 0.121591
0 483 0.485507 0.162500 0.041773 0.104545
0 484 0.517050 0.167614 0.038363 0.107955
0 485 0.406223 0.093750 0.031543 0.098864
0 486 0.431799 0.102273 0.038363 0.100000
0 487 0.348252 0.031818 0.034953 0.061364
0 488 0.491901 0.015909 0.028986 0.029545
0 489 0.444160 0.193750 0.037511 0.110227
0 490 0.393009 0.030682 0.028986 0.059091
0 495 0.462916 0.014773 0.032396 0.027273
0 496 0.732737 0.467045 0.045183 0.131818
0 498 0.573316 0.422159 0.038363 0.144318
0 499 0.531969 0.352273 0.037511 0.120455
0 504 0.301364 0.018750 0.031543 0.035227
0 509 0.945439 0.008523 0.030691 0.014773
0 510 0.919011 0.007955 0.028986 0.013636
0 528 0.563512 0.355114 0.044331 0.121591
0 529 0.564365 0.478409 0.039216 0.113636
0 530 0.535806 0.457955 0.038363 0.120455
0 531 0.383205 0.233523 0.043478 0.114773
