0 17 0.098465 0.793750 0.052003 0.148864
0 18 0.024723 0.720455 0.047741 0.152273
0 19 0.089088 0.725000 0.052003 0.147727
0 23 0.789855 0.931250 0.055413 0.139773
0 24 0.360614 0.683523 0.042626 0.148864
0 25 0.551577 0.947727 0.054561 0.104545
0 26 0.491049 0.946023 0.042626 0.110227
0 27 0.283035 0.401705 0.042626 0.117045
0 30 0.633419 0.433523 0.042626 0.121591
0 32 0.869991 0.663068 0.050298 0.144318
0 33 0.829497 0.680114 0.046036 0.128409
0 34 0.533674 0.372159 0.034101 0.117045
0 35 0.945865 0.861932 0.048593 0.164773
0 49 0.012788 0.974432 0.023870 0.051136
0 62 0.911338 0.874432 0.052856 0.160227
0 64 0.751066 0.651705 0.047741 0.146591
0 65 0.806053 0.660227 0.041773 0.131818
0 66 0.858056 0.219318 0.041773 0.111364
0 67 0.835038 0.209091 0.036658 0.113636
0 74 0.339727 0.396023 0.045183 0.121591
0 75 0.320546 0.412500 0.047741 0.127273
0 78 0.057118 0.341477 0.040921 0.117045
0 79 0.136402 0.290341 0.032396 0.117045
0 81 0.339727 0.357386 0.034953 0.123864
0 82 0.356777 0.372159 0.034953 0.114773
0 83 0.444160 0.714773 0.051151 0.154545
0 84 0.409207 0.371591 0.042626 0.111364
0 85 0.445013 0.372159 0.042626 0.119318
0 86 0.431799 0.487500 0.041773 0.125000
0 87 0.429668 0.360795 0.032396 0.103409
0 88 0.485934 0.378977 0.044331 0.114773
0 95 0.466326 0.330114 0.042626 0.119318
0 96 0.381927 0.277841 0.040921 0.107955
0 97 0.352515 0.277273 0.038363 0.104545
0 98 0.145780 0.218750 0.035806 0.107955
0 99 0.161552 0.272727 0.038363 0.113636
0 100 0.173487 0.302841 0.038363 0.117045
0 101 0.213555 0.306818 0.038363 0.115909
0 102 0.203325 0.286364 0.031543 0.120455
0 103 0.247229 0.246023 0.042626 0.103409
0 104 0.491475 0.288636 0.041773 0.125000
0 105 0.395993 0.242045 0.041773 0.118182
0 106 0.445439 0.225000 0.038363 0.097727
0 108 0.333760 0.271591 0.034953 0.118182
0 110 0.397272 0.167045 0.030691 0.079545
0 111 0.432651 0.164773 0.038363 0.093182
0 112 0.410486 0.175000 0.024723 0.077273
0 113 0.276215 0.156250 0.037511 0.107955
0 150 0.515772 0.424432 0.046036 0.135227
0 167 0.044757 0.959659 0.055413 0.082955
0 168 0.367860 0.303977 0.045183 0.121591
0 185 0.469736 0.461932 0.063086 0.117045
0 192 0.224638 0.257386 0.031543 0.094318
0 305 0.013640 0.319886 0.025575 0.114773
0 314 0.194373 0.794886 0.052856 0.157955
0 315 0.042626 0.326136 0.035806 0.111364
0 320 0.015772 0.932386 0.029838 0.130682
0 429 0.312020 0.366477 0.032396 0.121591
0 438 0.834612 0.822727 0.063086 0.152273
0 457 0.817562 0.403977 0.039216 0.130682
0 459 0.770247 0.402273 0.041773 0.120455
0 460 0.789003 0.368750 0.045183 0.130682
0 461 0.749361 0.361932 0.044331 0.117045
0 463 0.814152 0.077841 0.037511 0.096591
0 467 0.058824 0.014773 0.032396 0.027273
0 468 0.196931 0.021023 0.035806 0.039773
0 471 0.166240 0.076705 0.035806 0.101136
0 474 0.563512 0.380682 0.035806 0.131818
0 475 0.185848 0.086364 0.032396 0.106818
0 476 0.255328 0.035795 0.034953 0.069318
0 477 0.296675 0.065909 0.027280 0.100000
0 479 0.356777 0.198295 0.033248 0.114773
0 480 0.330350 0.067614 0.028133 0.087500
0 481 0.373402 0.106250 0.032396 0.103409
0 482 0.359761 0.261364 0.042626 0.118182
0 483 0.488917 0.129545 0.038363 0.100000
0 484 0.519182 0.131818 0.037511 0.104545
0 485 0.416880 0.077841 0.030691 0.094318
0 486 0.445865 0.082955 0.037511 0.100000
0 487 0.362319 0.022159 0.032396 0.042045
0 489 0.456522 0.162500 0.038363 0.097727
0 490 0.403240 0.019886 0.028986 0.037500
0 496 0.695652 0.386364 0.042626 0.125000
0 498 0.581415 0.372727 0.035806 0.131818
0 499 0.569480 0.306250 0.037511 0.117045
0 504 0.329071 0.007386 0.030691 0.012500
0 530 0.572038 0.411364 0.039216 0.118182
0 531 0.394714 0.196023 0.034101 0.114773
