0 13 0.045610 0.769886 0.045183 0.155682
0 17 0.132992 0.644886 0.052856 0.148864
0 18 0.113384 0.592614 0.047741 0.144318
0 19 0.167093 0.594886 0.052856 0.139773
0 20 0.006394 0.759659 0.011083 0.137500
0 22 0.766411 0.984659 0.034101 0.030682
0 23 0.618926 0.749432 0.046036 0.148864
0 24 0.349531 0.543182 0.040921 0.136364
0 25 0.507246 0.717614 0.057971 0.167045
0 26 0.390026 0.715341 0.041773 0.160227
0 27 0.298380 0.316477 0.032396 0.110227
0 28 0.690111 0.353977 0.033248 0.096591
0 30 0.714834 0.352273 0.038363 0.109091
0 32 0.851662 0.553409 0.042626 0.134091
0 33 0.823103 0.571591 0.041773 0.120455
0 34 0.545610 0.296591 0.035806 0.111364
0 35 0.856777 0.699432 0.040921 0.142045
0 49 0.126172 0.859091 0.046036 0.145455
0 57 0.781330 0.963636 0.052003 0.070455
0 58 0.841006 0.965341 0.041773 0.069318
0 60 0.817988 0.885795 0.045183 0.167045
0 61 0.748508 0.923864 0.040921 0.129545
0 62 0.823103 0.709091 0.046888 0.136364
0 64 0.763427 0.554545 0.036658 0.138636
0 65 0.790281 0.556250 0.032396 0.123864
0 66 0.852089 0.165909 0.033248 0.102273
0 67 0.818414 0.155114 0.028986 0.101136
0 74 0.349105 0.314773 0.033248 0.115909
0 75 0.322251 0.330682 0.042626 0.097727
0 77 0.080989 0.257386 0.028986 0.105682
0 78 0.144501 0.257386 0.028133 0.101136
0 79 0.190111 0.227273 0.030691 0.104545
0 81 0.361893 0.275568 0.028133 0.103409
0 82 0.381927 0.286932 0.027280 0.092045
0 83 0.474425 0.510795 0.045183 0.137500
0 84 0.421995 0.303977 0.032396 0.101136
0 85 0.456095 0.301136 0.032396 0.100000
0 86 0.463342 0.380682 0.040068 0.120455
0 87 0.445865 0.286364 0.028986 0.088636
0 88 0.477835 0.282955 0.031543 0.104545
0 95 0.459506 0.231818 0.032396 0.093182
0 96 0.436914 0.209091 0.028133 0.104545
0 97 0.407502 0.216477 0.030691 0.096591
0 98 0.173061 0.166477 0.030691 0.096591
0 99 0.227195 0.214773 0.031543 0.109091
0 100 0.237852 0.231250 0.030691 0.101136
0 101 0.271952 0.234091 0.032396 0.093182
0 102 0.255754 0.211932 0.032396 0.094318
0 103 0.285592 0.191477 0.040921 0.094318
0 104 0.494459 0.214205 0.032396 0.110227
0 105 0.452259 0.177841 0.034953 0.103409
0 106 0.487639 0.167045 0.028986 0.102273
0 108 0.374680 0.201136 0.031543 0.100000
0 110 0.471867 0.128977 0.023018 0.071591
0 111 0.451407 0.126136 0.033248 0.097727
0 112 0.433504 0.141477 0.023018 0.071591
0 113 0.307332 0.109659 0.034953 0.103409
0 150 0.502558 0.300568 0.031543 0.107955
0 168 0.142370 0.377841 0.047741 0.119318
0 185 0.486786 0.353977 0.037511 0.103409
0 192 0.262148 0.194886 0.024723 0.067045
0 269 0.085251 0.853409 0.040921 0.150000
0 297 0.784314 0.886932 0.046036 0.144318
0 299 0.259165 0.898295 0.049446 0.151136
0 300 0.305627 0.888636 0.046888 0.172727
0 301 0.365303 0.895455 0.045183 0.159091
0 305 0.034527 0.306250 0.038363 0.103409
0 306 0.090793 0.971591 0.038363 0.056818
0 314 0.281756 0.673295 0.055413 0.153409
0 315 0.070332 0.305682 0.031543 0.106818
0 319 0.008099 0.600000 0.014493 0.127273
0 320 0.091219 0.769318 0.046036 0.143182
0 417 0.055840 0.957386 0.041773 0.085227
0 429 0.338022 0.280682 0.024723 0.100000
0 438 0.791986 0.627273 0.057971 0.134091
0 457 0.763001 0.313636 0.037511 0.115909
0 459 0.715260 0.311932 0.034101 0.110227
0 460 0.729327 0.286364 0.046888 0.106818
0 461 0.691816 0.273864 0.033248 0.115909
0 463 0.840153 0.041477 0.031543 0.080682
0 464 0.807332 0.037500 0.037511 0.072727
0 467 0.163683 0.013636 0.027280 0.025000
0 470 0.185422 0.010795 0.024723 0.019318
0 471 0.264280 0.035795 0.027280 0.069318
0 475 0.286871 0.040341 0.028133 0.078409
0 476 0.302643 0.023864 0.027280 0.045455
0 477 0.334186 0.037500 0.032396 0.072727
0 479 0.377664 0.135795 0.028986 0.094318
0 480 0.361893 0.040341 0.024723 0.078409
0 481 0.383632 0.055114 0.032396 0.092045
0 482 0.413043 0.189205 0.033248 0.089773
0 483 0.493606 0.080682 0.030691 0.090909
0 484 0.519182 0.082955 0.032396 0.090909
0 485 0.426684 0.046023 0.028133 0.087500
0 486 0.450980 0.052273 0.032396 0.088636
0 489 0.479540 0.122727 0.031543 0.086364
0 491 0.583120 0.092045 0.025575 0.086364
0 531 0.408355 0.138068 0.028986 0.094318
