0 13 0.038789 0.779545 0.045183 0.154545
0 17 0.129582 0.655114 0.051151 0.148864
0 18 0.107843 0.601705 0.048593 0.144318
0 19 0.161552 0.604545 0.052003 0.140909
0 23 0.634271 0.759091 0.052856 0.147727
0 24 0.349957 0.553409 0.041773 0.138636
0 25 0.512788 0.736932 0.058824 0.167045
0 26 0.396419 0.731250 0.042626 0.160227
0 27 0.296675 0.323864 0.032396 0.111364
0 28 0.682438 0.361364 0.034953 0.093182
0 30 0.707161 0.358523 0.038363 0.112500
0 32 0.855925 0.561932 0.042626 0.135227
0 33 0.823103 0.579545 0.041773 0.120455
0 34 0.543905 0.302273 0.035806 0.113636
0 35 0.862745 0.711364 0.040921 0.145455
0 49 0.115090 0.876136 0.046036 0.156818
0 57 0.795823 0.973864 0.052003 0.047727
0 58 0.861466 0.972159 0.040068 0.055682
0 60 0.826939 0.896023 0.044331 0.167045
0 61 0.755754 0.935227 0.040068 0.122727
0 62 0.829071 0.720455 0.046888 0.136364
0 64 0.765985 0.560227 0.036658 0.138636
0 65 0.791986 0.565341 0.032396 0.123864
0 66 0.854646 0.171591 0.033248 0.102273
0 67 0.819267 0.159659 0.028986 0.101136
0 74 0.349105 0.320455 0.031543 0.115909
0 75 0.321398 0.337500 0.042626 0.097727
0 77 0.068201 0.261932 0.028986 0.105682
0 78 0.138960 0.264205 0.028986 0.101136
0 79 0.186701 0.229545 0.030691 0.104545
0 81 0.360188 0.281250 0.028133 0.103409
0 82 0.380222 0.292614 0.027280 0.092045
0 83 0.475703 0.522159 0.042626 0.137500
0 84 0.422421 0.308523 0.031543 0.101136
0 85 0.455243 0.307955 0.032396 0.100000
0 86 0.461637 0.387500 0.040068 0.120455
0 87 0.445865 0.293182 0.028986 0.088636
0 88 0.478687 0.288636 0.031543 0.104545
0 95 0.462916 0.237500 0.032396 0.093182
0 96 0.432651 0.217045 0.028133 0.104545
0 97 0.401961 0.219318 0.031543 0.093182
0 98 0.173061 0.172159 0.030691 0.096591
0 99 0.222933 0.218750 0.031543 0.107955
0 100 0.231884 0.236932 0.030691 0.101136
0 101 0.266837 0.240909 0.032396 0.093182
0 102 0.251492 0.216477 0.032396 0.094318
0 103 0.283035 0.196023 0.040921 0.094318
0 104 0.491901 0.218750 0.032396 0.110227
0 105 0.447997 0.181250 0.034953 0.103409
0 106 0.487639 0.173295 0.028986 0.103409
0 108 0.371697 0.206250 0.032396 0.101136
0 110 0.470588 0.134091 0.023870 0.075000
0 111 0.449275 0.128409 0.034101 0.097727
0 112 0.433078 0.144886 0.023870 0.073864
0 113 0.304774 0.113068 0.031543 0.103409
0 150 0.502558 0.309091 0.031543 0.111364
0 168 0.157715 0.372159 0.046036 0.121591
0 185 0.488065 0.361364 0.038363 0.104545
0 192 0.260443 0.198864 0.024723 0.065909
0 269 0.075021 0.866477 0.040921 0.148864
0 297 0.793691 0.899432 0.046036 0.144318
0 299 0.258738 0.909091 0.050298 0.147727
0 300 0.307332 0.898295 0.048593 0.169318
0 301 0.364024 0.911932 0.044331 0.160227
0 305 0.032822 0.306818 0.038363 0.104545
0 306 0.087809 0.978409 0.032396 0.043182
0 314 0.277494 0.681818 0.055413 0.152273
0 315 0.069480 0.306818 0.031543 0.106818
0 319 0.005541 0.606818 0.009378 0.127273
0 320 0.085251 0.780114 0.046036 0.142045
0 417 0.050725 0.964205 0.041773 0.071591
0 429 0.337170 0.286932 0.024723 0.101136
0 438 0.796249 0.640341 0.057971 0.135227
0 457 0.769821 0.321591 0.037511 0.115909
0 459 0.720375 0.318182 0.034101 0.111364
0 460 0.734442 0.290909 0.046888 0.106818
0 461 0.696931 0.280682 0.033248 0.115909
0 463 0.834612 0.042614 0.030691 0.082955
0 467 0.161125 0.014773 0.027280 0.027273
0 470 0.179454 0.010795 0.024723 0.019318
0 471 0.256607 0.037500 0.027280 0.072727
0 475 0.280477 0.042045 0.028986 0.081818
0 476 0.299233 0.024432 0.027280 0.046591
0 477 0.330776 0.038068 0.032396 0.073864
0 479 0.377664 0.140909 0.028986 0.095455
0 480 0.358909 0.043182 0.027280 0.084091
0 481 0.381927 0.059091 0.032396 0.093182
0 482 0.410486 0.194886 0.033248 0.089773
0 483 0.491901 0.084091 0.030691 0.090909
0 484 0.519182 0.086364 0.032396 0.093182
0 485 0.426684 0.048864 0.028133 0.088636
0 486 0.450980 0.054545 0.034101 0.088636
0 489 0.478261 0.125568 0.032396 0.087500
0 491 0.580989 0.092045 0.026428 0.086364
0 531 0.408355 0.141477 0.028986 0.094318
