0 13 0.018329 0.826136 0.034953 0.150000
0 17 0.115516 0.699432 0.046888 0.148864
0 18 0.079284 0.640909 0.049446 0.147727
0 19 0.138534 0.644886 0.052003 0.144318
0 23 0.687127 0.813068 0.056266 0.151136
0 24 0.355925 0.593750 0.041773 0.137500
0 25 0.531969 0.817045 0.057971 0.170455
0 26 0.428815 0.804545 0.044331 0.163636
0 27 0.289003 0.349432 0.037511 0.114773
0 30 0.683717 0.381250 0.042626 0.107955
0 32 0.871697 0.600000 0.046888 0.147727
0 33 0.824382 0.613636 0.040921 0.122727
0 34 0.539642 0.322727 0.035806 0.115909
0 35 0.887894 0.762500 0.045183 0.154545
0 49 0.069054 0.924432 0.046036 0.151136
0 60 0.873402 0.934091 0.046888 0.131818
0 61 0.820119 0.965909 0.046036 0.061364
0 62 0.853794 0.769318 0.046888 0.143182
0 64 0.761722 0.588636 0.041773 0.140909
0 65 0.795823 0.598295 0.038363 0.126136
0 66 0.858056 0.185795 0.038363 0.107955
0 67 0.825661 0.175000 0.034953 0.106818
0 74 0.346121 0.347727 0.037511 0.118182
0 75 0.321824 0.364773 0.045183 0.100000
0 77 0.018755 0.285795 0.032396 0.107955
0 78 0.118500 0.288068 0.035806 0.107955
0 79 0.168798 0.250000 0.032396 0.111364
0 81 0.356351 0.300568 0.030691 0.101136
0 82 0.375533 0.317614 0.028133 0.096591
0 83 0.474851 0.580682 0.044331 0.140909
0 84 0.421995 0.325568 0.032396 0.101136
0 85 0.454817 0.331250 0.038363 0.105682
0 86 0.453538 0.421023 0.040921 0.123864
0 87 0.442882 0.315341 0.029838 0.089773
0 88 0.484228 0.311364 0.035806 0.097727
0 95 0.466752 0.268182 0.034953 0.104545
0 96 0.413043 0.232386 0.031543 0.105682
0 97 0.383632 0.235227 0.034101 0.093182
0 98 0.167945 0.182386 0.032396 0.094318
0 99 0.204177 0.234659 0.034953 0.110227
0 100 0.211424 0.257386 0.034101 0.107955
0 101 0.251918 0.262500 0.033248 0.100000
0 102 0.233589 0.241477 0.034101 0.107955
0 103 0.274084 0.214205 0.041773 0.098864
0 104 0.485934 0.239773 0.039216 0.113636
0 105 0.431373 0.201136 0.035806 0.106818
0 106 0.468457 0.191477 0.031543 0.101136
0 108 0.361466 0.228409 0.032396 0.111364
0 110 0.454817 0.138636 0.023018 0.075000
0 111 0.447570 0.140341 0.037511 0.094318
0 112 0.430946 0.159091 0.028133 0.081818
0 113 0.294118 0.126705 0.032396 0.105682
0 150 0.505541 0.348864 0.034101 0.125000
0 167 0.012788 0.889205 0.023870 0.151136
0 168 0.231458 0.348295 0.045183 0.119318
0 185 0.478261 0.391477 0.039216 0.112500
0 192 0.251492 0.221023 0.028986 0.078409
0 269 0.030691 0.921591 0.042626 0.145455
0 297 0.835038 0.943750 0.048593 0.114773
0 299 0.256181 0.944318 0.052003 0.111364
0 300 0.311168 0.934091 0.051151 0.129545
0 301 0.371697 0.942614 0.047741 0.110227
0 305 0.024297 0.308523 0.038363 0.112500
0 314 0.257460 0.719886 0.061381 0.153409
0 315 0.060955 0.309659 0.034953 0.110227
0 320 0.062660 0.834659 0.048593 0.137500
0 429 0.328645 0.316477 0.029838 0.114773
0 438 0.811168 0.690341 0.057118 0.142045
0 457 0.790708 0.349432 0.038363 0.126136
0 459 0.738278 0.343750 0.034101 0.114773
0 460 0.755328 0.314773 0.046036 0.113636
0 461 0.715686 0.309659 0.038363 0.117045
0 463 0.820972 0.053977 0.034101 0.092045
0 467 0.143649 0.015909 0.028133 0.029545
0 470 0.157715 0.009091 0.025575 0.015909
0 471 0.225490 0.046591 0.029838 0.090909
0 474 0.568627 0.330114 0.035806 0.126136
0 475 0.251492 0.050000 0.028986 0.093182
0 476 0.283035 0.028409 0.030691 0.054545
0 477 0.318414 0.045455 0.029838 0.088636
0 479 0.375533 0.159659 0.029838 0.105682
0 480 0.346121 0.047159 0.027280 0.087500
0 481 0.379369 0.076136 0.032396 0.100000
0 482 0.394288 0.214773 0.031543 0.097727
0 483 0.486786 0.098864 0.030691 0.093182
0 484 0.519182 0.100000 0.032396 0.100000
0 485 0.424552 0.058523 0.030691 0.092045
0 486 0.450980 0.063636 0.037511 0.090909
0 489 0.471867 0.136932 0.036658 0.094318
0 490 0.414322 0.008523 0.028986 0.014773
0 531 0.407928 0.157386 0.029838 0.098864
