0 13 0.015772 0.837500 0.029838 0.150000
0 17 0.112106 0.710795 0.046888 0.148864
0 18 0.072038 0.650000 0.050298 0.147727
0 19 0.132992 0.653977 0.051151 0.144318
0 23 0.697783 0.826705 0.053708 0.157955
0 24 0.357630 0.602841 0.041773 0.137500
0 25 0.535806 0.834659 0.057118 0.171591
0 26 0.437766 0.823295 0.041773 0.164773
0 27 0.287298 0.354545 0.040921 0.115909
0 30 0.676044 0.386364 0.042626 0.113636
0 32 0.874680 0.608523 0.047741 0.146591
0 33 0.826087 0.622159 0.039216 0.126136
0 34 0.538789 0.327841 0.035806 0.114773
0 35 0.893862 0.773864 0.046888 0.154545
0 49 0.057545 0.930114 0.046888 0.139773
0 60 0.885337 0.942045 0.046888 0.115909
0 61 0.838448 0.972727 0.041773 0.047727
0 62 0.859761 0.780114 0.046888 0.146591
0 64 0.759591 0.594886 0.044331 0.142045
0 65 0.796249 0.605114 0.040921 0.128409
0 66 0.858483 0.188068 0.040921 0.110227
0 67 0.826939 0.179545 0.035806 0.109091
0 74 0.344416 0.354545 0.040921 0.120455
0 75 0.320119 0.368182 0.046888 0.106818
0 77 0.014066 0.291477 0.026428 0.110227
0 78 0.113384 0.292614 0.039216 0.110227
0 79 0.164109 0.256818 0.033248 0.113636
0 81 0.354220 0.309091 0.033248 0.111364
0 82 0.373828 0.321591 0.031543 0.102273
0 83 0.471441 0.594318 0.047741 0.140909
0 84 0.422847 0.328977 0.037511 0.107955
0 85 0.455243 0.335227 0.040921 0.109091
0 86 0.450128 0.431250 0.040921 0.126136
0 87 0.443734 0.318750 0.031543 0.092045
0 88 0.485507 0.317045 0.036658 0.095455
0 95 0.465899 0.275568 0.036658 0.110227
0 96 0.408781 0.237500 0.034953 0.106818
0 97 0.380222 0.239773 0.035806 0.097727
0 98 0.165388 0.189773 0.034101 0.102273
0 99 0.199488 0.238068 0.037511 0.110227
0 100 0.207587 0.261932 0.034953 0.110227
0 101 0.246803 0.266477 0.036658 0.105682
0 102 0.229327 0.247727 0.034101 0.111364
0 103 0.271526 0.218182 0.041773 0.100000
0 104 0.484655 0.245455 0.041773 0.113636
0 105 0.426684 0.206818 0.038363 0.111364
0 106 0.462916 0.193750 0.035806 0.098864
0 108 0.359761 0.234091 0.034101 0.115909
0 110 0.449702 0.142045 0.021313 0.075000
0 111 0.447144 0.143182 0.038363 0.093182
0 112 0.429241 0.155682 0.026428 0.077273
0 113 0.292413 0.129545 0.035806 0.106818
0 150 0.505115 0.357386 0.038363 0.126136
0 167 0.015345 0.901136 0.028986 0.152273
0 168 0.245098 0.336364 0.045183 0.120455
0 185 0.475703 0.398864 0.039216 0.113636
0 192 0.248508 0.227273 0.029838 0.084091
0 269 0.021739 0.928977 0.041773 0.137500
0 297 0.844416 0.951136 0.050298 0.100000
0 299 0.255754 0.950568 0.051151 0.098864
0 300 0.311168 0.941477 0.051151 0.114773
0 301 0.373402 0.949432 0.049446 0.098864
0 305 0.022165 0.309091 0.039216 0.113636
0 314 0.251492 0.728977 0.061381 0.151136
0 315 0.058824 0.310227 0.035806 0.111364
0 320 0.057971 0.847727 0.049446 0.136364
0 429 0.326939 0.323295 0.031543 0.119318
0 438 0.810742 0.705114 0.056266 0.144318
0 457 0.794118 0.355682 0.038363 0.129545
0 459 0.741688 0.349432 0.034101 0.117045
0 460 0.760443 0.320455 0.046036 0.115909
0 461 0.719523 0.316477 0.040921 0.117045
0 463 0.818841 0.057386 0.036658 0.094318
0 467 0.135124 0.017614 0.029838 0.032955
0 468 0.256181 0.009091 0.029838 0.015909
0 470 0.153453 0.007955 0.027280 0.013636
0 471 0.218670 0.049432 0.029838 0.096591
0 474 0.568201 0.335227 0.036658 0.129545
0 475 0.243393 0.054545 0.029838 0.095455
0 476 0.280051 0.029545 0.033248 0.056818
0 477 0.315004 0.047159 0.028133 0.092045
0 479 0.374680 0.163636 0.029838 0.109091
0 480 0.343564 0.050568 0.027280 0.087500
0 481 0.379369 0.080114 0.032396 0.101136
0 482 0.391304 0.220455 0.032396 0.100000
0 483 0.487639 0.100568 0.032396 0.096591
0 484 0.519182 0.103409 0.032396 0.102273
0 485 0.424126 0.060795 0.031543 0.094318
0 486 0.450554 0.065909 0.038363 0.090909
0 489 0.470162 0.139205 0.036658 0.096591
0 490 0.412617 0.009659 0.028986 0.017045
0 531 0.407502 0.167614 0.030691 0.107955
