0 13 0.081841 0.721591 0.046036 0.150000
0 17 0.147485 0.598295 0.052856 0.137500
0 18 0.138534 0.554545 0.046888 0.143182
0 19 0.188832 0.553409 0.052003 0.131818
0 20 0.027707 0.698864 0.046888 0.136364
0 21 0.682012 0.951136 0.046036 0.093182
0 22 0.696931 0.937500 0.043478 0.115909
0 23 0.580136 0.686364 0.045183 0.140909
0 24 0.345695 0.496023 0.040068 0.130682
0 25 0.482950 0.649432 0.057118 0.146591
0 26 0.382779 0.646023 0.040921 0.155682
0 27 0.303922 0.289773 0.033248 0.102273
0 28 0.729327 0.322727 0.029838 0.102273
0 29 0.696931 0.296591 0.033248 0.111364
0 30 0.752771 0.327841 0.042626 0.110227
0 32 0.837170 0.515341 0.042626 0.132955
0 33 0.810315 0.530682 0.041773 0.111364
0 34 0.554987 0.268750 0.035806 0.107955
0 35 0.835891 0.651136 0.041773 0.138636
0 49 0.171782 0.790341 0.041773 0.142045
0 57 0.731458 0.918750 0.051151 0.128409
0 58 0.771100 0.925000 0.040068 0.131818
0 59 0.969309 0.982955 0.037511 0.034091
0 60 0.788150 0.809091 0.046888 0.159091
0 61 0.726769 0.869318 0.041773 0.143182
0 62 0.806479 0.658523 0.046036 0.132955
0 64 0.759165 0.522727 0.036658 0.138636
0 65 0.783887 0.517614 0.033248 0.123864
0 66 0.842285 0.144318 0.032396 0.097727
0 67 0.813299 0.132955 0.028986 0.102273
0 74 0.350810 0.285795 0.033248 0.114773
0 75 0.326939 0.299432 0.038363 0.096591
0 77 0.121910 0.231250 0.032396 0.098864
0 78 0.170077 0.230682 0.028133 0.102273
0 79 0.212702 0.197159 0.029838 0.101136
0 81 0.368286 0.250000 0.028986 0.104545
0 82 0.387894 0.256818 0.027280 0.090909
0 83 0.471441 0.452841 0.044331 0.130682
0 84 0.419011 0.274432 0.038363 0.101136
0 85 0.458227 0.273864 0.031543 0.100000
0 86 0.471867 0.344318 0.040068 0.120455
0 87 0.442882 0.256818 0.028133 0.088636
0 88 0.473572 0.248864 0.031543 0.104545
0 95 0.461637 0.198864 0.029838 0.093182
0 96 0.453112 0.181250 0.028133 0.094318
0 97 0.419864 0.189773 0.031543 0.097727
0 98 0.176044 0.144886 0.031543 0.096591
0 99 0.242540 0.194318 0.031543 0.106818
0 100 0.260017 0.206250 0.030691 0.101136
0 101 0.289003 0.206250 0.030691 0.094318
0 102 0.273231 0.191477 0.031543 0.094318
0 103 0.294544 0.169318 0.038363 0.093182
0 104 0.504689 0.190341 0.032396 0.110227
0 105 0.462063 0.153977 0.035806 0.103409
0 106 0.489344 0.139773 0.028986 0.097727
0 108 0.389599 0.175000 0.032396 0.100000
0 110 0.474851 0.115909 0.023870 0.070455
0 111 0.457374 0.112500 0.029838 0.097727
0 112 0.436914 0.123295 0.021313 0.067045
0 113 0.316283 0.086364 0.035806 0.100000
0 150 0.505541 0.263636 0.034101 0.113636
0 168 0.072038 0.397159 0.055413 0.119318
0 185 0.476556 0.319886 0.037511 0.103409
0 192 0.269821 0.175568 0.026428 0.067045
0 269 0.129156 0.792045 0.041773 0.147727
0 297 0.749361 0.823864 0.046036 0.143182
0 299 0.257460 0.841477 0.046036 0.144318
0 300 0.301364 0.828409 0.046888 0.161364
0 301 0.369139 0.831818 0.046036 0.154545
0 305 0.034527 0.306250 0.036658 0.101136
0 306 0.115942 0.939205 0.046036 0.117045
0 314 0.297101 0.635227 0.055413 0.154545
0 315 0.068201 0.303977 0.035806 0.105682
0 319 0.015772 0.561932 0.029838 0.123864
0 320 0.117647 0.718182 0.042626 0.138636
0 417 0.085678 0.923864 0.052003 0.152273
0 429 0.341858 0.254545 0.023870 0.097727
0 438 0.766411 0.569318 0.057971 0.134091
0 457 0.733589 0.279545 0.036658 0.113636
0 460 0.713555 0.251136 0.044331 0.106818
0 463 0.875959 0.032955 0.029838 0.063636
0 464 0.847826 0.028409 0.028133 0.054545
0 465 0.822251 0.033523 0.031543 0.064773
0 467 0.177749 0.007386 0.026428 0.012500
0 470 0.216539 0.007386 0.027280 0.012500
0 471 0.292413 0.026136 0.023870 0.050000
0 475 0.312447 0.028977 0.026428 0.055682
0 476 0.319693 0.017045 0.027280 0.031818
0 477 0.351236 0.030682 0.032396 0.059091
0 479 0.373402 0.114205 0.028986 0.094318
0 480 0.372123 0.032955 0.028133 0.063636
0 481 0.389173 0.039773 0.029838 0.077273
0 482 0.426684 0.165341 0.033248 0.089773
0 483 0.492327 0.061364 0.031543 0.090909
0 484 0.514919 0.062500 0.032396 0.090909
0 485 0.420716 0.035227 0.028133 0.068182
0 486 0.451407 0.041477 0.031543 0.076136
0 489 0.479113 0.106818 0.032396 0.086364
0 491 0.566070 0.061364 0.025575 0.086364
0 531 0.405797 0.116477 0.028986 0.094318
