0 13 0.020034 0.819318 0.038363 0.150000
0 17 0.117647 0.692614 0.046036 0.148864
0 18 0.083120 0.635795 0.050298 0.146591
0 19 0.141517 0.639205 0.051151 0.144318
0 23 0.680307 0.805114 0.054561 0.148864
0 24 0.355072 0.588068 0.041773 0.137500
0 25 0.529838 0.806250 0.058824 0.169318
0 26 0.423700 0.794318 0.044331 0.163636
0 27 0.289855 0.346591 0.035806 0.113636
0 30 0.687980 0.378977 0.042626 0.107955
0 32 0.869565 0.594886 0.046036 0.146591
0 33 0.823103 0.608523 0.041773 0.121591
0 34 0.539642 0.320455 0.035806 0.115909
0 35 0.884484 0.755682 0.043478 0.154545
0 49 0.075874 0.921591 0.046036 0.159091
0 60 0.867008 0.929545 0.046036 0.138636
0 61 0.811594 0.960795 0.046036 0.071591
0 62 0.849957 0.762500 0.046036 0.140909
0 64 0.763001 0.584091 0.040921 0.140909
0 65 0.795396 0.593750 0.037511 0.126136
0 66 0.857630 0.184091 0.037511 0.106818
0 67 0.824808 0.173295 0.033248 0.105682
0 74 0.347400 0.344318 0.034953 0.118182
0 75 0.321398 0.361364 0.044331 0.100000
0 77 0.024723 0.282955 0.030691 0.106818
0 78 0.121057 0.285227 0.034101 0.106818
0 79 0.171355 0.246591 0.032396 0.109091
0 81 0.357204 0.297727 0.030691 0.100000
0 82 0.375959 0.314205 0.027280 0.096591
0 83 0.475703 0.572159 0.046036 0.139773
0 84 0.422421 0.323295 0.031543 0.101136
0 85 0.454390 0.328409 0.035806 0.104545
0 86 0.455243 0.415341 0.040921 0.121591
0 87 0.443308 0.313636 0.028986 0.088636
0 88 0.483376 0.308523 0.034101 0.098864
0 95 0.466752 0.263636 0.034953 0.102273
0 96 0.415601 0.228977 0.029838 0.105682
0 97 0.385337 0.232955 0.034101 0.090909
0 98 0.169650 0.178977 0.030691 0.089773
0 99 0.207161 0.232955 0.034101 0.109091
0 100 0.213981 0.254545 0.034101 0.106818
0 101 0.254049 0.259659 0.032396 0.098864
0 102 0.235720 0.238068 0.033248 0.105682
0 103 0.274936 0.211364 0.041773 0.097727
0 104 0.486786 0.236932 0.037511 0.112500
0 105 0.434356 0.198295 0.034953 0.103409
0 106 0.471014 0.189773 0.029838 0.102273
0 108 0.362319 0.225568 0.032396 0.107955
0 110 0.456948 0.138636 0.023870 0.075000
0 111 0.447570 0.138636 0.037511 0.095455
0 112 0.431799 0.160227 0.028133 0.084091
0 113 0.295823 0.125000 0.030691 0.104545
0 150 0.505541 0.343750 0.032396 0.123864
0 167 0.011083 0.882386 0.020460 0.148864
0 168 0.222506 0.351705 0.046036 0.119318
0 185 0.479540 0.387500 0.038363 0.111364
0 192 0.252771 0.217614 0.028133 0.076136
0 269 0.037084 0.917614 0.041773 0.148864
0 297 0.829497 0.938636 0.047741 0.122727
0 299 0.256181 0.940341 0.052003 0.117045
0 300 0.310742 0.930114 0.050298 0.137500
0 301 0.370418 0.938636 0.046888 0.118182
0 305 0.025575 0.307955 0.039216 0.111364
0 314 0.260017 0.713636 0.061381 0.154545
0 315 0.062234 0.309091 0.034101 0.109091
0 320 0.066070 0.827273 0.048593 0.138636
0 429 0.329923 0.311932 0.028986 0.112500
0 438 0.809889 0.683523 0.057971 0.142045
0 457 0.788576 0.346023 0.037511 0.123864
0 459 0.735720 0.340341 0.034101 0.114773
0 460 0.752771 0.311364 0.046036 0.111364
0 461 0.713129 0.305682 0.036658 0.115909
0 463 0.822251 0.051705 0.033248 0.092045
0 467 0.147485 0.015341 0.027280 0.028409
0 470 0.160273 0.009659 0.025575 0.017045
0 471 0.229327 0.044886 0.028986 0.087500
0 474 0.569054 0.327273 0.034953 0.125000
0 475 0.256607 0.047727 0.028986 0.090909
0 476 0.285166 0.027841 0.029838 0.053409
0 477 0.320119 0.044318 0.029838 0.086364
0 479 0.375533 0.156818 0.029838 0.104545
0 480 0.347826 0.046023 0.027280 0.087500
0 481 0.379369 0.073295 0.032396 0.098864
0 482 0.395567 0.214773 0.032396 0.097727
0 483 0.486786 0.097727 0.030691 0.090909
0 484 0.519182 0.098295 0.032396 0.098864
0 485 0.424979 0.057386 0.029838 0.092045
0 486 0.450554 0.062500 0.036658 0.090909
0 489 0.472720 0.135795 0.034953 0.094318
0 490 0.415175 0.007955 0.028986 0.013636
0 531 0.408355 0.152841 0.028986 0.094318
