0 8 0.866155 0.971023 0.037511 0.055682
0 12 0.825661 0.975568 0.046888 0.048864
0 13 0.094203 0.702273 0.045183 0.150000
0 17 0.146633 0.576705 0.051151 0.137500
0 18 0.148764 0.535227 0.046888 0.140909
0 19 0.198210 0.535795 0.052003 0.128409
0 20 0.044757 0.673295 0.046888 0.137500
0 21 0.647911 0.931250 0.047741 0.126136
0 22 0.662404 0.919886 0.037511 0.137500
0 23 0.569906 0.656818 0.046888 0.136364
0 24 0.343990 0.478977 0.040068 0.128409
0 25 0.475277 0.623864 0.057118 0.147727
0 26 0.382779 0.614773 0.040921 0.154545
0 27 0.307332 0.279545 0.033248 0.102273
0 28 0.748082 0.312500 0.031543 0.102273
0 29 0.715686 0.285227 0.033248 0.111364
0 30 0.773657 0.315909 0.040068 0.111364
0 32 0.835465 0.498864 0.042626 0.131818
0 33 0.804348 0.513068 0.041773 0.105682
0 34 0.559676 0.256250 0.034953 0.107955
0 35 0.826939 0.630682 0.040921 0.138636
0 49 0.188406 0.764205 0.040921 0.135227
0 57 0.715686 0.893750 0.052003 0.132955
0 58 0.748934 0.903977 0.040068 0.151136
0 59 0.945013 0.961364 0.058824 0.075000
0 60 0.786019 0.785227 0.044331 0.156818
0 61 0.707587 0.843750 0.040921 0.144318
0 62 0.800085 0.635795 0.043478 0.130682
0 64 0.756607 0.507955 0.036658 0.138636
0 65 0.778772 0.502841 0.033248 0.123864
0 66 0.838875 0.135227 0.032396 0.093182
0 67 0.810742 0.117045 0.028986 0.102273
0 74 0.349105 0.272727 0.033248 0.111364
0 75 0.328645 0.286932 0.040068 0.096591
0 77 0.138107 0.216477 0.032396 0.098864
0 78 0.184569 0.219318 0.028133 0.102273
0 79 0.219523 0.185227 0.029838 0.100000
0 81 0.369139 0.237500 0.028986 0.104545
0 82 0.389599 0.245455 0.027280 0.090909
0 83 0.469736 0.425000 0.044331 0.127273
0 84 0.420290 0.263068 0.039216 0.101136
0 85 0.459079 0.262500 0.031543 0.100000
0 86 0.473572 0.327273 0.040068 0.118182
0 87 0.442029 0.244886 0.028133 0.085227
0 88 0.472293 0.232955 0.032396 0.104545
0 95 0.463768 0.186364 0.028986 0.093182
0 96 0.456948 0.167614 0.028986 0.094318
0 97 0.418585 0.180114 0.030691 0.096591
0 98 0.180733 0.136932 0.030691 0.096591
0 99 0.247229 0.182955 0.032396 0.106818
0 100 0.267263 0.196023 0.031543 0.101136
0 101 0.294118 0.195455 0.028986 0.093182
0 102 0.280904 0.182386 0.029838 0.094318
0 103 0.299659 0.162500 0.038363 0.093182
0 104 0.508099 0.176705 0.032396 0.110227
0 105 0.465473 0.143750 0.035806 0.103409
0 106 0.492754 0.129545 0.028986 0.095455
0 108 0.392157 0.165909 0.032396 0.100000
0 110 0.478687 0.106818 0.024723 0.070455
0 111 0.460358 0.106818 0.028986 0.097727
0 112 0.439471 0.114205 0.021313 0.067045
0 113 0.320119 0.075568 0.034953 0.098864
0 150 0.507246 0.246591 0.034101 0.113636
0 168 0.040068 0.400000 0.054561 0.120455
0 185 0.479113 0.305114 0.035806 0.103409
0 192 0.274936 0.165909 0.028133 0.065909
0 269 0.147911 0.764205 0.040068 0.144318
0 296 0.005115 0.552841 0.008525 0.117045
0 297 0.740409 0.797727 0.045183 0.143182
0 299 0.258738 0.817614 0.046888 0.144318
0 300 0.300512 0.802273 0.046888 0.156818
0 301 0.368286 0.808523 0.046036 0.153409
0 305 0.034527 0.306250 0.036658 0.101136
0 306 0.129582 0.920455 0.046036 0.138636
0 314 0.302217 0.614773 0.055413 0.150000
0 315 0.066922 0.302841 0.036658 0.105682
0 319 0.020034 0.545455 0.038363 0.120455
0 320 0.128730 0.693750 0.040921 0.130682
0 337 0.020460 0.981818 0.039216 0.036364
0 417 0.100171 0.898864 0.052003 0.156818
0 429 0.344842 0.240909 0.024723 0.097727
0 438 0.751918 0.544318 0.056266 0.134091
0 457 0.719096 0.267045 0.034953 0.109091
0 460 0.707161 0.234091 0.041773 0.106818
0 463 0.893436 0.029545 0.028986 0.056818
0 464 0.867860 0.025568 0.025575 0.048864
0 465 0.836317 0.030682 0.032396 0.059091
0 471 0.303495 0.021023 0.023870 0.039773
0 475 0.326087 0.022727 0.028133 0.043182
0 476 0.326513 0.013068 0.027280 0.023864
0 477 0.358909 0.026705 0.030691 0.051136
0 479 0.371697 0.103977 0.028986 0.094318
0 480 0.380222 0.028409 0.025575 0.054545
0 481 0.390452 0.034091 0.028986 0.065909
0 482 0.431799 0.153977 0.033248 0.089773
0 483 0.490622 0.054545 0.031543 0.088636
0 484 0.513214 0.053409 0.032396 0.090909
0 485 0.419864 0.031818 0.028133 0.061364
0 486 0.451407 0.035795 0.031543 0.069318
0 489 0.479113 0.099432 0.032396 0.087500
0 491 0.565644 0.051136 0.024723 0.086364
0 531 0.404945 0.106250 0.028986 0.094318
