0 13 0.013640 0.847727 0.025575 0.150000
0 17 0.109122 0.721023 0.047741 0.148864
0 18 0.065644 0.658523 0.049446 0.148864
0 19 0.128730 0.662500 0.051151 0.145455
0 23 0.707587 0.838636 0.052856 0.161364
0 24 0.359335 0.610795 0.041773 0.137500
0 25 0.539642 0.852273 0.056266 0.172727
0 26 0.445013 0.840909 0.040921 0.165909
0 27 0.285592 0.358523 0.042626 0.117045
0 30 0.670077 0.390909 0.042626 0.118182
0 32 0.877238 0.615909 0.047741 0.145455
0 33 0.828218 0.630114 0.038363 0.128409
0 34 0.537937 0.331818 0.035806 0.115909
0 35 0.899403 0.783523 0.047741 0.155682
0 49 0.047315 0.935227 0.048593 0.129545
0 60 0.895993 0.949432 0.047741 0.103409
0 62 0.865303 0.790909 0.047741 0.150000
0 64 0.757460 0.601705 0.045183 0.142045
0 65 0.797101 0.611932 0.042626 0.128409
0 66 0.858909 0.190909 0.041773 0.111364
0 67 0.828645 0.182386 0.037511 0.110227
0 74 0.342711 0.360795 0.044331 0.121591
0 75 0.317988 0.368182 0.047741 0.118182
0 77 0.010230 0.297159 0.018755 0.112500
0 78 0.109122 0.296591 0.040921 0.111364
0 79 0.160273 0.262500 0.034101 0.115909
0 81 0.352515 0.316477 0.034953 0.119318
0 82 0.371697 0.325000 0.034101 0.106818
0 83 0.471867 0.611932 0.045183 0.148864
0 84 0.423274 0.331818 0.041773 0.111364
0 85 0.455243 0.338636 0.042626 0.111364
0 86 0.447997 0.438636 0.040068 0.127273
0 87 0.443308 0.321591 0.032396 0.093182
0 88 0.486786 0.321591 0.037511 0.095455
0 95 0.465473 0.282386 0.037511 0.114773
0 96 0.405371 0.242614 0.036658 0.107955
0 97 0.377238 0.243182 0.036658 0.100000
0 98 0.162830 0.196023 0.035806 0.107955
0 99 0.195226 0.240909 0.039216 0.109091
0 100 0.203751 0.266477 0.035806 0.112500
0 101 0.242540 0.269886 0.038363 0.110227
0 102 0.225916 0.252841 0.034101 0.114773
0 103 0.269821 0.221023 0.041773 0.101136
0 104 0.483802 0.249432 0.041773 0.114773
0 105 0.422847 0.211364 0.040921 0.113636
0 106 0.458653 0.196591 0.037511 0.097727
0 108 0.358483 0.238636 0.034953 0.118182
0 110 0.442455 0.144886 0.027280 0.073864
0 111 0.446718 0.145455 0.039216 0.093182
0 112 0.427110 0.153409 0.025575 0.072727
0 113 0.290281 0.131818 0.038363 0.106818
0 150 0.505541 0.365341 0.040921 0.126136
0 167 0.017903 0.911364 0.034101 0.154545
0 168 0.257033 0.327841 0.045183 0.121591
0 185 0.473572 0.405682 0.040068 0.113636
0 192 0.245951 0.232386 0.031543 0.087500
0 269 0.017903 0.935795 0.034101 0.130682
0 297 0.853367 0.957386 0.051151 0.087500
0 299 0.254902 0.956250 0.051151 0.089773
0 300 0.311594 0.948864 0.052003 0.102273
0 301 0.375107 0.956250 0.051151 0.087500
0 305 0.020460 0.309659 0.039216 0.114773
0 314 0.245524 0.735795 0.061381 0.148864
0 315 0.057118 0.311364 0.035806 0.111364
0 320 0.052856 0.858523 0.049446 0.135227
0 429 0.324808 0.328977 0.032396 0.121591
0 438 0.811168 0.717614 0.055413 0.146591
0 457 0.798380 0.361364 0.038363 0.131818
0 459 0.745098 0.355114 0.034101 0.119318
0 460 0.765558 0.326705 0.046036 0.117045
0 461 0.722933 0.322159 0.042626 0.117045
0 463 0.817136 0.060795 0.038363 0.096591
0 467 0.127451 0.018750 0.031543 0.035227
0 468 0.245524 0.011364 0.034101 0.020455
0 470 0.151321 0.007386 0.028133 0.012500
0 471 0.212276 0.052273 0.030691 0.100000
0 474 0.567349 0.339205 0.036658 0.130682
0 475 0.236147 0.057955 0.030691 0.097727
0 476 0.277067 0.030682 0.034101 0.059091
0 477 0.312447 0.048864 0.028133 0.095455
0 479 0.374254 0.167614 0.028986 0.110227
0 480 0.341006 0.052841 0.027280 0.087500
0 481 0.378517 0.083523 0.032396 0.103409
0 482 0.388747 0.224432 0.034101 0.101136
0 483 0.488491 0.102273 0.034101 0.100000
0 484 0.519182 0.106250 0.034101 0.103409
0 485 0.423274 0.063068 0.031543 0.094318
0 486 0.450980 0.068182 0.039216 0.090909
0 487 0.375959 0.011932 0.032396 0.021591
0 489 0.468883 0.142045 0.037511 0.097727
0 490 0.410912 0.010795 0.028986 0.019318
0 531 0.406650 0.174432 0.032396 0.114773
