0 13 0.035806 0.784091 0.046036 0.152273
0 17 0.128303 0.658523 0.050298 0.148864
0 18 0.105712 0.606250 0.049446 0.144318
0 19 0.159420 0.608523 0.052856 0.139773
0 23 0.640665 0.763636 0.055413 0.147727
0 24 0.349957 0.557955 0.041773 0.138636
0 25 0.514919 0.744886 0.057971 0.167045
0 26 0.399403 0.738068 0.043478 0.160227
0 27 0.295823 0.326136 0.032396 0.111364
0 28 0.679454 0.364773 0.035806 0.093182
0 30 0.703751 0.361364 0.038363 0.113636
0 32 0.857630 0.565909 0.042626 0.136364
0 33 0.823103 0.582955 0.041773 0.120455
0 34 0.543052 0.304545 0.035806 0.113636
0 35 0.865303 0.716477 0.040921 0.146591
0 49 0.110827 0.882955 0.046036 0.161364
0 57 0.803069 0.976136 0.054561 0.043182
0 58 0.870844 0.975000 0.040068 0.050000
0 60 0.831202 0.900568 0.044331 0.167045
0 61 0.759165 0.940341 0.040068 0.119318
0 62 0.831202 0.725000 0.046036 0.136364
0 64 0.766837 0.562500 0.036658 0.138636
0 65 0.792839 0.569886 0.032396 0.123864
0 66 0.855499 0.173864 0.033248 0.102273
0 67 0.820119 0.160795 0.028986 0.101136
0 74 0.349105 0.322727 0.031543 0.115909
0 75 0.321398 0.339773 0.042626 0.097727
0 77 0.063086 0.264205 0.028986 0.105682
0 78 0.136829 0.267045 0.029838 0.102273
0 79 0.185422 0.230682 0.031543 0.104545
0 81 0.359335 0.283523 0.028133 0.103409
0 82 0.380222 0.295455 0.027280 0.093182
0 83 0.476982 0.525568 0.045183 0.137500
0 84 0.422421 0.310795 0.031543 0.101136
0 85 0.455243 0.310227 0.032396 0.100000
0 86 0.460784 0.390909 0.040068 0.120455
0 87 0.445013 0.296591 0.028986 0.088636
0 88 0.479540 0.290909 0.031543 0.104545
0 95 0.463768 0.240909 0.032396 0.093182
0 96 0.430946 0.218182 0.028133 0.104545
0 97 0.400256 0.221023 0.031543 0.092045
0 98 0.172208 0.172727 0.030691 0.095455
0 99 0.221228 0.220455 0.031543 0.109091
0 100 0.229327 0.239205 0.030691 0.101136
0 101 0.265132 0.243182 0.032396 0.093182
0 102 0.249787 0.218750 0.032396 0.094318
0 103 0.282182 0.198295 0.040921 0.094318
0 104 0.491049 0.221023 0.032396 0.110227
0 105 0.446292 0.183523 0.034953 0.103409
0 106 0.486786 0.175568 0.028986 0.103409
0 108 0.370418 0.207955 0.031543 0.102273
0 110 0.468457 0.135227 0.024723 0.075000
0 111 0.448849 0.129545 0.034953 0.097727
0 112 0.432651 0.146591 0.024723 0.075000
0 113 0.303495 0.114205 0.030691 0.103409
0 150 0.503410 0.313068 0.031543 0.112500
0 167 0.002984 0.843182 0.004263 0.143182
0 168 0.162830 0.368750 0.046036 0.123864
0 185 0.487212 0.364205 0.038363 0.105682
0 192 0.260443 0.200568 0.024723 0.067045
0 269 0.070759 0.872159 0.040921 0.148864
0 297 0.797954 0.904545 0.046036 0.143182
0 299 0.258312 0.913636 0.051151 0.145455
0 300 0.308184 0.902273 0.048593 0.168182
0 301 0.364024 0.916477 0.044331 0.157955
0 305 0.031969 0.306818 0.038363 0.104545
0 306 0.085678 0.981250 0.029838 0.037500
0 314 0.275362 0.684659 0.056266 0.151136
0 315 0.069054 0.306818 0.032396 0.106818
0 319 0.004689 0.610227 0.007673 0.127273
0 320 0.083120 0.785795 0.046888 0.142045
0 417 0.048593 0.967045 0.040921 0.065909
0 429 0.337170 0.289205 0.024723 0.101136
0 438 0.797954 0.645455 0.057971 0.136364
0 457 0.772379 0.325000 0.037511 0.115909
0 459 0.722933 0.321023 0.034101 0.110227
0 460 0.736147 0.293182 0.046888 0.106818
0 461 0.698636 0.284091 0.033248 0.115909
0 463 0.832481 0.042614 0.029838 0.082955
0 467 0.160273 0.015341 0.027280 0.028409
0 470 0.176897 0.010795 0.024723 0.019318
0 471 0.253623 0.038636 0.028133 0.075000
0 475 0.277920 0.042614 0.028986 0.082955
0 476 0.297528 0.025000 0.027280 0.047727
0 477 0.329923 0.038636 0.032396 0.075000
0 479 0.377664 0.142614 0.028986 0.096591
0 480 0.357204 0.043182 0.027280 0.084091
0 481 0.381074 0.060227 0.032396 0.093182
0 482 0.407076 0.197159 0.033248 0.087500
0 483 0.491049 0.085227 0.030691 0.090909
0 484 0.519182 0.087500 0.032396 0.093182
0 485 0.426257 0.050000 0.028986 0.088636
0 486 0.450980 0.055682 0.034101 0.088636
0 489 0.477408 0.126705 0.032396 0.089773
0 491 0.580989 0.092045 0.026428 0.086364
0 531 0.408355 0.142614 0.028986 0.094318
