0 13 0.041773 0.775000 0.046036 0.154545
0 17 0.130861 0.650568 0.052003 0.148864
0 18 0.110401 0.598295 0.048593 0.144318
0 19 0.164109 0.600568 0.052003 0.139773
0 20 0.003836 0.768182 0.005968 0.138636
0 23 0.627451 0.755114 0.049446 0.148864
0 24 0.349957 0.548864 0.041773 0.136364
0 25 0.510230 0.728977 0.058824 0.167045
0 26 0.393862 0.724432 0.042626 0.160227
0 27 0.297528 0.320455 0.032396 0.111364
0 28 0.685848 0.357955 0.034953 0.095455
0 30 0.710571 0.356250 0.038363 0.110227
0 32 0.854220 0.557955 0.042626 0.134091
0 33 0.823103 0.576136 0.041773 0.120455
0 34 0.544757 0.299432 0.035806 0.112500
0 35 0.860188 0.706818 0.040921 0.143182
0 49 0.119352 0.869318 0.046036 0.152273
0 57 0.789429 0.969318 0.051151 0.056818
0 58 0.852515 0.969318 0.040921 0.061364
0 60 0.823103 0.891477 0.045183 0.167045
0 61 0.752771 0.930114 0.040921 0.126136
0 62 0.826513 0.715909 0.046888 0.136364
0 64 0.765132 0.557955 0.036658 0.138636
0 65 0.791560 0.561932 0.031543 0.123864
0 66 0.853794 0.169318 0.033248 0.102273
0 67 0.818414 0.157386 0.028986 0.101136
0 74 0.348679 0.318182 0.032396 0.115909
0 75 0.322251 0.335227 0.042626 0.097727
0 77 0.073316 0.259659 0.028986 0.105682
0 78 0.141091 0.261932 0.028133 0.101136
0 79 0.188406 0.228409 0.030691 0.104545
0 81 0.360614 0.278409 0.028986 0.104545
0 82 0.381074 0.290341 0.027280 0.092045
0 83 0.474425 0.517614 0.041773 0.137500
0 84 0.422421 0.307386 0.031543 0.101136
0 85 0.455243 0.304545 0.032396 0.100000
0 86 0.462489 0.384091 0.040068 0.120455
0 87 0.445865 0.290909 0.028986 0.088636
0 88 0.478687 0.286364 0.031543 0.104545
0 95 0.461211 0.235227 0.032396 0.093182
0 96 0.434356 0.213636 0.028133 0.104545
0 97 0.404092 0.218182 0.030691 0.095455
0 98 0.173061 0.169886 0.030691 0.096591
0 99 0.224638 0.217045 0.031543 0.109091
0 100 0.234442 0.233523 0.030691 0.101136
0 101 0.269395 0.237500 0.032396 0.093182
0 102 0.253197 0.214205 0.032396 0.094318
0 103 0.283887 0.193750 0.040921 0.094318
0 104 0.493606 0.216477 0.032396 0.110227
0 105 0.449702 0.180114 0.034953 0.103409
0 106 0.487639 0.170455 0.028986 0.102273
0 108 0.372975 0.203977 0.031543 0.101136
0 110 0.471014 0.131818 0.023018 0.072727
0 111 0.450128 0.127273 0.034101 0.097727
0 112 0.433078 0.143182 0.023870 0.072727
0 113 0.305627 0.111932 0.033248 0.103409
0 150 0.502558 0.305114 0.031543 0.110227
0 168 0.151748 0.374432 0.046036 0.119318
0 185 0.488065 0.358523 0.038363 0.103409
0 192 0.261296 0.197159 0.024723 0.067045
0 269 0.079710 0.861364 0.040068 0.150000
0 297 0.789429 0.893750 0.046036 0.144318
0 299 0.258738 0.904545 0.050298 0.147727
0 300 0.306905 0.894318 0.047741 0.170455
0 301 0.364450 0.905114 0.045183 0.160227
0 305 0.033674 0.306250 0.038363 0.103409
0 306 0.089088 0.975568 0.034953 0.048864
0 314 0.280051 0.678409 0.055413 0.152273
0 315 0.070332 0.306818 0.031543 0.106818
0 319 0.006820 0.604545 0.011935 0.127273
0 320 0.087809 0.775568 0.046036 0.142045
0 417 0.052856 0.961364 0.040921 0.077273
0 429 0.337170 0.284091 0.024723 0.100000
0 438 0.794544 0.635227 0.057971 0.134091
0 457 0.766411 0.318182 0.037511 0.115909
0 459 0.717818 0.315341 0.034101 0.110227
0 460 0.732737 0.288636 0.046888 0.106818
0 461 0.694373 0.278409 0.033248 0.115909
0 463 0.837170 0.042045 0.030691 0.081818
0 467 0.162404 0.014205 0.026428 0.026136
0 470 0.182012 0.010795 0.024723 0.019318
0 471 0.260017 0.036932 0.027280 0.071591
0 475 0.283461 0.041477 0.028133 0.080682
0 476 0.300938 0.024432 0.027280 0.046591
0 477 0.332481 0.037500 0.032396 0.072727
0 479 0.377664 0.138636 0.028986 0.095455
0 480 0.360188 0.042045 0.026428 0.081818
0 481 0.382779 0.057386 0.032396 0.092045
0 482 0.411338 0.192614 0.033248 0.089773
0 483 0.492754 0.081818 0.030691 0.090909
0 484 0.519182 0.084659 0.032396 0.092045
0 485 0.426684 0.047727 0.028133 0.088636
0 486 0.450554 0.053409 0.033248 0.088636
0 489 0.478687 0.124432 0.031543 0.087500
0 491 0.581841 0.092045 0.026428 0.086364
0 531 0.408355 0.140341 0.028986 0.094318
