0 13 0.067775 0.740909 0.045183 0.152273
0 17 0.143223 0.617045 0.052856 0.140909
0 18 0.128303 0.569318 0.046888 0.143182
0 19 0.180307 0.569886 0.052003 0.135227
0 20 0.018329 0.722727 0.034953 0.136364
0 21 0.711424 0.968182 0.043478 0.061364
0 22 0.726769 0.953977 0.040068 0.085227
0 23 0.592924 0.711932 0.046888 0.144318
0 24 0.347400 0.515341 0.040068 0.132955
0 25 0.492754 0.674432 0.057971 0.153409
0 26 0.385763 0.668182 0.041773 0.147727
0 27 0.300512 0.299432 0.033248 0.103409
0 28 0.711424 0.335227 0.029838 0.102273
0 29 0.679881 0.315341 0.034953 0.112500
0 30 0.737852 0.337500 0.040068 0.109091
0 32 0.841432 0.530682 0.042626 0.134091
0 33 0.815431 0.547159 0.041773 0.114773
0 34 0.550725 0.281250 0.035806 0.107955
0 35 0.843564 0.670455 0.041773 0.138636
0 49 0.153879 0.818182 0.043478 0.145455
0 57 0.748934 0.940909 0.050298 0.118182
0 58 0.795396 0.942614 0.040921 0.110227
0 60 0.794970 0.836932 0.050298 0.162500
0 61 0.732737 0.893182 0.041773 0.143182
0 62 0.812873 0.678409 0.046888 0.134091
0 64 0.759165 0.537500 0.036658 0.138636
0 65 0.786445 0.533523 0.033248 0.123864
0 66 0.845269 0.153409 0.033248 0.102273
0 67 0.815004 0.145455 0.028986 0.102273
0 74 0.350810 0.297159 0.033248 0.114773
0 75 0.325234 0.311932 0.038363 0.096591
0 77 0.105712 0.241477 0.030691 0.101136
0 78 0.159847 0.241477 0.028133 0.101136
0 79 0.203751 0.211364 0.030691 0.102273
0 81 0.366581 0.261364 0.028986 0.104545
0 82 0.385337 0.269318 0.027280 0.090909
0 83 0.471867 0.474432 0.045183 0.130682
0 84 0.419437 0.285795 0.037511 0.101136
0 85 0.457801 0.285227 0.032396 0.100000
0 86 0.468457 0.359091 0.040068 0.120455
0 87 0.443308 0.268182 0.028986 0.088636
0 88 0.475703 0.264773 0.032396 0.104545
0 95 0.459506 0.212500 0.030691 0.093182
0 96 0.447570 0.191477 0.028986 0.096591
0 97 0.417306 0.199432 0.031543 0.096591
0 98 0.173913 0.152841 0.032396 0.096591
0 99 0.236573 0.203409 0.031543 0.106818
0 100 0.253197 0.216477 0.030691 0.101136
0 101 0.284740 0.217045 0.032396 0.093182
0 102 0.266837 0.200568 0.032396 0.094318
0 103 0.291134 0.178409 0.040068 0.093182
0 104 0.500426 0.201705 0.032396 0.110227
0 105 0.458227 0.164205 0.034953 0.103409
0 106 0.488491 0.150568 0.028986 0.098864
0 108 0.383632 0.185227 0.032396 0.100000
0 110 0.472720 0.119318 0.023018 0.070455
0 111 0.454817 0.118182 0.031543 0.097727
0 112 0.435209 0.130114 0.021313 0.067045
0 113 0.312873 0.096023 0.035806 0.101136
0 150 0.504263 0.278409 0.033248 0.111364
0 168 0.099318 0.389773 0.052003 0.122727
0 185 0.480818 0.333523 0.037511 0.103409
0 192 0.265558 0.184659 0.024723 0.067045
0 269 0.112106 0.817045 0.041773 0.150000
0 297 0.758738 0.849432 0.046036 0.144318
0 299 0.258738 0.866477 0.046888 0.151136
0 300 0.303069 0.852841 0.046888 0.167045
0 301 0.369139 0.853409 0.046036 0.154545
0 305 0.034953 0.306250 0.037511 0.101136
0 306 0.104007 0.952841 0.046036 0.092045
0 314 0.291560 0.651136 0.056266 0.154545
0 315 0.069054 0.305114 0.034101 0.105682
0 319 0.011935 0.577273 0.022165 0.127273
0 320 0.106991 0.740341 0.045183 0.144318
0 417 0.073743 0.937500 0.048593 0.125000
0 429 0.339301 0.265341 0.023870 0.098864
0 438 0.776641 0.593182 0.057971 0.134091
0 457 0.745098 0.293182 0.037511 0.115909
0 459 0.700767 0.295455 0.034101 0.111364
0 460 0.719096 0.268182 0.045183 0.106818
0 463 0.859761 0.036932 0.031543 0.071591
0 464 0.834612 0.033523 0.028986 0.064773
0 467 0.169224 0.010227 0.026428 0.018182
0 470 0.204177 0.009091 0.026428 0.015909
0 471 0.281330 0.030114 0.025575 0.057955
0 475 0.300512 0.034659 0.024723 0.067045
0 476 0.312873 0.019886 0.027280 0.037500
0 477 0.342711 0.034091 0.032396 0.065909
0 479 0.375107 0.122159 0.028986 0.094318
0 480 0.368713 0.035227 0.024723 0.068182
0 481 0.388321 0.046023 0.031543 0.089773
0 482 0.424126 0.175568 0.033248 0.089773
0 483 0.492754 0.069318 0.030691 0.090909
0 484 0.516624 0.070455 0.032396 0.090909
0 485 0.423274 0.039205 0.028133 0.076136
0 486 0.451407 0.046023 0.031543 0.082955
0 489 0.479540 0.113636 0.031543 0.086364
0 491 0.572890 0.075000 0.025575 0.086364
0 531 0.406650 0.124432 0.028986 0.094318
