0 13 0.069054 0.739773 0.046036 0.152273
0 17 0.143649 0.615909 0.053708 0.140909
0 18 0.129156 0.568182 0.046888 0.143182
0 19 0.180733 0.568750 0.052856 0.135227
0 20 0.019182 0.720455 0.036658 0.136364
0 21 0.709292 0.966477 0.044331 0.064773
0 22 0.725064 0.952273 0.041773 0.088636
0 23 0.591645 0.710795 0.046036 0.144318
0 24 0.346974 0.513636 0.040921 0.131818
0 25 0.491901 0.672159 0.057971 0.151136
0 26 0.384910 0.666477 0.041773 0.148864
0 27 0.300512 0.298295 0.033248 0.103409
0 28 0.712276 0.334091 0.029838 0.102273
0 29 0.681159 0.314205 0.035806 0.112500
0 30 0.738704 0.336364 0.040068 0.109091
0 32 0.840580 0.529545 0.042626 0.134091
0 33 0.815431 0.545455 0.041773 0.113636
0 34 0.551577 0.280114 0.035806 0.107955
0 35 0.843137 0.668182 0.040921 0.138636
0 49 0.155584 0.815909 0.043478 0.145455
0 57 0.747229 0.939773 0.050298 0.120455
0 58 0.792839 0.941477 0.040921 0.112500
0 60 0.793265 0.834659 0.050298 0.162500
0 61 0.732737 0.890909 0.041773 0.143182
0 62 0.812447 0.676705 0.046036 0.135227
0 64 0.759165 0.536364 0.036658 0.138636
0 65 0.786019 0.532386 0.032396 0.123864
0 66 0.845269 0.152841 0.033248 0.101136
0 67 0.815004 0.144886 0.028986 0.101136
0 74 0.350810 0.296023 0.033248 0.114773
0 75 0.325234 0.310795 0.038363 0.096591
0 77 0.106991 0.240341 0.031543 0.101136
0 78 0.160699 0.240341 0.028133 0.101136
0 79 0.204604 0.209659 0.030691 0.101136
0 81 0.366581 0.260227 0.028986 0.104545
0 82 0.385337 0.268182 0.027280 0.090909
0 83 0.471441 0.471591 0.046036 0.129545
0 84 0.419437 0.284659 0.037511 0.101136
0 85 0.457801 0.284091 0.032396 0.100000
0 86 0.468457 0.357955 0.040068 0.120455
0 87 0.443308 0.267045 0.028986 0.088636
0 88 0.475277 0.263636 0.031543 0.104545
0 95 0.459506 0.211364 0.030691 0.093182
0 96 0.447570 0.190341 0.028986 0.096591
0 97 0.417306 0.199432 0.031543 0.096591
0 98 0.173913 0.151705 0.032396 0.096591
0 99 0.237425 0.203409 0.031543 0.106818
0 100 0.254049 0.215341 0.030691 0.101136
0 101 0.284740 0.215909 0.032396 0.093182
0 102 0.266837 0.199432 0.032396 0.094318
0 103 0.291560 0.177841 0.039216 0.094318
0 104 0.500426 0.200568 0.032396 0.110227
0 105 0.458653 0.163068 0.035806 0.103409
0 106 0.488491 0.149432 0.028986 0.098864
0 108 0.384484 0.184091 0.032396 0.100000
0 110 0.472720 0.118182 0.023018 0.070455
0 111 0.454817 0.117045 0.031543 0.097727
0 112 0.435209 0.130114 0.021313 0.067045
0 113 0.313299 0.095455 0.036658 0.102273
0 150 0.504263 0.277273 0.033248 0.111364
0 168 0.097187 0.391477 0.052856 0.121591
0 185 0.480392 0.332386 0.038363 0.103409
0 192 0.265985 0.183523 0.025575 0.067045
0 269 0.113811 0.814773 0.041773 0.150000
0 297 0.757886 0.847159 0.046036 0.144318
0 299 0.258738 0.864205 0.046888 0.151136
0 300 0.303069 0.851136 0.046888 0.165909
0 301 0.369139 0.852273 0.046036 0.154545
0 305 0.034953 0.306250 0.037511 0.101136
0 306 0.104859 0.951705 0.046036 0.094318
0 314 0.291560 0.649432 0.056266 0.155682
0 315 0.069054 0.305114 0.034101 0.105682
0 319 0.012361 0.576136 0.023018 0.127273
0 320 0.107843 0.739205 0.045183 0.144318
0 417 0.074595 0.936364 0.048593 0.127273
0 429 0.339301 0.264205 0.023870 0.098864
0 438 0.775789 0.590909 0.057971 0.134091
0 457 0.744246 0.292045 0.037511 0.115909
0 459 0.699915 0.294318 0.034101 0.111364
0 460 0.718670 0.267045 0.046036 0.106818
0 463 0.861466 0.036364 0.031543 0.070455
0 464 0.835465 0.032955 0.028986 0.063636
0 467 0.169650 0.010227 0.025575 0.018182
0 470 0.205030 0.009091 0.026428 0.015909
0 471 0.282182 0.029545 0.025575 0.056818
0 475 0.301364 0.034091 0.024723 0.065909
0 476 0.313725 0.019318 0.027280 0.036364
0 477 0.343564 0.033523 0.032396 0.064773
0 479 0.375107 0.122159 0.028986 0.094318
0 480 0.369139 0.035227 0.025575 0.068182
0 481 0.388321 0.045455 0.031543 0.088636
0 482 0.424126 0.174432 0.033248 0.089773
0 483 0.492754 0.068182 0.030691 0.090909
0 484 0.516624 0.070455 0.032396 0.090909
0 485 0.423274 0.039205 0.028133 0.076136
0 486 0.451407 0.045455 0.031543 0.081818
0 489 0.479540 0.112500 0.031543 0.086364
0 491 0.572038 0.073864 0.025575 0.086364
0 531 0.406650 0.124432 0.028986 0.094318
