0 13 0.019608 0.821591 0.037511 0.150000
0 17 0.117221 0.694886 0.046888 0.148864
0 18 0.082268 0.636932 0.050298 0.146591
0 19 0.140665 0.640909 0.051151 0.143182
0 23 0.682438 0.807386 0.055413 0.148864
0 24 0.355072 0.589205 0.041773 0.137500
0 25 0.530264 0.808523 0.057971 0.169318
0 26 0.425405 0.797159 0.044331 0.162500
0 27 0.289855 0.347159 0.035806 0.114773
0 30 0.687127 0.378977 0.042626 0.107955
0 32 0.869991 0.596023 0.046888 0.146591
0 33 0.823529 0.609659 0.040921 0.121591
0 34 0.539642 0.321591 0.035806 0.115909
0 35 0.885337 0.757386 0.043478 0.153409
0 49 0.074169 0.921591 0.046036 0.156818
0 60 0.868286 0.930682 0.046888 0.136364
0 61 0.813725 0.961932 0.046888 0.069318
0 62 0.850810 0.764205 0.046036 0.142045
0 64 0.763001 0.585227 0.040921 0.140909
0 65 0.795396 0.594886 0.037511 0.126136
0 66 0.858056 0.184091 0.038363 0.106818
0 67 0.824808 0.173864 0.033248 0.106818
0 74 0.346974 0.344886 0.035806 0.119318
0 75 0.321398 0.362500 0.044331 0.100000
0 77 0.023444 0.283523 0.031543 0.107955
0 78 0.120631 0.286364 0.034953 0.106818
0 79 0.170929 0.247159 0.031543 0.110227
0 81 0.357204 0.298295 0.030691 0.101136
0 82 0.375959 0.315341 0.027280 0.096591
0 83 0.476130 0.573295 0.045183 0.139773
0 84 0.422421 0.324432 0.031543 0.101136
0 85 0.454817 0.329545 0.036658 0.104545
0 86 0.454817 0.417045 0.040068 0.122727
0 87 0.443308 0.314773 0.028986 0.088636
0 88 0.483802 0.309659 0.034953 0.098864
0 95 0.466752 0.265341 0.034953 0.103409
0 96 0.415175 0.229545 0.030691 0.104545
0 97 0.384910 0.233523 0.033248 0.092045
0 98 0.168798 0.179545 0.030691 0.090909
0 99 0.206309 0.233523 0.034101 0.110227
0 100 0.213555 0.255682 0.033248 0.106818
0 101 0.254049 0.260227 0.032396 0.100000
0 102 0.235720 0.239205 0.033248 0.105682
0 103 0.274936 0.212500 0.041773 0.097727
0 104 0.486360 0.238068 0.038363 0.112500
0 105 0.433504 0.198864 0.034953 0.104545
0 106 0.470588 0.189773 0.030691 0.102273
0 108 0.361893 0.226136 0.031543 0.109091
0 110 0.456095 0.138636 0.023870 0.075000
0 111 0.447570 0.139205 0.037511 0.094318
0 112 0.432225 0.161364 0.028986 0.084091
0 113 0.295396 0.125568 0.031543 0.105682
0 150 0.505541 0.344886 0.032396 0.123864
0 167 0.011509 0.884091 0.021313 0.150000
0 168 0.225064 0.351705 0.046036 0.119318
0 185 0.479113 0.388636 0.039216 0.111364
0 192 0.252771 0.218750 0.028133 0.076136
0 269 0.035379 0.918182 0.041773 0.147727
0 297 0.830776 0.939773 0.048593 0.120455
0 299 0.256181 0.940909 0.052003 0.115909
0 300 0.310742 0.931250 0.050298 0.135227
0 301 0.370418 0.939773 0.046888 0.115909
0 305 0.025149 0.307955 0.038363 0.111364
0 314 0.260017 0.716477 0.061381 0.155682
0 315 0.061807 0.309659 0.034953 0.110227
0 320 0.065217 0.828977 0.048593 0.137500
0 429 0.329923 0.313068 0.028986 0.112500
0 438 0.809889 0.685227 0.057971 0.140909
0 457 0.789003 0.347159 0.038363 0.123864
0 459 0.736573 0.341477 0.034101 0.114773
0 460 0.753197 0.311932 0.046888 0.112500
0 461 0.713555 0.306818 0.037511 0.115909
0 463 0.821398 0.052273 0.033248 0.090909
0 467 0.147485 0.015341 0.027280 0.028409
0 470 0.159420 0.009091 0.025575 0.015909
0 471 0.228474 0.045455 0.028986 0.088636
0 474 0.569054 0.328409 0.034953 0.125000
0 475 0.255328 0.047727 0.028133 0.090909
0 476 0.284740 0.028409 0.030691 0.054545
0 477 0.319267 0.044318 0.029838 0.086364
0 479 0.375533 0.157386 0.029838 0.105682
0 480 0.347826 0.046023 0.027280 0.087500
0 481 0.379369 0.074432 0.032396 0.098864
0 482 0.395141 0.214773 0.031543 0.097727
0 483 0.486786 0.098864 0.030691 0.090909
0 484 0.519182 0.098864 0.032396 0.100000
0 485 0.424552 0.057386 0.030691 0.092045
0 486 0.450554 0.063068 0.036658 0.089773
0 489 0.472293 0.135795 0.035806 0.094318
0 490 0.415175 0.007955 0.028986 0.013636
0 531 0.408355 0.153977 0.028986 0.094318
