0 7 0.010656 0.681818 0.019608 0.127273
0 8 0.757886 0.780682 0.040921 0.140909
0 9 0.052430 0.644318 0.040068 0.131818
0 10 0.015345 0.610795 0.028986 0.130682
0 12 0.651321 0.785795 0.054561 0.153409
0 13 0.200767 0.544318 0.046888 0.131818
0 17 0.161552 0.433523 0.040068 0.128409
0 18 0.215260 0.413068 0.040068 0.132955
0 19 0.260443 0.418182 0.046888 0.125000
0 20 0.181586 0.498295 0.046036 0.121591
0 21 0.472293 0.699432 0.040921 0.148864
0 22 0.488491 0.681250 0.044331 0.142045
0 23 0.526854 0.489773 0.047741 0.125000
0 24 0.343990 0.355682 0.038363 0.113636
0 25 0.441176 0.434659 0.046888 0.142045
0 26 0.396419 0.426705 0.037511 0.135227
0 27 0.296249 0.196023 0.028133 0.092045
0 28 0.841858 0.234659 0.033248 0.094318
0 29 0.803495 0.218182 0.033248 0.102273
0 30 0.867434 0.248864 0.034953 0.102273
0 32 0.820972 0.393182 0.046036 0.120455
0 33 0.785592 0.402841 0.038363 0.101136
0 34 0.577153 0.178977 0.027280 0.096591
0 35 0.811168 0.492045 0.040068 0.127273
0 37 0.841858 0.752273 0.043478 0.154545
0 47 0.617221 0.946023 0.044331 0.107955
0 48 0.062234 0.699432 0.052856 0.132955
0 49 0.271526 0.594886 0.036658 0.126136
0 50 0.918159 0.955114 0.046036 0.089773
0 51 0.653879 0.937500 0.052856 0.120455
0 52 0.184143 0.789773 0.046036 0.145455
0 57 0.690963 0.696023 0.045183 0.128409
0 58 0.716539 0.714205 0.036658 0.130682
0 59 0.808610 0.739205 0.058824 0.155682
0 60 0.801364 0.613068 0.042626 0.137500
0 61 0.720801 0.653409 0.034953 0.120455
0 62 0.783887 0.490909 0.040068 0.115909
0 64 0.724211 0.392045 0.031543 0.115909
0 65 0.749361 0.394318 0.032396 0.111364
0 66 0.826939 0.076136 0.028986 0.088636
0 67 0.815004 0.067045 0.028986 0.097727
0 74 0.343137 0.191477 0.029838 0.105682
0 75 0.322251 0.205682 0.034101 0.090909
0 77 0.203751 0.140909 0.028986 0.095455
0 78 0.238704 0.144886 0.027280 0.096591
0 79 0.231884 0.113636 0.025575 0.097727
0 81 0.390026 0.164773 0.028133 0.104545
0 82 0.410060 0.168750 0.027280 0.082955
0 83 0.476982 0.271023 0.038363 0.114773
0 84 0.430520 0.185795 0.034101 0.094318
0 85 0.464621 0.189205 0.032396 0.089773
0 86 0.492754 0.219886 0.039216 0.098864
0 87 0.443734 0.167045 0.023018 0.070455
0 88 0.451407 0.146023 0.028133 0.098864
0 95 0.481671 0.117045 0.028986 0.093182
0 96 0.477835 0.100000 0.024723 0.093182
0 97 0.450980 0.111932 0.032396 0.094318
0 98 0.224211 0.084659 0.028986 0.094318
0 99 0.262575 0.112500 0.030691 0.090909
0 100 0.274084 0.126136 0.031543 0.090909
0 101 0.316283 0.132955 0.028986 0.088636
0 102 0.287724 0.122159 0.028133 0.094318
0 103 0.327792 0.109659 0.034953 0.092045
0 104 0.525575 0.102273 0.028133 0.093182
0 105 0.498721 0.076136 0.032396 0.100000
0 106 0.538789 0.074432 0.030691 0.089773
0 108 0.430946 0.097727 0.031543 0.090909
0 110 0.471867 0.051136 0.024723 0.065909
0 111 0.452685 0.050568 0.028986 0.082955
0 112 0.437766 0.061932 0.021313 0.067045
0 113 0.303495 0.036932 0.030691 0.071591
0 150 0.536658 0.147727 0.034953 0.104545
0 179 0.131714 0.964773 0.046888 0.068182
0 185 0.516624 0.208523 0.032396 0.085227
0 192 0.311168 0.116477 0.025575 0.073864
0 261 0.344416 0.984659 0.034101 0.030682
0 269 0.245951 0.591477 0.033248 0.119318
0 275 0.742540 0.952841 0.052856 0.092045
0 291 0.535379 0.871591 0.054561 0.161364
0 296 0.031117 0.450000 0.046888 0.115909
0 297 0.756607 0.621023 0.036658 0.132955
0 299 0.256607 0.650000 0.039216 0.131818
0 300 0.291986 0.639205 0.034953 0.144318
0 301 0.374680 0.638636 0.043478 0.131818
0 303 0.583973 0.864773 0.040921 0.161364
0 305 0.040068 0.303409 0.037511 0.109091
0 306 0.269821 0.729545 0.046888 0.138636
0 314 0.352941 0.494886 0.052856 0.130682
0 315 0.070759 0.303977 0.032396 0.105682
0 316 0.014493 0.947159 0.027280 0.105682
0 318 0.979540 0.956250 0.039216 0.082955
0 319 0.069906 0.446591 0.035806 0.120455
0 320 0.242114 0.559091 0.037511 0.131818
0 337 0.170929 0.957955 0.040068 0.084091
0 417 0.232310 0.708523 0.045183 0.160227
0 429 0.370418 0.165909 0.024723 0.090909
0 438 0.696078 0.376705 0.041773 0.117045
0 479 0.365729 0.040909 0.027280 0.077273
0 482 0.452685 0.086932 0.023870 0.085227
0 489 0.494885 0.049432 0.029838 0.073864
0 531 0.394714 0.041477 0.027280 0.080682
