0 8 0.755754 0.807955 0.040068 0.145455
0 9 0.036232 0.671591 0.040068 0.131818
0 10 0.011083 0.638636 0.020460 0.131818
0 12 0.681159 0.818182 0.057971 0.154545
0 13 0.187127 0.562500 0.046888 0.134091
0 17 0.152600 0.453409 0.042626 0.129545
0 18 0.206309 0.430682 0.040921 0.136364
0 19 0.251918 0.431818 0.046888 0.127273
0 20 0.161978 0.517614 0.046036 0.121591
0 21 0.481671 0.728409 0.040921 0.145455
0 22 0.505115 0.715341 0.043478 0.142045
0 23 0.530691 0.508523 0.050298 0.123864
0 24 0.343564 0.371023 0.039216 0.117045
0 25 0.443734 0.457955 0.046888 0.143182
0 26 0.393009 0.450000 0.039216 0.136364
0 27 0.296249 0.207955 0.028133 0.095455
0 28 0.835465 0.246591 0.032396 0.097727
0 29 0.797528 0.225568 0.033248 0.103409
0 30 0.860614 0.257955 0.034953 0.102273
0 32 0.824808 0.405682 0.045183 0.120455
0 33 0.784740 0.417045 0.040068 0.102273
0 34 0.577153 0.190341 0.027280 0.096591
0 35 0.806905 0.507386 0.040068 0.130682
0 37 0.850810 0.788068 0.056266 0.153409
0 47 0.633845 0.963068 0.045183 0.073864
0 48 0.051151 0.719886 0.051151 0.132955
0 49 0.258738 0.619318 0.040068 0.131818
0 50 0.948423 0.976136 0.031543 0.043182
0 51 0.670077 0.951136 0.052856 0.093182
0 52 0.154731 0.813636 0.045183 0.145455
0 57 0.681586 0.722727 0.045183 0.129545
0 58 0.711424 0.736932 0.036658 0.130682
0 59 0.815004 0.771023 0.063086 0.157955
0 60 0.800512 0.632386 0.044331 0.137500
0 61 0.703325 0.672727 0.035806 0.120455
0 62 0.781756 0.509091 0.040921 0.115909
0 64 0.727195 0.406818 0.032396 0.118182
0 65 0.748082 0.407955 0.031543 0.115909
0 66 0.825234 0.081818 0.028986 0.088636
0 67 0.808184 0.072159 0.028986 0.101136
0 74 0.343137 0.198295 0.029838 0.105682
0 75 0.323956 0.215909 0.035806 0.093182
0 77 0.197357 0.150000 0.029838 0.097727
0 78 0.244672 0.156250 0.027280 0.096591
0 79 0.228900 0.123864 0.024723 0.097727
0 81 0.385763 0.172727 0.028133 0.104545
0 82 0.406223 0.176705 0.028133 0.082955
0 83 0.473146 0.289205 0.039216 0.117045
0 84 0.428815 0.194318 0.034101 0.093182
0 85 0.464621 0.200568 0.032396 0.094318
0 86 0.491475 0.232955 0.040068 0.095455
0 87 0.440324 0.175000 0.023018 0.075000
0 88 0.453964 0.160227 0.028133 0.102273
0 95 0.474851 0.126136 0.028986 0.093182
0 96 0.475277 0.107955 0.024723 0.093182
0 97 0.443308 0.118750 0.032396 0.094318
0 98 0.218244 0.092614 0.028986 0.096591
0 99 0.259591 0.124432 0.031543 0.101136
0 100 0.274084 0.135227 0.031543 0.090909
0 101 0.315857 0.142045 0.028133 0.090909
0 102 0.290281 0.129545 0.028133 0.093182
0 103 0.322677 0.118750 0.038363 0.094318
0 104 0.525149 0.111364 0.028986 0.093182
0 105 0.493180 0.083523 0.031543 0.101136
0 106 0.532396 0.081250 0.031543 0.089773
0 108 0.425405 0.104545 0.030691 0.090909
0 110 0.467178 0.053409 0.023870 0.065909
0 111 0.453964 0.056250 0.029838 0.082955
0 112 0.437766 0.069886 0.021313 0.067045
0 113 0.303495 0.040909 0.032396 0.079545
0 150 0.529838 0.159091 0.034953 0.104545
0 179 0.121483 0.964205 0.046888 0.069318
0 185 0.514919 0.223295 0.034101 0.089773
0 192 0.307758 0.122159 0.025575 0.073864
0 269 0.234442 0.613068 0.034101 0.121591
0 275 0.758312 0.970455 0.041773 0.059091
0 291 0.546036 0.896023 0.057118 0.155682
0 296 0.027280 0.463636 0.046036 0.115909
0 297 0.751492 0.646023 0.045183 0.137500
0 299 0.263853 0.674432 0.036658 0.132955
0 300 0.294544 0.656818 0.034953 0.145455
0 301 0.373828 0.657386 0.045183 0.132955
0 303 0.596760 0.890909 0.040921 0.161364
0 305 0.035379 0.303977 0.038363 0.098864
0 306 0.251066 0.752273 0.046888 0.138636
0 314 0.348252 0.509659 0.052003 0.130682
0 315 0.067349 0.305114 0.034101 0.105682
0 316 0.012361 0.967045 0.023018 0.065909
0 319 0.063086 0.458523 0.035806 0.121591
0 320 0.228900 0.575568 0.036658 0.132955
0 337 0.161125 0.959091 0.040921 0.081818
0 417 0.217391 0.732386 0.044331 0.160227
0 429 0.367008 0.174432 0.024723 0.092045
0 438 0.696505 0.394886 0.040921 0.119318
0 465 0.947997 0.013636 0.028986 0.025000
0 479 0.366155 0.047727 0.028133 0.086364
0 482 0.452259 0.094886 0.024723 0.085227
0 489 0.493606 0.056818 0.030691 0.079545
0 531 0.393009 0.045455 0.027280 0.088636
