0 8 0.757460 0.825568 0.043478 0.139773
0 9 0.025149 0.689773 0.040068 0.131818
0 10 0.006394 0.653409 0.011083 0.131818
0 12 0.701620 0.836364 0.056266 0.154545
0 13 0.174766 0.578977 0.046036 0.139773
0 17 0.146633 0.467045 0.044331 0.129545
0 18 0.200341 0.442614 0.040921 0.137500
0 19 0.245951 0.442045 0.046888 0.127273
0 20 0.148764 0.531250 0.045183 0.123864
0 21 0.491901 0.750000 0.040921 0.145455
0 22 0.517477 0.738636 0.042626 0.143182
0 23 0.529412 0.523864 0.047741 0.127273
0 24 0.343137 0.381818 0.040068 0.120455
0 25 0.445439 0.475000 0.046888 0.143182
0 26 0.390878 0.465909 0.040068 0.138636
0 27 0.296675 0.215341 0.028986 0.096591
0 28 0.831202 0.254545 0.032396 0.100000
0 29 0.792413 0.230682 0.033248 0.104545
0 30 0.856351 0.264773 0.034953 0.102273
0 32 0.827366 0.414773 0.045183 0.120455
0 33 0.784314 0.426705 0.040921 0.103409
0 34 0.577153 0.197159 0.027280 0.098864
0 35 0.805200 0.512500 0.040068 0.122727
0 37 0.864450 0.814205 0.059676 0.153409
0 47 0.643223 0.973864 0.043478 0.050000
0 48 0.040494 0.734659 0.050298 0.132955
0 49 0.252344 0.634659 0.040921 0.132955
0 50 0.969309 0.991477 0.020460 0.012500
0 51 0.682438 0.959659 0.053708 0.076136
0 52 0.127025 0.837500 0.046036 0.145455
0 57 0.674766 0.740341 0.045183 0.130682
0 58 0.708866 0.750568 0.036658 0.130682
0 59 0.823529 0.795455 0.063086 0.163636
0 60 0.799659 0.645455 0.046036 0.138636
0 61 0.692242 0.685227 0.035806 0.120455
0 62 0.780477 0.520455 0.040068 0.115909
0 64 0.729753 0.417045 0.032396 0.120455
0 65 0.750213 0.419318 0.032396 0.120455
0 66 0.825234 0.087500 0.028986 0.088636
0 67 0.804774 0.076136 0.028986 0.102273
0 74 0.343564 0.206250 0.030691 0.105682
0 75 0.325234 0.222727 0.036658 0.095455
0 77 0.190537 0.156818 0.029838 0.097727
0 78 0.245524 0.163068 0.027280 0.096591
0 79 0.227621 0.130682 0.023870 0.097727
0 81 0.382353 0.178409 0.028133 0.104545
0 82 0.401961 0.182386 0.028133 0.082955
0 83 0.472293 0.305114 0.039216 0.117045
0 84 0.427110 0.200568 0.034101 0.094318
0 85 0.464621 0.207386 0.032396 0.096591
0 86 0.489770 0.241477 0.040068 0.096591
0 87 0.440324 0.182955 0.023018 0.075000
0 88 0.455243 0.169886 0.028986 0.103409
0 95 0.470588 0.130682 0.028986 0.093182
0 96 0.472720 0.114773 0.024723 0.093182
0 97 0.439045 0.123295 0.032396 0.094318
0 98 0.213129 0.098295 0.028986 0.096591
0 99 0.257033 0.132386 0.031543 0.103409
0 100 0.274084 0.140909 0.031543 0.090909
0 101 0.314578 0.145455 0.027280 0.090909
0 102 0.291560 0.134091 0.028986 0.093182
0 103 0.320972 0.123295 0.038363 0.094318
0 104 0.525149 0.117045 0.028986 0.093182
0 105 0.488491 0.089205 0.032396 0.101136
0 106 0.528559 0.085795 0.030691 0.089773
0 108 0.420290 0.110227 0.030691 0.090909
0 110 0.469736 0.062500 0.023870 0.065909
0 111 0.455243 0.060795 0.030691 0.082955
0 112 0.437766 0.074432 0.021313 0.067045
0 113 0.305200 0.043750 0.032396 0.085227
0 150 0.525575 0.167045 0.034953 0.104545
0 179 0.113811 0.964773 0.046888 0.068182
0 185 0.512361 0.228409 0.032396 0.090909
0 192 0.304348 0.125000 0.025575 0.075000
0 269 0.226769 0.629545 0.034101 0.125000
0 275 0.768542 0.981818 0.034953 0.036364
0 291 0.556692 0.910227 0.056266 0.147727
0 296 0.025149 0.472727 0.045183 0.115909
0 297 0.747656 0.659091 0.046036 0.138636
0 299 0.266837 0.689205 0.037511 0.135227
0 300 0.296249 0.673864 0.038363 0.147727
0 301 0.373402 0.669886 0.046036 0.132955
0 303 0.603154 0.909659 0.040068 0.160227
0 305 0.034101 0.307955 0.035806 0.104545
0 306 0.239130 0.768182 0.046888 0.138636
0 314 0.344842 0.519886 0.052003 0.130682
0 315 0.066496 0.305114 0.034101 0.105682
0 316 0.010656 0.979545 0.019608 0.040909
0 319 0.057971 0.466477 0.035806 0.121591
0 320 0.217391 0.586932 0.039216 0.132955
0 337 0.147911 0.957955 0.040068 0.081818
0 417 0.206735 0.751705 0.046888 0.162500
0 429 0.363598 0.181250 0.024723 0.094318
0 438 0.698210 0.410227 0.042626 0.120455
0 465 0.933930 0.014205 0.028133 0.026136
0 479 0.366581 0.051705 0.028986 0.092045
0 480 0.416027 0.010795 0.023870 0.019318
0 482 0.450128 0.101136 0.028986 0.088636
0 483 0.471867 0.026136 0.028133 0.050000
0 489 0.492327 0.061364 0.031543 0.081818
0 531 0.393862 0.050568 0.027280 0.087500
