0 8 0.759165 0.837500 0.045183 0.140909
0 9 0.020460 0.698864 0.039216 0.131818
0 10 0.003836 0.660227 0.005968 0.131818
0 12 0.711424 0.846591 0.055413 0.154545
0 13 0.167945 0.586932 0.046036 0.142045
0 17 0.143649 0.474432 0.045183 0.130682
0 18 0.197357 0.447727 0.041773 0.138636
0 19 0.242540 0.446591 0.046888 0.127273
0 20 0.141944 0.538636 0.045183 0.125000
0 21 0.497442 0.761364 0.040068 0.145455
0 22 0.523444 0.747727 0.040921 0.143182
0 23 0.530264 0.529545 0.049446 0.127273
0 24 0.343137 0.386932 0.040068 0.121591
0 25 0.447144 0.482955 0.046888 0.143182
0 26 0.390026 0.473864 0.040068 0.138636
0 27 0.297528 0.218750 0.028986 0.096591
0 28 0.829071 0.258523 0.033248 0.101136
0 29 0.789855 0.233523 0.033248 0.105682
0 30 0.853794 0.268182 0.034953 0.102273
0 32 0.828218 0.419318 0.045183 0.120455
0 33 0.783887 0.431818 0.041773 0.104545
0 34 0.577153 0.201136 0.027280 0.100000
0 35 0.805200 0.522727 0.040068 0.131818
0 37 0.871270 0.826705 0.061381 0.153409
0 47 0.646206 0.978409 0.037511 0.040909
0 48 0.033674 0.742614 0.050298 0.132955
0 49 0.249787 0.642614 0.040921 0.132955
0 51 0.688406 0.964773 0.050298 0.065909
0 52 0.116368 0.847159 0.050298 0.151136
0 57 0.672634 0.748864 0.046036 0.131818
0 58 0.707587 0.758523 0.037511 0.130682
0 59 0.827792 0.807955 0.063086 0.165909
0 60 0.799659 0.651136 0.046036 0.138636
0 61 0.686275 0.692045 0.035806 0.120455
0 62 0.779625 0.526136 0.040068 0.115909
0 64 0.731458 0.422159 0.032396 0.121591
0 65 0.751492 0.425000 0.031543 0.120455
0 66 0.825234 0.090909 0.028986 0.088636
0 67 0.804774 0.077273 0.028986 0.102273
0 74 0.343990 0.209659 0.031543 0.105682
0 75 0.325661 0.225568 0.037511 0.096591
0 77 0.187127 0.160227 0.029838 0.097727
0 78 0.242967 0.165341 0.027280 0.096591
0 79 0.228474 0.135795 0.023870 0.098864
0 81 0.380648 0.180682 0.028133 0.104545
0 82 0.400256 0.185227 0.028133 0.081818
0 83 0.472293 0.311932 0.039216 0.117045
0 84 0.426257 0.203977 0.034101 0.094318
0 85 0.465473 0.210227 0.032396 0.097727
0 86 0.487212 0.246591 0.040068 0.100000
0 87 0.440324 0.186932 0.024723 0.078409
0 88 0.457374 0.173295 0.029838 0.103409
0 95 0.470588 0.136364 0.028986 0.093182
0 96 0.471441 0.118182 0.025575 0.093182
0 97 0.436488 0.125568 0.032396 0.094318
0 98 0.211424 0.100568 0.028986 0.096591
0 99 0.256181 0.136364 0.031543 0.104545
0 100 0.274084 0.144318 0.031543 0.090909
0 101 0.314578 0.147727 0.027280 0.090909
0 102 0.292413 0.136364 0.028986 0.093182
0 103 0.320119 0.125568 0.038363 0.094318
0 104 0.525575 0.121591 0.029838 0.095455
0 105 0.486360 0.092045 0.031543 0.102273
0 106 0.526428 0.088068 0.031543 0.089773
0 108 0.418585 0.112500 0.030691 0.090909
0 110 0.469736 0.064773 0.023870 0.065909
0 111 0.455669 0.061932 0.031543 0.082955
0 112 0.437766 0.076705 0.021313 0.067045
0 113 0.306053 0.044886 0.030691 0.087500
0 150 0.523870 0.170455 0.034953 0.104545
0 179 0.110401 0.965341 0.046888 0.067045
0 185 0.511083 0.230682 0.031543 0.090909
0 192 0.302643 0.126705 0.025575 0.076136
0 269 0.222933 0.637500 0.034953 0.127273
0 275 0.774084 0.988068 0.030691 0.023864
0 291 0.561807 0.917045 0.056266 0.143182
0 296 0.023444 0.476136 0.045183 0.115909
0 297 0.746803 0.665909 0.046036 0.138636
0 299 0.267690 0.696023 0.039216 0.135227
0 300 0.297528 0.682386 0.040921 0.148864
0 301 0.372975 0.678977 0.046888 0.137500
0 303 0.607417 0.917614 0.040068 0.155682
0 305 0.033674 0.310795 0.034953 0.110227
0 306 0.233163 0.776136 0.046888 0.138636
0 314 0.343137 0.525568 0.052003 0.130682
0 315 0.066070 0.303977 0.034953 0.105682
0 316 0.008099 0.984091 0.014493 0.031818
0 319 0.055413 0.471023 0.035806 0.121591
0 320 0.211850 0.592614 0.040068 0.132955
0 337 0.139812 0.956818 0.039216 0.084091
0 417 0.201194 0.761364 0.047741 0.163636
0 429 0.361893 0.185227 0.024723 0.095455
0 438 0.699062 0.418182 0.044331 0.120455
0 465 0.927962 0.014773 0.028133 0.027273
0 479 0.366581 0.053977 0.028986 0.094318
0 480 0.414749 0.011932 0.024723 0.021591
0 482 0.448423 0.104545 0.030691 0.090909
0 483 0.472293 0.027273 0.027280 0.052273
0 489 0.492327 0.063636 0.031543 0.084091
0 531 0.393862 0.053409 0.027280 0.086364
