0 8 0.774084 0.881250 0.040921 0.148864
0 9 0.010230 0.729545 0.018755 0.131818
0 12 0.734868 0.893750 0.056266 0.162500
0 13 0.145780 0.618182 0.046036 0.145455
0 17 0.138960 0.496591 0.046036 0.134091
0 18 0.184996 0.468750 0.046036 0.137500
0 19 0.231884 0.465909 0.047741 0.127273
0 20 0.115516 0.566477 0.045183 0.128409
0 21 0.524297 0.809091 0.040921 0.156818
0 22 0.547741 0.783523 0.034953 0.144318
0 23 0.528986 0.556250 0.045183 0.128409
0 24 0.343137 0.410227 0.040068 0.125000
0 25 0.451833 0.514205 0.047741 0.144318
0 26 0.388747 0.505114 0.040921 0.139773
0 27 0.300938 0.231250 0.028986 0.096591
0 28 0.812873 0.271023 0.033248 0.101136
0 29 0.777920 0.245455 0.033248 0.106818
0 30 0.838875 0.278409 0.037511 0.102273
0 32 0.828645 0.436364 0.046036 0.127273
0 33 0.785166 0.450568 0.042626 0.105682
0 34 0.577153 0.214205 0.027280 0.103409
0 35 0.808610 0.548295 0.040068 0.135227
0 37 0.898124 0.876136 0.058824 0.156818
0 48 0.016624 0.772159 0.031543 0.132955
0 49 0.238704 0.672159 0.040921 0.132955
0 52 0.075021 0.880114 0.046036 0.146591
0 57 0.672634 0.790341 0.049446 0.132955
0 58 0.706735 0.790909 0.039216 0.131818
0 59 0.850810 0.855114 0.068201 0.173864
0 60 0.795823 0.684091 0.045183 0.147727
0 61 0.679028 0.734659 0.040068 0.139773
0 62 0.781330 0.552273 0.040068 0.118182
0 64 0.736999 0.441477 0.033248 0.126136
0 65 0.757033 0.445455 0.032396 0.120455
0 66 0.828218 0.100568 0.031543 0.089773
0 67 0.806905 0.082955 0.028133 0.102273
0 74 0.345695 0.223295 0.033248 0.105682
0 75 0.327366 0.239773 0.039216 0.097727
0 77 0.176897 0.170455 0.029838 0.097727
0 78 0.232737 0.172159 0.027280 0.096591
0 79 0.230605 0.151136 0.024723 0.100000
0 81 0.375959 0.193182 0.028986 0.104545
0 82 0.393862 0.196591 0.028986 0.081818
0 83 0.468031 0.335227 0.040921 0.120455
0 84 0.423700 0.215909 0.034101 0.093182
0 85 0.468031 0.221023 0.032396 0.101136
0 86 0.479113 0.266477 0.040921 0.114773
0 87 0.438193 0.196591 0.025575 0.079545
0 88 0.464621 0.188068 0.030691 0.103409
0 95 0.469736 0.150000 0.028986 0.093182
0 96 0.467178 0.129545 0.025575 0.093182
0 97 0.430520 0.136364 0.032396 0.093182
0 98 0.202899 0.107386 0.028986 0.096591
0 99 0.253197 0.149432 0.032396 0.107955
0 100 0.274936 0.156250 0.031543 0.094318
0 101 0.313299 0.155682 0.028133 0.093182
0 102 0.295396 0.145455 0.028133 0.093182
0 103 0.315004 0.134659 0.038363 0.094318
0 104 0.526854 0.137500 0.035806 0.111364
0 105 0.478687 0.102841 0.031543 0.103409
0 106 0.516624 0.096023 0.030691 0.089773
0 108 0.410912 0.125568 0.030691 0.094318
0 110 0.475703 0.075000 0.023870 0.070455
0 111 0.457801 0.070455 0.032396 0.084091
0 112 0.440324 0.084659 0.021313 0.067045
0 113 0.312873 0.049432 0.027280 0.094318
0 150 0.516198 0.187500 0.034953 0.109091
0 179 0.097187 0.968750 0.047741 0.060227
0 185 0.501279 0.245455 0.030691 0.095455
0 192 0.296675 0.133523 0.025575 0.076136
0 269 0.211850 0.665341 0.034953 0.128409
0 291 0.583120 0.939205 0.054561 0.117045
0 296 0.020887 0.491477 0.040068 0.117045
0 297 0.744246 0.694318 0.046036 0.138636
0 299 0.263427 0.726705 0.042626 0.142045
0 300 0.295396 0.706818 0.045183 0.150000
0 301 0.368286 0.711364 0.046036 0.145455
0 303 0.629582 0.935795 0.040068 0.123864
0 305 0.033674 0.306250 0.034953 0.101136
0 306 0.210145 0.806818 0.046888 0.138636
0 314 0.333760 0.544886 0.052003 0.132955
0 315 0.064365 0.303977 0.036658 0.105682
0 319 0.046462 0.486932 0.034953 0.121591
0 320 0.190963 0.615341 0.040921 0.132955
0 337 0.108269 0.956250 0.037511 0.085227
0 417 0.179454 0.797727 0.052003 0.165909
0 429 0.358056 0.197159 0.025575 0.096591
0 438 0.702046 0.450568 0.050298 0.121591
0 460 0.683291 0.189773 0.033248 0.106818
0 463 0.956522 0.019886 0.028986 0.037500
0 465 0.902813 0.016477 0.028986 0.030682
0 479 0.365729 0.063068 0.028986 0.094318
0 480 0.406223 0.014205 0.024723 0.026136
0 481 0.384484 0.018182 0.027280 0.034091
0 482 0.440750 0.115909 0.032396 0.093182
0 483 0.473572 0.030682 0.028133 0.059091
0 489 0.489344 0.072727 0.032396 0.086364
0 491 0.546036 0.028977 0.024723 0.055682
0 531 0.395993 0.064205 0.028133 0.085227
