0 8 0.755754 0.806250 0.040068 0.144318
0 9 0.037084 0.669318 0.040068 0.131818
0 10 0.011509 0.637500 0.021313 0.131818
0 12 0.679028 0.817045 0.057118 0.154545
0 13 0.187980 0.560795 0.046888 0.132955
0 17 0.153453 0.452273 0.042626 0.129545
0 18 0.206735 0.429545 0.040068 0.136364
0 19 0.251918 0.431818 0.046888 0.127273
0 20 0.163257 0.516477 0.045183 0.121591
0 21 0.481671 0.726136 0.040921 0.145455
0 22 0.504263 0.713068 0.043478 0.142045
0 23 0.531117 0.506818 0.051151 0.122727
0 24 0.343564 0.369886 0.039216 0.117045
0 25 0.443734 0.456818 0.046888 0.143182
0 26 0.393436 0.448864 0.038363 0.136364
0 27 0.296249 0.206818 0.028133 0.095455
0 28 0.835891 0.245455 0.033248 0.097727
0 29 0.797528 0.225000 0.033248 0.102273
0 30 0.861466 0.257955 0.034953 0.102273
0 32 0.824808 0.405682 0.045183 0.120455
0 33 0.784740 0.415909 0.040068 0.102273
0 34 0.577153 0.189205 0.027280 0.096591
0 35 0.806905 0.506250 0.040068 0.130682
0 37 0.850384 0.785795 0.055413 0.153409
0 47 0.632566 0.961932 0.046036 0.076136
0 48 0.052003 0.718750 0.051151 0.132955
0 49 0.259591 0.618182 0.040068 0.131818
0 50 0.946292 0.974432 0.032396 0.046591
0 51 0.668798 0.950568 0.053708 0.094318
0 52 0.156436 0.812500 0.045183 0.145455
0 57 0.681586 0.720455 0.045183 0.129545
0 58 0.712276 0.735795 0.036658 0.130682
0 59 0.814152 0.768750 0.063086 0.157955
0 60 0.800512 0.631250 0.044331 0.137500
0 61 0.704604 0.671591 0.034953 0.120455
0 62 0.781756 0.507955 0.040921 0.115909
0 64 0.726769 0.405682 0.031543 0.118182
0 65 0.747656 0.407386 0.032396 0.114773
0 66 0.825234 0.081818 0.028986 0.088636
0 67 0.809037 0.071591 0.028986 0.100000
0 74 0.343137 0.198295 0.029838 0.105682
0 75 0.323956 0.214773 0.035806 0.093182
0 77 0.198210 0.150000 0.029838 0.097727
0 78 0.243819 0.156250 0.027280 0.096591
0 79 0.228900 0.122727 0.024723 0.097727
0 81 0.385763 0.172727 0.028133 0.104545
0 82 0.406650 0.176136 0.027280 0.081818
0 83 0.473998 0.287500 0.039216 0.115909
0 84 0.428815 0.193750 0.034101 0.094318
0 85 0.464621 0.199432 0.032396 0.094318
0 86 0.491475 0.231818 0.040068 0.095455
0 87 0.440324 0.175000 0.023018 0.075000
0 88 0.453964 0.159659 0.028133 0.101136
0 95 0.475703 0.126136 0.028986 0.093182
0 96 0.475277 0.107955 0.024723 0.093182
0 97 0.444160 0.118750 0.032396 0.094318
0 98 0.219096 0.091477 0.028986 0.096591
0 99 0.260017 0.123295 0.030691 0.101136
0 100 0.274084 0.134091 0.031543 0.090909
0 101 0.315857 0.140909 0.028133 0.090909
0 102 0.289855 0.128977 0.028986 0.094318
0 103 0.323529 0.118750 0.038363 0.094318
0 104 0.525149 0.110227 0.028986 0.093182
0 105 0.493606 0.083523 0.032396 0.101136
0 106 0.532822 0.081250 0.030691 0.089773
0 108 0.426257 0.104545 0.030691 0.090909
0 110 0.467178 0.053409 0.023870 0.065909
0 111 0.453964 0.056250 0.029838 0.082955
0 112 0.437766 0.068750 0.021313 0.067045
0 113 0.302643 0.040909 0.032396 0.079545
0 150 0.530691 0.157955 0.034953 0.104545
0 179 0.121910 0.964205 0.046036 0.069318
0 185 0.515345 0.222159 0.034953 0.089773
0 192 0.307758 0.122159 0.025575 0.073864
0 269 0.234868 0.611364 0.033248 0.120455
0 275 0.757033 0.969318 0.042626 0.061364
0 291 0.545183 0.894318 0.057118 0.156818
0 296 0.027707 0.462500 0.045183 0.115909
0 297 0.751918 0.644886 0.044331 0.137500
0 299 0.263853 0.673295 0.036658 0.132955
0 300 0.294544 0.655114 0.034953 0.144318
0 301 0.373828 0.656250 0.045183 0.132955
0 303 0.595908 0.888636 0.040921 0.161364
0 305 0.035806 0.303977 0.037511 0.098864
0 306 0.252771 0.751136 0.046888 0.138636
0 314 0.348679 0.508523 0.052856 0.130682
0 315 0.067349 0.305114 0.034101 0.105682
0 316 0.012788 0.965341 0.023870 0.069318
0 319 0.063086 0.458523 0.035806 0.121591
0 320 0.230605 0.575000 0.036658 0.131818
0 337 0.161552 0.959091 0.040068 0.081818
0 417 0.218244 0.730114 0.044331 0.160227
0 429 0.367008 0.174432 0.024723 0.092045
0 438 0.696505 0.393750 0.040921 0.119318
0 465 0.949275 0.013636 0.028133 0.025000
0 479 0.366155 0.047159 0.028133 0.085227
0 482 0.452685 0.094886 0.023870 0.085227
0 489 0.493606 0.056250 0.030691 0.078409
0 531 0.393009 0.044886 0.027280 0.087500
