0 8 0.759165 0.840341 0.045183 0.142045
0 9 0.020034 0.700000 0.038363 0.131818
0 10 0.002984 0.662500 0.004263 0.131818
0 12 0.712276 0.848864 0.055413 0.154545
0 13 0.167093 0.588636 0.046036 0.143182
0 17 0.142796 0.475568 0.045183 0.130682
0 18 0.196505 0.448864 0.041773 0.138636
0 19 0.242540 0.447727 0.046888 0.127273
0 20 0.141091 0.539773 0.045183 0.125000
0 21 0.498721 0.763636 0.040921 0.147727
0 22 0.525149 0.749432 0.040921 0.144318
0 23 0.530691 0.531818 0.050298 0.127273
0 24 0.343137 0.388068 0.040068 0.121591
0 25 0.447144 0.484091 0.046888 0.143182
0 26 0.390026 0.476136 0.040068 0.138636
0 27 0.297528 0.219886 0.028986 0.096591
0 28 0.828218 0.259659 0.033248 0.101136
0 29 0.789003 0.234091 0.033248 0.104545
0 30 0.853794 0.268182 0.034953 0.102273
0 32 0.828218 0.419886 0.045183 0.121591
0 33 0.783887 0.432955 0.041773 0.104545
0 34 0.577153 0.201136 0.027280 0.100000
0 35 0.805200 0.523864 0.040068 0.131818
0 37 0.872549 0.828977 0.062234 0.153409
0 47 0.646633 0.979545 0.036658 0.038636
0 48 0.032396 0.744886 0.051151 0.132955
0 49 0.248934 0.644886 0.040921 0.132955
0 51 0.689685 0.965909 0.049446 0.063636
0 52 0.114237 0.850000 0.051151 0.152273
0 57 0.672634 0.751136 0.046036 0.131818
0 58 0.707587 0.760227 0.037511 0.131818
0 59 0.828645 0.810227 0.063086 0.168182
0 60 0.800085 0.653409 0.046888 0.138636
0 61 0.685422 0.693182 0.035806 0.120455
0 62 0.779625 0.527273 0.040068 0.115909
0 64 0.731458 0.423295 0.032396 0.121591
0 65 0.751918 0.426136 0.032396 0.120455
0 66 0.825234 0.090909 0.028986 0.088636
0 67 0.804774 0.077273 0.028986 0.102273
0 74 0.343990 0.209659 0.031543 0.105682
0 75 0.326513 0.226705 0.037511 0.096591
0 77 0.186275 0.161364 0.029838 0.097727
0 78 0.242967 0.165341 0.027280 0.096591
0 79 0.228474 0.136932 0.023870 0.098864
0 81 0.380648 0.181818 0.028133 0.104545
0 82 0.400256 0.185795 0.028133 0.080682
0 83 0.472293 0.313068 0.039216 0.117045
0 84 0.426257 0.204545 0.034101 0.093182
0 85 0.465473 0.210795 0.032396 0.098864
0 86 0.487212 0.248295 0.040068 0.101136
0 87 0.440324 0.187500 0.024723 0.079545
0 88 0.457801 0.174432 0.028986 0.103409
0 95 0.470588 0.137500 0.028986 0.093182
0 96 0.471014 0.119318 0.024723 0.093182
0 97 0.436488 0.126136 0.032396 0.093182
0 98 0.210571 0.101705 0.028986 0.096591
0 99 0.256181 0.136932 0.031543 0.105682
0 100 0.274084 0.144318 0.031543 0.090909
0 101 0.314578 0.147727 0.027280 0.090909
0 102 0.292839 0.137500 0.028133 0.093182
0 103 0.319267 0.126705 0.038363 0.094318
0 104 0.525575 0.122159 0.029838 0.096591
0 105 0.485507 0.092045 0.031543 0.102273
0 106 0.526428 0.088068 0.031543 0.089773
0 108 0.417732 0.113636 0.030691 0.090909
0 110 0.469736 0.065909 0.023870 0.065909
0 111 0.455669 0.063068 0.031543 0.082955
0 112 0.438619 0.076705 0.021313 0.067045
0 113 0.306479 0.045455 0.029838 0.088636
0 150 0.523018 0.171591 0.034953 0.104545
0 179 0.109548 0.965341 0.046888 0.067045
0 185 0.511083 0.231818 0.031543 0.090909
0 192 0.302643 0.127273 0.025575 0.075000
0 269 0.222080 0.638636 0.034953 0.127273
0 291 0.563086 0.918182 0.055413 0.143182
0 296 0.023444 0.477273 0.045183 0.115909
0 297 0.746803 0.667045 0.046036 0.138636
0 299 0.268116 0.697159 0.040068 0.135227
0 300 0.297101 0.683523 0.041773 0.148864
0 301 0.372549 0.681818 0.046036 0.140909
0 303 0.608269 0.918750 0.040068 0.153409
0 305 0.033674 0.310227 0.034953 0.109091
0 306 0.231458 0.778409 0.046888 0.138636
0 314 0.343137 0.525568 0.052003 0.130682
0 315 0.066070 0.303977 0.034953 0.105682
0 316 0.007673 0.984659 0.013640 0.030682
0 319 0.054987 0.472159 0.034953 0.121591
0 320 0.210997 0.593750 0.040068 0.132955
0 337 0.138107 0.956818 0.039216 0.084091
0 417 0.200341 0.763636 0.047741 0.163636
0 429 0.361893 0.185795 0.024723 0.096591
0 438 0.699062 0.419886 0.044331 0.121591
0 465 0.927110 0.014773 0.028133 0.027273
0 479 0.366581 0.053977 0.028986 0.094318
0 480 0.414749 0.012500 0.024723 0.022727
0 482 0.448423 0.105682 0.030691 0.090909
0 483 0.472293 0.027273 0.027280 0.052273
0 489 0.492327 0.064205 0.031543 0.085227
0 531 0.393862 0.053977 0.027280 0.087500
