0 7 0.012361 0.678409 0.023018 0.127273
0 8 0.758312 0.777841 0.041773 0.139773
0 9 0.054135 0.640909 0.040068 0.131818
0 10 0.015772 0.607386 0.029838 0.130682
0 12 0.647059 0.781250 0.054561 0.153409
0 13 0.201620 0.542045 0.046888 0.131818
0 17 0.162404 0.431250 0.040068 0.128409
0 18 0.216113 0.410795 0.040068 0.132955
0 19 0.261296 0.415909 0.046888 0.125000
0 20 0.183291 0.494886 0.046036 0.121591
0 21 0.470588 0.693182 0.040921 0.145455
0 22 0.487212 0.677273 0.045183 0.140909
0 23 0.526428 0.487500 0.046888 0.125000
0 24 0.343990 0.353977 0.038363 0.114773
0 25 0.441176 0.431818 0.046888 0.140909
0 26 0.396846 0.423864 0.036658 0.134091
0 27 0.296249 0.194886 0.028133 0.092045
0 28 0.842711 0.232955 0.033248 0.093182
0 29 0.804348 0.217045 0.033248 0.102273
0 30 0.868286 0.247727 0.034953 0.102273
0 32 0.820972 0.390909 0.046036 0.120455
0 33 0.785592 0.400568 0.038363 0.101136
0 34 0.577153 0.177841 0.027280 0.096591
0 35 0.812020 0.489205 0.040068 0.126136
0 37 0.841858 0.747159 0.043478 0.153409
0 47 0.615516 0.943182 0.044331 0.111364
0 48 0.063512 0.696023 0.052003 0.132955
0 49 0.273231 0.591477 0.036658 0.126136
0 50 0.914749 0.952841 0.046036 0.094318
0 51 0.652174 0.935227 0.052856 0.125000
0 52 0.188406 0.787500 0.046036 0.145455
0 57 0.691816 0.692614 0.045183 0.128409
0 58 0.718244 0.710795 0.036658 0.130682
0 59 0.808184 0.735227 0.057971 0.154545
0 60 0.801364 0.610795 0.042626 0.137500
0 61 0.726769 0.650000 0.034953 0.120455
0 62 0.784314 0.488636 0.040921 0.115909
0 64 0.723785 0.389773 0.032396 0.115909
0 65 0.749361 0.392614 0.032396 0.112500
0 66 0.827792 0.075000 0.028986 0.088636
0 67 0.816709 0.066477 0.028986 0.096591
0 74 0.343137 0.190341 0.029838 0.105682
0 75 0.322251 0.204545 0.034101 0.090909
0 77 0.204177 0.139205 0.029838 0.094318
0 78 0.238704 0.142614 0.027280 0.096591
0 79 0.231884 0.112500 0.025575 0.097727
0 81 0.390452 0.163636 0.027280 0.104545
0 82 0.410060 0.167614 0.027280 0.082955
0 83 0.476982 0.267614 0.038363 0.114773
0 84 0.430520 0.185795 0.034101 0.094318
0 85 0.464621 0.186932 0.032396 0.089773
0 86 0.493606 0.218750 0.039216 0.098864
0 87 0.443734 0.164773 0.023018 0.070455
0 88 0.450980 0.144318 0.027280 0.097727
0 95 0.482523 0.114773 0.028986 0.093182
0 96 0.477835 0.098864 0.024723 0.093182
0 97 0.451833 0.110795 0.032396 0.094318
0 98 0.225064 0.083523 0.028986 0.094318
0 99 0.263427 0.111364 0.030691 0.093182
0 100 0.274084 0.125568 0.031543 0.092045
0 101 0.316283 0.131250 0.028986 0.087500
0 102 0.287724 0.121023 0.028133 0.094318
0 103 0.328218 0.108523 0.034101 0.092045
0 104 0.525575 0.101136 0.028133 0.093182
0 105 0.498721 0.075568 0.032396 0.098864
0 106 0.539642 0.074432 0.030691 0.089773
0 108 0.431373 0.096591 0.030691 0.090909
0 110 0.471867 0.050000 0.024723 0.065909
0 111 0.451833 0.049432 0.028986 0.082955
0 112 0.438193 0.061932 0.022165 0.067045
0 113 0.304348 0.036932 0.030691 0.071591
0 150 0.537511 0.145455 0.034953 0.104545
0 179 0.132992 0.965341 0.046036 0.067045
0 185 0.516624 0.205682 0.032396 0.084091
0 192 0.312020 0.116477 0.025575 0.073864
0 261 0.340580 0.984091 0.033248 0.031818
0 269 0.247229 0.588636 0.034101 0.120455
0 275 0.740835 0.951136 0.052856 0.095455
0 291 0.534527 0.868182 0.052856 0.161364
0 296 0.031969 0.447727 0.046888 0.115909
0 297 0.757460 0.618182 0.034953 0.131818
0 299 0.255754 0.646591 0.039216 0.131818
0 300 0.291986 0.636932 0.034953 0.144318
0 301 0.375107 0.635795 0.042626 0.132955
0 303 0.582268 0.861364 0.040921 0.161364
0 305 0.040921 0.303977 0.037511 0.110227
0 306 0.272379 0.726136 0.046888 0.138636
0 314 0.353794 0.492614 0.052856 0.130682
0 315 0.071611 0.302841 0.032396 0.105682
0 316 0.014919 0.944318 0.028133 0.111364
0 318 0.977408 0.953977 0.043478 0.089773
0 319 0.070759 0.445455 0.035806 0.120455
0 320 0.243819 0.556818 0.037511 0.131818
0 337 0.172208 0.957386 0.040921 0.085227
0 417 0.234015 0.706250 0.045183 0.160227
0 429 0.370418 0.165341 0.024723 0.089773
0 438 0.695652 0.374432 0.040921 0.114773
0 479 0.365729 0.040341 0.027280 0.076136
0 482 0.452685 0.086364 0.023870 0.084091
0 489 0.495311 0.048295 0.028986 0.073864
0 531 0.394714 0.040909 0.027280 0.079545
