0 8 0.755754 0.810227 0.040068 0.145455
0 9 0.035379 0.673864 0.040068 0.131818
0 10 0.010656 0.640909 0.019608 0.131818
0 12 0.683291 0.820455 0.057118 0.154545
0 13 0.185422 0.564205 0.046888 0.135227
0 17 0.151748 0.454545 0.042626 0.129545
0 18 0.205456 0.431818 0.040921 0.136364
0 19 0.251066 0.432955 0.046888 0.127273
0 20 0.160699 0.519318 0.045183 0.122727
0 21 0.482523 0.730682 0.040921 0.145455
0 22 0.505968 0.717614 0.043478 0.142045
0 23 0.530264 0.510227 0.049446 0.125000
0 24 0.343564 0.372159 0.039216 0.117045
0 25 0.443734 0.460227 0.046888 0.143182
0 26 0.393009 0.451705 0.039216 0.137500
0 27 0.296249 0.208523 0.028133 0.096591
0 28 0.835038 0.247727 0.033248 0.097727
0 29 0.796675 0.225568 0.033248 0.103409
0 30 0.860614 0.259091 0.034953 0.102273
0 32 0.825234 0.406818 0.046036 0.120455
0 33 0.784740 0.418182 0.040068 0.102273
0 34 0.577153 0.191477 0.027280 0.096591
0 35 0.806905 0.507955 0.040068 0.131818
0 37 0.852089 0.791477 0.057118 0.153409
0 47 0.634697 0.964205 0.045183 0.071591
0 48 0.050298 0.722159 0.051151 0.132955
0 49 0.257886 0.621023 0.040068 0.132955
0 50 0.950554 0.977273 0.030691 0.040909
0 51 0.671355 0.952273 0.053708 0.090909
0 52 0.153026 0.815909 0.045183 0.145455
0 57 0.680733 0.724432 0.045183 0.130682
0 58 0.711424 0.738068 0.036658 0.130682
0 59 0.815857 0.773864 0.063086 0.159091
0 60 0.800512 0.633523 0.044331 0.137500
0 61 0.702472 0.673864 0.035806 0.120455
0 62 0.781330 0.510227 0.040068 0.115909
0 64 0.727621 0.407955 0.031543 0.118182
0 65 0.748082 0.409091 0.031543 0.115909
0 66 0.825234 0.082955 0.028986 0.088636
0 67 0.808184 0.072727 0.028986 0.100000
0 74 0.343137 0.199432 0.029838 0.105682
0 75 0.323956 0.216477 0.035806 0.094318
0 77 0.196505 0.151136 0.029838 0.097727
0 78 0.244672 0.157386 0.027280 0.096591
0 79 0.228474 0.123864 0.023870 0.097727
0 81 0.384910 0.173864 0.028133 0.104545
0 82 0.405797 0.177273 0.027280 0.081818
0 83 0.472293 0.290909 0.039216 0.118182
0 84 0.428815 0.194886 0.034101 0.094318
0 85 0.464621 0.201136 0.032396 0.095455
0 86 0.491475 0.233523 0.040068 0.096591
0 87 0.440324 0.175000 0.023018 0.075000
0 88 0.453964 0.160795 0.028133 0.101136
0 95 0.474851 0.127273 0.028986 0.093182
0 96 0.475277 0.109091 0.024723 0.093182
0 97 0.443308 0.118750 0.032396 0.094318
0 98 0.218244 0.092614 0.028986 0.096591
0 99 0.259591 0.125000 0.031543 0.102273
0 100 0.274084 0.135227 0.031543 0.090909
0 101 0.315857 0.142045 0.028133 0.090909
0 102 0.290281 0.129545 0.028133 0.093182
0 103 0.322677 0.118750 0.038363 0.094318
0 104 0.525149 0.112500 0.028986 0.093182
0 105 0.492754 0.084659 0.032396 0.101136
0 106 0.532396 0.081250 0.031543 0.089773
0 108 0.425405 0.105682 0.030691 0.090909
0 110 0.467178 0.054545 0.023870 0.065909
0 111 0.453964 0.056250 0.029838 0.082955
0 112 0.437766 0.069886 0.021313 0.067045
0 113 0.303495 0.041477 0.032396 0.080682
0 150 0.529838 0.160227 0.034953 0.104545
0 179 0.120631 0.964205 0.046888 0.069318
0 185 0.514919 0.223295 0.034101 0.089773
0 192 0.307758 0.123295 0.025575 0.073864
0 269 0.233589 0.614773 0.034101 0.122727
0 275 0.759165 0.971591 0.041773 0.056818
0 291 0.547315 0.897159 0.056266 0.155682
0 296 0.027280 0.463636 0.046036 0.115909
0 297 0.751066 0.647727 0.046036 0.138636
0 299 0.264706 0.676705 0.036658 0.132955
0 300 0.294970 0.658523 0.035806 0.144318
0 301 0.373828 0.658523 0.045183 0.132955
0 303 0.597613 0.893182 0.040921 0.161364
0 305 0.035379 0.303977 0.038363 0.098864
0 306 0.250213 0.754545 0.046888 0.138636
0 314 0.347826 0.510795 0.052856 0.130682
0 315 0.067349 0.305114 0.034101 0.105682
0 316 0.012361 0.968182 0.023018 0.063636
0 319 0.062234 0.459659 0.035806 0.121591
0 320 0.228048 0.576705 0.036658 0.132955
0 337 0.160273 0.959091 0.040921 0.081818
0 417 0.215686 0.733523 0.044331 0.160227
0 429 0.367008 0.175568 0.024723 0.092045
0 438 0.696505 0.396023 0.040921 0.119318
0 465 0.946718 0.013636 0.028133 0.025000
0 479 0.366581 0.047727 0.028986 0.086364
0 482 0.451833 0.095455 0.025575 0.086364
0 483 0.471441 0.024432 0.027280 0.046591
0 489 0.493606 0.056818 0.030691 0.079545
0 531 0.393009 0.045455 0.027280 0.088636
