0 8 0.793265 0.914205 0.040068 0.153409
0 12 0.754902 0.922727 0.057118 0.154545
0 13 0.129582 0.640909 0.046036 0.145455
0 17 0.138107 0.513068 0.046036 0.137500
0 18 0.176471 0.484091 0.046036 0.138636
0 19 0.222933 0.483523 0.048593 0.128409
0 20 0.094203 0.590341 0.045183 0.128409
0 21 0.549446 0.837500 0.045183 0.159091
0 22 0.571185 0.815341 0.040921 0.144318
0 23 0.537937 0.588068 0.046036 0.135227
0 24 0.343990 0.427273 0.040068 0.127273
0 25 0.457374 0.540341 0.057118 0.144318
0 26 0.387042 0.527841 0.040921 0.139773
0 27 0.303495 0.240909 0.028986 0.097727
0 28 0.799233 0.281250 0.033248 0.101136
0 29 0.763427 0.256818 0.033248 0.109091
0 30 0.826087 0.286364 0.040921 0.102273
0 32 0.829497 0.451136 0.046036 0.129545
0 33 0.790281 0.466477 0.042626 0.105682
0 34 0.577579 0.225000 0.028133 0.106818
0 35 0.811594 0.568182 0.040921 0.138636
0 37 0.932651 0.910227 0.061381 0.159091
0 48 0.003836 0.798864 0.005968 0.136364
0 49 0.227621 0.693750 0.040921 0.132955
0 52 0.047315 0.909659 0.048593 0.151136
0 57 0.678176 0.818750 0.052003 0.132955
0 58 0.706735 0.814773 0.040921 0.131818
0 59 0.875107 0.891477 0.077579 0.176136
0 60 0.792413 0.705114 0.045183 0.148864
0 61 0.679454 0.763636 0.040921 0.145455
0 62 0.785592 0.572159 0.040068 0.121591
0 64 0.741262 0.459091 0.034953 0.131818
0 65 0.762148 0.459091 0.032396 0.122727
0 66 0.832055 0.107386 0.032396 0.092045
0 67 0.808184 0.086364 0.028986 0.102273
0 74 0.346547 0.234659 0.033248 0.105682
0 75 0.329071 0.250568 0.040921 0.096591
0 77 0.171782 0.176136 0.029838 0.097727
0 78 0.220801 0.183523 0.027280 0.096591
0 79 0.230605 0.159091 0.028133 0.100000
0 81 0.372549 0.203409 0.028986 0.104545
0 82 0.393436 0.209091 0.028133 0.086364
0 83 0.465047 0.356250 0.041773 0.123864
0 84 0.422847 0.227273 0.035806 0.095455
0 85 0.466326 0.231250 0.032396 0.101136
0 86 0.475277 0.278977 0.040068 0.114773
0 87 0.440750 0.209091 0.025575 0.079545
0 88 0.469736 0.198864 0.032396 0.104545
0 95 0.468883 0.156818 0.028986 0.093182
0 96 0.466752 0.135227 0.024723 0.093182
0 97 0.426257 0.145455 0.032396 0.093182
0 98 0.196931 0.113068 0.028986 0.096591
0 99 0.253197 0.156818 0.032396 0.106818
0 100 0.277067 0.165341 0.030691 0.098864
0 101 0.312873 0.162500 0.028986 0.093182
0 102 0.297101 0.153409 0.028133 0.093182
0 103 0.308610 0.140341 0.039216 0.094318
0 104 0.520034 0.147727 0.035806 0.111364
0 105 0.475277 0.114205 0.033248 0.103409
0 106 0.508951 0.102841 0.030691 0.089773
0 108 0.406223 0.135795 0.031543 0.098864
0 110 0.473998 0.078409 0.023870 0.070455
0 111 0.458653 0.080114 0.030691 0.087500
0 112 0.442029 0.091477 0.021313 0.067045
0 113 0.318841 0.052841 0.027280 0.094318
0 150 0.511935 0.200568 0.034953 0.112500
0 179 0.087383 0.972159 0.048593 0.053409
0 185 0.492754 0.257386 0.030691 0.098864
0 192 0.291134 0.141477 0.026428 0.073864
0 269 0.201620 0.691477 0.036658 0.132955
0 291 0.599744 0.952841 0.053708 0.089773
0 296 0.017050 0.507386 0.032396 0.117045
0 297 0.739983 0.715909 0.046036 0.134091
0 299 0.259165 0.748295 0.044331 0.144318
0 300 0.296675 0.730114 0.044331 0.155682
0 301 0.366581 0.734091 0.046036 0.145455
0 303 0.647485 0.946591 0.040068 0.102273
0 305 0.033674 0.306250 0.034953 0.101136
0 306 0.188832 0.832955 0.046888 0.138636
0 314 0.324382 0.560227 0.053708 0.136364
0 315 0.063086 0.302841 0.037511 0.105682
0 319 0.040068 0.501136 0.035806 0.120455
0 320 0.176044 0.634659 0.041773 0.132955
0 337 0.086957 0.960227 0.037511 0.077273
0 417 0.155158 0.821023 0.051151 0.164773
0 429 0.355499 0.205682 0.025575 0.097727
0 438 0.712276 0.472727 0.052003 0.125000
0 460 0.685848 0.205682 0.033248 0.106818
0 463 0.944587 0.023295 0.028986 0.044318
0 464 0.937340 0.018182 0.024723 0.034091
0 465 0.884484 0.017614 0.029838 0.032955
0 475 0.357204 0.006818 0.023870 0.011364
0 477 0.372123 0.017045 0.028133 0.031818
0 479 0.364876 0.069886 0.028986 0.094318
0 480 0.396846 0.017045 0.024723 0.031818
0 481 0.387042 0.021023 0.027280 0.039773
0 482 0.439045 0.129545 0.032396 0.093182
0 483 0.474425 0.033523 0.028133 0.064773
0 484 0.503410 0.035795 0.029838 0.069318
0 486 0.449275 0.025000 0.030691 0.047727
0 489 0.485934 0.079545 0.032396 0.086364
0 491 0.552003 0.033523 0.024723 0.064773
0 531 0.396846 0.072159 0.028133 0.085227
