0 6 0.821398 0.919318 0.050298 0.150000
0 7 0.123615 0.567614 0.040921 0.117045
0 8 0.744246 0.614773 0.039216 0.122727
0 9 0.145780 0.530114 0.034101 0.128409
0 10 0.061381 0.501705 0.040921 0.117045
0 11 0.022592 0.503409 0.041773 0.127273
0 12 0.530264 0.628977 0.052856 0.144318
0 13 0.275789 0.445455 0.034953 0.127273
0 16 0.030691 0.339773 0.035806 0.113636
0 17 0.213129 0.356250 0.040921 0.114773
0 18 0.277920 0.344886 0.042626 0.123864
0 19 0.314152 0.352273 0.043478 0.104545
0 20 0.288150 0.402273 0.040921 0.113636
0 21 0.430946 0.519886 0.034953 0.128409
0 22 0.479113 0.522727 0.040921 0.129545
0 23 0.519608 0.392045 0.041773 0.113636
0 24 0.331628 0.287500 0.034101 0.115909
0 25 0.450980 0.323295 0.046036 0.119318
0 26 0.408781 0.311364 0.034953 0.113636
0 27 0.293265 0.155682 0.027280 0.084091
0 28 0.845269 0.195455 0.031543 0.093182
0 29 0.813725 0.182386 0.033248 0.101136
0 30 0.872549 0.206818 0.034953 0.102273
0 32 0.828218 0.338636 0.038363 0.111364
0 33 0.798806 0.342614 0.030691 0.092045
0 34 0.569480 0.142045 0.028986 0.097727
0 35 0.825661 0.406818 0.040068 0.104545
0 37 0.834186 0.585795 0.040068 0.128409
0 42 0.957801 0.981250 0.036658 0.037500
0 47 0.534953 0.805114 0.040068 0.148864
0 48 0.158142 0.566477 0.040068 0.126136
0 49 0.337596 0.483523 0.034101 0.123864
0 50 0.817562 0.779545 0.040921 0.147727
0 51 0.575021 0.797727 0.052003 0.150000
0 52 0.358056 0.638636 0.040921 0.136364
0 57 0.755328 0.571023 0.034101 0.110227
0 58 0.771952 0.573295 0.029838 0.119318
0 59 0.800512 0.576705 0.042626 0.142045
0 60 0.779625 0.507386 0.040068 0.119318
0 61 0.868286 0.507955 0.029838 0.120455
0 62 0.795823 0.413636 0.040068 0.113636
0 64 0.753197 0.336364 0.031543 0.115909
0 65 0.774084 0.340341 0.032396 0.107955
0 66 0.922847 0.075000 0.033248 0.084091
0 67 0.910486 0.062500 0.027280 0.084091
0 74 0.333333 0.156250 0.027280 0.098864
0 75 0.315857 0.163636 0.036658 0.088636
0 77 0.222080 0.103409 0.024723 0.090909
0 78 0.245951 0.103409 0.028133 0.081818
0 79 0.268542 0.088636 0.025575 0.086364
0 81 0.398124 0.127841 0.022165 0.094318
0 82 0.415601 0.137500 0.024723 0.081818
0 83 0.460358 0.185227 0.034101 0.104545
0 84 0.435635 0.160795 0.030691 0.089773
0 85 0.471867 0.157955 0.031543 0.086364
0 86 0.511935 0.169318 0.034953 0.097727
0 87 0.455243 0.137500 0.023870 0.070455
0 88 0.434783 0.102841 0.027280 0.082955
0 95 0.476982 0.088636 0.028133 0.088636
0 96 0.484655 0.068750 0.024723 0.087500
0 97 0.467178 0.073295 0.032396 0.087500
0 98 0.266411 0.061932 0.024723 0.071591
0 99 0.292839 0.078409 0.028133 0.086364
0 100 0.304348 0.094318 0.027280 0.086364
0 101 0.323956 0.100568 0.027280 0.082955
0 102 0.309889 0.085227 0.021313 0.086364
0 103 0.354646 0.084659 0.032396 0.080682
0 104 0.524723 0.076705 0.028133 0.087500
0 105 0.522592 0.054545 0.032396 0.093182
0 106 0.555413 0.046023 0.029838 0.089773
0 108 0.430094 0.066477 0.031543 0.080682
0 110 0.475277 0.031818 0.023018 0.061364
0 111 0.450980 0.034091 0.025575 0.065909
0 112 0.437340 0.035795 0.018755 0.062500
0 113 0.370844 0.032955 0.028986 0.063636
0 150 0.566070 0.090341 0.034101 0.101136
0 151 0.584399 0.077273 0.028133 0.093182
0 179 0.136829 0.984091 0.046888 0.031818
0 185 0.514493 0.154545 0.024723 0.079545
0 192 0.338875 0.089773 0.024723 0.063636
0 269 0.314578 0.478977 0.035806 0.112500
0 273 0.667093 0.903409 0.063939 0.131818
0 274 0.514919 0.950568 0.051151 0.098864
0 275 0.641091 0.815341 0.051151 0.139773
0 276 0.659847 0.965909 0.049446 0.068182
0 278 0.579284 0.944318 0.057118 0.111364
0 279 0.621057 0.969886 0.033248 0.055682
0 283 0.319267 0.946023 0.058824 0.110227
0 284 0.366155 0.952273 0.050298 0.090909
0 289 0.705030 0.951136 0.052856 0.093182
0 290 0.362319 0.901705 0.046036 0.135227
0 291 0.474425 0.723864 0.045183 0.150000
0 296 0.070759 0.387500 0.040921 0.097727
0 297 0.725490 0.508523 0.034101 0.121591
0 298 0.022165 0.754545 0.042626 0.150000
0 299 0.261722 0.542614 0.040921 0.121591
0 300 0.295823 0.527841 0.035806 0.121591
0 301 0.364024 0.540341 0.035806 0.123864
0 302 0.046036 0.924432 0.039216 0.135227
0 303 0.528986 0.724432 0.040068 0.144318
0 305 0.108696 0.287500 0.036658 0.106818
0 306 0.350384 0.598295 0.040921 0.132955
0 314 0.382779 0.426136 0.052856 0.115909
0 315 0.137681 0.290909 0.033248 0.104545
0 316 0.055840 0.764773 0.041773 0.122727
0 317 0.081841 0.906818 0.052856 0.152273
0 318 0.879795 0.781818 0.057971 0.143182
0 319 0.098465 0.383523 0.033248 0.110227
0 320 0.309463 0.461932 0.040921 0.123864
0 337 0.172634 0.981250 0.040068 0.039773
0 417 0.325234 0.587500 0.041773 0.138636
0 429 0.380222 0.131250 0.025575 0.085227
0 438 0.679028 0.285795 0.034953 0.098864
0 479 0.384910 0.027841 0.029838 0.053409
0 482 0.449275 0.062500 0.023870 0.084091
0 489 0.486360 0.033523 0.028133 0.064773
