0 7 0.013640 0.675000 0.025575 0.127273
0 8 0.758312 0.773864 0.041773 0.138636
0 9 0.056692 0.637500 0.040068 0.131818
0 10 0.016624 0.604545 0.031543 0.129545
0 12 0.643223 0.776705 0.053708 0.153409
0 13 0.203325 0.539773 0.046888 0.131818
0 17 0.163257 0.428977 0.040068 0.128409
0 18 0.217818 0.408523 0.040068 0.132955
0 19 0.262575 0.414773 0.046036 0.125000
0 20 0.185422 0.492614 0.045183 0.121591
0 21 0.469309 0.686932 0.040068 0.142045
0 22 0.485934 0.672727 0.044331 0.140909
0 23 0.525575 0.485227 0.046888 0.125000
0 24 0.344416 0.352273 0.039216 0.113636
0 25 0.441176 0.428977 0.046888 0.139773
0 26 0.397698 0.420455 0.036658 0.134091
0 27 0.296249 0.192614 0.028133 0.092045
0 28 0.843990 0.231818 0.032396 0.093182
0 29 0.804348 0.215909 0.033248 0.102273
0 30 0.869139 0.246591 0.034953 0.102273
0 32 0.820119 0.389773 0.046036 0.120455
0 33 0.786019 0.398864 0.037511 0.100000
0 34 0.577153 0.175568 0.027280 0.096591
0 35 0.812020 0.486932 0.040068 0.126136
0 37 0.842711 0.743182 0.045183 0.152273
0 47 0.613811 0.941477 0.044331 0.114773
0 48 0.065217 0.693750 0.052003 0.132955
0 49 0.274936 0.588068 0.036658 0.126136
0 50 0.910912 0.950568 0.045183 0.098864
0 51 0.650469 0.933523 0.052856 0.128409
0 52 0.192668 0.784091 0.046036 0.145455
0 57 0.693521 0.689773 0.045183 0.127273
0 58 0.719949 0.707386 0.036658 0.130682
0 59 0.807758 0.731250 0.057118 0.155682
0 60 0.801790 0.607955 0.041773 0.136364
0 61 0.733163 0.647159 0.035806 0.121591
0 62 0.784314 0.486364 0.040921 0.115909
0 64 0.723359 0.387500 0.031543 0.115909
0 65 0.750213 0.390909 0.032396 0.111364
0 66 0.827792 0.073864 0.028986 0.088636
0 67 0.817562 0.065341 0.028986 0.096591
0 74 0.343137 0.189205 0.029838 0.105682
0 75 0.321824 0.202841 0.033248 0.089773
0 77 0.205030 0.138068 0.029838 0.094318
0 78 0.237852 0.141477 0.027280 0.096591
0 79 0.232737 0.111364 0.025575 0.097727
0 81 0.390878 0.162500 0.028133 0.104545
0 82 0.410486 0.166477 0.026428 0.082955
0 83 0.476982 0.264205 0.038363 0.114773
0 84 0.430520 0.184659 0.034101 0.094318
0 85 0.464621 0.185227 0.032396 0.088636
0 86 0.493606 0.217614 0.039216 0.098864
0 87 0.443734 0.163636 0.023018 0.070455
0 88 0.450980 0.142045 0.027280 0.097727
0 95 0.483376 0.113636 0.028986 0.093182
0 96 0.478687 0.097727 0.024723 0.093182
0 97 0.452685 0.109091 0.032396 0.093182
0 98 0.225916 0.082386 0.028986 0.094318
0 99 0.263427 0.110227 0.030691 0.093182
0 100 0.274084 0.125000 0.031543 0.090909
0 101 0.316283 0.129545 0.028986 0.086364
0 102 0.287724 0.119886 0.028133 0.094318
0 103 0.329071 0.106818 0.034101 0.090909
0 104 0.525575 0.100000 0.028133 0.093182
0 105 0.498721 0.074432 0.032396 0.098864
0 106 0.540068 0.073295 0.031543 0.089773
0 108 0.431799 0.095455 0.031543 0.090909
0 110 0.472720 0.048864 0.024723 0.065909
0 111 0.451833 0.048295 0.028986 0.082955
0 112 0.438193 0.060795 0.022165 0.067045
0 113 0.305627 0.036364 0.029838 0.070455
0 150 0.538363 0.144318 0.034953 0.104545
0 179 0.134271 0.965341 0.046888 0.067045
0 185 0.516624 0.203409 0.032396 0.084091
0 192 0.312020 0.115341 0.025575 0.073864
0 261 0.337170 0.984091 0.033248 0.031818
0 269 0.248508 0.586364 0.033248 0.120455
0 275 0.738278 0.948864 0.052856 0.100000
0 291 0.533674 0.864205 0.052856 0.160227
0 296 0.032822 0.446591 0.046888 0.115909
0 297 0.758312 0.614773 0.034953 0.131818
0 299 0.254902 0.643182 0.039216 0.131818
0 300 0.291560 0.634659 0.035806 0.144318
0 301 0.375107 0.633523 0.042626 0.132955
0 303 0.580563 0.857955 0.040921 0.161364
0 305 0.041773 0.302841 0.037511 0.110227
0 306 0.274936 0.722727 0.046888 0.138636
0 314 0.354646 0.490341 0.052856 0.130682
0 315 0.072464 0.302841 0.032396 0.105682
0 316 0.015345 0.942045 0.028986 0.115909
0 318 0.976556 0.951136 0.045183 0.095455
0 319 0.071611 0.443750 0.035806 0.119318
0 320 0.245951 0.554545 0.038363 0.131818
0 337 0.173487 0.957386 0.040068 0.085227
0 417 0.236147 0.702841 0.044331 0.160227
0 429 0.371270 0.164205 0.024723 0.089773
0 438 0.695652 0.372159 0.040921 0.114773
0 479 0.365729 0.039205 0.027280 0.076136
0 482 0.452685 0.085795 0.023870 0.085227
0 489 0.495311 0.047159 0.028986 0.073864
0 531 0.395567 0.040341 0.027280 0.078409
