0 7 0.020887 0.662500 0.040068 0.127273
0 8 0.757460 0.757386 0.041773 0.137500
0 9 0.065644 0.626136 0.039216 0.131818
0 10 0.019608 0.590341 0.037511 0.126136
0 12 0.623615 0.758523 0.058824 0.153409
0 13 0.210145 0.529545 0.046888 0.131818
0 17 0.168372 0.421023 0.040068 0.128409
0 18 0.224638 0.399432 0.040068 0.132955
0 19 0.267690 0.406250 0.046036 0.123864
0 20 0.194800 0.481818 0.043478 0.120455
0 21 0.462489 0.676705 0.040068 0.151136
0 22 0.479966 0.653977 0.044331 0.139773
0 23 0.524723 0.473864 0.046888 0.122727
0 24 0.345695 0.344886 0.038363 0.114773
0 25 0.441176 0.417045 0.046888 0.136364
0 26 0.398977 0.406818 0.035806 0.131818
0 27 0.296249 0.185795 0.028133 0.092045
0 28 0.844842 0.226136 0.032396 0.093182
0 29 0.806905 0.212500 0.033248 0.102273
0 30 0.872549 0.240909 0.034953 0.102273
0 32 0.817988 0.381818 0.046888 0.120455
0 33 0.786871 0.389773 0.035806 0.097727
0 34 0.577153 0.168750 0.027280 0.096591
0 35 0.814578 0.477841 0.040068 0.123864
0 37 0.846547 0.725568 0.052856 0.144318
0 47 0.606564 0.934659 0.045183 0.128409
0 48 0.072038 0.680682 0.052003 0.131818
0 49 0.282609 0.573295 0.034953 0.121591
0 50 0.893862 0.940909 0.045183 0.118182
0 51 0.642796 0.924432 0.052856 0.146591
0 52 0.211850 0.771023 0.046888 0.144318
0 57 0.705030 0.674432 0.046036 0.126136
0 58 0.726769 0.690909 0.036658 0.131818
0 59 0.806053 0.713636 0.053708 0.154545
0 60 0.802217 0.596591 0.040921 0.136364
0 61 0.761722 0.627841 0.034953 0.121591
0 62 0.786019 0.476136 0.040921 0.115909
0 64 0.722080 0.379545 0.032396 0.115909
0 65 0.751918 0.384091 0.032396 0.111364
0 66 0.830350 0.070455 0.028986 0.088636
0 67 0.820972 0.061932 0.028986 0.094318
0 74 0.343137 0.185795 0.029838 0.105682
0 75 0.321398 0.197727 0.032396 0.088636
0 77 0.208014 0.131818 0.028986 0.093182
0 78 0.236147 0.135795 0.027280 0.096591
0 79 0.236999 0.107386 0.025575 0.094318
0 81 0.392583 0.157386 0.026428 0.103409
0 82 0.411338 0.162500 0.026428 0.084091
0 83 0.478261 0.255682 0.039216 0.109091
0 84 0.431373 0.180114 0.034101 0.094318
0 85 0.465047 0.179545 0.031543 0.086364
0 86 0.496164 0.210795 0.039216 0.098864
0 87 0.442029 0.157955 0.023018 0.070455
0 88 0.449702 0.137500 0.028133 0.097727
0 95 0.484228 0.109091 0.028986 0.093182
0 96 0.479540 0.093182 0.024723 0.093182
0 97 0.456095 0.103977 0.032396 0.092045
0 98 0.228474 0.079545 0.028986 0.093182
0 99 0.265985 0.103977 0.030691 0.096591
0 100 0.275362 0.121023 0.030691 0.092045
0 101 0.316283 0.122727 0.028986 0.084091
0 102 0.287724 0.113068 0.028133 0.092045
0 103 0.332055 0.101136 0.031543 0.090909
0 104 0.526002 0.096023 0.027280 0.092045
0 105 0.499147 0.071023 0.031543 0.096591
0 106 0.543905 0.068750 0.030691 0.089773
0 108 0.434356 0.092045 0.031543 0.090909
0 110 0.474425 0.044318 0.024723 0.065909
0 111 0.451407 0.044886 0.028133 0.082955
0 112 0.438193 0.056250 0.022165 0.067045
0 113 0.308610 0.034659 0.027280 0.067045
0 150 0.543478 0.136364 0.034953 0.104545
0 179 0.140239 0.966477 0.046888 0.064773
0 185 0.517477 0.193750 0.030691 0.080682
0 192 0.314578 0.111932 0.025575 0.073864
0 261 0.326513 0.981250 0.034101 0.037500
0 269 0.255754 0.573864 0.034101 0.120455
0 275 0.728900 0.939773 0.051151 0.115909
0 291 0.529412 0.848295 0.049446 0.160227
0 296 0.034527 0.436364 0.045183 0.115909
0 297 0.759165 0.600568 0.036658 0.130682
0 299 0.251918 0.630682 0.040068 0.131818
0 300 0.289855 0.624432 0.035806 0.144318
0 301 0.377238 0.623864 0.041773 0.134091
0 303 0.572464 0.842045 0.041773 0.161364
0 305 0.047741 0.298295 0.037511 0.110227
0 306 0.284314 0.706818 0.045183 0.138636
0 314 0.357204 0.482386 0.052856 0.130682
0 315 0.076300 0.299432 0.031543 0.105682
0 316 0.017903 0.927841 0.034101 0.135227
0 318 0.964621 0.940341 0.055413 0.117045
0 319 0.075874 0.436364 0.035806 0.118182
0 320 0.253623 0.544318 0.038363 0.131818
0 337 0.177749 0.958523 0.040068 0.082955
0 417 0.245098 0.689205 0.045183 0.160227
0 429 0.372549 0.159659 0.025575 0.089773
0 438 0.695226 0.361364 0.041773 0.113636
0 479 0.365729 0.036364 0.027280 0.070455
0 482 0.453112 0.082386 0.024723 0.082955
0 489 0.496164 0.043182 0.028986 0.070455
0 531 0.396419 0.038068 0.027280 0.073864
