0 6 0.865729 0.969886 0.052003 0.060227
0 7 0.087809 0.606818 0.040921 0.125000
0 8 0.739983 0.672727 0.040921 0.136364
0 9 0.118073 0.560795 0.034953 0.130682
0 10 0.043905 0.533523 0.041773 0.121591
0 11 0.012788 0.529545 0.023870 0.127273
0 12 0.542626 0.682386 0.052003 0.148864
0 13 0.251066 0.471023 0.040068 0.130682
0 16 0.009804 0.356818 0.017903 0.113636
0 17 0.196078 0.378977 0.040921 0.117045
0 18 0.261296 0.363068 0.040068 0.126136
0 19 0.300938 0.374432 0.046036 0.121591
0 20 0.254902 0.429545 0.040921 0.120455
0 21 0.430094 0.574432 0.038363 0.132955
0 22 0.479113 0.568182 0.046036 0.131818
0 23 0.523018 0.419886 0.045183 0.114773
0 24 0.340580 0.309091 0.034953 0.115909
0 25 0.446718 0.351705 0.044331 0.126136
0 26 0.405797 0.344318 0.034101 0.120455
0 27 0.295396 0.163636 0.028133 0.084091
0 28 0.850810 0.203409 0.032396 0.093182
0 29 0.817136 0.193182 0.033248 0.102273
0 30 0.877664 0.215909 0.034953 0.102273
0 32 0.821398 0.351136 0.038363 0.111364
0 33 0.789429 0.360227 0.032396 0.093182
0 34 0.571185 0.150000 0.028986 0.097727
0 35 0.823103 0.426136 0.040068 0.111364
0 37 0.836743 0.636364 0.043478 0.143182
0 47 0.567349 0.853409 0.040068 0.150000
0 48 0.121910 0.607955 0.046036 0.127273
0 49 0.323529 0.514773 0.034953 0.127273
0 50 0.835038 0.844886 0.041773 0.155682
0 51 0.595908 0.842614 0.051151 0.153409
0 52 0.307332 0.689773 0.041773 0.140909
0 57 0.749787 0.607386 0.033248 0.110227
0 58 0.768968 0.614205 0.034101 0.121591
0 59 0.804774 0.624432 0.049446 0.148864
0 60 0.795823 0.536932 0.040068 0.119318
0 61 0.855072 0.526705 0.037511 0.121591
0 62 0.793265 0.439205 0.040068 0.114773
0 64 0.732737 0.346591 0.031543 0.115909
0 65 0.763001 0.355682 0.032396 0.111364
0 66 0.870844 0.068182 0.028133 0.084091
0 67 0.861893 0.055682 0.028986 0.088636
0 74 0.340153 0.164773 0.027280 0.102273
0 75 0.320119 0.175000 0.036658 0.088636
0 77 0.216539 0.114773 0.025575 0.090909
0 78 0.238278 0.114773 0.028133 0.088636
0 79 0.256181 0.092045 0.024723 0.086364
0 81 0.400256 0.137500 0.023018 0.095455
0 82 0.416027 0.147727 0.025575 0.084091
0 83 0.472293 0.209659 0.035806 0.110227
0 84 0.435209 0.165909 0.031543 0.090909
0 85 0.471867 0.161364 0.031543 0.086364
0 86 0.508525 0.183523 0.038363 0.098864
0 87 0.451407 0.144318 0.024723 0.070455
0 88 0.440750 0.114773 0.027280 0.088636
0 95 0.482523 0.093750 0.028986 0.089773
0 96 0.480392 0.078409 0.024723 0.093182
0 97 0.462063 0.080114 0.032396 0.087500
0 98 0.245098 0.065341 0.028133 0.078409
0 99 0.278772 0.086364 0.030691 0.095455
0 100 0.291134 0.105682 0.029838 0.093182
0 101 0.321398 0.105114 0.028986 0.082955
0 102 0.300085 0.094886 0.028986 0.087500
0 103 0.345269 0.086932 0.032396 0.085227
0 104 0.525149 0.082386 0.027280 0.087500
0 105 0.514919 0.054545 0.030691 0.093182
0 106 0.555840 0.057386 0.030691 0.089773
0 108 0.428389 0.072159 0.031543 0.080682
0 110 0.478261 0.032386 0.020460 0.062500
0 111 0.453964 0.036932 0.028133 0.071591
0 112 0.437766 0.042614 0.019608 0.064773
0 113 0.349531 0.032386 0.028986 0.062500
0 150 0.560102 0.105682 0.034101 0.104545
0 179 0.137681 0.974432 0.046888 0.051136
0 185 0.515345 0.164773 0.026428 0.079545
0 192 0.328645 0.097159 0.024723 0.069318
0 269 0.294544 0.514773 0.034953 0.120455
0 273 0.699488 0.945455 0.060529 0.109091
0 274 0.534527 0.978977 0.042626 0.042045
0 275 0.680307 0.866477 0.052856 0.153409
0 278 0.610827 0.972159 0.055413 0.051136
0 283 0.330350 0.974432 0.043478 0.046591
0 284 0.372549 0.987500 0.034101 0.020455
0 290 0.377664 0.947727 0.046036 0.097727
0 291 0.494459 0.768182 0.046036 0.154545
0 296 0.054561 0.402273 0.039216 0.104545
0 297 0.748934 0.541477 0.040068 0.126136
0 298 0.013214 0.806818 0.024723 0.150000
0 299 0.254049 0.572159 0.040921 0.132955
0 300 0.289429 0.559659 0.033248 0.126136
0 301 0.373828 0.569318 0.040068 0.125000
0 302 0.002984 0.966477 0.004263 0.067045
0 303 0.544331 0.765341 0.040068 0.153409
0 305 0.084399 0.291477 0.037511 0.107955
0 306 0.322251 0.635227 0.040921 0.134091
0 314 0.374254 0.445455 0.052856 0.127273
0 315 0.108696 0.292614 0.033248 0.105682
0 316 0.039216 0.817614 0.040921 0.128409
0 317 0.032396 0.957955 0.052856 0.084091
0 318 0.886616 0.847159 0.052856 0.148864
0 319 0.086957 0.396023 0.035806 0.114773
0 320 0.292839 0.491477 0.041773 0.130682
0 337 0.177749 0.968182 0.040068 0.063636
0 417 0.294544 0.620455 0.041773 0.138636
0 429 0.379369 0.141477 0.025575 0.087500
0 438 0.683717 0.314205 0.040921 0.107955
0 479 0.376812 0.029545 0.027280 0.056818
0 482 0.450980 0.070455 0.028986 0.084091
0 489 0.494459 0.038068 0.027280 0.073864
0 531 0.407502 0.031250 0.027280 0.060227
