0 6 0.856351 0.961364 0.052003 0.075000
0 7 0.094203 0.600000 0.041773 0.122727
0 8 0.741688 0.663068 0.040921 0.135227
0 9 0.123188 0.555682 0.034953 0.129545
0 10 0.047315 0.528977 0.041773 0.121591
0 11 0.012788 0.523864 0.023870 0.127273
0 12 0.540068 0.673295 0.052003 0.148864
0 13 0.255754 0.467045 0.039216 0.131818
0 16 0.012361 0.353409 0.023018 0.113636
0 17 0.199062 0.375000 0.041773 0.115909
0 18 0.264280 0.360227 0.040921 0.125000
0 19 0.303069 0.370455 0.045183 0.118182
0 20 0.261296 0.427273 0.041773 0.120455
0 21 0.429668 0.564205 0.037511 0.132955
0 22 0.480392 0.560795 0.045183 0.132955
0 23 0.522165 0.414773 0.043478 0.115909
0 24 0.338875 0.305682 0.034953 0.115909
0 25 0.447570 0.347159 0.044331 0.123864
0 26 0.406650 0.338636 0.034101 0.118182
0 27 0.294544 0.162500 0.028133 0.084091
0 28 0.852089 0.202273 0.031543 0.093182
0 29 0.817136 0.192045 0.033248 0.102273
0 30 0.876812 0.213636 0.034953 0.102273
0 32 0.822251 0.350000 0.038363 0.111364
0 33 0.789429 0.357955 0.032396 0.093182
0 34 0.571185 0.148864 0.028986 0.097727
0 35 0.823529 0.423295 0.040921 0.110227
0 37 0.835465 0.628409 0.042626 0.143182
0 47 0.561381 0.845455 0.040068 0.150000
0 48 0.128730 0.601136 0.046036 0.127273
0 49 0.326513 0.510227 0.035806 0.127273
0 50 0.829923 0.834659 0.041773 0.155682
0 51 0.590793 0.834091 0.051151 0.152273
0 52 0.316709 0.681818 0.041773 0.138636
0 57 0.752344 0.601705 0.033248 0.110227
0 58 0.770247 0.607386 0.033248 0.121591
0 59 0.804774 0.617045 0.049446 0.147727
0 60 0.793265 0.532386 0.040068 0.119318
0 61 0.856777 0.521023 0.034101 0.121591
0 62 0.793265 0.434659 0.040068 0.114773
0 64 0.736999 0.345455 0.031543 0.115909
0 65 0.764706 0.353409 0.032396 0.111364
0 66 0.878517 0.069318 0.028133 0.084091
0 67 0.869565 0.057386 0.028986 0.087500
0 74 0.339301 0.163636 0.027280 0.102273
0 75 0.320119 0.173864 0.036658 0.088636
0 77 0.217391 0.113068 0.025575 0.092045
0 78 0.239130 0.111932 0.028133 0.087500
0 79 0.258312 0.093182 0.025575 0.086364
0 81 0.401535 0.136932 0.022165 0.094318
0 82 0.416880 0.146591 0.025575 0.084091
0 83 0.470588 0.206818 0.035806 0.109091
0 84 0.435209 0.165341 0.031543 0.089773
0 85 0.471867 0.161364 0.031543 0.086364
0 86 0.508525 0.181818 0.036658 0.097727
0 87 0.451407 0.144318 0.024723 0.070455
0 88 0.439045 0.112500 0.027280 0.086364
0 95 0.480818 0.093750 0.028986 0.089773
0 96 0.480392 0.078409 0.024723 0.093182
0 97 0.462916 0.078977 0.032396 0.087500
0 98 0.247656 0.064773 0.028133 0.077273
0 99 0.280477 0.085795 0.030691 0.092045
0 100 0.294118 0.103977 0.028986 0.092045
0 101 0.322251 0.103977 0.028986 0.082955
0 102 0.301790 0.093750 0.027280 0.087500
0 103 0.346121 0.086364 0.032396 0.084091
0 104 0.525149 0.081250 0.027280 0.087500
0 105 0.516624 0.054545 0.032396 0.093182
0 106 0.556692 0.056250 0.030691 0.089773
0 108 0.428389 0.071023 0.031543 0.080682
0 110 0.477408 0.032386 0.022165 0.062500
0 111 0.453964 0.036364 0.028133 0.070455
0 112 0.437766 0.041477 0.019608 0.064773
0 113 0.354646 0.032955 0.028986 0.063636
0 150 0.561381 0.103409 0.034953 0.104545
0 179 0.136829 0.975568 0.046888 0.048864
0 185 0.514493 0.163636 0.024723 0.079545
0 192 0.330350 0.096023 0.024723 0.069318
0 269 0.297954 0.508523 0.034953 0.119318
0 273 0.691816 0.940909 0.062234 0.118182
0 274 0.529412 0.973864 0.049446 0.052273
0 275 0.675192 0.859091 0.052856 0.154545
0 278 0.605286 0.967614 0.057971 0.060227
0 283 0.329071 0.969886 0.047741 0.057955
0 284 0.373402 0.981250 0.039216 0.032955
0 290 0.373402 0.941477 0.046036 0.110227
0 291 0.490622 0.760795 0.046888 0.153409
0 296 0.056266 0.400000 0.039216 0.104545
0 297 0.745951 0.536932 0.040921 0.126136
0 298 0.014919 0.797727 0.028133 0.150000
0 299 0.254049 0.567045 0.040921 0.129545
0 300 0.290281 0.553977 0.033248 0.123864
0 301 0.372975 0.564773 0.040068 0.125000
0 302 0.009804 0.958523 0.017903 0.080682
0 303 0.541773 0.757955 0.040068 0.152273
0 305 0.088662 0.291477 0.037511 0.107955
0 306 0.326513 0.628977 0.040921 0.132955
0 314 0.375107 0.442045 0.052856 0.125000
0 315 0.113811 0.292614 0.033248 0.105682
0 316 0.042626 0.806818 0.040921 0.125000
0 317 0.040921 0.950568 0.052856 0.098864
0 318 0.884058 0.833523 0.047741 0.148864
0 319 0.089088 0.394318 0.034953 0.113636
0 320 0.295823 0.488068 0.040921 0.130682
0 337 0.176897 0.970455 0.040068 0.059091
0 417 0.299659 0.614773 0.041773 0.138636
0 429 0.380222 0.139205 0.025575 0.087500
0 438 0.682864 0.309659 0.039216 0.105682
0 479 0.376812 0.028977 0.027280 0.055682
0 482 0.449702 0.068182 0.028133 0.084091
0 489 0.494032 0.036364 0.028133 0.070455
0 531 0.409207 0.030682 0.027280 0.059091
