0 3 0.082694 0.933523 0.040921 0.128409
0 6 0.791134 0.736932 0.046036 0.135227
0 7 0.181159 0.482955 0.041773 0.115909
0 8 0.670077 0.501136 0.035806 0.111364
0 9 0.182012 0.445455 0.033248 0.106818
0 10 0.090793 0.417614 0.034953 0.114773
0 11 0.057971 0.414205 0.042626 0.110227
0 12 0.548167 0.523295 0.042626 0.123864
0 13 0.305627 0.378977 0.033248 0.110227
0 15 0.026002 0.293182 0.036658 0.093182
0 16 0.077153 0.288068 0.033248 0.105682
0 17 0.245951 0.299432 0.033248 0.114773
0 18 0.298806 0.289205 0.038363 0.110227
0 19 0.340580 0.294886 0.036658 0.101136
0 20 0.345269 0.327841 0.037511 0.098864
0 21 0.448849 0.432386 0.033248 0.123864
0 22 0.488065 0.425000 0.031543 0.115909
0 23 0.503836 0.315909 0.037511 0.102273
0 24 0.318414 0.231250 0.029838 0.096591
0 25 0.455669 0.243182 0.033248 0.111364
0 26 0.406223 0.243750 0.028133 0.103409
0 27 0.289855 0.109091 0.028986 0.084091
0 28 0.832055 0.145455 0.027280 0.084091
0 29 0.798380 0.147727 0.031543 0.093182
0 30 0.858909 0.157386 0.028133 0.096591
0 32 0.850384 0.286364 0.033248 0.102273
0 33 0.819693 0.288068 0.033248 0.082955
0 34 0.565217 0.113636 0.035806 0.104545
0 35 0.833760 0.344318 0.028986 0.102273
0 37 0.803069 0.478977 0.037511 0.119318
0 42 0.872123 0.865341 0.059676 0.157955
0 43 0.943734 0.855114 0.052856 0.155682
0 44 0.829071 0.921023 0.048593 0.139773
0 45 0.760443 0.925000 0.044331 0.136364
0 46 0.044757 0.953409 0.038363 0.093182
0 47 0.492327 0.703977 0.041773 0.137500
0 48 0.208014 0.480114 0.037511 0.119318
0 49 0.374680 0.405682 0.033248 0.111364
0 50 0.809889 0.648295 0.047741 0.135227
0 51 0.536232 0.692045 0.044331 0.143182
0 52 0.455669 0.537500 0.034953 0.120455
0 57 0.727621 0.493750 0.031543 0.112500
0 58 0.756607 0.492045 0.029838 0.097727
0 59 0.777494 0.470455 0.028986 0.134091
0 60 0.727195 0.433523 0.037511 0.121591
0 61 0.838022 0.502273 0.032396 0.120455
0 62 0.808184 0.348864 0.028986 0.097727
0 64 0.777067 0.282955 0.033248 0.106818
0 65 0.799233 0.291477 0.033248 0.098864
0 68 0.880222 0.060227 0.028133 0.088636
0 69 0.855072 0.056818 0.028986 0.088636
0 74 0.326513 0.110227 0.023870 0.088636
0 75 0.310315 0.119318 0.023870 0.084091
0 77 0.247656 0.059091 0.024723 0.088636
0 78 0.274084 0.056818 0.024723 0.079545
0 79 0.310315 0.053409 0.020460 0.084091
0 81 0.392157 0.090341 0.025575 0.094318
0 82 0.413470 0.091477 0.025575 0.076136
0 83 0.410060 0.129545 0.025575 0.097727
0 84 0.425831 0.120455 0.024723 0.084091
0 85 0.469309 0.123295 0.031543 0.087500
0 86 0.523018 0.122727 0.028133 0.097727
0 87 0.469736 0.110227 0.025575 0.079545
0 88 0.433930 0.056250 0.028986 0.076136
0 95 0.453538 0.044318 0.023870 0.086364
0 96 0.490196 0.035227 0.023870 0.068182
0 97 0.468883 0.036932 0.025575 0.069318
0 98 0.300085 0.030114 0.025575 0.057955
0 99 0.330776 0.036932 0.025575 0.071591
0 100 0.319693 0.054545 0.023870 0.084091
0 101 0.339301 0.058523 0.023870 0.073864
0 102 0.349531 0.034091 0.020460 0.056818
0 103 0.378517 0.050000 0.027280 0.079545
0 104 0.523444 0.037500 0.025575 0.072727
0 150 0.570332 0.044886 0.025575 0.078409
0 151 0.578005 0.036364 0.028986 0.070455
0 179 0.130861 0.981818 0.033248 0.036364
0 185 0.511935 0.103977 0.028133 0.073864
0 192 0.366581 0.056818 0.023870 0.063636
0 269 0.341006 0.410227 0.042626 0.115909
0 273 0.611253 0.798295 0.052856 0.142045
0 274 0.491049 0.841477 0.051151 0.139773
0 275 0.568627 0.728977 0.046036 0.148864
0 276 0.616368 0.863068 0.051151 0.151136
0 278 0.538789 0.844886 0.051151 0.157955
0 279 0.572890 0.869318 0.040921 0.100000
0 283 0.303495 0.825000 0.049446 0.159091
0 284 0.339301 0.842614 0.049446 0.144318
0 289 0.653026 0.840909 0.051151 0.159091
0 290 0.332481 0.759659 0.046036 0.121591
0 291 0.459506 0.628409 0.044331 0.134091
0 294 0.013640 0.467045 0.025575 0.125000
0 296 0.091645 0.331818 0.036658 0.093182
0 297 0.680733 0.429545 0.036658 0.115909
0 298 0.063512 0.637500 0.045183 0.138636
0 299 0.274936 0.457955 0.038363 0.115909
0 300 0.317136 0.457955 0.028986 0.120455
0 301 0.357630 0.464205 0.036658 0.112500
0 302 0.096760 0.746023 0.045183 0.135227
0 303 0.496164 0.623864 0.037511 0.125000
0 305 0.153026 0.253977 0.033248 0.101136
0 306 0.395993 0.514773 0.038363 0.111364
0 314 0.398124 0.369886 0.037511 0.114773
0 315 0.181159 0.260795 0.028133 0.101136
0 316 0.098892 0.648864 0.039216 0.120455
0 317 0.134697 0.743750 0.047741 0.157955
0 318 0.869139 0.655682 0.048593 0.140909
0 319 0.121483 0.327273 0.033248 0.088636
0 320 0.334186 0.390909 0.032396 0.111364
0 337 0.171355 0.981250 0.035806 0.039773
0 417 0.373402 0.502273 0.037511 0.134091
0 429 0.359761 0.088636 0.020460 0.077273
0 452 0.905797 0.971591 0.043478 0.054545
0 482 0.440750 0.032955 0.020460 0.063636
