0 3 0.028986 0.967614 0.035806 0.067045
0 6 0.795396 0.814773 0.046036 0.145455
0 7 0.162404 0.522727 0.041773 0.115909
0 8 0.708014 0.548864 0.034953 0.115909
0 9 0.167945 0.483523 0.035806 0.107955
0 10 0.079284 0.462500 0.035806 0.113636
0 11 0.044331 0.458523 0.042626 0.121591
0 12 0.543905 0.573295 0.040921 0.132955
0 13 0.298806 0.408523 0.033248 0.110227
0 15 0.014066 0.326705 0.026428 0.094318
0 16 0.060102 0.311364 0.033248 0.106818
0 17 0.229753 0.330114 0.033248 0.114773
0 18 0.291134 0.318750 0.038363 0.110227
0 19 0.330350 0.322159 0.036658 0.101136
0 20 0.325234 0.372159 0.038363 0.110227
0 21 0.441176 0.472159 0.033248 0.123864
0 22 0.481245 0.471591 0.033248 0.115909
0 23 0.509378 0.351705 0.036658 0.110227
0 24 0.323529 0.256250 0.029838 0.096591
0 25 0.457374 0.282955 0.033248 0.111364
0 26 0.407502 0.278409 0.028986 0.106818
0 27 0.291986 0.131818 0.028133 0.084091
0 28 0.838875 0.172159 0.027280 0.085227
0 29 0.802643 0.168182 0.031543 0.093182
0 30 0.864876 0.183523 0.028133 0.096591
0 32 0.841858 0.313636 0.033248 0.102273
0 33 0.814152 0.316477 0.032396 0.082955
0 34 0.565217 0.134091 0.035806 0.104545
0 35 0.833333 0.377841 0.028133 0.101136
0 37 0.812447 0.528409 0.044331 0.122727
0 42 0.902387 0.928977 0.058824 0.142045
0 43 0.974425 0.927273 0.051151 0.145455
0 44 0.842285 0.959659 0.051151 0.080682
0 45 0.774936 0.958523 0.044331 0.085227
0 46 0.002984 0.988636 0.004263 0.025000
0 47 0.503836 0.755114 0.042626 0.137500
0 48 0.187980 0.519886 0.036658 0.119318
0 49 0.361040 0.442045 0.033248 0.111364
0 50 0.813299 0.702841 0.047741 0.135227
0 51 0.555840 0.740341 0.044331 0.144318
0 52 0.416027 0.584091 0.034101 0.120455
0 57 0.743819 0.532386 0.024723 0.117045
0 58 0.762575 0.530682 0.029838 0.097727
0 59 0.785166 0.518182 0.028986 0.134091
0 60 0.751066 0.471591 0.037511 0.129545
0 61 0.867860 0.509091 0.034101 0.120455
0 62 0.809037 0.382386 0.030691 0.103409
0 64 0.771100 0.310227 0.033248 0.106818
0 65 0.792413 0.319886 0.033248 0.098864
0 67 0.965047 0.052273 0.028986 0.093182
0 68 0.844842 0.082955 0.025575 0.088636
0 69 0.818841 0.079545 0.029838 0.088636
0 74 0.328645 0.138068 0.024723 0.098864
0 75 0.310315 0.143182 0.023870 0.084091
0 77 0.234015 0.084091 0.024723 0.088636
0 78 0.258312 0.084659 0.023870 0.080682
0 79 0.291986 0.072727 0.021313 0.084091
0 81 0.390452 0.108523 0.025575 0.094318
0 82 0.413470 0.117614 0.025575 0.076136
0 83 0.427962 0.163068 0.025575 0.096591
0 84 0.428815 0.146591 0.025575 0.084091
0 85 0.472293 0.144886 0.032396 0.087500
0 86 0.515772 0.144318 0.037511 0.097727
0 87 0.467178 0.128977 0.025575 0.080682
0 88 0.433078 0.088068 0.028986 0.076136
0 95 0.467178 0.069886 0.025575 0.080682
0 96 0.489344 0.048295 0.023870 0.080682
0 97 0.472293 0.055114 0.025575 0.082955
0 98 0.287724 0.055114 0.024723 0.080682
0 99 0.315431 0.056250 0.023870 0.080682
0 100 0.312447 0.077841 0.024723 0.080682
0 101 0.326513 0.076705 0.023870 0.069318
0 102 0.329923 0.059659 0.020460 0.060227
0 103 0.369565 0.067614 0.028133 0.080682
0 104 0.520034 0.057955 0.025575 0.084091
0 105 0.526002 0.032955 0.025575 0.063636
0 106 0.554135 0.031818 0.025575 0.061364
0 108 0.429241 0.047159 0.024723 0.073864
0 110 0.474425 0.020455 0.021313 0.038636
0 112 0.436488 0.023864 0.022165 0.045455
0 150 0.570759 0.065341 0.029838 0.073864
0 151 0.581415 0.051136 0.027280 0.090909
0 179 0.136402 0.985227 0.030691 0.029545
0 185 0.513640 0.132386 0.028133 0.073864
0 192 0.356351 0.080682 0.023870 0.065909
0 269 0.327366 0.443750 0.042626 0.114773
0 273 0.637681 0.848295 0.052856 0.142045
0 274 0.505541 0.900568 0.051151 0.144318
0 275 0.601023 0.768750 0.046036 0.148864
0 276 0.633419 0.923864 0.051151 0.136364
0 278 0.552430 0.900568 0.051151 0.157955
0 279 0.587809 0.927273 0.045183 0.100000
0 283 0.306479 0.893182 0.058824 0.159091
0 284 0.347400 0.902841 0.046888 0.144318
0 289 0.678602 0.905114 0.051151 0.153409
0 290 0.345269 0.822159 0.046036 0.121591
0 291 0.462489 0.673864 0.045183 0.140909
0 294 0.008525 0.501705 0.015345 0.130682
0 296 0.088662 0.365341 0.040921 0.103409
0 297 0.701194 0.471023 0.036658 0.114773
0 298 0.045610 0.692045 0.048593 0.145455
0 299 0.272805 0.500000 0.037511 0.115909
0 300 0.302217 0.498295 0.029838 0.121591
0 301 0.360188 0.502841 0.041773 0.117045
0 302 0.079284 0.822159 0.052856 0.142045
0 303 0.508525 0.665341 0.040068 0.128409
0 305 0.135124 0.277841 0.033248 0.101136
0 306 0.378517 0.555114 0.037511 0.110227
0 314 0.391304 0.399432 0.037511 0.114773
0 315 0.164109 0.283523 0.028133 0.101136
0 316 0.079284 0.703409 0.039216 0.120455
0 317 0.115942 0.821023 0.049446 0.171591
0 318 0.880222 0.712500 0.050298 0.140909
0 319 0.109548 0.355114 0.033248 0.092045
0 320 0.325661 0.428409 0.032396 0.111364
0 337 0.171782 0.981250 0.036658 0.039773
0 417 0.352941 0.540341 0.037511 0.132955
0 429 0.371697 0.114773 0.020460 0.086364
0 482 0.445865 0.046591 0.020460 0.079545
