0 6 0.810742 0.885795 0.047741 0.148864
0 7 0.140665 0.555114 0.040921 0.117045
0 8 0.735294 0.590341 0.036658 0.119318
0 9 0.154305 0.514773 0.035806 0.118182
0 10 0.066922 0.488068 0.038363 0.114773
0 11 0.031117 0.486364 0.041773 0.122727
0 12 0.535379 0.609659 0.042626 0.135227
0 13 0.285166 0.428409 0.033248 0.113636
0 15 0.005968 0.349432 0.010230 0.105682
0 16 0.040068 0.335227 0.035806 0.109091
0 17 0.221654 0.348295 0.037511 0.114773
0 18 0.284314 0.339773 0.038363 0.115909
0 19 0.318414 0.346591 0.038363 0.102273
0 20 0.306053 0.393182 0.039216 0.111364
0 21 0.437340 0.506818 0.034101 0.125000
0 22 0.479966 0.502273 0.035806 0.122727
0 23 0.515772 0.378409 0.037511 0.111364
0 24 0.327792 0.278409 0.031543 0.104545
0 25 0.453112 0.309659 0.036658 0.112500
0 26 0.408781 0.303409 0.029838 0.106818
0 27 0.293691 0.148864 0.026428 0.084091
0 28 0.846547 0.191477 0.028986 0.087500
0 29 0.810742 0.178409 0.032396 0.097727
0 30 0.872975 0.199432 0.028986 0.096591
0 32 0.832055 0.328409 0.034101 0.104545
0 33 0.803495 0.336932 0.031543 0.082955
0 34 0.567349 0.142045 0.033248 0.102273
0 35 0.829497 0.401705 0.028986 0.101136
0 37 0.826087 0.568182 0.046036 0.120455
0 42 0.935635 0.961364 0.053708 0.077273
0 44 0.853367 0.981818 0.039216 0.034091
0 45 0.799233 0.983523 0.031543 0.032955
0 47 0.523870 0.795455 0.040068 0.138636
0 48 0.168372 0.553409 0.038363 0.122727
0 49 0.345695 0.470455 0.033248 0.115909
0 50 0.816283 0.752273 0.046888 0.136364
0 51 0.566922 0.778977 0.047741 0.146591
0 52 0.380222 0.618750 0.037511 0.132955
0 57 0.755328 0.558523 0.025575 0.117045
0 58 0.770247 0.558523 0.029838 0.105682
0 59 0.797101 0.556818 0.032396 0.136364
0 60 0.773657 0.499432 0.038363 0.126136
0 61 0.872123 0.507955 0.032396 0.120455
0 62 0.804348 0.402273 0.031543 0.106818
0 64 0.760870 0.330682 0.033248 0.106818
0 65 0.783887 0.334659 0.033248 0.098864
0 66 0.942455 0.069318 0.036658 0.093182
0 67 0.930520 0.057386 0.028133 0.089773
0 68 0.814578 0.086364 0.024723 0.088636
0 74 0.330350 0.151136 0.024723 0.097727
0 75 0.313725 0.159091 0.027280 0.086364
0 77 0.224211 0.097727 0.023870 0.088636
0 78 0.251492 0.100568 0.023870 0.080682
0 79 0.274510 0.082386 0.020460 0.085227
0 81 0.397272 0.122159 0.023870 0.094318
0 82 0.413470 0.131818 0.025575 0.077273
0 83 0.451833 0.184091 0.032396 0.097727
0 84 0.436488 0.155114 0.025575 0.082955
0 85 0.474851 0.157386 0.032396 0.087500
0 86 0.512788 0.161364 0.038363 0.097727
0 87 0.457801 0.137500 0.025575 0.079545
0 88 0.433504 0.098864 0.028133 0.079545
0 95 0.477408 0.085227 0.023870 0.097727
0 96 0.487639 0.066477 0.023870 0.080682
0 97 0.470588 0.068750 0.023870 0.082955
0 98 0.277067 0.063068 0.025575 0.080682
0 99 0.302643 0.073295 0.023870 0.080682
0 100 0.309037 0.093182 0.024723 0.077273
0 101 0.324808 0.092614 0.025575 0.062500
0 102 0.315431 0.068750 0.020460 0.060227
0 103 0.359761 0.082386 0.027280 0.080682
0 104 0.520460 0.073864 0.026428 0.084091
0 105 0.525575 0.043750 0.026428 0.078409
0 106 0.553708 0.041477 0.026428 0.080682
0 108 0.427962 0.059659 0.025575 0.073864
0 110 0.474851 0.028977 0.022165 0.055682
0 111 0.450128 0.030114 0.025575 0.057955
0 112 0.437766 0.031818 0.019608 0.059091
0 150 0.568201 0.082955 0.033248 0.086364
0 151 0.583546 0.068182 0.026428 0.088636
0 179 0.136402 0.985227 0.040921 0.029545
0 185 0.517477 0.150568 0.028986 0.073864
0 192 0.344842 0.089205 0.024723 0.064773
0 269 0.318414 0.469318 0.040068 0.113636
0 273 0.659420 0.882955 0.057118 0.138636
0 274 0.512361 0.937500 0.051151 0.125000
0 275 0.627451 0.798864 0.047741 0.145455
0 276 0.649190 0.951136 0.052003 0.100000
0 278 0.569906 0.928977 0.053708 0.142045
0 279 0.607417 0.959091 0.038363 0.079545
0 283 0.312447 0.931818 0.058824 0.138636
0 284 0.359335 0.938068 0.046888 0.121591
0 289 0.694373 0.938068 0.052003 0.119318
0 290 0.353794 0.873864 0.046036 0.127273
0 291 0.468457 0.710795 0.045183 0.148864
0 294 0.003410 0.528977 0.005115 0.135227
0 296 0.078005 0.377841 0.041773 0.101136
0 297 0.716539 0.501705 0.036658 0.114773
0 298 0.030691 0.734091 0.047741 0.147727
0 299 0.266837 0.528409 0.039216 0.118182
0 300 0.299233 0.518750 0.034101 0.121591
0 301 0.362319 0.530682 0.039216 0.122727
0 302 0.061807 0.890341 0.048593 0.139773
0 303 0.524297 0.703409 0.044331 0.136364
0 305 0.120631 0.284659 0.033248 0.105682
0 306 0.361893 0.582955 0.038363 0.106818
0 314 0.384484 0.420455 0.042626 0.115909
0 315 0.147059 0.295455 0.029838 0.102273
0 316 0.065217 0.743182 0.040068 0.120455
0 317 0.095482 0.881250 0.051151 0.164773
0 318 0.881927 0.755682 0.055413 0.140909
0 319 0.101023 0.375568 0.033248 0.101136
0 320 0.319693 0.451136 0.035806 0.115909
0 337 0.172208 0.981250 0.039216 0.039773
0 417 0.339301 0.574432 0.039216 0.135227
0 429 0.380222 0.129545 0.020460 0.086364
0 438 0.677323 0.275568 0.034953 0.098864
0 482 0.448423 0.058523 0.022165 0.082955
0 489 0.479966 0.030682 0.025575 0.059091
