0 3 0.093777 0.925568 0.040921 0.137500
0 5 0.918159 0.303977 0.034101 0.082955
0 6 0.790281 0.718750 0.046036 0.135227
0 7 0.186701 0.471591 0.042626 0.115909
0 8 0.662404 0.490909 0.035806 0.111364
0 9 0.187980 0.432955 0.033248 0.106818
0 10 0.094629 0.407955 0.035806 0.113636
0 11 0.063086 0.403977 0.042626 0.110227
0 12 0.548167 0.511932 0.042626 0.123864
0 13 0.307332 0.369886 0.033248 0.110227
0 15 0.031117 0.284091 0.036658 0.093182
0 16 0.081415 0.280114 0.033248 0.105682
0 17 0.249361 0.291477 0.033248 0.114773
0 18 0.300938 0.282386 0.037511 0.110227
0 19 0.342285 0.286932 0.036658 0.101136
0 20 0.349105 0.319318 0.036658 0.097727
0 21 0.451407 0.418750 0.033248 0.123864
0 22 0.489344 0.413636 0.032396 0.115909
0 23 0.502131 0.305682 0.037511 0.102273
0 24 0.316709 0.223864 0.029838 0.097727
0 25 0.454817 0.230682 0.033248 0.111364
0 26 0.406650 0.234091 0.027280 0.102273
0 27 0.289003 0.102273 0.028986 0.084091
0 28 0.828645 0.142045 0.027280 0.084091
0 29 0.798806 0.140909 0.032396 0.093182
0 30 0.856351 0.150568 0.028133 0.096591
0 32 0.851236 0.273864 0.033248 0.102273
0 33 0.820546 0.281818 0.033248 0.084091
0 34 0.565217 0.105682 0.035806 0.104545
0 35 0.833760 0.334091 0.028986 0.102273
0 37 0.800512 0.467614 0.037511 0.119318
0 42 0.863598 0.847159 0.059676 0.157955
0 43 0.939471 0.840341 0.052856 0.155682
0 44 0.828645 0.901705 0.049446 0.130682
0 45 0.757033 0.909091 0.044331 0.138636
0 46 0.058824 0.939205 0.040921 0.101136
0 47 0.494032 0.692614 0.041773 0.137500
0 48 0.211424 0.468750 0.037511 0.119318
0 49 0.378943 0.395455 0.033248 0.111364
0 50 0.807758 0.634659 0.046888 0.135227
0 51 0.531543 0.680114 0.045183 0.139773
0 52 0.460784 0.522727 0.036658 0.120455
0 57 0.723359 0.482955 0.033248 0.111364
0 58 0.754049 0.481818 0.029838 0.097727
0 59 0.774084 0.455682 0.028986 0.134091
0 60 0.721228 0.421591 0.037511 0.115909
0 61 0.823103 0.496591 0.033248 0.120455
0 62 0.808184 0.337500 0.028986 0.097727
0 64 0.780477 0.275000 0.033248 0.106818
0 65 0.800938 0.283523 0.033248 0.098864
0 68 0.892157 0.054545 0.028133 0.088636
0 69 0.866155 0.054545 0.028986 0.088636
0 74 0.326513 0.102273 0.023870 0.088636
0 75 0.310315 0.113636 0.023870 0.084091
0 77 0.252344 0.052841 0.023870 0.087500
0 78 0.276641 0.052273 0.024723 0.079545
0 79 0.316283 0.048295 0.020460 0.082955
0 81 0.392157 0.085795 0.025575 0.094318
0 82 0.412617 0.085795 0.025575 0.076136
0 83 0.401535 0.119318 0.025575 0.097727
0 84 0.424552 0.114773 0.025575 0.084091
0 85 0.466326 0.117614 0.032396 0.087500
0 86 0.523018 0.117045 0.028133 0.097727
0 87 0.472293 0.102273 0.023870 0.075000
0 88 0.433078 0.049432 0.028986 0.076136
0 95 0.453538 0.042045 0.023870 0.081818
0 96 0.491049 0.032955 0.023870 0.063636
0 97 0.468883 0.032955 0.025575 0.063636
0 98 0.307758 0.027841 0.025575 0.053409
0 99 0.335891 0.033523 0.025575 0.064773
0 100 0.322677 0.046591 0.024723 0.079545
0 101 0.342711 0.051705 0.023870 0.073864
0 102 0.353794 0.029545 0.020460 0.054545
0 103 0.383632 0.047727 0.027280 0.079545
0 104 0.522592 0.034091 0.025575 0.065909
0 150 0.570332 0.040909 0.025575 0.077273
0 179 0.121910 0.982386 0.037511 0.035227
0 185 0.510656 0.098295 0.028986 0.073864
0 192 0.370418 0.050000 0.023018 0.061364
0 269 0.343564 0.400000 0.040921 0.113636
0 273 0.601023 0.784659 0.052856 0.142045
0 274 0.485507 0.821591 0.052003 0.131818
0 275 0.554135 0.721023 0.046036 0.148864
0 276 0.610401 0.845455 0.051151 0.145455
0 278 0.534527 0.831250 0.051151 0.157955
0 279 0.571185 0.854545 0.040921 0.100000
0 283 0.301364 0.809091 0.048593 0.152273
0 284 0.338448 0.826705 0.049446 0.144318
0 289 0.644501 0.826136 0.051151 0.159091
0 290 0.329071 0.740341 0.046036 0.121591
0 291 0.459079 0.618182 0.045183 0.134091
0 294 0.014919 0.456818 0.028133 0.125000
0 296 0.093350 0.325000 0.036658 0.093182
0 297 0.678176 0.417045 0.036658 0.115909
0 298 0.069054 0.619318 0.044331 0.134091
0 299 0.276641 0.447727 0.038363 0.115909
0 300 0.319267 0.446591 0.028133 0.120455
0 301 0.356351 0.453409 0.034101 0.111364
0 302 0.102302 0.723295 0.044331 0.128409
0 303 0.494459 0.612500 0.037511 0.125000
0 305 0.158994 0.248295 0.033248 0.101136
0 306 0.400256 0.503409 0.038363 0.111364
0 314 0.398977 0.360795 0.037511 0.110227
0 315 0.185422 0.255114 0.028133 0.101136
0 316 0.104859 0.630682 0.039216 0.120455
0 317 0.143223 0.725568 0.047741 0.157955
0 318 0.863171 0.646591 0.048593 0.140909
0 319 0.126172 0.319886 0.032396 0.089773
0 320 0.337170 0.378409 0.031543 0.111364
0 337 0.170503 0.980682 0.034101 0.040909
0 417 0.375107 0.490909 0.037511 0.134091
0 429 0.359761 0.081818 0.020460 0.077273
0 452 0.895141 0.961932 0.046036 0.073864
0 482 0.440324 0.029545 0.021313 0.056818
