0 3 0.050298 0.955682 0.037511 0.090909
0 6 0.793691 0.785227 0.046036 0.140909
0 7 0.169224 0.507955 0.041773 0.115909
0 8 0.693095 0.527273 0.034101 0.111364
0 9 0.172634 0.469886 0.034953 0.107955
0 10 0.083973 0.447159 0.034953 0.114773
0 11 0.049446 0.443182 0.042626 0.118182
0 12 0.546036 0.555682 0.041773 0.129545
0 13 0.303069 0.399432 0.033248 0.110227
0 15 0.017050 0.315341 0.032396 0.092045
0 16 0.066922 0.303409 0.033248 0.106818
0 17 0.235720 0.319886 0.033248 0.114773
0 18 0.293691 0.308523 0.038363 0.110227
0 19 0.333760 0.311932 0.036658 0.101136
0 20 0.331628 0.359659 0.037511 0.107955
0 21 0.443734 0.457386 0.033248 0.123864
0 22 0.483376 0.455682 0.032396 0.115909
0 23 0.507673 0.339205 0.038363 0.105682
0 24 0.321824 0.247159 0.029838 0.096591
0 25 0.457374 0.270455 0.033248 0.111364
0 26 0.407076 0.268182 0.028133 0.106818
0 27 0.291134 0.123864 0.028133 0.084091
0 28 0.835891 0.167045 0.028133 0.084091
0 29 0.798380 0.161364 0.031543 0.093182
0 30 0.863171 0.175568 0.028133 0.096591
0 32 0.845269 0.306818 0.033248 0.102273
0 33 0.816283 0.308523 0.031543 0.082955
0 34 0.565217 0.129545 0.035806 0.104545
0 35 0.833333 0.367614 0.028133 0.101136
0 37 0.808610 0.513068 0.036658 0.126136
0 42 0.890878 0.909659 0.059676 0.157955
0 43 0.965047 0.900568 0.052856 0.167045
0 44 0.840580 0.948295 0.054561 0.105682
0 45 0.770673 0.946591 0.044331 0.102273
0 46 0.016624 0.975000 0.031543 0.052273
0 47 0.496164 0.734659 0.042626 0.137500
0 48 0.195226 0.505114 0.037511 0.119318
0 49 0.366155 0.428409 0.033248 0.111364
0 50 0.812447 0.683523 0.047741 0.135227
0 51 0.549020 0.723295 0.044331 0.144318
0 52 0.431373 0.571591 0.034101 0.120455
0 57 0.736999 0.522159 0.024723 0.117045
0 58 0.759165 0.519318 0.029838 0.097727
0 59 0.782182 0.502273 0.028133 0.134091
0 60 0.741688 0.459091 0.037511 0.129545
0 61 0.861893 0.509091 0.032396 0.120455
0 62 0.808184 0.369318 0.028986 0.097727
0 64 0.773657 0.301136 0.033248 0.106818
0 65 0.795823 0.310795 0.033248 0.098864
0 68 0.857630 0.075000 0.028986 0.088636
0 69 0.832055 0.070455 0.028986 0.088636
0 74 0.326939 0.128409 0.024723 0.093182
0 75 0.310315 0.134091 0.023870 0.084091
0 77 0.238278 0.075000 0.024723 0.088636
0 78 0.262575 0.075000 0.023870 0.079545
0 79 0.297954 0.065909 0.021313 0.084091
0 81 0.390878 0.101705 0.024723 0.094318
0 82 0.413470 0.107386 0.025575 0.076136
0 83 0.420290 0.152841 0.025575 0.096591
0 84 0.427110 0.136364 0.025575 0.084091
0 85 0.467604 0.139205 0.031543 0.087500
0 86 0.515345 0.135227 0.034953 0.097727
0 87 0.468883 0.122159 0.025575 0.080682
0 88 0.434783 0.075568 0.028986 0.076136
0 95 0.461211 0.064773 0.025575 0.081818
0 96 0.490196 0.043750 0.023870 0.078409
0 97 0.472293 0.051136 0.025575 0.084091
0 98 0.291560 0.047159 0.025575 0.078409
0 99 0.320546 0.049432 0.025575 0.080682
0 100 0.315431 0.069318 0.023870 0.081818
0 101 0.329071 0.067614 0.023870 0.071591
0 102 0.337596 0.050568 0.020460 0.060227
0 103 0.372549 0.059091 0.027280 0.079545
0 104 0.521739 0.048864 0.025575 0.084091
0 105 0.526002 0.030114 0.025575 0.057955
0 108 0.429241 0.042614 0.024723 0.073864
0 110 0.473998 0.016477 0.022165 0.030682
0 112 0.432225 0.021591 0.022165 0.040909
0 150 0.570332 0.056818 0.027280 0.077273
0 151 0.581415 0.045455 0.027280 0.086364
0 179 0.136402 0.983523 0.030691 0.032955
0 185 0.512788 0.121023 0.028133 0.073864
0 192 0.359335 0.072727 0.024723 0.065909
0 269 0.331628 0.431250 0.042626 0.114773
0 273 0.628303 0.831250 0.052856 0.142045
0 274 0.500426 0.877273 0.051151 0.138636
0 275 0.589088 0.756250 0.046036 0.148864
0 276 0.624893 0.903409 0.051151 0.150000
0 278 0.547315 0.881250 0.051151 0.157955
0 279 0.581841 0.907955 0.045183 0.100000
0 283 0.305200 0.875000 0.056266 0.159091
0 284 0.343137 0.884659 0.052003 0.144318
0 289 0.671782 0.884091 0.051151 0.159091
0 290 0.340153 0.800568 0.046036 0.121591
0 291 0.461637 0.656818 0.045183 0.138636
0 294 0.010656 0.489205 0.019608 0.126136
0 296 0.089940 0.354545 0.040068 0.100000
0 297 0.693521 0.457955 0.036658 0.115909
0 298 0.051151 0.673864 0.047741 0.145455
0 299 0.272805 0.484091 0.037511 0.115909
0 300 0.305200 0.486932 0.028986 0.121591
0 301 0.359761 0.489205 0.040921 0.114773
0 302 0.085251 0.795455 0.049446 0.140909
0 303 0.501705 0.650000 0.038363 0.125000
0 305 0.141091 0.268750 0.033248 0.101136
0 306 0.386616 0.543182 0.038363 0.111364
0 314 0.393862 0.389205 0.037511 0.114773
0 315 0.170077 0.277841 0.028133 0.101136
0 316 0.085251 0.688636 0.039216 0.120455
0 317 0.123188 0.793750 0.048593 0.167045
0 318 0.877238 0.694886 0.047741 0.139773
0 319 0.112958 0.346023 0.033248 0.089773
0 320 0.328218 0.414773 0.032396 0.111364
0 337 0.171782 0.981250 0.036658 0.039773
0 417 0.360614 0.527273 0.037511 0.134091
0 429 0.366581 0.105682 0.020460 0.081818
0 482 0.444160 0.039205 0.020460 0.076136
