0 3 0.111253 0.907955 0.041773 0.140909
0 5 0.918159 0.297727 0.034101 0.088636
0 6 0.788576 0.696023 0.046036 0.135227
0 7 0.190111 0.458523 0.042626 0.112500
0 8 0.653026 0.477273 0.035806 0.111364
0 9 0.193095 0.419318 0.033248 0.106818
0 10 0.099744 0.396023 0.035806 0.112500
0 11 0.070759 0.391477 0.042626 0.110227
0 12 0.546888 0.496591 0.041773 0.125000
0 13 0.309037 0.357955 0.033248 0.111364
0 15 0.038789 0.272727 0.036658 0.093182
0 16 0.087383 0.269886 0.033248 0.105682
0 17 0.253623 0.281250 0.033248 0.114773
0 18 0.303495 0.273295 0.037511 0.110227
0 19 0.344842 0.276705 0.036658 0.101136
0 20 0.352515 0.309091 0.036658 0.097727
0 21 0.454817 0.401705 0.033248 0.123864
0 22 0.491049 0.397727 0.032396 0.115909
0 23 0.501705 0.292045 0.036658 0.102273
0 24 0.314152 0.214773 0.029838 0.097727
0 25 0.453112 0.220455 0.033248 0.111364
0 26 0.407502 0.221591 0.027280 0.102273
0 27 0.289003 0.094318 0.028986 0.084091
0 28 0.825234 0.136364 0.027280 0.084091
0 29 0.799659 0.134091 0.032396 0.093182
0 30 0.848679 0.147159 0.028133 0.096591
0 32 0.849531 0.267045 0.033248 0.102273
0 33 0.820546 0.276705 0.033248 0.087500
0 34 0.564365 0.097727 0.035806 0.104545
0 35 0.830776 0.323864 0.028133 0.102273
0 37 0.798380 0.453977 0.040068 0.119318
0 42 0.854646 0.823864 0.055413 0.152273
0 43 0.932225 0.819886 0.050298 0.155682
0 44 0.817562 0.877841 0.049446 0.130682
0 45 0.757033 0.886364 0.044331 0.138636
0 46 0.074595 0.917614 0.040068 0.101136
0 47 0.496590 0.677841 0.041773 0.137500
0 48 0.216113 0.453977 0.038363 0.119318
0 49 0.381500 0.385227 0.033248 0.111364
0 50 0.803069 0.616477 0.044331 0.135227
0 51 0.525575 0.664773 0.045183 0.134091
0 52 0.467604 0.504545 0.038363 0.120455
0 57 0.718244 0.472727 0.033248 0.111364
0 58 0.751492 0.468182 0.029838 0.097727
0 59 0.767690 0.438068 0.031543 0.132955
0 60 0.713555 0.407386 0.037511 0.112500
0 61 0.805627 0.492045 0.035806 0.120455
0 62 0.808184 0.327273 0.028986 0.097727
0 64 0.780477 0.265909 0.033248 0.106818
0 65 0.800938 0.273295 0.031543 0.096591
0 68 0.905371 0.050000 0.028986 0.088636
0 69 0.877238 0.053409 0.028986 0.088636
0 74 0.323956 0.094318 0.023870 0.088636
0 75 0.311594 0.103409 0.024723 0.084091
0 77 0.257886 0.046023 0.023018 0.082955
0 78 0.281330 0.046591 0.023870 0.079545
0 79 0.326939 0.035227 0.019608 0.068182
0 81 0.390452 0.077841 0.025575 0.094318
0 82 0.410060 0.078977 0.025575 0.076136
0 83 0.391304 0.106818 0.025575 0.097727
0 84 0.421995 0.109091 0.025575 0.084091
0 85 0.462916 0.110795 0.032396 0.087500
0 86 0.521313 0.109091 0.028133 0.097727
0 87 0.476982 0.096591 0.024723 0.072727
0 88 0.431373 0.043750 0.028986 0.076136
0 95 0.453538 0.038068 0.023870 0.073864
0 96 0.491049 0.028977 0.023870 0.055682
0 97 0.468883 0.030114 0.025575 0.057955
0 98 0.311168 0.031818 0.025575 0.061364
0 99 0.337596 0.030114 0.025575 0.057955
0 100 0.328218 0.035227 0.025575 0.068182
0 101 0.343564 0.044886 0.023870 0.073864
0 102 0.358056 0.025000 0.020460 0.047727
0 103 0.386189 0.039205 0.027280 0.076136
0 104 0.522592 0.030114 0.025575 0.057955
0 150 0.570332 0.037500 0.025575 0.072727
0 179 0.110401 0.983523 0.043478 0.032955
0 185 0.508951 0.090341 0.028986 0.073864
0 192 0.372123 0.045455 0.023018 0.061364
0 269 0.347826 0.386932 0.039216 0.112500
0 273 0.589088 0.767614 0.052856 0.142045
0 274 0.481671 0.807386 0.051151 0.142045
0 275 0.538789 0.705114 0.046036 0.144318
0 276 0.602728 0.823295 0.051151 0.137500
0 278 0.528559 0.814773 0.051151 0.159091
0 279 0.567775 0.838068 0.040921 0.098864
0 283 0.301364 0.797159 0.048593 0.155682
0 284 0.337596 0.806250 0.049446 0.144318
0 289 0.633419 0.806818 0.051151 0.159091
0 290 0.323956 0.723295 0.046036 0.121591
0 291 0.458653 0.605114 0.046036 0.135227
0 294 0.016624 0.444318 0.031543 0.125000
0 296 0.095908 0.317045 0.036658 0.093182
0 297 0.673913 0.403409 0.036658 0.115909
0 298 0.076300 0.601136 0.045183 0.131818
0 299 0.280477 0.436364 0.037511 0.115909
0 300 0.321824 0.434091 0.028133 0.120455
0 301 0.355925 0.440909 0.033248 0.111364
0 302 0.111679 0.700000 0.044331 0.125000
0 303 0.494459 0.600000 0.037511 0.125000
0 305 0.165814 0.241477 0.033248 0.101136
0 306 0.401961 0.486364 0.038363 0.111364
0 314 0.400256 0.350000 0.036658 0.104545
0 315 0.190963 0.247727 0.028986 0.102273
0 316 0.113384 0.613636 0.039216 0.120455
0 317 0.155158 0.703977 0.047741 0.157955
0 318 0.854646 0.628409 0.048593 0.136364
0 319 0.131287 0.313068 0.032396 0.094318
0 320 0.340580 0.364773 0.031543 0.111364
0 337 0.168798 0.979545 0.034101 0.043182
0 417 0.378517 0.475000 0.037511 0.134091
0 429 0.358909 0.073864 0.020460 0.077273
0 452 0.881500 0.950000 0.040921 0.097727
0 482 0.439898 0.025568 0.022165 0.048864
