0 3 0.063086 0.946591 0.037511 0.109091
0 6 0.792839 0.766477 0.046036 0.137500
0 7 0.173487 0.498864 0.041773 0.115909
0 8 0.682864 0.517045 0.034101 0.111364
0 9 0.175618 0.461364 0.034101 0.106818
0 10 0.086530 0.435795 0.034953 0.114773
0 11 0.052856 0.432386 0.042626 0.114773
0 12 0.547741 0.542614 0.041773 0.126136
0 13 0.303922 0.391477 0.033248 0.110227
0 15 0.018755 0.306818 0.035806 0.093182
0 16 0.071185 0.298295 0.033248 0.105682
0 17 0.239983 0.311932 0.033248 0.114773
0 18 0.295396 0.300568 0.038363 0.110227
0 19 0.336317 0.306250 0.036658 0.101136
0 20 0.336743 0.347727 0.037511 0.104545
0 21 0.445439 0.448295 0.033248 0.123864
0 22 0.485507 0.443182 0.031543 0.115909
0 23 0.506394 0.331250 0.039216 0.103409
0 24 0.320119 0.241477 0.029838 0.096591
0 25 0.457374 0.261364 0.033248 0.111364
0 26 0.405797 0.257955 0.028986 0.104545
0 27 0.290281 0.119318 0.028133 0.084091
0 28 0.834186 0.160227 0.028133 0.084091
0 29 0.797528 0.155682 0.031543 0.093182
0 30 0.861893 0.168750 0.028986 0.096591
0 32 0.847826 0.302273 0.033248 0.102273
0 33 0.817988 0.301705 0.031543 0.082955
0 34 0.565217 0.123864 0.035806 0.104545
0 35 0.833333 0.360227 0.028133 0.102273
0 37 0.812020 0.498864 0.046888 0.120455
0 42 0.885763 0.892614 0.059676 0.157955
0 43 0.954817 0.887500 0.052856 0.172727
0 44 0.839301 0.938636 0.053708 0.122727
0 45 0.767263 0.939773 0.044331 0.118182
0 46 0.023870 0.967614 0.037511 0.067045
0 47 0.493606 0.722159 0.042626 0.137500
0 48 0.200341 0.496023 0.037511 0.119318
0 49 0.369565 0.420455 0.033248 0.111364
0 50 0.811594 0.669886 0.047741 0.135227
0 51 0.543905 0.710795 0.044331 0.144318
0 52 0.440750 0.560227 0.034101 0.120455
0 57 0.733589 0.512500 0.026428 0.115909
0 58 0.758312 0.509091 0.029838 0.097727
0 59 0.780477 0.489773 0.028133 0.134091
0 60 0.735720 0.450000 0.037511 0.129545
0 61 0.857630 0.509091 0.032396 0.120455
0 62 0.808184 0.361364 0.028986 0.097727
0 64 0.774510 0.294318 0.033248 0.106818
0 65 0.797528 0.302841 0.033248 0.098864
0 68 0.864876 0.070455 0.028133 0.088636
0 69 0.839727 0.063636 0.028986 0.088636
0 74 0.326513 0.121023 0.023870 0.089773
0 75 0.310315 0.127273 0.023870 0.084091
0 77 0.240835 0.069318 0.024723 0.088636
0 78 0.267690 0.068182 0.023870 0.079545
0 79 0.303069 0.061364 0.021313 0.084091
0 81 0.391731 0.097159 0.024723 0.094318
0 82 0.413470 0.100568 0.025575 0.076136
0 83 0.415175 0.144886 0.025575 0.096591
0 84 0.427110 0.130682 0.025575 0.084091
0 85 0.467604 0.133523 0.031543 0.087500
0 86 0.518755 0.130682 0.031543 0.097727
0 87 0.468883 0.118750 0.025575 0.080682
0 88 0.434783 0.067614 0.028986 0.076136
0 95 0.457374 0.056818 0.024723 0.084091
0 96 0.490196 0.039773 0.023870 0.075000
0 97 0.470588 0.046023 0.025575 0.078409
0 98 0.293265 0.038068 0.025575 0.069318
0 99 0.323956 0.044886 0.025575 0.078409
0 100 0.317136 0.063636 0.023870 0.084091
0 101 0.332481 0.064205 0.023870 0.073864
0 102 0.342711 0.042614 0.020460 0.060227
0 103 0.374254 0.054545 0.027280 0.079545
0 104 0.523444 0.042614 0.025575 0.082955
0 108 0.429241 0.038636 0.024723 0.070455
0 150 0.569906 0.051136 0.026428 0.079545
0 151 0.581415 0.042045 0.027280 0.081818
0 179 0.136402 0.982386 0.030691 0.035227
0 185 0.512788 0.114205 0.028133 0.073864
0 192 0.361040 0.065909 0.024723 0.065909
0 269 0.335038 0.423295 0.042626 0.114773
0 273 0.622336 0.818750 0.052856 0.142045
0 274 0.497016 0.864773 0.051151 0.140909
0 275 0.581415 0.746023 0.046036 0.148864
0 276 0.621483 0.888068 0.051151 0.151136
0 278 0.543905 0.867614 0.051151 0.157955
0 279 0.578005 0.892045 0.042626 0.100000
0 283 0.303922 0.861364 0.053708 0.159091
0 284 0.340580 0.871023 0.055413 0.144318
0 289 0.664962 0.868182 0.051151 0.159091
0 290 0.336743 0.785795 0.046036 0.121591
0 291 0.460358 0.645455 0.044331 0.136364
0 294 0.011509 0.481818 0.021313 0.125000
0 296 0.090793 0.346023 0.038363 0.098864
0 297 0.687553 0.447727 0.036658 0.115909
0 298 0.055413 0.662500 0.046036 0.145455
0 299 0.272805 0.473864 0.037511 0.115909
0 300 0.310315 0.475568 0.028986 0.121591
0 301 0.359761 0.480114 0.040921 0.112500
0 302 0.089514 0.777273 0.047741 0.140909
0 303 0.499574 0.639773 0.037511 0.125000
0 305 0.145354 0.261932 0.033248 0.101136
0 306 0.389599 0.531818 0.037511 0.111364
0 314 0.395567 0.381250 0.037511 0.114773
0 315 0.174339 0.272159 0.028133 0.101136
0 316 0.090367 0.673864 0.039216 0.120455
0 317 0.127451 0.775000 0.048593 0.163636
0 318 0.874680 0.681818 0.046036 0.138636
0 319 0.115516 0.339773 0.033248 0.088636
0 320 0.330776 0.406818 0.032396 0.111364
0 337 0.171355 0.981250 0.035806 0.039773
0 417 0.366581 0.518182 0.037511 0.134091
0 429 0.363171 0.100000 0.020460 0.077273
0 482 0.442455 0.036932 0.020460 0.071591
