0 3 0.016198 0.972727 0.030691 0.056818
0 6 0.797954 0.831250 0.046036 0.146591
0 7 0.158142 0.530682 0.041773 0.115909
0 8 0.715260 0.560227 0.035806 0.118182
0 9 0.165388 0.490909 0.035806 0.109091
0 10 0.076726 0.468182 0.035806 0.113636
0 11 0.041773 0.464205 0.042626 0.121591
0 12 0.542199 0.581250 0.040921 0.132955
0 13 0.294544 0.410795 0.033248 0.110227
0 15 0.012361 0.331818 0.023018 0.097727
0 16 0.055840 0.317045 0.033248 0.106818
0 17 0.228474 0.334659 0.034101 0.114773
0 18 0.290281 0.324432 0.038363 0.110227
0 19 0.327792 0.327841 0.036658 0.101136
0 20 0.321824 0.376705 0.038363 0.110227
0 21 0.441176 0.480114 0.033248 0.123864
0 22 0.481245 0.477841 0.033248 0.117045
0 23 0.511083 0.358523 0.036658 0.110227
0 24 0.324382 0.261932 0.029838 0.096591
0 25 0.456522 0.289773 0.033248 0.111364
0 26 0.407502 0.284091 0.028986 0.106818
0 27 0.292413 0.135227 0.027280 0.084091
0 28 0.841432 0.176705 0.027280 0.085227
0 29 0.806053 0.171591 0.031543 0.093182
0 30 0.865729 0.188068 0.028133 0.096591
0 32 0.839301 0.316477 0.033248 0.103409
0 33 0.813299 0.321023 0.032396 0.082955
0 34 0.565217 0.137500 0.035806 0.104545
0 35 0.833333 0.383523 0.028133 0.101136
0 37 0.815857 0.540909 0.046036 0.125000
0 42 0.910486 0.936364 0.057971 0.125000
0 43 0.976556 0.936364 0.045183 0.127273
0 44 0.845269 0.964773 0.046888 0.070455
0 45 0.780051 0.963068 0.046036 0.076136
0 47 0.508525 0.765341 0.041773 0.137500
0 48 0.183717 0.527841 0.036658 0.119318
0 49 0.357630 0.447727 0.033248 0.111364
0 50 0.814152 0.713636 0.047741 0.134091
0 51 0.557545 0.748295 0.044331 0.144318
0 52 0.407502 0.591477 0.034101 0.121591
0 57 0.747656 0.538068 0.025575 0.117045
0 58 0.765132 0.537500 0.029838 0.097727
0 59 0.786871 0.527273 0.028986 0.134091
0 60 0.756607 0.478409 0.038363 0.129545
0 61 0.871270 0.509091 0.034101 0.120455
0 62 0.809889 0.390909 0.032396 0.106818
0 64 0.767690 0.314773 0.033248 0.106818
0 65 0.789855 0.323295 0.033248 0.098864
0 66 0.965473 0.072727 0.038363 0.093182
0 67 0.956948 0.052273 0.028133 0.093182
0 68 0.837170 0.082955 0.025575 0.088636
0 69 0.812020 0.085227 0.029838 0.088636
0 74 0.328645 0.141477 0.024723 0.098864
0 75 0.310742 0.148864 0.024723 0.084091
0 77 0.231458 0.088068 0.024723 0.087500
0 78 0.256607 0.090341 0.023870 0.080682
0 79 0.289003 0.075000 0.020460 0.084091
0 81 0.390452 0.113068 0.025575 0.094318
0 82 0.413470 0.124432 0.025575 0.076136
0 83 0.432225 0.167045 0.025575 0.097727
0 84 0.430520 0.152273 0.025575 0.084091
0 85 0.472293 0.148295 0.032396 0.087500
0 86 0.516198 0.150000 0.038363 0.097727
0 87 0.464621 0.131250 0.025575 0.080682
0 88 0.433078 0.091477 0.028986 0.076136
0 95 0.471441 0.072159 0.025575 0.080682
0 96 0.488491 0.050568 0.023870 0.080682
0 97 0.472293 0.057955 0.025575 0.084091
0 98 0.285166 0.058523 0.024723 0.080682
0 99 0.311168 0.058523 0.023870 0.080682
0 100 0.312020 0.082386 0.025575 0.078409
0 101 0.324808 0.082386 0.023870 0.069318
0 102 0.327366 0.063068 0.020460 0.060227
0 103 0.368286 0.072159 0.028986 0.080682
0 104 0.520034 0.061932 0.025575 0.082955
0 105 0.526002 0.034659 0.025575 0.067045
0 106 0.553282 0.031818 0.025575 0.061364
0 108 0.428389 0.049432 0.024723 0.073864
0 110 0.474851 0.022159 0.020460 0.042045
0 112 0.436914 0.025568 0.021313 0.048864
0 150 0.570759 0.069886 0.031543 0.071591
0 151 0.581841 0.054545 0.026428 0.088636
0 179 0.135976 0.985795 0.031543 0.028409
0 185 0.514919 0.136932 0.028986 0.073864
0 192 0.353794 0.082955 0.023870 0.065909
0 269 0.324808 0.449432 0.042626 0.114773
0 273 0.642796 0.856250 0.052856 0.142045
0 274 0.507246 0.910227 0.051151 0.143182
0 275 0.606991 0.775568 0.046036 0.148864
0 276 0.637681 0.932386 0.051151 0.128409
0 278 0.556692 0.906250 0.051151 0.157955
0 279 0.591219 0.936364 0.045183 0.100000
0 283 0.306905 0.903409 0.059676 0.159091
0 284 0.349531 0.911932 0.046036 0.144318
0 289 0.681159 0.914205 0.051151 0.148864
0 290 0.346121 0.833523 0.046036 0.121591
0 291 0.463342 0.682955 0.045183 0.143182
0 294 0.007673 0.507955 0.013640 0.134091
0 296 0.086104 0.367614 0.040921 0.103409
0 297 0.705456 0.478977 0.036658 0.114773
0 298 0.042199 0.701136 0.050298 0.145455
0 299 0.271952 0.506818 0.037511 0.115909
0 300 0.301790 0.502841 0.030691 0.121591
0 301 0.360614 0.510227 0.042626 0.118182
0 302 0.076726 0.838068 0.052856 0.142045
0 303 0.512361 0.673864 0.042626 0.129545
0 305 0.131714 0.279545 0.033248 0.102273
0 306 0.375533 0.561364 0.038363 0.109091
0 314 0.389599 0.405114 0.037511 0.114773
0 315 0.161125 0.288068 0.028986 0.101136
0 316 0.076726 0.712500 0.039216 0.120455
0 317 0.111679 0.835795 0.049446 0.171591
0 318 0.881074 0.722727 0.052003 0.140909
0 319 0.106991 0.359659 0.033248 0.094318
0 320 0.325661 0.434091 0.032396 0.111364
0 337 0.171782 0.981250 0.038363 0.039773
0 417 0.350810 0.548864 0.038363 0.134091
0 429 0.374254 0.118750 0.020460 0.087500
0 482 0.446718 0.051705 0.020460 0.080682
0 489 0.477408 0.024432 0.023870 0.046591
