0 6 0.811594 0.888068 0.047741 0.148864
0 7 0.139386 0.555682 0.041773 0.115909
0 8 0.736147 0.592045 0.036658 0.120455
0 9 0.153879 0.516477 0.034953 0.119318
0 10 0.066922 0.489205 0.038363 0.114773
0 11 0.030264 0.487500 0.041773 0.122727
0 12 0.534527 0.611364 0.044331 0.136364
0 13 0.284314 0.429545 0.033248 0.115909
0 15 0.005541 0.349432 0.009378 0.105682
0 16 0.039216 0.335227 0.035806 0.109091
0 17 0.220801 0.348295 0.037511 0.114773
0 18 0.283887 0.340341 0.039216 0.117045
0 19 0.317988 0.346591 0.039216 0.102273
0 20 0.304348 0.393182 0.039216 0.111364
0 21 0.437340 0.507386 0.034101 0.126136
0 22 0.479966 0.503977 0.035806 0.123864
0 23 0.516198 0.379545 0.038363 0.111364
0 24 0.328218 0.278977 0.032396 0.105682
0 25 0.452685 0.310227 0.037511 0.113636
0 26 0.408781 0.303977 0.029838 0.107955
0 27 0.293691 0.150000 0.026428 0.084091
0 28 0.846547 0.191477 0.028986 0.087500
0 29 0.811168 0.178409 0.033248 0.097727
0 30 0.872549 0.199432 0.029838 0.096591
0 32 0.832055 0.328977 0.034101 0.105682
0 33 0.803495 0.337500 0.031543 0.084091
0 34 0.567775 0.142614 0.032396 0.101136
0 35 0.829071 0.401705 0.029838 0.101136
0 37 0.826939 0.569318 0.047741 0.120455
0 42 0.936914 0.963068 0.052856 0.073864
0 44 0.853794 0.982386 0.040068 0.032955
0 45 0.800085 0.984659 0.029838 0.030682
0 47 0.524723 0.796023 0.040068 0.139773
0 48 0.167519 0.554545 0.038363 0.122727
0 49 0.344842 0.471591 0.033248 0.115909
0 50 0.816283 0.753977 0.045183 0.137500
0 51 0.567775 0.780114 0.047741 0.146591
0 52 0.378517 0.620455 0.037511 0.134091
0 57 0.754902 0.559091 0.026428 0.115909
0 58 0.770247 0.559659 0.029838 0.105682
0 59 0.797528 0.557955 0.033248 0.136364
0 60 0.774084 0.499432 0.039216 0.126136
0 61 0.872123 0.507955 0.032396 0.120455
0 62 0.803069 0.402841 0.032396 0.107955
0 64 0.760017 0.330682 0.033248 0.106818
0 65 0.783035 0.335227 0.033248 0.100000
0 66 0.940750 0.069886 0.036658 0.092045
0 67 0.928815 0.057386 0.028133 0.089773
0 74 0.330776 0.151705 0.025575 0.098864
0 75 0.314152 0.159659 0.028133 0.085227
0 77 0.224211 0.098864 0.023870 0.088636
0 78 0.251492 0.101705 0.023870 0.080682
0 79 0.273657 0.082386 0.020460 0.085227
0 81 0.397272 0.123295 0.023870 0.094318
0 82 0.413470 0.131818 0.025575 0.077273
0 83 0.451833 0.183523 0.032396 0.098864
0 84 0.437340 0.155114 0.025575 0.082955
0 85 0.474851 0.157386 0.032396 0.087500
0 86 0.512361 0.161364 0.037511 0.097727
0 87 0.457801 0.137500 0.025575 0.077273
0 88 0.433504 0.099432 0.028133 0.080682
0 95 0.476982 0.084659 0.024723 0.096591
0 96 0.487639 0.067614 0.023870 0.080682
0 97 0.470588 0.069886 0.023870 0.082955
0 98 0.277067 0.063068 0.025575 0.080682
0 99 0.302643 0.073295 0.023870 0.080682
0 100 0.308184 0.093182 0.024723 0.077273
0 101 0.325661 0.093750 0.025575 0.062500
0 102 0.314578 0.069886 0.020460 0.062500
0 103 0.359761 0.083523 0.027280 0.080682
0 104 0.521313 0.073864 0.026428 0.084091
0 105 0.525149 0.044886 0.027280 0.080682
0 106 0.553708 0.042045 0.026428 0.081818
0 108 0.427962 0.059659 0.025575 0.073864
0 110 0.474425 0.028977 0.023018 0.055682
0 111 0.450128 0.030114 0.025575 0.057955
0 112 0.437340 0.031818 0.018755 0.059091
0 150 0.568201 0.083523 0.033248 0.087500
0 151 0.583546 0.069318 0.026428 0.088636
0 179 0.135976 0.984659 0.041773 0.030682
0 185 0.516624 0.150568 0.028986 0.073864
0 192 0.344416 0.089205 0.023870 0.064773
0 269 0.318414 0.469318 0.040068 0.113636
0 273 0.659847 0.884659 0.057971 0.137500
0 274 0.512361 0.938636 0.051151 0.122727
0 275 0.628303 0.800000 0.047741 0.145455
0 276 0.650043 0.952841 0.052003 0.096591
0 278 0.570332 0.930114 0.054561 0.139773
0 279 0.608269 0.959659 0.038363 0.078409
0 283 0.313299 0.932955 0.058824 0.136364
0 284 0.359761 0.939205 0.047741 0.119318
0 289 0.695226 0.939205 0.052003 0.117045
0 290 0.354646 0.876705 0.046036 0.128409
0 291 0.468883 0.711932 0.046036 0.148864
0 294 0.002984 0.530114 0.004263 0.135227
0 296 0.077579 0.378977 0.040921 0.101136
0 297 0.717391 0.502273 0.036658 0.115909
0 298 0.029838 0.735227 0.047741 0.147727
0 299 0.266411 0.529545 0.038363 0.118182
0 300 0.298380 0.519318 0.034101 0.120455
0 301 0.362319 0.530682 0.039216 0.122727
0 302 0.060529 0.893182 0.047741 0.138636
0 303 0.524297 0.705682 0.044331 0.136364
0 305 0.119352 0.284659 0.034101 0.105682
0 306 0.360614 0.582955 0.037511 0.106818
0 314 0.384484 0.421023 0.042626 0.114773
0 315 0.146206 0.294318 0.029838 0.102273
0 316 0.064365 0.744886 0.040068 0.121591
0 317 0.094629 0.882955 0.051151 0.163636
0 318 0.881500 0.757955 0.056266 0.140909
0 319 0.101023 0.376136 0.033248 0.102273
0 320 0.318841 0.452273 0.035806 0.115909
0 337 0.172208 0.981250 0.039216 0.039773
0 417 0.338022 0.575568 0.040068 0.135227
0 429 0.379795 0.129545 0.021313 0.086364
0 438 0.677323 0.275568 0.034953 0.098864
0 482 0.448423 0.058523 0.022165 0.082955
0 489 0.480818 0.030682 0.025575 0.059091
