0 3 0.011935 0.978409 0.022165 0.045455
0 6 0.800512 0.844886 0.046036 0.146591
0 7 0.154731 0.536364 0.041773 0.115909
0 8 0.719949 0.565909 0.034953 0.118182
0 9 0.163257 0.496591 0.036658 0.109091
0 10 0.074169 0.472727 0.035806 0.113636
0 11 0.039216 0.468750 0.042626 0.121591
0 12 0.540494 0.588068 0.039216 0.132955
0 13 0.292839 0.414205 0.033248 0.110227
0 15 0.010656 0.335795 0.019608 0.101136
0 16 0.052003 0.321591 0.034101 0.106818
0 17 0.227195 0.338068 0.034953 0.114773
0 18 0.289003 0.328409 0.037511 0.111364
0 19 0.325234 0.332386 0.036658 0.101136
0 20 0.319267 0.381250 0.038363 0.110227
0 21 0.441176 0.486932 0.033248 0.123864
0 22 0.481245 0.482955 0.033248 0.118182
0 23 0.511935 0.363068 0.036658 0.110227
0 24 0.324382 0.266477 0.029838 0.096591
0 25 0.455669 0.294318 0.033248 0.111364
0 26 0.407928 0.288636 0.028133 0.106818
0 27 0.293265 0.138636 0.027280 0.084091
0 28 0.843137 0.180114 0.027280 0.085227
0 29 0.807758 0.175000 0.031543 0.093182
0 30 0.866581 0.192614 0.028133 0.096591
0 32 0.837596 0.318750 0.033248 0.103409
0 33 0.811168 0.324432 0.031543 0.082955
0 34 0.565217 0.139773 0.035806 0.104545
0 35 0.833333 0.388068 0.028133 0.101136
0 37 0.817988 0.546023 0.045183 0.123864
0 42 0.917306 0.943182 0.057971 0.111364
0 43 0.978687 0.943182 0.040921 0.113636
0 44 0.847826 0.968750 0.043478 0.062500
0 45 0.785166 0.967614 0.046036 0.067045
0 47 0.511935 0.772159 0.041773 0.137500
0 48 0.180307 0.534659 0.036658 0.119318
0 49 0.355072 0.453409 0.033248 0.111364
0 50 0.815004 0.722159 0.047741 0.135227
0 51 0.559250 0.756250 0.044331 0.144318
0 52 0.401961 0.597727 0.034953 0.125000
0 57 0.751066 0.542614 0.025575 0.117045
0 58 0.766837 0.542045 0.029838 0.097727
0 59 0.789429 0.534091 0.028986 0.134091
0 60 0.760870 0.484091 0.038363 0.129545
0 61 0.874254 0.509091 0.034953 0.120455
0 62 0.808184 0.393182 0.032396 0.106818
0 64 0.765985 0.318182 0.033248 0.106818
0 65 0.789003 0.326705 0.033248 0.098864
0 66 0.960358 0.072727 0.038363 0.093182
0 67 0.950128 0.052273 0.028133 0.093182
0 68 0.830776 0.082955 0.024723 0.088636
0 74 0.329071 0.143750 0.023870 0.098864
0 75 0.311594 0.151136 0.024723 0.084091
0 77 0.229753 0.090341 0.024723 0.087500
0 78 0.254902 0.092614 0.023870 0.080682
0 79 0.286445 0.077273 0.020460 0.084091
0 81 0.392157 0.115341 0.025575 0.094318
0 82 0.413470 0.125568 0.025575 0.076136
0 83 0.435209 0.169886 0.026428 0.096591
0 84 0.431373 0.156818 0.025575 0.084091
0 85 0.472293 0.150568 0.032396 0.087500
0 86 0.515772 0.152273 0.039216 0.097727
0 87 0.462063 0.133523 0.025575 0.080682
0 88 0.433078 0.093750 0.028986 0.076136
0 95 0.472720 0.075000 0.024723 0.084091
0 96 0.487639 0.052841 0.023870 0.080682
0 97 0.472293 0.059659 0.025575 0.082955
0 98 0.284314 0.060795 0.024723 0.080682
0 99 0.308610 0.061932 0.023870 0.080682
0 100 0.312020 0.086364 0.025575 0.077273
0 101 0.323956 0.085795 0.023870 0.069318
0 102 0.324808 0.064205 0.020460 0.060227
0 103 0.366155 0.073295 0.028133 0.080682
0 104 0.520034 0.064773 0.025575 0.084091
0 105 0.526002 0.035795 0.025575 0.069318
0 106 0.553282 0.033523 0.025575 0.064773
0 108 0.428389 0.051705 0.024723 0.073864
0 110 0.474851 0.023864 0.020460 0.045455
0 111 0.449702 0.024432 0.024723 0.046591
0 112 0.437340 0.027273 0.020460 0.052273
0 150 0.570759 0.073864 0.031543 0.070455
0 151 0.582694 0.057955 0.026428 0.086364
0 179 0.135976 0.985795 0.033248 0.028409
0 185 0.515772 0.140341 0.028986 0.073864
0 192 0.352089 0.085227 0.023870 0.065909
0 269 0.323103 0.455114 0.042626 0.114773
0 273 0.647059 0.861932 0.052856 0.142045
0 274 0.508951 0.918182 0.051151 0.143182
0 275 0.612106 0.780114 0.046036 0.148864
0 276 0.639812 0.936364 0.052003 0.122727
0 278 0.559250 0.911932 0.051151 0.157955
0 279 0.593777 0.943182 0.045183 0.100000
0 283 0.307758 0.910795 0.059676 0.157955
0 284 0.351662 0.919886 0.045183 0.144318
0 289 0.683717 0.922727 0.051151 0.145455
0 290 0.346974 0.842614 0.046036 0.121591
0 291 0.464194 0.690909 0.045183 0.145455
0 294 0.006820 0.513068 0.011935 0.135227
0 296 0.084825 0.369886 0.041773 0.103409
0 297 0.708014 0.484659 0.036658 0.114773
0 298 0.039642 0.709091 0.050298 0.145455
0 299 0.271100 0.511364 0.037511 0.115909
0 300 0.301364 0.506818 0.031543 0.120455
0 301 0.360614 0.516477 0.042626 0.119318
0 302 0.074169 0.850000 0.052856 0.140909
0 303 0.515345 0.680114 0.043478 0.130682
0 305 0.129156 0.280682 0.033248 0.102273
0 306 0.372975 0.567045 0.038363 0.109091
0 314 0.388747 0.409659 0.037511 0.114773
0 315 0.158568 0.290341 0.028986 0.101136
0 316 0.074169 0.719318 0.039216 0.120455
0 317 0.108269 0.847159 0.049446 0.171591
0 318 0.882353 0.729545 0.052856 0.140909
0 319 0.105286 0.363636 0.033248 0.095455
0 320 0.325661 0.438636 0.032396 0.111364
0 337 0.171782 0.981250 0.038363 0.039773
0 417 0.349531 0.555114 0.037511 0.132955
0 429 0.375107 0.121023 0.020460 0.087500
0 482 0.448423 0.056250 0.020460 0.080682
0 489 0.477408 0.026136 0.023870 0.050000
