0 3 0.017050 0.971591 0.032396 0.059091
0 6 0.797954 0.827841 0.046036 0.146591
0 7 0.158994 0.528409 0.041773 0.115909
0 8 0.713981 0.557955 0.034953 0.118182
0 9 0.165814 0.489773 0.034953 0.109091
0 10 0.076726 0.467045 0.035806 0.113636
0 11 0.042626 0.463068 0.042626 0.121591
0 12 0.542626 0.580114 0.040068 0.132955
0 13 0.295396 0.410795 0.033248 0.110227
0 15 0.012788 0.330682 0.023870 0.097727
0 16 0.056692 0.315909 0.033248 0.106818
0 17 0.228474 0.333523 0.034101 0.114773
0 18 0.290281 0.323295 0.038363 0.110227
0 19 0.328645 0.326705 0.036658 0.101136
0 20 0.322251 0.375568 0.037511 0.110227
0 21 0.441176 0.478977 0.033248 0.123864
0 22 0.481245 0.476705 0.033248 0.117045
0 23 0.510230 0.357386 0.036658 0.110227
0 24 0.323529 0.260795 0.029838 0.096591
0 25 0.456522 0.288636 0.033248 0.111364
0 26 0.407502 0.282955 0.028986 0.106818
0 27 0.292413 0.135227 0.027280 0.084091
0 28 0.840580 0.175568 0.027280 0.085227
0 29 0.805200 0.171591 0.031543 0.093182
0 30 0.865729 0.188068 0.028133 0.096591
0 32 0.840153 0.315909 0.033248 0.102273
0 33 0.813299 0.319886 0.032396 0.082955
0 34 0.565217 0.136364 0.035806 0.104545
0 35 0.833333 0.382386 0.028133 0.101136
0 37 0.815004 0.538068 0.046036 0.123864
0 42 0.909207 0.935227 0.058824 0.127273
0 43 0.976130 0.934091 0.046036 0.131818
0 44 0.844842 0.963636 0.047741 0.072727
0 45 0.778772 0.962500 0.045183 0.077273
0 47 0.508099 0.764205 0.042626 0.137500
0 48 0.184569 0.526705 0.036658 0.119318
0 49 0.358483 0.446591 0.033248 0.111364
0 50 0.814152 0.711364 0.047741 0.134091
0 51 0.557545 0.747159 0.044331 0.144318
0 52 0.409207 0.589773 0.034101 0.120455
0 57 0.746803 0.536932 0.025575 0.117045
0 58 0.764280 0.535227 0.029838 0.097727
0 59 0.786871 0.525000 0.028986 0.134091
0 60 0.755328 0.477273 0.037511 0.129545
0 61 0.870844 0.509091 0.034953 0.120455
0 62 0.809463 0.388636 0.031543 0.106818
0 64 0.768542 0.313636 0.033248 0.106818
0 65 0.790708 0.322159 0.033248 0.098864
0 66 0.966752 0.072727 0.037511 0.093182
0 67 0.958653 0.052273 0.028133 0.093182
0 68 0.838875 0.082955 0.025575 0.088636
0 69 0.812873 0.084091 0.029838 0.088636
0 74 0.328645 0.140341 0.024723 0.098864
0 75 0.310742 0.147727 0.024723 0.084091
0 77 0.232310 0.087500 0.024723 0.088636
0 78 0.256607 0.089205 0.023870 0.080682
0 79 0.289429 0.075000 0.021313 0.084091
0 81 0.390452 0.111932 0.025575 0.094318
0 82 0.413470 0.122159 0.025575 0.076136
0 83 0.431373 0.166477 0.025575 0.096591
0 84 0.429668 0.151136 0.025575 0.084091
0 85 0.472293 0.147159 0.032396 0.087500
0 86 0.516198 0.148864 0.038363 0.097727
0 87 0.465473 0.131250 0.025575 0.080682
0 88 0.433078 0.091477 0.028986 0.076136
0 95 0.470588 0.072159 0.025575 0.080682
0 96 0.488491 0.050568 0.023870 0.080682
0 97 0.472293 0.057386 0.025575 0.082955
0 98 0.286019 0.058523 0.024723 0.080682
0 99 0.312020 0.057386 0.023870 0.080682
0 100 0.312447 0.081818 0.024723 0.079545
0 101 0.324808 0.081250 0.023870 0.069318
0 102 0.327792 0.061932 0.021313 0.060227
0 103 0.368286 0.071023 0.028986 0.080682
0 104 0.520034 0.061364 0.025575 0.084091
0 105 0.526002 0.034091 0.025575 0.065909
0 106 0.553282 0.031818 0.025575 0.061364
0 108 0.429241 0.049432 0.024723 0.073864
0 110 0.474425 0.022159 0.021313 0.042045
0 112 0.436914 0.025568 0.021313 0.048864
0 150 0.570332 0.069318 0.030691 0.072727
0 151 0.581841 0.054545 0.026428 0.088636
0 179 0.136402 0.986932 0.030691 0.028409
0 185 0.514919 0.136932 0.028986 0.073864
0 192 0.354646 0.082955 0.023870 0.065909
0 269 0.325661 0.448295 0.042626 0.114773
0 273 0.641944 0.853977 0.052856 0.142045
0 274 0.507246 0.907955 0.051151 0.143182
0 275 0.606138 0.774432 0.046036 0.148864
0 276 0.636829 0.931818 0.051151 0.129545
0 278 0.555840 0.905114 0.051151 0.157955
0 279 0.590367 0.935227 0.045183 0.100000
0 283 0.306905 0.901136 0.059676 0.159091
0 284 0.349105 0.910795 0.046888 0.144318
0 289 0.680307 0.912500 0.051151 0.150000
0 290 0.346121 0.831250 0.046036 0.121591
0 291 0.463342 0.681818 0.045183 0.143182
0 294 0.008099 0.506250 0.014493 0.132955
0 296 0.086957 0.367614 0.040921 0.103409
0 297 0.704604 0.476705 0.036658 0.114773
0 298 0.042626 0.698864 0.049446 0.145455
0 299 0.271952 0.505682 0.037511 0.115909
0 300 0.301790 0.501705 0.030691 0.121591
0 301 0.360614 0.509091 0.042626 0.118182
0 302 0.076726 0.834659 0.052856 0.142045
0 303 0.511509 0.671591 0.040921 0.129545
0 305 0.132566 0.278977 0.033248 0.101136
0 306 0.375959 0.560227 0.037511 0.109091
0 314 0.390452 0.403977 0.037511 0.114773
0 315 0.161552 0.286932 0.028133 0.101136
0 316 0.077579 0.710227 0.039216 0.120455
0 317 0.112532 0.832386 0.049446 0.171591
0 318 0.880648 0.720455 0.051151 0.140909
0 319 0.107843 0.359091 0.033248 0.093182
0 320 0.325661 0.432955 0.032396 0.111364
0 337 0.171782 0.981250 0.038363 0.039773
0 417 0.351236 0.547159 0.037511 0.132955
0 429 0.373402 0.118182 0.020460 0.086364
0 482 0.446718 0.050568 0.020460 0.080682
0 489 0.477408 0.024432 0.023870 0.046591
