0 1 0.866155 0.823295 0.049446 0.142045
0 3 0.306053 0.733523 0.039216 0.130682
0 5 0.652600 0.269886 0.041773 0.101136
0 6 0.674766 0.490909 0.041773 0.113636
0 7 0.238278 0.343750 0.033248 0.105682
0 8 0.569480 0.352841 0.030691 0.098864
0 9 0.196505 0.325000 0.033248 0.106818
0 10 0.162404 0.298864 0.034953 0.111364
0 11 0.134697 0.297159 0.030691 0.101136
0 12 0.529838 0.368182 0.036658 0.111364
0 13 0.320119 0.267614 0.033248 0.094318
0 14 0.029838 0.185227 0.034101 0.097727
0 15 0.132566 0.207955 0.028133 0.084091
0 16 0.176044 0.196591 0.033248 0.106818
0 17 0.280477 0.207955 0.032396 0.109091
0 18 0.320546 0.200000 0.037511 0.102273
0 19 0.357630 0.205682 0.033248 0.102273
0 20 0.403666 0.214773 0.028133 0.097727
0 21 0.475277 0.287500 0.033248 0.106818
0 22 0.505541 0.273864 0.037511 0.102273
0 23 0.498295 0.203409 0.033248 0.093182
0 24 0.310315 0.136932 0.028986 0.082955
0 25 0.440750 0.136364 0.032396 0.102273
0 26 0.407502 0.143750 0.027280 0.098864
0 27 0.303922 0.047159 0.028133 0.082955
0 28 0.842285 0.096591 0.028986 0.084091
0 29 0.834186 0.077841 0.031543 0.087500
0 30 0.826939 0.127273 0.028986 0.097727
0 32 0.853794 0.206818 0.033248 0.102273
0 33 0.817136 0.212500 0.033248 0.088636
0 34 0.540494 0.058523 0.035806 0.101136
0 35 0.836743 0.244886 0.033248 0.096591
0 37 0.741262 0.327273 0.033248 0.106818
0 38 0.080989 0.133523 0.028986 0.089773
0 39 0.063086 0.134091 0.028986 0.084091
0 42 0.804348 0.623864 0.048593 0.138636
0 43 0.841432 0.618750 0.039216 0.137500
0 44 0.809037 0.710227 0.039216 0.134091
0 45 0.741688 0.715909 0.039216 0.131818
0 46 0.283035 0.750000 0.039216 0.097727
0 47 0.513214 0.541477 0.042626 0.121591
0 48 0.264706 0.346591 0.033248 0.106818
0 49 0.427536 0.297727 0.033248 0.111364
0 50 0.764706 0.468182 0.042626 0.125000
0 51 0.543478 0.540909 0.045183 0.131818
0 52 0.560102 0.391477 0.034101 0.121591
0 58 0.716965 0.397727 0.028986 0.095455
0 59 0.703751 0.323864 0.033248 0.115909
0 62 0.812020 0.251136 0.028133 0.097727
0 65 0.799233 0.208523 0.028133 0.094318
0 74 0.340153 0.042614 0.023870 0.082955
0 75 0.323956 0.055114 0.028986 0.076136
0 81 0.376812 0.034659 0.025575 0.067045
0 82 0.391304 0.041477 0.023870 0.073864
0 84 0.425831 0.061364 0.024723 0.084091
0 85 0.457801 0.061932 0.032396 0.087500
0 86 0.495311 0.042045 0.028986 0.081818
0 87 0.481671 0.059659 0.025575 0.073864
0 147 0.569906 0.050000 0.031543 0.088636
0 148 0.584825 0.030114 0.025575 0.057955
0 185 0.490196 0.028409 0.028986 0.054545
0 192 0.395567 0.022159 0.023870 0.042045
0 269 0.393009 0.294886 0.037511 0.110227
0 273 0.537511 0.632955 0.052003 0.140909
0 274 0.416880 0.664773 0.042626 0.143182
0 275 0.447997 0.571591 0.045183 0.138636
0 276 0.508525 0.656818 0.048593 0.131818
0 278 0.450980 0.671591 0.051151 0.140909
0 279 0.476982 0.693182 0.041773 0.090909
0 283 0.287298 0.626705 0.049446 0.148864
0 284 0.318841 0.640341 0.042626 0.135227
0 288 0.014493 0.387500 0.027280 0.118182
0 289 0.558397 0.648864 0.052856 0.145455
0 290 0.312020 0.566477 0.046036 0.121591
0 291 0.463768 0.481250 0.044331 0.128409
0 294 0.060955 0.354545 0.038363 0.118182
0 295 0.028133 0.355682 0.034101 0.111364
0 296 0.135976 0.261364 0.036658 0.093182
0 297 0.627877 0.314773 0.036658 0.115909
0 298 0.147485 0.448864 0.044331 0.125000
0 299 0.307332 0.348864 0.036658 0.106818
0 300 0.345695 0.345455 0.033248 0.120455
0 301 0.379795 0.344318 0.036658 0.111364
0 302 0.236573 0.519886 0.038363 0.114773
0 303 0.497869 0.486364 0.039216 0.125000
0 305 0.210997 0.201136 0.033248 0.102273
0 306 0.439471 0.376136 0.038363 0.102273
0 307 0.358483 0.982955 0.038363 0.036364
0 314 0.426684 0.275000 0.033248 0.097727
0 315 0.229327 0.206250 0.028986 0.098864
0 316 0.177749 0.463068 0.038363 0.121591
0 317 0.265985 0.513636 0.049446 0.134091
0 318 0.796249 0.470455 0.049446 0.125000
0 319 0.166240 0.255114 0.028986 0.089773
0 320 0.354220 0.279545 0.031543 0.097727
0 328 0.586957 0.923864 0.048593 0.154545
0 337 0.150043 0.983523 0.042626 0.035227
0 409 0.545183 0.934091 0.038363 0.134091
0 414 0.578005 0.867045 0.046036 0.138636
0 415 0.613811 0.856250 0.042626 0.128409
0 417 0.419011 0.366477 0.036658 0.121591
0 429 0.361893 0.039205 0.021313 0.073864
0 452 0.826087 0.777273 0.040921 0.138636
