0 1 0.881500 0.845455 0.049446 0.143182
0 3 0.293691 0.757386 0.041773 0.139773
0 5 0.683291 0.261932 0.041773 0.101136
0 6 0.689685 0.507955 0.040921 0.113636
0 7 0.233163 0.357386 0.033248 0.105682
0 8 0.574595 0.367045 0.032396 0.104545
0 9 0.193947 0.335227 0.033248 0.106818
0 10 0.157289 0.312500 0.034953 0.111364
0 11 0.127025 0.305114 0.030691 0.101136
0 12 0.534101 0.382386 0.038363 0.114773
0 13 0.318841 0.276136 0.034101 0.097727
0 14 0.016624 0.192614 0.031543 0.098864
0 15 0.122762 0.217614 0.027280 0.087500
0 16 0.169224 0.205682 0.033248 0.106818
0 17 0.277494 0.214773 0.033248 0.113636
0 18 0.318841 0.205682 0.037511 0.102273
0 19 0.355925 0.212500 0.033248 0.102273
0 20 0.397698 0.226136 0.028133 0.097727
0 21 0.474425 0.300568 0.033248 0.110227
0 22 0.504689 0.287500 0.037511 0.102273
0 23 0.497869 0.212500 0.034101 0.095455
0 24 0.310315 0.149432 0.028986 0.089773
0 25 0.440750 0.144318 0.032396 0.102273
0 26 0.406223 0.150568 0.028133 0.098864
0 27 0.300512 0.052273 0.028133 0.084091
0 28 0.841432 0.096591 0.028986 0.084091
0 29 0.820546 0.085227 0.031543 0.093182
0 30 0.827792 0.127273 0.028986 0.097727
0 32 0.853794 0.213636 0.033248 0.102273
0 33 0.822251 0.219318 0.033248 0.088636
0 34 0.542199 0.062500 0.035806 0.104545
0 35 0.838448 0.252841 0.033248 0.096591
0 37 0.756607 0.338636 0.033248 0.106818
0 38 0.066496 0.140909 0.030691 0.090909
0 39 0.048593 0.138636 0.028986 0.084091
0 42 0.809037 0.643182 0.049446 0.138636
0 43 0.849957 0.636932 0.039216 0.139773
0 44 0.817988 0.731250 0.045183 0.135227
0 45 0.739983 0.732955 0.037511 0.131818
0 46 0.270247 0.766477 0.039216 0.101136
0 47 0.508951 0.557386 0.042626 0.121591
0 48 0.260443 0.356818 0.033248 0.106818
0 49 0.419011 0.309091 0.033248 0.111364
0 50 0.768116 0.479545 0.042626 0.125000
0 51 0.539216 0.552273 0.045183 0.131818
0 52 0.554135 0.403977 0.034101 0.121591
0 58 0.726769 0.410227 0.029838 0.097727
0 59 0.713981 0.339773 0.033248 0.115909
0 62 0.813299 0.256818 0.028986 0.097727
0 64 0.781330 0.210227 0.033248 0.106818
0 65 0.801790 0.214205 0.028133 0.094318
0 74 0.337170 0.047727 0.024723 0.086364
0 75 0.318841 0.059659 0.028986 0.080682
0 81 0.377664 0.036932 0.025575 0.071591
0 82 0.391731 0.044318 0.024723 0.075000
0 83 0.422421 0.043750 0.024723 0.085227
0 84 0.425831 0.063636 0.024723 0.084091
0 85 0.457801 0.066477 0.032396 0.087500
0 86 0.499147 0.046591 0.028133 0.088636
0 87 0.481671 0.064205 0.025575 0.073864
0 147 0.571611 0.053409 0.031543 0.090909
0 148 0.585678 0.035227 0.023870 0.068182
0 149 0.574595 0.026136 0.027280 0.050000
0 185 0.491475 0.031818 0.028133 0.061364
0 192 0.394714 0.025568 0.023870 0.048864
0 269 0.389599 0.305114 0.037511 0.110227
0 273 0.537084 0.650568 0.052856 0.142045
0 274 0.425405 0.678409 0.042626 0.145455
0 275 0.455243 0.593182 0.046036 0.138636
0 276 0.514066 0.674432 0.049446 0.135227
0 278 0.456948 0.683523 0.051151 0.142045
0 279 0.480818 0.706250 0.042626 0.094318
0 283 0.286445 0.643750 0.049446 0.148864
0 284 0.317136 0.653977 0.042626 0.135227
0 288 0.011935 0.395455 0.022165 0.118182
0 289 0.557545 0.661364 0.052856 0.145455
0 290 0.310742 0.578977 0.045183 0.121591
0 291 0.462063 0.492614 0.044331 0.128409
0 294 0.057971 0.363636 0.039216 0.120455
0 295 0.023870 0.364773 0.034101 0.111364
0 296 0.133419 0.265909 0.036658 0.093182
0 297 0.636402 0.326136 0.036658 0.115909
0 298 0.142370 0.461364 0.044331 0.125000
0 299 0.307332 0.357386 0.036658 0.107955
0 300 0.340580 0.354545 0.033248 0.120455
0 301 0.377238 0.353409 0.036658 0.111364
0 302 0.230179 0.538068 0.037511 0.114773
0 303 0.496164 0.496591 0.039216 0.125000
0 305 0.208440 0.206818 0.033248 0.102273
0 306 0.436914 0.386364 0.038363 0.102273
0 314 0.424126 0.281818 0.033248 0.097727
0 315 0.225916 0.211364 0.028986 0.100000
0 316 0.174766 0.478977 0.039216 0.121591
0 317 0.256181 0.533523 0.048593 0.139773
0 318 0.800512 0.485227 0.049446 0.125000
0 319 0.161978 0.259659 0.028986 0.089773
0 320 0.355925 0.286364 0.031543 0.097727
0 328 0.600171 0.937500 0.049446 0.127273
0 337 0.150469 0.983523 0.041773 0.035227
0 409 0.554135 0.942614 0.037511 0.117045
0 414 0.585678 0.882955 0.046036 0.138636
0 415 0.625746 0.875568 0.042626 0.128409
0 417 0.416454 0.377841 0.036658 0.121591
0 429 0.363598 0.043750 0.021313 0.076136
0 452 0.830350 0.796591 0.040921 0.138636
