0 1 0.963342 0.950568 0.051151 0.098864
0 3 0.182012 0.847159 0.041773 0.142045
0 5 0.889173 0.267614 0.040921 0.101136
0 6 0.759591 0.611932 0.040921 0.119318
0 7 0.204604 0.414205 0.042626 0.105682
0 8 0.619778 0.429545 0.035806 0.111364
0 9 0.194800 0.384091 0.033248 0.106818
0 10 0.119352 0.360227 0.035806 0.111364
0 11 0.090367 0.349432 0.032396 0.110227
0 12 0.546462 0.446591 0.042626 0.120455
0 13 0.312447 0.321591 0.033248 0.111364
0 15 0.072038 0.252273 0.031543 0.093182
0 16 0.112958 0.240909 0.033248 0.106818
0 17 0.264706 0.253977 0.033248 0.114773
0 18 0.308610 0.242045 0.037511 0.102273
0 19 0.348252 0.243182 0.036658 0.102273
0 20 0.368713 0.277273 0.033248 0.097727
0 21 0.465899 0.360227 0.033248 0.120455
0 22 0.494032 0.347159 0.036658 0.114773
0 23 0.501705 0.255682 0.036658 0.102273
0 24 0.309889 0.187500 0.029838 0.097727
0 25 0.448849 0.187500 0.033248 0.111364
0 26 0.407502 0.189773 0.027280 0.102273
0 27 0.292413 0.075000 0.028986 0.084091
0 28 0.826087 0.119318 0.027280 0.084091
0 29 0.800512 0.114773 0.032396 0.093182
0 30 0.833760 0.124432 0.028986 0.096591
0 32 0.851236 0.242045 0.033248 0.102273
0 33 0.822251 0.248864 0.033248 0.088636
0 34 0.551577 0.082955 0.035806 0.104545
0 35 0.831628 0.291477 0.031543 0.096591
0 37 0.795823 0.406818 0.045183 0.115909
0 42 0.832481 0.741477 0.052003 0.148864
0 43 0.908355 0.738636 0.048593 0.154545
0 44 0.806053 0.817614 0.048593 0.135227
0 45 0.753623 0.825568 0.039216 0.137500
0 46 0.144928 0.858523 0.039216 0.101136
0 47 0.497016 0.634659 0.042626 0.137500
0 48 0.232737 0.412500 0.037511 0.115909
0 49 0.390026 0.350000 0.033248 0.111364
0 50 0.792839 0.558523 0.042626 0.128409
0 51 0.525149 0.618182 0.046036 0.131818
0 52 0.497442 0.467045 0.038363 0.120455
0 57 0.712276 0.459091 0.033248 0.106818
0 58 0.754902 0.443182 0.029838 0.097727
0 59 0.759165 0.396591 0.033248 0.115909
0 60 0.691390 0.369886 0.028986 0.110227
0 61 0.754902 0.473864 0.041773 0.120455
0 62 0.809037 0.296591 0.028986 0.097727
0 64 0.783035 0.251136 0.033248 0.106818
0 65 0.803069 0.244886 0.028986 0.094318
0 68 0.954390 0.042045 0.028133 0.081818
0 69 0.928815 0.038068 0.028133 0.073864
0 74 0.323103 0.072727 0.023870 0.088636
0 75 0.305200 0.080682 0.023870 0.084091
0 77 0.281756 0.032955 0.023018 0.063636
0 78 0.305200 0.033523 0.023870 0.064773
0 79 0.344842 0.025568 0.019608 0.048864
0 81 0.384058 0.050568 0.024723 0.080682
0 82 0.399829 0.062500 0.025575 0.077273
0 83 0.384058 0.077273 0.024723 0.097727
0 84 0.423700 0.088636 0.025575 0.084091
0 85 0.462063 0.091477 0.032396 0.087500
0 86 0.512361 0.080682 0.027280 0.090909
0 87 0.472293 0.085227 0.025575 0.072727
0 88 0.433930 0.031818 0.028986 0.061364
0 98 0.326513 0.027273 0.025575 0.052273
0 100 0.339301 0.032386 0.025575 0.062500
0 101 0.352941 0.031818 0.025575 0.061364
0 102 0.371270 0.016477 0.021313 0.030682
0 103 0.397272 0.032386 0.028986 0.062500
0 147 0.578005 0.079545 0.030691 0.090909
0 149 0.582268 0.031818 0.028986 0.061364
0 185 0.504689 0.060795 0.028986 0.073864
0 192 0.381074 0.030682 0.023870 0.059091
0 269 0.364876 0.351705 0.037511 0.110227
0 273 0.563512 0.718750 0.052856 0.142045
0 274 0.461637 0.751705 0.048593 0.144318
0 275 0.488917 0.663636 0.045183 0.138636
0 276 0.572890 0.758523 0.051151 0.135227
0 278 0.505541 0.764773 0.051151 0.159091
0 279 0.539642 0.785227 0.042626 0.093182
0 283 0.288576 0.735227 0.048593 0.159091
0 284 0.322677 0.742614 0.045183 0.144318
0 289 0.596760 0.743182 0.051151 0.159091
0 290 0.310315 0.664205 0.046036 0.121591
0 291 0.455243 0.555682 0.046036 0.134091
0 294 0.027280 0.406818 0.040921 0.125000
0 295 0.007246 0.413068 0.012788 0.121591
0 296 0.107843 0.292045 0.036658 0.093182
0 297 0.656863 0.377273 0.036658 0.115909
0 298 0.105286 0.540909 0.045183 0.131818
0 299 0.294970 0.398864 0.037511 0.115909
0 300 0.323956 0.401136 0.028986 0.120455
0 301 0.361040 0.405682 0.033248 0.111364
0 302 0.166240 0.629545 0.042626 0.125000
0 303 0.494459 0.556818 0.037511 0.125000
0 305 0.184569 0.228409 0.033248 0.102273
0 306 0.416880 0.445455 0.037511 0.106818
0 314 0.413043 0.319318 0.036658 0.097727
0 315 0.208866 0.231818 0.028986 0.102273
0 316 0.139812 0.557955 0.039216 0.120455
0 317 0.194373 0.624432 0.047741 0.142045
0 318 0.831202 0.565341 0.047741 0.123864
0 319 0.147059 0.286932 0.031543 0.096591
0 320 0.347826 0.330682 0.032396 0.102273
0 337 0.159420 0.977841 0.037511 0.044318
0 414 0.635124 0.951705 0.044331 0.096591
0 415 0.677323 0.950568 0.041773 0.098864
0 417 0.397272 0.430682 0.037511 0.131818
0 429 0.362319 0.053409 0.020460 0.077273
0 452 0.860188 0.898295 0.042626 0.144318
