0 1 0.867860 0.824432 0.049446 0.142045
0 3 0.305200 0.734659 0.039216 0.130682
0 5 0.656010 0.268750 0.041773 0.101136
0 6 0.675618 0.493182 0.041773 0.113636
0 7 0.238278 0.344886 0.033248 0.105682
0 8 0.569906 0.353977 0.031543 0.098864
0 9 0.195652 0.325000 0.033248 0.106818
0 10 0.161552 0.300000 0.034953 0.111364
0 11 0.133845 0.298295 0.030691 0.101136
0 12 0.529838 0.369318 0.036658 0.111364
0 13 0.319267 0.267614 0.033248 0.094318
0 14 0.028133 0.186364 0.034101 0.097727
0 15 0.131714 0.209091 0.028133 0.084091
0 16 0.175192 0.197727 0.033248 0.106818
0 17 0.280051 0.209091 0.033248 0.109091
0 18 0.320546 0.200000 0.037511 0.102273
0 19 0.357630 0.205682 0.033248 0.102273
0 20 0.403666 0.215909 0.028133 0.097727
0 21 0.475277 0.288636 0.033248 0.106818
0 22 0.504689 0.275000 0.037511 0.102273
0 23 0.498295 0.204545 0.033248 0.093182
0 24 0.310315 0.138068 0.028986 0.082955
0 25 0.440750 0.136364 0.032396 0.102273
0 26 0.407502 0.144886 0.027280 0.098864
0 27 0.303069 0.048295 0.028133 0.082955
0 28 0.841858 0.096591 0.028133 0.084091
0 29 0.832907 0.078409 0.032396 0.088636
0 30 0.826939 0.127273 0.028986 0.097727
0 32 0.853794 0.206818 0.033248 0.102273
0 33 0.817988 0.213636 0.033248 0.088636
0 34 0.540494 0.059091 0.035806 0.102273
0 35 0.836743 0.246023 0.033248 0.096591
0 37 0.742967 0.328409 0.033248 0.106818
0 38 0.079710 0.134659 0.028133 0.089773
0 39 0.062234 0.135227 0.028986 0.084091
0 42 0.806053 0.626136 0.048593 0.138636
0 43 0.842285 0.621023 0.039216 0.137500
0 44 0.809463 0.712500 0.040068 0.134091
0 45 0.741688 0.717045 0.039216 0.131818
0 46 0.283035 0.751705 0.039216 0.098864
0 47 0.513214 0.542614 0.042626 0.121591
0 48 0.263853 0.346591 0.033248 0.106818
0 49 0.426684 0.298864 0.033248 0.111364
0 50 0.764706 0.469318 0.042626 0.125000
0 51 0.543478 0.542045 0.045183 0.131818
0 52 0.559250 0.392614 0.034101 0.121591
0 58 0.717818 0.398864 0.028986 0.095455
0 59 0.704604 0.326136 0.033248 0.115909
0 62 0.812447 0.251136 0.028986 0.097727
0 65 0.799233 0.208523 0.028133 0.094318
0 74 0.340153 0.043182 0.023870 0.084091
0 75 0.323956 0.056250 0.028986 0.076136
0 81 0.376812 0.034659 0.025575 0.067045
0 82 0.391304 0.042045 0.023870 0.075000
0 83 0.425405 0.038636 0.023870 0.075000
0 84 0.425831 0.061364 0.024723 0.084091
0 85 0.457801 0.063068 0.032396 0.087500
0 86 0.495737 0.042614 0.028133 0.082955
0 87 0.481671 0.059659 0.025575 0.073864
0 147 0.569906 0.050568 0.031543 0.087500
0 148 0.584825 0.030114 0.025575 0.057955
0 185 0.490622 0.028977 0.028133 0.055682
0 192 0.395567 0.022727 0.023870 0.043182
0 269 0.393009 0.296023 0.037511 0.110227
0 273 0.538363 0.634659 0.052003 0.142045
0 274 0.417732 0.666477 0.042626 0.144318
0 275 0.448849 0.573864 0.045183 0.138636
0 276 0.509378 0.659091 0.048593 0.131818
0 278 0.451833 0.672727 0.051151 0.140909
0 279 0.477835 0.694318 0.041773 0.090909
0 283 0.287298 0.627841 0.049446 0.148864
0 284 0.318841 0.641477 0.042626 0.135227
0 288 0.014493 0.387500 0.027280 0.118182
0 289 0.557545 0.650000 0.052856 0.145455
0 290 0.312020 0.568750 0.046036 0.121591
0 291 0.463768 0.482386 0.044331 0.128409
0 294 0.060955 0.355114 0.038363 0.117045
0 295 0.027280 0.356818 0.034101 0.111364
0 296 0.135976 0.262500 0.036658 0.093182
0 297 0.628730 0.315909 0.036658 0.115909
0 298 0.147485 0.450000 0.044331 0.125000
0 299 0.307332 0.350000 0.036658 0.106818
0 300 0.345695 0.346591 0.033248 0.120455
0 301 0.378943 0.345455 0.036658 0.111364
0 302 0.235720 0.522159 0.038363 0.114773
0 303 0.497016 0.487500 0.039216 0.125000
0 305 0.210997 0.202273 0.033248 0.102273
0 306 0.439471 0.377273 0.038363 0.102273
0 307 0.358056 0.983523 0.037511 0.035227
0 314 0.426684 0.276136 0.033248 0.097727
0 315 0.228900 0.206250 0.028133 0.098864
0 316 0.177749 0.465341 0.038363 0.121591
0 317 0.265132 0.515341 0.049446 0.135227
0 318 0.796249 0.472727 0.049446 0.125000
0 319 0.165388 0.255114 0.028986 0.089773
0 320 0.354220 0.279545 0.031543 0.097727
0 328 0.586957 0.925000 0.048593 0.152273
0 337 0.150043 0.983523 0.042626 0.035227
0 409 0.546036 0.935227 0.038363 0.131818
0 414 0.578858 0.869318 0.046036 0.138636
0 415 0.614663 0.857386 0.042626 0.128409
0 417 0.418159 0.367614 0.036658 0.121591
0 429 0.362319 0.039773 0.022165 0.072727
0 452 0.826939 0.779545 0.040921 0.138636
