0 1 0.971441 0.956818 0.045183 0.084091
0 3 0.167519 0.860795 0.041773 0.142045
0 5 0.896846 0.274432 0.039216 0.101136
0 6 0.766411 0.627841 0.040921 0.121591
0 7 0.201194 0.422159 0.042626 0.105682
0 8 0.625746 0.438636 0.035806 0.111364
0 9 0.196505 0.387500 0.033248 0.106818
0 10 0.115090 0.367045 0.035806 0.111364
0 11 0.086104 0.356250 0.034101 0.110227
0 12 0.547315 0.454545 0.042626 0.120455
0 13 0.310742 0.327273 0.033248 0.111364
0 15 0.064365 0.257386 0.031543 0.092045
0 16 0.107843 0.246591 0.033248 0.106818
0 17 0.263001 0.258523 0.033248 0.114773
0 18 0.306905 0.247159 0.037511 0.105682
0 19 0.348252 0.250000 0.036658 0.102273
0 20 0.367008 0.284091 0.033248 0.097727
0 21 0.464194 0.367614 0.033248 0.123864
0 22 0.494032 0.351705 0.036658 0.114773
0 23 0.501705 0.261364 0.036658 0.102273
0 24 0.309889 0.190909 0.029838 0.097727
0 25 0.449702 0.193182 0.033248 0.111364
0 26 0.407502 0.194318 0.027280 0.102273
0 27 0.292413 0.078409 0.028986 0.084091
0 28 0.826087 0.123864 0.027280 0.084091
0 29 0.799659 0.117045 0.032396 0.093182
0 30 0.836317 0.127841 0.028986 0.096591
0 32 0.851236 0.247727 0.033248 0.102273
0 33 0.822251 0.254545 0.033248 0.088636
0 34 0.554135 0.086364 0.035806 0.104545
0 35 0.830350 0.297727 0.030691 0.097727
0 37 0.794544 0.415341 0.037511 0.117045
0 42 0.835038 0.759659 0.052003 0.148864
0 43 0.913470 0.752273 0.048593 0.154545
0 44 0.808184 0.827841 0.047741 0.135227
0 45 0.754476 0.836932 0.039216 0.137500
0 46 0.129582 0.871023 0.039216 0.101136
0 47 0.495311 0.643750 0.042626 0.137500
0 48 0.229753 0.419886 0.038363 0.119318
0 49 0.389173 0.357955 0.033248 0.111364
0 50 0.795396 0.567045 0.042626 0.131818
0 51 0.523444 0.628409 0.046036 0.131818
0 52 0.490622 0.473864 0.038363 0.120455
0 57 0.713129 0.463068 0.033248 0.107955
0 58 0.755754 0.447727 0.029838 0.097727
0 59 0.761722 0.403409 0.033248 0.118182
0 60 0.693095 0.375000 0.030691 0.111364
0 61 0.762575 0.478409 0.041773 0.120455
0 62 0.809889 0.301136 0.028986 0.097727
0 64 0.783035 0.255682 0.033248 0.106818
0 65 0.804774 0.249432 0.028986 0.094318
0 68 0.945013 0.043182 0.028133 0.084091
0 69 0.918585 0.040909 0.028133 0.075000
0 74 0.323103 0.075000 0.023870 0.088636
0 75 0.306905 0.082955 0.023870 0.084091
0 77 0.275789 0.034659 0.023018 0.067045
0 78 0.300085 0.034659 0.023870 0.067045
0 79 0.341432 0.027273 0.019608 0.052273
0 81 0.384484 0.055114 0.023870 0.080682
0 82 0.399829 0.065341 0.025575 0.076136
0 83 0.384058 0.082955 0.024723 0.097727
0 84 0.421995 0.090909 0.025575 0.084091
0 85 0.461211 0.096023 0.032396 0.087500
0 86 0.513640 0.085227 0.028133 0.093182
0 87 0.474851 0.087500 0.025575 0.072727
0 88 0.432225 0.033523 0.028986 0.064773
0 98 0.324808 0.028977 0.025575 0.055682
0 100 0.339301 0.033523 0.025575 0.064773
0 101 0.351236 0.034091 0.025575 0.065909
0 102 0.368286 0.016477 0.022165 0.030682
0 103 0.394714 0.034091 0.028986 0.065909
0 147 0.580136 0.084091 0.029838 0.090909
0 149 0.583120 0.035227 0.028986 0.063636
0 185 0.508099 0.067614 0.028986 0.073864
0 192 0.378517 0.033523 0.023870 0.060227
0 269 0.361466 0.357386 0.037511 0.110227
0 273 0.567775 0.727841 0.052856 0.142045
0 274 0.463768 0.764205 0.051151 0.144318
0 275 0.494885 0.670455 0.045183 0.138636
0 276 0.578858 0.768750 0.051151 0.135227
0 278 0.510656 0.773864 0.051151 0.159091
0 279 0.546036 0.794318 0.041773 0.093182
0 283 0.291134 0.750000 0.048593 0.159091
0 284 0.327792 0.752273 0.046888 0.145455
0 289 0.603581 0.754545 0.051151 0.159091
0 290 0.311168 0.673295 0.046036 0.121591
0 291 0.455243 0.564205 0.046036 0.135227
0 294 0.023870 0.412500 0.040921 0.125000
0 295 0.005968 0.418750 0.010230 0.121591
0 296 0.105286 0.296591 0.036658 0.093182
0 297 0.659420 0.382955 0.036658 0.115909
0 298 0.099318 0.552273 0.045183 0.131818
0 299 0.292413 0.405682 0.037511 0.115909
0 300 0.323956 0.407955 0.028986 0.120455
0 301 0.359335 0.412500 0.033248 0.111364
0 302 0.156436 0.640909 0.045183 0.125000
0 303 0.494459 0.564773 0.037511 0.125000
0 305 0.180307 0.230682 0.033248 0.102273
0 306 0.414322 0.453977 0.037511 0.110227
0 314 0.410486 0.322727 0.036658 0.097727
0 315 0.206309 0.236364 0.028986 0.102273
0 316 0.135124 0.569318 0.038363 0.120455
0 317 0.186701 0.636932 0.047741 0.142045
0 318 0.833760 0.575000 0.047741 0.125000
0 319 0.145354 0.289773 0.031543 0.097727
0 320 0.346974 0.340909 0.032396 0.106818
0 337 0.161978 0.977273 0.035806 0.045455
0 414 0.639386 0.958523 0.044331 0.082955
0 415 0.680307 0.958523 0.047741 0.082955
0 417 0.394714 0.439205 0.037511 0.132955
0 429 0.360614 0.057955 0.020460 0.077273
0 452 0.862319 0.910795 0.041773 0.144318
