0 1 0.913043 0.900000 0.049446 0.147727
0 3 0.251492 0.790341 0.042626 0.142045
0 5 0.763001 0.261932 0.042626 0.101136
0 6 0.716965 0.548864 0.040921 0.125000
0 7 0.218670 0.375568 0.033248 0.105682
0 8 0.584399 0.382386 0.034953 0.110227
0 9 0.189685 0.356818 0.033248 0.106818
0 10 0.144501 0.334091 0.034953 0.111364
0 11 0.115942 0.325568 0.032396 0.107955
0 12 0.541347 0.410227 0.042626 0.120455
0 13 0.318414 0.296591 0.036658 0.111364
0 15 0.101876 0.232955 0.028133 0.093182
0 16 0.151321 0.222727 0.033248 0.106818
0 17 0.272379 0.230114 0.033248 0.114773
0 18 0.312020 0.221591 0.037511 0.102273
0 19 0.353367 0.223864 0.033248 0.102273
0 20 0.386189 0.246591 0.028986 0.097727
0 21 0.470162 0.323864 0.033248 0.115909
0 22 0.500853 0.317045 0.036658 0.106818
0 23 0.497869 0.231818 0.035806 0.102273
0 24 0.309889 0.165909 0.029838 0.097727
0 25 0.440750 0.161364 0.032396 0.102273
0 26 0.405797 0.162500 0.027280 0.100000
0 27 0.296675 0.060227 0.028986 0.084091
0 28 0.831202 0.104545 0.027280 0.084091
0 29 0.807332 0.098864 0.032396 0.093182
0 30 0.828645 0.118182 0.028986 0.097727
0 32 0.853794 0.223864 0.033248 0.102273
0 33 0.822251 0.229545 0.033248 0.088636
0 34 0.548167 0.072727 0.035806 0.104545
0 35 0.834186 0.271023 0.033248 0.096591
0 37 0.780477 0.364773 0.045183 0.106818
0 38 0.035379 0.150000 0.028133 0.093182
0 39 0.016198 0.143750 0.027280 0.082955
0 42 0.816709 0.680682 0.049446 0.140909
0 43 0.875107 0.677273 0.043478 0.150000
0 44 0.811594 0.764773 0.046036 0.134091
0 45 0.741688 0.763636 0.037511 0.134091
0 46 0.227195 0.794886 0.038363 0.101136
0 47 0.502984 0.582386 0.040921 0.121591
0 48 0.251918 0.378409 0.033248 0.106818
0 49 0.403666 0.322727 0.033248 0.111364
0 50 0.776641 0.511364 0.042626 0.125000
0 51 0.533674 0.578409 0.046036 0.131818
0 52 0.536658 0.428409 0.038363 0.120455
0 58 0.742114 0.420455 0.029838 0.097727
0 59 0.735294 0.357955 0.033248 0.115909
0 61 0.718244 0.431818 0.040068 0.120455
0 62 0.811594 0.277273 0.028986 0.097727
0 64 0.783035 0.226136 0.033248 0.106818
0 65 0.800938 0.225568 0.028133 0.094318
0 74 0.329497 0.059091 0.024723 0.088636
0 75 0.311168 0.069318 0.027280 0.084091
0 77 0.298806 0.027273 0.023018 0.052273
0 78 0.325661 0.025000 0.023870 0.047727
0 81 0.380222 0.040341 0.025575 0.078409
0 82 0.396419 0.051136 0.025575 0.077273
0 83 0.406650 0.052841 0.025575 0.096591
0 84 0.425831 0.068182 0.024723 0.084091
0 85 0.458653 0.074432 0.032396 0.087500
0 86 0.501279 0.060227 0.028986 0.090909
0 87 0.477408 0.073864 0.025575 0.072727
0 100 0.349957 0.027273 0.024723 0.052273
0 101 0.364024 0.025568 0.025575 0.048864
0 103 0.405797 0.027273 0.028986 0.052273
0 147 0.575021 0.063636 0.031543 0.090909
0 149 0.577153 0.031818 0.027280 0.061364
0 185 0.496164 0.044886 0.028986 0.073864
0 192 0.390026 0.027841 0.024723 0.053409
0 269 0.380222 0.323295 0.037511 0.110227
0 273 0.545610 0.677841 0.052856 0.142045
0 274 0.444160 0.703409 0.042626 0.145455
0 275 0.459506 0.618182 0.046036 0.138636
0 276 0.529838 0.708523 0.050298 0.135227
0 278 0.471441 0.722727 0.051151 0.159091
0 279 0.494459 0.746023 0.042626 0.094318
0 283 0.285592 0.683523 0.049446 0.151136
0 284 0.312020 0.687500 0.042626 0.140909
0 288 0.004263 0.410795 0.006820 0.117045
0 289 0.568627 0.693182 0.051151 0.145455
0 290 0.309463 0.603977 0.044331 0.121591
0 291 0.456095 0.517614 0.044331 0.128409
0 294 0.052003 0.382955 0.040921 0.125000
0 295 0.015772 0.382386 0.029838 0.112500
0 296 0.127451 0.275000 0.036658 0.093182
0 297 0.647485 0.342045 0.036658 0.115909
0 298 0.132992 0.494318 0.046036 0.131818
0 299 0.307758 0.373295 0.037511 0.114773
0 300 0.330776 0.365909 0.030691 0.120455
0 301 0.373402 0.372727 0.035806 0.111364
0 302 0.215686 0.577841 0.039216 0.123864
0 303 0.494885 0.518182 0.038363 0.125000
0 305 0.201620 0.212500 0.031543 0.102273
0 306 0.430520 0.410227 0.037511 0.102273
0 314 0.419864 0.297727 0.034953 0.097727
0 315 0.222933 0.221591 0.028133 0.102273
0 316 0.163683 0.507386 0.039216 0.121591
0 317 0.235294 0.567614 0.049446 0.142045
0 318 0.814578 0.515909 0.048593 0.125000
0 319 0.156010 0.268750 0.028986 0.089773
0 320 0.355072 0.303409 0.031543 0.097727
0 328 0.614237 0.956250 0.045183 0.089773
0 337 0.150895 0.983523 0.040921 0.035227
0 409 0.571185 0.965341 0.039216 0.071591
0 414 0.604007 0.913068 0.045183 0.137500
0 415 0.642796 0.909659 0.042626 0.128409
0 417 0.411338 0.396023 0.036658 0.121591
0 429 0.363171 0.046591 0.020460 0.077273
0 452 0.840580 0.837500 0.040921 0.138636
