0 1 0.865303 0.821023 0.049446 0.142045
0 3 0.306905 0.732386 0.039216 0.130682
0 5 0.650043 0.269886 0.041773 0.101136
0 6 0.673061 0.488636 0.041773 0.113636
0 7 0.239130 0.342614 0.033248 0.105682
0 8 0.568627 0.351136 0.030691 0.097727
0 9 0.196505 0.323864 0.033248 0.106818
0 10 0.162404 0.297727 0.034953 0.111364
0 11 0.135550 0.297159 0.030691 0.101136
0 12 0.529838 0.367045 0.036658 0.111364
0 13 0.320119 0.266477 0.033248 0.094318
0 14 0.031543 0.185227 0.034101 0.097727
0 15 0.133419 0.207955 0.028133 0.084091
0 16 0.176044 0.195455 0.033248 0.106818
0 17 0.280477 0.207386 0.032396 0.107955
0 18 0.320546 0.198864 0.037511 0.102273
0 19 0.357630 0.204545 0.033248 0.102273
0 20 0.403666 0.213636 0.028133 0.097727
0 21 0.475277 0.286364 0.033248 0.106818
0 22 0.505541 0.272727 0.037511 0.102273
0 23 0.498295 0.202273 0.033248 0.093182
0 24 0.311168 0.135795 0.028986 0.082955
0 25 0.440750 0.135227 0.032396 0.102273
0 26 0.407502 0.142614 0.027280 0.098864
0 27 0.303922 0.047159 0.028133 0.082955
0 28 0.842285 0.096591 0.028986 0.084091
0 29 0.835465 0.077273 0.032396 0.086364
0 30 0.826939 0.127273 0.028986 0.097727
0 32 0.853794 0.205682 0.033248 0.102273
0 33 0.816283 0.211364 0.033248 0.088636
0 34 0.540494 0.057955 0.035806 0.100000
0 35 0.836743 0.244886 0.033248 0.096591
0 37 0.739557 0.326136 0.033248 0.106818
0 38 0.082694 0.132386 0.028986 0.089773
0 39 0.064791 0.134091 0.028986 0.084091
0 42 0.803495 0.621591 0.048593 0.138636
0 43 0.840580 0.617614 0.039216 0.137500
0 44 0.807758 0.708523 0.038363 0.135227
0 45 0.742114 0.713636 0.038363 0.131818
0 46 0.283887 0.748295 0.039216 0.096591
0 47 0.513214 0.540341 0.042626 0.121591
0 48 0.264706 0.345455 0.033248 0.106818
0 49 0.428389 0.296591 0.033248 0.111364
0 50 0.763853 0.467045 0.042626 0.125000
0 51 0.544331 0.539773 0.045183 0.131818
0 52 0.560102 0.390341 0.034101 0.121591
0 58 0.715686 0.396591 0.029838 0.095455
0 59 0.702899 0.322727 0.033248 0.115909
0 62 0.811594 0.250000 0.028986 0.097727
0 65 0.798806 0.207386 0.028986 0.094318
0 74 0.341006 0.042614 0.023870 0.082955
0 75 0.323956 0.053977 0.028986 0.076136
0 82 0.391304 0.041477 0.023870 0.073864
0 84 0.425831 0.061364 0.024723 0.084091
0 85 0.457801 0.061932 0.032396 0.087500
0 86 0.494885 0.042045 0.028133 0.081818
0 87 0.480818 0.058523 0.025575 0.073864
0 147 0.569906 0.049432 0.031543 0.087500
0 148 0.584825 0.029545 0.025575 0.056818
0 185 0.489770 0.027841 0.028133 0.053409
0 192 0.395567 0.022159 0.023870 0.042045
0 269 0.393862 0.293750 0.037511 0.110227
0 273 0.537511 0.631818 0.052003 0.140909
0 274 0.416880 0.663068 0.042626 0.144318
0 275 0.447144 0.569318 0.045183 0.138636
0 276 0.508099 0.655682 0.047741 0.131818
0 278 0.450128 0.670455 0.051151 0.140909
0 279 0.476982 0.691477 0.041773 0.089773
0 283 0.287298 0.625568 0.049446 0.148864
0 284 0.318841 0.638068 0.042626 0.135227
0 288 0.014493 0.386364 0.027280 0.118182
0 289 0.558397 0.647727 0.052856 0.145455
0 290 0.312020 0.565341 0.046036 0.121591
0 291 0.463768 0.480114 0.044331 0.128409
0 294 0.061807 0.353977 0.038363 0.117045
0 295 0.028133 0.355114 0.034101 0.110227
0 296 0.136829 0.261364 0.036658 0.093182
0 297 0.627025 0.313636 0.036658 0.115909
0 298 0.148338 0.447727 0.044331 0.125000
0 299 0.307332 0.348864 0.036658 0.106818
0 300 0.346547 0.345455 0.033248 0.120455
0 301 0.379795 0.344318 0.036658 0.111364
0 302 0.236999 0.518182 0.039216 0.113636
0 303 0.497869 0.485227 0.039216 0.125000
0 305 0.211850 0.201136 0.033248 0.102273
0 306 0.439898 0.375000 0.037511 0.102273
0 307 0.358909 0.981818 0.039216 0.038636
0 314 0.427536 0.275000 0.033248 0.097727
0 315 0.229327 0.205114 0.028986 0.098864
0 316 0.178602 0.461932 0.038363 0.121591
0 317 0.266837 0.511364 0.049446 0.134091
0 318 0.795396 0.469318 0.049446 0.125000
0 319 0.166240 0.253977 0.028986 0.089773
0 320 0.353794 0.278409 0.032396 0.097727
0 328 0.586530 0.922727 0.049446 0.156818
0 337 0.150043 0.983523 0.042626 0.035227
0 409 0.543905 0.932955 0.037511 0.136364
0 414 0.578005 0.865909 0.046036 0.138636
0 415 0.612958 0.854545 0.042626 0.129545
0 417 0.419011 0.365341 0.036658 0.121591
0 429 0.361893 0.038636 0.021313 0.072727
0 452 0.826087 0.775000 0.040921 0.138636
