0 1 0.857630 0.800568 0.049446 0.142045
0 3 0.319267 0.721023 0.038363 0.130682
0 5 0.619352 0.273295 0.041773 0.101136
0 6 0.661978 0.472159 0.041773 0.112500
0 7 0.244246 0.331250 0.033248 0.105682
0 8 0.563512 0.338636 0.030691 0.097727
0 9 0.202472 0.315909 0.033248 0.104545
0 10 0.168372 0.287500 0.034953 0.111364
0 11 0.141517 0.290341 0.030691 0.101136
0 12 0.528133 0.354545 0.036658 0.111364
0 13 0.320972 0.260795 0.033248 0.094318
0 14 0.041773 0.180682 0.034101 0.097727
0 15 0.142796 0.202273 0.028133 0.084091
0 16 0.183291 0.187500 0.032396 0.104545
0 17 0.283035 0.201705 0.032396 0.103409
0 18 0.322251 0.194318 0.037511 0.102273
0 19 0.359335 0.198864 0.033248 0.102273
0 20 0.406223 0.206818 0.028133 0.097727
0 21 0.475277 0.275000 0.033248 0.106818
0 22 0.508099 0.267045 0.037511 0.102273
0 23 0.500853 0.196591 0.033248 0.093182
0 24 0.312873 0.127841 0.028986 0.082955
0 25 0.439045 0.130682 0.032396 0.102273
0 26 0.407928 0.134659 0.028133 0.098864
0 27 0.306479 0.042614 0.028133 0.080682
0 28 0.842711 0.096591 0.028133 0.084091
0 29 0.843137 0.075000 0.032396 0.084091
0 30 0.826087 0.127273 0.028986 0.097727
0 32 0.849531 0.198864 0.033248 0.102273
0 33 0.812873 0.205682 0.033248 0.088636
0 34 0.539642 0.053409 0.035806 0.095455
0 35 0.836743 0.239205 0.033248 0.096591
0 37 0.726769 0.317045 0.033248 0.106818
0 38 0.095908 0.127841 0.028133 0.089773
0 39 0.078005 0.127273 0.028133 0.084091
0 42 0.794544 0.604545 0.049446 0.138636
0 43 0.832907 0.602841 0.039216 0.137500
0 44 0.802217 0.692045 0.035806 0.131818
0 45 0.743819 0.698864 0.038363 0.131818
0 46 0.291560 0.730114 0.034101 0.089773
0 47 0.510656 0.527841 0.042626 0.121591
0 48 0.268116 0.335227 0.033248 0.106818
0 49 0.437766 0.290341 0.033248 0.112500
0 50 0.756607 0.453409 0.041773 0.125000
0 51 0.548593 0.529545 0.045183 0.131818
0 58 0.707587 0.385227 0.028986 0.093182
0 59 0.695226 0.309091 0.033248 0.115909
0 62 0.809463 0.245455 0.028133 0.097727
0 65 0.796249 0.201705 0.028986 0.094318
0 74 0.341858 0.042614 0.023870 0.082955
0 75 0.323956 0.047727 0.028986 0.075000
0 82 0.393436 0.036932 0.024723 0.069318
0 84 0.425831 0.056818 0.024723 0.084091
0 85 0.457801 0.058523 0.032396 0.087500
0 87 0.480818 0.055114 0.025575 0.073864
0 147 0.568627 0.046591 0.032396 0.086364
0 148 0.584825 0.026136 0.025575 0.050000
0 185 0.486786 0.025000 0.028986 0.047727
0 192 0.395567 0.019318 0.023870 0.036364
0 269 0.401108 0.288636 0.036658 0.111364
0 273 0.534101 0.621591 0.052003 0.138636
0 274 0.411338 0.648295 0.041773 0.139773
0 275 0.442882 0.557955 0.045183 0.138636
0 276 0.503410 0.642045 0.048593 0.127273
0 278 0.445013 0.660227 0.051151 0.140909
0 279 0.473998 0.680114 0.040921 0.087500
0 283 0.289855 0.613068 0.049446 0.148864
0 284 0.320546 0.626705 0.042626 0.135227
0 288 0.015772 0.378409 0.029838 0.118182
0 289 0.558397 0.635227 0.052856 0.145455
0 290 0.315431 0.552841 0.046036 0.121591
0 291 0.463768 0.469886 0.044331 0.128409
0 294 0.063939 0.344886 0.037511 0.114773
0 295 0.032396 0.347727 0.034101 0.111364
0 296 0.139386 0.255682 0.036658 0.093182
0 297 0.617647 0.304545 0.036658 0.115909
0 298 0.152600 0.436364 0.044331 0.125000
0 299 0.308184 0.340909 0.036658 0.106818
0 300 0.349105 0.336364 0.033248 0.120455
0 301 0.383205 0.335227 0.036658 0.111364
0 302 0.242114 0.502841 0.039216 0.114773
0 303 0.498721 0.476136 0.039216 0.125000
0 305 0.216113 0.196591 0.033248 0.102273
0 306 0.442882 0.367045 0.038363 0.102273
0 307 0.357630 0.972159 0.045183 0.055682
0 314 0.428389 0.268182 0.033248 0.097727
0 315 0.232737 0.200000 0.028986 0.097727
0 316 0.181159 0.450568 0.038363 0.121591
0 317 0.273657 0.495455 0.049446 0.131818
0 318 0.792839 0.455682 0.049446 0.125000
0 319 0.169650 0.249432 0.028986 0.089773
0 320 0.352089 0.271591 0.032396 0.097727
0 328 0.578005 0.906250 0.049446 0.157955
0 337 0.150043 0.984091 0.042626 0.034091
0 409 0.542199 0.921023 0.037511 0.151136
0 414 0.574169 0.851136 0.045183 0.138636
0 415 0.607417 0.844886 0.041773 0.132955
0 417 0.421569 0.356250 0.036658 0.121591
0 429 0.360614 0.035795 0.022165 0.069318
0 452 0.821398 0.758523 0.041773 0.135227
