0 1 0.859335 0.805114 0.049446 0.142045
0 3 0.315004 0.725568 0.038363 0.130682
0 5 0.627025 0.273295 0.041773 0.101136
0 6 0.664535 0.475568 0.041773 0.112500
0 7 0.243393 0.333523 0.033248 0.105682
0 8 0.565217 0.340909 0.030691 0.097727
0 9 0.201620 0.317614 0.033248 0.105682
0 10 0.166667 0.289773 0.034953 0.111364
0 11 0.140665 0.291477 0.030691 0.101136
0 12 0.528559 0.357955 0.037511 0.111364
0 13 0.320972 0.261932 0.033248 0.094318
0 14 0.039642 0.181818 0.034953 0.097727
0 15 0.140239 0.203409 0.028133 0.084091
0 16 0.181586 0.189205 0.032396 0.105682
0 17 0.282182 0.202273 0.032396 0.104545
0 18 0.321398 0.195455 0.037511 0.102273
0 19 0.358483 0.200000 0.033248 0.102273
0 20 0.405371 0.209091 0.028133 0.097727
0 21 0.475277 0.277273 0.033248 0.106818
0 22 0.507246 0.268182 0.037511 0.102273
0 23 0.500000 0.197727 0.033248 0.093182
0 24 0.312020 0.130114 0.028986 0.082955
0 25 0.439045 0.131818 0.032396 0.102273
0 26 0.407928 0.136932 0.028133 0.098864
0 27 0.306479 0.043182 0.028133 0.081818
0 28 0.842711 0.096591 0.028133 0.084091
0 29 0.842285 0.075000 0.032396 0.084091
0 30 0.826939 0.127273 0.028986 0.097727
0 32 0.851236 0.200000 0.033248 0.102273
0 33 0.812873 0.206818 0.033248 0.088636
0 34 0.539642 0.054545 0.035806 0.095455
0 35 0.836743 0.240341 0.033248 0.096591
0 37 0.729327 0.319318 0.033248 0.106818
0 38 0.092924 0.128977 0.028986 0.089773
0 39 0.075021 0.128409 0.028986 0.084091
0 42 0.796675 0.609091 0.048593 0.138636
0 43 0.834612 0.606250 0.039216 0.137500
0 44 0.803069 0.694886 0.035806 0.132955
0 45 0.742967 0.702273 0.038363 0.131818
0 46 0.289003 0.734659 0.037511 0.089773
0 47 0.511509 0.531250 0.042626 0.121591
0 48 0.267263 0.337500 0.033248 0.106818
0 49 0.435209 0.291477 0.033248 0.112500
0 50 0.759165 0.456818 0.041773 0.125000
0 51 0.546888 0.531818 0.045183 0.131818
0 58 0.709292 0.387500 0.028986 0.093182
0 59 0.696931 0.312500 0.033248 0.115909
0 62 0.810315 0.246591 0.028133 0.097727
0 65 0.797101 0.202841 0.028986 0.094318
0 74 0.341858 0.042614 0.023870 0.082955
0 75 0.323956 0.049432 0.028986 0.076136
0 82 0.392583 0.038068 0.024723 0.069318
0 84 0.425831 0.057955 0.024723 0.084091
0 85 0.457801 0.059659 0.032396 0.087500
0 86 0.491901 0.039205 0.028986 0.076136
0 87 0.480818 0.056250 0.025575 0.073864
0 147 0.568627 0.047159 0.032396 0.085227
0 148 0.584825 0.026705 0.025575 0.051136
0 185 0.487639 0.025568 0.028986 0.048864
0 192 0.395567 0.019886 0.023870 0.037500
0 269 0.399403 0.289205 0.036658 0.110227
0 273 0.534527 0.623295 0.052856 0.139773
0 274 0.412191 0.651705 0.041773 0.139773
0 275 0.443734 0.560227 0.045183 0.138636
0 276 0.504263 0.644886 0.048593 0.128409
0 278 0.445865 0.662500 0.051151 0.140909
0 279 0.474851 0.682386 0.040921 0.087500
0 283 0.289003 0.615341 0.049446 0.148864
0 284 0.319693 0.628977 0.042626 0.135227
0 288 0.015772 0.379545 0.029838 0.118182
0 289 0.558397 0.638636 0.052856 0.145455
0 290 0.314578 0.555114 0.046036 0.121591
0 291 0.463768 0.472159 0.044331 0.128409
0 294 0.063512 0.347159 0.038363 0.114773
0 295 0.031543 0.348864 0.034101 0.111364
0 296 0.138534 0.256818 0.036658 0.093182
0 297 0.621057 0.305682 0.036658 0.115909
0 298 0.152600 0.439773 0.044331 0.125000
0 299 0.307332 0.343182 0.036658 0.106818
0 300 0.349105 0.338636 0.033248 0.120455
0 301 0.382353 0.337500 0.036658 0.111364
0 302 0.241262 0.506250 0.039216 0.114773
0 303 0.497869 0.478409 0.039216 0.125000
0 305 0.215260 0.197727 0.033248 0.102273
0 306 0.442029 0.368182 0.038363 0.102273
0 307 0.358909 0.974432 0.044331 0.051136
0 314 0.428389 0.269318 0.033248 0.097727
0 315 0.231884 0.201136 0.028986 0.097727
0 316 0.180307 0.452841 0.038363 0.121591
0 317 0.272805 0.497727 0.049446 0.131818
0 318 0.792839 0.459091 0.049446 0.125000
0 319 0.168798 0.250568 0.028986 0.089773
0 320 0.352941 0.272727 0.032396 0.097727
0 328 0.579710 0.909659 0.049446 0.157955
0 337 0.150043 0.984091 0.042626 0.034091
0 409 0.542199 0.923864 0.037511 0.147727
0 414 0.575021 0.854545 0.045183 0.138636
0 415 0.608269 0.847159 0.041773 0.132955
0 417 0.420716 0.357386 0.036658 0.121591
0 429 0.360614 0.036364 0.022165 0.070455
0 452 0.822677 0.761932 0.040921 0.135227
