0 1 0.731458 0.578409 0.046036 0.131818
0 2 0.057545 0.185795 0.031543 0.094318
0 3 0.486786 0.551136 0.039216 0.118182
0 5 0.261722 0.309659 0.044331 0.107955
0 6 0.526428 0.294318 0.034953 0.097727
0 7 0.312020 0.219886 0.032396 0.085227
0 8 0.518755 0.231250 0.031543 0.094318
0 9 0.269395 0.206818 0.027280 0.100000
0 10 0.250639 0.194318 0.034101 0.097727
0 11 0.220801 0.184659 0.032396 0.101136
0 12 0.487639 0.230682 0.037511 0.097727
0 13 0.315857 0.172727 0.033248 0.090909
0 14 0.177749 0.107386 0.034953 0.087500
0 15 0.224211 0.112500 0.023870 0.070455
0 16 0.251066 0.104545 0.028133 0.088636
0 17 0.322677 0.114773 0.033248 0.097727
0 18 0.352515 0.113068 0.031543 0.094318
0 19 0.379369 0.114205 0.032396 0.092045
0 20 0.413896 0.100568 0.028133 0.087500
0 21 0.499574 0.162500 0.032396 0.097727
0 22 0.520460 0.152273 0.028133 0.093182
0 23 0.504263 0.105114 0.023018 0.082955
0 24 0.343564 0.056818 0.028986 0.084091
0 25 0.425831 0.040909 0.028133 0.079545
0 26 0.408781 0.042614 0.028133 0.082955
0 28 0.923274 0.078409 0.028986 0.084091
0 29 0.908355 0.060227 0.033248 0.084091
0 30 0.863598 0.082955 0.028986 0.097727
0 31 0.853367 0.050000 0.028986 0.086364
0 32 0.816283 0.125568 0.033248 0.101136
0 38 0.240835 0.063636 0.028133 0.081818
0 39 0.225916 0.066477 0.027280 0.076136
0 42 0.726343 0.413636 0.047741 0.118182
0 43 0.766411 0.406818 0.037511 0.118182
0 44 0.783887 0.518182 0.038363 0.111364
0 45 0.723785 0.517045 0.037511 0.104545
0 46 0.457801 0.561364 0.032396 0.084091
0 47 0.566496 0.399432 0.041773 0.121591
0 48 0.343564 0.221591 0.032396 0.093182
0 49 0.545183 0.200000 0.033248 0.102273
0 253 0.106138 0.661932 0.045183 0.137500
0 269 0.525575 0.198864 0.031543 0.088636
0 273 0.525149 0.475000 0.044331 0.122727
0 274 0.386189 0.479545 0.040921 0.115909
0 275 0.405797 0.422727 0.037511 0.125000
0 276 0.577153 0.483523 0.047741 0.121591
0 278 0.421142 0.490341 0.051151 0.123864
0 279 0.447570 0.517614 0.035806 0.080682
0 282 0.087383 0.588636 0.045183 0.138636
0 283 0.302643 0.456250 0.039216 0.128409
0 284 0.331628 0.461932 0.040921 0.121591
0 288 0.046888 0.282386 0.034101 0.107955
0 289 0.549020 0.453409 0.046036 0.125000
0 290 0.362319 0.394886 0.046036 0.121591
0 291 0.479113 0.346591 0.042626 0.111364
0 294 0.105712 0.253977 0.039216 0.101136
0 295 0.079284 0.259091 0.035806 0.111364
0 296 0.186275 0.180114 0.029838 0.092045
0 297 0.572038 0.211932 0.023870 0.101136
0 298 0.201194 0.288068 0.039216 0.114773
0 299 0.349105 0.246591 0.033248 0.106818
0 300 0.370418 0.241477 0.033248 0.112500
0 301 0.404945 0.236364 0.037511 0.102273
0 302 0.301790 0.338068 0.039216 0.101136
0 303 0.507673 0.347727 0.038363 0.118182
0 305 0.265132 0.132386 0.028986 0.092045
0 306 0.475703 0.257955 0.034101 0.097727
0 307 0.366581 0.792045 0.047741 0.145455
0 314 0.449702 0.188636 0.033248 0.097727
0 315 0.285166 0.135227 0.028133 0.097727
0 316 0.241262 0.296591 0.039216 0.097727
0 317 0.335038 0.323295 0.042626 0.121591
0 318 0.709292 0.309091 0.042626 0.111364
0 319 0.210997 0.173864 0.028133 0.088636
0 320 0.341006 0.173864 0.028986 0.084091
0 328 0.496164 0.713636 0.042626 0.159091
0 336 0.110827 0.982955 0.040921 0.034091
0 337 0.158568 0.982386 0.037511 0.035227
0 339 0.862319 0.948864 0.052003 0.104545
0 341 0.352089 0.947727 0.047741 0.106818
0 408 0.030691 0.973864 0.054561 0.052273
0 409 0.474851 0.711932 0.039216 0.142045
0 410 0.037511 0.596591 0.039216 0.097727
0 414 0.498295 0.669318 0.041773 0.118182
0 415 0.534527 0.667045 0.035806 0.127273
0 417 0.453964 0.247727 0.036658 0.111364
0 439 0.003410 0.571023 0.005115 0.114773
0 440 0.012788 0.593750 0.023870 0.080682
0 452 0.798806 0.565909 0.039216 0.118182
