0 1 0.834612 0.740341 0.049446 0.142045
0 3 0.363171 0.672727 0.039216 0.131818
0 5 0.509804 0.272727 0.039216 0.100000
0 6 0.618926 0.418182 0.042626 0.106818
0 7 0.258738 0.300568 0.033248 0.105682
0 8 0.546462 0.310227 0.032396 0.097727
0 9 0.222080 0.286364 0.033248 0.102273
0 10 0.190537 0.258523 0.034953 0.110227
0 11 0.160273 0.260795 0.030691 0.101136
0 12 0.520887 0.318182 0.037511 0.111364
0 13 0.319267 0.235795 0.033248 0.094318
0 14 0.089514 0.164773 0.035806 0.097727
0 15 0.168372 0.182955 0.028133 0.084091
0 16 0.204604 0.167045 0.028986 0.097727
0 17 0.286871 0.177273 0.031543 0.097727
0 18 0.329071 0.176136 0.037511 0.102273
0 19 0.368713 0.175568 0.033248 0.098864
0 20 0.408355 0.175000 0.028986 0.097727
0 21 0.492327 0.245455 0.033248 0.106818
0 22 0.515772 0.243182 0.035806 0.102273
0 23 0.501705 0.170455 0.033248 0.093182
0 24 0.318414 0.115909 0.028133 0.084091
0 25 0.434356 0.107955 0.033248 0.102273
0 26 0.400682 0.102273 0.028986 0.084091
0 28 0.846974 0.087500 0.028133 0.084091
0 29 0.862319 0.075000 0.033248 0.084091
0 30 0.825234 0.123864 0.028986 0.097727
0 32 0.833333 0.180682 0.033248 0.102273
0 33 0.809463 0.190909 0.033248 0.088636
0 34 0.537084 0.038068 0.034101 0.073864
0 35 0.831628 0.218750 0.033248 0.096591
0 37 0.698636 0.281818 0.033248 0.106818
0 38 0.137255 0.113068 0.028986 0.089773
0 39 0.121910 0.110227 0.027280 0.081818
0 42 0.770673 0.552273 0.049446 0.138636
0 43 0.811168 0.543750 0.038363 0.137500
0 44 0.797528 0.643750 0.038363 0.123864
0 45 0.751918 0.652273 0.039216 0.131818
0 46 0.327792 0.678977 0.031543 0.089773
0 47 0.520887 0.493750 0.042626 0.121591
0 48 0.286019 0.302273 0.033248 0.106818
0 49 0.466752 0.268182 0.033248 0.115909
0 50 0.724638 0.413068 0.039216 0.123864
0 51 0.567775 0.496591 0.046036 0.131818
0 58 0.687553 0.352273 0.028133 0.093182
0 62 0.809463 0.225000 0.028133 0.097727
0 74 0.341432 0.035227 0.024723 0.068182
0 75 0.331202 0.036932 0.028133 0.071591
0 84 0.427110 0.039205 0.025575 0.073864
0 85 0.456095 0.044886 0.027280 0.085227
0 87 0.482523 0.043750 0.025575 0.073864
0 185 0.476556 0.017614 0.028986 0.032955
0 253 0.018329 0.800568 0.034953 0.144318
0 269 0.438619 0.271591 0.033248 0.111364
0 273 0.526854 0.576136 0.049446 0.134091
0 274 0.396419 0.601705 0.040921 0.130682
0 275 0.433078 0.527273 0.044331 0.136364
0 276 0.497016 0.599432 0.047741 0.121591
0 278 0.431799 0.615909 0.052003 0.140909
0 279 0.464621 0.632386 0.040921 0.082955
0 283 0.298806 0.565909 0.048593 0.138636
0 284 0.327366 0.581250 0.042626 0.135227
0 288 0.020460 0.351136 0.039216 0.118182
0 289 0.569480 0.581818 0.052856 0.145455
0 290 0.331628 0.509659 0.046036 0.121591
0 291 0.463768 0.435795 0.044331 0.119318
0 294 0.078431 0.323295 0.037511 0.114773
0 295 0.037937 0.323864 0.034953 0.111364
0 296 0.149616 0.236364 0.036658 0.093182
0 297 0.602302 0.298864 0.036658 0.115909
0 298 0.161978 0.395455 0.046036 0.125000
0 299 0.320972 0.311364 0.036658 0.106818
0 300 0.356777 0.309091 0.033248 0.115909
0 301 0.392157 0.305682 0.037511 0.111364
0 302 0.262148 0.457386 0.038363 0.114773
0 303 0.500426 0.437500 0.039216 0.118182
0 305 0.228900 0.181818 0.033248 0.102273
0 306 0.451833 0.338068 0.037511 0.098864
0 307 0.356351 0.939205 0.047741 0.123864
0 314 0.435209 0.247727 0.033248 0.097727
0 315 0.249787 0.184091 0.028986 0.097727
0 316 0.189685 0.408523 0.038363 0.112500
0 317 0.288576 0.451136 0.048593 0.131818
0 318 0.779199 0.413068 0.049446 0.121591
0 319 0.182438 0.228977 0.028986 0.089773
0 320 0.350810 0.251136 0.031543 0.097727
0 328 0.554987 0.859659 0.049446 0.157955
0 337 0.150043 0.985227 0.042626 0.031818
0 409 0.525149 0.865341 0.037511 0.155682
0 414 0.554135 0.800000 0.042626 0.138636
0 415 0.592498 0.801136 0.040921 0.136364
0 417 0.428389 0.328977 0.036658 0.121591
0 452 0.810742 0.706818 0.042626 0.131818
