0 1 0.841432 0.759659 0.049446 0.142045
0 3 0.348679 0.688636 0.039216 0.131818
0 5 0.546462 0.273864 0.040921 0.100000
0 6 0.634271 0.437500 0.042626 0.109091
0 7 0.254476 0.310795 0.033248 0.105682
0 8 0.550298 0.325000 0.031543 0.097727
0 9 0.216113 0.298864 0.033248 0.102273
0 10 0.182864 0.268182 0.034953 0.111364
0 11 0.150043 0.275568 0.030691 0.101136
0 12 0.524297 0.330682 0.037511 0.111364
0 13 0.320972 0.244886 0.033248 0.094318
0 14 0.071185 0.170455 0.034953 0.097727
0 15 0.158994 0.188636 0.028133 0.084091
0 16 0.198210 0.173864 0.028133 0.097727
0 17 0.286019 0.186364 0.031543 0.097727
0 18 0.325661 0.182955 0.037511 0.102273
0 19 0.365303 0.186932 0.033248 0.101136
0 20 0.407076 0.184091 0.028133 0.097727
0 21 0.487212 0.255682 0.033248 0.106818
0 22 0.513214 0.252273 0.037511 0.102273
0 23 0.501705 0.179545 0.033248 0.093182
0 24 0.316283 0.119886 0.028986 0.082955
0 25 0.435635 0.117045 0.032396 0.102273
0 26 0.404092 0.113068 0.028986 0.089773
0 27 0.308184 0.036932 0.028133 0.071591
0 28 0.846121 0.087500 0.028133 0.084091
0 29 0.854646 0.075000 0.033248 0.084091
0 30 0.825234 0.128409 0.028986 0.097727
0 32 0.836743 0.188636 0.033248 0.102273
0 33 0.812020 0.196591 0.033248 0.088636
0 34 0.537937 0.043182 0.034101 0.081818
0 35 0.835891 0.226705 0.033248 0.096591
0 37 0.706309 0.294886 0.036658 0.105682
0 38 0.125320 0.119886 0.028986 0.089773
0 39 0.106138 0.117045 0.028133 0.084091
0 42 0.776641 0.570455 0.049446 0.138636
0 43 0.821398 0.564205 0.038363 0.137500
0 44 0.796249 0.659659 0.039216 0.123864
0 45 0.751918 0.669318 0.039216 0.131818
0 46 0.312020 0.697159 0.032396 0.089773
0 47 0.513214 0.508523 0.042626 0.121591
0 48 0.278346 0.315909 0.033248 0.106818
0 49 0.459079 0.280682 0.033248 0.115909
0 50 0.735720 0.423864 0.039216 0.125000
0 51 0.562660 0.513636 0.046036 0.131818
0 58 0.694373 0.364773 0.028133 0.093182
0 62 0.810742 0.235227 0.028986 0.097727
0 74 0.338875 0.039773 0.024723 0.077273
0 75 0.329497 0.039773 0.028133 0.075000
0 82 0.392157 0.030682 0.025575 0.059091
0 84 0.425831 0.043750 0.024723 0.080682
0 85 0.455669 0.048864 0.028133 0.086364
0 87 0.482097 0.048295 0.024723 0.073864
0 147 0.568627 0.040341 0.032396 0.078409
0 148 0.579284 0.022159 0.028133 0.042045
0 185 0.479113 0.021023 0.028986 0.039773
0 192 0.395567 0.015341 0.023870 0.028409
0 253 0.010656 0.821023 0.019608 0.148864
0 269 0.421569 0.278409 0.033248 0.111364
0 273 0.527707 0.594886 0.052856 0.135227
0 274 0.399829 0.615341 0.040921 0.130682
0 275 0.436061 0.538636 0.045183 0.138636
0 276 0.496164 0.613068 0.047741 0.121591
0 278 0.435635 0.631818 0.051151 0.140909
0 279 0.468031 0.650000 0.042626 0.084091
0 283 0.294544 0.582955 0.048593 0.145455
0 284 0.324808 0.597159 0.042626 0.135227
0 288 0.018755 0.360227 0.035806 0.118182
0 289 0.563512 0.603409 0.052856 0.145455
0 290 0.324808 0.524432 0.046036 0.121591
0 291 0.463768 0.448295 0.044331 0.126136
0 294 0.073316 0.331250 0.037511 0.114773
0 295 0.035379 0.331818 0.034953 0.111364
0 296 0.145354 0.243182 0.036658 0.093182
0 297 0.601876 0.297727 0.037511 0.115909
0 298 0.157715 0.410227 0.046036 0.125000
0 299 0.316709 0.321591 0.036658 0.106818
0 300 0.353367 0.317614 0.033248 0.119318
0 301 0.389173 0.317045 0.036658 0.111364
0 302 0.253197 0.471023 0.039216 0.114773
0 303 0.498721 0.448864 0.039216 0.118182
0 305 0.225490 0.186364 0.033248 0.102273
0 306 0.449702 0.350000 0.038363 0.102273
0 307 0.356351 0.952273 0.047741 0.097727
0 314 0.432651 0.254545 0.033248 0.097727
0 315 0.242967 0.188636 0.028986 0.097727
0 316 0.186275 0.425568 0.038363 0.119318
0 317 0.283461 0.468182 0.048593 0.131818
0 318 0.786445 0.426705 0.048593 0.123864
0 319 0.177323 0.238068 0.028986 0.089773
0 320 0.350810 0.259091 0.031543 0.097727
0 328 0.561381 0.876705 0.048593 0.157955
0 337 0.150043 0.985227 0.042626 0.031818
0 409 0.533674 0.889205 0.037511 0.155682
0 414 0.566070 0.817045 0.042626 0.138636
0 415 0.597613 0.818750 0.040921 0.137500
0 417 0.424979 0.340341 0.036658 0.121591
0 452 0.810742 0.722727 0.042626 0.131818
