0 1 0.768116 0.638636 0.046036 0.131818
0 2 0.016624 0.214205 0.031543 0.094318
0 3 0.439898 0.600000 0.037511 0.118182
0 5 0.362319 0.300000 0.039216 0.100000
0 6 0.548593 0.339773 0.036658 0.100000
0 7 0.289429 0.254545 0.033248 0.097727
0 8 0.530264 0.260227 0.032396 0.097727
0 9 0.249787 0.235795 0.027280 0.101136
0 10 0.224211 0.220455 0.034101 0.097727
0 11 0.199488 0.213068 0.032396 0.101136
0 12 0.502131 0.264773 0.037511 0.111364
0 13 0.315857 0.193750 0.033248 0.094318
0 14 0.148764 0.131818 0.034953 0.090909
0 15 0.205882 0.136364 0.024723 0.070455
0 16 0.233163 0.128409 0.028133 0.097727
0 17 0.306479 0.135227 0.033248 0.097727
0 18 0.343137 0.138636 0.033248 0.102273
0 19 0.374680 0.138636 0.033248 0.097727
0 20 0.413896 0.128977 0.028133 0.087500
0 21 0.500853 0.196591 0.033248 0.106818
0 22 0.524723 0.186364 0.028133 0.093182
0 23 0.505541 0.131250 0.025575 0.092045
0 24 0.332481 0.078409 0.028986 0.084091
0 25 0.427962 0.061932 0.030691 0.092045
0 26 0.399403 0.062500 0.028133 0.088636
0 28 0.872123 0.087500 0.028986 0.084091
0 29 0.879369 0.073864 0.033248 0.084091
0 30 0.829497 0.103409 0.028986 0.097727
0 31 0.817988 0.066477 0.031543 0.087500
0 32 0.816283 0.140909 0.033248 0.102273
0 38 0.203751 0.085227 0.028986 0.084091
0 39 0.187553 0.084659 0.025575 0.076136
0 42 0.739983 0.462500 0.047741 0.131818
0 43 0.783461 0.455682 0.037511 0.131818
0 44 0.779199 0.561932 0.039216 0.110227
0 45 0.735720 0.572159 0.037511 0.121591
0 46 0.407502 0.601705 0.032396 0.080682
0 47 0.552430 0.435795 0.042626 0.121591
0 48 0.319267 0.248295 0.033248 0.096591
0 49 0.511083 0.224432 0.033248 0.101136
0 75 0.330776 0.024432 0.028986 0.046591
0 87 0.469736 0.024432 0.023870 0.046591
0 253 0.066496 0.718182 0.047741 0.131818
0 269 0.495737 0.227273 0.033248 0.104545
0 273 0.526002 0.514205 0.046036 0.135227
0 274 0.384484 0.522159 0.040921 0.123864
0 275 0.413470 0.455682 0.037511 0.125000
0 276 0.556692 0.533523 0.047741 0.121591
0 278 0.421142 0.543182 0.052856 0.140909
0 279 0.453538 0.561932 0.035806 0.082955
0 282 0.009804 0.689205 0.017903 0.144318
0 283 0.304348 0.492045 0.046036 0.127273
0 284 0.329071 0.502841 0.040921 0.121591
0 288 0.035806 0.307386 0.037511 0.112500
0 289 0.566922 0.498864 0.046036 0.125000
0 290 0.357204 0.436932 0.046036 0.121591
0 291 0.474425 0.377841 0.043478 0.110227
0 294 0.094203 0.276705 0.038363 0.101136
0 295 0.063086 0.284091 0.035806 0.111364
0 296 0.170929 0.202841 0.029838 0.092045
0 297 0.578005 0.237500 0.028986 0.111364
0 298 0.188406 0.326136 0.039216 0.113636
0 299 0.338875 0.264773 0.034953 0.106818
0 300 0.365303 0.266477 0.033248 0.112500
0 301 0.398977 0.266477 0.037511 0.105682
0 302 0.283887 0.385795 0.039216 0.105682
0 303 0.507673 0.382955 0.038363 0.118182
0 305 0.253197 0.150000 0.028986 0.093182
0 306 0.470588 0.289773 0.034101 0.097727
0 307 0.358056 0.853977 0.047741 0.148864
0 314 0.445439 0.213636 0.033248 0.097727
0 315 0.268116 0.156818 0.028133 0.097727
0 316 0.219949 0.339205 0.039216 0.103409
0 317 0.316709 0.375000 0.048593 0.131818
0 318 0.736573 0.347159 0.042626 0.110227
0 319 0.202899 0.193750 0.028986 0.089773
0 320 0.344416 0.204545 0.028986 0.084091
0 328 0.526428 0.770455 0.043478 0.159091
0 336 0.109974 0.981818 0.040921 0.036364
0 337 0.155584 0.982386 0.038363 0.035227
0 409 0.486360 0.766477 0.038363 0.142045
0 410 0.017477 0.642045 0.033248 0.097727
0 414 0.527707 0.714773 0.042626 0.120455
0 415 0.557971 0.718182 0.034953 0.127273
0 417 0.448849 0.275000 0.036658 0.111364
0 452 0.792839 0.619318 0.039216 0.118182
