0 1 0.763853 0.634091 0.046036 0.131818
0 2 0.018329 0.210795 0.034953 0.094318
0 3 0.445013 0.594318 0.037511 0.118182
0 5 0.353794 0.302273 0.039216 0.100000
0 6 0.545183 0.336364 0.034953 0.100000
0 7 0.291986 0.251136 0.033248 0.097727
0 8 0.529412 0.257386 0.032396 0.096591
0 9 0.251492 0.233523 0.027280 0.101136
0 10 0.226769 0.218182 0.034101 0.097727
0 11 0.201194 0.209659 0.032396 0.101136
0 12 0.501279 0.262500 0.037511 0.111364
0 13 0.315857 0.191477 0.033248 0.094318
0 14 0.152174 0.129545 0.034953 0.090909
0 15 0.208440 0.136364 0.024723 0.070455
0 16 0.234868 0.126136 0.028133 0.097727
0 17 0.308184 0.132955 0.033248 0.097727
0 18 0.343137 0.137500 0.033248 0.102273
0 19 0.375533 0.136364 0.033248 0.097727
0 20 0.413896 0.125568 0.028133 0.087500
0 21 0.500853 0.194318 0.033248 0.106818
0 22 0.524723 0.184091 0.028133 0.093182
0 23 0.505541 0.128977 0.025575 0.092045
0 24 0.334186 0.076136 0.028986 0.084091
0 25 0.427110 0.060795 0.030691 0.092045
0 26 0.400256 0.061364 0.028133 0.088636
0 28 0.877238 0.088636 0.028986 0.084091
0 29 0.881927 0.073864 0.033248 0.084091
0 30 0.832055 0.101136 0.028986 0.097727
0 31 0.819693 0.066477 0.029838 0.087500
0 32 0.816283 0.139773 0.033248 0.102273
0 38 0.208014 0.082955 0.028986 0.084091
0 39 0.191390 0.082386 0.024723 0.076136
0 42 0.738278 0.457955 0.047741 0.131818
0 43 0.781756 0.451136 0.037511 0.131818
0 44 0.779199 0.557386 0.039216 0.110227
0 45 0.735720 0.566477 0.037511 0.121591
0 46 0.412617 0.597159 0.032396 0.080682
0 47 0.554987 0.433523 0.042626 0.121591
0 48 0.321398 0.244886 0.032396 0.094318
0 49 0.513640 0.221591 0.033248 0.102273
0 75 0.330776 0.023864 0.028986 0.045455
0 87 0.469736 0.023864 0.023870 0.045455
0 253 0.069906 0.714773 0.047741 0.129545
0 269 0.497869 0.223864 0.032396 0.100000
0 273 0.526002 0.510795 0.046036 0.135227
0 274 0.384484 0.518750 0.040921 0.121591
0 275 0.411765 0.453409 0.037511 0.125000
0 276 0.560102 0.528977 0.047741 0.121591
0 278 0.420290 0.538068 0.052856 0.139773
0 279 0.453538 0.558523 0.035806 0.082955
0 282 0.013640 0.679545 0.025575 0.143182
0 283 0.304774 0.488636 0.045183 0.127273
0 284 0.329071 0.498295 0.040921 0.121591
0 288 0.036232 0.304545 0.036658 0.111364
0 289 0.565217 0.495455 0.046036 0.125000
0 290 0.358909 0.432386 0.046036 0.121591
0 291 0.475277 0.374432 0.043478 0.110227
0 294 0.095055 0.274432 0.038363 0.101136
0 295 0.064791 0.281818 0.035806 0.111364
0 296 0.171782 0.200568 0.029838 0.092045
0 297 0.576300 0.235227 0.025575 0.109091
0 298 0.190111 0.321591 0.039216 0.113636
0 299 0.340153 0.261364 0.034101 0.106818
0 300 0.366155 0.264205 0.033248 0.112500
0 301 0.399829 0.264205 0.037511 0.105682
0 302 0.285592 0.382386 0.039216 0.103409
0 303 0.508525 0.379545 0.038363 0.118182
0 305 0.254902 0.148864 0.028986 0.093182
0 306 0.471441 0.287500 0.034101 0.097727
0 307 0.358909 0.846591 0.047741 0.145455
0 314 0.446292 0.211364 0.033248 0.097727
0 315 0.268968 0.155682 0.028133 0.097727
0 316 0.221654 0.334091 0.039216 0.104545
0 317 0.318414 0.371591 0.048593 0.131818
0 318 0.733163 0.344886 0.042626 0.110227
0 319 0.202899 0.192045 0.028986 0.088636
0 320 0.344416 0.202273 0.028986 0.084091
0 328 0.523444 0.764773 0.042626 0.159091
0 336 0.109974 0.981818 0.040921 0.036364
0 337 0.155584 0.982386 0.038363 0.035227
0 339 0.909633 0.978409 0.037511 0.045455
0 341 0.349105 0.980682 0.038363 0.040909
0 409 0.484655 0.760795 0.038363 0.142045
0 410 0.018755 0.638636 0.035806 0.097727
0 414 0.526428 0.710227 0.041773 0.118182
0 415 0.555840 0.714773 0.035806 0.127273
0 417 0.450554 0.272727 0.036658 0.111364
0 452 0.792839 0.612500 0.039216 0.118182
