0 1 0.747656 0.612500 0.046036 0.131818
0 2 0.031543 0.202273 0.032396 0.093182
0 3 0.460358 0.576136 0.037511 0.118182
0 5 0.320546 0.303409 0.039216 0.100000
0 6 0.538363 0.321591 0.034953 0.100000
0 7 0.299659 0.240909 0.033248 0.097727
0 8 0.524723 0.247159 0.031543 0.094318
0 9 0.257460 0.224432 0.027280 0.101136
0 10 0.234442 0.210227 0.034101 0.097727
0 11 0.206309 0.200568 0.032396 0.101136
0 12 0.497869 0.252273 0.037511 0.104545
0 13 0.315857 0.186932 0.033248 0.094318
0 14 0.162830 0.123864 0.035806 0.090909
0 15 0.214834 0.132955 0.023870 0.070455
0 16 0.239983 0.118750 0.028133 0.094318
0 17 0.312447 0.127273 0.033248 0.097727
0 18 0.345695 0.132955 0.033248 0.102273
0 19 0.376812 0.127841 0.032396 0.096591
0 20 0.413896 0.116477 0.028133 0.087500
0 21 0.500000 0.186364 0.033248 0.106818
0 22 0.524723 0.173864 0.028133 0.093182
0 23 0.505115 0.123295 0.024723 0.092045
0 24 0.338448 0.070455 0.028986 0.084091
0 25 0.425831 0.055682 0.028133 0.090909
0 26 0.403240 0.054545 0.028986 0.088636
0 28 0.893862 0.088636 0.028133 0.084091
0 29 0.890452 0.071591 0.033248 0.084091
0 30 0.840580 0.096591 0.028986 0.097727
0 31 0.830776 0.060795 0.028133 0.087500
0 32 0.816283 0.132955 0.033248 0.102273
0 38 0.219096 0.077273 0.028986 0.084091
0 39 0.204604 0.074432 0.023870 0.076136
0 42 0.735720 0.443182 0.047741 0.131818
0 43 0.777494 0.437500 0.037511 0.131818
0 44 0.779199 0.543182 0.039216 0.111364
0 45 0.731458 0.552841 0.037511 0.121591
0 46 0.428389 0.584659 0.031543 0.082955
0 47 0.560955 0.422159 0.042626 0.121591
0 48 0.329071 0.236364 0.032396 0.093182
0 49 0.524723 0.212500 0.033248 0.102273
0 87 0.472293 0.023295 0.023870 0.044318
0 253 0.083973 0.698295 0.048593 0.128409
0 269 0.505968 0.213636 0.031543 0.088636
0 273 0.526002 0.499432 0.046036 0.135227
0 274 0.383632 0.506818 0.040921 0.118182
0 275 0.408355 0.444318 0.037511 0.125000
0 276 0.568627 0.515341 0.047741 0.121591
0 278 0.419011 0.519886 0.052003 0.130682
0 279 0.451833 0.546023 0.035806 0.082955
0 282 0.030691 0.647159 0.044331 0.139773
0 283 0.305627 0.477841 0.041773 0.128409
0 284 0.329923 0.485795 0.040921 0.121591
0 288 0.039642 0.295455 0.034953 0.109091
0 289 0.560102 0.480682 0.046036 0.125000
0 290 0.362319 0.419886 0.046036 0.121591
0 291 0.476556 0.363068 0.042626 0.110227
0 294 0.097613 0.267614 0.038363 0.101136
0 295 0.071611 0.275000 0.035806 0.111364
0 296 0.175192 0.193750 0.029838 0.092045
0 297 0.575448 0.227273 0.023870 0.106818
0 298 0.194373 0.310227 0.039216 0.113636
0 299 0.343137 0.253409 0.033248 0.106818
0 300 0.368713 0.257386 0.033248 0.112500
0 301 0.401535 0.255682 0.037511 0.102273
0 302 0.289855 0.368750 0.039216 0.101136
0 303 0.511083 0.371591 0.038363 0.118182
0 305 0.259165 0.144318 0.028986 0.093182
0 306 0.473146 0.277273 0.034101 0.097727
0 307 0.362319 0.827273 0.047741 0.145455
0 314 0.447144 0.203409 0.033248 0.097727
0 315 0.274936 0.148864 0.028133 0.097727
0 316 0.228474 0.318750 0.039216 0.103409
0 317 0.323956 0.361364 0.049446 0.131818
0 318 0.721228 0.338636 0.042626 0.111364
0 319 0.205456 0.185795 0.028986 0.089773
0 320 0.344416 0.196591 0.028986 0.084091
0 328 0.514919 0.746591 0.042626 0.159091
0 336 0.110827 0.981818 0.040921 0.036364
0 337 0.156863 0.982386 0.037511 0.035227
0 339 0.895993 0.971023 0.051151 0.060227
0 341 0.349105 0.972159 0.043478 0.057955
0 409 0.482523 0.747159 0.039216 0.142045
0 410 0.026428 0.627273 0.039216 0.097727
0 414 0.521739 0.694318 0.042626 0.118182
0 415 0.552430 0.697727 0.035806 0.127273
0 417 0.453964 0.263636 0.036658 0.111364
0 440 0.004263 0.625000 0.006820 0.079545
0 452 0.793265 0.594318 0.038363 0.118182
