0 1 0.797101 0.674432 0.046036 0.130682
0 2 0.005115 0.225568 0.008525 0.094318
0 3 0.410060 0.618750 0.037511 0.130682
0 5 0.412617 0.284091 0.039216 0.100000
0 6 0.572464 0.363068 0.041773 0.101136
0 7 0.280051 0.272727 0.033248 0.097727
0 8 0.534953 0.277273 0.031543 0.097727
0 9 0.240409 0.253409 0.030691 0.102273
0 10 0.209719 0.232955 0.034101 0.097727
0 11 0.184569 0.227841 0.031543 0.101136
0 12 0.505968 0.281818 0.038363 0.111364
0 13 0.315004 0.209659 0.033248 0.094318
0 14 0.128730 0.143182 0.034101 0.090909
0 15 0.195226 0.153409 0.023870 0.072727
0 16 0.222080 0.140909 0.028133 0.097727
0 17 0.298380 0.147727 0.032396 0.097727
0 18 0.338022 0.154545 0.036658 0.102273
0 19 0.372123 0.153409 0.033248 0.097727
0 20 0.413896 0.148864 0.028133 0.097727
0 21 0.500000 0.213636 0.033248 0.106818
0 22 0.523870 0.203409 0.028133 0.093182
0 23 0.503410 0.146023 0.029838 0.092045
0 24 0.326513 0.092045 0.028986 0.084091
0 25 0.430946 0.071023 0.033248 0.092045
0 26 0.398551 0.075568 0.028133 0.087500
0 28 0.856777 0.087500 0.028986 0.084091
0 29 0.868286 0.076136 0.033248 0.084091
0 30 0.825234 0.110227 0.028986 0.097727
0 32 0.823103 0.156818 0.033248 0.102273
0 35 0.823103 0.185227 0.033248 0.097727
0 38 0.180733 0.092614 0.027280 0.085227
0 39 0.162830 0.092045 0.025575 0.077273
0 42 0.747656 0.494318 0.047741 0.131818
0 43 0.790708 0.489773 0.041773 0.134091
0 44 0.783461 0.583523 0.037511 0.110227
0 45 0.745951 0.597159 0.037511 0.121591
0 46 0.381500 0.630682 0.031543 0.090909
0 47 0.541773 0.456250 0.041773 0.121591
0 48 0.308184 0.269318 0.033248 0.106818
0 49 0.498295 0.243750 0.033248 0.103409
0 50 0.702046 0.357955 0.038363 0.118182
0 51 0.581415 0.447727 0.046036 0.131818
0 58 0.687980 0.313636 0.028986 0.093182
0 75 0.330776 0.028409 0.028986 0.054545
0 84 0.431373 0.031250 0.025575 0.060227
0 85 0.454390 0.031818 0.028986 0.061364
0 87 0.473998 0.027841 0.023870 0.053409
0 253 0.046462 0.742614 0.048593 0.142045
0 269 0.473572 0.242045 0.033248 0.111364
0 273 0.528559 0.537500 0.046036 0.134091
0 274 0.387894 0.547159 0.040921 0.130682
0 275 0.421995 0.476136 0.037511 0.125000
0 276 0.535379 0.557386 0.047741 0.121591
0 278 0.425405 0.568182 0.052856 0.140909
0 279 0.454390 0.583523 0.034101 0.082955
0 283 0.304348 0.515909 0.047741 0.127273
0 284 0.329923 0.531250 0.040921 0.121591
0 288 0.028986 0.325000 0.040921 0.118182
0 289 0.572890 0.526136 0.046036 0.125000
0 290 0.346121 0.461932 0.046036 0.121591
0 291 0.472293 0.401136 0.046036 0.111364
0 294 0.089514 0.292045 0.037511 0.104545
0 295 0.051151 0.298864 0.035806 0.111364
0 296 0.162404 0.214773 0.033248 0.093182
0 297 0.592072 0.257955 0.036658 0.115909
0 298 0.178176 0.350568 0.040921 0.117045
0 299 0.332481 0.282955 0.037511 0.106818
0 300 0.361040 0.278977 0.033248 0.112500
0 301 0.395993 0.280682 0.038363 0.111364
0 302 0.275789 0.406250 0.038363 0.114773
0 303 0.503410 0.400000 0.038363 0.118182
0 305 0.241262 0.159091 0.028986 0.093182
0 306 0.464194 0.302273 0.034953 0.097727
0 307 0.354646 0.894886 0.049446 0.162500
0 314 0.442882 0.226136 0.033248 0.097727
0 315 0.260443 0.163636 0.028133 0.097727
0 316 0.203751 0.363068 0.039216 0.103409
0 317 0.305627 0.396591 0.048593 0.131818
0 318 0.752344 0.367614 0.041773 0.110227
0 319 0.196931 0.206250 0.028986 0.089773
0 320 0.347400 0.218182 0.029838 0.090909
0 328 0.540068 0.801136 0.048593 0.159091
0 336 0.108269 0.984659 0.042626 0.032955
0 337 0.151748 0.982386 0.040921 0.035227
0 409 0.497016 0.801136 0.039216 0.143182
0 410 0.007246 0.655682 0.012788 0.097727
0 414 0.537937 0.746591 0.042626 0.138636
0 415 0.573316 0.744318 0.040068 0.127273
0 417 0.446292 0.290909 0.036658 0.111364
0 452 0.797954 0.655682 0.042626 0.131818
