0 1 0.800512 0.677273 0.046036 0.131818
0 2 0.003410 0.226705 0.005115 0.094318
0 3 0.407928 0.621591 0.038363 0.131818
0 5 0.418159 0.282955 0.038363 0.100000
0 6 0.575448 0.365341 0.042626 0.101136
0 7 0.279199 0.273864 0.033248 0.097727
0 8 0.534953 0.278409 0.031543 0.097727
0 9 0.239983 0.255682 0.031543 0.102273
0 10 0.208866 0.235227 0.034101 0.097727
0 11 0.182864 0.228977 0.031543 0.101136
0 12 0.506820 0.284091 0.038363 0.111364
0 13 0.315004 0.210795 0.033248 0.094318
0 14 0.126172 0.144318 0.034101 0.090909
0 15 0.193521 0.155114 0.023870 0.073864
0 16 0.221228 0.142045 0.028133 0.097727
0 17 0.297528 0.148864 0.032396 0.097727
0 18 0.337170 0.156818 0.036658 0.102273
0 19 0.371270 0.154545 0.033248 0.097727
0 20 0.413896 0.150000 0.028133 0.097727
0 21 0.500000 0.215909 0.033248 0.106818
0 22 0.523870 0.206250 0.028133 0.094318
0 23 0.502984 0.147727 0.030691 0.093182
0 24 0.325661 0.092045 0.028986 0.084091
0 25 0.430946 0.073295 0.033248 0.092045
0 26 0.398551 0.077273 0.028133 0.086364
0 28 0.855925 0.087500 0.028986 0.084091
0 29 0.867434 0.076136 0.033248 0.084091
0 30 0.825234 0.111364 0.028986 0.097727
0 32 0.823103 0.159091 0.033248 0.102273
0 35 0.823103 0.187500 0.033248 0.097727
0 38 0.178176 0.093182 0.027280 0.086364
0 39 0.160273 0.093182 0.023870 0.077273
0 42 0.748508 0.498864 0.047741 0.131818
0 43 0.790281 0.495455 0.044331 0.136364
0 44 0.783461 0.585795 0.037511 0.110227
0 45 0.747656 0.600568 0.037511 0.121591
0 46 0.378517 0.632955 0.032396 0.090909
0 47 0.540921 0.458523 0.041773 0.121591
0 48 0.307332 0.270455 0.033248 0.106818
0 49 0.495737 0.244318 0.033248 0.104545
0 50 0.703325 0.360227 0.037511 0.118182
0 51 0.580563 0.450000 0.046036 0.131818
0 58 0.687980 0.315909 0.028986 0.093182
0 75 0.330776 0.028409 0.028986 0.054545
0 84 0.431373 0.031818 0.025575 0.061364
0 85 0.454390 0.031818 0.028986 0.061364
0 87 0.473998 0.028409 0.023870 0.054545
0 253 0.044757 0.747159 0.048593 0.142045
0 269 0.471867 0.244318 0.033248 0.111364
0 273 0.528559 0.539773 0.046036 0.134091
0 274 0.387894 0.550568 0.040921 0.130682
0 275 0.422847 0.478409 0.037511 0.125000
0 276 0.532822 0.559659 0.047741 0.121591
0 278 0.426257 0.570455 0.052856 0.140909
0 279 0.454390 0.585795 0.034101 0.082955
0 283 0.304348 0.519318 0.047741 0.127273
0 284 0.329923 0.533523 0.040921 0.121591
0 288 0.028559 0.327273 0.041773 0.118182
0 289 0.572890 0.529545 0.046036 0.125000
0 290 0.345269 0.464205 0.046036 0.121591
0 291 0.471014 0.402273 0.045183 0.111364
0 294 0.088662 0.294318 0.037511 0.104545
0 295 0.050298 0.301136 0.035806 0.111364
0 296 0.161552 0.215909 0.033248 0.093182
0 297 0.593777 0.260227 0.036658 0.115909
0 298 0.176897 0.353409 0.041773 0.118182
0 299 0.332055 0.285227 0.038363 0.106818
0 300 0.360188 0.281250 0.033248 0.112500
0 301 0.395993 0.281818 0.038363 0.111364
0 302 0.274510 0.408523 0.039216 0.114773
0 303 0.503410 0.402273 0.038363 0.118182
0 305 0.239983 0.161364 0.028133 0.093182
0 306 0.463768 0.304545 0.034101 0.097727
0 307 0.353794 0.897159 0.049446 0.162500
0 314 0.442029 0.227273 0.033248 0.097727
0 315 0.260443 0.164773 0.028133 0.097727
0 316 0.202046 0.366477 0.039216 0.103409
0 317 0.303922 0.400000 0.048593 0.131818
0 318 0.754476 0.370455 0.042626 0.111364
0 319 0.196078 0.207386 0.028986 0.089773
0 320 0.347826 0.219886 0.030691 0.092045
0 328 0.541347 0.804545 0.049446 0.159091
0 336 0.107417 0.985227 0.042626 0.031818
0 337 0.151748 0.982386 0.040921 0.035227
0 409 0.499574 0.805682 0.039216 0.145455
0 410 0.006394 0.659091 0.011083 0.100000
0 414 0.537937 0.748864 0.042626 0.138636
0 415 0.576300 0.750000 0.042626 0.127273
0 417 0.446292 0.293182 0.036658 0.111364
0 452 0.797954 0.657955 0.042626 0.131818
