0 1 0.754476 0.621591 0.046036 0.131818
0 2 0.026002 0.204545 0.033248 0.093182
0 3 0.454390 0.582955 0.037511 0.118182
0 5 0.335038 0.304545 0.039216 0.100000
0 6 0.540921 0.327273 0.034953 0.100000
0 7 0.296249 0.245455 0.033248 0.097727
0 8 0.526854 0.251136 0.032396 0.095455
0 9 0.254902 0.227841 0.027280 0.101136
0 10 0.231032 0.213636 0.034101 0.097727
0 11 0.204604 0.205114 0.032396 0.101136
0 12 0.499574 0.256818 0.037511 0.109091
0 13 0.315857 0.189205 0.033248 0.094318
0 14 0.158568 0.126136 0.035806 0.090909
0 15 0.212276 0.134091 0.023870 0.070455
0 16 0.238278 0.121591 0.028133 0.095455
0 17 0.310742 0.129545 0.033248 0.097727
0 18 0.344842 0.134091 0.033248 0.102273
0 19 0.376385 0.130682 0.033248 0.097727
0 20 0.413896 0.119886 0.028133 0.087500
0 21 0.500000 0.189773 0.033248 0.106818
0 22 0.524723 0.177273 0.028133 0.093182
0 23 0.505541 0.125568 0.025575 0.092045
0 24 0.336743 0.072727 0.028986 0.084091
0 25 0.426257 0.058523 0.028986 0.092045
0 26 0.401961 0.056818 0.028133 0.088636
0 28 0.887894 0.090909 0.028133 0.084091
0 29 0.887042 0.072727 0.033248 0.084091
0 30 0.837170 0.098864 0.028986 0.097727
0 31 0.823956 0.065341 0.028133 0.087500
0 32 0.816283 0.135227 0.033248 0.102273
0 38 0.214834 0.079545 0.028986 0.084091
0 39 0.199488 0.077841 0.023870 0.076136
0 42 0.736573 0.448864 0.047741 0.131818
0 43 0.779199 0.443182 0.037511 0.131818
0 44 0.779199 0.548864 0.039216 0.111364
0 45 0.733163 0.557386 0.037511 0.121591
0 46 0.423274 0.589205 0.031543 0.080682
0 47 0.558397 0.426705 0.042626 0.121591
0 48 0.325661 0.239773 0.032396 0.093182
0 49 0.520460 0.215909 0.033248 0.102273
0 87 0.471441 0.023295 0.023870 0.044318
0 253 0.078005 0.705114 0.048593 0.128409
0 269 0.502558 0.217614 0.031543 0.092045
0 273 0.526002 0.503977 0.046036 0.135227
0 274 0.383632 0.511932 0.040921 0.119318
0 275 0.410060 0.447727 0.037511 0.125000
0 276 0.565217 0.521023 0.047741 0.121591
0 278 0.419864 0.527273 0.052003 0.134091
0 279 0.452685 0.551705 0.035806 0.082955
0 282 0.021739 0.660227 0.041773 0.140909
0 283 0.305200 0.482386 0.042626 0.128409
0 284 0.329923 0.490341 0.040921 0.121591
0 288 0.038363 0.299432 0.035806 0.110227
0 289 0.562660 0.486364 0.046036 0.125000
0 290 0.362319 0.424432 0.046036 0.121591
0 291 0.475703 0.367614 0.042626 0.110227
0 294 0.096760 0.271023 0.038363 0.101136
0 295 0.069054 0.277273 0.035806 0.111364
0 296 0.174339 0.196023 0.029838 0.092045
0 297 0.575448 0.230682 0.023870 0.106818
0 298 0.192668 0.314773 0.039216 0.113636
0 299 0.342285 0.255682 0.033248 0.106818
0 300 0.367860 0.259659 0.033248 0.112500
0 301 0.400682 0.259091 0.037511 0.102273
0 302 0.288150 0.375568 0.039216 0.101136
0 303 0.509378 0.375000 0.038363 0.118182
0 305 0.258312 0.147727 0.028986 0.093182
0 306 0.472293 0.281818 0.034101 0.097727
0 307 0.360614 0.835227 0.047741 0.145455
0 314 0.446292 0.206818 0.033248 0.097727
0 315 0.272379 0.152273 0.028133 0.097727
0 316 0.225916 0.325000 0.039216 0.104545
0 317 0.321824 0.365909 0.048593 0.131818
0 318 0.726343 0.340909 0.042626 0.111364
0 319 0.204604 0.188636 0.028986 0.088636
0 320 0.344416 0.198864 0.028986 0.084091
0 328 0.518329 0.753409 0.042626 0.159091
0 336 0.110827 0.981818 0.040921 0.036364
0 337 0.156863 0.982386 0.037511 0.035227
0 339 0.901961 0.974432 0.047741 0.053409
0 341 0.349105 0.976136 0.040068 0.050000
0 409 0.482950 0.751705 0.038363 0.142045
0 410 0.023018 0.631818 0.039216 0.097727
0 414 0.523444 0.701136 0.042626 0.118182
0 415 0.554135 0.704545 0.035806 0.127273
0 417 0.452259 0.267045 0.036658 0.111364
0 440 0.002984 0.630114 0.004263 0.080682
0 452 0.792839 0.601136 0.039216 0.118182
