0 1 0.832907 0.734659 0.049446 0.142045
0 3 0.366581 0.665909 0.039216 0.131818
0 5 0.501279 0.275000 0.039216 0.100000
0 6 0.614663 0.413068 0.042626 0.105682
0 7 0.260443 0.298295 0.033248 0.105682
0 8 0.544757 0.306818 0.032396 0.097727
0 9 0.223785 0.282955 0.033248 0.102273
0 10 0.192242 0.256818 0.034953 0.109091
0 11 0.163683 0.256250 0.030691 0.101136
0 12 0.519182 0.314773 0.037511 0.111364
0 13 0.318414 0.233523 0.033248 0.094318
0 14 0.092924 0.163068 0.035806 0.096591
0 15 0.170503 0.180682 0.027280 0.084091
0 16 0.206309 0.163636 0.028986 0.097727
0 17 0.287724 0.173864 0.031543 0.097727
0 18 0.329923 0.175000 0.037511 0.102273
0 19 0.370418 0.172727 0.033248 0.097727
0 20 0.409207 0.171591 0.028986 0.097727
0 21 0.493180 0.243182 0.033248 0.106818
0 22 0.517050 0.239773 0.034953 0.102273
0 23 0.501705 0.168182 0.033248 0.093182
0 24 0.319267 0.112500 0.028133 0.084091
0 25 0.433504 0.105114 0.033248 0.101136
0 26 0.400682 0.100000 0.028986 0.084091
0 28 0.847400 0.087500 0.028986 0.084091
0 29 0.864876 0.075000 0.033248 0.084091
0 30 0.825234 0.122727 0.028986 0.097727
0 32 0.832481 0.178409 0.033248 0.102273
0 33 0.808610 0.189773 0.033248 0.088636
0 34 0.536658 0.036932 0.033248 0.071591
0 35 0.830776 0.217614 0.033248 0.096591
0 37 0.696931 0.278409 0.033248 0.106818
0 38 0.140665 0.111932 0.028986 0.089773
0 39 0.126172 0.107955 0.027280 0.079545
0 42 0.770673 0.547727 0.049446 0.138636
0 43 0.808610 0.538068 0.038363 0.137500
0 44 0.797528 0.638068 0.038363 0.123864
0 45 0.751918 0.648864 0.039216 0.131818
0 46 0.333760 0.673295 0.031543 0.089773
0 47 0.524297 0.489205 0.042626 0.121591
0 48 0.289429 0.297727 0.033248 0.106818
0 49 0.468457 0.264773 0.033248 0.115909
0 50 0.721654 0.407955 0.038363 0.122727
0 51 0.569054 0.490909 0.045183 0.131818
0 58 0.686701 0.348864 0.028133 0.093182
0 62 0.808610 0.221591 0.028133 0.097727
0 74 0.342711 0.034091 0.023870 0.065909
0 75 0.331202 0.036364 0.028133 0.070455
0 84 0.427110 0.037500 0.025575 0.072727
0 85 0.456095 0.043182 0.027280 0.084091
0 87 0.482097 0.042614 0.024723 0.073864
0 185 0.476556 0.017045 0.028986 0.031818
0 253 0.020460 0.794886 0.039216 0.142045
0 269 0.442029 0.269318 0.033248 0.111364
0 273 0.527280 0.570455 0.046888 0.134091
0 274 0.394714 0.597159 0.040921 0.130682
0 275 0.432651 0.522727 0.043478 0.134091
0 276 0.500426 0.596023 0.047741 0.121591
0 278 0.431373 0.611364 0.051151 0.140909
0 279 0.463768 0.627841 0.039216 0.082955
0 283 0.299659 0.560795 0.048593 0.137500
0 284 0.327366 0.575568 0.042626 0.132955
0 288 0.020887 0.348864 0.040068 0.118182
0 289 0.571185 0.576136 0.052856 0.145455
0 290 0.333333 0.505114 0.046036 0.121591
0 291 0.463768 0.431818 0.044331 0.118182
0 294 0.080136 0.321023 0.037511 0.114773
0 295 0.038363 0.321591 0.035806 0.111364
0 296 0.150469 0.234091 0.036658 0.093182
0 297 0.602302 0.298864 0.036658 0.115909
0 298 0.163683 0.390909 0.046036 0.125000
0 299 0.321824 0.309091 0.036658 0.106818
0 300 0.356777 0.306818 0.033248 0.113636
0 301 0.393009 0.302273 0.037511 0.111364
0 302 0.263001 0.452841 0.038363 0.114773
0 303 0.501279 0.435227 0.039216 0.118182
0 305 0.229327 0.178977 0.032396 0.101136
0 306 0.452259 0.334659 0.038363 0.096591
0 307 0.356351 0.935227 0.047741 0.131818
0 314 0.436061 0.245455 0.033248 0.097727
0 315 0.251492 0.182955 0.028986 0.097727
0 316 0.190111 0.403977 0.037511 0.110227
0 317 0.289429 0.446591 0.048593 0.131818
0 318 0.777067 0.409659 0.048593 0.121591
0 319 0.183291 0.225568 0.028986 0.089773
0 320 0.350810 0.247727 0.031543 0.097727
0 328 0.553708 0.852841 0.048593 0.157955
0 337 0.150043 0.985227 0.042626 0.031818
0 409 0.522592 0.859659 0.037511 0.155682
0 414 0.551151 0.795455 0.041773 0.138636
0 415 0.591219 0.795455 0.041773 0.134091
0 417 0.430094 0.325568 0.036658 0.121591
0 452 0.809037 0.702273 0.042626 0.131818
