0 1 0.731458 0.575000 0.046036 0.131818
0 2 0.059250 0.183523 0.031543 0.094318
0 3 0.488491 0.548864 0.039216 0.118182
0 5 0.256181 0.310795 0.046888 0.105682
0 6 0.525149 0.291477 0.035806 0.096591
0 7 0.313725 0.218182 0.032396 0.084091
0 8 0.518329 0.228977 0.030691 0.094318
0 9 0.270673 0.205114 0.026428 0.098864
0 10 0.252344 0.192045 0.034101 0.097727
0 11 0.222506 0.182386 0.032396 0.101136
0 12 0.486786 0.228409 0.037511 0.097727
0 13 0.315857 0.171023 0.033248 0.089773
0 14 0.179454 0.105114 0.034953 0.087500
0 15 0.225490 0.110227 0.024723 0.070455
0 16 0.252771 0.103409 0.028133 0.088636
0 17 0.323529 0.113636 0.033248 0.097727
0 18 0.353367 0.110795 0.031543 0.094318
0 19 0.379369 0.112500 0.032396 0.090909
0 20 0.413896 0.098864 0.028133 0.088636
0 21 0.499574 0.159659 0.032396 0.096591
0 22 0.520034 0.150000 0.027280 0.093182
0 23 0.504263 0.103409 0.023018 0.081818
0 24 0.343564 0.055682 0.028986 0.084091
0 25 0.425831 0.039773 0.028133 0.077273
0 26 0.409207 0.042045 0.027280 0.081818
0 28 0.925831 0.077273 0.028986 0.084091
0 29 0.910060 0.060227 0.033248 0.084091
0 30 0.867008 0.084091 0.028986 0.097727
0 31 0.856777 0.048864 0.028986 0.086364
0 32 0.816283 0.125000 0.033248 0.100000
0 38 0.243393 0.061932 0.028133 0.080682
0 39 0.227195 0.064205 0.028133 0.076136
0 42 0.724638 0.410227 0.047741 0.115909
0 43 0.765132 0.403409 0.038363 0.118182
0 44 0.782182 0.513636 0.038363 0.111364
0 45 0.722080 0.514773 0.037511 0.104545
0 46 0.460358 0.559091 0.032396 0.084091
0 47 0.566496 0.397159 0.041773 0.121591
0 48 0.345269 0.219318 0.032396 0.093182
0 49 0.546888 0.198864 0.033248 0.102273
0 253 0.106991 0.658523 0.043478 0.137500
0 269 0.527280 0.196591 0.031543 0.088636
0 273 0.525149 0.472159 0.044331 0.121591
0 274 0.386189 0.477273 0.040921 0.115909
0 275 0.405797 0.420455 0.037511 0.125000
0 276 0.575874 0.479545 0.048593 0.120455
0 278 0.421142 0.488068 0.051151 0.123864
0 279 0.446718 0.514205 0.035806 0.078409
0 282 0.092498 0.581818 0.045183 0.138636
0 283 0.301790 0.453977 0.039216 0.128409
0 284 0.331628 0.459659 0.040921 0.121591
0 288 0.047741 0.281250 0.034101 0.107955
0 289 0.547315 0.451136 0.046036 0.125000
0 290 0.362319 0.392614 0.046036 0.121591
0 291 0.479113 0.344318 0.042626 0.111364
0 294 0.106564 0.251705 0.039216 0.101136
0 295 0.080136 0.256818 0.035806 0.111364
0 296 0.187127 0.178977 0.029838 0.092045
0 297 0.572038 0.210227 0.023870 0.100000
0 298 0.201194 0.285795 0.039216 0.114773
0 299 0.349105 0.245455 0.033248 0.106818
0 300 0.370418 0.239205 0.033248 0.112500
0 301 0.404945 0.235227 0.037511 0.102273
0 302 0.303495 0.335795 0.039216 0.101136
0 303 0.507673 0.345455 0.038363 0.118182
0 305 0.265132 0.130682 0.028986 0.090909
0 306 0.475703 0.255682 0.034101 0.097727
0 307 0.366581 0.789773 0.047741 0.145455
0 314 0.449702 0.187500 0.033248 0.097727
0 315 0.285592 0.135227 0.028986 0.097727
0 316 0.242967 0.294886 0.039216 0.096591
0 317 0.336317 0.319318 0.041773 0.120455
0 318 0.708014 0.306818 0.041773 0.106818
0 319 0.211850 0.172727 0.028133 0.088636
0 320 0.341006 0.171591 0.028986 0.084091
0 328 0.494459 0.711364 0.042626 0.159091
0 336 0.110827 0.982955 0.040921 0.034091
0 337 0.158568 0.982386 0.037511 0.035227
0 339 0.858909 0.947159 0.052003 0.107955
0 341 0.352089 0.945455 0.047741 0.111364
0 408 0.033248 0.971591 0.054561 0.056818
0 409 0.473146 0.709659 0.039216 0.142045
0 410 0.037511 0.592045 0.039216 0.097727
0 414 0.496590 0.665909 0.041773 0.118182
0 415 0.532822 0.664773 0.035806 0.127273
0 417 0.453964 0.245455 0.036658 0.111364
0 439 0.004689 0.567614 0.007673 0.114773
0 440 0.013640 0.590341 0.025575 0.080682
0 452 0.800085 0.563636 0.038363 0.118182
