0 1 0.766411 0.437500 0.042626 0.111364
0 2 0.155584 0.124432 0.033248 0.094318
0 3 0.606138 0.448864 0.042626 0.118182
0 4 0.088235 0.121023 0.031543 0.094318
0 5 0.021739 0.350000 0.041773 0.106818
0 6 0.530264 0.156250 0.025575 0.087500
0 7 0.356351 0.153977 0.032396 0.087500
0 8 0.514066 0.151136 0.032396 0.084091
0 9 0.317988 0.139205 0.028986 0.080682
0 10 0.300938 0.125568 0.028986 0.087500
0 11 0.277067 0.122727 0.028986 0.093182
0 12 0.480392 0.154545 0.031543 0.100000
0 13 0.337170 0.118750 0.031543 0.094318
0 14 0.248508 0.064773 0.031543 0.084091
0 15 0.283887 0.060227 0.028986 0.070455
0 16 0.306905 0.047727 0.030691 0.084091
0 17 0.354646 0.056818 0.028986 0.084091
0 18 0.386189 0.061932 0.032396 0.087500
0 19 0.413470 0.060795 0.032396 0.087500
0 20 0.436488 0.041477 0.028986 0.080682
0 21 0.482523 0.086364 0.032396 0.084091
0 22 0.512361 0.083523 0.032396 0.080682
0 23 0.494032 0.044886 0.031543 0.080682
0 31 0.936914 0.023295 0.032396 0.044318
0 32 0.857204 0.087500 0.034953 0.100000
0 36 0.572038 0.119886 0.034101 0.101136
0 39 0.313299 0.035227 0.028133 0.068182
0 43 0.712276 0.297159 0.036658 0.103409
0 44 0.747229 0.409091 0.036658 0.100000
0 45 0.697783 0.418182 0.034953 0.097727
0 47 0.580563 0.310795 0.037511 0.098864
0 48 0.380222 0.150568 0.032396 0.087500
0 253 0.203325 0.555114 0.045183 0.121591
0 254 0.979540 0.886364 0.032396 0.109091
0 255 0.914749 0.921023 0.044331 0.144318
0 256 0.925831 0.943750 0.044331 0.114773
0 257 0.961211 0.921023 0.041773 0.144318
0 259 0.973572 0.949432 0.040921 0.103409
0 269 0.622762 0.132386 0.028133 0.087500
0 273 0.523444 0.381250 0.040921 0.107955
0 274 0.382353 0.382955 0.038363 0.106818
0 275 0.400256 0.343750 0.036658 0.110227
0 276 0.539642 0.365341 0.035806 0.107955
0 278 0.423274 0.394318 0.046888 0.115909
0 279 0.451407 0.413068 0.024723 0.071591
0 282 0.176471 0.410227 0.042626 0.118182
0 283 0.301790 0.357386 0.034101 0.114773
0 284 0.331202 0.363068 0.033248 0.107955
0 288 0.112106 0.214773 0.028133 0.097727
0 289 0.500000 0.350000 0.033248 0.120455
0 290 0.385337 0.303409 0.037511 0.111364
0 291 0.476130 0.279545 0.033248 0.106818
0 292 0.046888 0.188636 0.032396 0.097727
0 294 0.161552 0.190341 0.033248 0.098864
0 295 0.130861 0.195455 0.028133 0.102273
0 296 0.221228 0.126136 0.031543 0.086364
0 297 0.554987 0.152273 0.032396 0.097727
0 298 0.251918 0.202273 0.036658 0.102273
0 299 0.347826 0.175000 0.034101 0.093182
0 300 0.383632 0.173864 0.032396 0.104545
0 301 0.415175 0.175000 0.035806 0.097727
0 302 0.371270 0.237500 0.036658 0.093182
0 303 0.504689 0.273295 0.028986 0.105682
0 305 0.295396 0.088636 0.028133 0.077273
0 306 0.490622 0.184091 0.031543 0.090909
0 307 0.407076 0.657386 0.043478 0.137500
0 311 0.006394 0.119318 0.011083 0.084091
0 314 0.453964 0.137500 0.034953 0.090909
0 315 0.311594 0.098864 0.028133 0.084091
0 316 0.285592 0.209091 0.028986 0.088636
0 317 0.396846 0.227273 0.033248 0.111364
0 318 0.673487 0.221023 0.039216 0.096591
0 319 0.248508 0.126136 0.031543 0.084091
0 320 0.369991 0.119886 0.032396 0.087500
0 328 0.489344 0.593182 0.044331 0.136364
0 330 0.719096 0.948295 0.045183 0.103409
0 336 0.111679 0.978977 0.035806 0.044318
0 337 0.159847 0.979545 0.041773 0.043182
0 338 0.529412 0.935227 0.037511 0.127273
0 339 0.796249 0.801136 0.049446 0.145455
0 340 0.512361 0.940341 0.037511 0.117045
0 341 0.332481 0.802841 0.051151 0.139773
0 345 0.904518 0.976136 0.054561 0.045455
0 348 0.803069 0.918750 0.054561 0.135227
0 371 0.340153 0.968182 0.049446 0.063636
0 372 0.480818 0.920455 0.046036 0.138636
0 396 0.857204 0.971591 0.046888 0.056818
0 408 0.116368 0.820455 0.057118 0.150000
0 409 0.436914 0.596023 0.034953 0.130682
0 410 0.089088 0.501136 0.026428 0.095455
0 414 0.462489 0.557955 0.045183 0.122727
0 415 0.508525 0.553409 0.036658 0.118182
0 417 0.466326 0.175000 0.035806 0.090909
0 439 0.053282 0.477841 0.036658 0.117045
0 440 0.077579 0.492614 0.025575 0.078409
0 452 0.817562 0.460795 0.035806 0.114773
0 453 0.687980 0.980114 0.037511 0.042045
0 456 0.008525 0.530682 0.015345 0.127273
0 586 0.400682 0.964773 0.044331 0.072727
0 689 0.817988 0.092614 0.031543 0.094318
