0 1 0.742114 0.511364 0.043478 0.115909
0 2 0.105712 0.156250 0.034101 0.094318
0 3 0.551151 0.498864 0.041773 0.118182
0 4 0.034101 0.159091 0.030691 0.100000
0 5 0.141944 0.327273 0.050298 0.106818
0 6 0.523444 0.223295 0.023870 0.087500
0 7 0.327792 0.188068 0.031543 0.087500
0 8 0.517903 0.189205 0.031543 0.082955
0 9 0.304774 0.175568 0.028133 0.080682
0 10 0.278772 0.158523 0.028986 0.087500
0 11 0.251492 0.156250 0.032396 0.094318
0 12 0.480392 0.194318 0.031543 0.100000
0 13 0.318841 0.144886 0.032396 0.094318
0 14 0.213981 0.084091 0.032396 0.084091
0 15 0.260017 0.088636 0.028986 0.070455
0 16 0.281756 0.074432 0.034953 0.089773
0 17 0.336743 0.082955 0.028986 0.084091
0 18 0.371270 0.086932 0.031543 0.087500
0 19 0.398977 0.089205 0.032396 0.087500
0 20 0.427110 0.068750 0.032396 0.087500
0 21 0.490622 0.127273 0.031543 0.084091
0 22 0.515772 0.116477 0.032396 0.080682
0 23 0.493606 0.075000 0.028986 0.084091
0 24 0.360614 0.038636 0.028986 0.075000
0 28 0.969736 0.061364 0.031543 0.072727
0 29 0.963342 0.053409 0.027280 0.077273
0 30 0.930094 0.071023 0.034101 0.087500
0 31 0.895993 0.036364 0.035806 0.070455
0 32 0.827366 0.108523 0.034953 0.101136
0 38 0.289003 0.041477 0.028986 0.069318
0 39 0.274084 0.047727 0.028133 0.072727
0 42 0.699062 0.359659 0.034101 0.107955
0 43 0.738704 0.357955 0.045183 0.109091
0 44 0.772805 0.465341 0.038363 0.105682
0 45 0.703325 0.472727 0.044331 0.104545
0 46 0.520460 0.511364 0.028133 0.079545
0 47 0.578005 0.353977 0.037511 0.098864
0 48 0.370844 0.184659 0.034101 0.092045
0 49 0.579284 0.167614 0.033248 0.098864
0 253 0.156863 0.609091 0.044331 0.131818
0 269 0.568627 0.163068 0.028986 0.087500
0 273 0.526002 0.422159 0.040921 0.112500
0 274 0.381074 0.432955 0.037511 0.111364
0 275 0.404518 0.382955 0.038363 0.111364
0 276 0.560955 0.426136 0.035806 0.106818
0 278 0.421569 0.443750 0.046888 0.117045
0 279 0.451407 0.465341 0.024723 0.071591
0 282 0.153026 0.481250 0.041773 0.121591
0 283 0.298380 0.406818 0.034101 0.115909
0 284 0.336317 0.414205 0.033248 0.107955
0 288 0.073316 0.247727 0.028986 0.100000
0 289 0.526428 0.405682 0.033248 0.125000
0 290 0.374254 0.352273 0.037511 0.111364
0 291 0.476982 0.314773 0.033248 0.106818
0 294 0.131714 0.222159 0.031543 0.098864
0 295 0.102302 0.229545 0.028986 0.102273
0 296 0.205456 0.151136 0.032396 0.086364
0 297 0.570332 0.186364 0.032396 0.097727
0 298 0.224638 0.248295 0.036658 0.110227
0 299 0.350384 0.206250 0.035806 0.105682
0 300 0.374254 0.205682 0.032396 0.104545
0 301 0.413043 0.206250 0.034953 0.096591
0 302 0.336317 0.289773 0.036658 0.093182
0 303 0.507246 0.315341 0.028986 0.110227
0 305 0.283461 0.105682 0.028133 0.077273
0 306 0.486360 0.222727 0.031543 0.090909
0 307 0.374680 0.722159 0.046888 0.137500
0 314 0.451407 0.162500 0.034953 0.090909
0 315 0.299233 0.117045 0.028986 0.086364
0 316 0.260870 0.257955 0.028986 0.088636
0 317 0.367008 0.280682 0.034953 0.113636
0 318 0.698210 0.262500 0.042626 0.097727
0 319 0.233163 0.150000 0.031543 0.084091
0 320 0.345269 0.155114 0.032396 0.087500
0 328 0.484655 0.650000 0.045183 0.138636
0 336 0.111253 0.984659 0.034953 0.032955
0 337 0.161552 0.981818 0.041773 0.038636
0 338 0.568201 0.978977 0.048593 0.044318
0 339 0.828218 0.886364 0.048593 0.145455
0 341 0.346121 0.889205 0.047741 0.148864
0 348 0.834612 0.964205 0.056266 0.073864
0 372 0.514066 0.972727 0.046036 0.056818
0 408 0.082268 0.920455 0.057118 0.150000
0 409 0.450980 0.659091 0.034101 0.134091
0 410 0.059676 0.550000 0.027280 0.095455
0 414 0.474851 0.614205 0.039216 0.123864
0 415 0.517050 0.609659 0.036658 0.119318
0 417 0.461637 0.212500 0.034953 0.090909
0 439 0.018329 0.523295 0.034953 0.119318
0 440 0.038789 0.551705 0.024723 0.078409
0 452 0.811168 0.514205 0.034953 0.114773
