0 1 0.746377 0.498864 0.043478 0.115909
0 2 0.114663 0.150568 0.034953 0.094318
0 3 0.560529 0.492045 0.041773 0.118182
0 4 0.042626 0.152273 0.030691 0.100000
0 5 0.118926 0.331818 0.050298 0.106818
0 6 0.526002 0.210795 0.023870 0.087500
0 7 0.331628 0.181250 0.032396 0.087500
0 8 0.517903 0.185227 0.031543 0.084091
0 9 0.306905 0.169886 0.028986 0.080682
0 10 0.283035 0.151705 0.028986 0.087500
0 11 0.257460 0.150568 0.032396 0.094318
0 12 0.480392 0.189773 0.031543 0.100000
0 13 0.320546 0.139205 0.032396 0.094318
0 14 0.219096 0.080682 0.032396 0.084091
0 15 0.265132 0.085227 0.028986 0.070455
0 16 0.286019 0.070455 0.034953 0.090909
0 17 0.338875 0.077273 0.028133 0.084091
0 18 0.373828 0.081250 0.031543 0.087500
0 19 0.402387 0.084659 0.032396 0.087500
0 20 0.430520 0.063068 0.032396 0.087500
0 21 0.489770 0.120455 0.031543 0.084091
0 22 0.514493 0.110227 0.031543 0.081818
0 23 0.491049 0.070455 0.028986 0.084091
0 24 0.360614 0.034659 0.028986 0.067045
0 28 0.976982 0.060227 0.032396 0.072727
0 29 0.969309 0.051136 0.027280 0.077273
0 30 0.942029 0.066477 0.034101 0.087500
0 31 0.903666 0.033523 0.035806 0.064773
0 32 0.829923 0.102841 0.034953 0.101136
0 38 0.295823 0.038636 0.028986 0.068182
0 39 0.280904 0.045455 0.028133 0.072727
0 42 0.693095 0.351705 0.034101 0.107955
0 43 0.736147 0.346591 0.045183 0.106818
0 44 0.769821 0.453977 0.037511 0.105682
0 45 0.697357 0.463636 0.040921 0.106818
0 46 0.530264 0.503409 0.028986 0.079545
0 47 0.579710 0.347159 0.037511 0.098864
0 48 0.374254 0.181250 0.034101 0.092045
0 49 0.584399 0.160795 0.033248 0.098864
0 253 0.166240 0.598864 0.046036 0.131818
0 255 0.963768 0.965909 0.041773 0.065909
0 269 0.575448 0.159659 0.028986 0.087500
0 273 0.526002 0.415909 0.040921 0.109091
0 274 0.380648 0.423864 0.038363 0.111364
0 275 0.403240 0.376136 0.039216 0.111364
0 276 0.558824 0.414773 0.034953 0.106818
0 278 0.421569 0.435795 0.046888 0.117045
0 279 0.451407 0.456250 0.024723 0.071591
0 282 0.158142 0.467045 0.041773 0.120455
0 283 0.299233 0.398864 0.034101 0.115909
0 284 0.336317 0.405114 0.033248 0.107955
0 288 0.078858 0.242045 0.028133 0.097727
0 289 0.521313 0.397727 0.033248 0.125000
0 290 0.375959 0.343182 0.037511 0.111364
0 291 0.476130 0.309091 0.033248 0.106818
0 292 0.006394 0.217614 0.011083 0.101136
0 294 0.137255 0.216477 0.032396 0.098864
0 295 0.108269 0.222727 0.028986 0.102273
0 296 0.206735 0.147727 0.031543 0.086364
0 297 0.568201 0.181818 0.031543 0.097727
0 298 0.230605 0.239205 0.036658 0.110227
0 299 0.352941 0.196023 0.035806 0.101136
0 300 0.375107 0.198295 0.032396 0.103409
0 301 0.413896 0.200568 0.034953 0.096591
0 302 0.343137 0.280682 0.036658 0.093182
0 303 0.507246 0.307386 0.028986 0.110227
0 305 0.286871 0.102273 0.028133 0.077273
0 306 0.485507 0.214773 0.031543 0.090909
0 307 0.377238 0.711932 0.046888 0.137500
0 314 0.451833 0.156818 0.035806 0.090909
0 315 0.302643 0.114773 0.028986 0.084091
0 316 0.265132 0.248864 0.028986 0.088636
0 317 0.371697 0.269886 0.034101 0.112500
0 318 0.695652 0.255682 0.042626 0.097727
0 319 0.237852 0.146591 0.030691 0.084091
0 320 0.349531 0.150568 0.032396 0.087500
0 328 0.485081 0.640909 0.044331 0.138636
0 336 0.111679 0.984091 0.035806 0.034091
0 337 0.161552 0.981818 0.041773 0.038636
0 338 0.560102 0.972727 0.042626 0.056818
0 339 0.823956 0.870455 0.048593 0.145455
0 340 0.546888 0.985227 0.038363 0.031818
0 341 0.343990 0.876705 0.048593 0.151136
0 348 0.831202 0.957955 0.056266 0.086364
0 372 0.508951 0.964205 0.046036 0.073864
0 408 0.088235 0.907386 0.057118 0.157955
0 409 0.447570 0.647159 0.034101 0.132955
0 410 0.065217 0.542045 0.026428 0.095455
0 414 0.472293 0.603977 0.039216 0.123864
0 415 0.515345 0.600568 0.036658 0.119318
0 417 0.462916 0.204545 0.035806 0.090909
0 439 0.024297 0.514205 0.036658 0.119318
0 440 0.044331 0.543750 0.025575 0.078409
0 452 0.812873 0.505114 0.034953 0.114773
