0 1 0.773657 0.422727 0.041773 0.111364
0 2 0.166667 0.114205 0.033248 0.094318
0 3 0.614663 0.432955 0.042626 0.118182
0 4 0.100597 0.111364 0.032396 0.090909
0 5 0.008951 0.357955 0.016198 0.106818
0 6 0.529412 0.141477 0.025575 0.087500
0 7 0.364876 0.143182 0.032396 0.086364
0 8 0.512788 0.140909 0.031543 0.084091
0 9 0.323103 0.128977 0.028986 0.080682
0 10 0.304348 0.117614 0.028986 0.087500
0 11 0.281330 0.115909 0.028986 0.093182
0 12 0.481245 0.145455 0.031543 0.097727
0 13 0.346547 0.109659 0.031543 0.094318
0 14 0.255754 0.056818 0.032396 0.084091
0 15 0.288150 0.053409 0.028986 0.070455
0 16 0.310742 0.044318 0.031543 0.084091
0 17 0.360614 0.048864 0.028986 0.084091
0 18 0.389599 0.053977 0.032396 0.087500
0 19 0.414322 0.053977 0.032396 0.087500
0 20 0.439045 0.036932 0.028986 0.071591
0 21 0.482523 0.077273 0.032396 0.084091
0 22 0.512361 0.076705 0.032396 0.080682
0 23 0.495311 0.039205 0.032396 0.076136
0 31 0.947997 0.022727 0.032396 0.043182
0 32 0.865303 0.080682 0.035806 0.100000
0 36 0.558397 0.107955 0.034101 0.097727
0 43 0.701194 0.286932 0.036658 0.110227
0 44 0.738704 0.397727 0.036658 0.097727
0 45 0.696078 0.407955 0.033248 0.097727
0 47 0.578858 0.301705 0.037511 0.098864
0 48 0.381074 0.141477 0.032396 0.087500
0 253 0.213555 0.542614 0.045183 0.121591
0 254 0.965473 0.871591 0.031543 0.125000
0 255 0.902813 0.903409 0.044331 0.145455
0 256 0.906223 0.934091 0.044331 0.134091
0 257 0.950554 0.901705 0.042626 0.144318
0 259 0.961211 0.938068 0.052003 0.126136
0 269 0.630009 0.131250 0.028986 0.087500
0 273 0.522592 0.369886 0.040921 0.107955
0 274 0.384058 0.371591 0.038363 0.104545
0 275 0.400256 0.335795 0.034953 0.110227
0 276 0.532822 0.351705 0.035806 0.107955
0 278 0.423274 0.382955 0.046888 0.115909
0 279 0.451407 0.401705 0.024723 0.071591
0 282 0.182864 0.392045 0.041773 0.118182
0 283 0.301790 0.344886 0.034101 0.114773
0 284 0.329497 0.351705 0.033248 0.107955
0 288 0.122762 0.205682 0.028986 0.097727
0 289 0.496590 0.337500 0.033248 0.120455
0 290 0.387894 0.293182 0.037511 0.111364
0 291 0.476130 0.268182 0.033248 0.106818
0 292 0.060529 0.178409 0.032396 0.097727
0 294 0.169224 0.181818 0.033248 0.097727
0 295 0.138534 0.185227 0.028133 0.102273
0 296 0.227195 0.119318 0.031543 0.086364
0 297 0.553282 0.144318 0.032396 0.097727
0 298 0.254902 0.190909 0.037511 0.102273
0 299 0.343564 0.168182 0.034101 0.093182
0 300 0.387468 0.168182 0.031543 0.104545
0 301 0.416027 0.167045 0.035806 0.097727
0 302 0.379369 0.226136 0.035806 0.093182
0 303 0.504689 0.263068 0.028986 0.105682
0 305 0.298806 0.085227 0.028133 0.077273
0 306 0.491901 0.170455 0.032396 0.090909
0 307 0.418585 0.641477 0.042626 0.132955
0 311 0.009804 0.111364 0.017903 0.084091
0 314 0.454817 0.128409 0.034953 0.090909
0 315 0.314152 0.094318 0.028133 0.084091
0 316 0.290281 0.198864 0.028133 0.088636
0 317 0.403666 0.215909 0.033248 0.111364
0 318 0.668372 0.213636 0.039216 0.097727
0 319 0.251918 0.117045 0.031543 0.081818
0 320 0.375959 0.113068 0.032396 0.087500
0 328 0.490196 0.579545 0.044331 0.136364
0 330 0.712276 0.938636 0.045183 0.122727
0 336 0.111253 0.977273 0.034953 0.047727
0 337 0.158142 0.978977 0.041773 0.044318
0 338 0.520887 0.913636 0.037511 0.127273
0 339 0.787724 0.780682 0.049446 0.145455
0 340 0.501279 0.921591 0.037511 0.120455
0 341 0.329923 0.787500 0.051151 0.143182
0 345 0.894714 0.964773 0.055413 0.070455
0 348 0.794544 0.904545 0.054561 0.140909
0 371 0.340153 0.956250 0.049446 0.085227
0 372 0.468031 0.896591 0.044331 0.131818
0 396 0.844416 0.960795 0.052003 0.076136
0 408 0.118926 0.798864 0.057118 0.150000
0 409 0.436914 0.581250 0.034953 0.130682
0 410 0.098465 0.490909 0.026428 0.095455
0 414 0.459932 0.544886 0.046888 0.121591
0 415 0.506820 0.539773 0.036658 0.118182
0 417 0.466326 0.165909 0.035806 0.090909
0 439 0.060955 0.468750 0.036658 0.117045
0 440 0.083546 0.483523 0.025575 0.078409
0 449 0.006394 0.899432 0.011083 0.103409
0 452 0.817562 0.445455 0.035806 0.113636
0 453 0.687127 0.971023 0.037511 0.060227
0 456 0.011935 0.515909 0.022165 0.127273
0 586 0.398124 0.954545 0.056266 0.093182
0 587 0.506394 0.972727 0.056266 0.056818
0 689 0.826513 0.086932 0.031543 0.094318
0 690 0.589940 0.119886 0.035806 0.094318
