0 1 0.730179 0.550568 0.043478 0.119318
0 2 0.075021 0.176705 0.034101 0.094318
0 3 0.509378 0.523864 0.041773 0.118182
0 4 0.008099 0.179545 0.014493 0.104545
0 5 0.208440 0.318750 0.050298 0.101136
0 6 0.522592 0.261932 0.023870 0.087500
0 7 0.316283 0.206250 0.030691 0.087500
0 8 0.518329 0.210795 0.032396 0.082955
0 9 0.281756 0.188068 0.028133 0.080682
0 10 0.263853 0.182386 0.028133 0.087500
0 11 0.233163 0.175000 0.031543 0.093182
0 12 0.479966 0.212500 0.032396 0.100000
0 13 0.314578 0.159091 0.032396 0.093182
0 14 0.193521 0.097727 0.032396 0.084091
0 15 0.237852 0.099432 0.028986 0.069318
0 16 0.261722 0.092614 0.035806 0.089773
0 17 0.326939 0.095455 0.028133 0.084091
0 18 0.360614 0.100568 0.030691 0.087500
0 19 0.388747 0.105114 0.032396 0.087500
0 20 0.416880 0.083523 0.032396 0.087500
0 21 0.496590 0.140341 0.031543 0.082955
0 22 0.518329 0.139205 0.032396 0.080682
0 23 0.501705 0.089773 0.029838 0.084091
0 24 0.352941 0.045455 0.027280 0.077273
0 25 0.424979 0.031250 0.024723 0.060227
0 26 0.410060 0.031818 0.025575 0.061364
0 28 0.942882 0.070455 0.032396 0.072727
0 29 0.925831 0.059659 0.027280 0.076136
0 30 0.894714 0.082386 0.038363 0.092045
0 31 0.869565 0.044318 0.035806 0.084091
0 32 0.817562 0.121023 0.034101 0.101136
0 38 0.263001 0.055682 0.029838 0.072727
0 39 0.246377 0.057386 0.028986 0.076136
0 42 0.715260 0.388068 0.034101 0.107955
0 43 0.754476 0.382386 0.046036 0.121591
0 44 0.777494 0.493182 0.042626 0.106818
0 45 0.714408 0.498295 0.044331 0.098864
0 46 0.482523 0.538636 0.028986 0.079545
0 47 0.569906 0.376705 0.038363 0.101136
0 48 0.356351 0.207386 0.034101 0.092045
0 49 0.552856 0.180682 0.033248 0.100000
0 253 0.126172 0.642045 0.044331 0.131818
0 269 0.544757 0.183523 0.028986 0.087500
0 273 0.531117 0.451705 0.046036 0.114773
0 274 0.384484 0.459659 0.039216 0.114773
0 275 0.405371 0.406250 0.038363 0.119318
0 276 0.570759 0.456250 0.036658 0.110227
0 278 0.421569 0.469886 0.048593 0.119318
0 279 0.449275 0.494886 0.028986 0.073864
0 282 0.120631 0.531250 0.041773 0.121591
0 283 0.298806 0.434659 0.034953 0.117045
0 284 0.333333 0.442045 0.037511 0.115909
0 288 0.055840 0.268182 0.033248 0.106818
0 289 0.541347 0.434091 0.035806 0.125000
0 290 0.367008 0.378409 0.041773 0.115909
0 291 0.478687 0.332955 0.036658 0.109091
0 294 0.118500 0.236932 0.032396 0.098864
0 295 0.089940 0.244886 0.031543 0.105682
0 296 0.194800 0.167614 0.031543 0.089773
0 297 0.569480 0.197159 0.032396 0.096591
0 298 0.210997 0.273295 0.036658 0.110227
0 299 0.349105 0.228977 0.034953 0.107955
0 300 0.372549 0.222727 0.032396 0.106818
0 301 0.407502 0.217045 0.035806 0.097727
0 302 0.314152 0.318750 0.036658 0.094318
0 303 0.507246 0.335795 0.032396 0.112500
0 305 0.272379 0.121591 0.028133 0.077273
0 306 0.478261 0.243182 0.032396 0.090909
0 307 0.364450 0.762500 0.046888 0.147727
0 314 0.449275 0.176705 0.040921 0.092045
0 315 0.290708 0.128977 0.028986 0.087500
0 316 0.250639 0.281818 0.028986 0.088636
0 317 0.349531 0.309091 0.039216 0.118182
0 318 0.705456 0.288068 0.041773 0.098864
0 319 0.220375 0.162500 0.031543 0.084091
0 320 0.337170 0.169886 0.031543 0.087500
0 328 0.487639 0.685795 0.044331 0.148864
0 336 0.110401 0.983523 0.036658 0.032955
0 337 0.161552 0.982386 0.041773 0.035227
0 339 0.838875 0.924432 0.049446 0.139773
0 341 0.352089 0.928409 0.047741 0.138636
0 408 0.051151 0.947159 0.066496 0.094318
0 409 0.463342 0.693750 0.036658 0.139773
0 410 0.043052 0.578409 0.029838 0.095455
0 414 0.486360 0.646023 0.040068 0.121591
0 415 0.525575 0.642045 0.036658 0.122727
0 417 0.454817 0.232955 0.034953 0.090909
0 439 0.007246 0.551136 0.012788 0.118182
0 440 0.021313 0.576705 0.027280 0.078409
0 452 0.804774 0.543750 0.035806 0.117045
