0 1 0.747229 0.495455 0.043478 0.115909
0 2 0.117221 0.149432 0.034953 0.094318
0 3 0.562660 0.488636 0.042626 0.118182
0 4 0.045183 0.150000 0.030691 0.100000
0 5 0.112106 0.332955 0.050298 0.106818
0 6 0.526002 0.206250 0.023870 0.087500
0 7 0.332481 0.178977 0.032396 0.087500
0 8 0.517903 0.184091 0.031543 0.084091
0 9 0.307332 0.167614 0.028133 0.080682
0 10 0.284740 0.150568 0.028986 0.087500
0 11 0.259165 0.148295 0.032396 0.094318
0 12 0.480392 0.188636 0.031543 0.100000
0 13 0.321398 0.138068 0.032396 0.094318
0 14 0.220801 0.079545 0.032396 0.084091
0 15 0.265985 0.082955 0.028986 0.070455
0 16 0.287298 0.069318 0.035806 0.090909
0 17 0.339301 0.075000 0.028986 0.084091
0 18 0.374680 0.080114 0.031543 0.087500
0 19 0.403240 0.083523 0.032396 0.087500
0 20 0.430520 0.061932 0.032396 0.087500
0 21 0.489770 0.118182 0.031543 0.084091
0 22 0.514493 0.109091 0.031543 0.081818
0 23 0.491049 0.069318 0.028986 0.084091
0 24 0.360614 0.033523 0.028986 0.064773
0 28 0.978687 0.060227 0.032396 0.072727
0 29 0.971014 0.051136 0.027280 0.077273
0 30 0.944587 0.066477 0.034101 0.087500
0 31 0.904945 0.032386 0.034953 0.062500
0 32 0.831628 0.101705 0.034953 0.101136
0 38 0.298380 0.038636 0.028986 0.068182
0 39 0.282609 0.044886 0.028133 0.071591
0 42 0.691390 0.349432 0.034101 0.107955
0 43 0.736147 0.343182 0.045183 0.106818
0 44 0.768968 0.450568 0.037511 0.105682
0 45 0.696931 0.460795 0.040068 0.105682
0 46 0.532822 0.500000 0.028986 0.079545
0 47 0.580563 0.344886 0.037511 0.098864
0 48 0.375107 0.180114 0.034101 0.092045
0 49 0.585251 0.158523 0.033248 0.098864
0 253 0.168798 0.595455 0.046036 0.131818
0 255 0.960358 0.963636 0.043478 0.072727
0 269 0.577153 0.159659 0.028986 0.087500
0 273 0.526002 0.413636 0.040921 0.109091
0 274 0.380648 0.421591 0.038363 0.111364
0 275 0.402813 0.373864 0.038363 0.111364
0 276 0.558397 0.411932 0.035806 0.107955
0 278 0.421569 0.433523 0.046888 0.117045
0 279 0.451407 0.453977 0.024723 0.071591
0 282 0.159420 0.463636 0.042626 0.120455
0 283 0.299233 0.396591 0.034101 0.115909
0 284 0.336317 0.402841 0.033248 0.107955
0 288 0.080563 0.240909 0.028133 0.097727
0 289 0.519608 0.395455 0.033248 0.125000
0 290 0.376385 0.340909 0.038363 0.111364
0 291 0.476130 0.307955 0.033248 0.106818
0 292 0.008099 0.216477 0.014493 0.101136
0 294 0.138960 0.215341 0.032396 0.098864
0 295 0.109974 0.220455 0.028986 0.102273
0 296 0.207587 0.146591 0.031543 0.086364
0 297 0.566922 0.179545 0.032396 0.097727
0 298 0.232310 0.236932 0.036658 0.110227
0 299 0.352941 0.193750 0.035806 0.101136
0 300 0.375107 0.197159 0.032396 0.103409
0 301 0.413896 0.199432 0.034953 0.096591
0 302 0.345695 0.277273 0.036658 0.093182
0 303 0.507246 0.305114 0.028986 0.110227
0 305 0.287298 0.102273 0.027280 0.077273
0 306 0.485081 0.212500 0.032396 0.090909
0 307 0.378090 0.708523 0.046888 0.137500
0 314 0.451833 0.155682 0.035806 0.090909
0 315 0.303495 0.113636 0.028986 0.084091
0 316 0.265985 0.245455 0.028986 0.088636
0 317 0.372549 0.266477 0.034101 0.112500
0 318 0.694800 0.253409 0.042626 0.097727
0 319 0.238704 0.145455 0.030691 0.084091
0 320 0.350384 0.148295 0.032396 0.087500
0 328 0.485081 0.638068 0.044331 0.137500
0 336 0.111679 0.984091 0.035806 0.034091
0 337 0.161552 0.981250 0.041773 0.039773
0 338 0.558397 0.970455 0.040921 0.061364
0 339 0.822677 0.865909 0.049446 0.145455
0 340 0.544331 0.982386 0.038363 0.037500
0 341 0.342711 0.872159 0.049446 0.151136
0 348 0.829497 0.955682 0.056266 0.090909
0 372 0.508099 0.961364 0.046036 0.079545
0 408 0.089514 0.902841 0.056266 0.157955
0 409 0.446718 0.643750 0.034101 0.132955
0 410 0.066070 0.538636 0.026428 0.095455
0 414 0.471441 0.601705 0.039216 0.123864
0 415 0.515345 0.597727 0.036658 0.118182
0 417 0.462916 0.202273 0.035806 0.090909
0 439 0.026002 0.511932 0.036658 0.119318
0 440 0.046036 0.541477 0.025575 0.078409
0 452 0.813725 0.502841 0.034953 0.114773
