0 1 0.755754 0.468750 0.043478 0.112500
0 2 0.136829 0.139205 0.034953 0.094318
0 3 0.582268 0.469318 0.042626 0.118182
0 4 0.062660 0.136364 0.031543 0.100000
0 5 0.072038 0.340909 0.050298 0.106818
0 6 0.528559 0.180114 0.023870 0.087500
0 7 0.339301 0.161932 0.032396 0.087500
0 8 0.516624 0.170455 0.032396 0.084091
0 9 0.310315 0.155114 0.028986 0.080682
0 10 0.293265 0.139205 0.028986 0.087500
0 11 0.268116 0.136932 0.031543 0.094318
0 12 0.480392 0.171591 0.031543 0.100000
0 13 0.325661 0.130114 0.032396 0.094318
0 14 0.233163 0.070455 0.031543 0.084091
0 15 0.276215 0.070455 0.028986 0.070455
0 16 0.294118 0.055682 0.032396 0.086364
0 17 0.344416 0.065909 0.028986 0.084091
0 18 0.381074 0.069886 0.030691 0.087500
0 19 0.410060 0.071023 0.032396 0.087500
0 20 0.432225 0.051136 0.028986 0.086364
0 21 0.486786 0.102273 0.032396 0.084091
0 22 0.512361 0.097159 0.032396 0.080682
0 23 0.490622 0.056250 0.031543 0.082955
0 24 0.365303 0.028409 0.028133 0.054545
0 29 0.985081 0.046591 0.024723 0.077273
0 30 0.967604 0.059659 0.035806 0.087500
0 31 0.919864 0.028977 0.032396 0.055682
0 32 0.838875 0.094318 0.034101 0.100000
0 36 0.581841 0.133523 0.034953 0.101136
0 38 0.313725 0.034091 0.028986 0.065909
0 39 0.296249 0.040909 0.028133 0.070455
0 42 0.679028 0.327841 0.033248 0.107955
0 43 0.728900 0.319318 0.042626 0.106818
0 44 0.761296 0.430114 0.037511 0.105682
0 45 0.696931 0.440341 0.034953 0.098864
0 46 0.552430 0.482955 0.028986 0.079545
0 47 0.583120 0.328977 0.037511 0.098864
0 48 0.379369 0.165909 0.032396 0.088636
0 49 0.592072 0.139205 0.033248 0.098864
0 253 0.181586 0.573864 0.046036 0.131818
0 255 0.940750 0.943182 0.045183 0.113636
0 256 0.952685 0.963636 0.043478 0.075000
0 257 0.982950 0.946023 0.030691 0.110227
0 269 0.589088 0.155114 0.028986 0.087500
0 273 0.526002 0.399432 0.040921 0.107955
0 274 0.379795 0.403409 0.038363 0.111364
0 275 0.400682 0.359091 0.039216 0.111364
0 276 0.551151 0.389205 0.034953 0.107955
0 278 0.421569 0.415341 0.046888 0.117045
0 279 0.451407 0.434659 0.024723 0.071591
0 282 0.167093 0.442045 0.042626 0.118182
0 283 0.300085 0.379545 0.034101 0.115909
0 284 0.335465 0.383523 0.033248 0.107955
0 288 0.093350 0.230682 0.028133 0.097727
0 289 0.510230 0.375568 0.033248 0.123864
0 290 0.380222 0.322727 0.037511 0.111364
0 291 0.476130 0.295455 0.033248 0.106818
0 292 0.020460 0.203409 0.037511 0.100000
0 294 0.151321 0.203977 0.033248 0.098864
0 295 0.120205 0.207955 0.028986 0.102273
0 296 0.214408 0.136364 0.031543 0.086364
0 297 0.560529 0.167045 0.031543 0.097727
0 298 0.242540 0.219886 0.036658 0.107955
0 299 0.350384 0.188636 0.035806 0.100000
0 300 0.378943 0.186932 0.031543 0.103409
0 301 0.415175 0.188068 0.035806 0.096591
0 302 0.356777 0.257955 0.036658 0.093182
0 303 0.506394 0.290341 0.028986 0.107955
0 305 0.290708 0.097727 0.027280 0.077273
0 306 0.489770 0.195455 0.031543 0.090909
0 307 0.390026 0.684659 0.046888 0.137500
0 314 0.451407 0.148864 0.034953 0.090909
0 315 0.307758 0.106818 0.028986 0.084091
0 316 0.275362 0.227273 0.028986 0.088636
0 317 0.383205 0.247727 0.033248 0.111364
0 318 0.688406 0.237500 0.041773 0.097727
0 319 0.243819 0.136364 0.030691 0.084091
0 320 0.357204 0.135795 0.032396 0.087500
0 328 0.486786 0.617045 0.044331 0.136364
0 330 0.737425 0.964773 0.046036 0.072727
0 336 0.112532 0.981818 0.035806 0.038636
0 337 0.161125 0.980682 0.040921 0.040909
0 338 0.545183 0.953977 0.038363 0.094318
0 339 0.809889 0.836364 0.049446 0.145455
0 340 0.531969 0.964205 0.039216 0.073864
0 341 0.335891 0.838636 0.051151 0.147727
0 348 0.817988 0.942045 0.055413 0.118182
0 372 0.498721 0.943750 0.046036 0.114773
0 408 0.103154 0.865909 0.056266 0.156818
0 409 0.441603 0.621023 0.034101 0.130682
0 410 0.077153 0.521591 0.026428 0.095455
0 414 0.466752 0.581250 0.040068 0.123864
0 415 0.511083 0.577273 0.036658 0.118182
0 417 0.465473 0.192045 0.035806 0.090909
0 439 0.038789 0.493750 0.036658 0.117045
0 440 0.060529 0.518750 0.025575 0.078409
0 452 0.817562 0.484659 0.035806 0.114773
0 456 0.003836 0.555114 0.005968 0.128409
