0 1 0.802643 0.360227 0.041773 0.111364
0 2 0.206735 0.077841 0.033248 0.094318
0 3 0.641944 0.390909 0.042626 0.118182
0 4 0.151321 0.072727 0.031543 0.090909
0 6 0.507673 0.071023 0.024723 0.087500
0 7 0.381074 0.094886 0.025575 0.087500
0 8 0.514066 0.100000 0.030691 0.084091
0 9 0.342711 0.091477 0.028986 0.080682
0 10 0.315004 0.074432 0.028133 0.087500
0 11 0.298380 0.073295 0.028986 0.094318
0 12 0.491901 0.096023 0.032396 0.094318
0 13 0.369139 0.072159 0.032396 0.094318
0 14 0.289429 0.033523 0.031543 0.064773
0 15 0.312020 0.026705 0.028986 0.051136
0 16 0.336743 0.025000 0.028986 0.047727
0 17 0.378517 0.025000 0.028986 0.047727
0 18 0.399829 0.028977 0.032396 0.055682
0 19 0.428815 0.034091 0.032396 0.065909
0 21 0.489770 0.036932 0.031543 0.071591
0 22 0.511083 0.034091 0.031543 0.065909
0 32 0.910060 0.057386 0.034953 0.101136
0 36 0.533674 0.067614 0.032396 0.094318
0 40 0.839727 0.047727 0.030691 0.088636
0 41 0.813725 0.048864 0.031543 0.090909
0 44 0.721654 0.335227 0.036658 0.097727
0 45 0.687553 0.352273 0.033248 0.097727
0 47 0.590367 0.256250 0.038363 0.098864
0 48 0.401961 0.102841 0.031543 0.087500
0 207 0.046888 0.922159 0.051151 0.148864
0 235 0.060529 0.907386 0.044331 0.153409
0 252 0.864450 0.961932 0.057971 0.076136
0 253 0.244672 0.481250 0.046036 0.121591
0 254 0.922421 0.790909 0.042626 0.140909
0 255 0.854220 0.811364 0.046036 0.145455
0 256 0.852515 0.836364 0.046036 0.145455
0 257 0.895567 0.806818 0.041773 0.145455
0 258 0.947144 0.823864 0.049446 0.163636
0 259 0.911765 0.860795 0.048593 0.157955
0 269 0.661552 0.093750 0.028986 0.087500
0 273 0.519608 0.321023 0.041773 0.107955
0 274 0.390878 0.319886 0.036658 0.096591
0 275 0.396846 0.301705 0.033248 0.110227
0 276 0.517477 0.292614 0.035806 0.101136
0 278 0.430094 0.325000 0.046888 0.115909
0 279 0.449275 0.348295 0.023870 0.071591
0 282 0.203325 0.322159 0.038363 0.112500
0 283 0.304774 0.292614 0.033248 0.114773
0 284 0.332907 0.296023 0.033248 0.107955
0 285 0.017903 0.191477 0.034101 0.101136
0 288 0.149616 0.165909 0.028133 0.097727
0 289 0.488491 0.285227 0.034101 0.111364
0 290 0.402387 0.239205 0.037511 0.110227
0 291 0.479540 0.221591 0.033248 0.106818
0 292 0.118500 0.136364 0.032396 0.097727
0 294 0.201620 0.136364 0.033248 0.097727
0 295 0.169650 0.136932 0.027280 0.094318
0 296 0.249787 0.089773 0.032396 0.084091
0 297 0.547315 0.103409 0.032396 0.097727
0 298 0.268968 0.135795 0.036658 0.101136
0 299 0.343564 0.128409 0.034101 0.090909
0 300 0.383632 0.125000 0.032396 0.104545
0 301 0.423700 0.127841 0.032396 0.087500
0 302 0.398551 0.170455 0.033248 0.088636
0 303 0.505115 0.215341 0.028133 0.105682
0 305 0.310742 0.054545 0.028133 0.077273
0 306 0.495311 0.130682 0.032396 0.090909
0 307 0.461211 0.572727 0.037511 0.125000
0 309 0.933930 0.974432 0.055413 0.048864
0 311 0.041773 0.080682 0.032396 0.084091
0 313 0.008525 0.159091 0.015345 0.095455
0 314 0.458227 0.096591 0.034953 0.090909
0 315 0.329071 0.061364 0.028986 0.084091
0 316 0.303495 0.152273 0.028986 0.088636
0 317 0.429241 0.167045 0.033248 0.109091
0 318 0.655584 0.168182 0.039216 0.097727
0 319 0.272805 0.081818 0.032396 0.077273
0 320 0.396419 0.080114 0.032396 0.087500
0 328 0.476556 0.515341 0.042626 0.132955
0 330 0.704177 0.866477 0.044331 0.151136
0 336 0.111253 0.971591 0.034953 0.056818
0 337 0.156010 0.971591 0.040921 0.054545
0 338 0.479966 0.833523 0.030691 0.121591
0 339 0.794118 0.702273 0.048593 0.145455
0 340 0.457374 0.842614 0.038363 0.128409
0 341 0.311168 0.706818 0.051151 0.145455
0 345 0.861040 0.928977 0.051151 0.137500
0 348 0.762575 0.831250 0.050298 0.151136
0 371 0.329071 0.890909 0.049446 0.138636
0 372 0.419437 0.827273 0.046036 0.138636
0 396 0.829497 0.931818 0.054561 0.138636
0 399 0.716965 0.964773 0.052856 0.072727
0 400 0.760443 0.971023 0.047741 0.057955
0 408 0.140665 0.703409 0.052856 0.143182
0 409 0.440324 0.522159 0.034953 0.126136
0 410 0.133419 0.439205 0.026428 0.094318
0 414 0.446292 0.480682 0.041773 0.113636
0 415 0.498295 0.486932 0.034953 0.114773
0 417 0.471867 0.123864 0.034953 0.090909
0 439 0.087383 0.412500 0.036658 0.115909
0 440 0.109548 0.430114 0.024723 0.078409
0 449 0.057118 0.821023 0.039216 0.103409
0 450 0.034527 0.794886 0.048593 0.132955
0 451 0.003410 0.782386 0.005115 0.148864
0 452 0.820546 0.383523 0.034953 0.105682
0 453 0.667093 0.894318 0.034953 0.106818
0 456 0.020887 0.450568 0.040068 0.119318
0 586 0.375107 0.890341 0.049446 0.155682
0 587 0.490622 0.918182 0.055413 0.147727
0 689 0.874254 0.057386 0.031543 0.087500
0 690 0.566070 0.065341 0.034101 0.087500
