0 1 0.835465 0.301136 0.042626 0.102273
0 2 0.239130 0.040341 0.033248 0.078409
0 3 0.664962 0.328409 0.042626 0.118182
0 4 0.194800 0.042045 0.031543 0.081818
0 6 0.476130 0.030682 0.024723 0.059091
0 7 0.404945 0.063636 0.023870 0.084091
0 8 0.505541 0.061364 0.032396 0.084091
0 9 0.358909 0.058523 0.028986 0.080682
0 10 0.309463 0.041477 0.028986 0.078409
0 11 0.304348 0.046591 0.028986 0.088636
0 12 0.488491 0.057386 0.032396 0.087500
0 13 0.382353 0.044886 0.031543 0.087500
0 14 0.315857 0.022159 0.031543 0.042045
0 15 0.325661 0.013636 0.028986 0.025000
0 19 0.440324 0.014205 0.031543 0.026136
0 21 0.491049 0.017045 0.032396 0.031818
0 32 0.947997 0.041477 0.035806 0.080682
0 36 0.518755 0.032955 0.031543 0.063636
0 40 0.882353 0.032955 0.030691 0.063636
0 41 0.863598 0.030682 0.027280 0.059091
0 44 0.703751 0.289773 0.038363 0.097727
0 45 0.673913 0.305682 0.033248 0.097727
0 48 0.419437 0.057386 0.032396 0.080682
0 207 0.098892 0.848295 0.049446 0.164773
0 235 0.056692 0.803977 0.045183 0.157955
0 252 0.784314 0.909091 0.061381 0.143182
0 253 0.279625 0.431818 0.039216 0.120455
0 254 0.919011 0.718750 0.042626 0.142045
0 255 0.823529 0.730682 0.046036 0.145455
0 256 0.821398 0.760227 0.045183 0.136364
0 257 0.881500 0.731818 0.042626 0.145455
0 258 0.908781 0.746023 0.049446 0.157955
0 259 0.867008 0.783523 0.042626 0.157955
0 260 0.792413 0.947727 0.063939 0.106818
0 269 0.706735 0.068750 0.028986 0.087500
0 272 0.017903 0.296591 0.034101 0.113636
0 273 0.515772 0.278977 0.035806 0.107955
0 274 0.391731 0.280114 0.036658 0.096591
0 275 0.393436 0.262500 0.033248 0.111364
0 276 0.516198 0.250568 0.034953 0.101136
0 278 0.427962 0.285227 0.046036 0.111364
0 279 0.449275 0.300568 0.023870 0.067045
0 282 0.219096 0.270455 0.037511 0.104545
0 283 0.308610 0.249432 0.032396 0.110227
0 284 0.338022 0.254545 0.033248 0.106818
0 285 0.067349 0.155114 0.034101 0.101136
0 286 0.011083 0.068750 0.020460 0.080682
0 287 0.022165 0.075568 0.027280 0.082955
0 288 0.165814 0.134091 0.028133 0.097727
0 289 0.485507 0.236932 0.036658 0.105682
0 290 0.415175 0.193182 0.037511 0.097727
0 291 0.479540 0.186364 0.033248 0.106818
0 292 0.158142 0.098864 0.031543 0.097727
0 294 0.218670 0.105682 0.033248 0.097727
0 295 0.199062 0.103977 0.028133 0.094318
0 296 0.263853 0.060227 0.031543 0.077273
0 297 0.536232 0.069318 0.032396 0.097727
0 298 0.286871 0.097727 0.036658 0.097727
0 299 0.355072 0.093750 0.033248 0.087500
0 300 0.378943 0.088068 0.031543 0.096591
0 301 0.438193 0.094886 0.032396 0.087500
0 302 0.415175 0.130682 0.030691 0.084091
0 303 0.506394 0.178409 0.028986 0.106818
0 304 0.563086 0.076136 0.033248 0.093182
0 305 0.324808 0.036364 0.028986 0.070455
0 306 0.498721 0.097159 0.032396 0.089773
0 307 0.486360 0.514205 0.036658 0.126136
0 308 0.832907 0.946591 0.040921 0.109091
0 309 0.873828 0.926705 0.054561 0.132955
0 311 0.082694 0.062500 0.032396 0.084091
0 312 0.043905 0.118750 0.034953 0.101136
0 313 0.060102 0.124432 0.031543 0.092045
0 314 0.458227 0.060795 0.034953 0.085227
0 315 0.344842 0.040341 0.028133 0.078409
0 316 0.315004 0.109091 0.028133 0.086364
0 317 0.445439 0.124432 0.033248 0.105682
0 318 0.638107 0.129545 0.038363 0.097727
0 319 0.288150 0.058523 0.028986 0.076136
0 320 0.413043 0.043750 0.031543 0.073864
0 328 0.464194 0.456818 0.036658 0.125000
0 329 0.322251 0.956818 0.052856 0.088636
0 330 0.701620 0.789205 0.046036 0.142045
0 336 0.115090 0.964773 0.042626 0.068182
0 337 0.159420 0.967614 0.042626 0.064773
0 338 0.446292 0.765341 0.031543 0.121591
0 339 0.783035 0.637500 0.045183 0.145455
0 340 0.418159 0.767614 0.038363 0.128409
0 341 0.301790 0.642045 0.052856 0.145455
0 345 0.835891 0.869886 0.048593 0.137500
0 348 0.761722 0.768182 0.046888 0.147727
0 371 0.314578 0.820455 0.049446 0.138636
0 372 0.382353 0.756818 0.041773 0.134091
0 396 0.810742 0.881250 0.049446 0.151136
0 399 0.666667 0.921591 0.054561 0.152273
0 400 0.706735 0.928409 0.049446 0.140909
0 408 0.177749 0.627273 0.055413 0.136364
0 409 0.433078 0.467045 0.034101 0.120455
0 410 0.156010 0.390909 0.025575 0.093182
0 414 0.444160 0.430114 0.035806 0.107955
0 415 0.494885 0.431250 0.033248 0.112500
0 417 0.473146 0.092045 0.035806 0.090909
0 439 0.117221 0.364205 0.036658 0.112500
0 440 0.138960 0.382955 0.023870 0.075000
0 449 0.113384 0.753977 0.039216 0.103409
0 450 0.086104 0.735795 0.042626 0.132955
0 451 0.025149 0.712500 0.048593 0.150000
0 452 0.829497 0.332386 0.034101 0.101136
0 453 0.670503 0.809091 0.031543 0.106818
0 456 0.023870 0.392614 0.042626 0.110227
0 583 0.365729 0.971591 0.047741 0.056818
0 586 0.362745 0.817045 0.048593 0.145455
0 587 0.478261 0.837500 0.056266 0.140909
0 688 0.485507 0.972159 0.045183 0.057955
0 689 0.914322 0.040909 0.031543 0.079545
0 690 0.546036 0.035795 0.031543 0.069318
