0 1 0.809463 0.347727 0.041773 0.111364
0 2 0.213555 0.067045 0.033248 0.093182
0 3 0.648764 0.377273 0.042626 0.118182
0 4 0.161552 0.062500 0.031543 0.090909
0 6 0.499147 0.058523 0.024723 0.087500
0 7 0.384910 0.084091 0.024723 0.086364
0 8 0.512788 0.089773 0.031543 0.084091
0 9 0.347826 0.082386 0.028986 0.080682
0 10 0.314152 0.065341 0.028133 0.087500
0 11 0.299233 0.066477 0.028986 0.094318
0 12 0.490622 0.089205 0.031543 0.094318
0 13 0.370844 0.064205 0.032396 0.094318
0 14 0.296249 0.030114 0.031543 0.057955
0 15 0.316283 0.022727 0.028986 0.043182
0 16 0.341858 0.022159 0.028986 0.042045
0 17 0.380222 0.021591 0.028986 0.040909
0 18 0.399829 0.024432 0.032396 0.046591
0 19 0.432651 0.030114 0.031543 0.057955
0 21 0.490622 0.033523 0.031543 0.064773
0 22 0.511083 0.029545 0.031543 0.056818
0 32 0.919864 0.052273 0.035806 0.100000
0 36 0.532396 0.058523 0.031543 0.094318
0 40 0.849957 0.043182 0.030691 0.084091
0 41 0.823529 0.044318 0.030691 0.086364
0 44 0.718670 0.322727 0.037511 0.097727
0 45 0.683291 0.340909 0.033248 0.097727
0 48 0.405797 0.089773 0.032396 0.086364
0 207 0.056266 0.907386 0.051151 0.157955
0 235 0.060955 0.886932 0.045183 0.157955
0 252 0.848252 0.951705 0.057971 0.098864
0 253 0.254049 0.468182 0.042626 0.120455
0 254 0.919011 0.772727 0.042626 0.140909
0 255 0.844416 0.790909 0.045183 0.145455
0 256 0.845695 0.819318 0.046036 0.145455
0 257 0.891731 0.790909 0.042626 0.145455
0 258 0.938193 0.804545 0.048593 0.161364
0 259 0.901108 0.844886 0.049446 0.157955
0 269 0.670929 0.088068 0.028986 0.087500
0 273 0.520034 0.311932 0.042626 0.107955
0 274 0.391731 0.310795 0.036658 0.096591
0 275 0.395993 0.293182 0.033248 0.111364
0 276 0.517477 0.283523 0.035806 0.101136
0 278 0.429241 0.315341 0.046888 0.114773
0 279 0.449275 0.338068 0.023870 0.071591
0 282 0.208014 0.308523 0.037511 0.107955
0 283 0.306479 0.282386 0.033248 0.114773
0 284 0.333760 0.286932 0.033248 0.107955
0 285 0.028986 0.183523 0.034101 0.101136
0 288 0.154731 0.157955 0.028133 0.097727
0 289 0.488065 0.272727 0.034953 0.109091
0 290 0.405797 0.227841 0.037511 0.105682
0 291 0.479540 0.212500 0.033248 0.106818
0 292 0.126172 0.126136 0.032396 0.097727
0 294 0.205030 0.129545 0.033248 0.097727
0 295 0.174766 0.127841 0.027280 0.094318
0 296 0.254476 0.084091 0.031543 0.084091
0 297 0.545183 0.094318 0.031543 0.097727
0 298 0.274084 0.126705 0.036658 0.098864
0 299 0.348679 0.122727 0.034101 0.090909
0 300 0.379795 0.115909 0.031543 0.104545
0 301 0.427110 0.118750 0.032396 0.087500
0 302 0.402813 0.162500 0.033248 0.088636
0 303 0.505115 0.204545 0.028133 0.106818
0 304 0.575021 0.093182 0.033248 0.093182
0 305 0.314578 0.048864 0.028986 0.077273
0 306 0.495311 0.120455 0.032396 0.090909
0 307 0.466326 0.560227 0.037511 0.125000
0 309 0.924126 0.966477 0.056266 0.069318
0 311 0.051151 0.076136 0.032396 0.084091
0 312 0.008525 0.143182 0.015345 0.106818
0 313 0.014493 0.148864 0.027280 0.093182
0 314 0.458227 0.088636 0.034953 0.090909
0 315 0.333333 0.055682 0.028986 0.084091
0 316 0.305627 0.142045 0.028133 0.088636
0 317 0.433504 0.156250 0.033248 0.107955
0 318 0.653879 0.159091 0.039216 0.097727
0 319 0.278772 0.076136 0.032396 0.077273
0 320 0.399829 0.072727 0.032396 0.086364
0 328 0.472720 0.500568 0.040068 0.130682
0 330 0.702899 0.848864 0.045183 0.150000
0 336 0.112106 0.970455 0.036658 0.059091
0 337 0.160273 0.971591 0.042626 0.056818
0 338 0.470588 0.817614 0.030691 0.121591
0 339 0.795823 0.687500 0.048593 0.145455
0 340 0.447997 0.824432 0.038363 0.128409
0 341 0.307758 0.693182 0.051151 0.145455
0 345 0.860614 0.919886 0.052003 0.137500
0 348 0.759165 0.817045 0.043478 0.152273
0 371 0.324382 0.873864 0.048593 0.138636
0 372 0.409207 0.813636 0.046036 0.138636
0 396 0.825661 0.922727 0.052003 0.145455
0 399 0.699915 0.953977 0.051151 0.094318
0 400 0.751492 0.961364 0.048593 0.079545
0 408 0.146633 0.686932 0.046036 0.142045
0 409 0.438619 0.509091 0.034953 0.125000
0 410 0.137681 0.426705 0.026428 0.094318
0 414 0.445013 0.469318 0.039216 0.111364
0 415 0.496590 0.475000 0.034953 0.113636
0 417 0.471867 0.114773 0.034953 0.090909
0 439 0.094203 0.401136 0.036658 0.115909
0 440 0.115516 0.416477 0.024723 0.078409
0 449 0.073743 0.806250 0.038363 0.103409
0 450 0.047315 0.782386 0.043478 0.132955
0 451 0.007673 0.769318 0.013640 0.150000
0 452 0.820546 0.372159 0.034953 0.105682
0 453 0.667519 0.873864 0.032396 0.106818
0 456 0.020034 0.434091 0.038363 0.113636
0 586 0.370844 0.875000 0.049446 0.154545
0 587 0.490622 0.896591 0.055413 0.147727
0 689 0.882779 0.050568 0.031543 0.087500
0 690 0.565644 0.057386 0.034953 0.087500
