0 1 0.846547 0.289773 0.042626 0.102273
0 2 0.251066 0.035227 0.033248 0.068182
0 3 0.668372 0.313636 0.042626 0.118182
0 4 0.207587 0.032386 0.031543 0.062500
0 6 0.468031 0.021023 0.025575 0.039773
0 7 0.407502 0.050000 0.023870 0.084091
0 8 0.504263 0.048864 0.031543 0.084091
0 9 0.361466 0.050000 0.028986 0.079545
0 10 0.307758 0.036364 0.028986 0.070455
0 11 0.307758 0.040909 0.028986 0.079545
0 12 0.488491 0.046023 0.032396 0.087500
0 13 0.390026 0.040341 0.031543 0.078409
0 14 0.323529 0.019318 0.031543 0.036364
0 32 0.956095 0.034659 0.034953 0.067045
0 36 0.516198 0.026705 0.031543 0.051136
0 40 0.889173 0.026705 0.030691 0.051136
0 41 0.881074 0.026705 0.029838 0.051136
0 44 0.696931 0.276136 0.038363 0.097727
0 45 0.673061 0.301136 0.033248 0.097727
0 48 0.427110 0.047727 0.032396 0.079545
0 207 0.110827 0.817614 0.046036 0.164773
0 235 0.047315 0.780682 0.045183 0.159091
0 252 0.755328 0.886364 0.063086 0.154545
0 253 0.289855 0.418182 0.039216 0.120455
0 254 0.919864 0.695455 0.042626 0.140909
0 255 0.817988 0.708523 0.041773 0.144318
0 256 0.815857 0.737500 0.044331 0.136364
0 257 0.881074 0.711364 0.041773 0.145455
0 258 0.903240 0.723295 0.048593 0.157955
0 259 0.856351 0.757955 0.041773 0.154545
0 260 0.782609 0.935227 0.061381 0.129545
0 269 0.721228 0.057386 0.028986 0.087500
0 272 0.025149 0.279545 0.038363 0.113636
0 273 0.514066 0.267614 0.035806 0.107955
0 274 0.391731 0.266477 0.036658 0.096591
0 275 0.392583 0.249432 0.033248 0.110227
0 276 0.511935 0.231250 0.034953 0.096591
0 278 0.427962 0.272159 0.046036 0.107955
0 279 0.449275 0.284659 0.023870 0.062500
0 281 0.010230 0.178977 0.018755 0.094318
0 282 0.225490 0.254545 0.038363 0.104545
0 283 0.309037 0.236364 0.031543 0.109091
0 284 0.339727 0.242045 0.033248 0.106818
0 285 0.081841 0.143750 0.034101 0.101136
0 286 0.024297 0.059659 0.024723 0.080682
0 287 0.038363 0.065341 0.028986 0.082955
0 288 0.170503 0.121591 0.028986 0.097727
0 289 0.483802 0.224432 0.036658 0.105682
0 290 0.419864 0.180682 0.038363 0.097727
0 291 0.478687 0.176136 0.033248 0.106818
0 292 0.169650 0.082955 0.032396 0.090909
0 294 0.225490 0.093182 0.033248 0.097727
0 295 0.207587 0.092614 0.028133 0.094318
0 296 0.268968 0.051136 0.031543 0.077273
0 297 0.535379 0.065909 0.032396 0.097727
0 298 0.294544 0.086364 0.036658 0.097727
0 299 0.358056 0.080682 0.032396 0.086364
0 300 0.383632 0.077841 0.032396 0.096591
0 301 0.438193 0.080114 0.032396 0.087500
0 302 0.421142 0.113636 0.027280 0.079545
0 303 0.507246 0.169886 0.028986 0.105682
0 304 0.559676 0.068182 0.033248 0.093182
0 305 0.331628 0.030114 0.028986 0.057955
0 306 0.498721 0.083523 0.032396 0.087500
0 307 0.495737 0.496023 0.036658 0.126136
0 308 0.803495 0.926705 0.041773 0.110227
0 309 0.844842 0.908523 0.054561 0.139773
0 311 0.092072 0.062500 0.032396 0.084091
0 312 0.063086 0.102841 0.034101 0.094318
0 313 0.078431 0.112500 0.032396 0.090909
0 314 0.459079 0.050000 0.034953 0.084091
0 315 0.347400 0.036932 0.028133 0.071591
0 316 0.319267 0.096023 0.028133 0.082955
0 317 0.449702 0.111932 0.033248 0.105682
0 318 0.623615 0.115909 0.038363 0.097727
0 319 0.293265 0.049432 0.028986 0.076136
0 320 0.419011 0.038068 0.031543 0.071591
0 328 0.460784 0.439773 0.036658 0.125000
0 329 0.323956 0.942045 0.052856 0.118182
0 330 0.707587 0.765909 0.046036 0.138636
0 336 0.116368 0.963068 0.041773 0.076136
0 337 0.160273 0.966477 0.044331 0.069318
0 338 0.436914 0.747159 0.031543 0.121591
0 339 0.775362 0.613068 0.045183 0.135227
0 340 0.404518 0.744886 0.038363 0.128409
0 341 0.300512 0.621591 0.052003 0.143182
0 345 0.832055 0.844886 0.047741 0.123864
0 348 0.763853 0.748864 0.044331 0.145455
0 369 0.873828 0.960795 0.040921 0.078409
0 371 0.312020 0.799432 0.049446 0.137500
0 372 0.376812 0.728977 0.042626 0.123864
0 383 0.919011 0.960795 0.046036 0.080682
0 396 0.802217 0.862500 0.049446 0.152273
0 399 0.655158 0.898864 0.055413 0.156818
0 400 0.696505 0.906250 0.049446 0.142045
0 408 0.193947 0.606250 0.057118 0.135227
0 409 0.431373 0.452273 0.034101 0.120455
0 410 0.164109 0.378409 0.024723 0.093182
0 413 0.005115 0.446023 0.008525 0.105682
0 414 0.446292 0.415341 0.034953 0.107955
0 415 0.491475 0.417614 0.033248 0.112500
0 417 0.476130 0.077273 0.034953 0.090909
0 439 0.125320 0.351136 0.035806 0.109091
0 440 0.147911 0.369318 0.023018 0.075000
0 449 0.124893 0.735795 0.038363 0.103409
0 450 0.100597 0.711932 0.042626 0.132955
0 451 0.040921 0.693182 0.049446 0.150000
0 452 0.831628 0.317045 0.033248 0.100000
0 453 0.675618 0.790341 0.031543 0.105682
0 456 0.034101 0.376705 0.035806 0.110227
0 583 0.363171 0.957386 0.049446 0.087500
0 586 0.363171 0.794318 0.049446 0.140909
0 587 0.474851 0.813068 0.056266 0.142045
0 688 0.476982 0.957955 0.045183 0.084091
0 689 0.928815 0.035795 0.031543 0.069318
0 690 0.539642 0.028977 0.030691 0.055682
