0 1 0.869565 0.268182 0.042626 0.102273
0 2 0.272379 0.027841 0.033248 0.053409
0 3 0.680733 0.289773 0.041773 0.118182
0 4 0.231458 0.023295 0.029838 0.044318
0 7 0.415175 0.037500 0.023870 0.072727
0 8 0.500426 0.031818 0.032396 0.061364
0 9 0.361466 0.034659 0.028986 0.067045
0 10 0.307332 0.027841 0.028133 0.053409
0 11 0.313299 0.032386 0.028133 0.062500
0 12 0.485081 0.033523 0.032396 0.064773
0 13 0.399403 0.030114 0.031543 0.057955
0 14 0.337170 0.011364 0.031543 0.020455
0 32 0.978261 0.030114 0.034953 0.057955
0 36 0.506394 0.017614 0.025575 0.032955
0 40 0.914749 0.019886 0.032396 0.037500
0 41 0.912191 0.022159 0.034101 0.042045
0 44 0.684996 0.252273 0.038363 0.097727
0 45 0.678176 0.288636 0.033248 0.097727
0 48 0.433930 0.034091 0.032396 0.065909
0 207 0.109974 0.763636 0.046036 0.156818
0 235 0.031117 0.726136 0.045183 0.159091
0 252 0.710571 0.832386 0.062234 0.155682
0 253 0.308184 0.390909 0.043478 0.120455
0 254 0.911765 0.650568 0.041773 0.126136
0 255 0.811168 0.666477 0.038363 0.144318
0 256 0.805627 0.701136 0.046036 0.140909
0 257 0.882779 0.665909 0.041773 0.145455
0 258 0.898124 0.684091 0.048593 0.152273
0 259 0.846547 0.709091 0.049446 0.145455
0 260 0.760870 0.904545 0.058824 0.145455
0 269 0.753623 0.040909 0.028986 0.079545
0 272 0.042626 0.251136 0.039216 0.113636
0 273 0.511509 0.247159 0.035806 0.107955
0 274 0.392583 0.240909 0.036658 0.095455
0 275 0.390026 0.224432 0.033248 0.107955
0 276 0.507673 0.203409 0.034953 0.090909
0 277 0.005541 0.134091 0.009378 0.097727
0 278 0.427962 0.247159 0.046036 0.103409
0 279 0.450128 0.262500 0.023870 0.061364
0 280 0.015345 0.146023 0.028986 0.101136
0 281 0.038363 0.152841 0.032396 0.094318
0 282 0.232737 0.226136 0.039216 0.104545
0 283 0.312873 0.215341 0.032396 0.107955
0 284 0.339727 0.220455 0.033248 0.106818
0 285 0.111679 0.121023 0.034101 0.101136
0 286 0.052003 0.043182 0.027280 0.077273
0 287 0.066496 0.051705 0.027280 0.080682
0 288 0.181586 0.100000 0.028986 0.097727
0 289 0.480818 0.197159 0.037511 0.105682
0 290 0.425405 0.161364 0.037511 0.097727
0 291 0.476982 0.154545 0.033248 0.106818
0 292 0.194373 0.063636 0.032396 0.090909
0 294 0.242540 0.072727 0.033248 0.097727
0 295 0.225064 0.074432 0.028986 0.094318
0 296 0.274510 0.039205 0.032396 0.073864
0 297 0.531543 0.048864 0.031543 0.093182
0 298 0.307332 0.064205 0.034953 0.094318
0 299 0.361040 0.059659 0.031543 0.087500
0 300 0.393009 0.064205 0.032396 0.096591
0 301 0.432225 0.064205 0.032396 0.087500
0 302 0.433930 0.089773 0.027280 0.079545
0 303 0.508525 0.148864 0.031543 0.100000
0 304 0.553708 0.046023 0.033248 0.085227
0 305 0.341006 0.023295 0.028986 0.044318
0 306 0.500426 0.068750 0.032396 0.087500
0 307 0.509378 0.463636 0.034953 0.122727
0 308 0.749361 0.868750 0.042626 0.110227
0 309 0.784314 0.863636 0.054561 0.145455
0 311 0.113384 0.047727 0.032396 0.084091
0 312 0.096334 0.077841 0.032396 0.087500
0 313 0.111253 0.090341 0.031543 0.087500
0 314 0.460358 0.039205 0.034101 0.076136
0 315 0.360614 0.030682 0.028986 0.059091
0 316 0.329497 0.075568 0.028133 0.080682
0 317 0.455669 0.092614 0.033248 0.105682
0 318 0.602728 0.110227 0.039216 0.097727
0 319 0.303922 0.033523 0.028133 0.064773
0 320 0.422847 0.026705 0.030691 0.051136
0 328 0.455669 0.414773 0.036658 0.125000
0 329 0.326513 0.911932 0.051151 0.162500
0 330 0.718244 0.720455 0.045183 0.134091
0 336 0.117647 0.961364 0.040921 0.079545
0 337 0.160273 0.962500 0.044331 0.077273
0 338 0.421995 0.707386 0.030691 0.121591
0 339 0.758738 0.582386 0.046036 0.128409
0 340 0.391731 0.701705 0.038363 0.128409
0 341 0.299233 0.584091 0.049446 0.134091
0 345 0.822677 0.818182 0.047741 0.127273
0 348 0.766411 0.714773 0.044331 0.143182
0 369 0.836317 0.935795 0.040921 0.121591
0 371 0.309889 0.752273 0.048593 0.131818
0 372 0.369139 0.687500 0.042626 0.118182
0 383 0.877664 0.932955 0.045183 0.136364
0 396 0.791560 0.826705 0.046888 0.151136
0 399 0.627451 0.855682 0.056266 0.159091
0 400 0.671782 0.863068 0.049446 0.142045
0 408 0.216539 0.562500 0.054561 0.127273
0 409 0.426684 0.424432 0.031543 0.119318
0 410 0.173487 0.352273 0.024723 0.093182
0 413 0.012361 0.415909 0.023018 0.104545
0 414 0.447997 0.390341 0.034953 0.107955
0 415 0.482950 0.393750 0.033248 0.112500
0 417 0.473572 0.064773 0.034953 0.090909
0 439 0.138960 0.322727 0.035806 0.106818
0 440 0.159847 0.344318 0.023018 0.075000
0 449 0.145354 0.689773 0.038363 0.093182
0 450 0.128303 0.667614 0.041773 0.126136
0 451 0.079710 0.659091 0.048593 0.150000
0 452 0.830776 0.293182 0.033248 0.100000
0 453 0.685422 0.759091 0.030691 0.104545
0 456 0.048593 0.348295 0.040921 0.110227
0 583 0.360188 0.931250 0.050298 0.139773
0 586 0.352089 0.750000 0.047741 0.138636
0 587 0.473146 0.769886 0.056266 0.142045
0 688 0.462916 0.932955 0.044331 0.125000
0 689 0.943308 0.030682 0.031543 0.059091
0 690 0.526854 0.018182 0.032396 0.034091
