0 1 0.890878 0.251136 0.042626 0.102273
0 2 0.284314 0.023295 0.033248 0.044318
0 3 0.682864 0.265341 0.034101 0.105682
0 4 0.249787 0.018750 0.028986 0.035227
0 7 0.419011 0.030114 0.024723 0.057955
0 8 0.497869 0.022727 0.032396 0.043182
0 9 0.357630 0.027841 0.028133 0.053409
0 10 0.315004 0.019318 0.028133 0.036364
0 11 0.318841 0.027273 0.028986 0.052273
0 12 0.482523 0.025568 0.032396 0.048864
0 13 0.410486 0.025000 0.031543 0.047727
0 40 0.942029 0.018750 0.032396 0.035227
0 41 0.936061 0.019318 0.034101 0.036364
0 45 0.681586 0.275000 0.033248 0.097727
0 48 0.436061 0.027841 0.031543 0.053409
0 207 0.106564 0.727273 0.046036 0.152273
0 235 0.021739 0.687500 0.041773 0.159091
0 252 0.679881 0.789205 0.062234 0.155682
0 253 0.317562 0.370455 0.048593 0.120455
0 254 0.907928 0.628977 0.042626 0.121591
0 255 0.806905 0.642614 0.038363 0.144318
0 256 0.802643 0.673295 0.041773 0.142045
0 257 0.873402 0.646591 0.041773 0.145455
0 258 0.894288 0.658523 0.047741 0.151136
0 259 0.838875 0.685227 0.049446 0.145455
0 260 0.746803 0.871023 0.054561 0.144318
0 262 0.979966 0.867614 0.040068 0.144318
0 266 0.822677 0.062500 0.037511 0.093182
0 269 0.777494 0.036364 0.028986 0.070455
0 272 0.053282 0.237500 0.038363 0.115909
0 273 0.513214 0.234659 0.035806 0.107955
0 274 0.396846 0.230114 0.036658 0.092045
0 275 0.389173 0.207386 0.033248 0.105682
0 276 0.506394 0.189773 0.034101 0.090909
0 277 0.020034 0.123864 0.031543 0.097727
0 278 0.428389 0.231818 0.043478 0.102273
0 279 0.451407 0.247727 0.024723 0.061364
0 280 0.040921 0.131250 0.032396 0.101136
0 281 0.063939 0.138068 0.032396 0.094318
0 282 0.236147 0.206818 0.037511 0.104545
0 283 0.315431 0.198864 0.032396 0.106818
0 284 0.339301 0.203977 0.032396 0.103409
0 285 0.133845 0.106250 0.034101 0.101136
0 286 0.075874 0.037500 0.027280 0.072727
0 287 0.089514 0.043750 0.027280 0.080682
0 288 0.193095 0.087500 0.028133 0.097727
0 289 0.480818 0.181250 0.037511 0.105682
0 290 0.427536 0.150000 0.036658 0.097727
0 291 0.474851 0.139773 0.032396 0.104545
0 292 0.209292 0.045455 0.031543 0.086364
0 294 0.259591 0.062500 0.033248 0.097727
0 295 0.236999 0.062500 0.028986 0.090909
0 296 0.279625 0.032955 0.032396 0.063636
0 297 0.527280 0.043182 0.031543 0.084091
0 298 0.315857 0.048864 0.031543 0.088636
0 299 0.367434 0.050568 0.032396 0.087500
0 300 0.398977 0.053409 0.032396 0.095455
0 301 0.430520 0.050568 0.032396 0.087500
0 302 0.439471 0.077273 0.028133 0.079545
0 303 0.507673 0.136364 0.033248 0.097727
0 304 0.545183 0.041477 0.033248 0.080682
0 305 0.346121 0.019886 0.028986 0.037500
0 306 0.496164 0.055114 0.032396 0.087500
0 307 0.520887 0.441477 0.042626 0.117045
0 308 0.716965 0.826705 0.042626 0.105682
0 309 0.748082 0.828977 0.052003 0.144318
0 311 0.125320 0.042045 0.032396 0.081818
0 312 0.118500 0.065909 0.028986 0.086364
0 313 0.136402 0.078409 0.030691 0.086364
0 314 0.457801 0.034091 0.032396 0.065909
0 315 0.364024 0.025568 0.028986 0.048864
0 316 0.337596 0.063068 0.027280 0.080682
0 317 0.459932 0.078977 0.033248 0.105682
0 318 0.585251 0.104545 0.038363 0.097727
0 319 0.310315 0.030682 0.028986 0.059091
0 320 0.421995 0.022159 0.030691 0.042045
0 327 0.012361 0.606818 0.023018 0.138636
0 328 0.451407 0.396591 0.036658 0.125000
0 329 0.326513 0.880682 0.051151 0.165909
0 330 0.728474 0.696591 0.045183 0.134091
0 336 0.118500 0.961932 0.040921 0.078409
0 337 0.160273 0.961932 0.044331 0.078409
0 338 0.412617 0.686932 0.030691 0.121591
0 339 0.746377 0.555114 0.040068 0.128409
0 340 0.385337 0.676705 0.039216 0.128409
0 341 0.300938 0.561364 0.046036 0.129545
0 345 0.815857 0.801705 0.044331 0.130682
0 348 0.768968 0.692045 0.044331 0.140909
0 369 0.817562 0.909659 0.040921 0.144318
0 371 0.304774 0.726705 0.048593 0.130682
0 372 0.361893 0.660227 0.041773 0.118182
0 383 0.856351 0.907955 0.045183 0.152273
0 396 0.785166 0.806250 0.046036 0.151136
0 399 0.611253 0.823295 0.052856 0.157955
0 400 0.650043 0.831250 0.048593 0.137500
0 408 0.233163 0.538636 0.048593 0.127273
0 409 0.421569 0.403977 0.028133 0.117045
0 410 0.182012 0.336364 0.024723 0.093182
0 413 0.015772 0.395455 0.029838 0.104545
0 414 0.447997 0.375000 0.034953 0.106818
0 415 0.482950 0.378977 0.038363 0.110227
0 417 0.476130 0.046591 0.034953 0.088636
0 427 0.004263 0.176136 0.006820 0.090909
0 439 0.147485 0.305682 0.035806 0.106818
0 440 0.167945 0.329545 0.023870 0.075000
0 449 0.165388 0.665341 0.039216 0.094318
0 450 0.145780 0.646591 0.042626 0.125000
0 451 0.098892 0.635227 0.049446 0.150000
0 452 0.832481 0.273864 0.033248 0.097727
0 453 0.694800 0.734091 0.030691 0.102273
0 456 0.062234 0.330114 0.039216 0.110227
0 577 0.364450 0.976136 0.038363 0.043182
0 583 0.360614 0.901705 0.051151 0.151136
0 586 0.355499 0.726136 0.047741 0.138636
0 587 0.468031 0.737500 0.052856 0.138636
0 688 0.451833 0.909091 0.044331 0.138636
0 689 0.959506 0.027273 0.031543 0.052273
