0 7 0.440324 0.013068 0.024723 0.023864
0 9 0.354220 0.011932 0.028133 0.021591
0 48 0.459079 0.011364 0.029838 0.020455
0 207 0.084399 0.619886 0.046036 0.148864
0 235 0.067349 0.602273 0.046036 0.140909
0 252 0.577579 0.679545 0.062234 0.138636
0 253 0.352089 0.313068 0.042626 0.110227
0 254 0.881074 0.556250 0.041773 0.135227
0 255 0.787724 0.563068 0.039216 0.142045
0 256 0.790281 0.579545 0.042626 0.131818
0 257 0.843564 0.559091 0.041773 0.138636
0 258 0.839727 0.577841 0.047741 0.148864
0 259 0.821398 0.605682 0.045183 0.134091
0 260 0.713981 0.780114 0.053708 0.144318
0 262 0.930520 0.801136 0.041773 0.138636
0 263 0.677323 0.963068 0.041773 0.071591
0 264 0.979540 0.031818 0.030691 0.061364
0 265 0.909633 0.239205 0.039216 0.103409
0 266 0.888321 0.036932 0.034101 0.071591
0 267 0.938619 0.039773 0.032396 0.077273
0 269 0.848252 0.026705 0.027280 0.051136
0 272 0.094203 0.186364 0.036658 0.111364
0 273 0.511509 0.189205 0.034101 0.096591
0 274 0.401108 0.189773 0.036658 0.084091
0 275 0.386616 0.166477 0.033248 0.101136
0 276 0.508525 0.145455 0.034953 0.090909
0 277 0.102302 0.092045 0.032396 0.097727
0 278 0.433504 0.193182 0.038363 0.102273
0 279 0.453964 0.205682 0.024723 0.061364
0 280 0.123615 0.099432 0.032396 0.101136
0 281 0.147485 0.101136 0.028986 0.093182
0 282 0.258312 0.152273 0.035806 0.104545
0 283 0.320546 0.153409 0.032396 0.097727
0 284 0.341432 0.161364 0.033248 0.093182
0 285 0.199488 0.076705 0.035806 0.096591
0 286 0.144928 0.025000 0.027280 0.047727
0 287 0.158568 0.030682 0.023870 0.059091
0 288 0.257460 0.048295 0.028986 0.094318
0 289 0.480818 0.136932 0.037511 0.096591
0 290 0.425831 0.105682 0.034953 0.095455
0 291 0.473998 0.101136 0.032396 0.097727
0 292 0.258312 0.028409 0.032396 0.054545
0 294 0.310742 0.041477 0.033248 0.080682
0 295 0.288150 0.035795 0.028986 0.069318
0 296 0.306053 0.020455 0.032396 0.038636
0 297 0.509378 0.023295 0.031543 0.044318
0 298 0.344842 0.031818 0.033248 0.061364
0 299 0.392157 0.032386 0.028986 0.062500
0 300 0.417306 0.037500 0.031543 0.072727
0 301 0.429668 0.032386 0.028986 0.062500
0 302 0.455669 0.036932 0.028133 0.069318
0 303 0.500000 0.100568 0.028133 0.096591
0 304 0.534953 0.022159 0.031543 0.042045
0 305 0.363171 0.009659 0.028986 0.017045
0 306 0.496164 0.032955 0.032396 0.063636
0 307 0.557545 0.380682 0.035806 0.115909
0 308 0.607843 0.703977 0.039216 0.101136
0 309 0.667945 0.730114 0.048593 0.135227
0 310 0.863598 0.032386 0.028986 0.062500
0 311 0.196931 0.034091 0.032396 0.065909
0 312 0.196078 0.039205 0.028986 0.076136
0 313 0.209719 0.045455 0.028986 0.081818
0 314 0.453112 0.018750 0.031543 0.035227
0 315 0.382779 0.014773 0.028986 0.027273
0 316 0.364876 0.034091 0.027280 0.065909
0 317 0.488917 0.040909 0.033248 0.079545
0 318 0.525149 0.059659 0.035806 0.085227
0 319 0.335891 0.016477 0.028986 0.030682
0 320 0.439898 0.010227 0.032396 0.018182
0 327 0.060102 0.515341 0.045183 0.137500
0 328 0.438619 0.347159 0.036658 0.126136
0 329 0.313725 0.777273 0.052856 0.163636
0 330 0.759165 0.632955 0.043478 0.134091
0 335 0.242967 0.990909 0.032396 0.018182
0 336 0.121057 0.963068 0.040921 0.076136
0 337 0.163683 0.961364 0.044331 0.079545
0 338 0.407076 0.606818 0.031543 0.113636
0 339 0.722506 0.484659 0.038363 0.117045
0 340 0.386189 0.589773 0.039216 0.120455
0 341 0.306053 0.495455 0.044331 0.127273
0 345 0.808184 0.724432 0.040921 0.114773
0 348 0.800512 0.639773 0.044331 0.131818
0 369 0.758312 0.813068 0.040068 0.130682
0 371 0.295823 0.641477 0.049446 0.130682
0 372 0.358483 0.575568 0.041773 0.114773
0 383 0.792839 0.813068 0.040921 0.146591
0 386 0.017050 0.327841 0.032396 0.094318
0 396 0.764280 0.743182 0.045183 0.150000
0 399 0.566922 0.729545 0.052856 0.131818
0 400 0.606564 0.735795 0.045183 0.123864
0 405 0.016198 0.435795 0.030691 0.117045
0 407 0.350384 0.932955 0.051151 0.136364
0 408 0.281330 0.461932 0.044331 0.126136
0 409 0.406650 0.347159 0.025575 0.112500
0 410 0.214834 0.292614 0.034101 0.082955
0 411 0.035379 0.327273 0.036658 0.113636
0 413 0.066496 0.332386 0.034101 0.096591
0 414 0.447570 0.320455 0.035806 0.106818
0 415 0.478687 0.331250 0.034953 0.105682
0 417 0.476982 0.030682 0.034953 0.059091
0 427 0.042626 0.141477 0.039216 0.089773
0 439 0.182012 0.269318 0.034953 0.104545
0 440 0.194800 0.289773 0.024723 0.075000
0 441 0.449702 0.943750 0.048593 0.110227
0 442 0.895141 0.934091 0.049446 0.134091
0 446 0.752344 0.957955 0.041773 0.081818
0 448 0.849105 0.948295 0.051151 0.105682
0 449 0.234442 0.591477 0.039216 0.094318
0 450 0.202046 0.573864 0.042626 0.120455
0 451 0.148338 0.552273 0.047741 0.140909
0 452 0.849957 0.230114 0.032396 0.094318
0 453 0.727621 0.659659 0.031543 0.094318
0 454 0.718670 0.959659 0.040921 0.082955
0 456 0.101449 0.273864 0.039216 0.106818
0 577 0.375107 0.897727 0.051151 0.161364
0 583 0.343564 0.792614 0.049446 0.135227
0 586 0.348679 0.640341 0.046036 0.130682
0 587 0.454390 0.647727 0.049446 0.131818
0 636 0.480392 0.981250 0.038363 0.035227
0 659 0.429668 0.975000 0.042626 0.052273
0 688 0.434783 0.810795 0.044331 0.135227
