0 7 0.443308 0.011932 0.023870 0.021591
0 9 0.352089 0.010795 0.027280 0.019318
0 48 0.464621 0.009091 0.027280 0.015909
0 207 0.090367 0.608523 0.046036 0.139773
0 235 0.074169 0.589773 0.046036 0.140909
0 252 0.560529 0.661364 0.062234 0.131818
0 253 0.356351 0.305114 0.042626 0.110227
0 254 0.878517 0.549432 0.041773 0.135227
0 255 0.785166 0.555114 0.039216 0.142045
0 256 0.790281 0.571591 0.042626 0.131818
0 257 0.839727 0.546591 0.042626 0.138636
0 258 0.835038 0.567614 0.048593 0.148864
0 259 0.817988 0.596591 0.045183 0.134091
0 260 0.713555 0.767614 0.052856 0.144318
0 262 0.930520 0.793182 0.041773 0.138636
0 263 0.672634 0.956250 0.040921 0.089773
0 264 0.971441 0.032386 0.031543 0.062500
0 265 0.901108 0.236932 0.035806 0.103409
0 266 0.899829 0.036932 0.034953 0.071591
0 267 0.923700 0.041477 0.026428 0.080682
0 269 0.861893 0.026705 0.028986 0.051136
0 272 0.101023 0.179545 0.036658 0.111364
0 273 0.512361 0.183523 0.034101 0.094318
0 274 0.401108 0.185227 0.036658 0.084091
0 275 0.386616 0.161932 0.033248 0.101136
0 276 0.509804 0.140909 0.035806 0.090909
0 277 0.114237 0.088636 0.032396 0.097727
0 278 0.434356 0.188636 0.038363 0.102273
0 279 0.454817 0.200000 0.024723 0.061364
0 280 0.133419 0.098295 0.031543 0.101136
0 281 0.159420 0.097727 0.028986 0.093182
0 282 0.263001 0.146023 0.034953 0.103409
0 283 0.320546 0.148864 0.032396 0.097727
0 284 0.341432 0.155682 0.033248 0.093182
0 285 0.208014 0.069886 0.034101 0.089773
0 286 0.154305 0.023295 0.027280 0.044318
0 287 0.167093 0.029545 0.025575 0.056818
0 288 0.265558 0.046591 0.028133 0.090909
0 289 0.480818 0.131250 0.037511 0.096591
0 290 0.424552 0.101705 0.034101 0.094318
0 291 0.474851 0.097727 0.032396 0.097727
0 292 0.264280 0.026136 0.032396 0.050000
0 294 0.316709 0.039205 0.033248 0.076136
0 295 0.294118 0.034091 0.028986 0.065909
0 296 0.310315 0.020455 0.032396 0.038636
0 297 0.509378 0.021591 0.031543 0.040909
0 298 0.349957 0.028977 0.033248 0.055682
0 299 0.393009 0.030114 0.028986 0.057955
0 300 0.419437 0.034659 0.032396 0.067045
0 301 0.432225 0.030682 0.028986 0.059091
0 302 0.459079 0.034091 0.028133 0.065909
0 303 0.500000 0.095455 0.028133 0.093182
0 304 0.534953 0.019886 0.031543 0.037500
0 306 0.496164 0.031818 0.032396 0.061364
0 307 0.561807 0.375000 0.035806 0.115909
0 308 0.591645 0.694886 0.039216 0.098864
0 309 0.655158 0.721023 0.048593 0.135227
0 310 0.872975 0.031250 0.028986 0.060227
0 311 0.205456 0.032955 0.032396 0.063636
0 312 0.205456 0.037500 0.028986 0.072727
0 313 0.220375 0.041477 0.028133 0.080682
0 314 0.453964 0.018182 0.031543 0.034091
0 315 0.384484 0.013068 0.028986 0.023864
0 316 0.369565 0.031250 0.028133 0.060227
0 317 0.493180 0.038636 0.033248 0.075000
0 318 0.520034 0.058523 0.034101 0.082955
0 319 0.338448 0.016477 0.028986 0.030682
0 320 0.442455 0.008523 0.032396 0.014773
0 327 0.066922 0.508523 0.045183 0.137500
0 328 0.436061 0.341477 0.036658 0.126136
0 329 0.310315 0.764773 0.052856 0.161364
0 330 0.761296 0.625000 0.042626 0.134091
0 335 0.242967 0.990909 0.032396 0.018182
0 336 0.121910 0.963068 0.040921 0.076136
0 337 0.164535 0.961364 0.044331 0.079545
0 338 0.407076 0.596591 0.031543 0.113636
0 339 0.719949 0.476705 0.038363 0.117045
0 340 0.388747 0.580682 0.039216 0.120455
0 341 0.306053 0.486364 0.044331 0.127273
0 345 0.805200 0.719886 0.041773 0.123864
0 348 0.804774 0.631818 0.044331 0.131818
0 369 0.751918 0.801705 0.039216 0.130682
0 371 0.295823 0.630114 0.049446 0.130682
0 372 0.359335 0.566477 0.041773 0.114773
0 383 0.786871 0.804545 0.040921 0.145455
0 386 0.025149 0.321023 0.034953 0.092045
0 396 0.761722 0.734659 0.045183 0.148864
0 399 0.558397 0.718182 0.052856 0.131818
0 400 0.601023 0.726705 0.046036 0.123864
0 405 0.018755 0.432386 0.035806 0.117045
0 407 0.327792 0.927841 0.053708 0.146591
0 408 0.284740 0.452841 0.044331 0.126136
0 409 0.404092 0.340341 0.025575 0.110227
0 410 0.219096 0.286932 0.032396 0.082955
0 411 0.043905 0.319318 0.036658 0.113636
0 413 0.074595 0.325000 0.033248 0.095455
0 414 0.448423 0.313636 0.035806 0.106818
0 415 0.478261 0.323864 0.034101 0.104545
0 417 0.476130 0.026705 0.033248 0.051136
0 427 0.048593 0.141477 0.039216 0.089773
0 439 0.186275 0.264773 0.034953 0.104545
0 440 0.198636 0.284659 0.023870 0.073864
0 441 0.464194 0.935227 0.052003 0.125000
0 442 0.889173 0.927841 0.049446 0.146591
0 446 0.741688 0.950568 0.042626 0.098864
0 448 0.845695 0.939205 0.051151 0.123864
0 449 0.243819 0.578977 0.039216 0.094318
0 450 0.209719 0.565909 0.042626 0.120455
0 451 0.156010 0.541477 0.047741 0.139773
0 452 0.853794 0.225568 0.033248 0.094318
0 453 0.731458 0.651705 0.032396 0.094318
0 454 0.712702 0.951705 0.040921 0.098864
0 456 0.104007 0.269886 0.039216 0.105682
0 577 0.376812 0.882386 0.051151 0.162500
0 583 0.341006 0.780114 0.049446 0.135227
0 586 0.348679 0.632386 0.046036 0.130682
0 587 0.453538 0.635795 0.049446 0.130682
0 636 0.477835 0.975000 0.045183 0.050000
0 659 0.426684 0.968182 0.052003 0.063636
0 688 0.433078 0.798295 0.044331 0.132955
