0 2 0.309889 0.010795 0.033248 0.019318
0 4 0.294118 0.007955 0.028986 0.013636
0 7 0.434356 0.019318 0.024723 0.036364
0 8 0.495311 0.010795 0.032396 0.019318
0 9 0.354220 0.017614 0.028133 0.032955
0 12 0.472293 0.011932 0.030691 0.021591
0 13 0.416880 0.010227 0.032396 0.018182
0 41 0.979540 0.010227 0.035806 0.018182
0 45 0.683291 0.239773 0.033248 0.097727
0 48 0.447570 0.015341 0.032396 0.028409
0 207 0.085251 0.656818 0.046036 0.152273
0 235 0.043478 0.626136 0.046036 0.140909
0 252 0.616795 0.714205 0.062234 0.144318
0 253 0.341858 0.332386 0.042626 0.110227
0 254 0.886616 0.578977 0.040921 0.135227
0 255 0.795396 0.586932 0.039216 0.142045
0 256 0.792413 0.610227 0.041773 0.136364
0 257 0.855925 0.580682 0.042626 0.138636
0 258 0.855499 0.607955 0.048593 0.150000
0 259 0.829071 0.631818 0.046888 0.136364
0 260 0.720375 0.812500 0.056266 0.145455
0 262 0.941603 0.822159 0.041773 0.146591
0 266 0.868713 0.042045 0.032396 0.081818
0 267 0.964194 0.038636 0.035806 0.075000
0 269 0.824808 0.032386 0.028133 0.062500
0 272 0.078005 0.204545 0.036658 0.111364
0 273 0.510656 0.209659 0.035806 0.107955
0 274 0.401108 0.203977 0.036658 0.085227
0 275 0.388321 0.177841 0.033248 0.101136
0 276 0.505541 0.156818 0.034101 0.090909
0 277 0.076726 0.098864 0.032396 0.097727
0 278 0.431799 0.203409 0.038363 0.102273
0 279 0.452259 0.219318 0.024723 0.061364
0 280 0.095908 0.106250 0.031543 0.101136
0 281 0.116795 0.111364 0.028986 0.093182
0 282 0.247656 0.168182 0.034953 0.104545
0 283 0.320119 0.163636 0.031543 0.097727
0 284 0.339727 0.172727 0.033248 0.093182
0 285 0.174766 0.088068 0.035806 0.101136
0 286 0.121057 0.027841 0.027280 0.053409
0 287 0.135976 0.034091 0.024723 0.065909
0 288 0.234442 0.059091 0.028986 0.097727
0 289 0.480818 0.150568 0.037511 0.101136
0 290 0.429241 0.117045 0.036658 0.097727
0 291 0.471441 0.111364 0.032396 0.097727
0 292 0.245098 0.031818 0.031543 0.061364
0 294 0.294544 0.047727 0.033248 0.088636
0 295 0.268968 0.040341 0.028133 0.078409
0 296 0.295823 0.024432 0.032396 0.046591
0 297 0.517477 0.030114 0.030691 0.057955
0 298 0.333760 0.036932 0.033248 0.071591
0 299 0.383205 0.036932 0.028133 0.071591
0 300 0.410486 0.040909 0.031543 0.079545
0 301 0.427110 0.036932 0.030691 0.071591
0 302 0.452259 0.051136 0.028133 0.077273
0 303 0.502984 0.113636 0.030691 0.097727
0 304 0.535379 0.029545 0.032396 0.056818
0 305 0.356777 0.011932 0.028133 0.021591
0 306 0.496164 0.038068 0.032396 0.073864
0 307 0.546036 0.401136 0.036658 0.115909
0 308 0.656436 0.745455 0.042626 0.100000
0 309 0.702472 0.755114 0.049446 0.135227
0 310 0.839727 0.036932 0.028986 0.071591
0 311 0.169650 0.035795 0.032396 0.069318
0 312 0.167093 0.044318 0.028986 0.086364
0 313 0.182438 0.054545 0.030691 0.084091
0 314 0.456522 0.024432 0.031543 0.046591
0 315 0.375959 0.017045 0.028986 0.031818
0 316 0.354646 0.040341 0.027280 0.076136
0 317 0.477835 0.047159 0.033248 0.092045
0 318 0.554561 0.077273 0.034953 0.090909
0 319 0.326513 0.022727 0.028986 0.043182
0 320 0.437766 0.012500 0.031543 0.022727
0 327 0.039642 0.546591 0.048593 0.138636
0 328 0.446292 0.362500 0.036658 0.125000
0 329 0.321398 0.809091 0.051151 0.165909
0 330 0.751918 0.653409 0.044331 0.134091
0 335 0.242967 0.990909 0.032396 0.018182
0 336 0.120205 0.962500 0.040921 0.077273
0 337 0.160273 0.961364 0.044331 0.079545
0 338 0.405797 0.631818 0.030691 0.113636
0 339 0.728474 0.504545 0.038363 0.118182
0 340 0.381500 0.615909 0.038363 0.120455
0 341 0.306053 0.514773 0.044331 0.127273
0 345 0.809037 0.758523 0.040921 0.130682
0 348 0.792839 0.657955 0.044331 0.134091
0 369 0.777494 0.844886 0.042626 0.144318
0 371 0.295823 0.671023 0.049446 0.130682
0 372 0.357204 0.598864 0.042626 0.115909
0 383 0.811594 0.844886 0.040921 0.155682
0 386 0.003836 0.344886 0.005968 0.101136
0 396 0.770673 0.765909 0.046036 0.152273
0 399 0.578858 0.755682 0.051151 0.131818
0 400 0.619778 0.767045 0.044331 0.125000
0 405 0.008525 0.451705 0.015345 0.121591
0 407 0.415601 0.952841 0.052003 0.096591
0 408 0.266837 0.485227 0.046036 0.127273
0 409 0.413043 0.364205 0.026428 0.117045
0 410 0.203325 0.306818 0.028133 0.088636
0 411 0.016624 0.347159 0.031543 0.114773
0 413 0.045183 0.353409 0.034101 0.102273
0 414 0.446718 0.338636 0.035806 0.106818
0 415 0.481671 0.347159 0.040921 0.105682
0 417 0.474851 0.034091 0.034101 0.065909
0 427 0.021739 0.151136 0.041773 0.090909
0 439 0.169650 0.280682 0.035806 0.104545
0 440 0.185422 0.303409 0.024723 0.075000
0 441 0.421142 0.966477 0.046036 0.069318
0 442 0.911338 0.950000 0.049446 0.097727
0 448 0.864450 0.965909 0.052856 0.070455
0 449 0.212276 0.613068 0.039216 0.094318
0 450 0.183291 0.593750 0.042626 0.123864
0 451 0.131287 0.576136 0.047741 0.145455
0 452 0.841432 0.241477 0.032396 0.094318
0 453 0.716539 0.682386 0.031543 0.094318
0 456 0.091219 0.289773 0.037511 0.106818
0 577 0.374254 0.930114 0.051151 0.142045
0 583 0.352089 0.828977 0.047741 0.146591
0 586 0.357630 0.670455 0.048593 0.138636
0 587 0.459506 0.678409 0.049446 0.134091
0 688 0.439898 0.844318 0.044331 0.138636
