0 2 0.308184 0.011932 0.033248 0.021591
0 4 0.290708 0.009091 0.028986 0.015909
0 7 0.433930 0.020455 0.023870 0.038636
0 8 0.495311 0.010795 0.032396 0.019318
0 9 0.354220 0.018182 0.028133 0.034091
0 11 0.344416 0.013636 0.028986 0.025000
0 12 0.473146 0.011932 0.030691 0.021591
0 13 0.416880 0.010795 0.032396 0.019318
0 41 0.977408 0.010795 0.034953 0.019318
0 45 0.684143 0.240909 0.033248 0.097727
0 48 0.447144 0.015909 0.031543 0.029545
0 207 0.086957 0.660227 0.046036 0.152273
0 235 0.041773 0.629545 0.046036 0.140909
0 252 0.621057 0.717614 0.062234 0.144318
0 253 0.340580 0.333523 0.041773 0.110227
0 254 0.887894 0.581818 0.041773 0.134091
0 255 0.797101 0.589773 0.039216 0.143182
0 256 0.793265 0.614205 0.041773 0.137500
0 257 0.857630 0.582955 0.042626 0.138636
0 258 0.857204 0.611364 0.048593 0.150000
0 259 0.829497 0.634659 0.047741 0.137500
0 260 0.722080 0.815909 0.056266 0.145455
0 262 0.942455 0.824432 0.041773 0.146591
0 266 0.865303 0.043182 0.030691 0.084091
0 267 0.967178 0.038636 0.034953 0.075000
0 269 0.823103 0.032386 0.028133 0.062500
0 272 0.076300 0.206250 0.036658 0.112500
0 273 0.510656 0.210795 0.035806 0.107955
0 274 0.401108 0.205114 0.036658 0.085227
0 275 0.388321 0.178977 0.033248 0.101136
0 276 0.505541 0.159091 0.034101 0.090909
0 277 0.074169 0.098864 0.032396 0.097727
0 278 0.430946 0.204545 0.038363 0.102273
0 279 0.451407 0.220455 0.024723 0.061364
0 280 0.092498 0.107386 0.031543 0.101136
0 281 0.113811 0.113068 0.029838 0.094318
0 282 0.247229 0.170455 0.035806 0.104545
0 283 0.320119 0.164773 0.031543 0.097727
0 284 0.339301 0.173864 0.032396 0.093182
0 285 0.172208 0.089205 0.035806 0.101136
0 286 0.118500 0.027841 0.027280 0.053409
0 287 0.132992 0.034659 0.025575 0.067045
0 288 0.231884 0.061364 0.028986 0.097727
0 289 0.480818 0.152273 0.037511 0.102273
0 290 0.428389 0.118182 0.036658 0.097727
0 291 0.471441 0.112500 0.032396 0.097727
0 292 0.242540 0.032955 0.031543 0.063636
0 294 0.292839 0.048295 0.033248 0.089773
0 295 0.267263 0.040909 0.028133 0.079545
0 296 0.294970 0.025000 0.032396 0.047727
0 297 0.517477 0.031250 0.030691 0.060227
0 298 0.332907 0.037500 0.033248 0.072727
0 299 0.381927 0.037500 0.028986 0.072727
0 300 0.409633 0.041477 0.031543 0.080682
0 301 0.427962 0.037500 0.030691 0.072727
0 302 0.451833 0.052841 0.027280 0.078409
0 303 0.502984 0.114773 0.030691 0.097727
0 304 0.535806 0.030114 0.033248 0.057955
0 305 0.356351 0.011932 0.028986 0.021591
0 306 0.496164 0.039205 0.032396 0.076136
0 307 0.545183 0.403409 0.036658 0.115909
0 308 0.659847 0.751136 0.042626 0.100000
0 309 0.705882 0.758523 0.049446 0.135227
0 310 0.837170 0.037500 0.028986 0.072727
0 311 0.167945 0.036364 0.032396 0.070455
0 312 0.164535 0.044318 0.028986 0.086364
0 313 0.179028 0.055682 0.030691 0.084091
0 314 0.457374 0.025568 0.031543 0.048864
0 315 0.375107 0.017045 0.028986 0.031818
0 316 0.353794 0.040909 0.027280 0.077273
0 317 0.476982 0.048864 0.033248 0.093182
0 318 0.556266 0.077273 0.034953 0.090909
0 319 0.325661 0.023864 0.028986 0.045455
0 320 0.437766 0.012500 0.031543 0.022727
0 327 0.037937 0.548864 0.048593 0.138636
0 328 0.447144 0.363636 0.036658 0.125000
0 329 0.322251 0.812500 0.051151 0.165909
0 330 0.751066 0.655682 0.044331 0.134091
0 335 0.243819 0.991477 0.032396 0.019318
0 336 0.120205 0.962500 0.040921 0.077273
0 337 0.160273 0.961364 0.044331 0.079545
0 338 0.406650 0.635227 0.030691 0.113636
0 339 0.729327 0.507386 0.038363 0.119318
0 340 0.381074 0.618182 0.037511 0.120455
0 341 0.306053 0.517045 0.044331 0.127273
0 345 0.809037 0.760795 0.040921 0.130682
0 348 0.791986 0.660227 0.044331 0.134091
0 369 0.780051 0.848864 0.042626 0.145455
0 371 0.296249 0.674432 0.048593 0.130682
0 372 0.357204 0.601705 0.042626 0.117045
0 383 0.814152 0.848295 0.040921 0.155682
0 386 0.002984 0.348295 0.004263 0.101136
0 396 0.771526 0.768182 0.046036 0.152273
0 399 0.580563 0.759091 0.051151 0.134091
0 400 0.621483 0.770455 0.044331 0.125000
0 405 0.007673 0.454545 0.013640 0.122727
0 407 0.424126 0.954545 0.052003 0.093182
0 408 0.265132 0.487500 0.046036 0.127273
0 409 0.413043 0.366477 0.026428 0.117045
0 410 0.202046 0.308523 0.028986 0.089773
0 411 0.015345 0.350000 0.028986 0.115909
0 413 0.042626 0.356250 0.034101 0.103409
0 414 0.446718 0.340909 0.035806 0.106818
0 415 0.481671 0.348864 0.040921 0.106818
0 417 0.474851 0.034659 0.034101 0.067045
0 427 0.020460 0.152273 0.039216 0.090909
0 439 0.167945 0.281818 0.035806 0.104545
0 440 0.184143 0.304545 0.023870 0.075000
0 441 0.419011 0.968750 0.045183 0.064773
0 442 0.913470 0.952273 0.048593 0.093182
0 448 0.866581 0.968182 0.052003 0.065909
0 449 0.209719 0.615341 0.039216 0.094318
0 450 0.181586 0.596591 0.042626 0.125000
0 451 0.129582 0.578409 0.047741 0.145455
0 452 0.841432 0.243750 0.032396 0.094318
0 453 0.715260 0.684659 0.030691 0.094318
0 456 0.090367 0.293182 0.037511 0.106818
0 577 0.374254 0.932955 0.051151 0.136364
0 583 0.352941 0.832955 0.047741 0.147727
0 586 0.357630 0.672727 0.048593 0.138636
0 587 0.460358 0.681818 0.049446 0.134091
0 688 0.439898 0.847727 0.044331 0.138636
