0 2 0.297954 0.018182 0.033248 0.034091
0 3 0.687127 0.255114 0.032396 0.103409
0 4 0.272805 0.013068 0.028986 0.023864
0 7 0.428815 0.025000 0.023870 0.047727
0 8 0.495311 0.014773 0.032396 0.027273
0 9 0.355925 0.024432 0.028133 0.046591
0 10 0.323529 0.009659 0.028133 0.017045
0 11 0.329071 0.018182 0.028986 0.034091
0 12 0.477835 0.019318 0.031543 0.036364
0 13 0.415175 0.017614 0.032396 0.032955
0 41 0.962489 0.014773 0.034101 0.027273
0 45 0.684143 0.254545 0.033248 0.097727
0 48 0.441176 0.018750 0.031543 0.035227
0 207 0.096334 0.686364 0.046036 0.152273
0 235 0.030691 0.656250 0.046036 0.151136
0 252 0.648338 0.747727 0.062234 0.154545
0 253 0.331628 0.346023 0.040921 0.110227
0 254 0.899403 0.597159 0.042626 0.121591
0 255 0.803069 0.610795 0.039216 0.144318
0 256 0.797954 0.639205 0.042626 0.142045
0 257 0.859761 0.610795 0.041773 0.144318
0 258 0.873828 0.633523 0.047741 0.151136
0 259 0.834612 0.655682 0.049446 0.140909
0 260 0.732310 0.839205 0.056266 0.144318
0 262 0.957374 0.847159 0.042626 0.144318
0 266 0.845695 0.051136 0.028986 0.093182
0 269 0.800938 0.032955 0.028133 0.063636
0 272 0.065644 0.221023 0.037511 0.114773
0 273 0.512361 0.221023 0.035806 0.107955
0 274 0.401108 0.217045 0.036658 0.088636
0 275 0.389173 0.190341 0.033248 0.103409
0 276 0.505541 0.175000 0.034101 0.090909
0 277 0.051151 0.111364 0.032396 0.097727
0 278 0.430094 0.214773 0.040068 0.102273
0 279 0.451407 0.231818 0.024723 0.061364
0 280 0.068201 0.117614 0.032396 0.101136
0 281 0.092072 0.125568 0.032396 0.094318
0 282 0.242540 0.185227 0.036658 0.104545
0 283 0.318414 0.177841 0.031543 0.101136
0 284 0.339301 0.185795 0.032396 0.096591
0 285 0.156863 0.096023 0.034101 0.101136
0 286 0.100597 0.031250 0.027280 0.060227
0 287 0.114237 0.039205 0.027280 0.076136
0 288 0.213555 0.072727 0.028133 0.097727
0 289 0.480818 0.164205 0.037511 0.105682
0 290 0.428389 0.132955 0.036658 0.097727
0 291 0.472293 0.124432 0.032396 0.101136
0 292 0.226769 0.038068 0.032396 0.073864
0 294 0.280904 0.054545 0.033248 0.095455
0 295 0.251492 0.048864 0.028986 0.084091
0 296 0.288576 0.028409 0.031543 0.054545
0 297 0.520034 0.037500 0.032396 0.072727
0 298 0.327366 0.042045 0.032396 0.081818
0 299 0.375107 0.041477 0.032396 0.080682
0 300 0.404945 0.044886 0.032396 0.087500
0 301 0.429668 0.042045 0.032396 0.081818
0 302 0.446718 0.063636 0.027280 0.079545
0 303 0.505968 0.125000 0.033248 0.097727
0 304 0.538363 0.036364 0.033248 0.070455
0 305 0.352089 0.014773 0.028986 0.027273
0 306 0.496164 0.044318 0.032396 0.084091
0 307 0.533674 0.421023 0.035806 0.119318
0 308 0.682864 0.782955 0.042626 0.100000
0 309 0.721654 0.791477 0.048593 0.139773
0 310 0.816709 0.040341 0.028986 0.078409
0 311 0.151748 0.039205 0.032396 0.076136
0 312 0.144928 0.051136 0.028986 0.086364
0 313 0.158568 0.064773 0.030691 0.086364
0 314 0.457801 0.030114 0.032396 0.057955
0 315 0.370844 0.021591 0.028986 0.040909
0 316 0.346974 0.048295 0.027280 0.080682
0 317 0.469309 0.062500 0.033248 0.097727
0 318 0.567775 0.086364 0.035806 0.093182
0 319 0.317988 0.026705 0.028986 0.051136
0 320 0.430946 0.017614 0.031543 0.032955
0 327 0.023870 0.568182 0.046036 0.138636
0 328 0.448849 0.378409 0.036658 0.125000
0 329 0.326513 0.839773 0.051151 0.165909
0 330 0.741262 0.673864 0.045183 0.134091
0 335 0.243819 0.991477 0.032396 0.019318
0 336 0.119352 0.961932 0.040921 0.078409
0 337 0.160273 0.961364 0.044331 0.079545
0 338 0.408355 0.657386 0.030691 0.117045
0 339 0.738704 0.526705 0.038363 0.126136
0 340 0.381500 0.643750 0.038363 0.126136
0 341 0.303495 0.536364 0.044331 0.127273
0 345 0.810742 0.780114 0.040921 0.130682
0 348 0.788576 0.673864 0.044331 0.140909
0 369 0.796249 0.882386 0.042626 0.144318
0 371 0.299233 0.698295 0.047741 0.130682
0 372 0.354646 0.628409 0.042626 0.118182
0 383 0.829497 0.869318 0.044331 0.154545
0 396 0.777494 0.784659 0.046036 0.151136
0 399 0.592924 0.785795 0.052003 0.144318
0 400 0.632992 0.795455 0.045183 0.134091
0 407 0.466326 0.970455 0.051151 0.061364
0 408 0.253197 0.506818 0.047741 0.127273
0 409 0.416880 0.382386 0.027280 0.117045
0 410 0.193521 0.320455 0.025575 0.093182
0 411 0.008099 0.368750 0.014493 0.121591
0 413 0.028986 0.372727 0.034101 0.104545
0 414 0.447144 0.355682 0.034953 0.106818
0 415 0.483376 0.361364 0.044331 0.106818
0 417 0.474851 0.039205 0.034101 0.076136
0 427 0.011935 0.162500 0.022165 0.090909
0 439 0.156863 0.290909 0.035806 0.104545
0 440 0.176471 0.315909 0.023870 0.075000
0 442 0.925405 0.968182 0.046888 0.061364
0 449 0.190963 0.640341 0.039216 0.094318
0 450 0.164962 0.618182 0.041773 0.125000
0 451 0.118073 0.594318 0.048593 0.150000
0 452 0.835465 0.252273 0.032396 0.095455
0 453 0.706735 0.702273 0.030691 0.095455
0 456 0.078431 0.311364 0.037511 0.106818
0 577 0.371697 0.951136 0.049446 0.097727
0 583 0.358056 0.863068 0.049446 0.151136
0 586 0.361040 0.693182 0.048593 0.138636
0 587 0.461211 0.704545 0.049446 0.134091
0 688 0.441603 0.873864 0.044331 0.138636
0 689 0.980818 0.021023 0.031543 0.039773
