0 207 0.105712 0.585795 0.046036 0.135227
0 233 0.904945 0.315341 0.034953 0.101136
0 235 0.098465 0.558523 0.045183 0.142045
0 252 0.522592 0.635795 0.059676 0.130682
0 253 0.364876 0.285227 0.042626 0.104545
0 254 0.868713 0.525568 0.042626 0.135227
0 255 0.785166 0.525568 0.039216 0.142045
0 256 0.784314 0.538636 0.042626 0.131818
0 257 0.832481 0.525568 0.038363 0.128409
0 258 0.829071 0.541477 0.048593 0.144318
0 259 0.812447 0.570455 0.046036 0.134091
0 260 0.706735 0.733523 0.052856 0.142045
0 262 0.930520 0.770455 0.041773 0.138636
0 263 0.658994 0.934659 0.040921 0.132955
0 264 0.950554 0.035227 0.030691 0.068182
0 265 0.889173 0.225000 0.032396 0.104545
0 266 0.930946 0.035227 0.034101 0.068182
0 267 0.904518 0.042614 0.025575 0.080682
0 269 0.883632 0.021023 0.024723 0.039773
0 271 0.011083 0.144318 0.020460 0.100000
0 272 0.117221 0.158523 0.034953 0.103409
0 273 0.514493 0.176705 0.034953 0.094318
0 274 0.401108 0.170455 0.036658 0.084091
0 275 0.389173 0.147159 0.033248 0.098864
0 276 0.509378 0.125568 0.034953 0.089773
0 277 0.141517 0.077273 0.032396 0.097727
0 278 0.434356 0.175000 0.038363 0.102273
0 279 0.454817 0.185227 0.024723 0.061364
0 280 0.159847 0.080682 0.028133 0.100000
0 281 0.189258 0.088636 0.028986 0.093182
0 282 0.273657 0.125000 0.034101 0.100000
0 283 0.320972 0.135227 0.033248 0.097727
0 284 0.338875 0.139773 0.033248 0.093182
0 285 0.230605 0.055114 0.031543 0.087500
0 286 0.178602 0.018750 0.024723 0.035227
0 287 0.190111 0.023864 0.025575 0.045455
0 288 0.285166 0.040909 0.028133 0.079545
0 289 0.480818 0.119886 0.037511 0.096591
0 290 0.422421 0.086364 0.033248 0.093182
0 291 0.468883 0.083523 0.030691 0.094318
0 292 0.283887 0.020455 0.032396 0.038636
0 294 0.328218 0.030682 0.032396 0.059091
0 295 0.308610 0.028409 0.028986 0.054545
0 296 0.314578 0.017045 0.032396 0.031818
0 297 0.509378 0.018750 0.031543 0.035227
0 298 0.362745 0.022159 0.033248 0.042045
0 299 0.399829 0.022727 0.028986 0.043182
0 300 0.421569 0.026705 0.031543 0.051136
0 301 0.435209 0.024432 0.028133 0.046591
0 302 0.468457 0.029545 0.028133 0.056818
0 303 0.498721 0.082386 0.027280 0.089773
0 304 0.533248 0.013636 0.031543 0.025000
0 306 0.490622 0.020455 0.024723 0.038636
0 307 0.572464 0.357955 0.034953 0.115909
0 308 0.554135 0.666477 0.039216 0.094318
0 309 0.633845 0.689773 0.048593 0.134091
0 310 0.892583 0.023864 0.028986 0.045455
0 311 0.230605 0.030682 0.031543 0.059091
0 312 0.231032 0.032386 0.028986 0.062500
0 313 0.244672 0.035227 0.028986 0.068182
0 314 0.454817 0.013636 0.031543 0.025000
0 315 0.388321 0.007955 0.028133 0.013636
0 316 0.381500 0.025000 0.028133 0.047727
0 317 0.505968 0.032386 0.033248 0.062500
0 318 0.510230 0.048295 0.029838 0.082955
0 319 0.347826 0.011364 0.028986 0.020455
0 327 0.083973 0.471591 0.045183 0.125000
0 328 0.424979 0.318750 0.036658 0.123864
0 329 0.300512 0.733523 0.050298 0.155682
0 330 0.765985 0.604545 0.040068 0.134091
0 335 0.239557 0.991477 0.032396 0.017045
0 336 0.122762 0.963636 0.040921 0.075000
0 337 0.166240 0.962500 0.044331 0.077273
0 338 0.410912 0.570455 0.030691 0.113636
0 339 0.709719 0.455114 0.038363 0.117045
0 340 0.392157 0.555682 0.039216 0.120455
0 341 0.306053 0.460795 0.044331 0.123864
0 345 0.806053 0.707386 0.041773 0.128409
0 348 0.811594 0.603409 0.046036 0.131818
0 369 0.734015 0.772159 0.039216 0.130682
0 371 0.305200 0.597159 0.047741 0.123864
0 372 0.359761 0.544886 0.040921 0.114773
0 383 0.769821 0.773864 0.040921 0.136364
0 386 0.043905 0.302841 0.034953 0.092045
0 396 0.756181 0.711364 0.044331 0.145455
0 399 0.550725 0.686932 0.052856 0.132955
0 400 0.580989 0.701705 0.045183 0.123864
0 403 0.002984 0.427273 0.004263 0.111364
0 405 0.028986 0.413636 0.040921 0.125000
0 407 0.265558 0.896023 0.062234 0.151136
0 408 0.292839 0.425568 0.045183 0.126136
0 409 0.398124 0.323864 0.025575 0.106818
0 410 0.230179 0.270455 0.025575 0.081818
0 411 0.066922 0.297159 0.036658 0.110227
0 413 0.095908 0.303977 0.031543 0.094318
0 414 0.450554 0.296591 0.034953 0.106818
0 415 0.478687 0.302841 0.033248 0.103409
0 417 0.473572 0.019318 0.031543 0.036364
0 427 0.065644 0.127273 0.035806 0.090909
0 439 0.196931 0.252841 0.035806 0.103409
0 440 0.208014 0.272159 0.023870 0.073864
0 441 0.502131 0.906818 0.051151 0.140909
0 442 0.871697 0.902841 0.048593 0.164773
0 444 0.854646 0.978977 0.040068 0.044318
0 446 0.723785 0.928409 0.040921 0.134091
0 448 0.835465 0.915909 0.049446 0.152273
0 449 0.260017 0.550568 0.039216 0.094318
0 450 0.226343 0.536364 0.041773 0.120455
0 451 0.176471 0.512500 0.046036 0.134091
0 452 0.863598 0.211932 0.034101 0.094318
0 453 0.742540 0.621023 0.032396 0.085227
0 454 0.699915 0.931250 0.042626 0.139773
0 456 0.110827 0.247727 0.039216 0.102273
0 577 0.385337 0.836364 0.052856 0.161364
0 583 0.329923 0.746591 0.042626 0.134091
0 584 0.619778 0.966477 0.044331 0.067045
0 586 0.351236 0.598295 0.046036 0.128409
0 587 0.452685 0.606250 0.049446 0.128409
0 636 0.476556 0.955114 0.051151 0.092045
0 659 0.432651 0.950568 0.055413 0.101136
0 662 0.646206 0.961364 0.039216 0.075000
0 688 0.430520 0.768182 0.046036 0.131818
