0 2 0.286019 0.022727 0.033248 0.043182
0 3 0.683291 0.261932 0.033248 0.103409
0 4 0.252344 0.018182 0.028986 0.034091
0 7 0.420290 0.029545 0.023870 0.056818
0 8 0.497016 0.021591 0.032396 0.040909
0 9 0.357630 0.027273 0.028133 0.052273
0 10 0.315857 0.018182 0.028133 0.034091
0 11 0.319693 0.027273 0.028986 0.052273
0 12 0.481671 0.025000 0.032396 0.047727
0 13 0.410912 0.024432 0.032396 0.046591
0 40 0.945439 0.018750 0.032396 0.035227
0 41 0.939471 0.018750 0.034101 0.035227
0 45 0.681586 0.272727 0.033248 0.097727
0 48 0.436914 0.026705 0.031543 0.051136
0 207 0.104859 0.721591 0.046036 0.152273
0 235 0.021739 0.682955 0.041773 0.159091
0 252 0.676471 0.784659 0.062234 0.155682
0 253 0.318841 0.367614 0.047741 0.119318
0 254 0.907076 0.625568 0.042626 0.121591
0 255 0.806479 0.640341 0.039216 0.144318
0 256 0.801790 0.668750 0.041773 0.142045
0 257 0.871697 0.642045 0.041773 0.145455
0 258 0.893862 0.656250 0.048593 0.151136
0 259 0.838022 0.681818 0.049446 0.145455
0 260 0.745098 0.866477 0.054561 0.144318
0 262 0.977835 0.865341 0.040921 0.144318
0 266 0.825234 0.060795 0.035806 0.094318
0 269 0.780051 0.035795 0.028986 0.069318
0 272 0.054135 0.235795 0.038363 0.114773
0 273 0.513214 0.233523 0.035806 0.107955
0 274 0.397698 0.228977 0.036658 0.092045
0 275 0.389173 0.205114 0.033248 0.105682
0 276 0.506394 0.188636 0.034101 0.090909
0 277 0.023444 0.122727 0.031543 0.097727
0 278 0.428389 0.229545 0.043478 0.102273
0 279 0.451407 0.245455 0.024723 0.061364
0 280 0.043478 0.128977 0.032396 0.101136
0 281 0.067349 0.136932 0.032396 0.094318
0 282 0.236999 0.203409 0.037511 0.104545
0 283 0.316283 0.196023 0.032396 0.105682
0 284 0.339301 0.201705 0.032396 0.103409
0 285 0.136402 0.105114 0.034101 0.101136
0 286 0.078431 0.036932 0.027280 0.071591
0 287 0.092924 0.043750 0.027280 0.080682
0 288 0.194800 0.085227 0.028133 0.097727
0 289 0.480818 0.178977 0.037511 0.105682
0 290 0.427536 0.147727 0.036658 0.097727
0 291 0.474425 0.138636 0.033248 0.104545
0 292 0.210997 0.043750 0.031543 0.085227
0 294 0.262148 0.061364 0.033248 0.097727
0 295 0.238704 0.060795 0.028986 0.089773
0 296 0.280477 0.032386 0.032396 0.062500
0 297 0.526854 0.042614 0.032396 0.082955
0 298 0.317136 0.048295 0.032396 0.087500
0 299 0.369139 0.049432 0.032396 0.087500
0 300 0.399829 0.052273 0.032396 0.095455
0 301 0.430520 0.049432 0.032396 0.087500
0 302 0.440324 0.076136 0.028133 0.079545
0 303 0.507673 0.135227 0.033248 0.097727
0 304 0.544331 0.040909 0.033248 0.079545
0 305 0.346974 0.019318 0.028986 0.036364
0 306 0.496164 0.052841 0.032396 0.087500
0 307 0.521739 0.439773 0.040921 0.118182
0 308 0.712702 0.821023 0.042626 0.103409
0 309 0.744672 0.825568 0.050298 0.144318
0 311 0.127025 0.041477 0.032396 0.080682
0 312 0.121910 0.064773 0.028986 0.086364
0 313 0.139812 0.078409 0.030691 0.086364
0 314 0.457801 0.033523 0.032396 0.064773
0 315 0.364876 0.025000 0.028986 0.047727
0 316 0.339301 0.061932 0.027280 0.080682
0 317 0.460784 0.077273 0.033248 0.104545
0 318 0.583120 0.103409 0.037511 0.097727
0 319 0.311168 0.030114 0.028986 0.057955
0 320 0.421995 0.021591 0.030691 0.040909
0 327 0.013214 0.602273 0.024723 0.138636
0 328 0.451407 0.394318 0.036658 0.125000
0 329 0.326513 0.876136 0.051151 0.165909
0 330 0.730179 0.694318 0.045183 0.134091
0 336 0.118500 0.961932 0.040921 0.078409
0 337 0.160273 0.961932 0.044331 0.078409
0 338 0.411765 0.684659 0.030691 0.121591
0 339 0.745098 0.552273 0.039216 0.127273
0 340 0.384484 0.673295 0.039216 0.128409
0 341 0.301364 0.558523 0.045183 0.128409
0 345 0.815004 0.799432 0.044331 0.130682
0 348 0.771526 0.689773 0.044331 0.140909
0 369 0.815431 0.907386 0.041773 0.144318
0 371 0.303922 0.723295 0.048593 0.130682
0 372 0.360614 0.657955 0.042626 0.118182
0 383 0.854220 0.904545 0.046036 0.154545
0 396 0.784314 0.803977 0.046036 0.151136
0 399 0.609548 0.819318 0.052856 0.156818
0 400 0.647059 0.827273 0.049446 0.136364
0 408 0.235720 0.535227 0.048593 0.127273
0 409 0.420716 0.401705 0.028133 0.117045
0 410 0.183291 0.334091 0.025575 0.093182
0 413 0.016624 0.392045 0.031543 0.104545
0 414 0.447997 0.372727 0.034953 0.106818
0 415 0.482950 0.376705 0.038363 0.110227
0 417 0.475703 0.046023 0.034101 0.087500
0 427 0.005541 0.176136 0.009378 0.090909
0 439 0.148338 0.303977 0.035806 0.105682
0 440 0.169224 0.328409 0.023018 0.075000
0 449 0.167093 0.663068 0.039216 0.094318
0 450 0.147485 0.643182 0.042626 0.125000
0 451 0.100597 0.630682 0.049446 0.150000
0 452 0.832907 0.271591 0.032396 0.097727
0 453 0.695652 0.730114 0.030691 0.101136
0 456 0.063512 0.327841 0.038363 0.110227
0 577 0.364876 0.973864 0.040921 0.047727
0 583 0.360614 0.897159 0.051151 0.151136
0 586 0.356351 0.722727 0.047741 0.138636
0 587 0.466752 0.733523 0.052003 0.137500
0 688 0.450980 0.904545 0.044331 0.138636
0 689 0.962063 0.026705 0.031543 0.051136
