0 7 0.435209 0.017614 0.024723 0.032955
0 8 0.495311 0.010227 0.032396 0.018182
0 9 0.354220 0.016477 0.028133 0.030682
0 12 0.470588 0.011364 0.030691 0.020455
0 41 0.982097 0.010227 0.034101 0.018182
0 45 0.682438 0.237500 0.033248 0.097727
0 48 0.449275 0.014773 0.032396 0.027273
0 207 0.082694 0.651136 0.046036 0.152273
0 235 0.045183 0.622727 0.046036 0.140909
0 252 0.610827 0.709659 0.062234 0.144318
0 253 0.343564 0.330114 0.042626 0.110227
0 254 0.885763 0.575568 0.040921 0.135227
0 255 0.793691 0.582955 0.039216 0.143182
0 256 0.791134 0.605682 0.042626 0.134091
0 257 0.853367 0.577273 0.042626 0.138636
0 258 0.852941 0.602841 0.048593 0.148864
0 259 0.828218 0.627273 0.046888 0.136364
0 260 0.717818 0.807955 0.056266 0.145455
0 262 0.939045 0.818182 0.041773 0.145455
0 266 0.873402 0.040341 0.033248 0.078409
0 267 0.960784 0.039205 0.035806 0.076136
0 269 0.828218 0.032386 0.028133 0.062500
0 272 0.080563 0.201136 0.036658 0.111364
0 273 0.510656 0.207386 0.035806 0.107955
0 274 0.401108 0.201136 0.036658 0.084091
0 275 0.388321 0.175568 0.033248 0.101136
0 276 0.505541 0.153409 0.034101 0.090909
0 277 0.080989 0.097727 0.032396 0.097727
0 278 0.431799 0.202273 0.038363 0.102273
0 279 0.452259 0.217045 0.024723 0.061364
0 280 0.100597 0.103977 0.032396 0.101136
0 281 0.121910 0.109091 0.028986 0.093182
0 282 0.249361 0.164773 0.034953 0.104545
0 283 0.320119 0.161364 0.031543 0.097727
0 284 0.340153 0.170455 0.032396 0.093182
0 285 0.179028 0.086932 0.035806 0.101136
0 286 0.124467 0.027273 0.027280 0.052273
0 287 0.140665 0.033523 0.023870 0.064773
0 288 0.238704 0.056818 0.028986 0.097727
0 289 0.480818 0.148864 0.037511 0.100000
0 290 0.428389 0.114773 0.036658 0.097727
0 291 0.471441 0.110227 0.032396 0.097727
0 292 0.247656 0.031250 0.031543 0.060227
0 294 0.297954 0.047159 0.033248 0.087500
0 295 0.272379 0.039205 0.028133 0.076136
0 296 0.297528 0.023295 0.032396 0.044318
0 297 0.515772 0.028977 0.030691 0.055682
0 298 0.335465 0.035795 0.033248 0.069318
0 299 0.384484 0.035795 0.028986 0.069318
0 300 0.412191 0.040341 0.031543 0.078409
0 301 0.426684 0.036364 0.029838 0.070455
0 302 0.452685 0.048295 0.027280 0.076136
0 303 0.502558 0.111364 0.029838 0.097727
0 304 0.535379 0.028409 0.032396 0.054545
0 305 0.357630 0.012500 0.028133 0.022727
0 306 0.496164 0.036932 0.032396 0.071591
0 307 0.548167 0.397727 0.035806 0.115909
0 308 0.651321 0.738636 0.042626 0.100000
0 309 0.698210 0.750568 0.049446 0.135227
0 310 0.843990 0.035795 0.028986 0.069318
0 311 0.173913 0.035795 0.032396 0.069318
0 312 0.172208 0.043750 0.028986 0.085227
0 313 0.186701 0.052841 0.030691 0.082955
0 314 0.455669 0.023295 0.031543 0.044318
0 315 0.376812 0.016477 0.028986 0.030682
0 316 0.356351 0.039205 0.027280 0.073864
0 317 0.479540 0.045455 0.033248 0.088636
0 318 0.552003 0.076136 0.034953 0.090909
0 319 0.327792 0.021591 0.028133 0.040909
0 320 0.437766 0.011932 0.031543 0.021591
0 327 0.042199 0.543182 0.048593 0.138636
0 328 0.445439 0.359659 0.036658 0.126136
0 329 0.320546 0.803409 0.051151 0.165909
0 330 0.754476 0.650000 0.044331 0.134091
0 335 0.242967 0.990909 0.032396 0.018182
0 336 0.120205 0.962500 0.040921 0.077273
0 337 0.161125 0.961364 0.044331 0.079545
0 338 0.405797 0.628409 0.030691 0.113636
0 339 0.726769 0.501705 0.038363 0.117045
0 340 0.381500 0.611364 0.038363 0.120455
0 341 0.306053 0.511364 0.044331 0.127273
0 345 0.809037 0.752273 0.040921 0.127273
0 348 0.792839 0.655114 0.044331 0.132955
0 369 0.774084 0.839773 0.042626 0.140909
0 371 0.295823 0.666477 0.049446 0.130682
0 372 0.357204 0.594318 0.042626 0.115909
0 383 0.808184 0.841477 0.040921 0.155682
0 386 0.005968 0.341477 0.010230 0.101136
0 396 0.769821 0.762500 0.046036 0.152273
0 399 0.577153 0.751136 0.051151 0.131818
0 400 0.618073 0.761364 0.044331 0.125000
0 405 0.010230 0.447727 0.018755 0.120455
0 407 0.402387 0.950000 0.051151 0.102273
0 408 0.269395 0.481250 0.046036 0.126136
0 409 0.411338 0.360795 0.026428 0.117045
0 410 0.205030 0.304545 0.029838 0.088636
0 411 0.018329 0.344318 0.034953 0.113636
0 413 0.048593 0.350568 0.034101 0.101136
0 414 0.446718 0.335227 0.035806 0.106818
0 415 0.480818 0.344318 0.039216 0.106818
0 417 0.474851 0.034091 0.034101 0.065909
0 427 0.026002 0.148864 0.041773 0.090909
0 439 0.171782 0.278409 0.034953 0.104545
0 440 0.187127 0.301136 0.024723 0.075000
0 441 0.425831 0.963068 0.045183 0.076136
0 442 0.908355 0.948295 0.048593 0.103409
0 446 0.767263 0.976705 0.040921 0.044318
0 448 0.861040 0.963068 0.052856 0.076136
0 449 0.216113 0.608523 0.038363 0.094318
0 450 0.186701 0.588636 0.042626 0.122727
0 451 0.133845 0.573295 0.047741 0.144318
0 452 0.843137 0.240341 0.032396 0.094318
0 453 0.718244 0.677841 0.031543 0.094318
0 456 0.093350 0.286364 0.038363 0.106818
0 577 0.374254 0.926705 0.051151 0.148864
0 583 0.350810 0.822727 0.048593 0.143182
0 586 0.355072 0.664205 0.048593 0.137500
0 587 0.458653 0.673864 0.049446 0.134091
0 688 0.439045 0.838636 0.044331 0.138636
