0 207 0.170503 0.423864 0.039216 0.127273
0 233 0.863171 0.238068 0.029838 0.094318
0 235 0.121483 0.412500 0.038363 0.125000
0 252 0.534101 0.464773 0.043478 0.125000
0 253 0.432225 0.182386 0.032396 0.096591
0 254 0.836743 0.395455 0.038363 0.115909
0 255 0.760017 0.375000 0.033248 0.106818
0 256 0.752771 0.397159 0.037511 0.110227
0 257 0.801790 0.382955 0.033248 0.115909
0 258 0.787298 0.396591 0.038363 0.120455
0 259 0.771952 0.426136 0.041773 0.120455
0 260 0.719523 0.582386 0.044331 0.117045
0 262 0.897698 0.621591 0.046036 0.129545
0 263 0.615516 0.752273 0.040921 0.136364
0 265 0.822251 0.161932 0.031543 0.103409
0 268 0.909207 0.027273 0.031543 0.052273
0 270 0.109974 0.065341 0.025575 0.087500
0 271 0.130435 0.060227 0.028986 0.090909
0 272 0.196931 0.061932 0.025575 0.089773
0 273 0.501279 0.097159 0.030691 0.094318
0 274 0.410486 0.095455 0.031543 0.086364
0 275 0.385337 0.068750 0.028986 0.085227
0 276 0.474425 0.044886 0.028133 0.082955
0 277 0.265985 0.024432 0.027280 0.046591
0 278 0.442455 0.089773 0.034101 0.093182
0 279 0.462916 0.103409 0.023870 0.063636
0 280 0.288150 0.027273 0.028986 0.052273
0 281 0.311168 0.026705 0.027280 0.051136
0 282 0.321398 0.036932 0.028986 0.071591
0 283 0.341006 0.048295 0.028986 0.089773
0 284 0.362319 0.056250 0.027280 0.076136
0 285 0.327792 0.013636 0.029838 0.025000
0 289 0.450980 0.038636 0.030691 0.075000
0 290 0.421995 0.023295 0.028986 0.044318
0 291 0.463768 0.023864 0.028986 0.045455
0 293 0.587383 0.011932 0.025575 0.021591
0 303 0.490622 0.025000 0.028133 0.047727
0 308 0.564365 0.488068 0.032396 0.080682
0 309 0.560529 0.535795 0.041773 0.130682
0 318 0.515772 0.010795 0.028986 0.019318
0 324 0.653453 0.900000 0.046888 0.140909
0 327 0.163257 0.320455 0.036658 0.104545
0 328 0.413043 0.218182 0.033248 0.106818
0 329 0.260443 0.573864 0.041773 0.143182
0 330 0.771952 0.475568 0.036658 0.114773
0 335 0.232310 0.981250 0.045183 0.039773
0 336 0.121057 0.956250 0.047741 0.085227
0 337 0.163683 0.952273 0.044331 0.097727
0 338 0.426257 0.424432 0.030691 0.101136
0 339 0.671782 0.337500 0.037511 0.106818
0 340 0.395993 0.419318 0.033248 0.109091
0 341 0.315004 0.339205 0.052003 0.114773
0 342 0.008099 0.519886 0.014493 0.142045
0 345 0.800085 0.593182 0.045183 0.129545
0 346 0.919011 0.785795 0.049446 0.137500
0 347 0.899829 0.813636 0.050298 0.147727
0 348 0.814578 0.480682 0.036658 0.118182
0 369 0.626598 0.622159 0.040921 0.119318
0 371 0.326939 0.453409 0.041773 0.115909
0 372 0.377238 0.407386 0.033248 0.105682
0 383 0.658994 0.647727 0.042626 0.134091
0 385 0.006394 0.121023 0.011083 0.089773
0 386 0.129582 0.192045 0.028986 0.090909
0 396 0.760017 0.602273 0.041773 0.136364
0 397 0.057971 0.513068 0.035806 0.117045
0 398 0.087383 0.513636 0.040068 0.127273
0 399 0.488917 0.544886 0.045183 0.128409
0 400 0.523018 0.555114 0.041773 0.119318
0 402 0.005968 0.343182 0.010230 0.106818
0 403 0.086530 0.298295 0.033248 0.094318
0 405 0.115516 0.296591 0.038363 0.109091
0 406 0.012361 0.817045 0.023018 0.125000
0 407 0.030691 0.725000 0.054561 0.150000
0 408 0.329923 0.287500 0.035806 0.104545
0 409 0.390026 0.222727 0.024723 0.097727
0 410 0.277920 0.186932 0.025575 0.073864
0 411 0.150043 0.189773 0.028986 0.102273
0 413 0.173913 0.190909 0.028986 0.093182
0 414 0.454817 0.207955 0.033248 0.093182
0 415 0.491049 0.212500 0.032396 0.093182
0 422 0.089514 0.095455 0.037511 0.090909
0 427 0.161978 0.059091 0.030691 0.086364
0 439 0.247656 0.168182 0.028133 0.093182
0 440 0.257460 0.190341 0.023870 0.064773
0 441 0.669650 0.709091 0.045183 0.140909
0 442 0.824382 0.720455 0.047741 0.147727
0 443 0.739130 0.826705 0.042626 0.148864
0 444 0.765985 0.810795 0.041773 0.157955
0 445 0.425405 0.886364 0.044331 0.163636
0 446 0.678176 0.743750 0.041773 0.135227
0 447 0.702472 0.832955 0.046036 0.136364
0 448 0.787724 0.731250 0.042626 0.135227
0 449 0.339727 0.417614 0.029838 0.087500
0 450 0.314578 0.399432 0.035806 0.110227
0 451 0.291134 0.383523 0.045183 0.121591
0 452 0.858056 0.118182 0.034953 0.093182
0 453 0.752344 0.493182 0.033248 0.084091
0 454 0.716539 0.768182 0.046888 0.152273
0 456 0.170077 0.148864 0.033248 0.093182
0 565 0.013640 0.873864 0.025575 0.152273
0 577 0.408781 0.637500 0.046888 0.145455
0 578 0.514066 0.831818 0.051151 0.152273
0 579 0.564365 0.834091 0.042626 0.138636
0 583 0.289429 0.585227 0.041773 0.120455
0 584 0.528133 0.765909 0.046888 0.138636
0 586 0.363171 0.455682 0.039216 0.115909
0 587 0.445865 0.464773 0.042626 0.115909
0 628 0.324382 0.964205 0.053708 0.073864
0 636 0.453964 0.788636 0.055413 0.134091
0 649 0.358483 0.969318 0.040068 0.059091
0 651 0.482950 0.922727 0.045183 0.131818
0 654 0.373402 0.834091 0.040921 0.147727
0 656 0.411338 0.832955 0.055413 0.152273
0 657 0.414322 0.967614 0.056266 0.062500
0 658 0.451407 0.924432 0.046888 0.153409
0 659 0.413896 0.779545 0.052003 0.152273
0 660 0.460784 0.842614 0.055413 0.139773
0 662 0.570332 0.776705 0.046036 0.146591
0 666 0.897698 0.898864 0.040921 0.161364
0 671 0.855925 0.883523 0.051151 0.155682
0 688 0.403240 0.618182 0.039216 0.122727
