0 207 0.140239 0.535795 0.040068 0.142045
0 233 0.911765 0.285227 0.033248 0.106818
0 235 0.131287 0.513636 0.047741 0.143182
0 252 0.488917 0.581250 0.053708 0.132955
0 253 0.382779 0.254545 0.032396 0.102273
0 254 0.854220 0.485795 0.035806 0.128409
0 255 0.772805 0.468750 0.036658 0.105682
0 256 0.776641 0.494318 0.042626 0.125000
0 257 0.828645 0.476705 0.037511 0.114773
0 258 0.806479 0.492614 0.042626 0.123864
0 259 0.800512 0.523295 0.042626 0.123864
0 260 0.701620 0.686364 0.049446 0.131818
0 262 0.933504 0.738068 0.042626 0.142045
0 263 0.639812 0.878409 0.041773 0.147727
0 264 0.907502 0.036932 0.028133 0.071591
0 265 0.865729 0.210795 0.031543 0.103409
0 266 0.972720 0.026705 0.030691 0.051136
0 267 0.880648 0.039773 0.025575 0.077273
0 269 0.924979 0.015909 0.030691 0.029545
0 270 0.026428 0.125000 0.028986 0.095455
0 271 0.047315 0.120455 0.028133 0.093182
0 272 0.141091 0.126705 0.029838 0.092045
0 273 0.511509 0.151136 0.034101 0.095455
0 274 0.402813 0.148295 0.033248 0.085227
0 275 0.390878 0.126136 0.031543 0.097727
0 276 0.508525 0.100568 0.029838 0.087500
0 277 0.180307 0.053409 0.028133 0.090909
0 278 0.435209 0.147727 0.036658 0.093182
0 279 0.456522 0.161932 0.024723 0.062500
0 280 0.202472 0.057955 0.028133 0.093182
0 281 0.226769 0.063068 0.028986 0.087500
0 282 0.286871 0.095455 0.028133 0.093182
0 283 0.320546 0.107955 0.030691 0.097727
0 284 0.341006 0.115341 0.032396 0.092045
0 285 0.263853 0.039205 0.031543 0.076136
0 286 0.214834 0.011932 0.027280 0.021591
0 287 0.227621 0.017045 0.023870 0.031818
0 288 0.313725 0.026705 0.028986 0.051136
0 289 0.465899 0.091477 0.031543 0.089773
0 290 0.419437 0.059659 0.030691 0.089773
0 291 0.463768 0.061932 0.028986 0.092045
0 297 0.517903 0.009659 0.023018 0.017045
0 298 0.373402 0.013068 0.030691 0.023864
0 301 0.442455 0.016477 0.027280 0.030682
0 302 0.494032 0.016477 0.024723 0.030682
0 303 0.493606 0.062500 0.028986 0.084091
0 306 0.486786 0.011932 0.027280 0.021591
0 308 0.508525 0.602273 0.031543 0.079545
0 309 0.611679 0.636364 0.045183 0.131818
0 310 0.924979 0.020455 0.032396 0.038636
0 311 0.260017 0.017614 0.027280 0.032955
0 312 0.277067 0.017045 0.028986 0.031818
0 313 0.285592 0.021023 0.030691 0.039773
0 316 0.390878 0.015909 0.028133 0.029545
0 317 0.531543 0.016477 0.038363 0.030682
0 318 0.506820 0.039205 0.031543 0.073864
0 319 0.354220 0.009091 0.031543 0.015909
0 327 0.109974 0.425568 0.039216 0.117045
0 328 0.416027 0.287500 0.028986 0.109091
0 329 0.283461 0.682386 0.043478 0.151136
0 330 0.771526 0.563636 0.039216 0.115909
0 335 0.238278 0.988068 0.036658 0.026136
0 336 0.121910 0.963068 0.044331 0.076136
0 337 0.162830 0.963068 0.044331 0.076136
0 338 0.421995 0.520455 0.030691 0.104545
0 339 0.690111 0.418182 0.036658 0.115909
0 340 0.390878 0.513068 0.036658 0.110227
0 341 0.309889 0.426136 0.038363 0.115909
0 345 0.798380 0.672727 0.046888 0.129545
0 346 0.975277 0.909659 0.042626 0.126136
0 347 0.962063 0.940341 0.050298 0.119318
0 348 0.813725 0.570455 0.038363 0.129545
0 369 0.713981 0.725568 0.036658 0.128409
0 371 0.313299 0.552273 0.040068 0.120455
0 372 0.364450 0.509091 0.036658 0.118182
0 383 0.742540 0.734659 0.040921 0.137500
0 386 0.073316 0.270455 0.039216 0.093182
0 396 0.751492 0.668750 0.046888 0.117045
0 398 0.015772 0.626705 0.029838 0.128409
0 399 0.519608 0.645455 0.041773 0.138636
0 400 0.546888 0.662500 0.041773 0.125000
0 403 0.020460 0.384659 0.034101 0.103409
0 405 0.043052 0.378977 0.055413 0.114773
0 406 0.043052 0.961932 0.055413 0.078409
0 407 0.164962 0.841477 0.058824 0.155682
0 408 0.302217 0.383523 0.046888 0.121591
0 409 0.390452 0.293750 0.028986 0.098864
0 410 0.244672 0.243750 0.028986 0.078409
0 411 0.099318 0.259659 0.033248 0.103409
0 413 0.123188 0.265341 0.028133 0.092045
0 414 0.451407 0.273864 0.036658 0.102273
0 415 0.481245 0.275000 0.033248 0.095455
0 417 0.470162 0.011364 0.034953 0.020455
0 427 0.093777 0.107386 0.032396 0.087500
0 439 0.216965 0.225000 0.028133 0.093182
0 440 0.225916 0.246023 0.023870 0.064773
0 441 0.558824 0.850568 0.053708 0.164773
0 442 0.848679 0.840909 0.046888 0.150000
0 443 0.781330 0.945455 0.050298 0.106818
0 444 0.815857 0.942614 0.049446 0.117045
0 445 0.372123 0.968750 0.046888 0.062500
0 446 0.700341 0.876705 0.041773 0.151136
0 447 0.744246 0.956818 0.051151 0.086364
0 448 0.819267 0.855682 0.047741 0.143182
0 449 0.283461 0.505682 0.029838 0.088636
0 450 0.252344 0.493750 0.040921 0.117045
0 451 0.217391 0.472727 0.046036 0.127273
0 452 0.866155 0.184091 0.034101 0.093182
0 453 0.756607 0.586364 0.031543 0.084091
0 454 0.682864 0.888636 0.046036 0.165909
0 456 0.124041 0.223295 0.033248 0.105682
0 577 0.392583 0.776136 0.048593 0.161364
0 578 0.537084 0.956818 0.054561 0.084091
0 579 0.585251 0.961364 0.046888 0.077273
0 583 0.315857 0.697159 0.041773 0.128409
0 584 0.596334 0.925568 0.055413 0.148864
0 586 0.348679 0.551705 0.042626 0.123864
0 587 0.450554 0.559659 0.045183 0.119318
0 636 0.482097 0.922727 0.055413 0.143182
0 654 0.402387 0.950568 0.037511 0.098864
0 656 0.456948 0.944318 0.056266 0.113636
0 659 0.435635 0.914205 0.056266 0.153409
0 660 0.495737 0.953409 0.050298 0.093182
0 662 0.614237 0.924432 0.046888 0.151136
0 688 0.412617 0.715909 0.042626 0.127273
