0 207 0.174766 0.460227 0.039216 0.127273
0 233 0.901961 0.239773 0.034101 0.093182
0 235 0.130009 0.442614 0.034953 0.126136
0 252 0.514919 0.502841 0.052856 0.128409
0 253 0.414749 0.209091 0.031543 0.102273
0 254 0.846974 0.429545 0.036658 0.125000
0 255 0.766837 0.405114 0.033248 0.105682
0 256 0.755754 0.429545 0.038363 0.115909
0 257 0.808610 0.417045 0.033248 0.115909
0 258 0.796249 0.423864 0.037511 0.120455
0 259 0.780904 0.460227 0.040921 0.120455
0 260 0.706309 0.618750 0.046888 0.126136
0 262 0.919864 0.667614 0.042626 0.137500
0 263 0.624893 0.795455 0.042626 0.143182
0 264 0.846547 0.035795 0.023870 0.069318
0 265 0.833333 0.180114 0.031543 0.103409
0 267 0.846974 0.039205 0.024723 0.076136
0 268 0.941603 0.027841 0.031543 0.053409
0 270 0.086957 0.088068 0.025575 0.094318
0 271 0.106991 0.080682 0.028133 0.090909
0 272 0.177323 0.085795 0.025575 0.089773
0 273 0.505115 0.116477 0.029838 0.096591
0 274 0.412617 0.113636 0.032396 0.086364
0 275 0.387894 0.087500 0.028986 0.088636
0 276 0.488065 0.063068 0.028133 0.087500
0 277 0.237852 0.033523 0.027280 0.064773
0 278 0.439471 0.107955 0.034953 0.093182
0 279 0.460358 0.125000 0.023870 0.063636
0 280 0.261722 0.037500 0.028986 0.072727
0 281 0.282182 0.035227 0.027280 0.068182
0 282 0.309463 0.051705 0.028986 0.089773
0 283 0.332481 0.072727 0.028986 0.095455
0 284 0.354220 0.076705 0.028133 0.082955
0 285 0.306479 0.022727 0.031543 0.043182
0 287 0.279625 0.009091 0.023870 0.015909
0 288 0.351236 0.011364 0.028986 0.020455
0 289 0.454817 0.055682 0.031543 0.090909
0 290 0.421995 0.032386 0.028986 0.062500
0 291 0.462489 0.036364 0.028133 0.070455
0 303 0.487639 0.035227 0.028986 0.065909
0 308 0.546462 0.524432 0.032396 0.080682
0 309 0.556266 0.573295 0.043478 0.130682
0 313 0.342711 0.010227 0.030691 0.018182
0 318 0.520460 0.021591 0.028133 0.040909
0 324 0.673913 0.948295 0.050298 0.103409
0 327 0.144501 0.357386 0.034953 0.112500
0 328 0.412191 0.240909 0.034953 0.111364
0 329 0.265132 0.608523 0.042626 0.142045
0 330 0.774084 0.507386 0.037511 0.119318
0 335 0.236147 0.983523 0.044331 0.035227
0 336 0.121057 0.959659 0.047741 0.080682
0 337 0.161978 0.955114 0.046036 0.089773
0 338 0.425831 0.456818 0.033248 0.102273
0 339 0.680733 0.361364 0.036658 0.106818
0 340 0.392157 0.448864 0.035806 0.111364
0 341 0.311594 0.371023 0.040068 0.114773
0 345 0.796249 0.621591 0.046036 0.129545
0 346 0.938193 0.831250 0.048593 0.137500
0 347 0.917732 0.856250 0.050298 0.146591
0 348 0.814578 0.511932 0.036658 0.126136
0 369 0.660699 0.654545 0.037511 0.129545
0 371 0.314578 0.489205 0.040921 0.121591
0 372 0.374254 0.440909 0.037511 0.111364
0 383 0.689685 0.672159 0.039216 0.137500
0 386 0.112106 0.222727 0.029838 0.093182
0 396 0.753623 0.626136 0.042626 0.138636
0 397 0.033248 0.547159 0.042626 0.114773
0 398 0.062660 0.551136 0.045183 0.127273
0 399 0.490622 0.578409 0.045183 0.129545
0 400 0.524723 0.594318 0.046888 0.125000
0 403 0.068627 0.323295 0.033248 0.094318
0 405 0.083973 0.323864 0.050298 0.109091
0 406 0.024297 0.885795 0.046888 0.151136
0 407 0.062234 0.769318 0.044331 0.154545
0 408 0.318414 0.318750 0.041773 0.110227
0 409 0.387894 0.246591 0.027280 0.100000
0 410 0.266411 0.207386 0.028133 0.073864
0 411 0.132992 0.210227 0.028986 0.102273
0 413 0.164962 0.215909 0.028133 0.093182
0 414 0.454817 0.228409 0.033248 0.097727
0 415 0.488491 0.230682 0.032396 0.088636
0 422 0.057971 0.119318 0.034101 0.095455
0 427 0.139812 0.072727 0.030691 0.086364
0 439 0.237852 0.188636 0.028986 0.093182
0 440 0.248082 0.210795 0.023870 0.064773
0 441 0.632992 0.754545 0.046888 0.145455
0 442 0.830776 0.764205 0.046888 0.148864
0 443 0.746377 0.877841 0.041773 0.160227
0 444 0.781756 0.866477 0.046036 0.162500
0 445 0.412617 0.921591 0.046036 0.143182
0 446 0.676897 0.785795 0.040921 0.137500
0 447 0.714834 0.880682 0.048593 0.145455
0 448 0.794118 0.775000 0.046888 0.143182
0 449 0.321824 0.444886 0.029838 0.087500
0 450 0.295396 0.429545 0.034953 0.111364
0 451 0.268116 0.413068 0.036658 0.126136
0 452 0.861893 0.139773 0.034101 0.093182
0 453 0.757460 0.526136 0.033248 0.084091
0 454 0.699488 0.805682 0.046888 0.152273
0 456 0.152174 0.171023 0.033248 0.092045
0 565 0.014066 0.927841 0.026428 0.139773
0 577 0.390878 0.679545 0.046888 0.147727
0 578 0.526428 0.887500 0.055413 0.161364
0 579 0.567775 0.881818 0.042626 0.138636
0 583 0.298380 0.621591 0.040921 0.122727
0 584 0.546036 0.815909 0.050298 0.138636
0 586 0.356351 0.487500 0.039216 0.118182
0 587 0.448423 0.496591 0.040921 0.115909
0 636 0.468883 0.831250 0.054561 0.137500
0 651 0.496590 0.947159 0.046888 0.105682
0 654 0.386616 0.878409 0.041773 0.147727
0 656 0.433930 0.878409 0.056266 0.152273
0 658 0.459932 0.949432 0.046888 0.103409
0 659 0.426257 0.825568 0.056266 0.151136
0 660 0.481671 0.886932 0.051151 0.135227
0 662 0.581841 0.826705 0.041773 0.151136
0 666 0.916454 0.936932 0.037511 0.126136
0 671 0.884910 0.925568 0.051151 0.144318
0 688 0.397698 0.646023 0.040068 0.123864
