0 207 0.128303 0.547727 0.040068 0.136364
0 233 0.905371 0.290341 0.034101 0.105682
0 235 0.118926 0.529545 0.040068 0.140909
0 252 0.491901 0.597727 0.056266 0.129545
0 253 0.376812 0.262500 0.032396 0.102273
0 254 0.858909 0.501705 0.033248 0.128409
0 255 0.780904 0.481250 0.037511 0.105682
0 256 0.780051 0.508523 0.042626 0.126136
0 257 0.830350 0.493750 0.037511 0.114773
0 258 0.814152 0.500568 0.042626 0.123864
0 259 0.806479 0.535795 0.042626 0.128409
0 260 0.698636 0.702273 0.048593 0.134091
0 262 0.931799 0.745455 0.040921 0.134091
0 263 0.642370 0.901136 0.041773 0.152273
0 264 0.922421 0.036932 0.027280 0.071591
0 265 0.873402 0.215909 0.031543 0.104545
0 266 0.959079 0.026705 0.027280 0.051136
0 267 0.888321 0.040909 0.025575 0.079545
0 269 0.911338 0.017045 0.027280 0.031818
0 270 0.014066 0.132386 0.026428 0.094318
0 271 0.033248 0.128409 0.028986 0.095455
0 272 0.132566 0.136364 0.031543 0.093182
0 273 0.512788 0.158523 0.034953 0.094318
0 274 0.401961 0.155682 0.034953 0.084091
0 275 0.390452 0.132955 0.032396 0.097727
0 276 0.508951 0.109091 0.032396 0.088636
0 277 0.165388 0.060227 0.028986 0.093182
0 278 0.434783 0.157955 0.037511 0.097727
0 279 0.455669 0.169886 0.024723 0.062500
0 280 0.188832 0.065341 0.028133 0.096591
0 281 0.213981 0.072159 0.028986 0.089773
0 282 0.283461 0.105114 0.031543 0.096591
0 283 0.320546 0.117045 0.032396 0.097727
0 284 0.339301 0.123864 0.032396 0.093182
0 285 0.253197 0.042614 0.030691 0.082955
0 286 0.201620 0.014205 0.028133 0.026136
0 287 0.213981 0.019318 0.023870 0.036364
0 288 0.304348 0.031250 0.028986 0.060227
0 289 0.471441 0.101136 0.034101 0.090909
0 290 0.420290 0.069318 0.032396 0.090909
0 291 0.465047 0.068750 0.029838 0.092045
0 297 0.514919 0.010227 0.023870 0.018182
0 298 0.369565 0.015909 0.031543 0.029545
0 301 0.440324 0.019318 0.028133 0.036364
0 302 0.480392 0.018750 0.024723 0.035227
0 303 0.495311 0.068750 0.028986 0.087500
0 306 0.488065 0.014773 0.026428 0.027273
0 307 0.581841 0.334659 0.036658 0.112500
0 308 0.518755 0.622159 0.033248 0.082955
0 309 0.618500 0.651136 0.046888 0.131818
0 310 0.912191 0.022727 0.032396 0.043182
0 311 0.251492 0.022159 0.027280 0.042045
0 312 0.262148 0.020455 0.028133 0.038636
0 313 0.271100 0.025568 0.030691 0.048864
0 314 0.451407 0.013068 0.038363 0.023864
0 316 0.386616 0.017045 0.028133 0.031818
0 317 0.522592 0.022159 0.035806 0.042045
0 318 0.505541 0.041477 0.030691 0.078409
0 319 0.350810 0.007955 0.029838 0.013636
0 327 0.104859 0.439205 0.039216 0.117045
0 328 0.419437 0.301136 0.032396 0.113636
0 329 0.291134 0.698864 0.043478 0.152273
0 330 0.770247 0.578409 0.038363 0.125000
0 335 0.238704 0.989205 0.034101 0.023864
0 336 0.122762 0.963636 0.042626 0.075000
0 337 0.163257 0.965341 0.043478 0.071591
0 338 0.421142 0.537500 0.032396 0.106818
0 339 0.697357 0.428977 0.037511 0.114773
0 340 0.390452 0.526136 0.034101 0.104545
0 341 0.309037 0.438636 0.040068 0.120455
0 345 0.796675 0.686364 0.046888 0.134091
0 346 0.981671 0.925568 0.036658 0.117045
0 347 0.970162 0.950000 0.046036 0.097727
0 348 0.812873 0.582955 0.038363 0.129545
0 369 0.722080 0.739773 0.037511 0.129545
0 371 0.309889 0.567614 0.040068 0.119318
0 372 0.362745 0.518182 0.038363 0.111364
0 383 0.749787 0.746023 0.038363 0.137500
0 386 0.062660 0.278409 0.038363 0.093182
0 396 0.756607 0.676705 0.040068 0.117045
0 398 0.011935 0.643182 0.022165 0.129545
0 399 0.526428 0.660227 0.041773 0.138636
0 400 0.557545 0.675000 0.040921 0.125000
0 403 0.014493 0.398295 0.027280 0.103409
0 405 0.040068 0.390341 0.044331 0.110227
0 407 0.203751 0.864205 0.056266 0.155682
0 408 0.300512 0.395455 0.045183 0.122727
0 409 0.394288 0.302841 0.028133 0.103409
0 410 0.242967 0.252841 0.027280 0.078409
0 411 0.089088 0.271591 0.033248 0.104545
0 413 0.116795 0.277273 0.028986 0.095455
0 414 0.451407 0.280682 0.038363 0.102273
0 415 0.479540 0.282955 0.033248 0.093182
0 417 0.471441 0.013636 0.032396 0.025000
0 427 0.083546 0.113636 0.034101 0.088636
0 439 0.208866 0.233523 0.028986 0.096591
0 440 0.220801 0.253977 0.023870 0.064773
0 441 0.535806 0.872159 0.050298 0.157955
0 442 0.853367 0.861932 0.044331 0.153409
0 443 0.791560 0.958523 0.050298 0.080682
0 444 0.826087 0.952273 0.051151 0.095455
0 445 0.362745 0.977273 0.038363 0.045455
0 446 0.708440 0.894318 0.037511 0.150000
0 448 0.822677 0.873864 0.047741 0.143182
0 449 0.276215 0.522159 0.028986 0.092045
0 450 0.242114 0.508523 0.040921 0.117045
0 451 0.206735 0.486364 0.041773 0.131818
0 452 0.865303 0.193182 0.034101 0.093182
0 453 0.756607 0.596591 0.031543 0.081818
0 454 0.685848 0.905114 0.041773 0.167045
0 456 0.122336 0.231818 0.029838 0.106818
0 577 0.393436 0.797159 0.052003 0.162500
0 578 0.544757 0.969886 0.049446 0.060227
0 579 0.588662 0.972727 0.046888 0.054545
0 583 0.318414 0.713068 0.041773 0.126136
0 584 0.606991 0.935795 0.056266 0.128409
0 586 0.349957 0.567614 0.038363 0.130682
0 587 0.450554 0.576136 0.043478 0.122727
0 636 0.478687 0.935227 0.050298 0.129545
0 654 0.402387 0.962500 0.040921 0.075000
0 656 0.456948 0.953977 0.056266 0.092045
0 659 0.436488 0.928409 0.051151 0.143182
0 660 0.500853 0.963068 0.052003 0.073864
0 662 0.622762 0.935795 0.046888 0.128409
0 688 0.420716 0.731250 0.045183 0.128409
