0 207 0.149616 0.517614 0.041773 0.132955
0 233 0.915175 0.277273 0.033248 0.106818
0 235 0.132992 0.500000 0.047741 0.134091
0 252 0.492327 0.567614 0.050298 0.132955
0 253 0.386189 0.246591 0.032396 0.102273
0 254 0.853794 0.476705 0.038363 0.128409
0 255 0.768542 0.456250 0.033248 0.105682
0 256 0.772805 0.488636 0.041773 0.125000
0 257 0.826939 0.467614 0.037511 0.114773
0 258 0.803069 0.480114 0.042626 0.123864
0 259 0.799659 0.511932 0.040921 0.123864
0 260 0.701620 0.675000 0.047741 0.129545
0 262 0.933504 0.727273 0.042626 0.138636
0 263 0.635976 0.868182 0.040921 0.147727
0 264 0.895141 0.036364 0.025575 0.070455
0 265 0.858909 0.206250 0.031543 0.103409
0 267 0.873828 0.039205 0.025575 0.076136
0 269 0.936061 0.015341 0.034101 0.028409
0 270 0.038789 0.119886 0.028133 0.096591
0 271 0.058397 0.114205 0.028133 0.092045
0 272 0.147485 0.118750 0.028986 0.092045
0 273 0.510230 0.144886 0.033248 0.096591
0 274 0.403666 0.143182 0.031543 0.086364
0 275 0.390878 0.121591 0.029838 0.097727
0 276 0.508099 0.094318 0.027280 0.086364
0 277 0.192242 0.047727 0.028133 0.090909
0 278 0.436061 0.140341 0.034953 0.089773
0 279 0.457374 0.156250 0.024723 0.062500
0 280 0.213129 0.052273 0.028986 0.090909
0 281 0.236999 0.055682 0.028986 0.086364
0 282 0.290281 0.086364 0.028133 0.093182
0 283 0.320119 0.100568 0.029838 0.096591
0 284 0.342285 0.109091 0.031543 0.090909
0 285 0.272379 0.036932 0.031543 0.071591
0 286 0.224638 0.009659 0.026428 0.017045
0 287 0.238704 0.015909 0.023870 0.029545
0 288 0.320546 0.024432 0.028986 0.046591
0 289 0.463342 0.084659 0.031543 0.089773
0 290 0.419011 0.051136 0.029838 0.088636
0 291 0.462489 0.056250 0.028133 0.092045
0 297 0.520034 0.009091 0.023870 0.015909
0 298 0.376812 0.010795 0.030691 0.019318
0 301 0.443734 0.014205 0.026428 0.026136
0 302 0.504689 0.014205 0.025575 0.026136
0 303 0.491049 0.057955 0.028986 0.084091
0 306 0.485934 0.009091 0.027280 0.015909
0 308 0.507673 0.589205 0.031543 0.080682
0 309 0.598039 0.624432 0.045183 0.128409
0 310 0.936914 0.017045 0.030691 0.031818
0 311 0.271100 0.013636 0.028986 0.025000
0 312 0.286445 0.014773 0.028986 0.027273
0 313 0.298380 0.020455 0.030691 0.038636
0 316 0.393009 0.014205 0.027280 0.026136
0 317 0.537084 0.014773 0.037511 0.027273
0 318 0.508099 0.036364 0.028986 0.070455
0 319 0.357630 0.008523 0.031543 0.014773
0 327 0.116795 0.414205 0.039216 0.117045
0 328 0.413043 0.281818 0.029838 0.111364
0 329 0.277920 0.668750 0.042626 0.148864
0 330 0.772379 0.555682 0.042626 0.118182
0 335 0.237852 0.987500 0.037511 0.027273
0 336 0.121057 0.963068 0.046036 0.076136
0 337 0.162830 0.961364 0.044331 0.079545
0 338 0.420716 0.509091 0.033248 0.102273
0 339 0.685848 0.410227 0.036658 0.115909
0 340 0.390026 0.501705 0.038363 0.110227
0 341 0.309037 0.417045 0.040068 0.115909
0 345 0.796675 0.662500 0.046888 0.127273
0 346 0.968883 0.896023 0.045183 0.128409
0 347 0.952685 0.928977 0.050298 0.130682
0 348 0.816283 0.563636 0.038363 0.129545
0 369 0.707161 0.713636 0.036658 0.129545
0 371 0.314578 0.538636 0.040921 0.118182
0 372 0.364450 0.497727 0.036658 0.115909
0 383 0.738704 0.725000 0.040068 0.138636
0 386 0.080563 0.264773 0.031543 0.093182
0 396 0.751066 0.663636 0.046036 0.122727
0 397 0.010656 0.613636 0.019608 0.125000
0 398 0.020034 0.613068 0.038363 0.130682
0 399 0.510656 0.630682 0.042626 0.138636
0 400 0.542199 0.647159 0.042626 0.121591
0 403 0.029412 0.376136 0.034953 0.102273
0 405 0.048167 0.371023 0.050298 0.110227
0 406 0.039642 0.951136 0.055413 0.100000
0 407 0.142370 0.828977 0.052856 0.151136
0 408 0.303922 0.372159 0.045183 0.119318
0 409 0.388747 0.285227 0.028986 0.097727
0 410 0.251066 0.236932 0.033248 0.076136
0 411 0.104859 0.250568 0.032396 0.098864
0 413 0.132992 0.258523 0.028986 0.092045
0 414 0.450554 0.265341 0.036658 0.101136
0 415 0.481245 0.270455 0.033248 0.097727
0 422 0.007673 0.155682 0.013640 0.097727
0 427 0.102728 0.101705 0.031543 0.087500
0 439 0.219523 0.218182 0.028133 0.093182
0 440 0.228474 0.240341 0.023870 0.064773
0 441 0.571611 0.832955 0.046888 0.161364
0 442 0.842711 0.828977 0.046888 0.153409
0 443 0.772805 0.936364 0.050298 0.125000
0 444 0.807758 0.932955 0.046888 0.134091
0 445 0.379795 0.961364 0.046888 0.077273
0 446 0.693095 0.856818 0.040921 0.145455
0 447 0.737852 0.948864 0.050298 0.104545
0 448 0.813725 0.840909 0.046888 0.143182
0 449 0.291134 0.492614 0.029838 0.087500
0 450 0.260017 0.481818 0.035806 0.115909
0 451 0.226343 0.463636 0.043478 0.125000
0 452 0.867008 0.177273 0.034101 0.093182
0 453 0.756607 0.577273 0.031543 0.084091
0 454 0.680733 0.871591 0.046888 0.165909
0 456 0.125320 0.211932 0.028986 0.101136
0 577 0.393436 0.754545 0.050298 0.152273
0 578 0.533248 0.947727 0.058824 0.102273
0 579 0.581841 0.950568 0.046888 0.098864
0 583 0.312020 0.682955 0.042626 0.127273
0 584 0.583546 0.904545 0.055413 0.147727
0 586 0.348679 0.542614 0.044331 0.119318
0 587 0.447570 0.549432 0.042626 0.119318
0 636 0.480818 0.905682 0.056266 0.143182
0 654 0.404518 0.940909 0.040068 0.120455
0 656 0.454390 0.936364 0.056266 0.129545
0 659 0.433504 0.896023 0.060529 0.153409
0 660 0.494032 0.945455 0.050298 0.111364
0 662 0.605712 0.906250 0.046888 0.155682
0 666 0.957801 0.982386 0.033248 0.037500
0 671 0.919864 0.975000 0.049446 0.050000
0 688 0.406650 0.703409 0.042626 0.129545
