0 207 0.174766 0.464773 0.039216 0.127273
0 233 0.906650 0.242614 0.033248 0.094318
0 235 0.130435 0.448295 0.034101 0.128409
0 252 0.512361 0.507955 0.052856 0.129545
0 253 0.411765 0.213636 0.032396 0.102273
0 254 0.848679 0.434091 0.036658 0.125000
0 255 0.765985 0.409659 0.033248 0.105682
0 256 0.756607 0.435227 0.038363 0.115909
0 257 0.810315 0.420455 0.033248 0.115909
0 258 0.797101 0.427273 0.037511 0.120455
0 259 0.784740 0.465909 0.040068 0.122727
0 260 0.704604 0.624432 0.046888 0.126136
0 262 0.921995 0.673864 0.041773 0.138636
0 263 0.625746 0.801136 0.042626 0.143182
0 264 0.850810 0.035227 0.023870 0.068182
0 265 0.835038 0.182386 0.031543 0.103409
0 267 0.849531 0.039205 0.024723 0.076136
0 268 0.946718 0.027841 0.031543 0.053409
0 270 0.083973 0.090909 0.024723 0.095455
0 271 0.102728 0.084091 0.028133 0.090909
0 272 0.173913 0.089205 0.025575 0.089773
0 273 0.505541 0.118750 0.030691 0.096591
0 274 0.411765 0.115909 0.032396 0.086364
0 275 0.388747 0.091477 0.028986 0.089773
0 276 0.489770 0.065909 0.028133 0.086364
0 277 0.234442 0.035227 0.027280 0.068182
0 278 0.438619 0.110227 0.034953 0.093182
0 279 0.459932 0.127273 0.024723 0.063636
0 280 0.257460 0.039205 0.028986 0.076136
0 281 0.277920 0.036364 0.027280 0.070455
0 282 0.307758 0.054545 0.028986 0.090909
0 283 0.330776 0.076705 0.028986 0.096591
0 284 0.352941 0.079545 0.028986 0.084091
0 285 0.303922 0.024432 0.031543 0.046591
0 287 0.277067 0.009659 0.023870 0.017045
0 288 0.348679 0.012500 0.028986 0.022727
0 289 0.454817 0.059091 0.031543 0.090909
0 290 0.421995 0.034091 0.028986 0.065909
0 291 0.462489 0.038068 0.028133 0.073864
0 303 0.487639 0.036932 0.028986 0.067045
0 308 0.543478 0.530114 0.031543 0.080682
0 309 0.556692 0.578409 0.044331 0.131818
0 313 0.340580 0.011932 0.031543 0.021591
0 318 0.520034 0.022727 0.028986 0.043182
0 324 0.677749 0.952841 0.051151 0.094318
0 327 0.141944 0.364773 0.034953 0.113636
0 328 0.412191 0.244318 0.034953 0.111364
0 329 0.265558 0.613636 0.041773 0.140909
0 330 0.774084 0.514205 0.037511 0.119318
0 335 0.236573 0.983523 0.043478 0.035227
0 336 0.121057 0.960227 0.047741 0.079545
0 337 0.161978 0.955682 0.046036 0.088636
0 338 0.424126 0.461364 0.033248 0.102273
0 339 0.682438 0.364773 0.036658 0.106818
0 340 0.393862 0.454545 0.034101 0.111364
0 341 0.311594 0.374432 0.040068 0.114773
0 345 0.796249 0.623864 0.046036 0.129545
0 346 0.941176 0.838068 0.047741 0.137500
0 347 0.920290 0.863068 0.050298 0.146591
0 348 0.814578 0.517614 0.036658 0.128409
0 369 0.664535 0.657955 0.038363 0.129545
0 371 0.314578 0.492614 0.040921 0.121591
0 372 0.372123 0.446023 0.036658 0.114773
0 383 0.695226 0.678977 0.040068 0.137500
0 386 0.109548 0.225000 0.029838 0.093182
0 396 0.751066 0.631818 0.042626 0.138636
0 397 0.031543 0.552841 0.042626 0.114773
0 398 0.058397 0.556818 0.043478 0.127273
0 399 0.489770 0.584091 0.046888 0.129545
0 400 0.524297 0.597727 0.046036 0.125000
0 403 0.065217 0.327841 0.033248 0.094318
0 405 0.080136 0.329545 0.052856 0.109091
0 406 0.026002 0.893750 0.050298 0.151136
0 407 0.068201 0.776705 0.046036 0.153409
0 408 0.316283 0.323295 0.040921 0.110227
0 409 0.388321 0.251136 0.028133 0.102273
0 410 0.265132 0.210227 0.028986 0.075000
0 411 0.130435 0.214205 0.028986 0.103409
0 413 0.162830 0.220455 0.028986 0.093182
0 414 0.454817 0.232955 0.033248 0.097727
0 415 0.486786 0.235227 0.032396 0.090909
0 422 0.053708 0.122727 0.034101 0.097727
0 427 0.136402 0.075000 0.030691 0.086364
0 439 0.236147 0.192045 0.028986 0.093182
0 440 0.245951 0.213068 0.024723 0.064773
0 441 0.627877 0.765341 0.046888 0.151136
0 442 0.832907 0.768182 0.047741 0.150000
0 443 0.748082 0.883523 0.041773 0.157955
0 444 0.783461 0.873864 0.046036 0.163636
0 445 0.410060 0.926136 0.046036 0.136364
0 446 0.677749 0.791477 0.040921 0.137500
0 447 0.718244 0.889773 0.046888 0.147727
0 448 0.794970 0.780682 0.046888 0.143182
0 449 0.318414 0.450568 0.029838 0.087500
0 450 0.292413 0.434091 0.034101 0.111364
0 451 0.263427 0.418182 0.037511 0.127273
0 452 0.861893 0.143182 0.034101 0.093182
0 453 0.758312 0.530682 0.033248 0.084091
0 454 0.696505 0.811364 0.047741 0.152273
0 456 0.150469 0.175000 0.033248 0.093182
0 565 0.013640 0.932386 0.025575 0.135227
0 577 0.390878 0.685227 0.046888 0.147727
0 578 0.527280 0.894886 0.055413 0.160227
0 579 0.569054 0.890341 0.043478 0.139773
0 583 0.298806 0.624432 0.041773 0.119318
0 584 0.547741 0.823864 0.050298 0.138636
0 586 0.355072 0.492045 0.040068 0.120455
0 587 0.447570 0.500568 0.040921 0.114773
0 636 0.471014 0.834659 0.055413 0.137500
0 651 0.498295 0.950000 0.046888 0.100000
0 654 0.387894 0.884091 0.040921 0.147727
0 656 0.437340 0.884091 0.056266 0.152273
0 658 0.460784 0.952273 0.046888 0.097727
0 659 0.427962 0.831250 0.056266 0.151136
0 660 0.483802 0.892614 0.050298 0.132955
0 662 0.583973 0.832386 0.040921 0.151136
0 666 0.919011 0.940909 0.037511 0.118182
0 671 0.887468 0.931250 0.051151 0.137500
0 688 0.398551 0.651705 0.040068 0.123864
