0 207 0.146633 0.364205 0.039216 0.126136
0 233 0.790281 0.245455 0.042626 0.097727
0 235 0.101449 0.354545 0.040921 0.120455
0 252 0.554987 0.400000 0.049446 0.125000
0 253 0.461211 0.139773 0.032396 0.097727
0 254 0.820972 0.343182 0.037511 0.115909
0 255 0.747229 0.321591 0.033248 0.106818
0 256 0.747229 0.340909 0.038363 0.111364
0 257 0.786019 0.331818 0.034101 0.115909
0 258 0.774510 0.338068 0.036658 0.117045
0 259 0.765558 0.367614 0.037511 0.119318
0 260 0.741688 0.521591 0.042626 0.120455
0 262 0.880222 0.548864 0.052003 0.125000
0 263 0.586104 0.676136 0.036658 0.129545
0 265 0.804774 0.129545 0.032396 0.104545
0 268 0.849105 0.025568 0.027280 0.048864
0 270 0.151321 0.033523 0.024723 0.064773
0 271 0.171782 0.032386 0.028133 0.062500
0 272 0.235294 0.035795 0.025575 0.069318
0 273 0.496590 0.062500 0.036658 0.086364
0 274 0.404092 0.056250 0.030691 0.080682
0 275 0.380222 0.040909 0.027280 0.079545
0 276 0.472293 0.023864 0.027280 0.045455
0 277 0.314578 0.009091 0.025575 0.015909
0 278 0.442455 0.054545 0.034101 0.093182
0 279 0.460784 0.066477 0.024723 0.057955
0 280 0.331202 0.011364 0.028133 0.020455
0 281 0.360614 0.009659 0.027280 0.017045
0 282 0.351236 0.016477 0.027280 0.030682
0 283 0.359335 0.028977 0.028133 0.055682
0 284 0.380222 0.028977 0.027280 0.055682
0 289 0.445865 0.018182 0.030691 0.034091
0 290 0.419864 0.007955 0.028133 0.013636
0 291 0.468031 0.008523 0.028986 0.014773
0 309 0.566496 0.471023 0.041773 0.121591
0 324 0.621057 0.793750 0.045183 0.135227
0 327 0.202472 0.261364 0.034953 0.104545
0 328 0.420290 0.174432 0.032396 0.103409
0 329 0.260017 0.504545 0.040921 0.138636
0 330 0.770247 0.423864 0.036658 0.111364
0 335 0.223785 0.975000 0.048593 0.050000
0 336 0.126172 0.945455 0.047741 0.109091
0 337 0.167093 0.945455 0.044331 0.109091
0 338 0.427962 0.363068 0.028986 0.096591
0 339 0.647911 0.295455 0.037511 0.106818
0 340 0.409633 0.363636 0.033248 0.106818
0 341 0.315004 0.286932 0.040068 0.105682
0 342 0.026854 0.438636 0.043478 0.134091
0 345 0.803069 0.538636 0.042626 0.129545
0 346 0.909207 0.706818 0.053708 0.129545
0 347 0.871270 0.735227 0.047741 0.147727
0 348 0.810742 0.422159 0.037511 0.114773
0 355 0.944587 0.984659 0.042626 0.030682
0 356 0.713981 0.969318 0.045183 0.063636
0 357 0.774936 0.953409 0.059676 0.093182
0 369 0.554987 0.569886 0.034101 0.123864
0 371 0.337596 0.396023 0.040921 0.110227
0 372 0.388321 0.356250 0.033248 0.105682
0 374 0.873828 0.922159 0.051151 0.135227
0 377 0.848679 0.954545 0.052003 0.093182
0 381 0.967178 0.939773 0.050298 0.120455
0 383 0.587809 0.600000 0.038363 0.134091
0 385 0.055413 0.082386 0.035806 0.082955
0 386 0.156436 0.146591 0.029838 0.093182
0 396 0.768116 0.551136 0.040921 0.129545
0 397 0.101876 0.446591 0.034953 0.113636
0 398 0.133845 0.446591 0.035806 0.115909
0 399 0.501279 0.485795 0.039216 0.128409
0 400 0.535806 0.493182 0.041773 0.115909
0 402 0.032396 0.282955 0.030691 0.104545
0 403 0.123188 0.243182 0.031543 0.088636
0 405 0.160273 0.239773 0.030691 0.104545
0 407 0.006394 0.637500 0.011083 0.143182
0 408 0.344842 0.236932 0.043478 0.110227
0 409 0.393436 0.177273 0.023018 0.093182
0 410 0.296675 0.152273 0.023870 0.075000
0 411 0.179454 0.144318 0.028133 0.102273
0 413 0.206309 0.146591 0.028986 0.093182
0 414 0.463342 0.165909 0.031543 0.093182
0 415 0.502984 0.172159 0.030691 0.089773
0 420 0.923274 0.208523 0.030691 0.092045
0 422 0.148338 0.054545 0.034101 0.088636
0 427 0.199488 0.036932 0.030691 0.064773
0 439 0.270247 0.135227 0.028986 0.093182
0 440 0.277067 0.151136 0.023870 0.061364
0 441 0.725490 0.632386 0.044331 0.137500
0 442 0.816283 0.648864 0.046888 0.143182
0 443 0.715260 0.746591 0.042626 0.147727
0 444 0.745098 0.735227 0.046036 0.152273
0 445 0.446292 0.798864 0.045183 0.152273
0 446 0.697783 0.672727 0.041773 0.125000
0 447 0.679028 0.742045 0.045183 0.131818
0 448 0.784314 0.661364 0.042626 0.131818
0 449 0.368713 0.363068 0.029838 0.087500
0 450 0.346547 0.345455 0.033248 0.109091
0 451 0.322251 0.332955 0.035806 0.120455
0 452 0.846547 0.084091 0.032396 0.093182
0 453 0.749787 0.436364 0.033248 0.079545
0 454 0.736573 0.693750 0.042626 0.148864
0 456 0.194373 0.105114 0.030691 0.089773
0 565 0.021739 0.777273 0.041773 0.150000
0 566 0.616795 0.956818 0.060529 0.084091
0 574 0.003836 0.881818 0.005968 0.159091
0 577 0.444160 0.557955 0.037511 0.138636
0 578 0.488917 0.738636 0.048593 0.147727
0 579 0.543478 0.748864 0.041773 0.136364
0 583 0.287724 0.518750 0.041773 0.117045
0 584 0.485507 0.681818 0.046888 0.138636
0 585 0.897698 0.944886 0.044331 0.103409
0 586 0.366155 0.398295 0.033248 0.114773
0 587 0.444587 0.404545 0.041773 0.111364
0 628 0.301364 0.919318 0.052003 0.163636
0 636 0.420290 0.721591 0.051151 0.143182
0 649 0.342285 0.929545 0.046888 0.143182
0 651 0.465473 0.843750 0.046036 0.135227
0 653 0.080136 0.944318 0.052856 0.111364
0 654 0.352089 0.751136 0.040921 0.138636
0 656 0.378517 0.755682 0.056266 0.159091
0 657 0.405797 0.920455 0.051151 0.161364
0 658 0.418159 0.844886 0.046888 0.151136
0 659 0.384484 0.704545 0.049446 0.145455
0 660 0.428389 0.769318 0.050298 0.147727
0 662 0.555840 0.689205 0.047741 0.142045
0 666 0.859335 0.796023 0.040921 0.144318
0 671 0.824808 0.792614 0.050298 0.153409
0 688 0.403666 0.561364 0.041773 0.120455
