0 207 0.154731 0.385227 0.040068 0.127273
0 233 0.815004 0.246591 0.040921 0.097727
0 235 0.104007 0.373295 0.040921 0.121591
0 252 0.550298 0.422727 0.046888 0.125000
0 253 0.450980 0.152273 0.032396 0.097727
0 254 0.825234 0.361364 0.037511 0.115909
0 255 0.750639 0.337500 0.033248 0.106818
0 256 0.750213 0.359659 0.037511 0.110227
0 257 0.791560 0.347727 0.034953 0.115909
0 258 0.779625 0.358523 0.036658 0.117045
0 259 0.766837 0.385795 0.038363 0.119318
0 260 0.739557 0.544318 0.040068 0.120455
0 262 0.881500 0.573864 0.046036 0.125000
0 263 0.596334 0.697727 0.036658 0.129545
0 265 0.811594 0.138068 0.032396 0.103409
0 268 0.867434 0.027273 0.024723 0.052273
0 270 0.138107 0.040341 0.025575 0.076136
0 271 0.159420 0.039205 0.028986 0.076136
0 272 0.222506 0.041477 0.025575 0.078409
0 273 0.497869 0.075000 0.034101 0.088636
0 274 0.406223 0.069886 0.031543 0.082955
0 275 0.381927 0.048295 0.028986 0.085227
0 276 0.471441 0.029545 0.027280 0.056818
0 277 0.302643 0.014205 0.027280 0.026136
0 278 0.444160 0.064773 0.034101 0.093182
0 279 0.463768 0.078409 0.023870 0.061364
0 280 0.316709 0.016477 0.028133 0.030682
0 281 0.345269 0.015341 0.027280 0.028409
0 282 0.341432 0.023295 0.028133 0.044318
0 283 0.352515 0.035227 0.028133 0.068182
0 284 0.373402 0.034659 0.027280 0.067045
0 289 0.446718 0.023295 0.030691 0.044318
0 290 0.420716 0.012500 0.028133 0.022727
0 291 0.467178 0.013068 0.028986 0.023864
0 308 0.585251 0.443750 0.031543 0.080682
0 309 0.564365 0.490341 0.040921 0.121591
0 324 0.630009 0.827273 0.044331 0.138636
0 327 0.192242 0.279545 0.034953 0.104545
0 328 0.421142 0.188068 0.032396 0.103409
0 329 0.261722 0.525000 0.042626 0.138636
0 330 0.770247 0.440341 0.036658 0.110227
0 335 0.226343 0.977273 0.045183 0.045455
0 336 0.124467 0.948864 0.047741 0.100000
0 337 0.166240 0.948864 0.044331 0.102273
0 338 0.424552 0.382386 0.028986 0.096591
0 339 0.655584 0.307955 0.037511 0.106818
0 340 0.406223 0.379545 0.033248 0.106818
0 341 0.315857 0.301705 0.040068 0.105682
0 342 0.020460 0.466477 0.039216 0.135227
0 345 0.800512 0.554545 0.042626 0.129545
0 346 0.910060 0.727841 0.050298 0.130682
0 347 0.879795 0.760227 0.049446 0.147727
0 348 0.812873 0.443750 0.038363 0.114773
0 357 0.786871 0.971023 0.049446 0.057955
0 369 0.577579 0.589205 0.041773 0.119318
0 371 0.336317 0.414773 0.041773 0.111364
0 372 0.383205 0.371023 0.033248 0.105682
0 374 0.883632 0.941477 0.048593 0.110227
0 377 0.861466 0.971023 0.045183 0.060227
0 381 0.977408 0.955682 0.045183 0.090909
0 383 0.620205 0.612500 0.046888 0.134091
0 385 0.036232 0.093750 0.033248 0.082955
0 386 0.153026 0.161364 0.029838 0.093182
0 396 0.767690 0.568182 0.045183 0.129545
0 397 0.087809 0.464773 0.034101 0.115909
0 398 0.118500 0.466477 0.034101 0.119318
0 399 0.495737 0.505114 0.046888 0.128409
0 400 0.533248 0.513636 0.041773 0.115909
0 402 0.021313 0.305114 0.030691 0.103409
0 403 0.111679 0.258523 0.034101 0.092045
0 405 0.148764 0.261364 0.034953 0.106818
0 407 0.014919 0.668750 0.028133 0.144318
0 408 0.340153 0.255682 0.040921 0.111364
0 409 0.390878 0.190341 0.023018 0.089773
0 410 0.290281 0.164773 0.024723 0.075000
0 411 0.171782 0.159091 0.028133 0.102273
0 413 0.194373 0.163636 0.028986 0.093182
0 414 0.459932 0.177841 0.031543 0.092045
0 415 0.502558 0.183523 0.033248 0.092045
0 420 0.923274 0.232386 0.030691 0.085227
0 422 0.132992 0.065909 0.034101 0.088636
0 427 0.188406 0.043182 0.030691 0.075000
0 439 0.263853 0.146591 0.028133 0.093182
0 440 0.271526 0.163636 0.024723 0.061364
0 441 0.711850 0.656250 0.042626 0.137500
0 442 0.818414 0.669886 0.049446 0.142045
0 443 0.725490 0.771591 0.042626 0.147727
0 444 0.751066 0.755682 0.046036 0.152273
0 445 0.437340 0.829545 0.044331 0.156818
0 446 0.691390 0.693750 0.040921 0.123864
0 447 0.683291 0.773295 0.046888 0.137500
0 448 0.782609 0.679545 0.042626 0.134091
0 449 0.363598 0.378977 0.029838 0.087500
0 450 0.337596 0.365909 0.034101 0.109091
0 451 0.314578 0.348864 0.035806 0.120455
0 452 0.850810 0.095455 0.032396 0.093182
0 453 0.751492 0.452273 0.033248 0.079545
0 454 0.728900 0.716477 0.042626 0.151136
0 456 0.185422 0.120455 0.031543 0.093182
0 565 0.018329 0.803977 0.034953 0.144318
0 566 0.628730 0.971591 0.053708 0.056818
0 577 0.436914 0.586364 0.041773 0.143182
0 578 0.500853 0.773295 0.053708 0.151136
0 579 0.553708 0.775568 0.041773 0.137500
0 583 0.287724 0.539205 0.041773 0.117045
0 584 0.499147 0.711364 0.046888 0.138636
0 585 0.910486 0.961932 0.046036 0.078409
0 586 0.360188 0.416477 0.034953 0.114773
0 587 0.444587 0.423295 0.041773 0.112500
0 628 0.307332 0.934091 0.052003 0.134091
0 636 0.430520 0.737500 0.051151 0.134091
0 649 0.348252 0.941477 0.046888 0.117045
0 651 0.470588 0.871023 0.046036 0.135227
0 653 0.079284 0.964205 0.051151 0.073864
0 654 0.360188 0.778409 0.041773 0.138636
0 656 0.385337 0.777273 0.054561 0.154545
0 657 0.410912 0.936932 0.054561 0.126136
0 658 0.426684 0.871023 0.046888 0.157955
0 659 0.393009 0.731250 0.047741 0.151136
0 660 0.439471 0.795455 0.050298 0.147727
0 662 0.566070 0.716477 0.047741 0.142045
0 666 0.871697 0.828977 0.041773 0.148864
0 671 0.832481 0.825568 0.050298 0.155682
0 688 0.404092 0.579545 0.040921 0.120455
