0 207 0.132992 0.283523 0.035806 0.121591
0 233 0.635124 0.255682 0.042626 0.097727
0 235 0.088662 0.278977 0.035806 0.121591
0 244 0.020034 0.907386 0.038363 0.146591
0 252 0.581841 0.323864 0.046888 0.125000
0 253 0.521313 0.088068 0.029838 0.092045
0 254 0.815431 0.269318 0.038363 0.115909
0 255 0.710571 0.252273 0.033248 0.106818
0 256 0.711424 0.267614 0.036658 0.112500
0 257 0.742540 0.263636 0.037511 0.115909
0 258 0.774936 0.262500 0.037511 0.111364
0 259 0.745098 0.290341 0.037511 0.112500
0 260 0.716965 0.433523 0.044331 0.112500
0 262 0.802643 0.434091 0.046888 0.106818
0 263 0.552856 0.569318 0.033248 0.125000
0 270 0.222506 0.007955 0.023870 0.013636
0 271 0.244672 0.007386 0.025575 0.012500
0 272 0.286445 0.007955 0.025575 0.013636
0 273 0.484655 0.028977 0.036658 0.055682
0 274 0.403240 0.019318 0.027280 0.036364
0 275 0.377664 0.017614 0.025575 0.032955
0 278 0.437766 0.026136 0.031543 0.050000
0 279 0.455243 0.023295 0.025575 0.044318
0 283 0.393862 0.007386 0.028986 0.012500
0 284 0.413470 0.007955 0.028986 0.013636
0 309 0.580989 0.378977 0.041773 0.121591
0 324 0.563086 0.644318 0.041773 0.129545
0 327 0.250639 0.181250 0.035806 0.098864
0 328 0.420290 0.118750 0.028986 0.103409
0 329 0.254902 0.421023 0.037511 0.130682
0 330 0.764280 0.346591 0.033248 0.106818
0 331 0.959506 0.909659 0.043478 0.142045
0 335 0.224638 0.971591 0.052003 0.056818
0 336 0.130435 0.940909 0.049446 0.120455
0 337 0.166240 0.940341 0.044331 0.119318
0 338 0.432651 0.294318 0.033248 0.093182
0 339 0.609548 0.227273 0.037511 0.106818
0 340 0.420716 0.296023 0.040068 0.101136
0 341 0.319267 0.226136 0.034953 0.109091
0 342 0.089514 0.341477 0.042626 0.128409
0 343 0.002984 0.389773 0.004263 0.115909
0 344 0.827366 0.927841 0.053708 0.132955
0 345 0.817562 0.496591 0.042626 0.129545
0 346 0.904092 0.610227 0.055413 0.129545
0 347 0.839727 0.631818 0.049446 0.143182
0 348 0.809463 0.350568 0.034953 0.107955
0 355 0.859335 0.912500 0.049446 0.152273
0 356 0.637255 0.849432 0.048593 0.139773
0 357 0.680733 0.837500 0.050298 0.170455
0 358 0.938193 0.843182 0.046888 0.177273
0 359 0.897698 0.906250 0.040921 0.142045
0 369 0.518755 0.480682 0.033248 0.120455
0 371 0.346121 0.317045 0.034101 0.104545
0 372 0.398977 0.290909 0.028986 0.097727
0 374 0.836743 0.797159 0.045183 0.137500
0 376 0.011509 0.407386 0.021313 0.103409
0 377 0.786871 0.843750 0.059676 0.162500
0 378 0.964621 0.807955 0.038363 0.161364
0 379 0.513640 0.945455 0.046888 0.106818
0 381 0.898977 0.830682 0.052003 0.143182
0 383 0.556266 0.501136 0.038363 0.129545
0 384 0.050298 0.050568 0.030691 0.092045
0 385 0.138107 0.039205 0.032396 0.076136
0 386 0.205456 0.077273 0.028986 0.081818
0 390 0.082694 0.932386 0.056266 0.135227
0 391 0.576726 0.939773 0.050298 0.122727
0 392 0.739130 0.908523 0.040921 0.139773
0 393 0.621057 0.938068 0.046888 0.119318
0 396 0.776641 0.497727 0.042626 0.134091
0 397 0.180733 0.360795 0.035806 0.107955
0 398 0.208866 0.361932 0.039216 0.114773
0 399 0.515345 0.402273 0.040068 0.122727
0 400 0.546036 0.406818 0.038363 0.106818
0 401 0.012788 0.188636 0.023870 0.111364
0 402 0.098039 0.206818 0.034101 0.097727
0 403 0.181159 0.172727 0.029838 0.088636
0 405 0.208014 0.168750 0.028986 0.096591
0 408 0.378943 0.169886 0.038363 0.103409
0 409 0.399403 0.118182 0.024723 0.088636
0 410 0.332055 0.103409 0.024723 0.075000
0 411 0.228900 0.075000 0.028133 0.093182
0 413 0.255328 0.083523 0.028133 0.082955
0 414 0.476982 0.115909 0.029838 0.093182
0 415 0.503410 0.120455 0.028133 0.088636
0 420 0.868286 0.123864 0.034953 0.104545
0 422 0.246377 0.021023 0.028986 0.039773
0 427 0.251492 0.010795 0.030691 0.019318
0 439 0.304774 0.086364 0.028133 0.084091
0 440 0.315857 0.104545 0.024723 0.061364
0 441 0.750213 0.526705 0.046036 0.137500
0 442 0.814152 0.553977 0.040921 0.130682
0 443 0.714834 0.645455 0.041773 0.138636
0 444 0.744672 0.632955 0.046888 0.152273
0 445 0.459079 0.700000 0.046888 0.147727
0 446 0.734015 0.582955 0.037511 0.125000
0 447 0.691816 0.640341 0.038363 0.123864
0 448 0.781330 0.569318 0.036658 0.134091
0 449 0.408355 0.288636 0.028986 0.086364
0 450 0.382779 0.273295 0.034101 0.098864
0 451 0.353794 0.260795 0.035806 0.121591
0 452 0.833760 0.038636 0.032396 0.075000
0 453 0.742114 0.364773 0.033248 0.075000
0 454 0.761296 0.596023 0.042626 0.144318
0 456 0.226769 0.047727 0.028986 0.084091
0 565 0.059676 0.640341 0.042626 0.142045
0 566 0.577153 0.863636 0.056266 0.161364
0 573 0.462489 0.914773 0.046888 0.138636
0 574 0.124467 0.676136 0.049446 0.143182
0 577 0.467604 0.440909 0.040068 0.131818
0 578 0.448849 0.617045 0.046888 0.138636
0 579 0.477835 0.625568 0.036658 0.128409
0 583 0.280904 0.430682 0.041773 0.111364
0 584 0.459506 0.569318 0.044331 0.127273
0 585 0.837170 0.830114 0.046036 0.151136
0 586 0.376385 0.316477 0.034953 0.110227
0 587 0.453538 0.328409 0.037511 0.102273
0 588 0.442455 0.945455 0.051151 0.111364
0 628 0.271952 0.796591 0.051151 0.152273
0 636 0.399829 0.610227 0.046036 0.134091
0 647 0.657289 0.963636 0.044331 0.075000
0 649 0.321824 0.806818 0.041773 0.165909
0 651 0.418585 0.734659 0.042626 0.130682
0 653 0.101876 0.816477 0.050298 0.155682
0 654 0.302217 0.638068 0.038363 0.130682
0 656 0.358483 0.644318 0.046888 0.147727
0 657 0.389173 0.785795 0.052003 0.155682
0 658 0.379795 0.731818 0.046888 0.138636
0 659 0.365303 0.596591 0.050298 0.134091
0 660 0.388747 0.660795 0.046036 0.144318
0 661 0.028986 0.797727 0.051151 0.150000
0 662 0.499574 0.574432 0.042626 0.128409
0 665 0.902387 0.977841 0.045183 0.044318
0 666 0.837170 0.669318 0.037511 0.129545
0 671 0.809463 0.657955 0.045183 0.140909
0 678 0.985507 0.886364 0.028986 0.131818
0 679 0.960358 0.950568 0.060529 0.101136
0 683 0.697783 0.972727 0.036658 0.052273
0 686 0.715686 0.965341 0.036658 0.069318
0 688 0.396419 0.480682 0.040921 0.115909
