0 207 0.134697 0.288636 0.035806 0.118182
0 233 0.650043 0.253409 0.041773 0.097727
0 235 0.091219 0.285227 0.035806 0.120455
0 244 0.015772 0.919318 0.029838 0.147727
0 252 0.579284 0.329545 0.046888 0.125000
0 253 0.515345 0.093182 0.028133 0.093182
0 254 0.812873 0.276136 0.038363 0.115909
0 255 0.713981 0.259091 0.033248 0.106818
0 256 0.715260 0.275000 0.034101 0.113636
0 257 0.748508 0.268182 0.037511 0.115909
0 258 0.774084 0.271591 0.037511 0.111364
0 259 0.750213 0.301705 0.037511 0.112500
0 260 0.720801 0.440909 0.045183 0.113636
0 262 0.826513 0.451705 0.046888 0.114773
0 263 0.551151 0.579545 0.033248 0.125000
0 270 0.213981 0.009091 0.023870 0.015909
0 271 0.236999 0.009091 0.025575 0.015909
0 272 0.281330 0.010227 0.025575 0.018182
0 273 0.486360 0.030682 0.036658 0.059091
0 274 0.402813 0.021591 0.028133 0.040909
0 275 0.375959 0.019886 0.025575 0.037500
0 278 0.437766 0.027841 0.031543 0.053409
0 279 0.455243 0.026136 0.025575 0.047727
0 283 0.389599 0.009091 0.028986 0.015909
0 284 0.410060 0.009091 0.028986 0.015909
0 309 0.581415 0.387500 0.042626 0.120455
0 324 0.569054 0.657955 0.041773 0.129545
0 327 0.245524 0.188636 0.035806 0.100000
0 328 0.420716 0.124432 0.031543 0.105682
0 329 0.254902 0.428409 0.037511 0.131818
0 330 0.765985 0.356818 0.033248 0.106818
0 331 0.968031 0.920455 0.043478 0.143182
0 335 0.224638 0.971591 0.052003 0.056818
0 336 0.129582 0.940341 0.049446 0.121591
0 337 0.167093 0.940909 0.044331 0.118182
0 338 0.436914 0.301136 0.033248 0.093182
0 339 0.612958 0.234091 0.037511 0.106818
0 340 0.424126 0.301705 0.036658 0.098864
0 341 0.317562 0.231818 0.034953 0.109091
0 342 0.086104 0.347159 0.042626 0.128409
0 344 0.842711 0.939773 0.052003 0.115909
0 345 0.817562 0.500000 0.042626 0.129545
0 346 0.905797 0.618182 0.055413 0.129545
0 347 0.841858 0.640909 0.048593 0.143182
0 348 0.809463 0.356818 0.038363 0.111364
0 355 0.867434 0.922159 0.045183 0.146591
0 356 0.643649 0.864773 0.049446 0.143182
0 357 0.687127 0.853977 0.051151 0.171591
0 358 0.944160 0.855114 0.046888 0.178409
0 359 0.905371 0.917614 0.040921 0.139773
0 369 0.519608 0.489773 0.033248 0.120455
0 371 0.346547 0.325568 0.034953 0.103409
0 372 0.396846 0.297159 0.028133 0.098864
0 374 0.838448 0.807386 0.045183 0.137500
0 376 0.008525 0.414205 0.015345 0.103409
0 377 0.791986 0.859091 0.059676 0.165909
0 378 0.973146 0.817045 0.038363 0.161364
0 379 0.513640 0.955114 0.046888 0.089773
0 381 0.904092 0.842045 0.053708 0.143182
0 383 0.557118 0.512500 0.038363 0.129545
0 384 0.040921 0.053977 0.030691 0.094318
0 385 0.130435 0.041477 0.032396 0.078409
0 386 0.202899 0.084091 0.028986 0.081818
0 390 0.077153 0.937500 0.055413 0.125000
0 391 0.577579 0.946591 0.050298 0.109091
0 392 0.752344 0.925568 0.041773 0.132955
0 393 0.624467 0.947727 0.046888 0.106818
0 396 0.779199 0.496591 0.042626 0.134091
0 397 0.172634 0.368750 0.034953 0.107955
0 398 0.201194 0.368182 0.037511 0.115909
0 399 0.515345 0.410795 0.040068 0.123864
0 400 0.545183 0.414773 0.038363 0.106818
0 401 0.008525 0.193182 0.015345 0.111364
0 402 0.092072 0.214205 0.032396 0.098864
0 403 0.177749 0.179545 0.029838 0.088636
0 405 0.206735 0.175000 0.031543 0.097727
0 408 0.372549 0.174432 0.039216 0.103409
0 409 0.400682 0.122727 0.023870 0.088636
0 410 0.328645 0.109091 0.024723 0.075000
0 411 0.223785 0.080682 0.028133 0.093182
0 413 0.251918 0.090341 0.028133 0.082955
0 414 0.476982 0.118182 0.029838 0.093182
0 415 0.502984 0.125000 0.028986 0.088636
0 420 0.874254 0.131818 0.034953 0.104545
0 422 0.235720 0.023864 0.031543 0.045455
0 427 0.247229 0.011932 0.030691 0.021591
0 439 0.303069 0.090909 0.028133 0.084091
0 440 0.312447 0.107955 0.024723 0.061364
0 441 0.752771 0.537500 0.046036 0.138636
0 442 0.815857 0.563068 0.040921 0.130682
0 443 0.712276 0.653409 0.041773 0.138636
0 444 0.741262 0.644318 0.046888 0.152273
0 445 0.458227 0.710227 0.046888 0.147727
0 446 0.728900 0.589773 0.037511 0.125000
0 447 0.687553 0.649432 0.038363 0.123864
0 448 0.784740 0.579545 0.036658 0.134091
0 449 0.403240 0.295455 0.028986 0.086364
0 450 0.379369 0.277841 0.034101 0.098864
0 451 0.352941 0.267614 0.035806 0.121591
0 452 0.832907 0.041477 0.032396 0.080682
0 453 0.742114 0.371591 0.033248 0.075000
0 454 0.758738 0.606818 0.042626 0.147727
0 456 0.225064 0.051136 0.028986 0.084091
0 565 0.057971 0.653977 0.042626 0.142045
0 566 0.583546 0.873864 0.055413 0.161364
0 573 0.463342 0.927273 0.046888 0.138636
0 574 0.120631 0.697159 0.052003 0.146591
0 577 0.467178 0.450568 0.039216 0.132955
0 578 0.449702 0.631818 0.046888 0.138636
0 579 0.479540 0.635795 0.036658 0.128409
0 583 0.280904 0.437500 0.041773 0.111364
0 584 0.460358 0.578977 0.042626 0.128409
0 585 0.843990 0.843182 0.046036 0.150000
0 586 0.377238 0.325000 0.034953 0.113636
0 587 0.452685 0.335795 0.037511 0.103409
0 588 0.442455 0.953977 0.051151 0.094318
0 628 0.274510 0.807955 0.051151 0.152273
0 636 0.400682 0.620455 0.046036 0.134091
0 647 0.663683 0.971591 0.041773 0.059091
0 649 0.324382 0.817045 0.041773 0.165909
0 651 0.421142 0.743182 0.042626 0.127273
0 653 0.099318 0.831250 0.050298 0.155682
0 654 0.306053 0.644886 0.037511 0.130682
0 656 0.358909 0.655114 0.047741 0.148864
0 657 0.391304 0.794886 0.051151 0.153409
0 658 0.384058 0.743182 0.046888 0.138636
0 659 0.365303 0.605682 0.050298 0.134091
0 660 0.388321 0.671023 0.045183 0.146591
0 661 0.022592 0.813068 0.043478 0.146591
0 662 0.502984 0.585227 0.042626 0.129545
0 666 0.838022 0.679545 0.037511 0.129545
0 671 0.809037 0.669886 0.046036 0.142045
0 678 0.985934 0.909659 0.029838 0.139773
0 679 0.967604 0.957955 0.057971 0.086364
0 686 0.720801 0.972159 0.036658 0.055682
0 688 0.396846 0.486364 0.041773 0.115909
