0 207 0.135550 0.290341 0.035806 0.117045
0 233 0.654731 0.252273 0.042626 0.097727
0 235 0.092072 0.287500 0.035806 0.120455
0 244 0.014493 0.923295 0.027280 0.146591
0 252 0.577579 0.332955 0.046888 0.125000
0 253 0.513640 0.094318 0.028133 0.093182
0 254 0.813725 0.278409 0.038363 0.115909
0 255 0.714834 0.261364 0.033248 0.106818
0 256 0.716539 0.277841 0.033248 0.114773
0 257 0.750213 0.269318 0.037511 0.115909
0 258 0.774936 0.273864 0.037511 0.111364
0 259 0.750213 0.302841 0.037511 0.112500
0 260 0.722933 0.443750 0.046036 0.114773
0 262 0.835891 0.455114 0.046888 0.114773
0 263 0.551151 0.584091 0.033248 0.125000
0 270 0.211424 0.009659 0.023870 0.017045
0 271 0.234442 0.009659 0.025575 0.017045
0 272 0.279625 0.011364 0.025575 0.020455
0 273 0.486786 0.031250 0.037511 0.060227
0 274 0.402813 0.022159 0.028133 0.042045
0 275 0.375959 0.020455 0.025575 0.038636
0 278 0.437340 0.028409 0.032396 0.054545
0 279 0.455243 0.027273 0.025575 0.047727
0 283 0.388747 0.009659 0.028986 0.017045
0 284 0.409207 0.009659 0.028986 0.017045
0 309 0.581415 0.390341 0.042626 0.121591
0 324 0.571611 0.663068 0.041773 0.130682
0 327 0.244246 0.190909 0.034953 0.102273
0 328 0.421142 0.126705 0.032396 0.105682
0 329 0.254902 0.431250 0.037511 0.132955
0 330 0.766837 0.360227 0.033248 0.106818
0 331 0.970588 0.924432 0.043478 0.142045
0 335 0.223785 0.971591 0.052003 0.056818
0 336 0.129582 0.940341 0.049446 0.121591
0 337 0.167093 0.940909 0.044331 0.118182
0 338 0.436914 0.302273 0.033248 0.093182
0 339 0.613811 0.236364 0.037511 0.106818
0 340 0.424552 0.303409 0.037511 0.097727
0 341 0.317136 0.232955 0.035806 0.109091
0 342 0.082694 0.349432 0.042626 0.128409
0 344 0.848252 0.944318 0.051151 0.111364
0 345 0.817562 0.502273 0.042626 0.129545
0 346 0.906223 0.620455 0.056266 0.129545
0 347 0.842285 0.644318 0.047741 0.143182
0 348 0.809463 0.359659 0.038363 0.112500
0 355 0.869991 0.925568 0.043478 0.144318
0 356 0.645780 0.869886 0.050298 0.144318
0 357 0.689685 0.859091 0.051151 0.172727
0 358 0.945865 0.859091 0.046888 0.179545
0 359 0.907928 0.921023 0.040921 0.137500
0 369 0.520460 0.492045 0.033248 0.120455
0 371 0.347400 0.328977 0.034953 0.103409
0 372 0.395993 0.299432 0.028133 0.098864
0 374 0.839727 0.811932 0.046036 0.137500
0 376 0.007246 0.415341 0.012788 0.103409
0 377 0.793691 0.864773 0.059676 0.165909
0 378 0.976130 0.820455 0.037511 0.161364
0 379 0.513214 0.957386 0.046036 0.085227
0 381 0.906223 0.845455 0.054561 0.143182
0 383 0.557118 0.516477 0.038363 0.128409
0 384 0.037511 0.055114 0.030691 0.094318
0 385 0.128303 0.043182 0.031543 0.079545
0 386 0.202472 0.086364 0.028133 0.081818
0 390 0.074595 0.938636 0.055413 0.122727
0 391 0.578005 0.948864 0.051151 0.104545
0 392 0.756607 0.931250 0.041773 0.130682
0 393 0.626172 0.950000 0.046888 0.102273
0 396 0.780051 0.495455 0.042626 0.134091
0 397 0.170077 0.371023 0.034953 0.107955
0 398 0.199062 0.370455 0.036658 0.115909
0 399 0.514919 0.413068 0.039216 0.123864
0 400 0.544331 0.417045 0.038363 0.106818
0 401 0.006820 0.194318 0.011935 0.111364
0 402 0.090793 0.217045 0.031543 0.097727
0 403 0.176044 0.180682 0.029838 0.088636
0 405 0.206309 0.176705 0.032396 0.098864
0 408 0.369991 0.175568 0.039216 0.103409
0 409 0.400682 0.123864 0.023870 0.088636
0 410 0.326939 0.110227 0.024723 0.075000
0 411 0.222080 0.082955 0.028133 0.093182
0 413 0.250213 0.090341 0.028133 0.082955
0 414 0.476130 0.119318 0.029838 0.093182
0 415 0.502984 0.126136 0.028986 0.088636
0 420 0.875959 0.134659 0.034953 0.103409
0 422 0.232310 0.024432 0.031543 0.046591
0 427 0.245524 0.012500 0.030691 0.022727
0 439 0.302217 0.092614 0.028133 0.085227
0 440 0.311594 0.110227 0.024723 0.061364
0 441 0.753623 0.539773 0.046036 0.138636
0 442 0.816709 0.565909 0.040921 0.131818
0 443 0.711424 0.655682 0.041773 0.138636
0 444 0.740409 0.648864 0.046888 0.152273
0 445 0.458227 0.713636 0.046888 0.147727
0 446 0.727195 0.593182 0.037511 0.125000
0 447 0.686701 0.651705 0.038363 0.123864
0 448 0.785592 0.582955 0.036658 0.134091
0 449 0.401535 0.297727 0.028986 0.086364
0 450 0.378090 0.278977 0.034953 0.098864
0 451 0.352089 0.269318 0.035806 0.120455
0 452 0.832907 0.042614 0.032396 0.082955
0 453 0.742114 0.373864 0.033248 0.075000
0 454 0.757886 0.609091 0.042626 0.147727
0 456 0.224211 0.052273 0.028986 0.084091
0 565 0.057545 0.658523 0.041773 0.142045
0 566 0.585678 0.878409 0.056266 0.161364
0 573 0.464194 0.931818 0.046888 0.138636
0 574 0.116368 0.704545 0.052003 0.147727
0 577 0.466752 0.453977 0.038363 0.132955
0 578 0.450554 0.636364 0.046888 0.138636
0 579 0.480818 0.639205 0.037511 0.128409
0 583 0.280904 0.439773 0.041773 0.111364
0 584 0.460784 0.582386 0.041773 0.128409
0 585 0.846121 0.847159 0.046888 0.151136
0 586 0.377664 0.327841 0.035806 0.114773
0 587 0.452685 0.338636 0.037511 0.104545
0 588 0.442455 0.956818 0.051151 0.088636
0 628 0.275362 0.812500 0.051151 0.152273
0 636 0.400682 0.623864 0.046036 0.134091
0 647 0.665814 0.973864 0.039216 0.054545
0 649 0.325234 0.820455 0.041773 0.165909
0 651 0.422847 0.746023 0.042626 0.126136
0 653 0.098465 0.835795 0.050298 0.155682
0 654 0.306905 0.649432 0.037511 0.130682
0 656 0.359335 0.659091 0.048593 0.150000
0 657 0.392157 0.798864 0.051151 0.154545
0 658 0.385763 0.747159 0.046888 0.139773
0 659 0.365303 0.609091 0.050298 0.134091
0 660 0.389173 0.674432 0.045183 0.146591
0 661 0.020887 0.818750 0.040068 0.146591
0 662 0.503836 0.588636 0.044331 0.129545
0 666 0.838022 0.684091 0.037511 0.129545
0 671 0.809463 0.673864 0.046888 0.143182
0 678 0.986360 0.914205 0.028986 0.135227
0 679 0.968883 0.960795 0.057118 0.080682
0 686 0.722080 0.974432 0.035806 0.051136
0 688 0.397272 0.488636 0.042626 0.115909
