0 207 0.148764 0.372159 0.041773 0.126136
0 233 0.798380 0.246591 0.041773 0.097727
0 235 0.101876 0.360227 0.041773 0.120455
0 252 0.552430 0.407955 0.047741 0.125000
0 253 0.458653 0.145455 0.032396 0.097727
0 254 0.822251 0.350000 0.038363 0.115909
0 255 0.748934 0.326136 0.033248 0.106818
0 256 0.748082 0.345455 0.038363 0.111364
0 257 0.788150 0.336364 0.034953 0.115909
0 258 0.774510 0.346023 0.036658 0.117045
0 259 0.766411 0.374432 0.037511 0.119318
0 260 0.741688 0.528409 0.040921 0.120455
0 262 0.878943 0.560227 0.051151 0.125000
0 263 0.589514 0.682955 0.036658 0.129545
0 265 0.807332 0.130682 0.032396 0.104545
0 268 0.855499 0.026136 0.026428 0.050000
0 270 0.146633 0.035227 0.025575 0.068182
0 271 0.167519 0.034659 0.028133 0.067045
0 272 0.231032 0.037500 0.025575 0.072727
0 273 0.497016 0.067045 0.035806 0.086364
0 274 0.404945 0.060795 0.030691 0.080682
0 275 0.380648 0.042614 0.028133 0.082955
0 276 0.471441 0.025568 0.027280 0.048864
0 277 0.310742 0.010795 0.026428 0.019318
0 278 0.443308 0.056818 0.034101 0.093182
0 279 0.462063 0.070455 0.023870 0.059091
0 280 0.326939 0.013068 0.028133 0.023864
0 281 0.355499 0.011932 0.027280 0.021591
0 282 0.347826 0.018750 0.027280 0.035227
0 283 0.356777 0.031250 0.028133 0.060227
0 284 0.377664 0.030682 0.027280 0.059091
0 289 0.445865 0.019318 0.030691 0.036364
0 290 0.420290 0.009659 0.028986 0.017045
0 291 0.468031 0.010227 0.028986 0.018182
0 309 0.565644 0.477841 0.041773 0.121591
0 324 0.624041 0.803409 0.046036 0.134091
0 327 0.198636 0.267045 0.035806 0.104545
0 328 0.420290 0.178977 0.032396 0.103409
0 329 0.260443 0.511364 0.041773 0.138636
0 330 0.770247 0.427841 0.036658 0.110227
0 335 0.224638 0.975568 0.046888 0.048864
0 336 0.125320 0.946591 0.047741 0.106818
0 337 0.166240 0.946023 0.044331 0.107955
0 338 0.427110 0.368750 0.028986 0.096591
0 339 0.650469 0.300000 0.037511 0.106818
0 340 0.409633 0.371591 0.033248 0.106818
0 341 0.315004 0.291477 0.040068 0.105682
0 342 0.023018 0.445455 0.044331 0.134091
0 345 0.804774 0.544318 0.042626 0.129545
0 346 0.909633 0.713636 0.052856 0.129545
0 347 0.874254 0.743182 0.048593 0.147727
0 348 0.811594 0.426705 0.037511 0.114773
0 356 0.719096 0.975568 0.040068 0.051136
0 357 0.778346 0.959091 0.056266 0.081818
0 369 0.561807 0.574432 0.037511 0.123864
0 371 0.337170 0.401705 0.041773 0.110227
0 372 0.386616 0.360795 0.033248 0.105682
0 374 0.876812 0.928409 0.050298 0.127273
0 377 0.852941 0.959659 0.050298 0.082955
0 381 0.971441 0.944886 0.050298 0.110227
0 383 0.594629 0.604545 0.038363 0.134091
0 385 0.049020 0.086364 0.034953 0.084091
0 386 0.153026 0.152273 0.029838 0.093182
0 396 0.768116 0.557955 0.040921 0.129545
0 397 0.096334 0.451705 0.035806 0.114773
0 398 0.128730 0.453409 0.035806 0.115909
0 399 0.500000 0.492614 0.038363 0.128409
0 400 0.534953 0.501136 0.041773 0.115909
0 402 0.028133 0.289773 0.030691 0.104545
0 403 0.120205 0.248295 0.032396 0.089773
0 405 0.155584 0.247159 0.033248 0.107955
0 407 0.011509 0.648864 0.021313 0.143182
0 408 0.342711 0.241477 0.046036 0.110227
0 409 0.392583 0.181818 0.023018 0.093182
0 410 0.294118 0.156818 0.023870 0.075000
0 411 0.176897 0.148864 0.028133 0.102273
0 413 0.202899 0.151136 0.028986 0.093182
0 414 0.462489 0.170455 0.029838 0.093182
0 415 0.502131 0.176136 0.032396 0.090909
0 420 0.923274 0.216477 0.030691 0.089773
0 422 0.143223 0.057955 0.034101 0.088636
0 427 0.196078 0.038636 0.030691 0.068182
0 439 0.267690 0.138636 0.028986 0.093182
0 440 0.275362 0.155682 0.023870 0.061364
0 441 0.721228 0.639205 0.042626 0.137500
0 442 0.817988 0.655682 0.046888 0.143182
0 443 0.716965 0.754545 0.042626 0.147727
0 444 0.746803 0.742045 0.046036 0.152273
0 445 0.443734 0.808523 0.045183 0.153409
0 446 0.695652 0.679545 0.040921 0.125000
0 447 0.681159 0.752841 0.046036 0.135227
0 448 0.784314 0.667614 0.042626 0.132955
0 449 0.367008 0.367614 0.029838 0.087500
0 450 0.343990 0.352273 0.033248 0.109091
0 451 0.319693 0.337500 0.035806 0.120455
0 452 0.848252 0.087500 0.032396 0.093182
0 453 0.751492 0.440909 0.033248 0.079545
0 454 0.735720 0.701705 0.042626 0.151136
0 456 0.190111 0.111364 0.028986 0.090909
0 565 0.020460 0.786364 0.039216 0.147727
0 566 0.620205 0.961932 0.058824 0.076136
0 577 0.442029 0.567045 0.038363 0.138636
0 578 0.492327 0.747727 0.046888 0.147727
0 579 0.546888 0.757955 0.041773 0.136364
0 583 0.287724 0.525568 0.041773 0.117045
0 584 0.489770 0.690909 0.046888 0.138636
0 585 0.901961 0.951136 0.044331 0.095455
0 586 0.365303 0.403977 0.033248 0.114773
0 587 0.444587 0.410227 0.041773 0.111364
0 628 0.303495 0.923864 0.051151 0.154545
0 636 0.423700 0.727273 0.051151 0.140909
0 649 0.344842 0.933523 0.046888 0.135227
0 651 0.467178 0.852841 0.046036 0.135227
0 653 0.079710 0.950000 0.052003 0.100000
0 654 0.355499 0.761364 0.040921 0.138636
0 656 0.381074 0.763068 0.057971 0.155682
0 657 0.407076 0.925568 0.052003 0.148864
0 658 0.420716 0.853977 0.046888 0.153409
0 659 0.387468 0.713068 0.048593 0.146591
0 660 0.430946 0.778409 0.050298 0.147727
0 662 0.559250 0.698295 0.051151 0.142045
0 666 0.863598 0.803977 0.040921 0.144318
0 671 0.827366 0.803409 0.050298 0.154545
0 688 0.403666 0.567045 0.041773 0.120455
