0 207 0.139386 0.305114 0.034953 0.114773
0 233 0.693095 0.254545 0.040921 0.097727
0 235 0.097613 0.304545 0.034953 0.120455
0 244 0.008099 0.939773 0.014493 0.120455
0 252 0.569054 0.351136 0.046888 0.125000
0 253 0.499574 0.104545 0.028986 0.093182
0 254 0.816283 0.294318 0.038363 0.115909
0 255 0.725064 0.276136 0.033248 0.106818
0 256 0.727621 0.294886 0.033248 0.114773
0 257 0.764280 0.282955 0.033248 0.115909
0 258 0.774510 0.287500 0.036658 0.106818
0 259 0.754476 0.316477 0.037511 0.114773
0 260 0.726769 0.468182 0.043478 0.120455
0 262 0.867434 0.479545 0.041773 0.118182
0 263 0.556266 0.605114 0.036658 0.130682
0 270 0.195652 0.015341 0.024723 0.028409
0 271 0.216539 0.013636 0.025575 0.025000
0 272 0.267690 0.016477 0.025575 0.030682
0 273 0.490196 0.035795 0.037511 0.069318
0 274 0.402387 0.028409 0.028986 0.054545
0 275 0.375959 0.025568 0.025575 0.048864
0 278 0.436914 0.032955 0.033248 0.063636
0 279 0.455669 0.035227 0.024723 0.052273
0 283 0.379369 0.013636 0.028986 0.025000
0 284 0.401535 0.013068 0.028986 0.023864
0 309 0.579710 0.411364 0.042626 0.120455
0 324 0.583546 0.694886 0.041773 0.135227
0 327 0.235294 0.206818 0.035806 0.104545
0 328 0.420716 0.136364 0.033248 0.106818
0 329 0.253623 0.448864 0.038363 0.134091
0 330 0.768542 0.375000 0.033248 0.106818
0 331 0.978687 0.943182 0.040921 0.115909
0 335 0.222933 0.971591 0.052003 0.056818
0 336 0.130009 0.940341 0.048593 0.121591
0 337 0.167093 0.941477 0.044331 0.117045
0 338 0.436061 0.315909 0.031543 0.095455
0 339 0.623188 0.251136 0.037511 0.106818
0 340 0.423274 0.316477 0.045183 0.101136
0 341 0.316283 0.247727 0.035806 0.109091
0 342 0.064791 0.373864 0.042626 0.127273
0 344 0.890452 0.966477 0.043478 0.067045
0 345 0.811594 0.513636 0.042626 0.129545
0 346 0.908781 0.637500 0.056266 0.129545
0 347 0.847400 0.665341 0.046036 0.144318
0 348 0.810742 0.374432 0.037511 0.114773
0 355 0.889173 0.940341 0.044331 0.117045
0 356 0.661978 0.902841 0.052003 0.144318
0 357 0.707161 0.897727 0.053708 0.175000
0 358 0.960358 0.885227 0.045183 0.184091
0 359 0.924979 0.943182 0.040921 0.113636
0 369 0.526002 0.513636 0.032396 0.120455
0 371 0.346121 0.346023 0.040921 0.110227
0 372 0.393862 0.313068 0.032396 0.105682
0 374 0.848679 0.841477 0.050298 0.142045
0 377 0.806053 0.901136 0.060529 0.172727
0 378 0.984655 0.840341 0.032396 0.164773
0 379 0.512361 0.976136 0.042626 0.047727
0 381 0.921569 0.871591 0.056266 0.143182
0 383 0.554561 0.538636 0.045183 0.134091
0 384 0.014919 0.065341 0.028133 0.094318
0 385 0.112106 0.051705 0.031543 0.082955
0 386 0.184996 0.100000 0.028986 0.081818
0 390 0.062660 0.952273 0.055413 0.095455
0 391 0.580563 0.966477 0.049446 0.069318
0 392 0.785592 0.953977 0.048593 0.092045
0 393 0.632140 0.968182 0.045183 0.065909
0 396 0.775362 0.511364 0.041773 0.134091
0 397 0.148764 0.389205 0.036658 0.110227
0 398 0.182864 0.386932 0.036658 0.114773
0 399 0.511509 0.430682 0.040921 0.125000
0 400 0.545610 0.436364 0.042626 0.115909
0 402 0.074595 0.234659 0.028133 0.098864
0 403 0.168372 0.196591 0.029838 0.088636
0 405 0.192668 0.193182 0.027280 0.102273
0 408 0.360614 0.192045 0.039216 0.104545
0 409 0.401961 0.138636 0.023018 0.093182
0 410 0.317988 0.120455 0.023870 0.075000
0 411 0.210571 0.098864 0.032396 0.097727
0 413 0.239983 0.102841 0.024723 0.082955
0 414 0.470162 0.130682 0.031543 0.093182
0 415 0.502984 0.136364 0.028986 0.088636
0 420 0.889599 0.155114 0.034953 0.103409
0 422 0.209292 0.029545 0.033248 0.056818
0 427 0.234442 0.017614 0.030691 0.032955
0 439 0.295823 0.103409 0.028986 0.093182
0 440 0.302643 0.119318 0.023870 0.061364
0 441 0.749787 0.564773 0.050298 0.138636
0 442 0.819267 0.584659 0.042626 0.137500
0 443 0.707161 0.677841 0.041773 0.142045
0 444 0.741262 0.669318 0.046888 0.152273
0 445 0.454390 0.736364 0.046036 0.150000
0 446 0.716539 0.609659 0.038363 0.123864
0 447 0.681586 0.671023 0.045183 0.128409
0 448 0.789003 0.598864 0.036658 0.134091
0 449 0.393436 0.313068 0.029838 0.087500
0 450 0.372975 0.296591 0.034953 0.104545
0 451 0.347826 0.282955 0.035806 0.120455
0 452 0.834612 0.047159 0.032396 0.089773
0 453 0.742967 0.392045 0.033248 0.079545
0 454 0.752771 0.626136 0.042626 0.143182
0 456 0.215260 0.065909 0.029838 0.084091
0 565 0.044757 0.686932 0.041773 0.142045
0 566 0.597187 0.902841 0.057118 0.155682
0 573 0.465899 0.948295 0.046888 0.103409
0 574 0.089940 0.757955 0.048593 0.159091
0 577 0.461211 0.478977 0.040921 0.130682
0 578 0.458653 0.659091 0.042626 0.138636
0 579 0.491475 0.665341 0.041773 0.128409
0 583 0.283887 0.459091 0.046036 0.111364
0 584 0.463342 0.607955 0.041773 0.134091
0 585 0.861893 0.876705 0.046036 0.148864
0 586 0.375959 0.344318 0.034101 0.115909
0 587 0.447997 0.356818 0.038363 0.106818
0 588 0.445865 0.975568 0.057971 0.051136
0 628 0.281330 0.842045 0.051151 0.159091
0 636 0.402387 0.648295 0.046036 0.142045
0 649 0.332055 0.850000 0.043478 0.170455
0 651 0.432651 0.769318 0.043478 0.127273
0 653 0.089940 0.866477 0.053708 0.155682
0 654 0.318414 0.675568 0.041773 0.132955
0 656 0.361893 0.682386 0.050298 0.148864
0 657 0.396419 0.831250 0.051151 0.162500
0 658 0.394288 0.771023 0.046888 0.139773
0 659 0.371697 0.632955 0.047741 0.138636
0 660 0.396419 0.697159 0.046036 0.146591
0 661 0.008525 0.855114 0.015345 0.155682
0 662 0.515345 0.612500 0.043478 0.129545
0 666 0.838022 0.709091 0.037511 0.129545
0 671 0.812447 0.702841 0.049446 0.148864
0 688 0.404092 0.503409 0.042626 0.115909
