0 207 0.139812 0.334091 0.035806 0.120455
0 233 0.748082 0.251136 0.033248 0.093182
0 235 0.101876 0.328977 0.038363 0.121591
0 244 0.003836 0.953977 0.005968 0.092045
0 252 0.564791 0.374432 0.046888 0.123864
0 253 0.479113 0.118750 0.028986 0.094318
0 254 0.817562 0.318182 0.037511 0.115909
0 255 0.739557 0.298864 0.033248 0.106818
0 256 0.740409 0.316477 0.033248 0.105682
0 257 0.771952 0.305682 0.034953 0.115909
0 258 0.766837 0.306818 0.036658 0.115909
0 259 0.762148 0.342614 0.037511 0.117045
0 260 0.735720 0.491477 0.042626 0.119318
0 262 0.876812 0.511932 0.050298 0.123864
0 263 0.572464 0.637500 0.036658 0.134091
0 265 0.788150 0.117045 0.031543 0.104545
0 270 0.173487 0.023864 0.024723 0.045455
0 271 0.193095 0.021591 0.026428 0.040909
0 272 0.252344 0.026136 0.025575 0.050000
0 273 0.495311 0.043182 0.039216 0.081818
0 274 0.401535 0.036932 0.030691 0.071591
0 275 0.377238 0.032955 0.026428 0.063636
0 276 0.475703 0.014205 0.028986 0.026136
0 278 0.439045 0.043182 0.034101 0.084091
0 279 0.457374 0.048295 0.024723 0.053409
0 282 0.364450 0.009659 0.028133 0.017045
0 283 0.367860 0.020455 0.028133 0.038636
0 284 0.390452 0.020455 0.027280 0.038636
0 289 0.445865 0.011364 0.030691 0.020455
0 309 0.572464 0.441477 0.041773 0.121591
0 324 0.603581 0.743750 0.042626 0.137500
0 327 0.219523 0.232386 0.034953 0.103409
0 328 0.421142 0.153409 0.032396 0.102273
0 329 0.257460 0.475000 0.037511 0.138636
0 330 0.770673 0.396023 0.034101 0.110227
0 335 0.221228 0.971591 0.052003 0.056818
0 336 0.129582 0.942045 0.047741 0.118182
0 337 0.167093 0.942614 0.044331 0.114773
0 338 0.434356 0.338068 0.031543 0.096591
0 339 0.635124 0.273864 0.037511 0.106818
0 340 0.409633 0.337500 0.033248 0.104545
0 341 0.312447 0.265909 0.040068 0.106818
0 342 0.041773 0.402841 0.047741 0.128409
0 345 0.806479 0.526136 0.042626 0.129545
0 346 0.908355 0.671591 0.055413 0.129545
0 347 0.859761 0.700000 0.046888 0.147727
0 348 0.807332 0.399432 0.037511 0.114773
0 355 0.912617 0.961932 0.048593 0.076136
0 356 0.686275 0.939773 0.051151 0.115909
0 357 0.737852 0.928409 0.060529 0.143182
0 358 0.980392 0.914205 0.034101 0.173864
0 359 0.955669 0.962500 0.037511 0.075000
0 369 0.535806 0.537500 0.033248 0.115909
0 371 0.339727 0.368750 0.041773 0.110227
0 372 0.391731 0.337500 0.033248 0.106818
0 374 0.860614 0.882955 0.052003 0.143182
0 377 0.823956 0.929545 0.060529 0.143182
0 381 0.945865 0.909091 0.053708 0.143182
0 383 0.556266 0.565909 0.046888 0.134091
0 385 0.083120 0.066477 0.034953 0.082955
0 386 0.169650 0.121023 0.028986 0.087500
0 390 0.045183 0.972159 0.051151 0.057955
0 396 0.773231 0.531250 0.042626 0.130682
0 397 0.123615 0.419318 0.032396 0.111364
0 398 0.159420 0.414205 0.035806 0.114773
0 399 0.506394 0.451136 0.039216 0.120455
0 400 0.541347 0.465909 0.042626 0.115909
0 402 0.054135 0.260227 0.029838 0.104545
0 403 0.147911 0.217045 0.029838 0.088636
0 405 0.178176 0.216477 0.030691 0.103409
0 408 0.352089 0.214205 0.040921 0.110227
0 409 0.398551 0.156818 0.023018 0.093182
0 410 0.306479 0.135227 0.024723 0.075000
0 411 0.194800 0.120455 0.028133 0.102273
0 413 0.224638 0.125000 0.028133 0.093182
0 414 0.466752 0.147727 0.033248 0.093182
0 415 0.504689 0.154545 0.028986 0.088636
0 420 0.907928 0.175568 0.032396 0.103409
0 422 0.174339 0.039773 0.033248 0.077273
0 427 0.218244 0.025568 0.030691 0.048864
0 439 0.283461 0.119318 0.028133 0.093182
0 440 0.290708 0.135227 0.023870 0.061364
0 441 0.741262 0.594886 0.046888 0.137500
0 442 0.816709 0.613636 0.042626 0.138636
0 443 0.707161 0.706818 0.041773 0.143182
0 444 0.740409 0.699432 0.045183 0.153409
0 445 0.449275 0.768182 0.046036 0.152273
0 446 0.705030 0.639773 0.042626 0.125000
0 447 0.672208 0.706818 0.046888 0.129545
0 448 0.788576 0.634091 0.039216 0.131818
0 449 0.378943 0.336932 0.029838 0.087500
0 450 0.361466 0.321023 0.034101 0.105682
0 451 0.334186 0.306818 0.035806 0.120455
0 452 0.838022 0.063636 0.032396 0.093182
0 453 0.742114 0.413636 0.033248 0.079545
0 454 0.743393 0.655114 0.040921 0.139773
0 456 0.207161 0.082386 0.028986 0.085227
0 565 0.031117 0.734659 0.041773 0.151136
0 566 0.606991 0.934091 0.059676 0.129545
0 573 0.466752 0.972159 0.043478 0.055682
0 574 0.031543 0.824432 0.049446 0.160227
0 577 0.452259 0.520455 0.040068 0.138636
0 578 0.473998 0.694886 0.047741 0.142045
0 579 0.519182 0.697727 0.037511 0.129545
0 583 0.286871 0.486364 0.041773 0.115909
0 584 0.468457 0.645455 0.046888 0.138636
0 585 0.878517 0.913636 0.043478 0.138636
0 586 0.375107 0.369318 0.034101 0.113636
0 587 0.445865 0.378977 0.039216 0.105682
0 628 0.291134 0.885227 0.052003 0.172727
0 636 0.409633 0.685795 0.046888 0.142045
0 649 0.340580 0.894886 0.046888 0.173864
0 651 0.449275 0.807955 0.046036 0.134091
0 653 0.081841 0.912500 0.054561 0.152273
0 654 0.335891 0.707955 0.040921 0.136364
0 656 0.368713 0.718750 0.048593 0.151136
0 657 0.404092 0.871023 0.051151 0.162500
0 658 0.405797 0.801705 0.046036 0.139773
0 659 0.377238 0.667614 0.050298 0.144318
0 660 0.408781 0.731818 0.050298 0.147727
0 662 0.544757 0.648864 0.037511 0.134091
0 666 0.842711 0.755114 0.040068 0.142045
0 671 0.817136 0.745455 0.050298 0.152273
0 688 0.405371 0.533523 0.036658 0.119318
