0 207 0.152600 0.380682 0.040921 0.127273
0 233 0.809463 0.247727 0.041773 0.097727
0 235 0.103154 0.368750 0.040921 0.121591
0 252 0.550298 0.417045 0.046888 0.125000
0 253 0.453538 0.150000 0.032396 0.097727
0 254 0.824382 0.357955 0.037511 0.115909
0 255 0.750639 0.332955 0.033248 0.106818
0 256 0.749361 0.355682 0.037511 0.111364
0 257 0.790708 0.343182 0.034953 0.115909
0 258 0.777920 0.353977 0.036658 0.117045
0 259 0.766411 0.381250 0.037511 0.119318
0 260 0.740835 0.539773 0.039216 0.120455
0 262 0.880222 0.569318 0.048593 0.125000
0 263 0.593777 0.692045 0.036658 0.129545
0 265 0.809889 0.134659 0.032396 0.103409
0 268 0.862745 0.026705 0.025575 0.051136
0 270 0.141517 0.038068 0.025575 0.073864
0 271 0.162830 0.037500 0.028986 0.072727
0 272 0.225916 0.040341 0.025575 0.076136
0 273 0.497442 0.071591 0.034953 0.088636
0 274 0.405797 0.066477 0.030691 0.082955
0 275 0.381500 0.046023 0.028133 0.085227
0 276 0.471441 0.027841 0.027280 0.053409
0 277 0.306053 0.013068 0.027280 0.023864
0 278 0.444160 0.061364 0.034101 0.093182
0 279 0.463342 0.075568 0.024723 0.060227
0 280 0.320119 0.015341 0.028133 0.028409
0 281 0.348679 0.014205 0.027280 0.026136
0 282 0.343990 0.021591 0.028133 0.040909
0 283 0.354220 0.033523 0.028133 0.064773
0 284 0.375107 0.032955 0.027280 0.063636
0 289 0.445865 0.021591 0.030691 0.040909
0 290 0.420290 0.011364 0.028986 0.020455
0 291 0.467178 0.011932 0.028986 0.021591
0 309 0.565644 0.485795 0.041773 0.121591
0 324 0.627877 0.818182 0.045183 0.136364
0 327 0.194373 0.275000 0.035806 0.104545
0 328 0.420290 0.184659 0.032396 0.103409
0 329 0.261722 0.520455 0.042626 0.138636
0 330 0.770247 0.435795 0.036658 0.110227
0 335 0.225916 0.976705 0.046036 0.046591
0 336 0.124467 0.947727 0.047741 0.102273
0 337 0.166240 0.947727 0.044331 0.104545
0 338 0.425405 0.377273 0.028986 0.097727
0 339 0.653026 0.305682 0.037511 0.106818
0 340 0.407076 0.376136 0.033248 0.106818
0 341 0.315004 0.298295 0.040068 0.105682
0 342 0.021739 0.459659 0.041773 0.135227
0 345 0.802217 0.551136 0.042626 0.129545
0 346 0.910060 0.721591 0.052003 0.129545
0 347 0.877664 0.754545 0.048593 0.147727
0 348 0.812020 0.438068 0.038363 0.114773
0 356 0.726343 0.984091 0.032396 0.034091
0 357 0.783887 0.966477 0.052003 0.067045
0 369 0.571611 0.583523 0.040068 0.121591
0 371 0.337170 0.409659 0.041773 0.110227
0 372 0.384058 0.366477 0.033248 0.105682
0 374 0.881074 0.936932 0.048593 0.117045
0 377 0.858056 0.966477 0.046888 0.069318
0 381 0.975703 0.951705 0.048593 0.098864
0 383 0.612106 0.610227 0.044331 0.134091
0 385 0.040921 0.090909 0.034101 0.084091
0 386 0.153026 0.157955 0.029838 0.093182
0 396 0.767690 0.564773 0.043478 0.129545
0 397 0.091219 0.459659 0.034101 0.114773
0 398 0.122336 0.461932 0.034953 0.117045
0 399 0.497442 0.500568 0.043478 0.128409
0 400 0.533674 0.510227 0.042626 0.115909
0 402 0.023870 0.299432 0.030691 0.103409
0 403 0.115090 0.255114 0.034101 0.092045
0 405 0.150895 0.256250 0.034101 0.107955
0 407 0.014493 0.661932 0.027280 0.144318
0 408 0.341006 0.250568 0.042626 0.110227
0 409 0.391731 0.188068 0.023018 0.092045
0 410 0.291986 0.162500 0.024723 0.075000
0 411 0.174339 0.155682 0.028133 0.102273
0 413 0.197783 0.159091 0.028986 0.093182
0 414 0.460784 0.175568 0.029838 0.092045
0 415 0.502558 0.181250 0.033248 0.092045
0 420 0.923274 0.226705 0.030691 0.087500
0 422 0.137255 0.062500 0.034101 0.088636
0 427 0.190963 0.042045 0.030691 0.072727
0 439 0.265132 0.143182 0.028986 0.093182
0 440 0.272805 0.160227 0.023870 0.061364
0 441 0.715260 0.649432 0.042626 0.137500
0 442 0.818414 0.663636 0.047741 0.143182
0 443 0.722933 0.765909 0.042626 0.147727
0 444 0.749361 0.751136 0.046036 0.152273
0 445 0.439898 0.821591 0.044331 0.156818
0 446 0.693095 0.687500 0.040921 0.125000
0 447 0.683291 0.765341 0.046888 0.137500
0 448 0.783461 0.675000 0.042626 0.134091
0 449 0.364450 0.374432 0.029838 0.087500
0 450 0.340153 0.361364 0.034101 0.109091
0 451 0.317136 0.344318 0.035806 0.120455
0 452 0.849957 0.092045 0.032396 0.093182
0 453 0.751492 0.447727 0.033248 0.079545
0 454 0.731458 0.710795 0.042626 0.151136
0 456 0.187127 0.117614 0.029838 0.092045
0 565 0.019182 0.797159 0.036658 0.146591
0 566 0.625320 0.967614 0.055413 0.064773
0 577 0.438619 0.580114 0.040068 0.142045
0 578 0.497016 0.763636 0.051151 0.150000
0 579 0.551151 0.768750 0.041773 0.137500
0 583 0.287724 0.534659 0.041773 0.117045
0 584 0.495737 0.703409 0.046888 0.138636
0 585 0.907502 0.958523 0.045183 0.085227
0 586 0.362319 0.411932 0.034101 0.114773
0 587 0.444587 0.417045 0.041773 0.111364
0 628 0.306053 0.930114 0.051151 0.142045
0 636 0.428389 0.731250 0.050298 0.135227
0 649 0.346547 0.939205 0.046888 0.123864
0 651 0.468883 0.864205 0.046036 0.135227
0 653 0.079710 0.958523 0.052003 0.082955
0 654 0.358483 0.772727 0.041773 0.138636
0 656 0.384058 0.772159 0.057118 0.153409
0 657 0.409633 0.932386 0.053708 0.135227
0 658 0.424126 0.864773 0.046888 0.156818
0 659 0.391304 0.723864 0.047741 0.150000
0 660 0.436061 0.788636 0.050298 0.147727
0 662 0.563512 0.709659 0.049446 0.142045
0 666 0.868713 0.819318 0.040921 0.147727
0 671 0.829923 0.817045 0.050298 0.154545
0 688 0.404092 0.575000 0.040921 0.120455
