0 207 0.134697 0.287500 0.035806 0.118182
0 233 0.647485 0.253409 0.041773 0.097727
0 235 0.091219 0.284091 0.035806 0.120455
0 244 0.016624 0.917614 0.031543 0.146591
0 252 0.580136 0.328409 0.046888 0.125000
0 253 0.516624 0.092045 0.028986 0.093182
0 254 0.812873 0.276136 0.038363 0.115909
0 255 0.713129 0.257955 0.033248 0.106818
0 256 0.714834 0.273864 0.034953 0.113636
0 257 0.747656 0.267045 0.037511 0.115909
0 258 0.774084 0.270455 0.037511 0.111364
0 259 0.749361 0.299432 0.037511 0.112500
0 260 0.719949 0.439205 0.045183 0.112500
0 262 0.821398 0.450568 0.046888 0.114773
0 263 0.551151 0.578409 0.033248 0.125000
0 270 0.215686 0.009091 0.023870 0.015909
0 271 0.237852 0.009091 0.025575 0.015909
0 272 0.282182 0.010227 0.025575 0.018182
0 273 0.486360 0.030114 0.036658 0.057955
0 274 0.402813 0.021023 0.028133 0.039773
0 275 0.376812 0.019318 0.025575 0.036364
0 278 0.437766 0.027273 0.031543 0.052273
0 279 0.455243 0.025568 0.025575 0.046591
0 283 0.390452 0.009091 0.028986 0.015909
0 284 0.410912 0.009091 0.028986 0.015909
0 309 0.580989 0.385795 0.041773 0.121591
0 324 0.568201 0.655682 0.041773 0.129545
0 327 0.246377 0.187500 0.035806 0.100000
0 328 0.420716 0.123864 0.031543 0.104545
0 329 0.254902 0.427273 0.037511 0.131818
0 330 0.765985 0.354545 0.033248 0.106818
0 331 0.966326 0.918750 0.043478 0.142045
0 335 0.224638 0.971591 0.052003 0.056818
0 336 0.129582 0.940341 0.049446 0.121591
0 337 0.167093 0.940909 0.044331 0.118182
0 338 0.436061 0.300000 0.033248 0.093182
0 339 0.612106 0.232955 0.037511 0.106818
0 340 0.423700 0.300568 0.037511 0.098864
0 341 0.317562 0.230682 0.034953 0.109091
0 342 0.087809 0.346023 0.042626 0.128409
0 344 0.840153 0.938068 0.052003 0.119318
0 345 0.817562 0.500000 0.042626 0.129545
0 346 0.905797 0.617045 0.055413 0.129545
0 347 0.841432 0.639773 0.049446 0.143182
0 348 0.809463 0.355682 0.038363 0.111364
0 355 0.866155 0.920455 0.046036 0.147727
0 356 0.642370 0.861932 0.050298 0.142045
0 357 0.686275 0.851136 0.051151 0.172727
0 358 0.943308 0.852841 0.046888 0.178409
0 359 0.904518 0.916477 0.040921 0.142045
0 369 0.519608 0.488636 0.033248 0.120455
0 371 0.346547 0.324432 0.034953 0.103409
0 372 0.397272 0.296023 0.028986 0.098864
0 374 0.838448 0.806250 0.045183 0.137500
0 376 0.008951 0.413068 0.016198 0.103409
0 377 0.791134 0.856250 0.059676 0.164773
0 378 0.971867 0.815909 0.037511 0.161364
0 379 0.513640 0.952841 0.046888 0.092045
0 381 0.903240 0.839773 0.053708 0.143182
0 383 0.557118 0.510795 0.038363 0.128409
0 384 0.042626 0.052841 0.030691 0.094318
0 385 0.132140 0.040909 0.032396 0.079545
0 386 0.203325 0.082955 0.028133 0.081818
0 390 0.078005 0.936364 0.055413 0.127273
0 391 0.577579 0.945455 0.050298 0.111364
0 392 0.750213 0.922727 0.040921 0.134091
0 393 0.623615 0.946023 0.046888 0.110227
0 396 0.779199 0.497727 0.042626 0.134091
0 397 0.174339 0.367614 0.034953 0.107955
0 398 0.202472 0.367045 0.038363 0.115909
0 399 0.515345 0.409659 0.040068 0.123864
0 400 0.546036 0.413636 0.038363 0.106818
0 401 0.008951 0.192045 0.016198 0.111364
0 402 0.093350 0.212500 0.033248 0.097727
0 403 0.177749 0.178409 0.029838 0.088636
0 405 0.207161 0.173864 0.030691 0.097727
0 408 0.373828 0.174432 0.038363 0.103409
0 409 0.400256 0.121591 0.024723 0.088636
0 410 0.328645 0.107955 0.024723 0.075000
0 411 0.224638 0.079545 0.028133 0.093182
0 413 0.251918 0.089205 0.028133 0.082955
0 414 0.476982 0.118182 0.029838 0.093182
0 415 0.502984 0.123864 0.028986 0.088636
0 420 0.873402 0.130682 0.034953 0.104545
0 422 0.237852 0.023295 0.030691 0.044318
0 427 0.248082 0.011932 0.030691 0.021591
0 439 0.303495 0.089773 0.028986 0.084091
0 440 0.313299 0.107955 0.024723 0.061364
0 441 0.752771 0.535227 0.046036 0.138636
0 442 0.815857 0.561932 0.040921 0.130682
0 443 0.712276 0.652273 0.041773 0.138636
0 444 0.742114 0.643182 0.046888 0.152273
0 445 0.458227 0.707955 0.046888 0.147727
0 446 0.729753 0.588636 0.037511 0.125000
0 447 0.687980 0.648295 0.037511 0.123864
0 448 0.783887 0.577273 0.036658 0.134091
0 449 0.404092 0.294318 0.028986 0.086364
0 450 0.379795 0.276705 0.034953 0.098864
0 451 0.352941 0.266477 0.035806 0.121591
0 452 0.832907 0.040909 0.032396 0.079545
0 453 0.742114 0.370455 0.033248 0.075000
0 454 0.759591 0.605682 0.042626 0.147727
0 456 0.225064 0.051136 0.028986 0.084091
0 565 0.058397 0.651705 0.041773 0.142045
0 566 0.582268 0.872727 0.056266 0.161364
0 573 0.463342 0.925000 0.046888 0.138636
0 574 0.121057 0.693182 0.051151 0.145455
0 577 0.467178 0.449432 0.039216 0.132955
0 578 0.449702 0.629545 0.046888 0.138636
0 579 0.478687 0.633523 0.036658 0.128409
0 583 0.280904 0.436364 0.041773 0.111364
0 584 0.459932 0.577273 0.043478 0.129545
0 585 0.842711 0.840909 0.046888 0.150000
0 586 0.377238 0.323864 0.034953 0.113636
0 587 0.452685 0.334659 0.037511 0.103409
0 588 0.442455 0.952273 0.051151 0.097727
0 628 0.273657 0.806818 0.051151 0.152273
0 636 0.400682 0.619318 0.046036 0.134091
0 647 0.662830 0.969886 0.041773 0.062500
0 649 0.323956 0.815909 0.042626 0.165909
0 651 0.421142 0.741477 0.042626 0.128409
0 653 0.100171 0.828977 0.050298 0.155682
0 654 0.305200 0.643750 0.037511 0.130682
0 656 0.358483 0.652841 0.046888 0.148864
0 657 0.391304 0.793182 0.051151 0.154545
0 658 0.383205 0.741477 0.046888 0.139773
0 659 0.365303 0.604545 0.050298 0.134091
0 660 0.388321 0.669886 0.045183 0.146591
0 661 0.023444 0.810227 0.045183 0.147727
0 662 0.502558 0.582955 0.041773 0.129545
0 665 0.912617 0.986932 0.046888 0.028409
0 666 0.838022 0.678409 0.037511 0.129545
0 671 0.809037 0.667614 0.046036 0.142045
0 678 0.985934 0.907386 0.029838 0.142045
0 679 0.966752 0.956818 0.057971 0.088636
0 683 0.702046 0.979545 0.036658 0.038636
0 686 0.719949 0.971023 0.036658 0.057955
0 688 0.396846 0.486364 0.041773 0.115909
