0 207 0.120631 0.223295 0.033248 0.110227
0 233 0.508525 0.278409 0.034953 0.097727
0 234 0.894714 0.961364 0.055413 0.077273
0 235 0.081415 0.224432 0.034953 0.112500
0 244 0.141944 0.831818 0.041773 0.143182
0 253 0.578858 0.051705 0.028986 0.087500
0 254 0.812873 0.214205 0.033248 0.105682
0 257 0.705030 0.203409 0.032396 0.106818
0 258 0.769821 0.206818 0.037511 0.106818
0 259 0.709719 0.234091 0.033248 0.111364
0 260 0.676044 0.370455 0.042626 0.111364
0 262 0.689258 0.319318 0.038363 0.111364
0 273 0.479113 0.015341 0.032396 0.028409
0 278 0.442455 0.009091 0.032396 0.015909
0 324 0.534953 0.541477 0.041773 0.117045
0 327 0.284740 0.123295 0.034101 0.096591
0 328 0.429668 0.081818 0.028986 0.102273
0 329 0.256181 0.356818 0.033248 0.125000
0 330 0.762575 0.302841 0.029838 0.105682
0 331 0.905797 0.812500 0.046888 0.143182
0 333 0.266411 0.990341 0.028133 0.021591
0 335 0.227195 0.970455 0.052003 0.059091
0 336 0.130009 0.941477 0.048593 0.119318
0 337 0.166240 0.939205 0.046036 0.121591
0 338 0.418159 0.252273 0.033248 0.093182
0 339 0.575874 0.175000 0.034953 0.106818
0 340 0.410486 0.255682 0.033248 0.097727
0 341 0.340153 0.182955 0.035806 0.104545
0 342 0.136402 0.269886 0.040921 0.117045
0 343 0.040068 0.325000 0.034101 0.100000
0 344 0.731884 0.785795 0.046888 0.155682
0 345 0.808184 0.443182 0.049446 0.115909
0 346 0.873828 0.545455 0.051151 0.129545
0 347 0.837596 0.564205 0.045183 0.139773
0 348 0.810742 0.296591 0.037511 0.109091
0 355 0.815004 0.807955 0.042626 0.143182
0 356 0.594629 0.735795 0.046888 0.123864
0 357 0.630861 0.726705 0.049446 0.164773
0 358 0.893009 0.746591 0.046888 0.156818
0 359 0.845695 0.810227 0.039216 0.145455
0 365 0.717391 0.922727 0.053708 0.143182
0 367 0.662830 0.926705 0.057118 0.144318
0 368 0.044757 0.664773 0.043478 0.147727
0 369 0.518755 0.417045 0.033248 0.111364
0 371 0.338022 0.269886 0.029838 0.103409
0 372 0.388321 0.246591 0.028133 0.097727
0 374 0.826087 0.702841 0.044331 0.135227
0 376 0.063086 0.336932 0.030691 0.103409
0 377 0.742967 0.730682 0.055413 0.150000
0 378 0.921142 0.726705 0.041773 0.146591
0 379 0.509804 0.850568 0.046036 0.162500
0 381 0.859761 0.736364 0.046888 0.138636
0 383 0.541773 0.425000 0.033248 0.122727
0 384 0.130435 0.031250 0.028986 0.060227
0 385 0.203751 0.021591 0.030691 0.040909
0 386 0.253623 0.039205 0.028133 0.076136
0 390 0.183717 0.852273 0.046888 0.147727
0 391 0.572464 0.839773 0.045183 0.165909
0 392 0.611679 0.790341 0.041773 0.144318
0 393 0.607417 0.836364 0.046888 0.152273
0 394 0.762575 0.917614 0.050298 0.132955
0 395 0.832907 0.948295 0.054561 0.105682
0 396 0.768968 0.438636 0.037511 0.129545
0 397 0.245098 0.304545 0.034953 0.104545
0 398 0.272379 0.306818 0.040068 0.115909
0 399 0.517050 0.343182 0.038363 0.115909
0 400 0.547315 0.353409 0.037511 0.106818
0 401 0.080563 0.144886 0.031543 0.107955
0 402 0.143649 0.158523 0.029838 0.098864
0 403 0.207587 0.123295 0.029838 0.087500
0 404 0.051151 0.131250 0.035806 0.107955
0 405 0.219096 0.124432 0.030691 0.096591
0 408 0.399403 0.120455 0.040068 0.097727
0 409 0.397272 0.084091 0.023870 0.088636
0 410 0.360614 0.072727 0.023870 0.075000
0 411 0.270247 0.040341 0.028986 0.078409
0 413 0.288150 0.040341 0.028986 0.076136
0 414 0.493606 0.079545 0.028986 0.088636
0 415 0.512788 0.086932 0.024723 0.087500
0 420 0.833333 0.062500 0.034953 0.104545
0 421 0.575448 0.013068 0.028986 0.023864
0 439 0.325234 0.050568 0.028133 0.080682
0 440 0.343137 0.069318 0.023018 0.056818
0 441 0.714408 0.439773 0.046036 0.120455
0 442 0.795823 0.488068 0.041773 0.132955
0 443 0.739983 0.580682 0.042626 0.138636
0 444 0.767690 0.566477 0.046888 0.148864
0 445 0.458653 0.628409 0.046036 0.138636
0 446 0.752771 0.517045 0.037511 0.125000
0 447 0.714408 0.576136 0.035806 0.129545
0 448 0.766837 0.497727 0.038363 0.120455
0 449 0.438193 0.230682 0.028986 0.070455
0 450 0.419011 0.222159 0.033248 0.096591
0 451 0.375533 0.200568 0.036658 0.103409
0 452 0.876385 0.018750 0.032396 0.035227
0 453 0.737425 0.319886 0.028986 0.071591
0 454 0.787298 0.528409 0.041773 0.138636
0 456 0.263427 0.027273 0.028986 0.052273
0 565 0.105286 0.550568 0.041773 0.132955
0 566 0.530264 0.769318 0.054561 0.156818
0 572 0.007673 0.658523 0.013640 0.135227
0 573 0.452259 0.814205 0.046888 0.144318
0 574 0.162830 0.547159 0.042626 0.135227
0 577 0.471867 0.353409 0.038363 0.120455
0 578 0.437766 0.521591 0.041773 0.129545
0 579 0.474425 0.536364 0.036658 0.118182
0 580 0.005541 0.275568 0.009378 0.110227
0 583 0.279625 0.371591 0.037511 0.106818
0 584 0.466752 0.486932 0.041773 0.119318
0 585 0.802217 0.728977 0.047741 0.151136
0 586 0.368713 0.266477 0.033248 0.107955
0 587 0.466752 0.280114 0.038363 0.105682
0 588 0.449702 0.861364 0.052003 0.156818
0 626 0.583546 0.950000 0.040068 0.100000
0 628 0.266411 0.714205 0.050298 0.151136
0 636 0.399403 0.525000 0.046888 0.115909
0 640 0.539216 0.944886 0.055413 0.110227
0 641 0.015345 0.329545 0.028986 0.100000
0 647 0.618500 0.886364 0.046888 0.147727
0 648 0.760443 0.948864 0.059676 0.102273
0 649 0.306905 0.707955 0.042626 0.152273
0 651 0.391304 0.655114 0.042626 0.119318
0 652 0.013640 0.736364 0.025575 0.145455
0 653 0.134271 0.701136 0.050298 0.147727
0 654 0.294544 0.553409 0.038363 0.125000
0 656 0.335465 0.559659 0.046888 0.135227
0 657 0.375107 0.691477 0.051151 0.151136
0 658 0.359761 0.646023 0.042626 0.137500
0 659 0.368286 0.519886 0.046036 0.128409
0 660 0.383632 0.569318 0.046036 0.120455
0 661 0.108269 0.669886 0.042626 0.146591
0 662 0.505968 0.489773 0.041773 0.125000
0 665 0.809889 0.872159 0.046036 0.151136
0 666 0.845695 0.584091 0.037511 0.120455
0 667 0.953964 0.851136 0.040921 0.154545
0 671 0.817988 0.573864 0.041773 0.136364
0 678 0.940324 0.805114 0.046036 0.142045
0 679 0.899829 0.859659 0.060529 0.155682
0 683 0.655158 0.886364 0.040068 0.113636
0 686 0.664962 0.876136 0.037511 0.138636
0 688 0.382779 0.423864 0.037511 0.106818
