0 207 0.112958 0.169886 0.033248 0.110227
0 224 0.501279 0.984659 0.037511 0.028409
0 226 0.020887 0.973864 0.040068 0.054545
0 231 0.339301 0.955682 0.042626 0.088636
0 232 0.368713 0.968182 0.045183 0.065909
0 233 0.356351 0.307386 0.039216 0.101136
0 234 0.708866 0.898295 0.074169 0.157955
0 235 0.067349 0.161932 0.030691 0.103409
0 244 0.284314 0.777273 0.048593 0.136364
0 245 0.555840 0.985795 0.028986 0.030682
0 246 0.596760 0.978409 0.044331 0.043182
0 262 0.611253 0.203409 0.037511 0.111364
0 324 0.558397 0.443750 0.039216 0.114773
0 327 0.315004 0.064773 0.029838 0.093182
0 328 0.436061 0.043182 0.028133 0.084091
0 329 0.261296 0.294318 0.036658 0.120455
0 330 0.786019 0.250000 0.037511 0.102273
0 331 0.860614 0.715341 0.046888 0.137500
0 333 0.260443 0.988636 0.026428 0.025000
0 335 0.225916 0.968182 0.054561 0.063636
0 336 0.129582 0.940341 0.049446 0.121591
0 337 0.167093 0.939205 0.046036 0.121591
0 338 0.398977 0.202841 0.028986 0.087500
0 339 0.548593 0.122727 0.033248 0.100000
0 340 0.388747 0.201136 0.032396 0.093182
0 341 0.351236 0.135795 0.035806 0.098864
0 342 0.184996 0.200568 0.040921 0.117045
0 343 0.086530 0.263068 0.029838 0.098864
0 344 0.696078 0.653409 0.046888 0.138636
0 345 0.794970 0.390909 0.041773 0.115909
0 346 0.855499 0.467614 0.046888 0.121591
0 347 0.830776 0.478409 0.041773 0.125000
0 348 0.824382 0.240909 0.037511 0.104545
0 355 0.771526 0.706250 0.040921 0.137500
0 356 0.543478 0.630682 0.045183 0.125000
0 357 0.570332 0.617614 0.046036 0.151136
0 358 0.862319 0.652273 0.043478 0.143182
0 359 0.809889 0.705682 0.037511 0.131818
0 360 0.936488 0.981818 0.036658 0.038636
0 365 0.657715 0.797727 0.046888 0.161364
0 367 0.632566 0.809091 0.054561 0.152273
0 368 0.107417 0.561932 0.039216 0.135227
0 369 0.511935 0.346591 0.033248 0.111364
0 371 0.339727 0.215341 0.029838 0.098864
0 372 0.369139 0.192045 0.027280 0.093182
0 374 0.813725 0.614773 0.038363 0.134091
0 376 0.115942 0.271023 0.028986 0.096591
0 377 0.725064 0.621023 0.052003 0.139773
0 378 0.896846 0.644318 0.051151 0.145455
0 379 0.508951 0.725000 0.046036 0.145455
0 381 0.831628 0.646023 0.046888 0.132955
0 383 0.530264 0.351136 0.032396 0.113636
0 384 0.208014 0.015341 0.028986 0.028409
0 386 0.307332 0.016477 0.026428 0.030682
0 390 0.312020 0.801136 0.047741 0.161364
0 391 0.557118 0.728409 0.046888 0.154545
0 392 0.552430 0.666477 0.039216 0.128409
0 393 0.582694 0.709659 0.038363 0.135227
0 394 0.719949 0.790909 0.052003 0.143182
0 395 0.782182 0.822727 0.052003 0.168182
0 396 0.768542 0.389773 0.033248 0.120455
0 397 0.317562 0.246023 0.033248 0.096591
0 398 0.340153 0.245455 0.034101 0.104545
0 399 0.521739 0.280114 0.037511 0.105682
0 400 0.552430 0.293182 0.037511 0.102273
0 401 0.142370 0.090909 0.032396 0.100000
0 402 0.199062 0.108523 0.029838 0.098864
0 403 0.236147 0.075000 0.028986 0.081818
0 404 0.119352 0.084659 0.030691 0.101136
0 405 0.257460 0.071023 0.028986 0.092045
0 408 0.402387 0.072727 0.039216 0.093182
0 409 0.410486 0.045455 0.024723 0.088636
0 410 0.383205 0.034659 0.024723 0.067045
0 411 0.318841 0.016477 0.027280 0.030682
0 413 0.341006 0.017614 0.023870 0.032955
0 414 0.504263 0.043182 0.028133 0.084091
0 415 0.524297 0.046591 0.023870 0.084091
0 420 0.855072 0.032955 0.030691 0.063636
0 439 0.340153 0.026705 0.028986 0.051136
0 440 0.359335 0.030682 0.024723 0.056818
0 441 0.708440 0.359091 0.042626 0.115909
0 442 0.750213 0.415341 0.042626 0.132955
0 443 0.749361 0.506250 0.037511 0.132955
0 444 0.761722 0.493182 0.043478 0.145455
0 445 0.466752 0.550568 0.045183 0.128409
0 446 0.739130 0.448864 0.037511 0.125000
0 447 0.726769 0.507955 0.033248 0.125000
0 448 0.712276 0.418750 0.038363 0.112500
0 449 0.479966 0.181818 0.028986 0.070455
0 450 0.457374 0.172159 0.029838 0.098864
0 451 0.402387 0.148864 0.035806 0.102273
0 453 0.758738 0.265341 0.032396 0.073864
0 454 0.771526 0.446023 0.040921 0.130682
0 456 0.319267 0.006818 0.028133 0.011364
0 559 0.881927 0.978409 0.040068 0.043182
0 565 0.161978 0.454545 0.037511 0.125000
0 566 0.478261 0.680682 0.051151 0.156818
0 569 0.014066 0.760795 0.026428 0.151136
0 570 0.034527 0.771591 0.036658 0.113636
0 572 0.070332 0.561932 0.041773 0.130682
0 573 0.433504 0.707955 0.046888 0.143182
0 574 0.222080 0.447159 0.041773 0.132955
0 575 0.026428 0.340341 0.040921 0.110227
0 577 0.469736 0.268750 0.037511 0.114773
0 578 0.422421 0.410227 0.036658 0.115909
0 579 0.447570 0.431818 0.035806 0.111364
0 580 0.048593 0.221591 0.035806 0.109091
0 583 0.282182 0.306250 0.037511 0.103409
0 584 0.483376 0.407955 0.037511 0.120455
0 585 0.786445 0.628977 0.048593 0.142045
0 586 0.364876 0.211364 0.032396 0.104545
0 587 0.481245 0.221591 0.038363 0.102273
0 588 0.467178 0.739205 0.051151 0.155682
0 625 0.800085 0.977841 0.045183 0.044318
0 626 0.532822 0.832955 0.040921 0.134091
0 628 0.272379 0.626136 0.046888 0.143182
0 635 0.017477 0.696591 0.033248 0.152273
0 636 0.405371 0.450000 0.046888 0.115909
0 637 0.724638 0.961364 0.052856 0.079545
0 640 0.494885 0.839205 0.060529 0.167045
0 641 0.065644 0.265341 0.034101 0.098864
0 647 0.578858 0.771591 0.042626 0.143182
0 648 0.684143 0.845455 0.060529 0.156818
0 649 0.305200 0.614773 0.040921 0.143182
0 651 0.374254 0.570455 0.042626 0.115909
0 652 0.047315 0.638636 0.048593 0.136364
0 653 0.169224 0.597159 0.050298 0.137500
0 654 0.303069 0.471591 0.031543 0.120455
0 656 0.342285 0.478409 0.038363 0.134091
0 657 0.381074 0.600568 0.046036 0.146591
0 658 0.349957 0.556818 0.040068 0.129545
0 659 0.375533 0.446023 0.046888 0.123864
0 660 0.378517 0.487500 0.042626 0.125000
0 661 0.176897 0.548864 0.041773 0.140909
0 662 0.517477 0.400000 0.037511 0.115909
0 665 0.728048 0.726136 0.042626 0.143182
0 666 0.865729 0.505682 0.033248 0.120455
0 667 0.913470 0.743750 0.043478 0.142045
0 671 0.843137 0.496591 0.042626 0.129545
0 678 0.902387 0.710227 0.046888 0.147727
0 679 0.862319 0.752273 0.055413 0.138636
0 683 0.608696 0.782386 0.040921 0.132955
0 684 0.409633 0.951705 0.057118 0.096591
0 686 0.618500 0.766477 0.038363 0.137500
0 687 0.543905 0.928977 0.059676 0.132955
0 688 0.373828 0.363636 0.038363 0.102273
