0 207 0.119778 0.219886 0.033248 0.110227
0 233 0.495737 0.285795 0.041773 0.103409
0 234 0.885763 0.956250 0.054561 0.085227
0 235 0.081415 0.219886 0.034953 0.110227
0 244 0.151321 0.826136 0.043478 0.143182
0 253 0.582268 0.048864 0.028986 0.088636
0 254 0.810315 0.210227 0.033248 0.106818
0 257 0.703325 0.198864 0.032396 0.106818
0 258 0.767263 0.202273 0.037511 0.106818
0 259 0.706309 0.231818 0.033248 0.111364
0 260 0.674339 0.368182 0.042626 0.111364
0 262 0.687980 0.306818 0.037511 0.111364
0 273 0.479113 0.013636 0.032396 0.025000
0 278 0.443308 0.007955 0.032396 0.013636
0 324 0.535379 0.533523 0.040921 0.117045
0 327 0.285166 0.118750 0.034953 0.094318
0 328 0.429668 0.078409 0.028986 0.102273
0 329 0.255328 0.351136 0.033248 0.125000
0 330 0.761722 0.298295 0.028133 0.103409
0 331 0.902387 0.806818 0.046888 0.143182
0 333 0.265985 0.990341 0.028986 0.021591
0 335 0.226769 0.970455 0.052856 0.059091
0 336 0.129582 0.940909 0.049446 0.120455
0 337 0.166240 0.939205 0.046036 0.121591
0 338 0.416454 0.248864 0.033248 0.093182
0 339 0.573316 0.171591 0.033248 0.106818
0 340 0.407928 0.250000 0.033248 0.097727
0 341 0.340580 0.179545 0.034953 0.102273
0 342 0.140665 0.264205 0.039216 0.117045
0 343 0.043478 0.321023 0.034101 0.098864
0 344 0.725064 0.773295 0.046888 0.155682
0 345 0.805200 0.439773 0.052003 0.115909
0 346 0.872123 0.539773 0.051151 0.129545
0 347 0.838448 0.557386 0.045183 0.135227
0 348 0.812020 0.293182 0.038363 0.106818
0 355 0.812447 0.801136 0.042626 0.143182
0 356 0.592072 0.727841 0.046888 0.123864
0 357 0.626172 0.717045 0.048593 0.161364
0 358 0.889599 0.739205 0.046888 0.155682
0 359 0.841858 0.802841 0.038363 0.146591
0 365 0.711850 0.915909 0.054561 0.147727
0 367 0.658994 0.921591 0.056266 0.154545
0 368 0.046462 0.659091 0.043478 0.147727
0 369 0.519608 0.411364 0.033248 0.111364
0 371 0.337170 0.265341 0.029838 0.103409
0 372 0.386616 0.243182 0.028133 0.097727
0 374 0.824808 0.696591 0.043478 0.134091
0 376 0.066496 0.330114 0.030691 0.103409
0 377 0.740835 0.721023 0.054561 0.148864
0 378 0.918585 0.721023 0.043478 0.146591
0 379 0.509804 0.840909 0.046036 0.161364
0 381 0.857204 0.730682 0.046888 0.138636
0 383 0.540068 0.417614 0.033248 0.119318
0 384 0.136402 0.030114 0.028986 0.057955
0 385 0.208440 0.019886 0.029838 0.037500
0 386 0.257460 0.038068 0.028986 0.073864
0 390 0.193095 0.850000 0.048593 0.147727
0 391 0.572464 0.830114 0.043478 0.164773
0 392 0.601449 0.781250 0.041773 0.144318
0 393 0.605712 0.827273 0.046888 0.152273
0 394 0.759165 0.909659 0.050298 0.137500
0 395 0.828645 0.942045 0.054561 0.118182
0 396 0.768542 0.434091 0.034953 0.129545
0 397 0.248508 0.301136 0.034953 0.104545
0 398 0.277494 0.301136 0.040068 0.115909
0 399 0.516198 0.337500 0.038363 0.115909
0 400 0.546888 0.350000 0.038363 0.106818
0 401 0.084825 0.142614 0.031543 0.107955
0 402 0.147911 0.156250 0.029838 0.098864
0 403 0.208440 0.119886 0.029838 0.087500
0 404 0.055413 0.127273 0.035806 0.106818
0 405 0.220801 0.121023 0.030691 0.096591
0 408 0.399403 0.117045 0.040068 0.097727
0 409 0.397272 0.081818 0.023870 0.088636
0 410 0.362319 0.070455 0.023870 0.075000
0 411 0.272805 0.038068 0.028986 0.073864
0 413 0.291134 0.038068 0.028133 0.073864
0 414 0.494459 0.077273 0.028986 0.088636
0 415 0.512788 0.084659 0.024723 0.087500
0 420 0.830776 0.059091 0.034953 0.104545
0 421 0.574595 0.011364 0.028986 0.020455
0 439 0.326087 0.048295 0.028133 0.080682
0 440 0.346547 0.067045 0.023018 0.056818
0 441 0.714408 0.435227 0.046036 0.122727
0 442 0.792413 0.483523 0.041773 0.132955
0 443 0.742540 0.575000 0.042626 0.138636
0 444 0.770247 0.563068 0.046888 0.148864
0 445 0.458653 0.622159 0.046036 0.137500
0 446 0.751918 0.512500 0.037511 0.125000
0 447 0.716539 0.570455 0.036658 0.125000
0 448 0.763427 0.493182 0.038363 0.120455
0 449 0.441176 0.226705 0.028133 0.069318
0 450 0.421569 0.217614 0.031543 0.096591
0 451 0.376385 0.196023 0.036658 0.103409
0 452 0.880648 0.017614 0.032396 0.032955
0 453 0.736573 0.315341 0.032396 0.071591
0 454 0.786445 0.523864 0.041773 0.138636
0 456 0.267690 0.025568 0.028986 0.048864
0 565 0.109548 0.544318 0.041773 0.131818
0 566 0.525149 0.762500 0.054561 0.156818
0 572 0.010230 0.649432 0.018755 0.132955
0 573 0.450128 0.807386 0.046036 0.144318
0 574 0.166240 0.540341 0.042626 0.135227
0 577 0.472293 0.344318 0.037511 0.120455
0 578 0.435209 0.513636 0.041773 0.129545
0 579 0.473572 0.528409 0.036658 0.115909
0 580 0.007246 0.272159 0.012788 0.110227
0 583 0.280051 0.365909 0.038363 0.106818
0 584 0.467604 0.480682 0.040068 0.118182
0 585 0.798380 0.721023 0.048593 0.151136
0 586 0.367434 0.261932 0.034101 0.105682
0 587 0.469309 0.275568 0.038363 0.105682
0 588 0.451407 0.852273 0.052003 0.156818
0 626 0.581415 0.944318 0.039216 0.111364
0 628 0.266411 0.708523 0.050298 0.151136
0 636 0.400256 0.519318 0.046888 0.115909
0 640 0.534527 0.939205 0.057971 0.121591
0 641 0.017050 0.323295 0.032396 0.103409
0 647 0.614237 0.877273 0.045183 0.147727
0 648 0.754476 0.944318 0.059676 0.111364
0 649 0.306905 0.700568 0.042626 0.151136
0 651 0.388321 0.649432 0.041773 0.119318
0 652 0.014493 0.729545 0.027280 0.145455
0 653 0.135976 0.694318 0.050298 0.147727
0 654 0.294544 0.546591 0.038363 0.125000
0 656 0.335465 0.555682 0.046888 0.136364
0 657 0.375107 0.684091 0.051151 0.150000
0 658 0.358909 0.639773 0.042626 0.136364
0 659 0.369991 0.515341 0.046036 0.126136
0 660 0.381927 0.561364 0.046036 0.120455
0 661 0.113811 0.660795 0.043478 0.146591
0 662 0.508099 0.484091 0.042626 0.125000
0 665 0.803069 0.859659 0.046036 0.148864
0 666 0.847400 0.578409 0.037511 0.120455
0 667 0.949702 0.842045 0.040921 0.152273
0 671 0.820546 0.568182 0.041773 0.134091
0 678 0.936914 0.798295 0.046036 0.144318
0 679 0.897272 0.851705 0.060529 0.155682
0 683 0.653026 0.880114 0.040921 0.114773
0 686 0.661552 0.869318 0.037511 0.138636
0 688 0.381927 0.419318 0.037511 0.106818
