0 207 0.123188 0.253977 0.034953 0.114773
0 233 0.571185 0.268182 0.042626 0.097727
0 235 0.086104 0.252841 0.035806 0.119318
0 244 0.075021 0.862500 0.054561 0.143182
0 252 0.583546 0.304545 0.046888 0.125000
0 253 0.549020 0.067614 0.028986 0.087500
0 254 0.820119 0.243182 0.037511 0.115909
0 255 0.692668 0.223864 0.033248 0.106818
0 256 0.691390 0.238636 0.037511 0.111364
0 257 0.719523 0.230682 0.032396 0.106818
0 258 0.777494 0.231818 0.037511 0.111364
0 259 0.726769 0.262500 0.034953 0.111364
0 260 0.699488 0.403977 0.041773 0.110227
0 262 0.722080 0.377273 0.040921 0.113636
0 263 0.566496 0.532955 0.033248 0.122727
0 273 0.479540 0.022727 0.031543 0.043182
0 274 0.411765 0.011932 0.027280 0.021591
0 275 0.379369 0.009659 0.025575 0.017045
0 278 0.437766 0.017614 0.031543 0.032955
0 279 0.457801 0.013636 0.025575 0.025000
0 309 0.585678 0.343750 0.042626 0.121591
0 324 0.542199 0.596591 0.042626 0.125000
0 327 0.268968 0.152273 0.033248 0.097727
0 328 0.424126 0.098864 0.028133 0.102273
0 329 0.254476 0.387500 0.033248 0.125000
0 330 0.761296 0.323295 0.032396 0.103409
0 331 0.928815 0.855682 0.046888 0.143182
0 335 0.227195 0.971591 0.052003 0.056818
0 336 0.130861 0.942614 0.048593 0.117045
0 337 0.165388 0.939205 0.046036 0.121591
0 338 0.424126 0.272727 0.033248 0.093182
0 339 0.593350 0.198864 0.037511 0.106818
0 340 0.418159 0.275000 0.033248 0.097727
0 341 0.330776 0.203409 0.035806 0.109091
0 342 0.114237 0.307386 0.040921 0.123864
0 343 0.015345 0.359091 0.028986 0.111364
0 344 0.772805 0.861932 0.046888 0.155682
0 345 0.816709 0.472727 0.042626 0.127273
0 346 0.890452 0.575000 0.052003 0.129545
0 347 0.837596 0.600000 0.050298 0.143182
0 348 0.810315 0.322727 0.036658 0.109091
0 355 0.833333 0.857386 0.043478 0.144318
0 356 0.611253 0.785795 0.046036 0.128409
0 357 0.656863 0.777273 0.050298 0.165909
0 358 0.916027 0.795455 0.046888 0.175000
0 359 0.869565 0.858523 0.040921 0.142045
0 365 0.744672 0.961364 0.053708 0.075000
0 367 0.689258 0.960795 0.063939 0.078409
0 368 0.020034 0.712500 0.038363 0.147727
0 369 0.515345 0.450000 0.033248 0.111364
0 371 0.340580 0.293750 0.029838 0.103409
0 372 0.398124 0.272727 0.028986 0.097727
0 374 0.831202 0.748864 0.046036 0.136364
0 376 0.032396 0.371023 0.032396 0.103409
0 377 0.761296 0.781818 0.056266 0.156818
0 378 0.938193 0.766477 0.038363 0.153409
0 379 0.512788 0.907386 0.046888 0.157955
0 381 0.878517 0.781818 0.050298 0.143182
0 383 0.548167 0.460795 0.037511 0.123864
0 384 0.090367 0.039773 0.030691 0.077273
0 385 0.171355 0.031250 0.032396 0.060227
0 386 0.226769 0.057386 0.025575 0.080682
0 390 0.127451 0.893182 0.050298 0.147727
0 391 0.575021 0.897159 0.050298 0.160227
0 392 0.670929 0.853977 0.040921 0.144318
0 393 0.612106 0.892614 0.047741 0.151136
0 394 0.792839 0.958523 0.056266 0.082955
0 396 0.774084 0.464773 0.037511 0.129545
0 397 0.213981 0.330682 0.034101 0.104545
0 398 0.243393 0.332955 0.040068 0.115909
0 399 0.514493 0.373295 0.041773 0.119318
0 400 0.549020 0.381250 0.039216 0.110227
0 401 0.043478 0.166477 0.032396 0.107955
0 402 0.118926 0.183523 0.029838 0.098864
0 403 0.197357 0.148295 0.029838 0.087500
0 404 0.016624 0.152273 0.031543 0.106818
0 405 0.210571 0.145455 0.028986 0.097727
0 408 0.388321 0.146023 0.040068 0.101136
0 409 0.398124 0.102273 0.023870 0.088636
0 410 0.347826 0.088636 0.023870 0.075000
0 411 0.248082 0.052841 0.028986 0.085227
0 413 0.268116 0.060227 0.028133 0.079545
0 414 0.484655 0.100000 0.028133 0.088636
0 415 0.504263 0.102841 0.024723 0.087500
0 419 0.830350 0.006818 0.027280 0.011364
0 420 0.850384 0.089773 0.034953 0.104545
0 421 0.581415 0.018182 0.027280 0.034091
0 422 0.291134 0.014205 0.028133 0.026136
0 439 0.315857 0.065909 0.028133 0.084091
0 440 0.329071 0.088636 0.023870 0.061364
0 441 0.725916 0.484659 0.046888 0.132955
0 442 0.803922 0.517614 0.039216 0.132955
0 443 0.726343 0.614773 0.042626 0.138636
0 444 0.753197 0.598295 0.046888 0.151136
0 445 0.459932 0.662500 0.046888 0.145455
0 446 0.745098 0.554545 0.037511 0.125000
0 447 0.701194 0.609659 0.036658 0.128409
0 448 0.780051 0.534091 0.037511 0.134091
0 449 0.422421 0.263636 0.029838 0.086364
0 450 0.403666 0.246023 0.031543 0.096591
0 451 0.366155 0.227841 0.034953 0.114773
0 452 0.846547 0.027841 0.032396 0.053409
0 453 0.744246 0.344318 0.032396 0.075000
0 454 0.779199 0.559091 0.042626 0.138636
0 456 0.239557 0.035795 0.028986 0.069318
0 565 0.079284 0.595455 0.042626 0.143182
0 566 0.554987 0.814205 0.054561 0.155682
0 573 0.459932 0.866477 0.045183 0.151136
0 574 0.138534 0.600568 0.043478 0.137500
0 577 0.472293 0.393182 0.039216 0.125000
0 578 0.445013 0.569318 0.051151 0.129545
0 579 0.475277 0.582386 0.036658 0.128409
0 583 0.280904 0.399432 0.038363 0.107955
0 584 0.460358 0.527273 0.042626 0.122727
0 585 0.819693 0.784659 0.046888 0.151136
0 586 0.375959 0.294318 0.034101 0.104545
0 587 0.456948 0.306250 0.037511 0.105682
0 588 0.441603 0.913636 0.047741 0.156818
0 626 0.603581 0.981250 0.044331 0.037500
0 628 0.267690 0.753977 0.051151 0.151136
0 636 0.395993 0.573864 0.046888 0.134091
0 640 0.572038 0.971023 0.051151 0.057955
0 647 0.639812 0.931818 0.046888 0.138636
0 649 0.312873 0.757955 0.042626 0.161364
0 651 0.403666 0.688068 0.046888 0.119318
0 653 0.115516 0.757386 0.050298 0.153409
0 654 0.292413 0.595455 0.037511 0.129545
0 656 0.348252 0.600568 0.046888 0.139773
0 657 0.379795 0.741477 0.052003 0.160227
0 658 0.366155 0.688068 0.043478 0.139773
0 659 0.366155 0.559091 0.046888 0.134091
0 660 0.390026 0.615341 0.041773 0.128409
0 661 0.068201 0.735227 0.047741 0.159091
0 662 0.497869 0.530114 0.042626 0.121591
0 665 0.850810 0.936932 0.047741 0.121591
0 666 0.837596 0.621591 0.038363 0.120455
0 667 0.979113 0.910227 0.038363 0.161364
0 671 0.812020 0.610795 0.041773 0.137500
0 678 0.962916 0.848864 0.046888 0.156818
0 679 0.923700 0.913068 0.063939 0.155682
0 683 0.673061 0.939205 0.040068 0.107955
0 686 0.690537 0.928977 0.039216 0.126136
0 688 0.391304 0.449432 0.037511 0.112500
