0 207 0.119778 0.217614 0.033248 0.110227
0 233 0.490622 0.285795 0.038363 0.103409
0 234 0.881074 0.953409 0.055413 0.090909
0 235 0.081415 0.217614 0.034953 0.110227
0 244 0.156010 0.823864 0.044331 0.143182
0 253 0.583973 0.047727 0.028986 0.088636
0 254 0.808610 0.207955 0.033248 0.106818
0 257 0.700767 0.196591 0.032396 0.106818
0 258 0.765985 0.200000 0.038363 0.106818
0 259 0.704604 0.230682 0.033248 0.111364
0 260 0.673487 0.367045 0.042626 0.111364
0 262 0.686275 0.303409 0.037511 0.111364
0 273 0.479113 0.012500 0.032396 0.022727
0 278 0.443734 0.006818 0.031543 0.011364
0 324 0.535379 0.530114 0.040921 0.117045
0 327 0.285166 0.116477 0.034953 0.094318
0 328 0.429668 0.076136 0.028986 0.102273
0 329 0.254476 0.347727 0.033248 0.125000
0 330 0.761722 0.296591 0.028133 0.102273
0 331 0.900682 0.803409 0.046888 0.143182
0 333 0.265558 0.990341 0.028133 0.021591
0 335 0.226769 0.970455 0.052856 0.059091
0 336 0.129582 0.940909 0.049446 0.120455
0 337 0.166240 0.939205 0.046036 0.121591
0 338 0.415601 0.247727 0.033248 0.093182
0 339 0.572464 0.170455 0.033248 0.106818
0 340 0.407076 0.247727 0.033248 0.097727
0 341 0.340580 0.178409 0.034953 0.102273
0 342 0.141944 0.260795 0.038363 0.117045
0 343 0.044331 0.318750 0.034101 0.098864
0 344 0.721654 0.767614 0.046888 0.155682
0 345 0.804348 0.437500 0.052003 0.115909
0 346 0.871270 0.536364 0.051151 0.129545
0 347 0.838875 0.553409 0.044331 0.134091
0 348 0.812873 0.292045 0.038363 0.106818
0 355 0.810742 0.797727 0.042626 0.143182
0 356 0.591219 0.723295 0.046888 0.123864
0 357 0.623615 0.711932 0.048593 0.160227
0 358 0.887894 0.736932 0.046888 0.155682
0 359 0.840153 0.799432 0.038363 0.146591
0 365 0.709292 0.912500 0.056266 0.150000
0 367 0.657289 0.919318 0.056266 0.159091
0 368 0.048167 0.655682 0.043478 0.147727
0 369 0.520034 0.409091 0.032396 0.111364
0 371 0.337170 0.264205 0.029838 0.103409
0 372 0.384910 0.240909 0.028133 0.097727
0 374 0.824808 0.693750 0.043478 0.135227
0 376 0.068627 0.327841 0.029838 0.103409
0 377 0.739983 0.716477 0.054561 0.146591
0 378 0.917732 0.718750 0.043478 0.146591
0 379 0.509804 0.836364 0.046036 0.161364
0 381 0.855499 0.727273 0.046888 0.138636
0 383 0.539216 0.413636 0.033248 0.118182
0 384 0.139812 0.029545 0.028986 0.056818
0 385 0.210997 0.019318 0.029838 0.036364
0 386 0.259165 0.037500 0.028986 0.072727
0 390 0.198210 0.850000 0.050298 0.147727
0 391 0.572038 0.825568 0.042626 0.164773
0 392 0.596334 0.776705 0.041773 0.144318
0 393 0.605712 0.823864 0.046888 0.152273
0 394 0.756607 0.904545 0.050298 0.138636
0 395 0.826939 0.939205 0.054561 0.123864
0 396 0.768542 0.431818 0.033248 0.129545
0 397 0.251066 0.298864 0.034953 0.104545
0 398 0.279625 0.298864 0.039216 0.115909
0 399 0.516624 0.335227 0.037511 0.115909
0 400 0.546888 0.347727 0.038363 0.106818
0 401 0.087383 0.141477 0.031543 0.107955
0 402 0.149616 0.153977 0.029838 0.098864
0 403 0.209292 0.118750 0.029838 0.087500
0 404 0.057971 0.126136 0.035806 0.106818
0 405 0.221654 0.118750 0.030691 0.096591
0 408 0.398977 0.115909 0.040921 0.097727
0 409 0.398124 0.080682 0.023870 0.088636
0 410 0.362319 0.068182 0.023870 0.075000
0 411 0.274510 0.036932 0.028986 0.071591
0 413 0.291986 0.036932 0.028133 0.071591
0 414 0.495311 0.076136 0.028986 0.088636
0 415 0.512788 0.084659 0.024723 0.087500
0 420 0.830350 0.057386 0.034101 0.103409
0 421 0.573743 0.010795 0.028986 0.019318
0 439 0.326939 0.047159 0.028133 0.080682
0 440 0.347400 0.065909 0.023018 0.056818
0 441 0.714408 0.432955 0.046036 0.125000
0 442 0.790708 0.481250 0.041773 0.132955
0 443 0.744246 0.572727 0.042626 0.138636
0 444 0.771100 0.560795 0.046888 0.148864
0 445 0.458653 0.619318 0.046036 0.136364
0 446 0.751492 0.510227 0.038363 0.125000
0 447 0.717391 0.566477 0.036658 0.121591
0 448 0.761722 0.490909 0.038363 0.120455
0 449 0.442882 0.225568 0.028133 0.069318
0 450 0.422847 0.215341 0.030691 0.096591
0 451 0.377238 0.193750 0.036658 0.103409
0 452 0.883205 0.017045 0.032396 0.031818
0 453 0.735294 0.313636 0.031543 0.070455
0 454 0.786445 0.521591 0.041773 0.138636
0 456 0.269395 0.024432 0.028986 0.046591
0 565 0.111253 0.540341 0.041773 0.130682
0 566 0.522592 0.757955 0.054561 0.156818
0 572 0.011509 0.645455 0.021313 0.131818
0 573 0.448849 0.803977 0.046888 0.144318
0 574 0.167945 0.536932 0.042626 0.135227
0 577 0.473146 0.339773 0.037511 0.120455
0 578 0.434356 0.510227 0.041773 0.129545
0 579 0.473572 0.525568 0.036658 0.114773
0 580 0.008525 0.269886 0.015345 0.110227
0 583 0.280051 0.363636 0.038363 0.106818
0 584 0.468031 0.477841 0.039216 0.117045
0 585 0.796675 0.717045 0.048593 0.150000
0 586 0.366581 0.259659 0.034101 0.105682
0 587 0.470162 0.273295 0.038363 0.105682
0 588 0.452259 0.847727 0.052003 0.156818
0 626 0.580563 0.941477 0.039216 0.117045
0 628 0.266411 0.705114 0.050298 0.151136
0 636 0.400256 0.517045 0.046888 0.115909
0 640 0.531969 0.936364 0.059676 0.127273
0 641 0.017903 0.320455 0.034101 0.104545
0 647 0.612532 0.872727 0.045183 0.147727
0 648 0.751918 0.942045 0.059676 0.115909
0 649 0.306905 0.697159 0.042626 0.151136
0 651 0.386616 0.647159 0.041773 0.119318
0 652 0.015345 0.726705 0.028986 0.144318
0 653 0.136829 0.690909 0.050298 0.147727
0 654 0.294544 0.544318 0.038363 0.125000
0 656 0.335465 0.553977 0.046888 0.137500
0 657 0.375107 0.680114 0.051151 0.148864
0 658 0.358909 0.636364 0.042626 0.134091
0 659 0.370844 0.511364 0.046036 0.125000
0 660 0.381500 0.557955 0.046888 0.120455
0 661 0.116368 0.656250 0.043478 0.146591
0 662 0.508951 0.480682 0.042626 0.125000
0 665 0.799659 0.853977 0.046036 0.146591
0 666 0.848252 0.576136 0.037511 0.120455
0 667 0.947997 0.838068 0.040921 0.151136
0 671 0.821398 0.565341 0.041773 0.135227
0 678 0.935209 0.794886 0.046036 0.144318
0 679 0.895567 0.847159 0.060529 0.153409
0 683 0.649616 0.875568 0.040921 0.114773
0 686 0.659847 0.865909 0.037511 0.138636
0 688 0.381927 0.417045 0.037511 0.106818
