0 207 0.125320 0.259659 0.034101 0.114773
0 233 0.583120 0.263636 0.042626 0.097727
0 235 0.087809 0.258523 0.035806 0.121591
0 244 0.062234 0.870455 0.051151 0.145455
0 252 0.579284 0.307955 0.046888 0.125000
0 253 0.543052 0.071023 0.028986 0.087500
0 254 0.819693 0.246591 0.038363 0.115909
0 255 0.696931 0.228409 0.033248 0.106818
0 256 0.696505 0.245455 0.037511 0.111364
0 257 0.723785 0.234091 0.034101 0.106818
0 258 0.776641 0.237500 0.037511 0.111364
0 259 0.731032 0.268182 0.036658 0.111364
0 260 0.704177 0.408523 0.040921 0.110227
0 262 0.734442 0.390341 0.041773 0.110227
0 263 0.563086 0.540341 0.033248 0.123864
0 273 0.480818 0.023864 0.032396 0.045455
0 274 0.410060 0.013636 0.027280 0.025000
0 275 0.379369 0.010795 0.025575 0.019318
0 278 0.437766 0.019318 0.031543 0.036364
0 279 0.457801 0.015341 0.025575 0.028409
0 309 0.584825 0.350568 0.042626 0.121591
0 324 0.545183 0.603977 0.041773 0.126136
0 327 0.266411 0.156250 0.033248 0.096591
0 328 0.423274 0.101136 0.028133 0.102273
0 329 0.254476 0.392045 0.033248 0.125000
0 330 0.762575 0.327841 0.033248 0.103409
0 331 0.933930 0.867045 0.045183 0.143182
0 335 0.226343 0.971591 0.052003 0.056818
0 336 0.131287 0.942614 0.049446 0.117045
0 337 0.165388 0.939205 0.046036 0.121591
0 338 0.424126 0.277273 0.033248 0.093182
0 339 0.595908 0.204545 0.037511 0.106818
0 340 0.419011 0.280682 0.033248 0.097727
0 341 0.328218 0.207955 0.035806 0.109091
0 342 0.109974 0.313636 0.040921 0.125000
0 343 0.012788 0.364773 0.023870 0.111364
0 344 0.781330 0.875568 0.046888 0.155682
0 345 0.817562 0.477273 0.042626 0.129545
0 346 0.893009 0.581818 0.052003 0.129545
0 347 0.838022 0.606818 0.051151 0.143182
0 348 0.810742 0.327273 0.037511 0.111364
0 355 0.838022 0.870455 0.044331 0.145455
0 356 0.615516 0.796023 0.046036 0.128409
0 357 0.661978 0.787500 0.050298 0.165909
0 358 0.920290 0.804545 0.046888 0.175000
0 359 0.874254 0.867614 0.041773 0.142045
0 365 0.749361 0.968182 0.049446 0.061364
0 367 0.694800 0.966477 0.066496 0.067045
0 368 0.017050 0.722727 0.032396 0.147727
0 369 0.515345 0.456250 0.033248 0.112500
0 371 0.342285 0.298295 0.031543 0.103409
0 372 0.399829 0.275000 0.028986 0.097727
0 374 0.832055 0.758523 0.046036 0.137500
0 376 0.027280 0.379545 0.035806 0.104545
0 377 0.765558 0.789773 0.056266 0.156818
0 378 0.941603 0.774432 0.038363 0.155682
0 379 0.512788 0.918182 0.046888 0.156818
0 381 0.882779 0.792045 0.050298 0.143182
0 383 0.550298 0.466477 0.038363 0.123864
0 384 0.082694 0.041477 0.032396 0.080682
0 385 0.164962 0.032386 0.031543 0.062500
0 386 0.220375 0.063636 0.029838 0.081818
0 390 0.116795 0.896591 0.054561 0.147727
0 391 0.575021 0.906818 0.050298 0.156818
0 392 0.682864 0.865341 0.040921 0.144318
0 393 0.612958 0.902841 0.049446 0.151136
0 394 0.800512 0.965341 0.056266 0.069318
0 396 0.774936 0.469318 0.039216 0.129545
0 397 0.210997 0.336364 0.034953 0.104545
0 398 0.238278 0.336364 0.040068 0.115909
0 399 0.516624 0.377841 0.037511 0.119318
0 400 0.548167 0.385795 0.039216 0.110227
0 401 0.037084 0.171023 0.031543 0.107955
0 402 0.115516 0.188068 0.029838 0.098864
0 403 0.194800 0.152841 0.029838 0.087500
0 404 0.013640 0.155682 0.025575 0.106818
0 405 0.209292 0.149432 0.028133 0.096591
0 408 0.386616 0.150568 0.040068 0.103409
0 409 0.398124 0.106818 0.023870 0.088636
0 410 0.345269 0.090909 0.023870 0.075000
0 411 0.246803 0.057386 0.028133 0.092045
0 413 0.266411 0.064773 0.028133 0.079545
0 414 0.484228 0.102273 0.028986 0.088636
0 415 0.504263 0.106250 0.024723 0.087500
0 419 0.825234 0.007386 0.028986 0.012500
0 420 0.852941 0.095455 0.034953 0.104545
0 421 0.582268 0.018182 0.027280 0.034091
0 422 0.283035 0.013636 0.028986 0.025000
0 427 0.267263 0.006818 0.031543 0.011364
0 439 0.313725 0.069318 0.028986 0.084091
0 440 0.326087 0.090909 0.024723 0.061364
0 441 0.732310 0.490341 0.044331 0.132955
0 442 0.807758 0.526705 0.040068 0.130682
0 443 0.726769 0.618182 0.041773 0.138636
0 444 0.749787 0.603977 0.046888 0.151136
0 445 0.459932 0.668182 0.046888 0.145455
0 446 0.746803 0.559091 0.037511 0.125000
0 447 0.698636 0.617045 0.036658 0.129545
0 448 0.782609 0.540909 0.037511 0.134091
0 449 0.419864 0.269886 0.029838 0.087500
0 450 0.401108 0.250000 0.029838 0.097727
0 451 0.364450 0.233523 0.034953 0.114773
0 452 0.840580 0.030114 0.032396 0.057955
0 453 0.744246 0.350000 0.032396 0.075000
0 454 0.776641 0.564773 0.042626 0.138636
0 456 0.236147 0.036932 0.028986 0.071591
0 565 0.075874 0.603409 0.042626 0.143182
0 566 0.558824 0.822727 0.055413 0.156818
0 573 0.459932 0.878409 0.045183 0.154545
0 574 0.135976 0.613068 0.045183 0.137500
0 577 0.472293 0.402273 0.037511 0.127273
0 578 0.445013 0.579545 0.051151 0.129545
0 579 0.475277 0.591477 0.036658 0.128409
0 583 0.281330 0.405114 0.037511 0.107955
0 584 0.460358 0.535795 0.042626 0.123864
0 585 0.822251 0.792614 0.046888 0.151136
0 586 0.374680 0.298864 0.034953 0.106818
0 587 0.456948 0.309659 0.037511 0.105682
0 588 0.440324 0.925000 0.046888 0.152273
0 628 0.267690 0.761364 0.051151 0.152273
0 636 0.394288 0.579545 0.046888 0.134091
0 640 0.578858 0.976136 0.051151 0.045455
0 647 0.643223 0.937500 0.046888 0.127273
0 649 0.313725 0.767614 0.042626 0.162500
0 651 0.406223 0.697727 0.045183 0.122727
0 653 0.112958 0.769886 0.050298 0.155682
0 654 0.293265 0.605682 0.037511 0.129545
0 656 0.349957 0.608523 0.046888 0.142045
0 657 0.381500 0.751705 0.052003 0.160227
0 658 0.368713 0.696023 0.045183 0.139773
0 659 0.366155 0.568182 0.046888 0.134091
0 660 0.390026 0.623295 0.041773 0.128409
0 661 0.062234 0.746591 0.047741 0.156818
0 662 0.496164 0.537500 0.044331 0.122727
0 665 0.860188 0.944886 0.046036 0.107955
0 666 0.836743 0.628409 0.038363 0.120455
0 667 0.981671 0.918750 0.036658 0.155682
0 671 0.810742 0.617614 0.042626 0.137500
0 678 0.968883 0.858523 0.046888 0.160227
0 679 0.930520 0.921023 0.063939 0.146591
0 683 0.677749 0.948295 0.040921 0.103409
0 686 0.695652 0.936932 0.040921 0.117045
0 688 0.392157 0.456250 0.039216 0.114773
