0 207 0.115942 0.174432 0.034101 0.110227
0 226 0.015345 0.978409 0.028986 0.045455
0 231 0.341858 0.961932 0.042626 0.076136
0 232 0.372549 0.975000 0.042626 0.052273
0 233 0.372549 0.301705 0.039216 0.101136
0 234 0.729753 0.908523 0.073316 0.155682
0 235 0.072038 0.167614 0.029838 0.105682
0 244 0.272805 0.784091 0.047741 0.138636
0 246 0.598892 0.985227 0.040068 0.029545
0 262 0.621057 0.218182 0.038363 0.111364
0 324 0.555413 0.453977 0.040068 0.112500
0 327 0.310742 0.070455 0.029838 0.093182
0 328 0.434783 0.045455 0.028986 0.088636
0 329 0.260443 0.300000 0.036658 0.120455
0 330 0.781756 0.253409 0.037511 0.102273
0 331 0.864876 0.726136 0.046888 0.140909
0 333 0.260870 0.988636 0.027280 0.025000
0 335 0.225916 0.968182 0.054561 0.063636
0 336 0.129582 0.940341 0.049446 0.121591
0 337 0.167093 0.939205 0.046036 0.121591
0 338 0.401961 0.206250 0.028133 0.087500
0 339 0.551151 0.125568 0.033248 0.103409
0 340 0.389599 0.206818 0.032396 0.093182
0 341 0.349105 0.141477 0.034953 0.098864
0 342 0.181586 0.207386 0.040921 0.117045
0 343 0.082268 0.268750 0.029838 0.098864
0 344 0.692668 0.664773 0.046888 0.140909
0 345 0.793265 0.395455 0.041773 0.115909
0 346 0.858056 0.475568 0.046888 0.123864
0 347 0.831628 0.485227 0.041773 0.125000
0 348 0.821824 0.246591 0.037511 0.106818
0 355 0.774510 0.716477 0.041773 0.139773
0 356 0.550298 0.639773 0.045183 0.125000
0 357 0.577153 0.627273 0.046036 0.152273
0 358 0.864450 0.663068 0.044331 0.146591
0 359 0.812447 0.716477 0.034101 0.132955
0 365 0.661978 0.810795 0.046888 0.160227
0 367 0.635550 0.821591 0.055413 0.154545
0 368 0.101876 0.572159 0.040068 0.137500
0 369 0.512788 0.353409 0.033248 0.111364
0 371 0.338875 0.219886 0.029838 0.098864
0 372 0.369139 0.196591 0.027280 0.093182
0 374 0.814578 0.625000 0.038363 0.134091
0 376 0.110827 0.276705 0.028986 0.096591
0 377 0.726343 0.632386 0.054561 0.142045
0 378 0.899403 0.653409 0.049446 0.145455
0 379 0.509804 0.738068 0.046036 0.148864
0 381 0.834186 0.654545 0.046888 0.136364
0 383 0.534101 0.359091 0.033248 0.115909
0 384 0.201194 0.018182 0.028986 0.034091
0 386 0.302217 0.018750 0.028133 0.035227
0 390 0.302217 0.806818 0.050298 0.159091
0 391 0.558397 0.739773 0.046036 0.156818
0 392 0.554561 0.676136 0.040068 0.129545
0 393 0.584399 0.722727 0.036658 0.134091
0 394 0.722506 0.802273 0.052003 0.143182
0 395 0.787298 0.834091 0.052003 0.163636
0 396 0.768542 0.393182 0.033248 0.120455
0 397 0.309889 0.250000 0.033248 0.097727
0 398 0.335038 0.252273 0.034101 0.104545
0 399 0.522165 0.286932 0.038363 0.105682
0 400 0.552430 0.297727 0.037511 0.102273
0 401 0.136402 0.096023 0.032396 0.101136
0 402 0.193947 0.114205 0.029838 0.098864
0 403 0.231458 0.079545 0.028133 0.081818
0 404 0.113384 0.089205 0.030691 0.103409
0 405 0.254902 0.077841 0.028986 0.092045
0 408 0.400682 0.077273 0.039216 0.093182
0 409 0.409633 0.048864 0.024723 0.088636
0 410 0.381927 0.037500 0.023870 0.068182
0 411 0.312020 0.018182 0.027280 0.034091
0 413 0.335465 0.019318 0.024723 0.036364
0 414 0.502558 0.046591 0.028133 0.084091
0 415 0.524297 0.051136 0.023870 0.084091
0 420 0.846547 0.034091 0.028986 0.065909
0 439 0.339301 0.028409 0.028986 0.054545
0 440 0.358483 0.034091 0.024723 0.056818
0 441 0.709292 0.367045 0.042626 0.115909
0 442 0.758312 0.425568 0.041773 0.132955
0 443 0.751492 0.511364 0.038363 0.129545
0 444 0.762148 0.501136 0.046036 0.147727
0 445 0.465047 0.558523 0.046888 0.128409
0 446 0.737852 0.455682 0.038363 0.125000
0 447 0.728474 0.513636 0.033248 0.125000
0 448 0.719523 0.422727 0.037511 0.111364
0 449 0.476982 0.187500 0.029838 0.070455
0 450 0.455669 0.178409 0.029838 0.097727
0 451 0.398551 0.151136 0.036658 0.102273
0 452 0.935635 0.007955 0.031543 0.013636
0 453 0.753623 0.271023 0.032396 0.073864
0 454 0.771952 0.454545 0.041773 0.134091
0 456 0.315431 0.007955 0.028986 0.013636
0 565 0.157715 0.461364 0.037511 0.125000
0 566 0.483376 0.689773 0.051151 0.156818
0 569 0.010230 0.772727 0.018755 0.152273
0 570 0.026854 0.782955 0.036658 0.115909
0 572 0.063086 0.570455 0.040921 0.129545
0 573 0.438619 0.719318 0.046888 0.143182
0 574 0.218244 0.457955 0.042626 0.134091
0 575 0.019182 0.348295 0.036658 0.107955
0 577 0.469736 0.272159 0.037511 0.114773
0 578 0.422421 0.420455 0.036658 0.115909
0 579 0.450980 0.442045 0.035806 0.111364
0 580 0.043478 0.226705 0.035806 0.110227
0 583 0.282182 0.311932 0.037511 0.103409
0 584 0.482950 0.415909 0.036658 0.120455
0 585 0.785592 0.637500 0.048593 0.143182
0 586 0.366155 0.216477 0.033248 0.103409
0 587 0.479966 0.226136 0.037511 0.102273
0 588 0.468031 0.750568 0.051151 0.155682
0 625 0.815857 0.984659 0.039216 0.030682
0 626 0.537937 0.847727 0.040921 0.134091
0 628 0.274084 0.635795 0.046888 0.144318
0 635 0.014919 0.705682 0.028133 0.152273
0 636 0.404518 0.462500 0.046888 0.115909
0 637 0.731458 0.971591 0.054561 0.059091
0 640 0.498295 0.850568 0.060529 0.167045
0 641 0.060529 0.271023 0.034101 0.098864
0 647 0.582268 0.784091 0.042626 0.145455
0 648 0.693521 0.858523 0.060529 0.157955
0 649 0.306053 0.622727 0.040921 0.143182
0 651 0.375107 0.579545 0.042626 0.115909
0 652 0.043052 0.646591 0.050298 0.134091
0 653 0.165388 0.609659 0.051151 0.137500
0 654 0.300512 0.478409 0.031543 0.120455
0 656 0.342285 0.485227 0.038363 0.134091
0 657 0.380222 0.609659 0.046036 0.146591
0 658 0.350810 0.565909 0.041773 0.129545
0 659 0.375533 0.452841 0.046888 0.123864
0 660 0.378517 0.492045 0.042626 0.125000
0 661 0.170077 0.561932 0.041773 0.144318
0 662 0.514493 0.409091 0.038363 0.115909
0 665 0.732310 0.742045 0.042626 0.143182
0 666 0.863171 0.514773 0.033248 0.120455
0 667 0.919437 0.752841 0.043478 0.142045
0 671 0.842285 0.505682 0.042626 0.129545
0 678 0.907502 0.717045 0.046888 0.147727
0 679 0.868713 0.761364 0.057971 0.138636
0 683 0.612958 0.793750 0.040921 0.132955
0 684 0.410486 0.957955 0.053708 0.084091
0 686 0.624041 0.776705 0.037511 0.137500
0 687 0.549446 0.938068 0.060529 0.123864
0 688 0.373402 0.367045 0.037511 0.102273
