0 207 0.119778 0.215341 0.033248 0.110227
0 233 0.483376 0.286932 0.032396 0.105682
0 234 0.874680 0.950000 0.054561 0.097727
0 235 0.081415 0.215341 0.034953 0.110227
0 244 0.162830 0.819318 0.046036 0.143182
0 254 0.806905 0.205682 0.033248 0.106818
0 257 0.698210 0.194318 0.032396 0.106818
0 258 0.763853 0.197727 0.037511 0.106818
0 259 0.702046 0.228409 0.033248 0.111364
0 260 0.671782 0.365909 0.042626 0.111364
0 262 0.684996 0.298864 0.038363 0.111364
0 273 0.479113 0.011364 0.032396 0.020455
0 324 0.535379 0.525568 0.040921 0.117045
0 327 0.286871 0.113636 0.034953 0.093182
0 328 0.429668 0.073864 0.028986 0.100000
0 329 0.254476 0.344318 0.033248 0.125000
0 330 0.762148 0.293750 0.028986 0.101136
0 331 0.898124 0.798864 0.046888 0.143182
0 333 0.265558 0.990341 0.028133 0.021591
0 335 0.226769 0.970455 0.052856 0.059091
0 336 0.129582 0.940341 0.049446 0.121591
0 337 0.166240 0.939205 0.046036 0.121591
0 338 0.413896 0.245455 0.033248 0.093182
0 339 0.570759 0.169318 0.033248 0.106818
0 340 0.405371 0.244318 0.033248 0.097727
0 341 0.341006 0.176136 0.034101 0.100000
0 342 0.144501 0.257386 0.038363 0.117045
0 343 0.046462 0.315341 0.034953 0.098864
0 344 0.717391 0.760795 0.046888 0.155682
0 345 0.803922 0.434091 0.051151 0.115909
0 346 0.869565 0.531818 0.051151 0.129545
0 347 0.839301 0.548295 0.043478 0.132955
0 348 0.812873 0.288636 0.038363 0.106818
0 355 0.808184 0.793182 0.042626 0.143182
0 356 0.589514 0.717614 0.046888 0.123864
0 357 0.620631 0.705114 0.047741 0.157955
0 358 0.886189 0.732386 0.046888 0.155682
0 359 0.837170 0.793750 0.037511 0.146591
0 365 0.705882 0.906818 0.056266 0.152273
0 367 0.654731 0.914773 0.056266 0.161364
0 368 0.051151 0.650000 0.042626 0.147727
0 369 0.520460 0.404545 0.031543 0.111364
0 371 0.338022 0.260227 0.029838 0.104545
0 372 0.382353 0.237500 0.028133 0.097727
0 374 0.823529 0.689205 0.042626 0.135227
0 376 0.071611 0.324432 0.030691 0.103409
0 377 0.738278 0.708523 0.054561 0.144318
0 378 0.916027 0.714205 0.043478 0.146591
0 379 0.508951 0.828977 0.046036 0.160227
0 381 0.853794 0.722727 0.046888 0.138636
0 383 0.539216 0.409659 0.033248 0.117045
0 384 0.144075 0.028977 0.028986 0.055682
0 385 0.214834 0.018182 0.028986 0.034091
0 386 0.261722 0.036364 0.028986 0.070455
0 390 0.205882 0.850000 0.052003 0.147727
0 391 0.571185 0.821023 0.044331 0.164773
0 392 0.589514 0.771023 0.041773 0.144318
0 393 0.604007 0.817045 0.046888 0.152273
0 394 0.753623 0.897159 0.051151 0.139773
0 395 0.824382 0.934659 0.054561 0.132955
0 396 0.765985 0.429545 0.036658 0.129545
0 397 0.254902 0.295455 0.035806 0.104545
0 398 0.283035 0.294886 0.037511 0.114773
0 399 0.517903 0.332955 0.036658 0.115909
0 400 0.546888 0.344318 0.038363 0.106818
0 401 0.090793 0.139205 0.031543 0.107955
0 402 0.152174 0.151705 0.029838 0.098864
0 403 0.210145 0.116477 0.029838 0.087500
0 404 0.061807 0.123864 0.034953 0.106818
0 405 0.223359 0.114773 0.028986 0.095455
0 408 0.398551 0.113636 0.041773 0.097727
0 409 0.399403 0.078409 0.024723 0.088636
0 410 0.363171 0.065909 0.023870 0.075000
0 411 0.277067 0.035795 0.028986 0.069318
0 413 0.293691 0.035795 0.028133 0.069318
0 414 0.496164 0.075000 0.028986 0.088636
0 415 0.513214 0.081250 0.023870 0.087500
0 420 0.829497 0.055682 0.032396 0.102273
0 421 0.572890 0.009659 0.028986 0.017045
0 439 0.327792 0.044886 0.028133 0.080682
0 440 0.348679 0.064773 0.023870 0.056818
0 441 0.713981 0.428977 0.045183 0.126136
0 442 0.788150 0.476705 0.041773 0.132955
0 443 0.745951 0.568182 0.042626 0.138636
0 444 0.771952 0.557386 0.046888 0.148864
0 445 0.458653 0.615341 0.046036 0.135227
0 446 0.750639 0.506818 0.038363 0.125000
0 447 0.719096 0.561364 0.036658 0.120455
0 448 0.759165 0.484091 0.038363 0.120455
0 449 0.445439 0.223295 0.028133 0.069318
0 450 0.424979 0.212500 0.029838 0.097727
0 451 0.378517 0.190341 0.035806 0.103409
0 452 0.886616 0.016477 0.032396 0.030682
0 453 0.733589 0.311364 0.029838 0.070455
0 454 0.785592 0.518182 0.041773 0.138636
0 456 0.271952 0.023295 0.028986 0.044318
0 565 0.114237 0.534659 0.040921 0.130682
0 566 0.519182 0.753409 0.054561 0.156818
0 572 0.013214 0.639205 0.024723 0.130682
0 573 0.448849 0.798295 0.046888 0.144318
0 574 0.171355 0.531250 0.042626 0.135227
0 577 0.473146 0.335227 0.037511 0.120455
0 578 0.433504 0.504545 0.040068 0.129545
0 579 0.471867 0.519886 0.036658 0.114773
0 580 0.010230 0.266477 0.018755 0.110227
0 583 0.280904 0.360227 0.038363 0.106818
0 584 0.468457 0.472727 0.038363 0.115909
0 585 0.793691 0.711364 0.049446 0.150000
0 586 0.366581 0.256818 0.034101 0.104545
0 587 0.471867 0.271023 0.038363 0.105682
0 588 0.453112 0.840909 0.052003 0.156818
0 626 0.578858 0.937500 0.037511 0.125000
0 628 0.266411 0.700568 0.050298 0.151136
0 636 0.400256 0.513636 0.046888 0.115909
0 640 0.528986 0.931250 0.060529 0.135227
0 641 0.020460 0.317045 0.034101 0.102273
0 647 0.609548 0.866477 0.044331 0.146591
0 648 0.747656 0.938636 0.059676 0.122727
0 649 0.306905 0.691477 0.042626 0.151136
0 651 0.384058 0.642614 0.041773 0.119318
0 652 0.016198 0.721591 0.030691 0.143182
0 653 0.138107 0.686364 0.051151 0.147727
0 654 0.294544 0.540909 0.038363 0.125000
0 656 0.335038 0.549432 0.044331 0.137500
0 657 0.375107 0.675000 0.051151 0.147727
0 658 0.358056 0.631818 0.042626 0.134091
0 659 0.371697 0.506250 0.046036 0.123864
0 660 0.380648 0.552273 0.046888 0.120455
0 661 0.119778 0.650568 0.043478 0.146591
0 662 0.510656 0.476705 0.042626 0.123864
0 665 0.794544 0.844886 0.046036 0.144318
0 666 0.849957 0.571591 0.037511 0.120455
0 667 0.945865 0.832955 0.041773 0.152273
0 671 0.823103 0.561364 0.041773 0.134091
0 678 0.932225 0.789773 0.046888 0.145455
0 679 0.894714 0.840909 0.060529 0.150000
0 683 0.646206 0.868750 0.040921 0.114773
0 686 0.658142 0.860227 0.037511 0.138636
0 688 0.380222 0.413068 0.037511 0.105682
