0 207 0.110401 0.163068 0.033248 0.110227
0 224 0.495737 0.979545 0.046888 0.038636
0 226 0.025575 0.968182 0.049446 0.065909
0 231 0.336743 0.948864 0.042626 0.102273
0 232 0.367860 0.961364 0.045183 0.077273
0 233 0.339727 0.306818 0.040068 0.102273
0 234 0.690537 0.886364 0.066496 0.161364
0 235 0.063086 0.156250 0.032396 0.103409
0 244 0.296249 0.770455 0.050298 0.134091
0 245 0.550725 0.980114 0.039216 0.042045
0 246 0.594203 0.971591 0.047741 0.056818
0 262 0.601023 0.188636 0.037511 0.111364
0 324 0.562660 0.431818 0.039216 0.113636
0 327 0.317988 0.059091 0.028986 0.093182
0 328 0.436488 0.040909 0.027280 0.079545
0 329 0.262148 0.288068 0.036658 0.119318
0 330 0.791134 0.244318 0.035806 0.102273
0 331 0.856351 0.704545 0.046888 0.134091
0 333 0.260443 0.988636 0.026428 0.025000
0 335 0.225916 0.968182 0.054561 0.063636
0 336 0.129582 0.940341 0.049446 0.121591
0 337 0.167093 0.939205 0.046036 0.121591
0 338 0.399403 0.197159 0.028133 0.087500
0 339 0.547741 0.119318 0.033248 0.097727
0 340 0.388321 0.195455 0.031543 0.093182
0 341 0.352941 0.131250 0.034101 0.098864
0 342 0.187127 0.194886 0.040068 0.114773
0 343 0.090793 0.257386 0.029838 0.098864
0 344 0.700341 0.644318 0.046888 0.138636
0 345 0.792413 0.387500 0.041773 0.115909
0 346 0.853367 0.459659 0.046036 0.119318
0 347 0.829923 0.471591 0.041773 0.125000
0 348 0.826939 0.235227 0.037511 0.102273
0 355 0.770247 0.694318 0.041773 0.134091
0 356 0.537084 0.621591 0.046036 0.125000
0 357 0.564365 0.607955 0.046036 0.152273
0 358 0.858483 0.643750 0.042626 0.142045
0 359 0.807758 0.695455 0.041773 0.129545
0 360 0.921569 0.975000 0.047741 0.052273
0 365 0.653453 0.784091 0.046888 0.161364
0 367 0.627877 0.795455 0.053708 0.152273
0 368 0.112532 0.552273 0.039216 0.134091
0 369 0.506820 0.342045 0.033248 0.111364
0 371 0.339727 0.209659 0.029838 0.098864
0 372 0.369139 0.186364 0.027280 0.093182
0 374 0.812447 0.604545 0.039216 0.134091
0 376 0.123188 0.265909 0.033248 0.097727
0 377 0.722933 0.609091 0.049446 0.138636
0 378 0.894714 0.635795 0.053708 0.144318
0 379 0.508525 0.711932 0.046888 0.142045
0 381 0.829071 0.637500 0.046888 0.129545
0 382 0.980818 0.975568 0.040068 0.048864
0 383 0.528559 0.343750 0.035806 0.107955
0 384 0.215686 0.012500 0.028986 0.022727
0 386 0.311594 0.014773 0.024723 0.027273
0 390 0.321824 0.794318 0.048593 0.159091
0 391 0.556692 0.715909 0.046036 0.152273
0 392 0.550298 0.657386 0.038363 0.128409
0 393 0.581841 0.698864 0.040068 0.136364
0 394 0.717391 0.777273 0.053708 0.143182
0 395 0.780477 0.802841 0.050298 0.164773
0 396 0.771100 0.384091 0.033248 0.120455
0 397 0.325234 0.240341 0.031543 0.096591
0 398 0.345695 0.239773 0.034953 0.104545
0 399 0.522592 0.273295 0.035806 0.105682
0 400 0.552856 0.286932 0.038363 0.101136
0 401 0.147485 0.085795 0.032396 0.096591
0 402 0.204177 0.101705 0.029838 0.098864
0 403 0.240409 0.069318 0.028986 0.081818
0 404 0.125746 0.078977 0.031543 0.101136
0 405 0.260017 0.065341 0.027280 0.092045
0 408 0.403240 0.067045 0.039216 0.093182
0 409 0.411765 0.043182 0.023870 0.084091
0 410 0.384484 0.032955 0.023870 0.063636
0 411 0.323956 0.016477 0.027280 0.030682
0 413 0.346974 0.015909 0.023870 0.029545
0 414 0.504263 0.041477 0.028133 0.080682
0 415 0.524297 0.043182 0.023870 0.084091
0 420 0.864450 0.032386 0.032396 0.062500
0 439 0.342711 0.025000 0.028986 0.047727
0 440 0.359335 0.027841 0.024723 0.053409
0 441 0.707161 0.351136 0.040068 0.113636
0 442 0.743393 0.407386 0.042626 0.132955
0 443 0.748082 0.498864 0.038363 0.134091
0 444 0.761722 0.485227 0.041773 0.143182
0 445 0.468883 0.543750 0.044331 0.128409
0 446 0.739130 0.442045 0.037511 0.125000
0 447 0.724211 0.501136 0.033248 0.125000
0 448 0.704604 0.411932 0.038363 0.112500
0 449 0.481245 0.176705 0.026428 0.067045
0 450 0.459932 0.167614 0.029838 0.098864
0 451 0.406650 0.145455 0.034101 0.102273
0 453 0.763853 0.259091 0.032396 0.072727
0 454 0.768968 0.438636 0.040921 0.129545
0 559 0.871270 0.971023 0.049446 0.057955
0 565 0.166240 0.447727 0.037511 0.125000
0 566 0.473146 0.672727 0.051151 0.156818
0 569 0.017477 0.749432 0.033248 0.151136
0 570 0.042626 0.759091 0.035806 0.111364
0 572 0.075448 0.550568 0.041773 0.126136
0 573 0.428389 0.696591 0.046888 0.143182
0 574 0.225064 0.435227 0.040921 0.129545
0 575 0.034101 0.331250 0.040921 0.110227
0 577 0.468883 0.265341 0.039216 0.114773
0 578 0.422421 0.405114 0.036658 0.119318
0 579 0.444587 0.422727 0.034953 0.111364
0 580 0.055413 0.214773 0.035806 0.109091
0 583 0.282182 0.299432 0.037511 0.103409
0 584 0.483376 0.398864 0.037511 0.120455
0 585 0.786019 0.619886 0.047741 0.142045
0 586 0.364024 0.205682 0.030691 0.104545
0 587 0.480818 0.214773 0.035806 0.100000
0 588 0.466326 0.727273 0.051151 0.156818
0 613 0.921995 0.232955 0.031543 0.052273
0 625 0.787298 0.971023 0.046888 0.057955
0 626 0.528559 0.818182 0.040921 0.134091
0 628 0.271526 0.617045 0.046888 0.140909
0 635 0.019182 0.685227 0.036658 0.152273
0 636 0.404518 0.442045 0.046888 0.115909
0 637 0.715686 0.952841 0.052003 0.096591
0 640 0.491049 0.826705 0.059676 0.167045
0 641 0.070759 0.257386 0.034101 0.096591
0 647 0.575448 0.759091 0.042626 0.140909
0 648 0.674766 0.831818 0.060529 0.156818
0 649 0.304348 0.607955 0.040921 0.143182
0 651 0.374254 0.560227 0.042626 0.115909
0 652 0.052003 0.631250 0.047741 0.137500
0 653 0.173913 0.585227 0.049446 0.136364
0 654 0.303495 0.464773 0.032396 0.120455
0 656 0.343564 0.472727 0.037511 0.134091
0 657 0.382779 0.592614 0.046036 0.146591
0 658 0.349531 0.547727 0.039216 0.129545
0 659 0.375533 0.438636 0.046888 0.125000
0 660 0.378517 0.476136 0.042626 0.120455
0 661 0.183717 0.535795 0.041773 0.137500
0 662 0.515772 0.393182 0.040921 0.115909
0 665 0.722933 0.710227 0.042626 0.143182
0 666 0.867434 0.496591 0.033248 0.120455
0 667 0.907502 0.735795 0.041773 0.142045
0 671 0.844842 0.488636 0.042626 0.129545
0 678 0.897272 0.704545 0.046888 0.147727
0 679 0.856777 0.742045 0.056266 0.138636
0 683 0.604859 0.773295 0.040068 0.132955
0 684 0.408781 0.944886 0.058824 0.110227
0 686 0.612532 0.756250 0.038363 0.137500
0 687 0.539642 0.918750 0.057971 0.139773
0 688 0.373402 0.359091 0.039216 0.102273
