0 207 0.104433 0.146023 0.029838 0.107955
0 224 0.473572 0.961932 0.052003 0.073864
0 225 0.002984 0.950000 0.004263 0.100000
0 226 0.033674 0.951705 0.057118 0.098864
0 229 0.785166 0.971591 0.039216 0.054545
0 231 0.333760 0.929545 0.040068 0.129545
0 232 0.365729 0.946591 0.044331 0.106818
0 233 0.303069 0.309659 0.045183 0.103409
0 234 0.638960 0.855114 0.058824 0.162500
0 235 0.050725 0.146023 0.031543 0.105682
0 244 0.317988 0.755682 0.049446 0.140909
0 245 0.540921 0.964205 0.046888 0.073864
0 246 0.585251 0.957955 0.046888 0.084091
0 262 0.583120 0.156818 0.035806 0.106818
0 324 0.565644 0.410227 0.034953 0.109091
0 327 0.325234 0.048864 0.029838 0.081818
0 328 0.438193 0.035227 0.028986 0.068182
0 329 0.267263 0.271023 0.034953 0.117045
0 330 0.797528 0.230682 0.029838 0.095455
0 331 0.848679 0.682386 0.041773 0.128409
0 333 0.263427 0.988068 0.027280 0.026136
0 335 0.225490 0.968182 0.055413 0.063636
0 336 0.130861 0.938068 0.048593 0.126136
0 337 0.168798 0.938068 0.047741 0.123864
0 338 0.402387 0.184091 0.027280 0.088636
0 339 0.546888 0.109091 0.029838 0.100000
0 340 0.385763 0.181818 0.029838 0.090909
0 341 0.357204 0.117614 0.030691 0.096591
0 342 0.199915 0.177841 0.036658 0.112500
0 343 0.103581 0.242614 0.029838 0.098864
0 344 0.705882 0.622727 0.037511 0.136364
0 345 0.793691 0.374432 0.040921 0.117045
0 346 0.849105 0.437500 0.040921 0.118182
0 347 0.826087 0.451136 0.039216 0.122727
0 348 0.830776 0.222727 0.036658 0.100000
0 355 0.769395 0.660227 0.038363 0.127273
0 356 0.518329 0.592614 0.037511 0.117045
0 357 0.554135 0.581818 0.046036 0.136364
0 358 0.850810 0.627273 0.040921 0.143182
0 359 0.803922 0.675568 0.042626 0.137500
0 360 0.893862 0.951136 0.045183 0.095455
0 365 0.643649 0.756250 0.051151 0.153409
0 367 0.615516 0.771591 0.046036 0.159091
0 368 0.127025 0.528977 0.039216 0.132955
0 369 0.502131 0.326705 0.032396 0.110227
0 371 0.338448 0.196591 0.028986 0.095455
0 372 0.369565 0.173295 0.026428 0.089773
0 374 0.810742 0.580682 0.039216 0.127273
0 376 0.136402 0.248864 0.032396 0.095455
0 377 0.727621 0.586364 0.050298 0.136364
0 378 0.893436 0.618750 0.046036 0.142045
0 379 0.499574 0.682955 0.044331 0.131818
0 381 0.827792 0.610795 0.049446 0.128409
0 382 0.959506 0.955682 0.045183 0.088636
0 383 0.528986 0.323295 0.033248 0.101136
0 384 0.232310 0.008523 0.028133 0.014773
0 386 0.320546 0.009659 0.017050 0.017045
0 390 0.348252 0.768750 0.038363 0.148864
0 391 0.555840 0.688636 0.044331 0.140909
0 392 0.536232 0.634091 0.035806 0.106818
0 393 0.578858 0.660227 0.032396 0.113636
0 394 0.711850 0.747727 0.042626 0.134091
0 395 0.775362 0.763636 0.048593 0.156818
0 396 0.768968 0.371591 0.034101 0.118182
0 397 0.339301 0.224432 0.030691 0.094318
0 398 0.359761 0.222727 0.030691 0.104545
0 399 0.521739 0.258523 0.035806 0.103409
0 400 0.554987 0.269318 0.039216 0.097727
0 401 0.162830 0.073864 0.027280 0.084091
0 402 0.216539 0.086932 0.028986 0.092045
0 403 0.248934 0.056818 0.025575 0.081818
0 404 0.140665 0.067045 0.028986 0.104545
0 405 0.268542 0.052841 0.025575 0.089773
0 408 0.410060 0.063068 0.032396 0.085227
0 409 0.415601 0.035795 0.023018 0.069318
0 410 0.387468 0.026136 0.023018 0.050000
0 413 0.360614 0.007955 0.022165 0.013636
0 414 0.505541 0.035795 0.028986 0.069318
0 415 0.526428 0.035227 0.023018 0.068182
0 420 0.884910 0.024432 0.030691 0.046591
0 428 0.580563 0.153409 0.035806 0.100000
0 439 0.346547 0.018750 0.019608 0.035227
0 440 0.361466 0.025000 0.018755 0.045455
0 441 0.702046 0.330682 0.041773 0.113636
0 442 0.728048 0.387500 0.042626 0.122727
0 443 0.742114 0.474432 0.036658 0.121591
0 444 0.757033 0.467045 0.037511 0.136364
0 445 0.477408 0.525568 0.042626 0.130682
0 446 0.737425 0.418182 0.039216 0.104545
0 447 0.714834 0.482386 0.040068 0.117045
0 448 0.685422 0.398295 0.040921 0.114773
0 449 0.490622 0.165909 0.024723 0.065909
0 450 0.469309 0.153977 0.031543 0.092045
0 451 0.421569 0.136932 0.036658 0.105682
0 453 0.772379 0.250000 0.027280 0.072727
0 454 0.763001 0.418182 0.037511 0.118182
0 559 0.843137 0.952273 0.047741 0.097727
0 565 0.176897 0.426705 0.038363 0.128409
0 566 0.466326 0.647727 0.049446 0.145455
0 569 0.026428 0.725568 0.044331 0.142045
0 570 0.060529 0.732955 0.035806 0.109091
0 572 0.090367 0.527273 0.039216 0.122727
0 573 0.414749 0.668750 0.038363 0.146591
0 574 0.228474 0.411364 0.040921 0.125000
0 575 0.047741 0.317045 0.035806 0.111364
0 577 0.467604 0.247727 0.036658 0.111364
0 578 0.421142 0.379545 0.034101 0.115909
0 579 0.442455 0.393750 0.030691 0.110227
0 580 0.064365 0.201136 0.031543 0.106818
0 583 0.286871 0.281818 0.034953 0.100000
0 584 0.484655 0.375000 0.034953 0.118182
0 585 0.783035 0.594318 0.045183 0.136364
0 586 0.362319 0.196591 0.027280 0.104545
0 587 0.481671 0.197727 0.034101 0.095455
0 588 0.460358 0.701136 0.046036 0.147727
0 613 0.924126 0.223864 0.030691 0.056818
0 625 0.760017 0.952273 0.043478 0.095455
0 626 0.521313 0.794886 0.040068 0.139773
0 628 0.267263 0.593182 0.041773 0.136364
0 635 0.020460 0.650568 0.039216 0.128409
0 636 0.407928 0.426136 0.036658 0.111364
0 637 0.692668 0.932386 0.050298 0.126136
0 640 0.481671 0.792614 0.051151 0.162500
0 641 0.084399 0.241477 0.028986 0.094318
0 647 0.567775 0.737500 0.037511 0.125000
0 648 0.662404 0.804545 0.046036 0.152273
0 649 0.300085 0.584091 0.032396 0.143182
0 651 0.375533 0.533523 0.036658 0.112500
0 652 0.060529 0.609659 0.044331 0.132955
0 653 0.183717 0.559659 0.038363 0.135227
0 654 0.305200 0.444318 0.032396 0.118182
0 656 0.345269 0.448864 0.037511 0.122727
0 657 0.390878 0.568750 0.040068 0.137500
0 658 0.348252 0.530682 0.036658 0.131818
0 659 0.378943 0.414205 0.041773 0.105682
0 660 0.380222 0.452841 0.039216 0.112500
0 661 0.202899 0.507955 0.037511 0.131818
0 662 0.514493 0.376705 0.036658 0.112500
0 665 0.719949 0.672727 0.038363 0.120455
0 666 0.870844 0.475568 0.033248 0.119318
0 667 0.896846 0.714205 0.040921 0.142045
0 671 0.849957 0.471591 0.039216 0.127273
0 678 0.891731 0.678977 0.044331 0.142045
0 679 0.848679 0.715909 0.048593 0.138636
0 683 0.595908 0.750568 0.039216 0.132955
0 684 0.408781 0.927273 0.052003 0.145455
0 686 0.604433 0.721023 0.032396 0.117045
0 687 0.526002 0.895455 0.052856 0.150000
0 688 0.379369 0.340909 0.037511 0.097727
