0 207 0.106991 0.154545 0.031543 0.109091
0 224 0.485081 0.971023 0.049446 0.055682
0 226 0.028559 0.959659 0.055413 0.082955
0 229 0.783887 0.978409 0.036658 0.040909
0 231 0.335038 0.939773 0.040921 0.115909
0 232 0.367008 0.953977 0.045183 0.092045
0 233 0.321398 0.307955 0.044331 0.102273
0 234 0.665388 0.871023 0.062234 0.162500
0 235 0.057118 0.151136 0.032396 0.104545
0 244 0.307332 0.763068 0.050298 0.137500
0 245 0.545610 0.972159 0.044331 0.057955
0 246 0.589940 0.964773 0.047741 0.070455
0 262 0.590367 0.170455 0.034953 0.109091
0 324 0.564365 0.420455 0.037511 0.111364
0 327 0.321398 0.053977 0.028986 0.087500
0 328 0.437766 0.038068 0.028133 0.073864
0 329 0.264280 0.279545 0.035806 0.118182
0 330 0.794544 0.236932 0.032396 0.098864
0 331 0.852515 0.693182 0.044331 0.131818
0 333 0.261296 0.988068 0.026428 0.026136
0 335 0.225490 0.968182 0.055413 0.063636
0 336 0.129582 0.939205 0.049446 0.123864
0 337 0.168372 0.938636 0.046888 0.122727
0 338 0.401108 0.190909 0.028133 0.088636
0 339 0.546888 0.114205 0.031543 0.098864
0 340 0.387042 0.188636 0.030691 0.093182
0 341 0.355072 0.123864 0.031543 0.097727
0 342 0.193095 0.186364 0.038363 0.113636
0 343 0.096760 0.250568 0.029838 0.098864
0 344 0.703325 0.633523 0.042626 0.137500
0 345 0.792839 0.381250 0.040921 0.117045
0 346 0.851236 0.448864 0.043478 0.118182
0 347 0.827792 0.461364 0.040921 0.122727
0 348 0.828645 0.228977 0.037511 0.101136
0 355 0.769395 0.677273 0.040068 0.129545
0 356 0.527707 0.607386 0.042626 0.121591
0 357 0.558397 0.594886 0.046036 0.144318
0 358 0.854646 0.635227 0.041773 0.143182
0 359 0.805627 0.685795 0.042626 0.132955
0 360 0.907502 0.963068 0.048593 0.073864
0 365 0.649616 0.769886 0.049446 0.155682
0 367 0.621910 0.782955 0.050298 0.154545
0 368 0.119352 0.540341 0.039216 0.132955
0 369 0.504689 0.334659 0.032396 0.110227
0 371 0.339301 0.203409 0.028986 0.097727
0 372 0.369139 0.180114 0.027280 0.092045
0 374 0.811594 0.592614 0.039216 0.130682
0 376 0.130009 0.257386 0.033248 0.096591
0 377 0.725064 0.597727 0.050298 0.136364
0 378 0.893862 0.627273 0.050298 0.143182
0 379 0.503836 0.697727 0.046036 0.136364
0 381 0.828645 0.624432 0.047741 0.128409
0 382 0.970588 0.965909 0.043478 0.068182
0 383 0.529838 0.333523 0.034953 0.103409
0 384 0.223785 0.010795 0.028133 0.019318
0 386 0.316283 0.011932 0.020460 0.021591
0 390 0.335038 0.781818 0.044331 0.154545
0 391 0.556266 0.701705 0.045183 0.146591
0 392 0.543478 0.645455 0.036658 0.118182
0 393 0.580136 0.680114 0.036658 0.126136
0 394 0.714834 0.762500 0.048593 0.138636
0 395 0.778346 0.782955 0.049446 0.161364
0 396 0.770247 0.377273 0.033248 0.120455
0 397 0.332481 0.231818 0.030691 0.095455
0 398 0.352941 0.230682 0.032396 0.104545
0 399 0.522165 0.265909 0.034953 0.104545
0 400 0.554135 0.277841 0.039216 0.098864
0 401 0.154731 0.079545 0.029838 0.090909
0 402 0.210145 0.094318 0.029838 0.095455
0 403 0.244672 0.063636 0.027280 0.081818
0 404 0.133419 0.072727 0.029838 0.102273
0 405 0.263853 0.059091 0.026428 0.090909
0 408 0.406650 0.065341 0.035806 0.089773
0 409 0.413896 0.039773 0.023018 0.077273
0 410 0.386189 0.029545 0.023870 0.056818
0 411 0.331628 0.011364 0.023870 0.020455
0 413 0.353367 0.011932 0.023018 0.021591
0 414 0.504689 0.038636 0.028986 0.075000
0 415 0.525575 0.039205 0.023018 0.076136
0 420 0.875107 0.028409 0.031543 0.054545
0 439 0.345695 0.022159 0.021313 0.042045
0 440 0.360614 0.026136 0.018755 0.047727
0 441 0.704177 0.340909 0.040921 0.113636
0 442 0.735720 0.398295 0.042626 0.128409
0 443 0.745098 0.486932 0.037511 0.128409
0 444 0.759591 0.476136 0.039216 0.138636
0 445 0.473572 0.534659 0.043478 0.128409
0 446 0.737852 0.430114 0.038363 0.114773
0 447 0.719949 0.492614 0.036658 0.121591
0 448 0.695226 0.404545 0.040068 0.113636
0 449 0.485934 0.171023 0.025575 0.067045
0 450 0.464621 0.160795 0.030691 0.096591
0 451 0.413896 0.140341 0.034953 0.103409
0 453 0.768542 0.255682 0.029838 0.072727
0 454 0.765985 0.428409 0.040068 0.125000
0 559 0.856777 0.960795 0.049446 0.078409
0 565 0.171355 0.436932 0.037511 0.126136
0 566 0.469736 0.660227 0.051151 0.152273
0 569 0.021313 0.737500 0.040921 0.147727
0 570 0.051151 0.746023 0.035806 0.110227
0 572 0.082694 0.539205 0.040921 0.123864
0 573 0.421569 0.682955 0.043478 0.145455
0 574 0.226769 0.423295 0.040921 0.126136
0 575 0.040921 0.323295 0.039216 0.110227
0 577 0.468457 0.256818 0.038363 0.113636
0 578 0.421995 0.392614 0.035806 0.117045
0 579 0.443734 0.408523 0.033248 0.110227
0 580 0.060529 0.207386 0.034101 0.107955
0 583 0.284740 0.290909 0.035806 0.102273
0 584 0.483802 0.386932 0.036658 0.119318
0 585 0.784314 0.607386 0.046036 0.139773
0 586 0.363171 0.201136 0.028986 0.104545
0 587 0.481245 0.205682 0.034953 0.097727
0 588 0.463342 0.714205 0.048593 0.153409
0 613 0.922421 0.227841 0.030691 0.055682
0 625 0.773657 0.961364 0.045183 0.077273
0 626 0.525149 0.806818 0.040921 0.136364
0 628 0.269395 0.605682 0.044331 0.138636
0 635 0.020034 0.667614 0.038363 0.142045
0 636 0.405797 0.434659 0.042626 0.114773
0 637 0.704177 0.942045 0.051151 0.111364
0 640 0.486360 0.809659 0.055413 0.164773
0 641 0.078005 0.249432 0.031543 0.094318
0 647 0.571611 0.748295 0.040068 0.132955
0 648 0.668798 0.817614 0.052003 0.153409
0 649 0.302217 0.596023 0.036658 0.142045
0 651 0.375107 0.547159 0.039216 0.114773
0 652 0.056266 0.621023 0.046036 0.135227
0 653 0.179028 0.572159 0.044331 0.135227
0 654 0.304348 0.455114 0.032396 0.119318
0 656 0.344416 0.460795 0.037511 0.128409
0 657 0.386616 0.580682 0.043478 0.143182
0 658 0.348679 0.539205 0.037511 0.130682
0 659 0.377238 0.426136 0.045183 0.115909
0 660 0.379369 0.464205 0.040921 0.117045
0 661 0.193095 0.521591 0.040068 0.134091
0 662 0.514919 0.385227 0.039216 0.113636
0 665 0.721228 0.691477 0.040921 0.132955
0 666 0.869139 0.486364 0.033248 0.120455
0 667 0.901961 0.724432 0.040921 0.142045
0 671 0.847400 0.480114 0.040921 0.128409
0 678 0.894288 0.692045 0.046036 0.145455
0 679 0.852515 0.729545 0.052856 0.138636
0 683 0.600597 0.761932 0.040068 0.132955
0 684 0.408355 0.935795 0.056266 0.128409
0 686 0.607843 0.739205 0.035806 0.128409
0 687 0.533248 0.906818 0.055413 0.145455
0 688 0.375959 0.350568 0.039216 0.101136
