0 207 0.037511 0.075568 0.028986 0.101136
0 215 0.417732 0.957955 0.040921 0.086364
0 216 0.357204 0.943182 0.051151 0.115909
0 217 0.332907 0.961932 0.045183 0.076136
0 221 0.616795 0.966477 0.048593 0.069318
0 222 0.661978 0.967045 0.050298 0.068182
0 224 0.431373 0.809659 0.044331 0.144318
0 225 0.047741 0.799432 0.046036 0.153409
0 226 0.086530 0.797727 0.055413 0.152273
0 229 0.763001 0.844318 0.044331 0.172727
0 231 0.323956 0.757955 0.037511 0.145455
0 232 0.363171 0.788636 0.046036 0.145455
0 233 0.092498 0.327273 0.038363 0.104545
0 234 0.396419 0.685795 0.049446 0.142045
0 236 0.903240 0.010227 0.024723 0.018182
0 244 0.391731 0.651705 0.041773 0.142045
0 245 0.501279 0.825568 0.049446 0.157955
0 246 0.543052 0.824432 0.042626 0.169318
0 247 0.636402 0.923864 0.046888 0.136364
0 324 0.590367 0.265341 0.031543 0.096591
0 327 0.353367 0.007386 0.031543 0.012500
0 328 0.446718 0.007386 0.030691 0.012500
0 329 0.295396 0.185227 0.031543 0.111364
0 330 0.807332 0.151136 0.028986 0.093182
0 331 0.834612 0.569318 0.042626 0.127273
0 333 0.269395 0.978977 0.037511 0.042045
0 334 0.203325 0.982386 0.041773 0.037500
0 335 0.227621 0.961364 0.049446 0.077273
0 336 0.138107 0.928409 0.047741 0.145455
0 337 0.178602 0.928409 0.045183 0.143182
0 338 0.416880 0.105682 0.025575 0.077273
0 339 0.540494 0.053977 0.025575 0.078409
0 340 0.400682 0.104545 0.027280 0.081818
0 341 0.376385 0.052841 0.028133 0.089773
0 342 0.273231 0.087500 0.028133 0.102273
0 343 0.176471 0.157955 0.028986 0.097727
0 344 0.750213 0.493750 0.034101 0.135227
0 345 0.800512 0.306818 0.037511 0.118182
0 346 0.830350 0.343182 0.034101 0.118182
0 347 0.805627 0.344886 0.032396 0.114773
0 348 0.838022 0.142045 0.035806 0.097727
0 355 0.757033 0.554545 0.039216 0.125000
0 356 0.491901 0.459659 0.035806 0.123864
0 357 0.531117 0.453977 0.040921 0.132955
0 358 0.835465 0.528409 0.039216 0.125000
0 359 0.795396 0.553409 0.042626 0.131818
0 360 0.775789 0.778977 0.049446 0.162500
0 361 0.909633 0.761364 0.046036 0.134091
0 364 0.890878 0.786932 0.037511 0.142045
0 365 0.582694 0.617045 0.052003 0.147727
0 367 0.563512 0.631250 0.042626 0.148864
0 368 0.203751 0.408523 0.037511 0.121591
0 369 0.493606 0.227273 0.030691 0.097727
0 370 0.097613 0.101705 0.031543 0.087500
0 371 0.349531 0.116477 0.025575 0.089773
0 372 0.380222 0.098295 0.025575 0.087500
0 374 0.818414 0.453409 0.039216 0.120455
0 376 0.196078 0.160795 0.027280 0.089773
0 377 0.736573 0.465341 0.052856 0.135227
0 378 0.865303 0.498864 0.042626 0.125000
0 379 0.494885 0.546591 0.034953 0.125000
0 381 0.816709 0.473295 0.049446 0.123864
0 382 0.845695 0.761364 0.047741 0.138636
0 383 0.520887 0.220455 0.032396 0.093182
0 390 0.445013 0.664205 0.039216 0.142045
0 391 0.525149 0.535795 0.040921 0.128409
0 392 0.365729 0.560227 0.034101 0.111364
0 393 0.561807 0.521023 0.037511 0.110227
0 394 0.734868 0.580682 0.039216 0.131818
0 395 0.762148 0.589773 0.040921 0.140909
0 396 0.751066 0.297727 0.034101 0.113636
0 397 0.416880 0.143182 0.028986 0.090909
0 398 0.443308 0.139773 0.025575 0.104545
0 399 0.514919 0.175000 0.030691 0.093182
0 400 0.539642 0.179545 0.032396 0.093182
0 401 0.242114 0.023864 0.023870 0.045455
0 402 0.284740 0.026705 0.027280 0.051136
0 403 0.290708 0.013636 0.023870 0.025000
0 404 0.225490 0.022159 0.026428 0.042045
0 405 0.315004 0.011932 0.024723 0.021591
0 408 0.453538 0.014773 0.032396 0.027273
0 414 0.512361 0.009091 0.030691 0.015909
0 415 0.539216 0.006818 0.021313 0.011364
0 441 0.682012 0.232386 0.042626 0.114773
0 444 0.715686 0.360227 0.034953 0.125000
0 445 0.529838 0.418750 0.041773 0.121591
0 446 0.722933 0.312500 0.039216 0.097727
0 449 0.560102 0.094886 0.023870 0.067045
0 450 0.548167 0.081818 0.032396 0.090909
0 451 0.521313 0.069886 0.031543 0.101136
0 453 0.788576 0.168182 0.027280 0.065909
0 454 0.743393 0.318182 0.039216 0.120455
0 556 0.893862 0.970455 0.041773 0.061364
0 559 0.724211 0.775000 0.048593 0.159091
0 565 0.213981 0.308523 0.035806 0.110227
0 566 0.453538 0.519886 0.044331 0.132955
0 568 0.056266 0.586932 0.032396 0.114773
0 569 0.087383 0.578409 0.041773 0.136364
0 570 0.119352 0.589773 0.035806 0.097727
0 572 0.171782 0.403977 0.038363 0.121591
0 573 0.408355 0.525568 0.034101 0.130682
0 574 0.257460 0.289205 0.037511 0.117045
0 575 0.121057 0.202273 0.034101 0.104545
0 576 0.526002 0.130682 0.027280 0.084091
0 577 0.494032 0.138068 0.031543 0.101136
0 578 0.446292 0.255114 0.031543 0.110227
0 579 0.464621 0.267045 0.032396 0.097727
0 580 0.119352 0.124432 0.028986 0.103409
0 583 0.316283 0.190341 0.030691 0.092045
0 584 0.488491 0.264773 0.034101 0.104545
0 585 0.782609 0.466477 0.042626 0.130682
0 586 0.380222 0.121591 0.028986 0.104545
0 587 0.484655 0.120455 0.031543 0.093182
0 588 0.462063 0.557955 0.039216 0.134091
0 589 0.070759 0.097159 0.032396 0.094318
0 604 0.297101 0.910795 0.046888 0.142045
0 610 0.938619 0.832955 0.046036 0.147727
0 613 0.870418 0.199432 0.028986 0.101136
0 614 0.442455 0.025000 0.032396 0.047727
0 620 0.676044 0.907955 0.047741 0.152273
0 623 0.330776 0.851705 0.044331 0.153409
0 625 0.656863 0.786364 0.041773 0.138636
0 626 0.477835 0.633523 0.038363 0.121591
0 628 0.281330 0.468182 0.035806 0.125000
0 633 0.022592 0.525568 0.041773 0.128409
0 634 0.421569 0.894318 0.048593 0.129545
0 635 0.066496 0.521591 0.040921 0.118182
0 636 0.427962 0.313636 0.032396 0.111364
0 637 0.610401 0.757955 0.047741 0.152273
0 640 0.448849 0.619886 0.043478 0.146591
0 641 0.122762 0.155682 0.023870 0.084091
0 647 0.517050 0.585795 0.034953 0.121591
0 648 0.606138 0.660795 0.044331 0.151136
0 649 0.312020 0.472159 0.032396 0.128409
0 650 0.050298 0.378977 0.040921 0.117045
0 651 0.385337 0.417045 0.035806 0.111364
0 652 0.115090 0.484091 0.037511 0.131818
0 653 0.252344 0.432386 0.034101 0.132955
0 654 0.320972 0.335227 0.031543 0.118182
0 656 0.353794 0.328409 0.037511 0.111364
0 657 0.418585 0.427273 0.039216 0.131818
0 658 0.356351 0.414205 0.034101 0.121591
0 659 0.398124 0.301136 0.037511 0.093182
0 660 0.388321 0.339773 0.031543 0.106818
0 661 0.282609 0.357955 0.038363 0.127273
0 662 0.518329 0.261932 0.035806 0.103409
0 665 0.745098 0.522727 0.039216 0.111364
0 666 0.869565 0.354545 0.032396 0.118182
0 667 0.891731 0.590341 0.046036 0.139773
0 671 0.845695 0.351136 0.034101 0.125000
0 678 0.868713 0.549432 0.040921 0.123864
0 679 0.826087 0.593750 0.044331 0.130682
0 683 0.551577 0.605682 0.039216 0.131818
0 684 0.404092 0.746023 0.046036 0.137500
0 686 0.558397 0.577841 0.030691 0.110227
0 687 0.479540 0.717614 0.043478 0.135227
0 688 0.409207 0.248295 0.028986 0.089773
