0 207 0.089514 0.121591 0.027280 0.106818
0 224 0.453538 0.934091 0.051151 0.134091
0 225 0.011935 0.914205 0.022165 0.148864
0 226 0.052856 0.916477 0.054561 0.144318
0 229 0.786871 0.944886 0.047741 0.112500
0 231 0.328218 0.885227 0.037511 0.159091
0 232 0.364024 0.910795 0.044331 0.144318
0 233 0.234442 0.310227 0.028986 0.104545
0 234 0.549020 0.800568 0.051151 0.164773
0 235 0.025575 0.127273 0.030691 0.106818
0 236 0.987639 0.008523 0.026428 0.014773
0 244 0.344416 0.719318 0.042626 0.140909
0 245 0.525149 0.935227 0.051151 0.131818
0 246 0.569054 0.930114 0.045183 0.142045
0 324 0.573316 0.369318 0.031543 0.106818
0 327 0.337596 0.032386 0.030691 0.062500
0 328 0.440324 0.023864 0.031543 0.045455
0 329 0.275362 0.239773 0.030691 0.113636
0 330 0.804348 0.205682 0.028133 0.093182
0 331 0.844842 0.646591 0.040921 0.127273
0 333 0.270247 0.987500 0.027280 0.027273
0 335 0.225064 0.968182 0.052856 0.063636
0 336 0.133845 0.934659 0.047741 0.132955
0 337 0.169224 0.936932 0.048593 0.128409
0 338 0.406650 0.160227 0.025575 0.088636
0 339 0.546462 0.092614 0.025575 0.101136
0 340 0.389173 0.156818 0.028133 0.088636
0 341 0.365729 0.097159 0.028986 0.094318
0 342 0.225064 0.147159 0.030691 0.107955
0 343 0.127877 0.214773 0.028986 0.097727
0 344 0.717818 0.585795 0.034101 0.135227
0 345 0.797101 0.350568 0.037511 0.117045
0 346 0.841432 0.402841 0.034101 0.117045
0 347 0.818414 0.415341 0.034101 0.117045
0 348 0.835891 0.198864 0.034953 0.097727
0 355 0.758312 0.620455 0.038363 0.125000
0 356 0.498721 0.556818 0.034101 0.125000
0 357 0.542199 0.538068 0.044331 0.137500
0 358 0.839727 0.598864 0.039216 0.145455
0 359 0.801364 0.641477 0.042626 0.142045
0 360 0.851662 0.911364 0.047741 0.156818
0 361 0.979113 0.891477 0.043478 0.144318
0 364 0.974425 0.926705 0.037511 0.103409
0 365 0.624041 0.710227 0.051151 0.152273
0 367 0.595908 0.724432 0.040921 0.148864
0 368 0.153453 0.484091 0.037511 0.122727
0 369 0.496164 0.297159 0.030691 0.105682
0 370 0.008525 0.155114 0.015345 0.087500
0 371 0.335465 0.171591 0.026428 0.090909
0 372 0.371697 0.148864 0.025575 0.086364
0 374 0.810742 0.539773 0.039216 0.120455
0 376 0.160273 0.218182 0.030691 0.090909
0 377 0.735720 0.548295 0.051151 0.135227
0 378 0.877238 0.576705 0.042626 0.126136
0 379 0.485934 0.636364 0.042626 0.125000
0 381 0.821398 0.573864 0.048593 0.125000
0 382 0.923274 0.908523 0.047741 0.146591
0 383 0.520460 0.291477 0.033248 0.096591
0 390 0.375959 0.740341 0.039216 0.142045
0 391 0.553282 0.635795 0.040921 0.135227
0 392 0.497869 0.604545 0.035806 0.104545
0 393 0.564791 0.613636 0.031543 0.111364
0 394 0.712702 0.685227 0.042626 0.131818
0 395 0.771526 0.703977 0.042626 0.144318
0 396 0.763853 0.350568 0.035806 0.114773
0 397 0.364876 0.197727 0.028986 0.090909
0 398 0.386189 0.196591 0.025575 0.104545
0 399 0.519182 0.230682 0.035806 0.097727
0 400 0.554135 0.240341 0.039216 0.096591
0 401 0.187553 0.052841 0.023870 0.082955
0 402 0.238704 0.063068 0.027280 0.087500
0 403 0.265132 0.040341 0.023870 0.073864
0 404 0.166667 0.047727 0.028133 0.088636
0 405 0.286871 0.038636 0.024723 0.075000
0 408 0.423700 0.042045 0.030691 0.070455
0 409 0.420716 0.023295 0.021313 0.044318
0 410 0.393862 0.014773 0.022165 0.027273
0 414 0.508099 0.025568 0.030691 0.048864
0 415 0.529838 0.021591 0.021313 0.040909
0 428 0.572464 0.105114 0.033248 0.105682
0 439 0.360188 0.009659 0.019608 0.017045
0 440 0.377664 0.014773 0.018755 0.027273
0 441 0.698210 0.298864 0.042626 0.113636
0 442 0.710997 0.351136 0.042626 0.120455
0 443 0.726343 0.439205 0.035806 0.114773
0 444 0.744672 0.428409 0.034953 0.125000
0 445 0.491901 0.493182 0.040921 0.131818
0 446 0.727195 0.382386 0.039216 0.101136
0 449 0.507673 0.144886 0.024723 0.067045
0 450 0.488491 0.130682 0.032396 0.090909
0 451 0.455669 0.117614 0.034953 0.107955
0 453 0.780904 0.223295 0.028986 0.067045
0 454 0.758738 0.382386 0.037511 0.119318
0 559 0.803069 0.911932 0.049446 0.157955
0 565 0.191816 0.390909 0.037511 0.122727
0 566 0.457374 0.607955 0.048593 0.138636
0 568 0.016624 0.692045 0.031543 0.118182
0 569 0.044331 0.677273 0.042626 0.138636
0 570 0.069480 0.688068 0.034953 0.107955
0 572 0.115090 0.480114 0.039216 0.121591
0 573 0.398977 0.632955 0.035806 0.147727
0 574 0.235720 0.366477 0.041773 0.123864
0 575 0.076300 0.280682 0.034953 0.109091
0 577 0.468883 0.216477 0.032396 0.105682
0 578 0.426257 0.338636 0.035806 0.113636
0 579 0.443308 0.352273 0.030691 0.104545
0 580 0.081841 0.176136 0.028986 0.104545
0 583 0.295823 0.251136 0.030691 0.097727
0 584 0.489770 0.343750 0.034953 0.117045
0 585 0.782609 0.551705 0.042626 0.130682
0 586 0.369565 0.174432 0.028133 0.103409
0 587 0.482523 0.171591 0.032396 0.093182
0 588 0.455243 0.652273 0.046036 0.145455
0 610 0.976982 0.951136 0.046036 0.095455
0 613 0.922421 0.210227 0.028986 0.070455
0 620 0.723785 0.975568 0.044331 0.048864
0 623 0.422847 0.971023 0.044331 0.057955
0 625 0.719523 0.904545 0.040921 0.122727
0 626 0.508099 0.743750 0.039216 0.123864
0 628 0.265132 0.555114 0.035806 0.135227
0 633 0.005115 0.615341 0.008525 0.128409
0 635 0.029838 0.604545 0.040921 0.118182
0 636 0.413470 0.390341 0.032396 0.110227
0 637 0.655584 0.889773 0.047741 0.163636
0 640 0.468031 0.739205 0.046036 0.162500
0 641 0.103154 0.213636 0.023870 0.090909
0 647 0.557545 0.680682 0.035806 0.120455
0 648 0.635124 0.755682 0.046036 0.152273
0 649 0.295823 0.551705 0.032396 0.142045
0 650 0.011083 0.467045 0.020460 0.120455
0 651 0.375959 0.496591 0.034101 0.111364
0 652 0.081841 0.573295 0.042626 0.130682
0 653 0.206309 0.522159 0.034101 0.135227
0 654 0.307758 0.405114 0.032396 0.117045
0 656 0.347826 0.406818 0.037511 0.111364
0 657 0.397272 0.522159 0.039216 0.135227
0 658 0.348252 0.493182 0.034953 0.131818
0 659 0.383632 0.374432 0.037511 0.089773
0 660 0.378517 0.411932 0.035806 0.107955
0 661 0.237852 0.459659 0.039216 0.130682
0 662 0.514919 0.336364 0.035806 0.111364
0 665 0.719523 0.612500 0.037511 0.111364
0 666 0.875533 0.439205 0.032396 0.117045
0 667 0.880648 0.674432 0.039216 0.142045
0 671 0.857630 0.436364 0.034101 0.125000
0 678 0.883205 0.636932 0.042626 0.137500
0 679 0.840580 0.682386 0.046036 0.137500
0 683 0.585251 0.703409 0.038363 0.131818
0 684 0.409633 0.872727 0.048593 0.161364
0 686 0.588235 0.673295 0.030691 0.110227
0 687 0.504689 0.836932 0.051151 0.151136
0 688 0.391304 0.310227 0.034101 0.093182
