0 207 0.078858 0.109091 0.028133 0.106818
0 216 0.367008 0.986364 0.029838 0.029545
0 224 0.451833 0.901705 0.052856 0.142045
0 225 0.022165 0.882386 0.042626 0.155682
0 226 0.062234 0.888636 0.054561 0.152273
0 229 0.777494 0.922727 0.047741 0.156818
0 231 0.325661 0.848864 0.037511 0.159091
0 232 0.364024 0.873295 0.044331 0.144318
0 233 0.190111 0.314773 0.028986 0.104545
0 234 0.498721 0.764773 0.051151 0.156818
0 235 0.008951 0.113636 0.016198 0.106818
0 236 0.964621 0.010227 0.024723 0.018182
0 244 0.358909 0.700000 0.042626 0.140909
0 245 0.516624 0.910227 0.047741 0.156818
0 246 0.560102 0.906818 0.044331 0.168182
0 247 0.663257 0.972159 0.042626 0.055682
0 324 0.579710 0.340909 0.032396 0.106818
0 327 0.343564 0.026136 0.030691 0.050000
0 328 0.442455 0.017614 0.032396 0.032955
0 329 0.282182 0.223864 0.030691 0.113636
0 330 0.807332 0.189773 0.028986 0.093182
0 331 0.841858 0.625000 0.041773 0.127273
0 333 0.272805 0.986364 0.028986 0.029545
0 335 0.225916 0.966477 0.049446 0.067045
0 336 0.134697 0.932386 0.047741 0.137500
0 337 0.168798 0.936932 0.047741 0.128409
0 338 0.406650 0.143750 0.025575 0.082955
0 339 0.546462 0.085795 0.025575 0.101136
0 340 0.392583 0.140909 0.028133 0.086364
0 341 0.371270 0.084659 0.028133 0.094318
0 342 0.243819 0.130114 0.030691 0.107955
0 343 0.144075 0.197727 0.028986 0.097727
0 344 0.722933 0.558523 0.034101 0.135227
0 345 0.797954 0.338636 0.037511 0.118182
0 346 0.835465 0.385227 0.034101 0.118182
0 347 0.814152 0.393750 0.032396 0.114773
0 348 0.836743 0.181818 0.034953 0.097727
0 355 0.756607 0.593182 0.038363 0.125000
0 356 0.494459 0.528409 0.034101 0.125000
0 357 0.529412 0.516477 0.044331 0.137500
0 358 0.835038 0.581250 0.038363 0.144318
0 359 0.794544 0.612500 0.042626 0.131818
0 360 0.823529 0.876136 0.049446 0.168182
0 361 0.953964 0.853409 0.046036 0.150000
0 364 0.950554 0.878977 0.037511 0.121591
0 365 0.611679 0.678409 0.052003 0.150000
0 367 0.582268 0.699432 0.040921 0.148864
0 368 0.166240 0.460795 0.037511 0.121591
0 369 0.495311 0.276136 0.030691 0.104545
0 370 0.029838 0.139205 0.032396 0.087500
0 371 0.336317 0.155682 0.026428 0.090909
0 372 0.373402 0.132955 0.025575 0.086364
0 374 0.812447 0.514773 0.039216 0.120455
0 376 0.170929 0.201136 0.029838 0.090909
0 377 0.744246 0.524432 0.052856 0.135227
0 378 0.869565 0.552273 0.042626 0.125000
0 379 0.482097 0.609091 0.041773 0.125000
0 381 0.821398 0.550000 0.048593 0.125000
0 382 0.895141 0.864773 0.047741 0.138636
0 383 0.519608 0.273295 0.033248 0.096591
0 390 0.397272 0.719886 0.039216 0.142045
0 391 0.539642 0.602841 0.040921 0.130682
0 392 0.468883 0.592045 0.035806 0.104545
0 393 0.557971 0.586364 0.031543 0.111364
0 394 0.716113 0.656818 0.042626 0.131818
0 395 0.766411 0.667045 0.042626 0.145455
0 396 0.763427 0.334659 0.029838 0.114773
0 397 0.380222 0.182955 0.028986 0.090909
0 398 0.405371 0.182955 0.024723 0.104545
0 399 0.517477 0.213636 0.035806 0.093182
0 400 0.549446 0.224432 0.038363 0.096591
0 401 0.202899 0.042045 0.023870 0.077273
0 402 0.254049 0.049432 0.027280 0.085227
0 403 0.272805 0.031250 0.023870 0.060227
0 404 0.182438 0.035795 0.028986 0.069318
0 405 0.296249 0.031250 0.024723 0.060227
0 408 0.431799 0.030682 0.031543 0.059091
0 409 0.420716 0.016477 0.021313 0.030682
0 410 0.398977 0.009659 0.022165 0.017045
0 414 0.509804 0.019318 0.030691 0.036364
0 415 0.533248 0.016477 0.021313 0.030682
0 428 0.580563 0.080682 0.030691 0.106818
0 440 0.382779 0.007386 0.018755 0.012500
0 441 0.691390 0.278409 0.042626 0.113636
0 442 0.702472 0.334659 0.042626 0.121591
0 443 0.710997 0.419886 0.037511 0.121591
0 444 0.734868 0.409091 0.035806 0.125000
0 445 0.500426 0.472727 0.040921 0.127273
0 446 0.727195 0.360795 0.039216 0.101136
0 449 0.520460 0.130114 0.024723 0.067045
0 450 0.502984 0.117045 0.032396 0.090909
0 451 0.480392 0.103409 0.031543 0.106818
0 453 0.785166 0.206250 0.028986 0.067045
0 454 0.756607 0.363636 0.038363 0.120455
0 559 0.775789 0.867045 0.049446 0.159091
0 565 0.200341 0.365341 0.039216 0.121591
0 566 0.454817 0.584659 0.048593 0.137500
0 568 0.026428 0.663636 0.040921 0.118182
0 569 0.053708 0.650000 0.042626 0.138636
0 570 0.074169 0.661932 0.035806 0.107955
0 572 0.132140 0.458523 0.039216 0.121591
0 573 0.396846 0.602841 0.034953 0.139773
0 574 0.242540 0.347159 0.040068 0.123864
0 575 0.091219 0.253977 0.034101 0.107955
0 576 0.567775 0.125568 0.032396 0.094318
0 577 0.473998 0.193750 0.032396 0.103409
0 578 0.426257 0.315909 0.035806 0.113636
0 579 0.446718 0.326136 0.030691 0.102273
0 580 0.094629 0.160227 0.028986 0.104545
0 583 0.302643 0.234091 0.030691 0.097727
0 584 0.490196 0.319318 0.035806 0.118182
0 585 0.786019 0.526705 0.042626 0.130682
0 586 0.375107 0.159659 0.028986 0.103409
0 587 0.482523 0.155682 0.032396 0.093182
0 588 0.452685 0.626136 0.046036 0.138636
0 589 0.012361 0.134091 0.023018 0.093182
0 604 0.323956 0.969318 0.044331 0.061364
0 610 0.961637 0.921591 0.047741 0.122727
0 613 0.910912 0.206818 0.028133 0.088636
0 614 0.519182 0.033523 0.037511 0.064773
0 620 0.705456 0.960227 0.048593 0.077273
0 623 0.391731 0.941477 0.045183 0.117045
0 625 0.695652 0.869886 0.040921 0.128409
0 626 0.496164 0.710795 0.039216 0.121591
0 628 0.265985 0.527841 0.035806 0.135227
0 633 0.012361 0.592614 0.023018 0.128409
0 635 0.040068 0.577273 0.040921 0.118182
0 636 0.417732 0.365341 0.032396 0.110227
0 637 0.635124 0.847727 0.047741 0.156818
0 640 0.459506 0.704545 0.046036 0.159091
0 641 0.109974 0.197159 0.023870 0.085227
0 647 0.549020 0.650568 0.035806 0.121591
0 648 0.624893 0.727273 0.046036 0.152273
0 649 0.301790 0.528409 0.032396 0.138636
0 650 0.017477 0.440909 0.033248 0.120455
0 651 0.377664 0.475000 0.035806 0.111364
0 652 0.093777 0.548295 0.042626 0.130682
0 653 0.216539 0.490341 0.034101 0.135227
0 654 0.310315 0.387500 0.032396 0.118182
0 656 0.348679 0.381818 0.037511 0.111364
0 657 0.403240 0.489773 0.039216 0.134091
0 658 0.349957 0.466477 0.034953 0.128409
0 659 0.387894 0.353409 0.037511 0.090909
0 660 0.378090 0.389205 0.034953 0.107955
0 661 0.253623 0.435795 0.038363 0.130682
0 662 0.516198 0.313636 0.034953 0.111364
0 665 0.722080 0.579545 0.039216 0.111364
0 666 0.878943 0.414205 0.032396 0.117045
0 667 0.882779 0.648295 0.043478 0.142045
0 671 0.857630 0.405682 0.034101 0.125000
0 678 0.878090 0.614773 0.042626 0.138636
0 679 0.839727 0.652841 0.046036 0.137500
0 683 0.578858 0.675000 0.039216 0.131818
0 684 0.408781 0.834659 0.046888 0.151136
0 686 0.581415 0.646023 0.030691 0.110227
0 687 0.497869 0.798295 0.051151 0.139773
0 688 0.397272 0.296023 0.030691 0.094318
