0 207 0.073316 0.104545 0.028986 0.106818
0 216 0.366581 0.979545 0.040921 0.043182
0 224 0.450554 0.886364 0.052003 0.145455
0 225 0.029838 0.867614 0.044331 0.155682
0 226 0.064791 0.876136 0.054561 0.152273
0 229 0.772805 0.910795 0.046888 0.167045
0 231 0.323956 0.832955 0.037511 0.159091
0 232 0.364024 0.856818 0.044331 0.145455
0 233 0.171782 0.317045 0.029838 0.104545
0 234 0.478687 0.748864 0.050298 0.150000
0 235 0.003836 0.107955 0.005968 0.106818
0 236 0.953964 0.010227 0.025575 0.018182
0 244 0.368286 0.691477 0.042626 0.142045
0 245 0.514066 0.895455 0.047741 0.161364
0 246 0.557118 0.893182 0.043478 0.168182
0 247 0.658994 0.963068 0.047741 0.073864
0 324 0.582268 0.327841 0.032396 0.105682
0 327 0.345269 0.023864 0.030691 0.045455
0 328 0.443308 0.015341 0.032396 0.028409
0 329 0.285592 0.216477 0.030691 0.114773
0 330 0.807332 0.181818 0.028986 0.093182
0 331 0.840153 0.615909 0.041773 0.127273
0 333 0.271952 0.985227 0.030691 0.031818
0 335 0.226343 0.965341 0.048593 0.069318
0 336 0.135550 0.931818 0.047741 0.138636
0 337 0.170503 0.935227 0.047741 0.129545
0 338 0.406650 0.136364 0.025575 0.079545
0 339 0.545610 0.080682 0.025575 0.097727
0 340 0.394288 0.134091 0.028133 0.084091
0 341 0.373402 0.078977 0.028986 0.094318
0 342 0.252344 0.122159 0.030691 0.107955
0 343 0.151748 0.189773 0.028986 0.097727
0 344 0.728048 0.548295 0.034101 0.135227
0 345 0.798806 0.332955 0.037511 0.118182
0 346 0.832907 0.377273 0.034101 0.118182
0 347 0.812447 0.383523 0.032396 0.114773
0 348 0.837170 0.175000 0.035806 0.097727
0 355 0.756607 0.584091 0.038363 0.125000
0 356 0.492754 0.515909 0.034101 0.125000
0 357 0.528559 0.505114 0.044331 0.137500
0 358 0.835465 0.571591 0.039216 0.138636
0 359 0.794544 0.601136 0.042626 0.131818
0 360 0.815004 0.856818 0.049446 0.168182
0 361 0.942455 0.839205 0.045183 0.155682
0 364 0.937766 0.861364 0.037511 0.131818
0 365 0.607843 0.664773 0.051151 0.147727
0 367 0.579284 0.688068 0.041773 0.148864
0 368 0.173061 0.449432 0.037511 0.121591
0 369 0.495311 0.266477 0.030691 0.103409
0 370 0.042199 0.133523 0.031543 0.087500
0 371 0.337596 0.148295 0.027280 0.092045
0 372 0.374254 0.126136 0.025575 0.086364
0 374 0.812447 0.504545 0.039216 0.120455
0 376 0.175192 0.193750 0.028133 0.089773
0 377 0.744246 0.513068 0.052856 0.135227
0 378 0.867008 0.542045 0.042626 0.125000
0 379 0.484655 0.597727 0.040068 0.125000
0 381 0.821398 0.537500 0.048593 0.125000
0 382 0.885763 0.844318 0.047741 0.138636
0 383 0.517903 0.264205 0.033248 0.096591
0 390 0.405797 0.708523 0.039216 0.142045
0 391 0.533674 0.588068 0.040921 0.128409
0 392 0.453538 0.587500 0.035806 0.104545
0 393 0.557545 0.573864 0.032396 0.111364
0 394 0.720801 0.644318 0.041773 0.131818
0 395 0.763001 0.648864 0.042626 0.145455
0 396 0.762148 0.326705 0.030691 0.114773
0 397 0.387894 0.176136 0.028986 0.090909
0 398 0.412191 0.173864 0.024723 0.104545
0 399 0.517050 0.205682 0.034953 0.093182
0 400 0.547315 0.215909 0.037511 0.095455
0 401 0.209719 0.039205 0.023870 0.071591
0 402 0.260870 0.043750 0.027280 0.082955
0 403 0.275362 0.027273 0.023870 0.052273
0 404 0.191390 0.034091 0.028133 0.065909
0 405 0.299233 0.028409 0.025575 0.054545
0 408 0.435209 0.027841 0.031543 0.053409
0 409 0.421142 0.014205 0.022165 0.026136
0 410 0.401535 0.006818 0.022165 0.011364
0 414 0.510656 0.017045 0.030691 0.031818
0 415 0.534101 0.014205 0.021313 0.026136
0 428 0.584399 0.069886 0.029838 0.107955
0 441 0.687980 0.269318 0.042626 0.113636
0 442 0.697357 0.327841 0.042626 0.121591
0 443 0.707161 0.411932 0.038363 0.121591
0 444 0.731458 0.402273 0.035806 0.125000
0 445 0.504263 0.464205 0.041773 0.123864
0 446 0.727195 0.351705 0.039216 0.101136
0 449 0.527280 0.122159 0.024723 0.067045
0 450 0.509804 0.111364 0.032396 0.090909
0 451 0.488917 0.097727 0.031543 0.104545
0 453 0.786871 0.199432 0.028986 0.067045
0 454 0.754902 0.355682 0.038363 0.120455
0 559 0.762575 0.848864 0.048593 0.159091
0 565 0.203751 0.353409 0.039216 0.120455
0 566 0.454817 0.573295 0.048593 0.137500
0 568 0.033248 0.651136 0.040921 0.118182
0 569 0.059250 0.636364 0.041773 0.138636
0 570 0.080136 0.646591 0.035806 0.104545
0 572 0.138960 0.449432 0.039216 0.121591
0 573 0.396419 0.588636 0.034101 0.136364
0 574 0.246377 0.339205 0.039216 0.123864
0 575 0.097187 0.243750 0.034101 0.107955
0 576 0.560102 0.127841 0.030691 0.094318
0 577 0.476130 0.182955 0.031543 0.102273
0 578 0.428815 0.302841 0.034101 0.112500
0 579 0.449275 0.313636 0.032396 0.100000
0 580 0.098892 0.153409 0.028986 0.104545
0 583 0.306053 0.226136 0.030691 0.097727
0 584 0.490196 0.306818 0.035806 0.118182
0 585 0.786871 0.515341 0.042626 0.130682
0 586 0.375959 0.153977 0.028986 0.103409
0 587 0.482523 0.148864 0.032396 0.093182
0 588 0.451833 0.614205 0.046036 0.135227
0 589 0.019608 0.127273 0.034101 0.093182
0 604 0.319267 0.959659 0.045183 0.080682
0 610 0.954817 0.907386 0.047741 0.132955
0 613 0.906223 0.205114 0.027280 0.096591
0 614 0.505541 0.033523 0.037511 0.064773
0 620 0.698210 0.953409 0.049446 0.090909
0 623 0.378517 0.928409 0.046036 0.143182
0 625 0.688406 0.853977 0.041773 0.130682
0 626 0.490196 0.696023 0.039216 0.121591
0 628 0.267690 0.517045 0.035806 0.131818
0 633 0.014493 0.581250 0.027280 0.128409
0 634 0.458653 0.974432 0.044331 0.053409
0 635 0.045183 0.565909 0.040921 0.118182
0 636 0.418585 0.353409 0.032396 0.111364
0 637 0.629156 0.830114 0.047741 0.155682
0 640 0.457801 0.689773 0.044331 0.154545
0 641 0.113384 0.189773 0.023870 0.084091
0 647 0.545610 0.638636 0.035806 0.120455
0 648 0.621057 0.713636 0.045183 0.152273
0 649 0.306905 0.520455 0.032396 0.138636
0 650 0.020460 0.429545 0.039216 0.120455
0 651 0.378517 0.464773 0.035806 0.111364
0 652 0.098039 0.536932 0.042626 0.130682
0 653 0.221654 0.477841 0.034101 0.135227
0 654 0.312020 0.379545 0.032396 0.118182
0 656 0.350384 0.371591 0.037511 0.111364
0 657 0.406650 0.476136 0.039216 0.134091
0 658 0.350384 0.455682 0.034101 0.125000
0 659 0.390452 0.344318 0.037511 0.090909
0 660 0.378943 0.380114 0.034953 0.107955
0 661 0.260443 0.422159 0.038363 0.130682
0 662 0.516198 0.303409 0.034953 0.109091
0 665 0.725064 0.568182 0.038363 0.111364
0 666 0.879795 0.403977 0.032396 0.117045
0 667 0.883632 0.636364 0.045183 0.140909
0 671 0.855072 0.395455 0.034101 0.125000
0 678 0.875533 0.604545 0.042626 0.138636
0 679 0.837170 0.642045 0.046036 0.136364
0 683 0.575448 0.662500 0.039216 0.131818
0 684 0.407928 0.819318 0.046888 0.145455
0 686 0.578005 0.633523 0.030691 0.110227
0 687 0.494459 0.782955 0.051151 0.138636
0 688 0.400256 0.289205 0.029838 0.094318
