0 207 0.101876 0.139773 0.028133 0.106818
0 224 0.469309 0.955682 0.052003 0.086364
0 225 0.005541 0.944318 0.009378 0.111364
0 226 0.037937 0.945455 0.057118 0.111364
0 229 0.786445 0.967045 0.041773 0.065909
0 231 0.332481 0.922727 0.039216 0.138636
0 232 0.365303 0.942045 0.045183 0.118182
0 233 0.289429 0.310227 0.043478 0.104545
0 234 0.620631 0.844318 0.056266 0.163636
0 235 0.046036 0.143182 0.030691 0.106818
0 244 0.323529 0.748295 0.048593 0.142045
0 245 0.537937 0.957955 0.049446 0.086364
0 246 0.581841 0.952841 0.046888 0.094318
0 324 0.566496 0.402273 0.033248 0.109091
0 327 0.327792 0.044886 0.029838 0.078409
0 328 0.438619 0.032955 0.029838 0.063636
0 329 0.268542 0.264773 0.034101 0.115909
0 330 0.799233 0.226136 0.028133 0.093182
0 331 0.846547 0.675000 0.040921 0.127273
0 333 0.264706 0.988068 0.026428 0.026136
0 335 0.225064 0.968750 0.056266 0.062500
0 336 0.131287 0.937500 0.049446 0.127273
0 337 0.169224 0.937500 0.048593 0.125000
0 338 0.403666 0.179545 0.026428 0.088636
0 339 0.546462 0.105682 0.028986 0.100000
0 340 0.385337 0.176136 0.028986 0.090909
0 341 0.359335 0.112500 0.029838 0.095455
0 342 0.205030 0.171591 0.034953 0.111364
0 343 0.108269 0.236932 0.028986 0.098864
0 344 0.707587 0.615341 0.034101 0.135227
0 345 0.794544 0.369886 0.039216 0.117045
0 346 0.847400 0.430682 0.039216 0.118182
0 347 0.823956 0.444318 0.038363 0.120455
0 348 0.831628 0.218182 0.036658 0.100000
0 355 0.768116 0.651136 0.037511 0.125000
0 356 0.512361 0.582955 0.034101 0.115909
0 357 0.549872 0.572727 0.046036 0.129545
0 358 0.848252 0.621023 0.040921 0.144318
0 359 0.802217 0.668750 0.042626 0.139773
0 360 0.884910 0.943182 0.044331 0.111364
0 365 0.638960 0.746023 0.052003 0.153409
0 367 0.610827 0.763636 0.043478 0.161364
0 368 0.132566 0.520455 0.038363 0.131818
0 369 0.500853 0.321023 0.031543 0.107955
0 371 0.338022 0.191477 0.028133 0.094318
0 372 0.369565 0.168182 0.026428 0.088636
0 374 0.810742 0.572159 0.039216 0.126136
0 376 0.141517 0.242614 0.032396 0.094318
0 377 0.728900 0.578977 0.051151 0.135227
0 378 0.893009 0.613068 0.043478 0.142045
0 379 0.495737 0.672727 0.043478 0.127273
0 381 0.826087 0.603409 0.049446 0.127273
0 382 0.951833 0.948864 0.046888 0.102273
0 383 0.526428 0.317045 0.033248 0.102273
0 384 0.238704 0.006818 0.027280 0.011364
0 386 0.326087 0.006818 0.017903 0.011364
0 390 0.354220 0.761932 0.038363 0.146591
0 391 0.555413 0.678977 0.043478 0.137500
0 392 0.529412 0.627273 0.035806 0.104545
0 393 0.576726 0.650000 0.031543 0.111364
0 394 0.710997 0.736932 0.039216 0.130682
0 395 0.774510 0.751136 0.046888 0.154545
0 396 0.768116 0.367045 0.034101 0.118182
0 397 0.344842 0.218182 0.029838 0.093182
0 398 0.364876 0.217045 0.028986 0.104545
0 399 0.521739 0.252841 0.035806 0.103409
0 400 0.555840 0.262500 0.039216 0.097727
0 401 0.168798 0.069886 0.025575 0.080682
0 402 0.221228 0.081250 0.028133 0.089773
0 403 0.252344 0.052841 0.023870 0.080682
0 404 0.146206 0.063068 0.028133 0.105682
0 405 0.271526 0.048864 0.026428 0.090909
0 408 0.412617 0.059659 0.030691 0.082955
0 409 0.416880 0.032955 0.022165 0.063636
0 410 0.388321 0.023864 0.023018 0.045455
0 414 0.505968 0.033523 0.029838 0.064773
0 415 0.527280 0.032386 0.023018 0.062500
0 420 0.893009 0.021023 0.029838 0.039773
0 428 0.578005 0.141477 0.035806 0.098864
0 439 0.347400 0.017045 0.019608 0.031818
0 440 0.362319 0.023295 0.018755 0.044318
0 441 0.701194 0.323864 0.041773 0.113636
0 442 0.723359 0.379545 0.041773 0.120455
0 443 0.740409 0.465341 0.036658 0.117045
0 444 0.755328 0.459659 0.035806 0.135227
0 445 0.481245 0.519886 0.041773 0.130682
0 446 0.735720 0.410795 0.039216 0.101136
0 447 0.711850 0.475568 0.042626 0.114773
0 448 0.680733 0.392614 0.041773 0.117045
0 449 0.494885 0.161932 0.024723 0.067045
0 450 0.472720 0.148864 0.031543 0.090909
0 451 0.427110 0.134091 0.037511 0.106818
0 453 0.774084 0.244886 0.027280 0.071591
0 454 0.761722 0.408523 0.038363 0.117045
0 559 0.834612 0.946591 0.047741 0.109091
0 565 0.180733 0.418750 0.039216 0.130682
0 566 0.463768 0.638636 0.049446 0.140909
0 568 0.006394 0.731818 0.011083 0.118182
0 569 0.031969 0.717045 0.041773 0.138636
0 570 0.066496 0.723295 0.035806 0.107955
0 572 0.095482 0.518750 0.039216 0.121591
0 573 0.410912 0.659091 0.035806 0.147727
0 574 0.229327 0.402841 0.040921 0.123864
0 575 0.054561 0.311364 0.035806 0.111364
0 577 0.467604 0.242614 0.034953 0.110227
0 578 0.421142 0.369318 0.034101 0.113636
0 579 0.442455 0.385227 0.030691 0.109091
0 580 0.067349 0.196591 0.030691 0.104545
0 583 0.288576 0.275000 0.033248 0.100000
0 584 0.484655 0.366477 0.034953 0.117045
0 585 0.781756 0.585227 0.044331 0.134091
0 586 0.361893 0.193182 0.026428 0.104545
0 587 0.482097 0.191477 0.033248 0.094318
0 588 0.458653 0.691477 0.044331 0.144318
0 613 0.924552 0.220455 0.029838 0.059091
0 625 0.750639 0.945455 0.041773 0.109091
0 626 0.519182 0.786364 0.039216 0.140909
0 628 0.266411 0.585795 0.040068 0.135227
0 635 0.020887 0.638068 0.040068 0.119318
0 636 0.409633 0.420455 0.033248 0.111364
0 637 0.684996 0.925000 0.050298 0.136364
0 640 0.478687 0.781250 0.048593 0.162500
0 641 0.089514 0.235795 0.027280 0.094318
0 647 0.565217 0.728409 0.035806 0.120455
0 648 0.656436 0.795455 0.046036 0.152273
0 649 0.298806 0.576705 0.031543 0.142045
0 650 0.003836 0.501136 0.005968 0.120455
0 651 0.375959 0.525000 0.034101 0.111364
0 652 0.063939 0.602841 0.042626 0.130682
0 653 0.187127 0.550000 0.034953 0.134091
0 654 0.305627 0.436364 0.031543 0.118182
0 656 0.346121 0.439773 0.037511 0.118182
0 657 0.393009 0.559659 0.039216 0.135227
0 658 0.347826 0.525000 0.035806 0.131818
0 659 0.379795 0.405682 0.040068 0.097727
0 660 0.381074 0.443750 0.037511 0.110227
0 661 0.209719 0.497727 0.035806 0.129545
0 662 0.514919 0.369318 0.035806 0.111364
0 665 0.719523 0.660227 0.037511 0.111364
0 666 0.871697 0.468750 0.033248 0.119318
0 667 0.893009 0.706250 0.040068 0.142045
0 671 0.852515 0.465341 0.037511 0.126136
0 678 0.890026 0.669318 0.044331 0.140909
0 679 0.845695 0.706818 0.046036 0.138636
0 683 0.592924 0.743182 0.038363 0.131818
0 684 0.408781 0.921023 0.050298 0.157955
0 686 0.601876 0.708523 0.030691 0.110227
0 687 0.521313 0.887500 0.052003 0.154545
0 688 0.381927 0.334091 0.037511 0.097727
