0 207 0.106991 0.153409 0.031543 0.109091
0 224 0.482950 0.969318 0.050298 0.059091
0 226 0.028986 0.958523 0.056266 0.085227
0 229 0.783887 0.977273 0.036658 0.043182
0 231 0.335038 0.938636 0.040921 0.118182
0 232 0.366581 0.952841 0.044331 0.094318
0 233 0.318841 0.307955 0.044331 0.102273
0 234 0.661552 0.868750 0.061381 0.162500
0 235 0.055840 0.151136 0.031543 0.104545
0 244 0.309037 0.761932 0.050298 0.137500
0 245 0.544757 0.971023 0.044331 0.060227
0 246 0.589088 0.963636 0.047741 0.072727
0 262 0.588662 0.167045 0.034953 0.109091
0 324 0.564365 0.419318 0.037511 0.111364
0 327 0.321824 0.052841 0.028133 0.087500
0 328 0.437766 0.037500 0.028133 0.072727
0 329 0.265132 0.277841 0.035806 0.117045
0 330 0.794544 0.235795 0.032396 0.098864
0 331 0.851662 0.692045 0.044331 0.131818
0 333 0.262148 0.988068 0.026428 0.026136
0 335 0.225490 0.968182 0.055413 0.063636
0 336 0.130009 0.939205 0.048593 0.123864
0 337 0.168372 0.938636 0.046888 0.122727
0 338 0.401108 0.189773 0.028133 0.088636
0 339 0.546888 0.113636 0.031543 0.097727
0 340 0.387042 0.188068 0.030691 0.092045
0 341 0.355499 0.122727 0.032396 0.097727
0 342 0.194373 0.185227 0.037511 0.113636
0 343 0.097613 0.249432 0.029838 0.098864
0 344 0.703751 0.632386 0.041773 0.137500
0 345 0.792839 0.380114 0.040921 0.117045
0 346 0.850810 0.447159 0.042626 0.119318
0 347 0.827366 0.459659 0.040068 0.123864
0 348 0.829071 0.227841 0.036658 0.101136
0 355 0.769395 0.675000 0.040068 0.129545
0 356 0.526428 0.605114 0.041773 0.121591
0 357 0.558397 0.593182 0.046036 0.143182
0 358 0.854646 0.634091 0.041773 0.143182
0 359 0.805200 0.684091 0.041773 0.134091
0 360 0.905371 0.961364 0.047741 0.077273
0 365 0.648764 0.767614 0.049446 0.155682
0 367 0.621057 0.781250 0.050298 0.155682
0 368 0.120631 0.539205 0.038363 0.132955
0 369 0.504263 0.333523 0.033248 0.110227
0 371 0.339301 0.202273 0.028986 0.097727
0 372 0.369139 0.178977 0.027280 0.092045
0 374 0.811594 0.590909 0.039216 0.131818
0 376 0.130861 0.256250 0.033248 0.096591
0 377 0.725064 0.596023 0.050298 0.137500
0 378 0.893862 0.626136 0.050298 0.143182
0 379 0.503410 0.695455 0.045183 0.136364
0 381 0.828218 0.622159 0.048593 0.128409
0 382 0.968883 0.964205 0.043478 0.071591
0 383 0.529838 0.331818 0.034953 0.102273
0 384 0.225490 0.010227 0.028133 0.018182
0 386 0.316709 0.011932 0.019608 0.021591
0 390 0.337170 0.780114 0.043478 0.153409
0 391 0.556266 0.700000 0.045183 0.145455
0 392 0.542626 0.644318 0.036658 0.115909
0 393 0.580563 0.677841 0.035806 0.123864
0 394 0.714408 0.760227 0.047741 0.138636
0 395 0.777494 0.780114 0.049446 0.160227
0 396 0.770247 0.376705 0.033248 0.119318
0 397 0.333333 0.230682 0.030691 0.095455
0 398 0.353794 0.229545 0.032396 0.104545
0 399 0.522165 0.264773 0.034953 0.104545
0 400 0.554135 0.276705 0.039216 0.098864
0 401 0.156010 0.078977 0.028986 0.089773
0 402 0.210997 0.093182 0.029838 0.095455
0 403 0.245098 0.062500 0.026428 0.081818
0 404 0.134271 0.072159 0.029838 0.103409
0 405 0.264706 0.057955 0.026428 0.090909
0 408 0.407076 0.064773 0.034953 0.088636
0 409 0.413896 0.039205 0.023018 0.076136
0 410 0.386189 0.029545 0.023870 0.056818
0 411 0.332481 0.010227 0.023870 0.018182
0 413 0.354220 0.011364 0.023018 0.020455
0 414 0.504689 0.038068 0.028986 0.073864
0 415 0.525575 0.038636 0.023018 0.075000
0 420 0.876385 0.027841 0.032396 0.053409
0 439 0.346547 0.022159 0.019608 0.042045
0 440 0.361040 0.026705 0.017903 0.046591
0 441 0.704177 0.338636 0.040921 0.113636
0 442 0.734442 0.396591 0.041773 0.127273
0 443 0.745098 0.484659 0.037511 0.128409
0 444 0.759165 0.475000 0.038363 0.138636
0 445 0.473572 0.532955 0.043478 0.129545
0 446 0.737852 0.428409 0.038363 0.113636
0 447 0.719096 0.490909 0.036658 0.120455
0 448 0.693521 0.403409 0.040068 0.113636
0 449 0.486360 0.170455 0.024723 0.065909
0 450 0.465473 0.160227 0.030691 0.095455
0 451 0.414749 0.139773 0.034953 0.104545
0 453 0.768968 0.254545 0.028986 0.072727
0 454 0.765558 0.427273 0.039216 0.122727
0 559 0.854646 0.959659 0.048593 0.080682
0 565 0.171782 0.435227 0.038363 0.127273
0 566 0.469309 0.658523 0.050298 0.151136
0 569 0.021739 0.735795 0.041773 0.146591
0 570 0.052856 0.743750 0.035806 0.110227
0 572 0.083973 0.536932 0.040068 0.123864
0 573 0.420716 0.680682 0.041773 0.145455
0 574 0.226769 0.421591 0.040921 0.127273
0 575 0.041773 0.322727 0.037511 0.111364
0 577 0.468457 0.255114 0.038363 0.112500
0 578 0.421569 0.390909 0.034953 0.118182
0 579 0.443308 0.406250 0.032396 0.110227
0 580 0.060955 0.206818 0.033248 0.106818
0 583 0.284740 0.289773 0.035806 0.102273
0 584 0.484228 0.385227 0.035806 0.118182
0 585 0.784314 0.605682 0.046036 0.138636
0 586 0.363171 0.201136 0.028986 0.104545
0 587 0.481245 0.204545 0.034953 0.097727
0 588 0.463342 0.712500 0.048593 0.152273
0 613 0.922847 0.227841 0.031543 0.055682
0 625 0.771952 0.960227 0.045183 0.079545
0 626 0.524297 0.805114 0.040921 0.137500
0 628 0.268968 0.603409 0.043478 0.138636
0 635 0.020034 0.665341 0.038363 0.139773
0 636 0.406223 0.432955 0.041773 0.113636
0 637 0.702472 0.940909 0.051151 0.113636
0 640 0.485507 0.807386 0.055413 0.164773
0 641 0.078858 0.248295 0.031543 0.094318
0 647 0.571185 0.746591 0.039216 0.131818
0 648 0.667945 0.815341 0.050298 0.153409
0 649 0.301790 0.594318 0.035806 0.143182
0 651 0.375107 0.545455 0.039216 0.113636
0 652 0.057118 0.618750 0.046036 0.135227
0 653 0.179454 0.570455 0.043478 0.136364
0 654 0.304774 0.453977 0.031543 0.119318
0 656 0.344416 0.458523 0.037511 0.128409
0 657 0.387468 0.578977 0.043478 0.142045
0 658 0.348679 0.538068 0.037511 0.130682
0 659 0.377664 0.424432 0.044331 0.114773
0 660 0.379369 0.462500 0.040921 0.115909
0 661 0.194800 0.519886 0.040068 0.132955
0 662 0.514919 0.384091 0.039216 0.113636
0 665 0.721228 0.689205 0.040921 0.130682
0 666 0.869139 0.484659 0.033248 0.119318
0 667 0.901108 0.723295 0.040921 0.142045
0 671 0.848252 0.478977 0.040921 0.128409
0 678 0.894288 0.690909 0.046036 0.145455
0 679 0.852089 0.727273 0.052003 0.138636
0 683 0.599744 0.760227 0.040068 0.131818
0 684 0.408781 0.934659 0.055413 0.130682
0 686 0.607417 0.736364 0.034953 0.127273
0 687 0.531969 0.905114 0.054561 0.146591
0 688 0.376385 0.348864 0.038363 0.100000
