0 207 0.101876 0.138636 0.028133 0.106818
0 224 0.468457 0.954545 0.052003 0.088636
0 225 0.005968 0.943182 0.010230 0.113636
0 226 0.038789 0.944318 0.057118 0.113636
0 229 0.786445 0.965909 0.041773 0.068182
0 231 0.332481 0.920455 0.039216 0.140909
0 232 0.364876 0.940909 0.044331 0.120455
0 233 0.286871 0.310227 0.043478 0.104545
0 234 0.616795 0.842045 0.055413 0.163636
0 235 0.045183 0.142045 0.030691 0.106818
0 244 0.324808 0.747159 0.047741 0.142045
0 245 0.537084 0.956818 0.049446 0.088636
0 246 0.580989 0.951705 0.046888 0.096591
0 324 0.566922 0.400568 0.032396 0.107955
0 327 0.328645 0.044318 0.029838 0.077273
0 328 0.438619 0.032386 0.029838 0.062500
0 329 0.268968 0.263636 0.033248 0.115909
0 330 0.799233 0.225000 0.028133 0.093182
0 331 0.846547 0.673864 0.040921 0.127273
0 333 0.265132 0.988068 0.027280 0.026136
0 335 0.225064 0.968750 0.056266 0.062500
0 336 0.131714 0.937500 0.048593 0.127273
0 337 0.169224 0.936932 0.048593 0.126136
0 338 0.403666 0.178977 0.026428 0.089773
0 339 0.546462 0.104545 0.028986 0.100000
0 340 0.385337 0.176136 0.028986 0.090909
0 341 0.359335 0.111364 0.029838 0.095455
0 342 0.205882 0.170455 0.034953 0.111364
0 343 0.109122 0.235795 0.028986 0.098864
0 344 0.708440 0.614205 0.034101 0.135227
0 345 0.794544 0.368750 0.039216 0.117045
0 346 0.846974 0.428409 0.038363 0.118182
0 347 0.823956 0.442614 0.038363 0.121591
0 348 0.831628 0.217045 0.036658 0.100000
0 355 0.768116 0.650000 0.037511 0.125000
0 356 0.511509 0.581818 0.034101 0.115909
0 357 0.549872 0.571023 0.046036 0.128409
0 358 0.847826 0.619886 0.040068 0.144318
0 359 0.802217 0.667045 0.042626 0.140909
0 360 0.883205 0.941477 0.044331 0.114773
0 365 0.638107 0.744886 0.052003 0.153409
0 367 0.610401 0.762500 0.042626 0.161364
0 368 0.133419 0.518750 0.038363 0.132955
0 369 0.500426 0.319886 0.032396 0.107955
0 371 0.338022 0.190341 0.028133 0.094318
0 372 0.369565 0.167045 0.026428 0.088636
0 374 0.810742 0.570455 0.039216 0.125000
0 376 0.142370 0.241477 0.032396 0.094318
0 377 0.728900 0.577841 0.051151 0.135227
0 378 0.893436 0.611932 0.042626 0.142045
0 379 0.495311 0.670455 0.042626 0.127273
0 381 0.825661 0.601136 0.048593 0.127273
0 382 0.950554 0.947159 0.047741 0.105682
0 383 0.526428 0.315909 0.033248 0.102273
0 384 0.239557 0.006818 0.027280 0.011364
0 386 0.326939 0.006818 0.017903 0.011364
0 390 0.355072 0.760795 0.038363 0.146591
0 391 0.555413 0.676705 0.043478 0.137500
0 392 0.527707 0.626136 0.035806 0.104545
0 393 0.575874 0.647727 0.031543 0.111364
0 394 0.710997 0.734659 0.039216 0.130682
0 395 0.774510 0.748295 0.046888 0.153409
0 396 0.767690 0.366477 0.034953 0.117045
0 397 0.345695 0.217045 0.029838 0.093182
0 398 0.365729 0.215909 0.028986 0.104545
0 399 0.521739 0.251705 0.035806 0.103409
0 400 0.555840 0.261364 0.039216 0.097727
0 401 0.169650 0.068750 0.025575 0.080682
0 402 0.222080 0.080114 0.028133 0.089773
0 403 0.252344 0.051705 0.023870 0.080682
0 404 0.147059 0.063068 0.028133 0.105682
0 405 0.271952 0.048295 0.025575 0.089773
0 408 0.412617 0.059091 0.030691 0.081818
0 409 0.417306 0.032386 0.023018 0.062500
0 410 0.389173 0.023295 0.023018 0.044318
0 414 0.505968 0.032955 0.029838 0.063636
0 415 0.527280 0.031818 0.023018 0.061364
0 420 0.893862 0.020455 0.029838 0.038636
0 428 0.577579 0.140341 0.036658 0.098864
0 439 0.348252 0.017045 0.019608 0.031818
0 440 0.362319 0.023295 0.018755 0.044318
0 441 0.700767 0.322727 0.042626 0.113636
0 442 0.722506 0.378409 0.041773 0.120455
0 443 0.739983 0.463636 0.035806 0.115909
0 444 0.754476 0.457955 0.035806 0.134091
0 445 0.481245 0.518182 0.041773 0.131818
0 446 0.735720 0.409659 0.039216 0.101136
0 447 0.710145 0.473295 0.042626 0.114773
0 448 0.679881 0.392045 0.041773 0.118182
0 449 0.495737 0.161932 0.024723 0.067045
0 450 0.473572 0.147727 0.031543 0.090909
0 451 0.427962 0.132955 0.037511 0.106818
0 453 0.774510 0.243750 0.028133 0.071591
0 454 0.761722 0.407386 0.038363 0.117045
0 559 0.832907 0.945455 0.047741 0.111364
0 565 0.181586 0.417614 0.039216 0.130682
0 566 0.463768 0.636932 0.049446 0.139773
0 568 0.007246 0.730682 0.012788 0.118182
0 569 0.032822 0.714773 0.041773 0.138636
0 570 0.068201 0.722159 0.035806 0.107955
0 572 0.096334 0.516477 0.039216 0.121591
0 573 0.410060 0.657955 0.035806 0.147727
0 574 0.229753 0.401705 0.041773 0.123864
0 575 0.056266 0.310227 0.035806 0.111364
0 577 0.467178 0.240909 0.034101 0.109091
0 578 0.421142 0.368182 0.034101 0.113636
0 579 0.442455 0.382955 0.030691 0.109091
0 580 0.067775 0.195455 0.029838 0.104545
0 583 0.289003 0.273864 0.032396 0.100000
0 584 0.485081 0.365341 0.034101 0.117045
0 585 0.781756 0.582955 0.044331 0.134091
0 586 0.361893 0.193182 0.026428 0.104545
0 587 0.482097 0.190341 0.033248 0.094318
0 588 0.458653 0.689205 0.044331 0.144318
0 613 0.924979 0.220455 0.030691 0.059091
0 625 0.748508 0.943750 0.040921 0.112500
0 626 0.518329 0.784659 0.039216 0.139773
0 628 0.266411 0.583523 0.040068 0.135227
0 635 0.021313 0.635795 0.040921 0.117045
0 636 0.410060 0.419886 0.032396 0.110227
0 637 0.683717 0.923864 0.049446 0.138636
0 640 0.477835 0.778977 0.048593 0.162500
0 641 0.089940 0.234659 0.026428 0.094318
0 647 0.565217 0.725000 0.035806 0.120455
0 648 0.655584 0.794318 0.046036 0.152273
0 649 0.297954 0.575568 0.031543 0.142045
0 650 0.003836 0.498864 0.005968 0.120455
0 651 0.375959 0.522727 0.034101 0.111364
0 652 0.064791 0.601705 0.042626 0.130682
0 653 0.188406 0.548864 0.034101 0.134091
0 654 0.305627 0.434659 0.031543 0.117045
0 656 0.346121 0.438068 0.037511 0.117045
0 657 0.393009 0.557386 0.039216 0.135227
0 658 0.347826 0.523864 0.035806 0.131818
0 659 0.380222 0.403409 0.039216 0.095455
0 660 0.381074 0.442614 0.037511 0.110227
0 661 0.211424 0.496023 0.035806 0.128409
0 662 0.514919 0.368182 0.035806 0.111364
0 665 0.719523 0.656818 0.037511 0.111364
0 666 0.872123 0.467045 0.032396 0.118182
0 667 0.892157 0.703977 0.040068 0.142045
0 671 0.852515 0.464205 0.037511 0.126136
0 678 0.889173 0.667614 0.044331 0.139773
0 679 0.845269 0.705114 0.045183 0.137500
0 683 0.592072 0.740909 0.038363 0.131818
0 684 0.409207 0.920455 0.049446 0.161364
0 686 0.601023 0.706250 0.030691 0.110227
0 687 0.520887 0.886364 0.051151 0.154545
0 688 0.382353 0.332386 0.036658 0.096591
