0 207 0.083546 0.114773 0.027280 0.106818
0 224 0.452259 0.915909 0.052003 0.138636
0 225 0.017050 0.896591 0.032396 0.154545
0 226 0.059676 0.901136 0.054561 0.152273
0 229 0.781756 0.932386 0.047741 0.137500
0 231 0.326513 0.864773 0.037511 0.159091
0 232 0.364024 0.889773 0.044331 0.145455
0 233 0.209719 0.312500 0.028986 0.104545
0 234 0.519182 0.780682 0.051151 0.163636
0 235 0.014493 0.119318 0.027280 0.106818
0 236 0.975277 0.009659 0.025575 0.017045
0 244 0.352089 0.709091 0.042626 0.140909
0 245 0.520034 0.925568 0.047741 0.151136
0 246 0.563512 0.919318 0.044331 0.163636
0 247 0.667093 0.981250 0.038363 0.037500
0 324 0.576726 0.353409 0.031543 0.106818
0 327 0.341006 0.028977 0.030691 0.055682
0 328 0.441603 0.020455 0.032396 0.038636
0 329 0.279625 0.230682 0.030691 0.113636
0 330 0.806479 0.196591 0.028986 0.093182
0 331 0.843137 0.634091 0.040921 0.127273
0 333 0.272805 0.987500 0.027280 0.027273
0 335 0.225490 0.967045 0.050298 0.065909
0 336 0.134697 0.933523 0.047741 0.135227
0 337 0.168798 0.936932 0.047741 0.128409
0 338 0.406650 0.150568 0.025575 0.085227
0 339 0.546462 0.089205 0.025575 0.101136
0 340 0.390878 0.147727 0.028133 0.086364
0 341 0.369139 0.091477 0.028986 0.094318
0 342 0.235294 0.136932 0.030691 0.107955
0 343 0.137255 0.204545 0.028986 0.097727
0 344 0.720375 0.569886 0.034101 0.135227
0 345 0.797954 0.343750 0.037511 0.117045
0 346 0.838022 0.392614 0.034101 0.117045
0 347 0.815857 0.402841 0.032396 0.114773
0 348 0.836743 0.189773 0.034953 0.097727
0 355 0.756607 0.601136 0.038363 0.125000
0 356 0.496164 0.542045 0.034101 0.125000
0 357 0.535379 0.525568 0.044331 0.137500
0 358 0.836743 0.588636 0.038363 0.145455
0 359 0.797954 0.625568 0.042626 0.137500
0 360 0.833760 0.894886 0.049446 0.167045
0 361 0.964621 0.869886 0.045183 0.146591
0 364 0.962489 0.896023 0.037511 0.112500
0 365 0.615942 0.692045 0.052003 0.152273
0 367 0.588235 0.709659 0.040921 0.148864
0 368 0.161125 0.471023 0.037511 0.121591
0 369 0.496164 0.285227 0.030691 0.104545
0 370 0.017903 0.146023 0.032396 0.087500
0 371 0.335038 0.163068 0.025575 0.089773
0 372 0.372549 0.139773 0.025575 0.086364
0 374 0.811594 0.526136 0.039216 0.120455
0 376 0.166667 0.207955 0.029838 0.090909
0 377 0.740409 0.534659 0.052003 0.135227
0 378 0.872975 0.562500 0.042626 0.125000
0 379 0.481671 0.621591 0.042626 0.125000
0 381 0.821398 0.562500 0.048593 0.125000
0 382 0.907076 0.884091 0.047741 0.143182
0 383 0.520460 0.280114 0.033248 0.096591
0 390 0.387894 0.730114 0.039216 0.142045
0 391 0.546462 0.617614 0.040921 0.132955
0 392 0.482950 0.596591 0.034953 0.104545
0 393 0.559676 0.598864 0.031543 0.111364
0 394 0.714408 0.668182 0.042626 0.131818
0 395 0.769821 0.683523 0.042626 0.144318
0 396 0.765132 0.341477 0.029838 0.114773
0 397 0.373402 0.189773 0.028986 0.090909
0 398 0.396846 0.188636 0.024723 0.104545
0 399 0.518329 0.221023 0.035806 0.094318
0 400 0.551577 0.232386 0.039216 0.096591
0 401 0.196078 0.046023 0.023870 0.082955
0 402 0.247229 0.055114 0.027280 0.085227
0 403 0.270247 0.035227 0.023870 0.068182
0 404 0.175192 0.040341 0.028133 0.078409
0 405 0.293265 0.034659 0.025575 0.067045
0 408 0.427962 0.034659 0.030691 0.064773
0 409 0.420716 0.019318 0.021313 0.036364
0 410 0.396419 0.011932 0.022165 0.021591
0 414 0.508951 0.022159 0.030691 0.042045
0 415 0.531543 0.018750 0.021313 0.035227
0 428 0.577153 0.091477 0.032396 0.105682
0 440 0.381074 0.010795 0.018755 0.019318
0 441 0.694800 0.287500 0.042626 0.113636
0 442 0.705882 0.342045 0.042626 0.120455
0 443 0.717391 0.428409 0.036658 0.118182
0 444 0.739130 0.417045 0.035806 0.125000
0 445 0.496164 0.482386 0.040921 0.130682
0 446 0.727195 0.369886 0.039216 0.101136
0 449 0.514066 0.138068 0.023870 0.067045
0 450 0.496164 0.122727 0.032396 0.090909
0 451 0.469736 0.109659 0.034101 0.107955
0 453 0.783461 0.213068 0.028986 0.067045
0 454 0.758312 0.371591 0.038363 0.120455
0 559 0.788576 0.885227 0.049446 0.159091
0 565 0.196505 0.376705 0.038363 0.121591
0 566 0.454817 0.594886 0.048593 0.137500
0 568 0.020887 0.675000 0.040068 0.118182
0 569 0.049446 0.661364 0.042626 0.138636
0 570 0.072464 0.673295 0.035806 0.107955
0 572 0.124467 0.467614 0.039216 0.121591
0 573 0.397272 0.616477 0.035806 0.144318
0 574 0.239557 0.356250 0.040921 0.123864
0 575 0.085251 0.265341 0.034101 0.107955
0 577 0.471867 0.203409 0.031543 0.104545
0 578 0.426257 0.326136 0.035806 0.113636
0 579 0.445013 0.338636 0.030691 0.104545
0 580 0.088662 0.167045 0.028986 0.104545
0 583 0.300085 0.240909 0.030691 0.097727
0 584 0.490196 0.330682 0.035806 0.118182
0 585 0.784314 0.538068 0.042626 0.130682
0 586 0.373402 0.165341 0.028986 0.103409
0 587 0.482523 0.162500 0.032396 0.093182
0 588 0.453538 0.637500 0.046036 0.140909
0 589 0.005968 0.140341 0.010230 0.094318
0 604 0.326939 0.978977 0.038363 0.042045
0 610 0.968883 0.935795 0.048593 0.110227
0 613 0.916027 0.208523 0.028133 0.080682
0 620 0.713129 0.967614 0.046888 0.064773
0 623 0.405371 0.953977 0.045183 0.092045
0 625 0.705882 0.885227 0.040921 0.125000
0 626 0.501279 0.725568 0.039216 0.121591
0 628 0.265132 0.539773 0.035806 0.134091
0 633 0.009804 0.602841 0.017903 0.128409
0 635 0.035806 0.589773 0.040921 0.118182
0 636 0.415175 0.375568 0.032396 0.110227
0 637 0.643649 0.865909 0.047741 0.159091
0 640 0.462916 0.719886 0.046036 0.162500
0 641 0.106564 0.203977 0.023870 0.087500
0 647 0.553282 0.662500 0.035806 0.120455
0 648 0.627451 0.737500 0.046036 0.152273
0 649 0.299233 0.538068 0.032396 0.139773
0 650 0.014493 0.452273 0.027280 0.120455
0 651 0.376385 0.484091 0.034953 0.111364
0 652 0.088662 0.559659 0.042626 0.130682
0 653 0.212276 0.503977 0.034101 0.135227
0 654 0.309463 0.393750 0.032396 0.117045
0 656 0.347826 0.393182 0.037511 0.111364
0 657 0.400682 0.503977 0.039216 0.135227
0 658 0.349105 0.477841 0.034953 0.130682
0 659 0.385337 0.361932 0.037511 0.089773
0 660 0.377664 0.399432 0.035806 0.107955
0 661 0.247229 0.446023 0.039216 0.130682
0 662 0.515345 0.323864 0.034953 0.111364
0 665 0.720375 0.592045 0.039216 0.111364
0 666 0.878090 0.425568 0.032396 0.117045
0 667 0.881927 0.659659 0.041773 0.142045
0 671 0.857630 0.418182 0.034101 0.125000
0 678 0.879795 0.624432 0.042626 0.137500
0 679 0.839727 0.666477 0.046036 0.137500
0 683 0.581841 0.687500 0.038363 0.131818
0 684 0.409633 0.851136 0.048593 0.156818
0 686 0.584825 0.658523 0.030691 0.110227
0 687 0.500426 0.815341 0.051151 0.144318
0 688 0.394714 0.302273 0.032396 0.093182
