0 207 0.100597 0.136364 0.027280 0.106818
0 224 0.466752 0.952273 0.052003 0.093182
0 225 0.006820 0.940909 0.011935 0.118182
0 226 0.040494 0.941477 0.057118 0.117045
0 229 0.786871 0.963636 0.042626 0.072727
0 231 0.332055 0.918182 0.038363 0.145455
0 232 0.364876 0.938636 0.044331 0.125000
0 233 0.281330 0.310227 0.040921 0.104545
0 234 0.609122 0.837500 0.055413 0.163636
0 235 0.042626 0.140909 0.030691 0.106818
0 244 0.326939 0.743750 0.046888 0.142045
0 245 0.535806 0.954545 0.050298 0.093182
0 246 0.579710 0.950000 0.046036 0.100000
0 324 0.566922 0.398295 0.032396 0.107955
0 327 0.329497 0.042614 0.029838 0.076136
0 328 0.438619 0.031250 0.029838 0.060227
0 329 0.269821 0.260227 0.033248 0.115909
0 330 0.800085 0.222727 0.028133 0.093182
0 331 0.846547 0.670455 0.040921 0.127273
0 333 0.265558 0.988068 0.026428 0.026136
0 335 0.225064 0.968750 0.056266 0.062500
0 336 0.131714 0.936932 0.048593 0.128409
0 337 0.169224 0.936932 0.048593 0.126136
0 338 0.403666 0.176705 0.026428 0.089773
0 339 0.546462 0.103409 0.028986 0.100000
0 340 0.385337 0.173864 0.028986 0.090909
0 341 0.360188 0.109659 0.029838 0.094318
0 342 0.208014 0.167614 0.034101 0.110227
0 343 0.110827 0.233523 0.028986 0.098864
0 344 0.709292 0.610795 0.034101 0.135227
0 345 0.794544 0.366477 0.039216 0.117045
0 346 0.846547 0.425568 0.037511 0.117045
0 347 0.823529 0.439773 0.037511 0.120455
0 348 0.832055 0.214773 0.035806 0.100000
0 355 0.766837 0.648864 0.038363 0.125000
0 356 0.509804 0.578977 0.034101 0.117045
0 357 0.549020 0.567045 0.046036 0.129545
0 358 0.846974 0.617614 0.040068 0.144318
0 359 0.801364 0.664205 0.042626 0.142045
0 360 0.880222 0.938636 0.045183 0.120455
0 365 0.636402 0.740341 0.052003 0.153409
0 367 0.608696 0.757955 0.042626 0.159091
0 368 0.135976 0.515909 0.038363 0.131818
0 369 0.500000 0.317614 0.031543 0.107955
0 371 0.337596 0.188068 0.027280 0.094318
0 372 0.369565 0.165341 0.026428 0.087500
0 374 0.809889 0.567045 0.039216 0.125000
0 376 0.144075 0.239205 0.032396 0.094318
0 377 0.729327 0.575568 0.052003 0.135227
0 378 0.891731 0.607955 0.042626 0.140909
0 379 0.493606 0.666477 0.042626 0.126136
0 381 0.824808 0.598295 0.048593 0.126136
0 382 0.947570 0.944886 0.048593 0.110227
0 383 0.525575 0.313636 0.033248 0.102273
0 390 0.357204 0.759091 0.037511 0.145455
0 391 0.555840 0.673295 0.042626 0.135227
0 392 0.524297 0.623864 0.035806 0.104545
0 393 0.575021 0.644318 0.031543 0.111364
0 394 0.710997 0.728977 0.039216 0.130682
0 395 0.774084 0.743182 0.046036 0.152273
0 396 0.767263 0.364773 0.034101 0.118182
0 397 0.347400 0.215341 0.029838 0.092045
0 398 0.367860 0.213636 0.028133 0.104545
0 399 0.521739 0.250000 0.035806 0.102273
0 400 0.555840 0.259091 0.039216 0.097727
0 401 0.171355 0.067045 0.025575 0.081818
0 402 0.223785 0.078409 0.028133 0.088636
0 403 0.254049 0.050000 0.023870 0.079545
0 404 0.149190 0.061364 0.027280 0.106818
0 405 0.273657 0.046023 0.025575 0.089773
0 408 0.414322 0.057386 0.030691 0.080682
0 409 0.417732 0.031250 0.022165 0.060227
0 410 0.389173 0.022727 0.023018 0.043182
0 414 0.506394 0.031818 0.030691 0.061364
0 415 0.527707 0.030682 0.022165 0.059091
0 420 0.896846 0.019318 0.028986 0.036364
0 428 0.576726 0.136364 0.036658 0.100000
0 439 0.349957 0.016477 0.019608 0.030682
0 440 0.363171 0.023295 0.018755 0.044318
0 441 0.700341 0.320455 0.041773 0.113636
0 442 0.721228 0.375000 0.042626 0.120455
0 443 0.739130 0.459659 0.035806 0.114773
0 444 0.753623 0.455114 0.035806 0.132955
0 445 0.482950 0.515909 0.041773 0.131818
0 446 0.734868 0.406250 0.039216 0.101136
0 447 0.708440 0.471023 0.042626 0.114773
0 448 0.678176 0.389205 0.041773 0.119318
0 449 0.496590 0.159659 0.024723 0.067045
0 450 0.475277 0.145455 0.031543 0.090909
0 451 0.430520 0.132386 0.037511 0.107955
0 453 0.775362 0.242045 0.028133 0.070455
0 454 0.760870 0.403977 0.038363 0.117045
0 559 0.830350 0.943750 0.047741 0.114773
0 565 0.182438 0.414205 0.039216 0.130682
0 566 0.462916 0.634091 0.049446 0.138636
0 568 0.008525 0.727273 0.015345 0.118182
0 569 0.033674 0.711364 0.041773 0.138636
0 570 0.068201 0.717614 0.035806 0.107955
0 572 0.098039 0.511932 0.039216 0.121591
0 573 0.409207 0.655682 0.035806 0.147727
0 574 0.230605 0.397159 0.041773 0.123864
0 575 0.059676 0.307955 0.035806 0.111364
0 577 0.467178 0.238636 0.034101 0.109091
0 578 0.421142 0.364773 0.034101 0.113636
0 579 0.442455 0.380114 0.030691 0.107955
0 580 0.069054 0.193750 0.028986 0.103409
0 583 0.289855 0.271023 0.032396 0.098864
0 584 0.485081 0.363068 0.034101 0.117045
0 585 0.781330 0.580114 0.043478 0.132955
0 586 0.361893 0.192045 0.026428 0.104545
0 587 0.482097 0.188068 0.033248 0.094318
0 588 0.458227 0.685795 0.045183 0.144318
0 613 0.925405 0.218750 0.029838 0.060227
0 625 0.745098 0.941477 0.040921 0.117045
0 626 0.517477 0.780682 0.039216 0.138636
0 628 0.265985 0.581250 0.039216 0.135227
0 635 0.022165 0.632386 0.040921 0.117045
0 636 0.410060 0.416477 0.032396 0.110227
0 637 0.680307 0.921023 0.049446 0.142045
0 640 0.476982 0.774432 0.048593 0.162500
0 641 0.092072 0.232386 0.025575 0.094318
0 647 0.564791 0.719318 0.034953 0.120455
0 648 0.653026 0.790909 0.046036 0.152273
0 649 0.297954 0.573295 0.031543 0.142045
0 650 0.004689 0.495455 0.007673 0.120455
0 651 0.375959 0.520455 0.034101 0.111364
0 652 0.066496 0.598295 0.042626 0.130682
0 653 0.190111 0.545455 0.034101 0.134091
0 654 0.306479 0.432386 0.031543 0.117045
0 656 0.346974 0.434091 0.037511 0.115909
0 657 0.393862 0.553977 0.039216 0.135227
0 658 0.347826 0.521591 0.035806 0.131818
0 659 0.380648 0.400000 0.038363 0.093182
0 660 0.381500 0.439205 0.036658 0.107955
0 661 0.214408 0.492614 0.034953 0.128409
0 662 0.514919 0.364773 0.035806 0.111364
0 665 0.719523 0.652273 0.037511 0.111364
0 666 0.872123 0.464773 0.032396 0.118182
0 667 0.890452 0.701705 0.040068 0.142045
0 671 0.853367 0.461932 0.037511 0.126136
0 678 0.888747 0.664205 0.043478 0.139773
0 679 0.844842 0.701705 0.044331 0.137500
0 683 0.591219 0.736364 0.038363 0.131818
0 684 0.409207 0.914773 0.049446 0.161364
0 686 0.599318 0.702841 0.030691 0.110227
0 687 0.519182 0.880682 0.051151 0.154545
0 688 0.383205 0.330114 0.036658 0.096591
