0 207 0.108269 0.157386 0.032396 0.110227
0 224 0.488065 0.973295 0.048593 0.051136
0 226 0.027707 0.961932 0.053708 0.078409
0 229 0.783461 0.980682 0.035806 0.036364
0 231 0.335465 0.942614 0.041773 0.112500
0 232 0.367008 0.956250 0.045183 0.087500
0 233 0.326513 0.307955 0.044331 0.102273
0 234 0.672634 0.875568 0.063086 0.162500
0 235 0.058824 0.152841 0.032396 0.103409
0 244 0.304348 0.765341 0.049446 0.135227
0 245 0.546888 0.974432 0.043478 0.053409
0 246 0.591219 0.967045 0.046888 0.065909
0 262 0.593350 0.175568 0.035806 0.110227
0 324 0.563939 0.423864 0.038363 0.111364
0 327 0.320119 0.055114 0.028133 0.089773
0 328 0.437340 0.038636 0.027280 0.075000
0 329 0.263853 0.281818 0.036658 0.118182
0 330 0.793265 0.238636 0.033248 0.100000
0 331 0.853794 0.696591 0.045183 0.131818
0 333 0.261296 0.988068 0.026428 0.026136
0 335 0.225490 0.968182 0.055413 0.063636
0 336 0.129582 0.939773 0.049446 0.122727
0 337 0.167945 0.939205 0.046036 0.121591
0 338 0.400682 0.192614 0.027280 0.087500
0 339 0.547315 0.115909 0.032396 0.097727
0 340 0.387042 0.190909 0.030691 0.093182
0 341 0.354646 0.126136 0.032396 0.097727
0 342 0.191390 0.189205 0.038363 0.114773
0 343 0.095055 0.252841 0.029838 0.098864
0 344 0.702472 0.636932 0.044331 0.137500
0 345 0.792413 0.382955 0.041773 0.115909
0 346 0.851662 0.451705 0.044331 0.119318
0 347 0.828645 0.464205 0.040921 0.123864
0 348 0.828218 0.230682 0.036658 0.102273
0 355 0.769821 0.682386 0.040921 0.130682
0 356 0.530691 0.611364 0.043478 0.122727
0 357 0.560102 0.598864 0.046036 0.147727
0 358 0.855925 0.637500 0.042626 0.143182
0 359 0.806053 0.688636 0.041773 0.131818
0 360 0.911338 0.966477 0.049446 0.067045
0 365 0.650895 0.774432 0.048593 0.157955
0 367 0.624041 0.786364 0.051151 0.154545
0 368 0.117221 0.543750 0.038363 0.132955
0 369 0.505115 0.336932 0.033248 0.110227
0 371 0.339727 0.205114 0.029838 0.098864
0 372 0.369139 0.182386 0.027280 0.092045
0 374 0.811594 0.596023 0.039216 0.132955
0 376 0.127877 0.260227 0.034101 0.097727
0 377 0.724211 0.600568 0.050298 0.137500
0 378 0.894288 0.629545 0.051151 0.143182
0 379 0.505541 0.701705 0.046036 0.137500
0 381 0.828645 0.628977 0.047741 0.128409
0 382 0.973572 0.968750 0.042626 0.062500
0 383 0.529412 0.336364 0.035806 0.104545
0 384 0.221654 0.011364 0.028986 0.020455
0 386 0.315004 0.013068 0.021313 0.023864
0 390 0.330776 0.785227 0.046036 0.156818
0 391 0.556266 0.705682 0.045183 0.147727
0 392 0.545610 0.649432 0.037511 0.121591
0 393 0.580563 0.685795 0.037511 0.128409
0 394 0.715686 0.766477 0.050298 0.139773
0 395 0.778772 0.788636 0.050298 0.161364
0 396 0.770673 0.378977 0.034101 0.119318
0 397 0.330350 0.234091 0.031543 0.095455
0 398 0.350810 0.232955 0.033248 0.104545
0 399 0.522165 0.268182 0.034953 0.104545
0 400 0.553708 0.280682 0.038363 0.100000
0 401 0.152600 0.081818 0.030691 0.093182
0 402 0.208440 0.097159 0.029838 0.096591
0 403 0.243393 0.064773 0.028133 0.081818
0 404 0.131287 0.073864 0.030691 0.102273
0 405 0.262575 0.060795 0.025575 0.089773
0 408 0.405797 0.065909 0.037511 0.090909
0 409 0.413470 0.040909 0.023870 0.079545
0 410 0.385763 0.030682 0.023018 0.059091
0 411 0.329071 0.013068 0.025575 0.023864
0 413 0.351662 0.013068 0.023018 0.023864
0 414 0.504263 0.039205 0.028133 0.076136
0 415 0.525149 0.040341 0.023870 0.078409
0 420 0.872123 0.029545 0.032396 0.056818
0 439 0.344842 0.023295 0.023018 0.044318
0 440 0.359761 0.026705 0.020460 0.048864
0 441 0.705030 0.343182 0.040921 0.113636
0 442 0.737852 0.401136 0.041773 0.129545
0 443 0.745951 0.490341 0.037511 0.130682
0 444 0.760443 0.478977 0.039216 0.139773
0 445 0.471867 0.536932 0.043478 0.128409
0 446 0.738278 0.433523 0.037511 0.119318
0 447 0.721228 0.495455 0.035806 0.122727
0 448 0.698210 0.406818 0.039216 0.113636
0 449 0.484228 0.172727 0.025575 0.065909
0 450 0.463342 0.163068 0.029838 0.096591
0 451 0.411338 0.141477 0.034953 0.103409
0 453 0.767263 0.256250 0.030691 0.071591
0 454 0.766837 0.431250 0.040068 0.126136
0 559 0.860614 0.963636 0.050298 0.072727
0 565 0.169650 0.440341 0.037511 0.126136
0 566 0.470588 0.664205 0.051151 0.153409
0 569 0.020034 0.740909 0.038363 0.147727
0 570 0.048593 0.750000 0.035806 0.111364
0 572 0.080563 0.542045 0.040068 0.125000
0 573 0.423700 0.686932 0.044331 0.144318
0 574 0.226769 0.426136 0.040921 0.127273
0 575 0.039216 0.325568 0.039216 0.110227
0 577 0.468457 0.259091 0.038363 0.113636
0 578 0.421995 0.396591 0.035806 0.118182
0 579 0.443734 0.412500 0.033248 0.111364
0 580 0.059250 0.209659 0.034953 0.107955
0 583 0.284314 0.293750 0.036658 0.103409
0 584 0.483802 0.390341 0.036658 0.119318
0 585 0.784740 0.610795 0.046888 0.139773
0 586 0.363598 0.202273 0.029838 0.104545
0 587 0.480818 0.208523 0.035806 0.098864
0 588 0.464621 0.718182 0.049446 0.154545
0 613 0.922421 0.229545 0.030691 0.054545
0 625 0.777494 0.964205 0.046036 0.071591
0 626 0.526002 0.810227 0.040921 0.136364
0 628 0.269821 0.608523 0.045183 0.139773
0 635 0.019608 0.672727 0.037511 0.145455
0 636 0.405371 0.436932 0.043478 0.114773
0 637 0.707161 0.945455 0.052003 0.106818
0 640 0.487639 0.814773 0.056266 0.165909
0 641 0.075874 0.251705 0.032396 0.094318
0 647 0.572890 0.750568 0.040921 0.135227
0 648 0.670077 0.821591 0.054561 0.154545
0 649 0.303069 0.599432 0.038363 0.142045
0 651 0.375107 0.550568 0.040921 0.114773
0 652 0.054987 0.623864 0.046888 0.136364
0 653 0.177749 0.576136 0.045183 0.136364
0 654 0.304348 0.457955 0.032396 0.120455
0 656 0.343564 0.464205 0.037511 0.130682
0 657 0.385337 0.584091 0.044331 0.143182
0 658 0.349105 0.541477 0.038363 0.130682
0 659 0.376812 0.430114 0.046036 0.119318
0 660 0.378943 0.468182 0.041773 0.118182
0 661 0.190537 0.525568 0.040068 0.135227
0 662 0.515345 0.387500 0.040068 0.113636
0 665 0.721654 0.696591 0.041773 0.136364
0 666 0.868713 0.489205 0.032396 0.119318
0 667 0.903240 0.727841 0.041773 0.142045
0 671 0.846974 0.482386 0.041773 0.128409
0 678 0.895141 0.696023 0.046036 0.146591
0 679 0.853367 0.732955 0.054561 0.138636
0 683 0.601876 0.765341 0.039216 0.132955
0 684 0.408355 0.938636 0.056266 0.122727
0 686 0.609122 0.744318 0.036658 0.131818
0 687 0.534953 0.910227 0.055413 0.143182
0 688 0.375107 0.352841 0.039216 0.101136
