0 202 0.012788 0.983523 0.023870 0.035227
0 207 0.012788 0.063068 0.023870 0.101136
0 215 0.412191 0.932386 0.041773 0.137500
0 216 0.335038 0.912500 0.051151 0.156818
0 217 0.320972 0.941477 0.055413 0.119318
0 221 0.597613 0.942614 0.047741 0.117045
0 222 0.635550 0.941477 0.046888 0.119318
0 224 0.427110 0.776136 0.044331 0.145455
0 225 0.056266 0.753977 0.046036 0.148864
0 226 0.099744 0.761364 0.056266 0.152273
0 229 0.760870 0.795455 0.052003 0.170455
0 231 0.324382 0.713068 0.038363 0.139773
0 232 0.358056 0.740909 0.046036 0.145455
0 233 0.039216 0.331250 0.044331 0.103409
0 234 0.342711 0.644886 0.049446 0.142045
0 236 0.873828 0.010227 0.025575 0.018182
0 244 0.404945 0.625568 0.042626 0.142045
0 245 0.493180 0.780114 0.048593 0.146591
0 246 0.534953 0.780114 0.041773 0.162500
0 247 0.620631 0.886364 0.046036 0.140909
0 324 0.595908 0.234659 0.032396 0.087500
0 329 0.298380 0.164205 0.032396 0.107955
0 330 0.809037 0.132955 0.028986 0.093182
0 331 0.835465 0.540341 0.042626 0.128409
0 333 0.272805 0.969318 0.039216 0.061364
0 334 0.202899 0.980114 0.040921 0.042045
0 335 0.228900 0.957386 0.048593 0.082955
0 336 0.138960 0.926136 0.047741 0.150000
0 337 0.179881 0.925568 0.044331 0.151136
0 338 0.423700 0.086364 0.025575 0.077273
0 339 0.537084 0.036364 0.025575 0.065909
0 340 0.404945 0.085227 0.028986 0.086364
0 341 0.378090 0.039205 0.028133 0.076136
0 342 0.284314 0.067045 0.028133 0.097727
0 343 0.190963 0.137500 0.028986 0.097727
0 344 0.753623 0.471023 0.034101 0.135227
0 345 0.800512 0.288636 0.037511 0.118182
0 346 0.832055 0.319318 0.034101 0.118182
0 347 0.802217 0.321023 0.032396 0.114773
0 348 0.838022 0.126136 0.035806 0.097727
0 355 0.764706 0.527273 0.039216 0.125000
0 356 0.489770 0.425568 0.034953 0.117045
0 357 0.532396 0.419886 0.038363 0.128409
0 358 0.834612 0.500000 0.039216 0.125000
0 359 0.792839 0.522727 0.042626 0.131818
0 360 0.749361 0.730114 0.047741 0.155682
0 361 0.884910 0.713636 0.046036 0.134091
0 362 0.886616 0.839205 0.035806 0.144318
0 363 0.970162 0.812500 0.044331 0.120455
0 364 0.867434 0.738636 0.038363 0.138636
0 365 0.571185 0.579545 0.051151 0.147727
0 367 0.547315 0.595455 0.042626 0.147727
0 368 0.219096 0.371591 0.034101 0.120455
0 369 0.493606 0.201136 0.030691 0.090909
0 370 0.124893 0.081250 0.031543 0.087500
0 371 0.357630 0.100568 0.024723 0.089773
0 372 0.384484 0.081250 0.025575 0.087500
0 374 0.819267 0.423864 0.039216 0.120455
0 376 0.210571 0.138068 0.027280 0.089773
0 377 0.725916 0.428977 0.052003 0.132955
0 378 0.867860 0.469318 0.042626 0.125000
0 379 0.500853 0.510227 0.034953 0.122727
0 381 0.814152 0.436932 0.049446 0.119318
0 382 0.823103 0.713068 0.041773 0.137500
0 383 0.526002 0.197727 0.032396 0.093182
0 390 0.469736 0.638068 0.039216 0.142045
0 391 0.532822 0.503977 0.040921 0.128409
0 392 0.289003 0.544886 0.034101 0.112500
0 393 0.568627 0.489205 0.037511 0.110227
0 394 0.740409 0.547727 0.038363 0.131818
0 395 0.768968 0.557955 0.040921 0.140909
0 396 0.749361 0.280682 0.034101 0.113636
0 397 0.436488 0.121591 0.028986 0.090909
0 398 0.462916 0.117045 0.025575 0.104545
0 399 0.515772 0.154545 0.028986 0.093182
0 400 0.543478 0.161932 0.031543 0.098864
0 401 0.265132 0.015341 0.023870 0.028409
0 402 0.302217 0.016477 0.028133 0.030682
0 404 0.246803 0.013068 0.024723 0.023864
0 441 0.681159 0.205114 0.042626 0.114773
0 444 0.706309 0.326136 0.034953 0.125000
0 445 0.543052 0.386932 0.040921 0.121591
0 446 0.717818 0.290909 0.039216 0.097727
0 451 0.538363 0.050568 0.031543 0.096591
0 453 0.786871 0.146023 0.027280 0.060227
0 454 0.737425 0.296591 0.039216 0.120455
0 556 0.864876 0.942045 0.058824 0.118182
0 557 0.933504 0.884091 0.052856 0.168182
0 558 0.969309 0.888068 0.037511 0.123864
0 559 0.704604 0.726136 0.048593 0.159091
0 565 0.220375 0.278977 0.034953 0.110227
0 566 0.454390 0.488636 0.042626 0.131818
0 568 0.078431 0.548864 0.032396 0.104545
0 569 0.114237 0.543182 0.040921 0.131818
0 570 0.145780 0.552273 0.035806 0.097727
0 572 0.187127 0.373295 0.034953 0.119318
0 573 0.413896 0.487500 0.034953 0.125000
0 574 0.265132 0.260795 0.037511 0.117045
0 575 0.137255 0.174432 0.032396 0.098864
0 576 0.489344 0.139205 0.025575 0.082955
0 577 0.505115 0.113068 0.031543 0.101136
0 578 0.449702 0.225568 0.031543 0.110227
0 579 0.468457 0.231818 0.031543 0.097727
0 580 0.136402 0.103409 0.028986 0.097727
0 581 0.011509 0.055682 0.021313 0.100000
0 583 0.323103 0.166477 0.030691 0.087500
0 584 0.491049 0.237500 0.034101 0.104545
0 585 0.778346 0.434091 0.042626 0.129545
0 586 0.384484 0.101136 0.028986 0.100000
0 587 0.486360 0.101136 0.031543 0.093182
0 588 0.468031 0.521591 0.039216 0.134091
0 589 0.102302 0.076136 0.030691 0.093182
0 604 0.293265 0.869886 0.044331 0.148864
0 610 0.924979 0.773864 0.044331 0.147727
0 613 0.843137 0.197727 0.030691 0.097727
0 614 0.397698 0.017045 0.031543 0.031818
0 620 0.662404 0.868182 0.047741 0.159091
0 623 0.304348 0.793750 0.044331 0.155682
0 625 0.641944 0.742045 0.039216 0.138636
0 626 0.473146 0.595455 0.037511 0.118182
0 628 0.283461 0.436364 0.034953 0.125000
0 633 0.032396 0.493750 0.042626 0.128409
0 634 0.390452 0.836932 0.049446 0.144318
0 635 0.074169 0.485227 0.040921 0.118182
0 636 0.434356 0.290909 0.031543 0.111364
0 637 0.598892 0.717614 0.045183 0.142045
0 640 0.450128 0.579545 0.037511 0.138636
0 641 0.133845 0.135227 0.023870 0.084091
0 647 0.503410 0.553977 0.034953 0.121591
0 648 0.587383 0.626136 0.042626 0.147727
0 649 0.325661 0.442614 0.032396 0.128409
0 650 0.070759 0.344886 0.040921 0.114773
0 651 0.388747 0.388636 0.035806 0.111364
0 652 0.124467 0.461364 0.037511 0.129545
0 653 0.267690 0.395455 0.035806 0.122727
0 654 0.325234 0.306818 0.031543 0.118182
0 656 0.356351 0.302273 0.037511 0.111364
0 657 0.426257 0.392045 0.037511 0.118182
0 658 0.364024 0.383523 0.034101 0.121591
0 659 0.401961 0.278409 0.033248 0.093182
0 660 0.390878 0.310227 0.031543 0.106818
0 661 0.293691 0.321591 0.038363 0.125000
0 662 0.521739 0.234659 0.035806 0.103409
0 665 0.750213 0.487500 0.039216 0.111364
0 666 0.861466 0.331818 0.031543 0.118182
0 667 0.883205 0.552273 0.042626 0.134091
0 671 0.838875 0.322727 0.034101 0.125000
0 678 0.867860 0.520455 0.040921 0.122727
0 679 0.822251 0.560795 0.041773 0.128409
0 682 0.008525 0.624432 0.015345 0.137500
0 683 0.535379 0.568182 0.039216 0.131818
0 684 0.404945 0.707386 0.046036 0.137500
0 686 0.545610 0.542614 0.030691 0.110227
0 687 0.469736 0.676136 0.037511 0.131818
0 688 0.414749 0.225568 0.028133 0.087500
