0 191 0.014066 0.861364 0.026428 0.156818
0 201 0.016198 0.956250 0.030691 0.089773
0 202 0.048167 0.935795 0.045183 0.130682
0 215 0.382353 0.861932 0.041773 0.151136
0 216 0.321398 0.844318 0.047741 0.152273
0 217 0.295823 0.878977 0.052856 0.148864
0 221 0.557545 0.875568 0.044331 0.151136
0 222 0.592498 0.873295 0.044331 0.157955
0 224 0.414322 0.706818 0.042626 0.145455
0 225 0.088662 0.684659 0.046036 0.148864
0 226 0.116795 0.694318 0.051151 0.152273
0 229 0.757033 0.729545 0.049446 0.150000
0 231 0.323956 0.643750 0.039216 0.135227
0 232 0.346121 0.666477 0.044331 0.142045
0 234 0.249787 0.590909 0.044331 0.140909
0 236 0.835891 0.021591 0.031543 0.040909
0 237 0.933504 0.953977 0.049446 0.092045
0 244 0.437340 0.577841 0.040921 0.130682
0 245 0.471014 0.707955 0.048593 0.143182
0 246 0.513214 0.705682 0.040921 0.152273
0 247 0.599318 0.805682 0.046036 0.136364
0 324 0.598465 0.192045 0.032396 0.084091
0 329 0.299233 0.130114 0.030691 0.107955
0 331 0.835465 0.471023 0.042626 0.123864
0 332 0.100171 0.984091 0.034953 0.034091
0 333 0.274510 0.971023 0.039216 0.060227
0 334 0.206735 0.978409 0.041773 0.045455
0 335 0.233589 0.958523 0.047741 0.085227
0 336 0.137255 0.926136 0.049446 0.150000
0 337 0.180733 0.924432 0.042626 0.148864
0 338 0.431373 0.057955 0.025575 0.077273
0 339 0.533674 0.023864 0.025575 0.045455
0 340 0.413896 0.057386 0.028133 0.085227
0 341 0.382779 0.024432 0.028986 0.046591
0 342 0.305200 0.042045 0.028986 0.081818
0 343 0.202899 0.107955 0.028986 0.097727
0 344 0.798380 0.400000 0.034953 0.122727
0 345 0.803495 0.261364 0.038363 0.118182
0 346 0.842285 0.285227 0.034101 0.118182
0 347 0.796249 0.285795 0.032396 0.114773
0 348 0.838022 0.100000 0.035806 0.097727
0 355 0.755328 0.471591 0.039216 0.125000
0 356 0.496590 0.372727 0.034953 0.111364
0 357 0.530264 0.369886 0.039216 0.128409
0 358 0.829071 0.446591 0.038363 0.115909
0 359 0.786445 0.472159 0.041773 0.128409
0 360 0.714834 0.663068 0.038363 0.151136
0 361 0.853367 0.640909 0.040921 0.134091
0 362 0.845269 0.751136 0.034953 0.138636
0 363 0.921142 0.735795 0.043478 0.130682
0 364 0.830350 0.663068 0.039216 0.135227
0 365 0.556266 0.515909 0.048593 0.138636
0 367 0.536232 0.522159 0.040921 0.135227
0 368 0.251492 0.335227 0.034101 0.120455
0 369 0.496590 0.164773 0.029838 0.090909
0 370 0.173913 0.053409 0.027280 0.086364
0 371 0.354646 0.071023 0.025575 0.089773
0 372 0.391304 0.053977 0.025575 0.085227
0 374 0.815857 0.378977 0.039216 0.112500
0 376 0.226769 0.105114 0.027280 0.089773
0 377 0.716965 0.378409 0.051151 0.131818
0 378 0.880648 0.430682 0.042626 0.125000
0 379 0.519182 0.450000 0.034101 0.118182
0 381 0.814152 0.384091 0.042626 0.104545
0 382 0.803069 0.633523 0.042626 0.137500
0 383 0.521313 0.161364 0.033248 0.093182
0 390 0.493180 0.594886 0.038363 0.142045
0 391 0.556692 0.449432 0.042626 0.128409
0 392 0.147059 0.535227 0.034953 0.118182
0 393 0.594203 0.445455 0.037511 0.111364
0 394 0.739130 0.487500 0.039216 0.120455
0 395 0.769821 0.508523 0.040921 0.135227
0 396 0.745098 0.255114 0.035806 0.117045
0 397 0.478261 0.096591 0.028986 0.090909
0 398 0.501279 0.093182 0.023870 0.097727
0 399 0.525575 0.119318 0.028133 0.093182
0 400 0.552856 0.132955 0.031543 0.100000
0 444 0.690963 0.285227 0.034953 0.125000
0 445 0.571185 0.353977 0.040921 0.121591
0 446 0.702899 0.254545 0.038363 0.097727
0 451 0.563086 0.046591 0.031543 0.090909
0 453 0.790281 0.121591 0.022165 0.059091
0 454 0.718670 0.271591 0.037511 0.118182
0 554 0.666240 0.962500 0.048593 0.077273
0 555 0.707587 0.960227 0.042626 0.081818
0 556 0.837596 0.881250 0.048593 0.164773
0 557 0.878517 0.784091 0.048593 0.161364
0 558 0.919864 0.797727 0.037511 0.129545
0 559 0.680733 0.645455 0.048593 0.140909
0 565 0.227195 0.233523 0.034953 0.110227
0 566 0.457801 0.444318 0.042626 0.131818
0 568 0.136402 0.494318 0.032396 0.104545
0 569 0.162830 0.490341 0.035806 0.130682
0 570 0.189258 0.498295 0.035806 0.096591
0 572 0.215686 0.331250 0.035806 0.117045
0 573 0.418585 0.427273 0.035806 0.125000
0 574 0.286019 0.217614 0.038363 0.117045
0 575 0.159420 0.132955 0.032396 0.097727
0 576 0.421142 0.159659 0.030691 0.082955
0 577 0.520034 0.077841 0.032396 0.101136
0 578 0.449275 0.181818 0.030691 0.104545
0 579 0.479540 0.188636 0.031543 0.097727
0 580 0.165814 0.078409 0.028133 0.104545
0 581 0.069054 0.036932 0.039216 0.071591
0 583 0.325661 0.136932 0.030691 0.087500
0 584 0.492754 0.198864 0.034101 0.104545
0 585 0.766411 0.377841 0.042626 0.121591
0 586 0.390878 0.073295 0.028133 0.094318
0 587 0.480392 0.071591 0.031543 0.093182
0 588 0.485081 0.467614 0.039216 0.135227
0 589 0.154305 0.046591 0.025575 0.086364
0 604 0.288576 0.803977 0.046888 0.148864
0 606 0.884910 0.951705 0.056266 0.092045
0 607 0.976130 0.972727 0.042626 0.056818
0 610 0.905371 0.686364 0.037511 0.138636
0 613 0.763853 0.205682 0.030691 0.097727
0 614 0.317562 0.018182 0.031543 0.034091
0 620 0.635976 0.802273 0.047741 0.152273
0 622 0.019182 0.413068 0.036658 0.128409
0 623 0.275362 0.709091 0.046036 0.154545
0 625 0.612106 0.668182 0.037511 0.131818
0 626 0.474425 0.529545 0.034953 0.104545
0 628 0.297101 0.395455 0.034953 0.125000
0 630 0.012361 0.522727 0.023018 0.125000
0 633 0.050725 0.444886 0.041773 0.128409
0 634 0.330350 0.750568 0.041773 0.144318
0 635 0.090367 0.436364 0.040921 0.118182
0 636 0.439045 0.253409 0.032396 0.111364
0 637 0.565644 0.640341 0.034953 0.135227
0 640 0.445865 0.520455 0.037511 0.138636
0 641 0.163683 0.097727 0.023870 0.084091
0 647 0.484655 0.492614 0.034953 0.121591
0 648 0.549872 0.574432 0.042626 0.148864
0 649 0.332481 0.396023 0.032396 0.128409
0 650 0.100597 0.300568 0.040921 0.110227
0 651 0.398551 0.342045 0.034953 0.111364
0 652 0.141517 0.410795 0.037511 0.121591
0 653 0.303495 0.350568 0.035806 0.121591
0 654 0.331628 0.261932 0.032396 0.105682
0 656 0.360614 0.262500 0.037511 0.111364
0 657 0.438193 0.345455 0.039216 0.118182
0 658 0.375107 0.339205 0.034101 0.121591
0 659 0.416880 0.250000 0.030691 0.106818
0 660 0.390878 0.269318 0.031543 0.106818
0 661 0.291134 0.272159 0.034953 0.123864
0 662 0.528133 0.198295 0.034953 0.103409
0 665 0.736573 0.425000 0.039216 0.111364
0 666 0.859761 0.294886 0.031543 0.114773
0 667 0.861040 0.509659 0.042626 0.132955
0 671 0.836743 0.294318 0.034953 0.115909
0 678 0.867008 0.482955 0.042626 0.129545
0 679 0.820119 0.505114 0.039216 0.128409
0 680 0.875533 0.978977 0.044331 0.044318
0 682 0.021313 0.551705 0.040921 0.137500
0 683 0.513214 0.505682 0.035806 0.125000
0 684 0.390452 0.638636 0.046036 0.138636
0 686 0.518329 0.496023 0.032396 0.110227
0 687 0.452685 0.615909 0.037511 0.131818
0 688 0.427110 0.196023 0.023870 0.087500
