0 191 0.012788 0.865909 0.023870 0.156818
0 201 0.014919 0.960227 0.028133 0.081818
0 202 0.044331 0.939205 0.047741 0.123864
0 215 0.384058 0.866477 0.041773 0.151136
0 216 0.322251 0.850000 0.047741 0.152273
0 217 0.296675 0.884659 0.052856 0.148864
0 221 0.560955 0.880682 0.044331 0.150000
0 222 0.595908 0.879545 0.044331 0.159091
0 224 0.415601 0.712500 0.043478 0.145455
0 225 0.086104 0.689205 0.046036 0.148864
0 226 0.115516 0.698864 0.053708 0.152273
0 229 0.757460 0.735227 0.048593 0.152273
0 231 0.323956 0.648295 0.039216 0.135227
0 232 0.346974 0.669886 0.044331 0.142045
0 234 0.257033 0.594318 0.045183 0.140909
0 236 0.838448 0.020455 0.031543 0.038636
0 237 0.936914 0.957386 0.049446 0.085227
0 244 0.434783 0.581250 0.040921 0.130682
0 245 0.473146 0.713068 0.049446 0.144318
0 246 0.514919 0.709659 0.040921 0.153409
0 247 0.601876 0.811364 0.046036 0.138636
0 324 0.598465 0.195455 0.032396 0.084091
0 329 0.299233 0.132386 0.030691 0.107955
0 331 0.836317 0.474432 0.042626 0.126136
0 332 0.099318 0.984091 0.034953 0.034091
0 333 0.275362 0.971023 0.039216 0.060227
0 334 0.206735 0.977841 0.041773 0.046591
0 335 0.233589 0.958523 0.047741 0.085227
0 336 0.137681 0.926136 0.048593 0.150000
0 337 0.180733 0.924432 0.042626 0.148864
0 338 0.431373 0.060227 0.025575 0.077273
0 339 0.533674 0.024432 0.025575 0.046591
0 340 0.413896 0.058523 0.028133 0.085227
0 341 0.382779 0.025568 0.028986 0.048864
0 342 0.303495 0.043182 0.028986 0.084091
0 343 0.202046 0.110227 0.028986 0.097727
0 344 0.794970 0.406250 0.034953 0.126136
0 345 0.803495 0.262500 0.038363 0.118182
0 346 0.841432 0.287500 0.034101 0.118182
0 347 0.797101 0.289205 0.032396 0.114773
0 348 0.838022 0.102273 0.035806 0.097727
0 355 0.757033 0.476136 0.039216 0.125000
0 356 0.496590 0.377273 0.034953 0.111364
0 357 0.530264 0.373295 0.039216 0.128409
0 358 0.829923 0.451705 0.038363 0.117045
0 359 0.787724 0.475568 0.042626 0.130682
0 360 0.717391 0.667614 0.038363 0.151136
0 361 0.855499 0.646591 0.041773 0.134091
0 362 0.847400 0.757955 0.035806 0.140909
0 363 0.924979 0.741477 0.044331 0.130682
0 364 0.832907 0.667614 0.039216 0.135227
0 365 0.557545 0.521023 0.049446 0.139773
0 367 0.537084 0.527841 0.040921 0.135227
0 368 0.248934 0.338636 0.034101 0.120455
0 369 0.497016 0.168182 0.030691 0.090909
0 370 0.169650 0.055114 0.027280 0.087500
0 371 0.355499 0.074432 0.025575 0.089773
0 372 0.390452 0.055114 0.025575 0.085227
0 374 0.816709 0.382386 0.039216 0.114773
0 376 0.225916 0.108523 0.027280 0.089773
0 377 0.717818 0.381250 0.051151 0.130682
0 378 0.878943 0.432955 0.042626 0.125000
0 379 0.516624 0.454545 0.034101 0.118182
0 381 0.814152 0.387500 0.042626 0.104545
0 382 0.805627 0.639205 0.042626 0.137500
0 383 0.521313 0.164773 0.033248 0.093182
0 390 0.490622 0.599432 0.038363 0.142045
0 391 0.555840 0.453977 0.042626 0.128409
0 392 0.157289 0.536364 0.034953 0.118182
0 393 0.593350 0.448864 0.037511 0.111364
0 394 0.743393 0.490909 0.039216 0.120455
0 395 0.770247 0.511932 0.041773 0.135227
0 396 0.745951 0.256818 0.035806 0.118182
0 397 0.474851 0.097727 0.028986 0.090909
0 398 0.497869 0.095455 0.023870 0.097727
0 399 0.525575 0.121591 0.028133 0.093182
0 400 0.552430 0.135227 0.030691 0.100000
0 444 0.692668 0.288636 0.034953 0.125000
0 445 0.569054 0.356250 0.041773 0.121591
0 446 0.704604 0.256818 0.038363 0.097727
0 451 0.563086 0.046591 0.031543 0.090909
0 453 0.789429 0.123864 0.023870 0.059091
0 454 0.722506 0.272727 0.038363 0.118182
0 554 0.667519 0.966477 0.049446 0.069318
0 555 0.709719 0.964773 0.040068 0.072727
0 556 0.838875 0.888068 0.049446 0.164773
0 557 0.882779 0.790909 0.048593 0.161364
0 558 0.922421 0.805114 0.037511 0.128409
0 559 0.681586 0.649432 0.048593 0.142045
0 565 0.227195 0.236932 0.034953 0.110227
0 566 0.457801 0.447727 0.042626 0.131818
0 568 0.131287 0.497727 0.032396 0.104545
0 569 0.159420 0.494886 0.035806 0.130682
0 570 0.185422 0.503409 0.034953 0.097727
0 572 0.213129 0.335227 0.035806 0.118182
0 573 0.419437 0.431818 0.035806 0.125000
0 574 0.284314 0.221023 0.038363 0.117045
0 575 0.157715 0.136364 0.032396 0.097727
0 576 0.426257 0.156250 0.032396 0.082955
0 577 0.519182 0.080114 0.032396 0.101136
0 578 0.449275 0.186932 0.030691 0.103409
0 579 0.478687 0.192045 0.031543 0.097727
0 580 0.164109 0.080682 0.028133 0.104545
0 581 0.063939 0.037500 0.039216 0.072727
0 583 0.324808 0.139205 0.030691 0.087500
0 584 0.492754 0.201136 0.034101 0.104545
0 585 0.767263 0.381818 0.042626 0.122727
0 586 0.390452 0.075568 0.028986 0.094318
0 587 0.481245 0.073864 0.031543 0.093182
0 588 0.483376 0.472159 0.039216 0.135227
0 589 0.150895 0.048295 0.025575 0.087500
0 604 0.289855 0.809091 0.047741 0.147727
0 606 0.887468 0.955114 0.056266 0.085227
0 607 0.977835 0.977273 0.042626 0.047727
0 610 0.906223 0.692045 0.037511 0.138636
0 613 0.770673 0.204545 0.030691 0.097727
0 614 0.325234 0.019318 0.031543 0.036364
0 620 0.637255 0.805682 0.048593 0.152273
0 622 0.017477 0.416477 0.033248 0.128409
0 623 0.277067 0.714205 0.046036 0.155682
0 625 0.615516 0.673295 0.037511 0.132955
0 626 0.473998 0.534091 0.034101 0.104545
0 628 0.296249 0.398864 0.034953 0.125000
0 630 0.011083 0.528409 0.020460 0.125000
0 633 0.048167 0.449432 0.041773 0.128409
0 634 0.332907 0.756250 0.041773 0.144318
0 635 0.089514 0.439773 0.040921 0.118182
0 636 0.439045 0.256818 0.032396 0.111364
0 637 0.569480 0.646023 0.035806 0.135227
0 640 0.445865 0.525000 0.037511 0.138636
0 641 0.161125 0.101136 0.023870 0.084091
0 647 0.485507 0.497159 0.034953 0.121591
0 648 0.550725 0.580114 0.042626 0.148864
0 649 0.330776 0.398295 0.032396 0.128409
0 650 0.098039 0.305114 0.040921 0.112500
0 651 0.397272 0.346591 0.035806 0.111364
0 652 0.138960 0.413068 0.037511 0.121591
0 653 0.300938 0.353977 0.035806 0.121591
0 654 0.331628 0.265341 0.032396 0.107955
0 656 0.360614 0.264773 0.037511 0.111364
0 657 0.437340 0.347727 0.039216 0.118182
0 658 0.374254 0.342614 0.034101 0.121591
0 659 0.415175 0.252273 0.030691 0.106818
0 660 0.390026 0.271591 0.031543 0.106818
0 661 0.291134 0.275568 0.034953 0.123864
0 662 0.526854 0.199432 0.035806 0.103409
0 665 0.737425 0.428409 0.039216 0.111364
0 666 0.858909 0.297727 0.031543 0.115909
0 667 0.861893 0.514773 0.042626 0.134091
0 671 0.836317 0.296591 0.035806 0.115909
0 678 0.867860 0.489773 0.042626 0.134091
0 679 0.820119 0.509659 0.039216 0.128409
0 680 0.881927 0.983523 0.040068 0.035227
0 682 0.020460 0.556818 0.039216 0.138636
0 683 0.514066 0.509659 0.035806 0.126136
0 684 0.392157 0.644318 0.046036 0.138636
0 686 0.520034 0.499432 0.032396 0.110227
0 687 0.454390 0.619318 0.037511 0.131818
0 688 0.426257 0.198295 0.023870 0.087500
