0 207 0.014066 0.064205 0.026428 0.101136
0 215 0.413896 0.934091 0.041773 0.134091
0 216 0.336743 0.916477 0.051151 0.153409
0 217 0.321398 0.943750 0.056266 0.114773
0 221 0.599318 0.944886 0.047741 0.112500
0 222 0.638534 0.943750 0.047741 0.114773
0 224 0.427110 0.779545 0.044331 0.145455
0 225 0.054561 0.758523 0.046036 0.148864
0 226 0.098465 0.765909 0.055413 0.152273
0 229 0.761296 0.798864 0.052856 0.170455
0 231 0.324382 0.717045 0.038363 0.140909
0 232 0.358909 0.745455 0.046036 0.145455
0 233 0.044331 0.330682 0.044331 0.104545
0 234 0.347826 0.648295 0.049446 0.142045
0 236 0.876385 0.010227 0.025575 0.018182
0 244 0.403240 0.627841 0.042626 0.142045
0 245 0.494032 0.784091 0.048593 0.147727
0 246 0.535806 0.784659 0.041773 0.162500
0 247 0.621483 0.890909 0.046036 0.140909
0 324 0.595482 0.238068 0.031543 0.087500
0 329 0.298380 0.166477 0.032396 0.107955
0 330 0.809037 0.135227 0.028986 0.093182
0 331 0.834612 0.544886 0.042626 0.128409
0 333 0.271100 0.969886 0.039216 0.060227
0 334 0.202899 0.980114 0.040921 0.042045
0 335 0.228900 0.957955 0.048593 0.081818
0 336 0.138107 0.926136 0.047741 0.150000
0 337 0.179881 0.925568 0.044331 0.151136
0 338 0.422847 0.088636 0.025575 0.077273
0 339 0.537084 0.038068 0.025575 0.067045
0 340 0.404518 0.087500 0.028133 0.086364
0 341 0.378090 0.040341 0.028133 0.078409
0 342 0.283035 0.068182 0.027280 0.097727
0 343 0.189258 0.139773 0.028986 0.097727
0 344 0.753623 0.473295 0.034101 0.135227
0 345 0.800512 0.289773 0.037511 0.118182
0 346 0.832055 0.321591 0.034101 0.118182
0 347 0.803069 0.323295 0.032396 0.114773
0 348 0.838022 0.128409 0.035806 0.097727
0 355 0.763853 0.530682 0.039216 0.125000
0 356 0.489344 0.429545 0.034101 0.118182
0 357 0.531543 0.422159 0.038363 0.128409
0 358 0.834612 0.502273 0.039216 0.125000
0 359 0.792839 0.525000 0.042626 0.131818
0 360 0.752344 0.735227 0.048593 0.156818
0 361 0.887468 0.718182 0.046036 0.134091
0 362 0.889599 0.844886 0.034953 0.144318
0 363 0.972720 0.817045 0.044331 0.120455
0 364 0.869565 0.743750 0.037511 0.139773
0 365 0.572038 0.582955 0.051151 0.147727
0 367 0.549020 0.600568 0.042626 0.148864
0 368 0.217391 0.375000 0.034101 0.120455
0 369 0.493606 0.203409 0.030691 0.090909
0 370 0.122336 0.083523 0.031543 0.087500
0 371 0.357630 0.101705 0.024723 0.089773
0 372 0.384484 0.082386 0.025575 0.087500
0 374 0.819267 0.426136 0.039216 0.120455
0 376 0.209719 0.140341 0.027280 0.089773
0 377 0.727621 0.432955 0.052003 0.134091
0 378 0.867860 0.472727 0.042626 0.125000
0 379 0.500426 0.513636 0.035806 0.122727
0 381 0.814152 0.440341 0.049446 0.119318
0 382 0.825234 0.717614 0.042626 0.137500
0 383 0.526002 0.200000 0.032396 0.093182
0 390 0.467178 0.640341 0.039216 0.142045
0 391 0.531969 0.507386 0.040921 0.128409
0 392 0.296675 0.546591 0.034101 0.111364
0 393 0.566922 0.491477 0.037511 0.110227
0 394 0.739983 0.551136 0.039216 0.131818
0 395 0.768116 0.560227 0.040921 0.140909
0 396 0.749361 0.281818 0.034101 0.113636
0 397 0.434783 0.122727 0.028986 0.090909
0 398 0.460358 0.119318 0.025575 0.104545
0 399 0.514919 0.156818 0.028986 0.093182
0 400 0.543052 0.163636 0.030691 0.097727
0 401 0.263427 0.015909 0.023870 0.029545
0 402 0.300512 0.017614 0.028133 0.032955
0 404 0.244246 0.013636 0.024723 0.025000
0 441 0.681159 0.207386 0.042626 0.114773
0 444 0.706309 0.328409 0.034953 0.125000
0 445 0.541347 0.389205 0.040921 0.121591
0 446 0.717818 0.293182 0.039216 0.097727
0 450 0.564365 0.061364 0.032396 0.090909
0 451 0.536658 0.052841 0.031543 0.096591
0 453 0.787724 0.148295 0.027280 0.060227
0 454 0.737425 0.298864 0.039216 0.120455
0 556 0.865729 0.944886 0.058824 0.112500
0 557 0.936061 0.889773 0.051151 0.168182
0 558 0.971867 0.894886 0.037511 0.123864
0 559 0.706309 0.730682 0.048593 0.159091
0 565 0.220375 0.282386 0.034953 0.110227
0 566 0.454390 0.490909 0.042626 0.131818
0 568 0.075874 0.553409 0.032396 0.104545
0 569 0.111679 0.546591 0.040921 0.131818
0 570 0.143223 0.555682 0.035806 0.097727
0 572 0.185422 0.375568 0.034953 0.119318
0 573 0.413043 0.492045 0.034953 0.125000
0 574 0.264280 0.263068 0.037511 0.117045
0 575 0.135550 0.177273 0.032396 0.100000
0 576 0.493180 0.138068 0.024723 0.082955
0 577 0.504263 0.115341 0.031543 0.101136
0 578 0.448849 0.227841 0.031543 0.110227
0 579 0.467604 0.234091 0.031543 0.097727
0 580 0.134697 0.105682 0.028986 0.097727
0 581 0.009804 0.057386 0.017903 0.101136
0 583 0.322251 0.168182 0.030691 0.088636
0 584 0.490196 0.240909 0.034101 0.104545
0 585 0.779199 0.436364 0.042626 0.129545
0 586 0.383632 0.102841 0.028986 0.101136
0 587 0.486360 0.103409 0.031543 0.093182
0 588 0.467178 0.525000 0.039216 0.134091
0 589 0.099318 0.078409 0.031543 0.093182
0 604 0.293265 0.873295 0.044331 0.148864
0 610 0.926257 0.778977 0.045183 0.148864
0 613 0.845695 0.197727 0.030691 0.097727
0 614 0.401961 0.018182 0.031543 0.034091
0 620 0.664109 0.871591 0.047741 0.159091
0 623 0.306905 0.799432 0.044331 0.155682
0 625 0.643223 0.746591 0.040068 0.138636
0 626 0.473146 0.600568 0.037511 0.119318
0 628 0.283461 0.439773 0.034953 0.125000
0 633 0.031543 0.497159 0.042626 0.128409
0 634 0.393862 0.842614 0.049446 0.144318
0 635 0.073316 0.488636 0.040921 0.118182
0 636 0.433504 0.293182 0.031543 0.111364
0 637 0.600171 0.721591 0.046036 0.143182
0 640 0.450128 0.582955 0.037511 0.138636
0 641 0.132140 0.137500 0.023870 0.084091
0 647 0.505115 0.557386 0.034953 0.121591
0 648 0.589088 0.629545 0.042626 0.147727
0 649 0.325661 0.446023 0.032396 0.128409
0 650 0.068201 0.348295 0.040921 0.114773
0 651 0.388747 0.392045 0.035806 0.111364
0 652 0.123615 0.464773 0.037511 0.129545
0 653 0.265985 0.399432 0.035806 0.123864
0 654 0.324382 0.309659 0.031543 0.117045
0 656 0.355499 0.304545 0.037511 0.111364
0 657 0.425405 0.395455 0.037511 0.118182
0 658 0.363171 0.386932 0.034101 0.121591
0 659 0.401535 0.280682 0.034101 0.093182
0 660 0.390878 0.313636 0.031543 0.106818
0 661 0.292839 0.325000 0.038363 0.125000
0 662 0.520887 0.236932 0.035806 0.103409
0 665 0.750213 0.490909 0.039216 0.111364
0 666 0.862319 0.334091 0.031543 0.118182
0 667 0.883632 0.555682 0.043478 0.134091
0 671 0.839727 0.325000 0.034101 0.125000
0 678 0.867860 0.523864 0.040921 0.122727
0 679 0.822677 0.564205 0.042626 0.128409
0 682 0.007673 0.628977 0.013640 0.137500
0 683 0.537937 0.571591 0.039216 0.131818
0 684 0.404092 0.710795 0.046036 0.137500
0 686 0.546462 0.546023 0.030691 0.110227
0 687 0.470588 0.680682 0.037511 0.131818
0 688 0.413896 0.226705 0.028133 0.087500
