0 191 0.014919 0.857955 0.028133 0.154545
0 201 0.017050 0.953977 0.032396 0.094318
0 202 0.050725 0.933523 0.043478 0.135227
0 215 0.381074 0.858523 0.042626 0.151136
0 216 0.321398 0.839773 0.047741 0.152273
0 217 0.294970 0.874432 0.052856 0.148864
0 221 0.554987 0.872727 0.044331 0.152273
0 222 0.589088 0.868182 0.044331 0.156818
0 224 0.413470 0.703409 0.042626 0.145455
0 225 0.090367 0.682386 0.046036 0.148864
0 226 0.117647 0.690909 0.051151 0.152273
0 229 0.757033 0.725568 0.049446 0.148864
0 231 0.323529 0.640341 0.038363 0.135227
0 232 0.345695 0.663636 0.043478 0.140909
0 234 0.244672 0.588636 0.044331 0.140909
0 236 0.835038 0.022159 0.031543 0.042045
0 237 0.930946 0.952841 0.049446 0.096591
0 244 0.439045 0.575568 0.040921 0.130682
0 245 0.469736 0.705114 0.049446 0.142045
0 246 0.512361 0.702841 0.040921 0.151136
0 247 0.597613 0.802841 0.046036 0.135227
0 324 0.598465 0.189773 0.032396 0.084091
0 329 0.299233 0.127841 0.030691 0.107955
0 331 0.835038 0.468182 0.041773 0.122727
0 332 0.100171 0.984091 0.034953 0.034091
0 333 0.274510 0.971023 0.039216 0.060227
0 334 0.206735 0.978409 0.041773 0.045455
0 335 0.233589 0.958523 0.047741 0.085227
0 336 0.136402 0.926136 0.049446 0.150000
0 337 0.180733 0.925000 0.042626 0.147727
0 338 0.431373 0.056818 0.025575 0.077273
0 339 0.533674 0.023295 0.025575 0.044318
0 340 0.413896 0.056250 0.028133 0.085227
0 341 0.382779 0.023864 0.028986 0.045455
0 342 0.306905 0.041477 0.028986 0.080682
0 343 0.202899 0.105682 0.028986 0.097727
0 344 0.800938 0.396591 0.034953 0.120455
0 345 0.803922 0.259091 0.039216 0.118182
0 346 0.843137 0.282955 0.034101 0.118182
0 347 0.796249 0.284659 0.032396 0.114773
0 348 0.838022 0.097727 0.035806 0.097727
0 355 0.754049 0.469318 0.038363 0.125000
0 356 0.497442 0.370455 0.034953 0.111364
0 357 0.530264 0.367614 0.039216 0.128409
0 358 0.829071 0.444318 0.038363 0.115909
0 359 0.786019 0.469886 0.042626 0.128409
0 360 0.713129 0.659659 0.038363 0.151136
0 361 0.851662 0.637500 0.040921 0.134091
0 362 0.843564 0.747159 0.034953 0.137500
0 363 0.918159 0.732386 0.042626 0.130682
0 364 0.828645 0.658523 0.039216 0.135227
0 365 0.555413 0.513068 0.048593 0.139773
0 367 0.536232 0.518750 0.040921 0.135227
0 368 0.253197 0.332955 0.034101 0.120455
0 369 0.496590 0.163636 0.029838 0.090909
0 370 0.176471 0.052273 0.025575 0.086364
0 371 0.353794 0.069886 0.025575 0.089773
0 372 0.391304 0.052841 0.025575 0.085227
0 374 0.815857 0.376705 0.039216 0.112500
0 376 0.227621 0.103977 0.027280 0.089773
0 377 0.716113 0.376705 0.051151 0.130682
0 378 0.880648 0.428409 0.042626 0.125000
0 379 0.520034 0.447727 0.034101 0.118182
0 381 0.813725 0.381818 0.041773 0.104545
0 382 0.802217 0.628977 0.042626 0.137500
0 383 0.520460 0.159091 0.033248 0.093182
0 390 0.494885 0.592614 0.038363 0.142045
0 391 0.558397 0.447159 0.042626 0.128409
0 392 0.139812 0.534091 0.035806 0.118182
0 393 0.595055 0.443182 0.037511 0.111364
0 394 0.736573 0.485227 0.039216 0.120455
0 395 0.769395 0.505114 0.041773 0.135227
0 396 0.744672 0.253977 0.034953 0.117045
0 397 0.480818 0.094318 0.028986 0.090909
0 398 0.502984 0.092045 0.023870 0.097727
0 399 0.525575 0.117614 0.028133 0.094318
0 400 0.553708 0.131818 0.031543 0.100000
0 445 0.572890 0.351705 0.040921 0.121591
0 446 0.701620 0.252273 0.039216 0.097727
0 453 0.790281 0.121591 0.022165 0.059091
0 454 0.716113 0.270455 0.037511 0.118182
0 554 0.665388 0.959091 0.048593 0.084091
0 555 0.706309 0.957386 0.043478 0.087500
0 556 0.836317 0.877841 0.049446 0.164773
0 557 0.875959 0.779545 0.048593 0.161364
0 558 0.918159 0.792614 0.037511 0.130682
0 559 0.679881 0.642614 0.048593 0.142045
0 565 0.228048 0.232386 0.034953 0.110227
0 566 0.458653 0.442045 0.042626 0.131818
0 568 0.138960 0.490909 0.032396 0.104545
0 569 0.165388 0.488068 0.035806 0.130682
0 570 0.191816 0.494886 0.035806 0.096591
0 572 0.217391 0.328409 0.035806 0.115909
0 573 0.418585 0.425000 0.035806 0.125000
0 574 0.286871 0.216477 0.038363 0.117045
0 575 0.160273 0.130682 0.032396 0.097727
0 576 0.417732 0.160795 0.030691 0.082955
0 577 0.520887 0.075568 0.032396 0.101136
0 578 0.448849 0.178409 0.031543 0.104545
0 579 0.479540 0.186364 0.031543 0.097727
0 580 0.167519 0.077273 0.028133 0.104545
0 581 0.073316 0.036364 0.039216 0.070455
0 583 0.325661 0.135795 0.030691 0.087500
0 584 0.492754 0.196591 0.034101 0.104545
0 585 0.765558 0.374432 0.042626 0.121591
0 586 0.391304 0.072159 0.028986 0.094318
0 587 0.480392 0.070455 0.031543 0.093182
0 588 0.486786 0.465341 0.039216 0.135227
0 589 0.156863 0.046023 0.025575 0.085227
0 604 0.288150 0.801136 0.046036 0.147727
0 606 0.882779 0.949432 0.055413 0.096591
0 607 0.975277 0.970455 0.042626 0.061364
0 610 0.905371 0.682955 0.037511 0.138636
0 613 0.758738 0.205682 0.030691 0.097727
0 614 0.312020 0.017614 0.032396 0.032955
0 620 0.635124 0.800000 0.047741 0.152273
0 622 0.020460 0.410795 0.037511 0.128409
0 623 0.273657 0.705682 0.046036 0.154545
0 625 0.609974 0.664205 0.038363 0.130682
0 626 0.474425 0.527273 0.034953 0.104545
0 628 0.297528 0.393182 0.035806 0.125000
0 630 0.013214 0.519318 0.024723 0.125000
0 633 0.052430 0.441477 0.041773 0.128409
0 634 0.329497 0.746023 0.041773 0.144318
0 635 0.091219 0.434091 0.040921 0.118182
0 636 0.439898 0.252273 0.032396 0.111364
0 637 0.563939 0.637500 0.034953 0.134091
0 640 0.445439 0.517045 0.038363 0.138636
0 641 0.165388 0.096591 0.023870 0.084091
0 647 0.484655 0.490341 0.034953 0.121591
0 648 0.549872 0.571023 0.042626 0.148864
0 649 0.333333 0.393750 0.032396 0.128409
0 650 0.102302 0.297727 0.040921 0.109091
0 651 0.399403 0.339773 0.034953 0.111364
0 652 0.142370 0.408523 0.037511 0.121591
0 653 0.305200 0.348295 0.035806 0.121591
0 654 0.331628 0.259659 0.032396 0.105682
0 656 0.360614 0.260227 0.037511 0.111364
0 657 0.439045 0.342045 0.039216 0.118182
0 658 0.375107 0.336932 0.034101 0.121591
0 659 0.417732 0.248864 0.030691 0.106818
0 660 0.391731 0.267045 0.031543 0.106818
0 661 0.291986 0.269886 0.034953 0.123864
0 662 0.528986 0.197159 0.034953 0.103409
0 665 0.735720 0.422727 0.039216 0.111364
0 666 0.860188 0.293750 0.030691 0.114773
0 667 0.861040 0.506818 0.042626 0.131818
0 671 0.837596 0.292614 0.034953 0.114773
0 678 0.866155 0.477841 0.042626 0.126136
0 679 0.820119 0.502841 0.039216 0.128409
0 680 0.871697 0.976136 0.046888 0.050000
0 682 0.021739 0.548295 0.041773 0.137500
0 683 0.512788 0.502841 0.034953 0.123864
0 684 0.388747 0.635227 0.046036 0.138636
0 686 0.518329 0.493750 0.032396 0.110227
0 687 0.451833 0.613636 0.037511 0.131818
0 688 0.427962 0.194886 0.023870 0.087500
