0 191 0.018329 0.844886 0.034953 0.153409
0 201 0.020034 0.943750 0.038363 0.114773
0 202 0.061381 0.923864 0.037511 0.147727
0 212 0.755328 0.977273 0.040921 0.047727
0 213 0.472293 0.986932 0.027280 0.028409
0 214 0.525575 0.972159 0.036658 0.055682
0 215 0.373402 0.846023 0.042626 0.151136
0 216 0.321398 0.822727 0.047741 0.152273
0 217 0.292839 0.859659 0.052003 0.146591
0 221 0.545183 0.859659 0.045183 0.155682
0 222 0.578858 0.850568 0.044331 0.153409
0 224 0.409633 0.688636 0.041773 0.145455
0 225 0.095482 0.667614 0.046036 0.146591
0 226 0.121057 0.676136 0.047741 0.152273
0 229 0.757033 0.711932 0.049446 0.148864
0 231 0.323529 0.627841 0.038363 0.135227
0 232 0.342285 0.652841 0.041773 0.139773
0 234 0.225064 0.580682 0.044331 0.140909
0 236 0.836743 0.023295 0.029838 0.044318
0 237 0.920290 0.943750 0.048593 0.114773
0 244 0.449275 0.571023 0.040921 0.130682
0 245 0.464621 0.692045 0.047741 0.140909
0 246 0.508099 0.692045 0.040921 0.147727
0 247 0.591645 0.789773 0.046036 0.129545
0 324 0.598465 0.181818 0.032396 0.084091
0 329 0.300085 0.121023 0.030691 0.107955
0 331 0.832481 0.459659 0.041773 0.117045
0 332 0.100171 0.984659 0.034953 0.032955
0 333 0.274936 0.970455 0.038363 0.061364
0 334 0.207161 0.978977 0.042626 0.044318
0 335 0.233589 0.958523 0.047741 0.085227
0 336 0.136829 0.926705 0.048593 0.148864
0 337 0.180733 0.926705 0.042626 0.146591
0 338 0.431373 0.051705 0.025575 0.076136
0 339 0.533674 0.021591 0.025575 0.040909
0 340 0.414749 0.052273 0.028133 0.084091
0 341 0.383632 0.021023 0.028986 0.039773
0 342 0.311168 0.038068 0.028986 0.073864
0 343 0.205882 0.099432 0.028133 0.096591
0 344 0.809889 0.380682 0.035806 0.109091
0 345 0.804774 0.253409 0.039216 0.118182
0 346 0.845695 0.276136 0.034101 0.118182
0 347 0.797954 0.275568 0.032396 0.114773
0 348 0.837170 0.092045 0.035806 0.097727
0 355 0.749361 0.459091 0.039216 0.125000
0 356 0.498295 0.357955 0.034953 0.111364
0 357 0.530264 0.358523 0.039216 0.128409
0 358 0.827366 0.432386 0.038363 0.112500
0 359 0.783035 0.460795 0.041773 0.126136
0 360 0.705456 0.646023 0.038363 0.151136
0 361 0.848252 0.622159 0.040921 0.132955
0 362 0.837170 0.730114 0.034101 0.132955
0 363 0.907928 0.716477 0.042626 0.130682
0 364 0.823529 0.643750 0.039216 0.135227
0 365 0.553708 0.501136 0.046888 0.138636
0 367 0.535806 0.506250 0.041773 0.135227
0 368 0.260017 0.324432 0.034101 0.119318
0 369 0.496590 0.156818 0.029838 0.090909
0 370 0.187127 0.047727 0.024723 0.084091
0 371 0.352941 0.064205 0.025575 0.089773
0 372 0.392583 0.048864 0.024723 0.084091
0 374 0.815004 0.368182 0.039216 0.109091
0 376 0.231032 0.096591 0.027280 0.088636
0 377 0.713555 0.368182 0.051151 0.129545
0 378 0.879795 0.420455 0.042626 0.125000
0 379 0.525149 0.438636 0.034101 0.118182
0 381 0.812873 0.372727 0.041773 0.104545
0 382 0.800085 0.614773 0.041773 0.131818
0 383 0.519608 0.154545 0.033248 0.093182
0 390 0.500853 0.581250 0.038363 0.142045
0 391 0.561807 0.436932 0.042626 0.128409
0 392 0.108696 0.533523 0.038363 0.117045
0 393 0.598465 0.434091 0.037511 0.111364
0 394 0.726343 0.475000 0.039216 0.120455
0 395 0.768542 0.494886 0.041773 0.135227
0 396 0.742967 0.250000 0.034953 0.115909
0 397 0.490196 0.089773 0.028986 0.090909
0 398 0.512361 0.087500 0.023870 0.097727
0 399 0.527280 0.111932 0.028133 0.094318
0 400 0.557118 0.123864 0.031543 0.100000
0 445 0.578858 0.343750 0.040921 0.121591
0 446 0.696931 0.245455 0.038363 0.097727
0 453 0.791986 0.119318 0.022165 0.059091
0 454 0.705882 0.265909 0.037511 0.118182
0 554 0.663257 0.947727 0.047741 0.106818
0 555 0.701620 0.947727 0.044331 0.106818
0 556 0.832055 0.860795 0.049446 0.164773
0 557 0.865303 0.761932 0.049446 0.162500
0 558 0.911338 0.771023 0.037511 0.135227
0 559 0.676897 0.631818 0.049446 0.140909
0 565 0.228900 0.224432 0.034953 0.110227
0 566 0.459506 0.432955 0.042626 0.131818
0 568 0.148764 0.479545 0.031543 0.104545
0 569 0.175618 0.477841 0.035806 0.130682
0 570 0.203751 0.485795 0.035806 0.096591
0 572 0.224211 0.316477 0.035806 0.114773
0 573 0.417732 0.412500 0.035806 0.125000
0 574 0.291134 0.208523 0.038363 0.117045
0 575 0.163683 0.122727 0.032396 0.097727
0 576 0.403240 0.165341 0.028986 0.082955
0 577 0.523444 0.067614 0.032396 0.101136
0 578 0.448423 0.165909 0.032396 0.104545
0 579 0.477835 0.177273 0.031543 0.097727
0 580 0.172634 0.071591 0.028133 0.104545
0 581 0.087809 0.034091 0.039216 0.065909
0 583 0.325661 0.128977 0.030691 0.087500
0 584 0.494459 0.188636 0.034101 0.104545
0 585 0.763001 0.362500 0.042626 0.120455
0 586 0.392583 0.067614 0.028133 0.094318
0 587 0.478687 0.064205 0.031543 0.092045
0 588 0.491049 0.453977 0.039216 0.135227
0 589 0.167945 0.042614 0.025575 0.082955
0 604 0.277920 0.788636 0.046036 0.147727
0 606 0.875107 0.940909 0.055413 0.115909
0 607 0.971867 0.959091 0.042626 0.084091
0 610 0.903666 0.668182 0.037511 0.138636
0 613 0.739130 0.207955 0.030691 0.097727
0 614 0.294970 0.016477 0.032396 0.030682
0 615 0.004263 0.625568 0.006820 0.123864
0 620 0.631714 0.790909 0.049446 0.152273
0 622 0.028986 0.401705 0.037511 0.128409
0 623 0.266837 0.688636 0.044331 0.152273
0 625 0.600597 0.650000 0.040068 0.127273
0 626 0.474425 0.515909 0.034953 0.104545
0 628 0.299233 0.384091 0.035806 0.125000
0 630 0.016624 0.506818 0.031543 0.125000
0 633 0.058397 0.431250 0.041773 0.128409
0 634 0.325234 0.727841 0.041773 0.144318
0 635 0.093777 0.425000 0.040921 0.118182
0 636 0.439898 0.244318 0.032396 0.111364
0 637 0.555413 0.625000 0.034953 0.129545
0 640 0.445439 0.507955 0.038363 0.138636
0 641 0.171355 0.089773 0.023870 0.084091
0 647 0.483802 0.480114 0.034953 0.121591
0 648 0.547315 0.558523 0.042626 0.148864
0 649 0.337596 0.385795 0.032396 0.128409
0 650 0.108269 0.286364 0.040921 0.104545
0 651 0.402813 0.331818 0.034953 0.111364
0 652 0.147485 0.399432 0.037511 0.121591
0 653 0.312020 0.339205 0.035806 0.121591
0 654 0.332481 0.252841 0.032396 0.103409
0 656 0.363171 0.254545 0.037511 0.111364
0 657 0.442882 0.331818 0.038363 0.118182
0 658 0.377664 0.327841 0.034101 0.121591
0 659 0.420290 0.240909 0.030691 0.106818
0 660 0.393436 0.260227 0.031543 0.106818
0 661 0.294118 0.260795 0.035806 0.123864
0 662 0.531543 0.193182 0.033248 0.104545
0 665 0.734868 0.411364 0.039216 0.111364
0 666 0.862319 0.286932 0.031543 0.112500
0 667 0.860614 0.495455 0.041773 0.127273
0 671 0.840153 0.285227 0.034953 0.113636
0 678 0.864876 0.467045 0.041773 0.125000
0 679 0.820119 0.493750 0.039216 0.128409
0 680 0.856351 0.965341 0.057118 0.071591
0 682 0.026002 0.535795 0.045183 0.137500
0 683 0.510230 0.492614 0.033248 0.121591
0 684 0.383632 0.620455 0.046036 0.138636
0 686 0.516624 0.482386 0.032396 0.110227
0 687 0.448423 0.602273 0.037511 0.131818
0 688 0.430520 0.188068 0.022165 0.087500
