0 191 0.008951 0.875568 0.016198 0.157955
0 201 0.011083 0.973295 0.020460 0.055682
0 202 0.033248 0.952841 0.047741 0.096591
0 215 0.392157 0.884659 0.040921 0.151136
0 216 0.322677 0.867614 0.048593 0.153409
0 217 0.300938 0.902841 0.052856 0.148864
0 221 0.572038 0.900000 0.044331 0.147727
0 222 0.608696 0.902841 0.044331 0.162500
0 224 0.419437 0.730682 0.044331 0.145455
0 225 0.077579 0.702841 0.046036 0.148864
0 226 0.110827 0.717045 0.056266 0.152273
0 229 0.757886 0.753977 0.047741 0.157955
0 231 0.324808 0.664205 0.039216 0.135227
0 232 0.351236 0.682955 0.046036 0.145455
0 234 0.282182 0.607955 0.046036 0.140909
0 236 0.848252 0.016477 0.028986 0.030682
0 237 0.950128 0.967045 0.048593 0.061364
0 244 0.424552 0.593750 0.040921 0.130682
0 245 0.479540 0.731250 0.048593 0.144318
0 246 0.520887 0.725568 0.040921 0.155682
0 247 0.607843 0.831818 0.046036 0.140909
0 324 0.598465 0.206818 0.032396 0.084091
0 329 0.298806 0.142614 0.031543 0.107955
0 330 0.812447 0.113636 0.028986 0.093182
0 331 0.838022 0.490341 0.042626 0.128409
0 332 0.096760 0.984091 0.034953 0.034091
0 333 0.279625 0.969318 0.039216 0.063636
0 334 0.206309 0.977841 0.040921 0.046591
0 335 0.231884 0.957955 0.047741 0.086364
0 336 0.139386 0.926136 0.048593 0.150000
0 337 0.180307 0.924432 0.043478 0.148864
0 338 0.431373 0.067045 0.025575 0.077273
0 339 0.533674 0.026705 0.025575 0.051136
0 340 0.411338 0.065909 0.028133 0.086364
0 341 0.381927 0.028977 0.028986 0.055682
0 342 0.297954 0.050000 0.028133 0.088636
0 343 0.199488 0.118182 0.028986 0.097727
0 344 0.783461 0.425568 0.034101 0.135227
0 345 0.802217 0.270455 0.037511 0.118182
0 346 0.838022 0.296591 0.034101 0.118182
0 347 0.798806 0.298295 0.032396 0.114773
0 348 0.838022 0.109091 0.035806 0.097727
0 355 0.762575 0.489773 0.038363 0.125000
0 356 0.494032 0.390909 0.034953 0.111364
0 357 0.530264 0.384659 0.039216 0.128409
0 358 0.831202 0.465341 0.039216 0.121591
0 359 0.790281 0.487500 0.042626 0.131818
0 360 0.724638 0.681250 0.042626 0.151136
0 361 0.863171 0.664773 0.043478 0.134091
0 362 0.857630 0.780114 0.035806 0.144318
0 363 0.938193 0.758523 0.045183 0.130682
0 364 0.843137 0.686932 0.039216 0.135227
0 365 0.561807 0.536932 0.051151 0.139773
0 367 0.537084 0.546023 0.040921 0.135227
0 368 0.241262 0.348864 0.034101 0.120455
0 369 0.495311 0.177273 0.030691 0.090909
0 370 0.156010 0.060795 0.030691 0.087500
0 371 0.359761 0.082386 0.025575 0.089773
0 372 0.389599 0.060795 0.025575 0.087500
0 374 0.817562 0.393182 0.039216 0.118182
0 376 0.221654 0.116477 0.027280 0.089773
0 377 0.721228 0.390909 0.051151 0.131818
0 378 0.875533 0.443182 0.042626 0.125000
0 379 0.509804 0.467045 0.034101 0.118182
0 381 0.815857 0.397727 0.042626 0.104545
0 382 0.811594 0.659659 0.042626 0.137500
0 383 0.523870 0.175000 0.033248 0.093182
0 390 0.485507 0.610795 0.038363 0.142045
0 391 0.549872 0.467614 0.042626 0.128409
0 392 0.195226 0.535227 0.034101 0.118182
0 393 0.586530 0.460795 0.037511 0.110227
0 394 0.745524 0.507386 0.038363 0.126136
0 395 0.771526 0.526705 0.040921 0.137500
0 396 0.747656 0.260795 0.034101 0.114773
0 397 0.462916 0.104545 0.028986 0.090909
0 398 0.487212 0.101136 0.024723 0.100000
0 399 0.525149 0.129545 0.028986 0.093182
0 400 0.549872 0.143182 0.030691 0.100000
0 401 0.288150 0.007955 0.023870 0.013636
0 402 0.322677 0.007955 0.028133 0.013636
0 444 0.698636 0.300000 0.034953 0.125000
0 445 0.561381 0.365341 0.041773 0.121591
0 446 0.710997 0.265909 0.039216 0.097727
0 451 0.561381 0.047727 0.031543 0.093182
0 453 0.787298 0.130114 0.028133 0.060227
0 454 0.730179 0.278977 0.038363 0.119318
0 554 0.676897 0.978977 0.037511 0.039773
0 555 0.716965 0.978977 0.032396 0.044318
0 556 0.846121 0.905682 0.052003 0.161364
0 557 0.898551 0.814773 0.047741 0.161364
0 558 0.934356 0.828409 0.037511 0.125000
0 559 0.685422 0.663068 0.047741 0.142045
0 565 0.225490 0.247159 0.034953 0.110227
0 566 0.456948 0.459091 0.042626 0.131818
0 568 0.115942 0.509091 0.032396 0.104545
0 569 0.146633 0.507386 0.035806 0.130682
0 570 0.173487 0.519318 0.034953 0.097727
0 572 0.206309 0.345455 0.035806 0.118182
0 573 0.419437 0.447727 0.035806 0.125000
0 574 0.279625 0.230114 0.037511 0.117045
0 575 0.151748 0.147727 0.032396 0.097727
0 576 0.442882 0.147159 0.034953 0.082955
0 577 0.515772 0.089205 0.032396 0.101136
0 578 0.450128 0.194886 0.030691 0.103409
0 579 0.476556 0.202273 0.032396 0.097727
0 580 0.157289 0.087500 0.028133 0.104545
0 581 0.046036 0.041477 0.039216 0.080682
0 583 0.324808 0.147159 0.030691 0.087500
0 584 0.491901 0.211364 0.034101 0.104545
0 585 0.770673 0.397727 0.042626 0.125000
0 586 0.388747 0.081250 0.028986 0.094318
0 587 0.482950 0.081818 0.031543 0.093182
0 588 0.478261 0.486932 0.039216 0.135227
0 589 0.137255 0.052273 0.025575 0.090909
0 604 0.292839 0.826705 0.050298 0.148864
0 606 0.898977 0.967045 0.046888 0.063636
0 610 0.909633 0.714205 0.039216 0.139773
0 613 0.795396 0.202273 0.030691 0.097727
0 614 0.345695 0.018182 0.031543 0.034091
0 620 0.643649 0.821591 0.047741 0.154545
0 622 0.013214 0.432386 0.024723 0.128409
0 623 0.284740 0.732386 0.046036 0.155682
0 625 0.627025 0.691477 0.034953 0.137500
0 626 0.473146 0.547727 0.034101 0.104545
0 628 0.294544 0.411364 0.034953 0.125000
0 630 0.007673 0.544318 0.013640 0.129545
0 633 0.043052 0.461932 0.041773 0.128409
0 634 0.343990 0.777841 0.041773 0.144318
0 635 0.085251 0.452273 0.040921 0.118182
0 636 0.438193 0.265909 0.032396 0.111364
0 637 0.580563 0.667614 0.040921 0.135227
0 640 0.447570 0.543182 0.037511 0.138636
0 641 0.153453 0.111364 0.023870 0.084091
0 647 0.490622 0.514205 0.034953 0.121591
0 648 0.561807 0.593750 0.042626 0.148864
0 649 0.325661 0.409659 0.032396 0.128409
0 650 0.090367 0.316477 0.040921 0.114773
0 651 0.393436 0.359091 0.034953 0.111364
0 652 0.132992 0.424432 0.037511 0.121591
0 653 0.291560 0.366477 0.035806 0.121591
0 654 0.330776 0.276705 0.032396 0.112500
0 656 0.360614 0.273864 0.037511 0.111364
0 657 0.435635 0.357955 0.039216 0.118182
0 658 0.370844 0.353977 0.034101 0.121591
0 659 0.410060 0.257955 0.030691 0.106818
0 660 0.388321 0.280682 0.031543 0.106818
0 661 0.293691 0.288068 0.036658 0.123864
0 662 0.526428 0.209659 0.034953 0.103409
0 665 0.741688 0.440909 0.039216 0.111364
0 666 0.856777 0.306250 0.030691 0.117045
0 667 0.867008 0.526136 0.042626 0.134091
0 671 0.834186 0.304545 0.034953 0.120455
0 678 0.867860 0.490909 0.040921 0.125000
0 679 0.820119 0.521023 0.039216 0.128409
0 682 0.017903 0.573864 0.034101 0.138636
0 683 0.516624 0.522727 0.037511 0.129545
0 684 0.399829 0.663068 0.046036 0.137500
0 686 0.528559 0.507386 0.032396 0.110227
0 687 0.458653 0.631818 0.037511 0.131818
0 688 0.422847 0.206250 0.025575 0.087500
