0 178 0.367008 0.972727 0.038363 0.054545
0 180 0.420716 0.973864 0.041773 0.054545
0 191 0.069906 0.672727 0.042626 0.138636
0 198 0.479966 0.952841 0.046036 0.085227
0 199 0.468031 0.965909 0.044331 0.068182
0 200 0.018755 0.681818 0.035806 0.138636
0 201 0.104859 0.693182 0.046036 0.152273
0 202 0.134697 0.643750 0.039216 0.128409
0 203 0.323529 0.960795 0.045183 0.080682
0 204 0.716539 0.962500 0.055413 0.077273
0 205 0.774936 0.960795 0.047741 0.080682
0 206 0.588235 0.868182 0.051151 0.159091
0 212 0.620631 0.745455 0.046036 0.152273
0 213 0.415175 0.714205 0.039216 0.139773
0 214 0.462916 0.710227 0.042626 0.145455
0 215 0.319267 0.614773 0.036658 0.134091
0 216 0.282609 0.593750 0.041773 0.130682
0 217 0.246803 0.622727 0.041773 0.129545
0 218 0.056266 0.618750 0.032396 0.135227
0 221 0.419437 0.601705 0.039216 0.135227
0 222 0.451833 0.605114 0.034101 0.130682
0 223 0.373828 0.744318 0.045183 0.145455
0 224 0.375107 0.477841 0.037511 0.123864
0 225 0.192668 0.461932 0.035806 0.128409
0 226 0.217391 0.478977 0.046036 0.128409
0 229 0.756181 0.506250 0.044331 0.130682
0 230 0.650043 0.756818 0.043478 0.131818
0 231 0.356777 0.411932 0.038363 0.128409
0 232 0.321398 0.414773 0.034101 0.122727
0 236 0.907502 0.082386 0.031543 0.096591
0 237 0.829923 0.703409 0.048593 0.136364
0 238 0.947997 0.850568 0.052856 0.148864
0 239 0.951833 0.715909 0.040068 0.147727
0 244 0.566496 0.472159 0.041773 0.114773
0 245 0.437340 0.482955 0.037511 0.118182
0 246 0.470588 0.488636 0.039216 0.134091
0 247 0.494032 0.618750 0.038363 0.117045
0 329 0.320546 0.038068 0.032396 0.073864
0 331 0.812873 0.313636 0.041773 0.104545
0 332 0.107843 0.981818 0.036658 0.036364
0 333 0.281330 0.974432 0.046036 0.053409
0 334 0.211424 0.982955 0.046036 0.036364
0 335 0.237425 0.960795 0.048593 0.080682
0 336 0.149190 0.927273 0.042626 0.145455
0 337 0.185848 0.931818 0.042626 0.138636
0 343 0.283035 0.021023 0.027280 0.039773
0 344 0.798806 0.198864 0.032396 0.106818
0 345 0.803922 0.168750 0.037511 0.107955
0 346 0.854220 0.152273 0.035806 0.118182
0 347 0.833333 0.168750 0.031543 0.114773
0 348 0.822677 0.032955 0.035806 0.063636
0 355 0.700767 0.306250 0.034101 0.110227
0 356 0.552003 0.214773 0.031543 0.106818
0 357 0.582268 0.202841 0.037511 0.114773
0 358 0.771952 0.300000 0.038363 0.104545
0 359 0.731458 0.315341 0.034101 0.114773
0 360 0.763427 0.444318 0.038363 0.131818
0 361 0.771952 0.384659 0.031543 0.117045
0 362 0.763427 0.478409 0.034953 0.104545
0 363 0.822677 0.468750 0.037511 0.119318
0 364 0.760017 0.407955 0.038363 0.118182
0 365 0.575021 0.310227 0.038363 0.120455
0 367 0.548593 0.306818 0.034953 0.113636
0 368 0.393009 0.184659 0.030691 0.101136
0 369 0.500853 0.048864 0.026428 0.079545
0 371 0.374254 0.009091 0.025575 0.015909
0 373 0.375107 0.946023 0.051151 0.110227
0 374 0.846547 0.237500 0.039216 0.104545
0 375 0.797528 0.505114 0.029838 0.080682
0 376 0.271952 0.014773 0.027280 0.027273
0 377 0.765132 0.225568 0.045183 0.114773
0 378 0.837170 0.284659 0.042626 0.107955
0 379 0.569054 0.260227 0.036658 0.104545
0 381 0.838022 0.261932 0.039216 0.105682
0 382 0.722506 0.385795 0.041773 0.112500
0 383 0.518329 0.051705 0.028986 0.085227
0 391 0.595055 0.254545 0.037511 0.106818
0 536 0.034101 0.952841 0.030691 0.094318
0 537 0.056266 0.956818 0.040921 0.088636
0 538 0.701620 0.831250 0.044331 0.142045
0 539 0.759591 0.821591 0.044331 0.143182
0 540 0.815857 0.794886 0.040921 0.155682
0 554 0.583973 0.678409 0.039216 0.145455
0 555 0.615942 0.676705 0.038363 0.135227
0 556 0.758738 0.606818 0.040921 0.152273
0 557 0.803069 0.511932 0.037511 0.139773
0 558 0.841006 0.526136 0.034953 0.118182
0 559 0.720801 0.418750 0.041773 0.112500
0 565 0.273657 0.098295 0.030691 0.101136
0 566 0.502984 0.285795 0.042626 0.117045
0 568 0.318841 0.317614 0.032396 0.101136
0 569 0.336743 0.317614 0.035806 0.114773
0 570 0.358056 0.322727 0.035806 0.090909
0 572 0.353794 0.188636 0.035806 0.104545
0 573 0.472293 0.255114 0.035806 0.110227
0 574 0.326513 0.077841 0.030691 0.098864
0 575 0.227621 0.022159 0.028986 0.042045
0 576 0.242540 0.288636 0.031543 0.106818
0 577 0.534527 0.006818 0.032396 0.011364
0 578 0.453964 0.041477 0.031543 0.080682
0 579 0.476130 0.043750 0.031543 0.082955
0 580 0.256181 0.010795 0.028133 0.019318
0 583 0.335465 0.037500 0.031543 0.072727
0 584 0.509804 0.076136 0.030691 0.097727
0 585 0.801790 0.222727 0.038363 0.109091
0 586 0.395993 0.010227 0.028133 0.018182
0 587 0.461211 0.010227 0.027280 0.018182
0 588 0.537084 0.262500 0.035806 0.104545
0 597 0.163257 0.780114 0.045183 0.135227
0 599 0.479966 0.799432 0.042626 0.155682
0 600 0.521313 0.813068 0.038363 0.157955
0 602 0.719949 0.746591 0.041773 0.156818
0 603 0.017477 0.603977 0.033248 0.126136
0 604 0.222506 0.559659 0.040921 0.121591
0 605 0.913043 0.927273 0.054561 0.147727
0 606 0.782609 0.700000 0.047741 0.154545
0 607 0.861040 0.690909 0.040921 0.156818
0 608 0.887894 0.683523 0.040068 0.151136
0 609 0.894288 0.618182 0.042626 0.140909
0 610 0.836317 0.423864 0.037511 0.127273
0 613 0.424126 0.246023 0.029838 0.096591
0 614 0.013640 0.033523 0.025575 0.064773
0 616 0.076726 0.459659 0.042626 0.110227
0 618 0.014919 0.538068 0.028133 0.114773
0 620 0.558397 0.605682 0.040921 0.140909
0 622 0.127877 0.250568 0.037511 0.114773
0 623 0.244672 0.426136 0.037511 0.129545
0 625 0.479540 0.448295 0.031543 0.121591
0 626 0.441603 0.347727 0.034101 0.100000
0 628 0.354220 0.253977 0.034953 0.114773
0 629 0.002984 0.369318 0.004263 0.113636
0 630 0.094629 0.328977 0.037511 0.114773
0 631 0.051151 0.422159 0.037511 0.121591
0 633 0.134697 0.279545 0.040921 0.113636
0 634 0.276641 0.455682 0.041773 0.125000
0 635 0.168798 0.279545 0.035806 0.118182
0 636 0.475703 0.135795 0.032396 0.094318
0 637 0.446718 0.424432 0.035806 0.121591
0 640 0.411765 0.330114 0.037511 0.114773
0 641 0.273231 0.013636 0.028133 0.025000
0 647 0.445439 0.314773 0.034953 0.106818
0 648 0.538789 0.367614 0.040921 0.128409
0 649 0.380222 0.247159 0.032396 0.105682
0 650 0.225064 0.146023 0.039216 0.096591
0 651 0.449702 0.207386 0.028133 0.092045
0 652 0.201194 0.262500 0.032396 0.113636
0 653 0.328218 0.200568 0.035806 0.107955
0 654 0.379369 0.130114 0.032396 0.098864
0 655 0.043905 0.086364 0.034953 0.100000
0 656 0.409633 0.131818 0.034953 0.102273
0 657 0.490196 0.169886 0.030691 0.107955
0 658 0.427110 0.209659 0.035806 0.107955
0 659 0.456095 0.124432 0.030691 0.101136
0 660 0.433078 0.138636 0.028986 0.097727
0 661 0.370418 0.104545 0.034953 0.102273
0 662 0.530264 0.077273 0.032396 0.097727
0 665 0.825661 0.259091 0.034953 0.111364
0 666 0.889173 0.162500 0.030691 0.097727
0 667 0.854220 0.346591 0.042626 0.118182
0 671 0.871697 0.153977 0.034953 0.107955
0 678 0.843990 0.328977 0.042626 0.123864
0 679 0.816283 0.339773 0.041773 0.115909
0 680 0.682864 0.697159 0.052856 0.162500
0 681 0.966752 0.928409 0.047741 0.145455
0 682 0.118500 0.342614 0.046036 0.114773
0 683 0.470162 0.321591 0.031543 0.113636
0 684 0.392157 0.407955 0.039216 0.115909
0 685 0.630009 0.872159 0.049446 0.162500
0 686 0.486786 0.313068 0.030691 0.101136
0 687 0.445865 0.383523 0.039216 0.117045
0 688 0.442455 0.085795 0.023870 0.073864
0 701 0.022165 0.512500 0.039216 0.118182
