0 178 0.361893 0.978409 0.034953 0.045455
0 180 0.416880 0.982386 0.039216 0.037500
0 191 0.067775 0.684659 0.043478 0.142045
0 198 0.477835 0.963636 0.045183 0.075000
0 199 0.463768 0.976705 0.037511 0.048864
0 200 0.016624 0.696591 0.031543 0.143182
0 201 0.098465 0.709091 0.045183 0.154545
0 202 0.135550 0.659091 0.039216 0.131818
0 203 0.318841 0.972159 0.042626 0.057955
0 204 0.725064 0.972159 0.053708 0.055682
0 205 0.785166 0.971023 0.047741 0.057955
0 206 0.591645 0.884659 0.051151 0.157955
0 212 0.627451 0.759091 0.046036 0.152273
0 213 0.416880 0.732955 0.039216 0.143182
0 214 0.463768 0.726705 0.042626 0.146591
0 215 0.318414 0.628409 0.034953 0.134091
0 216 0.288150 0.605682 0.040921 0.129545
0 217 0.248508 0.635227 0.043478 0.131818
0 218 0.049020 0.633523 0.033248 0.135227
0 221 0.422421 0.615341 0.038363 0.135227
0 222 0.457801 0.618182 0.034101 0.134091
0 223 0.382779 0.763068 0.044331 0.148864
0 224 0.375107 0.488068 0.037511 0.128409
0 225 0.187127 0.476705 0.034953 0.128409
0 226 0.210571 0.490341 0.046036 0.128409
0 229 0.752771 0.515341 0.044331 0.130682
0 230 0.658994 0.772159 0.044331 0.132955
0 231 0.354646 0.424432 0.037511 0.128409
0 232 0.321398 0.423864 0.034101 0.125000
0 236 0.910060 0.084091 0.024723 0.084091
0 237 0.830350 0.717045 0.047741 0.138636
0 238 0.956095 0.868182 0.050298 0.147727
0 239 0.956095 0.730114 0.038363 0.148864
0 244 0.561381 0.474432 0.041773 0.114773
0 245 0.436488 0.493182 0.037511 0.120455
0 246 0.468883 0.498864 0.039216 0.134091
0 247 0.492754 0.626705 0.039216 0.117045
0 329 0.319693 0.040341 0.032396 0.078409
0 331 0.812873 0.321591 0.041773 0.104545
0 332 0.107417 0.981818 0.035806 0.036364
0 333 0.281330 0.973864 0.046036 0.054545
0 334 0.210571 0.982955 0.046036 0.036364
0 335 0.237425 0.960795 0.048593 0.080682
0 336 0.149190 0.927273 0.042626 0.145455
0 337 0.185848 0.931818 0.042626 0.138636
0 340 0.417306 0.006818 0.028133 0.011364
0 343 0.276215 0.023295 0.027280 0.044318
0 344 0.798806 0.210227 0.032396 0.106818
0 345 0.802217 0.172159 0.037511 0.107955
0 346 0.854220 0.157955 0.035806 0.118182
0 347 0.830776 0.172159 0.031543 0.114773
0 348 0.821824 0.034659 0.035806 0.067045
0 355 0.702472 0.315341 0.034101 0.110227
0 356 0.541773 0.221591 0.031543 0.106818
0 357 0.578005 0.211932 0.037511 0.114773
0 358 0.772805 0.306818 0.038363 0.104545
0 359 0.736573 0.323295 0.034101 0.114773
0 360 0.770673 0.456818 0.037511 0.131818
0 361 0.777067 0.396023 0.031543 0.117045
0 362 0.768116 0.489773 0.034101 0.104545
0 363 0.824808 0.482386 0.038363 0.121591
0 364 0.767690 0.418182 0.038363 0.118182
0 365 0.574595 0.321591 0.039216 0.120455
0 367 0.546888 0.315909 0.034953 0.113636
0 368 0.385337 0.191477 0.030691 0.101136
0 369 0.500000 0.052841 0.026428 0.080682
0 371 0.371697 0.010227 0.025575 0.018182
0 373 0.370844 0.950000 0.051151 0.102273
0 374 0.840580 0.242045 0.039216 0.104545
0 375 0.801790 0.531250 0.029838 0.080682
0 376 0.262575 0.017045 0.027280 0.031818
0 377 0.755754 0.227841 0.045183 0.114773
0 378 0.834612 0.291477 0.042626 0.107955
0 379 0.565217 0.271023 0.035806 0.103409
0 381 0.832055 0.264205 0.040921 0.105682
0 382 0.729327 0.398864 0.041773 0.115909
0 383 0.517903 0.059091 0.029838 0.086364
0 391 0.593350 0.264773 0.037511 0.109091
0 536 0.036658 0.954545 0.030691 0.090909
0 537 0.056266 0.958523 0.040921 0.085227
0 538 0.705882 0.853409 0.046036 0.145455
0 539 0.763427 0.847727 0.045183 0.147727
0 540 0.816709 0.813068 0.040921 0.155682
0 554 0.586957 0.691477 0.040068 0.144318
0 555 0.622336 0.689205 0.039216 0.135227
0 556 0.758738 0.620455 0.040921 0.152273
0 557 0.800938 0.527273 0.038363 0.145455
0 558 0.841432 0.540341 0.037511 0.121591
0 559 0.728048 0.432955 0.042626 0.111364
0 565 0.270673 0.105114 0.031543 0.101136
0 566 0.500426 0.294886 0.042626 0.117045
0 568 0.311168 0.326136 0.032396 0.104545
0 569 0.329071 0.325568 0.035806 0.114773
0 570 0.348679 0.335227 0.035806 0.090909
0 572 0.346974 0.194318 0.035806 0.104545
0 573 0.467178 0.263636 0.035806 0.111364
0 574 0.325661 0.081818 0.032396 0.102273
0 575 0.220801 0.025000 0.028986 0.047727
0 576 0.246377 0.281818 0.032396 0.106818
0 577 0.537084 0.010227 0.032396 0.018182
0 578 0.451833 0.047159 0.032396 0.092045
0 579 0.473572 0.047727 0.031543 0.086364
0 580 0.249361 0.014205 0.028133 0.026136
0 583 0.335038 0.041477 0.032396 0.076136
0 584 0.508099 0.080682 0.030691 0.097727
0 585 0.797101 0.231250 0.039216 0.112500
0 586 0.392583 0.012500 0.028133 0.022727
0 587 0.462063 0.013068 0.027280 0.023864
0 588 0.533674 0.271591 0.035806 0.104545
0 597 0.152600 0.794886 0.044331 0.135227
0 599 0.485934 0.821023 0.042626 0.155682
0 600 0.532822 0.833523 0.039216 0.157955
0 602 0.728048 0.761932 0.042626 0.157955
0 603 0.012361 0.619318 0.023018 0.129545
0 604 0.222506 0.572727 0.040921 0.122727
0 605 0.919011 0.937500 0.054561 0.127273
0 606 0.780051 0.714773 0.047741 0.154545
0 607 0.863598 0.707955 0.040921 0.159091
0 608 0.888747 0.701136 0.041773 0.154545
0 609 0.898551 0.636364 0.042626 0.140909
0 610 0.837170 0.437500 0.037511 0.127273
0 613 0.441176 0.243182 0.031543 0.097727
0 614 0.026854 0.032386 0.031543 0.062500
0 616 0.070332 0.468750 0.041773 0.110227
0 618 0.011083 0.549432 0.020460 0.114773
0 620 0.559250 0.618182 0.040921 0.140909
0 622 0.120205 0.259659 0.037511 0.114773
0 623 0.244672 0.438636 0.037511 0.131818
0 625 0.478687 0.462500 0.031543 0.125000
0 626 0.439898 0.354545 0.034101 0.100000
0 628 0.351662 0.259659 0.034953 0.114773
0 630 0.088662 0.338068 0.037511 0.114773
0 631 0.038363 0.438068 0.037511 0.121591
0 633 0.130009 0.287500 0.041773 0.115909
0 634 0.272805 0.469318 0.040921 0.125000
0 635 0.163683 0.288636 0.035806 0.118182
0 636 0.473146 0.140341 0.032396 0.094318
0 637 0.448423 0.433523 0.035806 0.121591
0 640 0.411765 0.339773 0.037511 0.118182
0 641 0.264280 0.016477 0.027280 0.030682
0 647 0.447570 0.323864 0.035806 0.106818
0 648 0.537084 0.375568 0.040921 0.128409
0 649 0.376812 0.255114 0.032396 0.107955
0 650 0.219096 0.152841 0.039216 0.096591
0 651 0.445439 0.215341 0.028133 0.094318
0 652 0.196931 0.268182 0.032396 0.113636
0 653 0.327366 0.209659 0.035806 0.110227
0 654 0.376812 0.136364 0.032396 0.102273
0 655 0.030264 0.092045 0.034953 0.100000
0 656 0.407928 0.140341 0.033248 0.103409
0 657 0.485934 0.176705 0.030691 0.107955
0 658 0.420290 0.215341 0.035806 0.107955
0 659 0.452685 0.130114 0.030691 0.101136
0 660 0.429668 0.145455 0.028986 0.097727
0 661 0.363171 0.110227 0.035806 0.100000
0 662 0.529412 0.084091 0.032396 0.097727
0 665 0.814152 0.267045 0.035806 0.111364
0 666 0.888321 0.169318 0.030691 0.100000
0 667 0.852515 0.352273 0.042626 0.118182
0 671 0.869991 0.158523 0.034953 0.107955
0 678 0.843137 0.334659 0.042626 0.123864
0 679 0.816709 0.348295 0.040921 0.117045
0 680 0.693095 0.711932 0.052856 0.162500
0 681 0.969736 0.940909 0.050298 0.120455
0 682 0.115516 0.351705 0.045183 0.114773
0 683 0.471867 0.332955 0.031543 0.113636
0 684 0.390452 0.415341 0.039216 0.119318
0 685 0.635124 0.892045 0.049446 0.161364
0 686 0.487639 0.323295 0.030691 0.101136
0 687 0.443734 0.396023 0.038363 0.121591
0 688 0.441176 0.092045 0.024723 0.077273
0 701 0.014919 0.523864 0.028133 0.120455
