0 191 0.057118 0.760227 0.046036 0.152273
0 201 0.054561 0.830114 0.051151 0.155682
0 202 0.135550 0.791477 0.037511 0.142045
0 206 0.624041 0.975568 0.051151 0.051136
0 212 0.684996 0.887500 0.046888 0.150000
0 213 0.453538 0.877273 0.046036 0.152273
0 214 0.489344 0.863636 0.046036 0.152273
0 215 0.343564 0.738636 0.042626 0.147727
0 216 0.310315 0.707386 0.047741 0.137500
0 217 0.274510 0.738636 0.051151 0.131818
0 218 0.011935 0.753409 0.022165 0.140909
0 221 0.479540 0.732955 0.038363 0.152273
0 222 0.512361 0.736364 0.046036 0.152273
0 223 0.406650 0.912500 0.044331 0.136364
0 224 0.383205 0.584091 0.038363 0.134091
0 225 0.132140 0.566477 0.040921 0.135227
0 226 0.160273 0.576705 0.046036 0.128409
0 229 0.747656 0.609091 0.046036 0.152273
0 230 0.725490 0.901136 0.044331 0.150000
0 231 0.340153 0.521023 0.037511 0.128409
0 232 0.299233 0.517614 0.039216 0.123864
0 234 0.101023 0.498864 0.038363 0.138636
0 236 0.873402 0.045455 0.024723 0.084091
0 237 0.850810 0.825000 0.049446 0.140909
0 244 0.505541 0.512500 0.042626 0.113636
0 245 0.442882 0.586932 0.038363 0.135227
0 246 0.479113 0.594318 0.040921 0.136364
0 247 0.546888 0.710795 0.045183 0.128409
0 329 0.310315 0.071023 0.030691 0.101136
0 331 0.807332 0.392045 0.042626 0.104545
0 332 0.104859 0.991477 0.035806 0.019318
0 333 0.281756 0.971591 0.045183 0.059091
0 334 0.204604 0.978409 0.044331 0.045455
0 335 0.235720 0.959659 0.048593 0.082955
0 336 0.147059 0.926136 0.043478 0.147727
0 337 0.182438 0.930114 0.042626 0.142045
0 338 0.430520 0.023295 0.025575 0.044318
0 340 0.413470 0.025568 0.028986 0.048864
0 342 0.345695 0.011364 0.028133 0.020455
0 343 0.234868 0.050568 0.028133 0.078409
0 344 0.791134 0.303977 0.035806 0.107955
0 345 0.804774 0.210795 0.039216 0.117045
0 346 0.857630 0.214773 0.035806 0.118182
0 347 0.814152 0.218750 0.032396 0.114773
0 348 0.829071 0.052841 0.034953 0.092045
0 355 0.720375 0.382955 0.039216 0.125000
0 356 0.498295 0.282955 0.033248 0.111364
0 357 0.542626 0.279545 0.038363 0.118182
0 358 0.802643 0.357955 0.038363 0.104545
0 359 0.768542 0.385795 0.040068 0.121591
0 360 0.755328 0.546591 0.037511 0.131818
0 361 0.817136 0.499432 0.028133 0.117045
0 362 0.796249 0.590909 0.034101 0.104545
0 363 0.849531 0.587500 0.040068 0.131818
0 364 0.799659 0.520455 0.039216 0.118182
0 365 0.560955 0.398864 0.046036 0.120455
0 367 0.533674 0.405682 0.040921 0.120455
0 368 0.326939 0.257386 0.034953 0.114773
0 369 0.497016 0.102273 0.027280 0.088636
0 370 0.272805 0.018182 0.023870 0.034091
0 371 0.360614 0.031818 0.025575 0.061364
0 372 0.397698 0.024432 0.024723 0.046591
0 374 0.818841 0.300568 0.038363 0.103409
0 375 0.835038 0.640909 0.024723 0.104545
0 376 0.252344 0.042045 0.027280 0.077273
0 377 0.711424 0.286932 0.052003 0.114773
0 378 0.824382 0.356818 0.042626 0.125000
0 379 0.554135 0.350568 0.034101 0.107955
0 381 0.807332 0.309091 0.042626 0.104545
0 382 0.779199 0.492614 0.040921 0.114773
0 383 0.524723 0.105682 0.033248 0.093182
0 390 0.553282 0.509091 0.037511 0.131818
0 391 0.578858 0.346023 0.039216 0.123864
0 395 0.695652 0.391477 0.034101 0.121591
0 396 0.728048 0.197727 0.034101 0.113636
0 397 0.559250 0.038068 0.028986 0.073864
0 398 0.575448 0.050568 0.023870 0.094318
0 539 0.838448 0.966477 0.052003 0.069318
0 540 0.881500 0.948864 0.040921 0.104545
0 554 0.614663 0.826136 0.044331 0.154545
0 555 0.662830 0.823295 0.045183 0.157955
0 556 0.792839 0.733523 0.049446 0.160227
0 557 0.811168 0.634659 0.045183 0.155682
0 558 0.865729 0.647727 0.038363 0.131818
0 559 0.730605 0.522159 0.042626 0.126136
0 565 0.250639 0.163068 0.030691 0.101136
0 566 0.480392 0.358523 0.041773 0.121591
0 568 0.237852 0.396591 0.032396 0.104545
0 569 0.261722 0.393750 0.034101 0.114773
0 570 0.287298 0.409091 0.034101 0.090909
0 572 0.292839 0.253977 0.034953 0.114773
0 573 0.433930 0.331818 0.035806 0.111364
0 574 0.317136 0.138636 0.034101 0.104545
0 575 0.188406 0.062500 0.027280 0.090909
0 576 0.303495 0.207955 0.028986 0.084091
0 577 0.543905 0.035795 0.032396 0.069318
0 578 0.448423 0.099432 0.030691 0.094318
0 579 0.473572 0.109091 0.031543 0.086364
0 580 0.210145 0.042614 0.028133 0.082955
0 581 0.197357 0.007955 0.034953 0.013636
0 583 0.332481 0.084659 0.030691 0.087500
0 584 0.498721 0.126136 0.032396 0.102273
0 585 0.769821 0.294886 0.042626 0.121591
0 586 0.386616 0.032955 0.028133 0.063636
0 587 0.471441 0.033523 0.028986 0.064773
0 588 0.522592 0.354545 0.037511 0.104545
0 589 0.255754 0.019886 0.023870 0.037500
0 597 0.076300 0.922159 0.050298 0.137500
0 599 0.524723 0.946023 0.041773 0.107955
0 600 0.563512 0.957386 0.039216 0.085227
0 602 0.774084 0.902841 0.047741 0.155682
0 604 0.248934 0.677273 0.042626 0.138636
0 606 0.815004 0.835227 0.040921 0.170455
0 607 0.912191 0.852841 0.042626 0.160227
0 608 0.940750 0.833523 0.040068 0.164773
0 609 0.927536 0.787500 0.047741 0.156818
0 610 0.873828 0.536932 0.039216 0.126136
0 613 0.583973 0.215909 0.032396 0.097727
0 614 0.158568 0.022727 0.032396 0.043182
0 615 0.014919 0.574432 0.028133 0.123864
0 616 0.026428 0.520455 0.042626 0.120455
0 620 0.576726 0.696023 0.043478 0.142045
0 622 0.072464 0.331250 0.037511 0.128409
0 623 0.226769 0.557955 0.039216 0.145455
0 625 0.526428 0.551136 0.040068 0.125000
0 626 0.451833 0.429545 0.035806 0.113636
0 628 0.329071 0.322159 0.034101 0.114773
0 630 0.059676 0.414773 0.046036 0.125000
0 631 0.008099 0.535227 0.014493 0.125000
0 633 0.087809 0.356250 0.042626 0.117045
0 634 0.282182 0.586364 0.042626 0.138636
0 635 0.127877 0.348864 0.040921 0.118182
0 636 0.455243 0.186932 0.030691 0.094318
0 637 0.465473 0.517614 0.035806 0.121591
0 640 0.422847 0.424432 0.039216 0.128409
0 641 0.219096 0.051136 0.023870 0.081818
0 647 0.463768 0.402841 0.035806 0.121591
0 648 0.537937 0.461932 0.040921 0.135227
0 649 0.360614 0.319318 0.032396 0.120455
0 650 0.157715 0.211364 0.040921 0.097727
0 651 0.418585 0.271591 0.035806 0.097727
0 652 0.180733 0.330114 0.037511 0.114773
0 653 0.346974 0.272159 0.035806 0.121591
0 654 0.357204 0.193750 0.032396 0.103409
0 656 0.384910 0.193182 0.031543 0.111364
0 657 0.465899 0.250000 0.038363 0.118182
0 658 0.398124 0.264773 0.034101 0.106818
0 659 0.433078 0.180682 0.030691 0.102273
0 660 0.410912 0.196023 0.032396 0.103409
0 661 0.311168 0.180114 0.034101 0.114773
0 662 0.528559 0.132386 0.032396 0.103409
0 665 0.753623 0.331250 0.035806 0.110227
0 666 0.878943 0.226705 0.030691 0.107955
0 667 0.854220 0.417045 0.042626 0.118182
0 671 0.855072 0.223295 0.035806 0.107955
0 678 0.847400 0.399432 0.042626 0.123864
0 679 0.812020 0.414205 0.038363 0.121591
0 680 0.771100 0.847727 0.052003 0.154545
0 682 0.089514 0.442614 0.046036 0.128409
0 683 0.490196 0.408523 0.032396 0.121591
0 684 0.375959 0.509091 0.044331 0.120455
0 685 0.682864 0.978409 0.040921 0.045455
0 686 0.501705 0.397159 0.031543 0.107955
0 687 0.427110 0.494886 0.037511 0.128409
0 688 0.435635 0.142045 0.025575 0.086364
