0 178 0.357630 0.980682 0.034953 0.040909
0 180 0.414322 0.988636 0.034101 0.025000
0 191 0.066070 0.693182 0.043478 0.143182
0 198 0.476130 0.970455 0.040068 0.061364
0 199 0.460784 0.983523 0.031543 0.035227
0 200 0.014919 0.708523 0.028133 0.146591
0 201 0.092498 0.719318 0.046888 0.154545
0 202 0.136829 0.670455 0.038363 0.134091
0 203 0.315431 0.978409 0.040921 0.045455
0 204 0.735720 0.978977 0.049446 0.039773
0 205 0.793691 0.978977 0.047741 0.042045
0 206 0.594203 0.897159 0.051151 0.157955
0 212 0.632566 0.769318 0.046036 0.152273
0 213 0.418159 0.747159 0.038363 0.146591
0 214 0.465899 0.739773 0.043478 0.147727
0 215 0.320119 0.638636 0.034953 0.134091
0 216 0.291560 0.615341 0.040921 0.128409
0 217 0.251918 0.645455 0.045183 0.131818
0 218 0.043478 0.644886 0.034101 0.135227
0 221 0.424552 0.625568 0.037511 0.135227
0 222 0.462916 0.627841 0.034101 0.135227
0 223 0.389173 0.776136 0.045183 0.150000
0 224 0.375533 0.496023 0.038363 0.130682
0 225 0.182864 0.488068 0.034953 0.128409
0 226 0.206309 0.500568 0.046036 0.128409
0 229 0.750213 0.523295 0.044331 0.130682
0 230 0.667093 0.781818 0.045183 0.136364
0 231 0.352941 0.434659 0.037511 0.128409
0 232 0.321398 0.430682 0.034101 0.127273
0 236 0.906650 0.080682 0.024723 0.084091
0 237 0.830776 0.725000 0.048593 0.138636
0 238 0.965047 0.882955 0.047741 0.147727
0 239 0.959506 0.741477 0.038363 0.148864
0 244 0.557118 0.474432 0.041773 0.114773
0 245 0.436488 0.500568 0.037511 0.123864
0 246 0.468883 0.506818 0.039216 0.134091
0 247 0.495311 0.633523 0.039216 0.117045
0 329 0.319267 0.042614 0.031543 0.080682
0 331 0.812873 0.327273 0.041773 0.104545
0 332 0.106564 0.982386 0.035806 0.035227
0 333 0.281330 0.973295 0.046036 0.055682
0 334 0.210571 0.982955 0.046036 0.036364
0 335 0.237425 0.960795 0.048593 0.080682
0 336 0.149190 0.926705 0.042626 0.146591
0 337 0.184996 0.931818 0.042626 0.138636
0 340 0.416454 0.007955 0.028133 0.013636
0 343 0.271100 0.025000 0.027280 0.047727
0 344 0.798806 0.219318 0.032396 0.106818
0 345 0.800512 0.175568 0.037511 0.107955
0 346 0.853794 0.162500 0.034953 0.118182
0 347 0.829071 0.176705 0.031543 0.114773
0 348 0.822677 0.035795 0.035806 0.069318
0 355 0.704177 0.322159 0.034101 0.110227
0 356 0.534101 0.226136 0.031543 0.106818
0 357 0.574595 0.218750 0.037511 0.114773
0 358 0.774510 0.311364 0.038363 0.104545
0 359 0.739983 0.328977 0.034101 0.114773
0 360 0.774084 0.465909 0.037511 0.131818
0 361 0.781330 0.405114 0.031543 0.117045
0 362 0.772379 0.501136 0.034101 0.104545
0 363 0.826087 0.492614 0.037511 0.123864
0 364 0.774510 0.426136 0.038363 0.118182
0 365 0.573743 0.328977 0.039216 0.119318
0 367 0.545610 0.323295 0.035806 0.114773
0 368 0.379369 0.197159 0.030691 0.101136
0 369 0.499574 0.055114 0.027280 0.080682
0 371 0.369991 0.011364 0.025575 0.020455
0 373 0.367860 0.953409 0.052003 0.095455
0 374 0.837170 0.245455 0.039216 0.104545
0 375 0.804774 0.548295 0.028986 0.080682
0 376 0.255754 0.018750 0.027280 0.035227
0 377 0.748934 0.231250 0.045183 0.114773
0 378 0.830350 0.294886 0.042626 0.112500
0 379 0.562660 0.279545 0.035806 0.104545
0 381 0.829071 0.267045 0.041773 0.104545
0 382 0.734442 0.409091 0.041773 0.118182
0 383 0.517903 0.064773 0.029838 0.088636
0 391 0.592072 0.272727 0.038363 0.111364
0 536 0.031117 0.957955 0.033248 0.084091
0 537 0.055413 0.959659 0.040921 0.082955
0 538 0.710145 0.869318 0.046036 0.147727
0 539 0.766837 0.861364 0.045183 0.147727
0 540 0.821824 0.826705 0.040921 0.155682
0 554 0.587383 0.702273 0.040921 0.145455
0 555 0.627451 0.699432 0.039216 0.135227
0 556 0.759591 0.629545 0.040921 0.152273
0 557 0.799233 0.536364 0.041773 0.150000
0 558 0.841432 0.547159 0.037511 0.121591
0 559 0.733163 0.443182 0.042626 0.111364
0 565 0.268542 0.110795 0.032396 0.101136
0 566 0.498721 0.301705 0.042626 0.117045
0 568 0.304348 0.332955 0.032396 0.104545
0 569 0.323956 0.331250 0.035806 0.114773
0 570 0.343564 0.344318 0.035806 0.090909
0 572 0.342711 0.198864 0.035806 0.104545
0 573 0.464621 0.270455 0.035806 0.111364
0 574 0.325234 0.084659 0.033248 0.103409
0 575 0.217391 0.027841 0.028986 0.053409
0 576 0.250639 0.276136 0.032396 0.106818
0 577 0.538789 0.012500 0.032396 0.022727
0 578 0.450980 0.051705 0.032396 0.094318
0 579 0.473572 0.054545 0.031543 0.086364
0 580 0.243819 0.016477 0.027280 0.030682
0 583 0.335465 0.046591 0.031543 0.079545
0 584 0.508099 0.085227 0.030691 0.097727
0 585 0.793265 0.238068 0.040068 0.114773
0 586 0.390026 0.014205 0.028133 0.026136
0 587 0.462063 0.014773 0.027280 0.027273
0 588 0.531117 0.278409 0.035806 0.104545
0 597 0.145780 0.805114 0.044331 0.135227
0 599 0.491049 0.838068 0.042626 0.155682
0 600 0.540921 0.848295 0.038363 0.157955
0 602 0.733163 0.775568 0.042626 0.157955
0 603 0.008951 0.632955 0.016198 0.134091
0 604 0.223359 0.582955 0.040921 0.125000
0 605 0.925831 0.944886 0.054561 0.112500
0 606 0.779199 0.726136 0.047741 0.154545
0 607 0.865729 0.721023 0.041773 0.162500
0 608 0.892157 0.713636 0.041773 0.156818
0 609 0.900682 0.649432 0.043478 0.142045
0 610 0.838875 0.447727 0.037511 0.127273
0 613 0.454817 0.239773 0.031543 0.097727
0 614 0.038363 0.031818 0.035806 0.061364
0 616 0.066070 0.474432 0.041773 0.110227
0 618 0.008099 0.556250 0.014493 0.114773
0 620 0.560102 0.627273 0.040921 0.140909
0 622 0.114237 0.266477 0.037511 0.114773
0 623 0.242114 0.448864 0.037511 0.131818
0 625 0.478261 0.472727 0.032396 0.127273
0 626 0.439045 0.360227 0.034101 0.100000
0 628 0.350810 0.265341 0.034953 0.114773
0 630 0.085251 0.346023 0.037511 0.114773
0 631 0.031969 0.448295 0.038363 0.121591
0 633 0.127025 0.293182 0.042626 0.115909
0 634 0.271952 0.480682 0.040921 0.125000
0 635 0.159847 0.294886 0.034953 0.117045
0 636 0.471441 0.144886 0.032396 0.094318
0 637 0.450554 0.440341 0.034953 0.121591
0 640 0.411765 0.347159 0.037511 0.121591
0 641 0.257033 0.018750 0.026428 0.035227
0 647 0.450128 0.330682 0.035806 0.106818
0 648 0.537084 0.382386 0.040921 0.128409
0 649 0.375107 0.260795 0.032396 0.107955
0 650 0.214834 0.158523 0.039216 0.096591
0 651 0.442455 0.221591 0.028986 0.095455
0 652 0.194373 0.272727 0.032396 0.113636
0 653 0.327366 0.218182 0.035806 0.113636
0 654 0.375107 0.141477 0.032396 0.103409
0 655 0.019608 0.097727 0.034101 0.100000
0 656 0.406650 0.146591 0.032396 0.104545
0 657 0.482950 0.182386 0.031543 0.107955
0 658 0.416880 0.218750 0.035806 0.107955
0 659 0.450128 0.134659 0.030691 0.101136
0 660 0.425831 0.147727 0.028133 0.097727
0 661 0.358056 0.118182 0.035806 0.106818
0 662 0.528559 0.087500 0.032396 0.097727
0 665 0.807332 0.271591 0.035806 0.111364
0 666 0.887468 0.174432 0.030691 0.101136
0 667 0.850810 0.356818 0.042626 0.118182
0 671 0.868286 0.165341 0.034953 0.107955
0 678 0.842285 0.339205 0.042626 0.123864
0 679 0.817136 0.354545 0.040068 0.118182
0 680 0.701194 0.723295 0.052003 0.162500
0 681 0.973572 0.950000 0.047741 0.102273
0 682 0.113384 0.358523 0.044331 0.114773
0 683 0.472293 0.340909 0.030691 0.113636
0 684 0.388747 0.421591 0.039216 0.120455
0 685 0.640665 0.906818 0.050298 0.159091
0 686 0.487639 0.331250 0.030691 0.101136
0 687 0.441603 0.405114 0.037511 0.123864
0 688 0.440324 0.097159 0.024723 0.078409
0 701 0.010230 0.532955 0.018755 0.122727
