0 191 0.057545 0.744318 0.045183 0.152273
0 201 0.059250 0.797159 0.052003 0.155682
0 202 0.145780 0.753977 0.037511 0.142045
0 206 0.614663 0.957386 0.051151 0.087500
0 212 0.668372 0.853977 0.044331 0.151136
0 213 0.443308 0.835795 0.046036 0.148864
0 214 0.482523 0.832955 0.046036 0.152273
0 215 0.340153 0.711364 0.042626 0.140909
0 216 0.302217 0.679545 0.048593 0.138636
0 217 0.275362 0.712500 0.051151 0.131818
0 218 0.017050 0.724432 0.032396 0.137500
0 221 0.462489 0.702273 0.038363 0.147727
0 222 0.498295 0.709091 0.043478 0.152273
0 223 0.404945 0.879545 0.044331 0.152273
0 224 0.379369 0.555114 0.039216 0.135227
0 225 0.143223 0.541477 0.035806 0.128409
0 226 0.172208 0.555114 0.046036 0.128409
0 229 0.747229 0.586364 0.045183 0.152273
0 230 0.708440 0.865341 0.044331 0.142045
0 231 0.345269 0.497159 0.037511 0.128409
0 232 0.303495 0.494318 0.039216 0.127273
0 234 0.069054 0.477841 0.037511 0.135227
0 236 0.882779 0.055682 0.024723 0.084091
0 237 0.842285 0.797727 0.052856 0.140909
0 239 0.988065 0.827841 0.023870 0.139773
0 244 0.520460 0.502273 0.041773 0.113636
0 245 0.437340 0.561932 0.039216 0.135227
0 246 0.475277 0.571023 0.040068 0.135227
0 247 0.533248 0.692614 0.045183 0.128409
0 329 0.313725 0.060795 0.030691 0.098864
0 331 0.798806 0.375000 0.042626 0.104545
0 332 0.105286 0.987500 0.034953 0.025000
0 333 0.281330 0.971591 0.046036 0.059091
0 334 0.205456 0.979545 0.044331 0.043182
0 335 0.236147 0.960227 0.047741 0.081818
0 336 0.147911 0.925568 0.041773 0.148864
0 337 0.183291 0.930682 0.042626 0.140909
0 338 0.430094 0.016477 0.024723 0.030682
0 340 0.414322 0.019886 0.028986 0.037500
0 342 0.351662 0.007386 0.028133 0.012500
0 343 0.242114 0.041477 0.028986 0.071591
0 344 0.792839 0.278977 0.035806 0.107955
0 345 0.801790 0.200000 0.038363 0.113636
0 346 0.855925 0.198864 0.035806 0.118182
0 347 0.818414 0.207386 0.032396 0.114773
0 348 0.825661 0.043750 0.034953 0.085227
0 355 0.711850 0.363636 0.037511 0.118182
0 356 0.503836 0.269318 0.032396 0.111364
0 357 0.549020 0.261932 0.037511 0.114773
0 358 0.792839 0.337500 0.039216 0.104545
0 359 0.761296 0.370455 0.037511 0.118182
0 360 0.768968 0.526136 0.037511 0.131818
0 361 0.805200 0.471023 0.031543 0.117045
0 362 0.787724 0.564773 0.034101 0.104545
0 363 0.841006 0.563068 0.038363 0.130682
0 364 0.793265 0.490909 0.038363 0.118182
0 365 0.564365 0.375568 0.044331 0.119318
0 367 0.533674 0.384659 0.040921 0.121591
0 368 0.343564 0.239205 0.035806 0.114773
0 369 0.497016 0.089205 0.027280 0.085227
0 370 0.293265 0.013636 0.023870 0.025000
0 371 0.361466 0.025568 0.025575 0.048864
0 372 0.400256 0.019318 0.024723 0.036364
0 373 0.345695 0.980682 0.033248 0.040909
0 374 0.820546 0.283523 0.038363 0.103409
0 375 0.825234 0.610227 0.025575 0.104545
0 376 0.254049 0.034659 0.027280 0.067045
0 377 0.718244 0.270455 0.046888 0.113636
0 378 0.819267 0.334091 0.042626 0.125000
0 379 0.558397 0.331250 0.034101 0.107955
0 381 0.806905 0.289773 0.038363 0.100000
0 382 0.767263 0.469886 0.040921 0.114773
0 383 0.522165 0.093182 0.031543 0.090909
0 390 0.563512 0.500000 0.037511 0.131818
0 391 0.582268 0.323864 0.039216 0.118182
0 537 0.052003 0.979545 0.028986 0.043182
0 538 0.765558 0.961364 0.046036 0.079545
0 539 0.817562 0.944318 0.051151 0.113636
0 540 0.857630 0.926136 0.040921 0.150000
0 554 0.606138 0.794318 0.044331 0.154545
0 555 0.649190 0.788068 0.045183 0.157955
0 556 0.780904 0.702273 0.047741 0.154545
0 557 0.804348 0.603977 0.045183 0.155682
0 558 0.857204 0.618750 0.038363 0.128409
0 559 0.746803 0.494318 0.042626 0.111364
0 565 0.256607 0.148295 0.030691 0.101136
0 566 0.486786 0.342045 0.042626 0.118182
0 568 0.256607 0.382955 0.032396 0.104545
0 569 0.281330 0.374432 0.034101 0.114773
0 570 0.302217 0.393182 0.034953 0.090909
0 572 0.309037 0.240341 0.034953 0.114773
0 573 0.445013 0.314773 0.035806 0.111364
0 574 0.320546 0.129545 0.034101 0.104545
0 575 0.196078 0.048295 0.027280 0.087500
0 576 0.286019 0.226705 0.029838 0.094318
0 577 0.548167 0.029545 0.032396 0.056818
0 578 0.445865 0.086932 0.030691 0.094318
0 579 0.474851 0.093182 0.032396 0.086364
0 580 0.219096 0.038068 0.028986 0.073864
0 583 0.334186 0.075568 0.030691 0.087500
0 584 0.499147 0.116477 0.031543 0.101136
0 585 0.773657 0.281250 0.041773 0.121591
0 586 0.388747 0.027273 0.027280 0.052273
0 587 0.466752 0.027841 0.028133 0.053409
0 588 0.521739 0.331818 0.037511 0.104545
0 589 0.276215 0.016477 0.023870 0.030682
0 597 0.092498 0.891477 0.045183 0.144318
0 599 0.515345 0.924432 0.041773 0.142045
0 600 0.560102 0.935795 0.039216 0.123864
0 602 0.773231 0.869318 0.057971 0.159091
0 604 0.239983 0.650568 0.041773 0.137500
0 606 0.800085 0.803409 0.041773 0.165909
0 607 0.895567 0.818750 0.041773 0.164773
0 608 0.924979 0.796023 0.042626 0.164773
0 609 0.914322 0.746591 0.048593 0.154545
0 610 0.864876 0.511932 0.038363 0.123864
0 613 0.548167 0.220455 0.032396 0.097727
0 614 0.126598 0.025568 0.033248 0.048864
0 615 0.010656 0.573295 0.019608 0.123864
0 616 0.033674 0.505114 0.041773 0.112500
0 620 0.568627 0.677273 0.040921 0.140909
0 622 0.080989 0.312500 0.037511 0.122727
0 623 0.227195 0.526136 0.038363 0.140909
0 625 0.501705 0.526705 0.029838 0.123864
0 626 0.441603 0.410795 0.035806 0.114773
0 628 0.336743 0.305114 0.034101 0.114773
0 630 0.067349 0.394318 0.042626 0.120455
0 631 0.011509 0.506818 0.021313 0.125000
0 633 0.101449 0.338068 0.042626 0.117045
0 634 0.273657 0.562500 0.042626 0.138636
0 635 0.134697 0.331250 0.037511 0.117045
0 636 0.459506 0.175568 0.030691 0.094318
0 637 0.454390 0.494886 0.035806 0.121591
0 640 0.415601 0.405114 0.038363 0.128409
0 641 0.228474 0.041477 0.023870 0.069318
0 647 0.458653 0.381818 0.035806 0.120455
0 648 0.538789 0.439773 0.040921 0.134091
0 649 0.364024 0.305682 0.032396 0.120455
0 650 0.174766 0.198864 0.040921 0.097727
0 651 0.423274 0.256818 0.031543 0.097727
0 652 0.186701 0.313068 0.037511 0.114773
0 653 0.340153 0.259659 0.035806 0.121591
0 654 0.362319 0.180114 0.032396 0.103409
0 656 0.389599 0.180682 0.032396 0.109091
0 657 0.469736 0.234091 0.039216 0.118182
0 658 0.402387 0.252273 0.034101 0.106818
0 659 0.437340 0.168182 0.030691 0.100000
0 660 0.411338 0.184659 0.031543 0.103409
0 661 0.326087 0.163068 0.034953 0.114773
0 662 0.526854 0.121023 0.032396 0.098864
0 665 0.765558 0.309659 0.035806 0.110227
0 666 0.883205 0.210795 0.030691 0.107955
0 667 0.851662 0.400000 0.042626 0.118182
0 671 0.858483 0.208523 0.035806 0.107955
0 678 0.843137 0.386932 0.042626 0.123864
0 679 0.813299 0.398295 0.039216 0.121591
0 680 0.752771 0.811364 0.052856 0.156818
0 682 0.098892 0.418750 0.046036 0.128409
0 683 0.482950 0.388068 0.031543 0.121591
0 684 0.379369 0.486364 0.044331 0.120455
0 685 0.669224 0.959659 0.051151 0.082955
0 686 0.496164 0.377273 0.030691 0.104545
0 687 0.427962 0.471023 0.037511 0.128409
0 688 0.436488 0.130114 0.025575 0.087500
