0 191 0.058824 0.752273 0.046036 0.152273
0 201 0.056692 0.815341 0.052003 0.155682
0 202 0.139812 0.775568 0.037511 0.142045
0 206 0.619778 0.967045 0.051151 0.068182
0 212 0.676044 0.873295 0.044331 0.151136
0 213 0.449275 0.859091 0.046036 0.150000
0 214 0.486786 0.850000 0.046036 0.152273
0 215 0.341858 0.726705 0.042626 0.144318
0 216 0.306479 0.695455 0.048593 0.138636
0 217 0.275362 0.727273 0.051151 0.131818
0 218 0.014066 0.740341 0.026428 0.139773
0 221 0.471014 0.721591 0.038363 0.152273
0 222 0.506394 0.726136 0.046036 0.152273
0 223 0.405797 0.898295 0.044331 0.144318
0 224 0.381500 0.571023 0.038363 0.135227
0 225 0.136402 0.555114 0.037511 0.130682
0 226 0.165388 0.566477 0.046036 0.128409
0 229 0.747229 0.599432 0.045183 0.151136
0 230 0.717818 0.885795 0.044331 0.146591
0 231 0.342711 0.510795 0.037511 0.128409
0 232 0.299659 0.507386 0.041773 0.126136
0 234 0.086957 0.490341 0.037511 0.137500
0 236 0.877664 0.050000 0.024723 0.084091
0 237 0.845695 0.812500 0.052856 0.140909
0 244 0.512361 0.507955 0.042626 0.113636
0 245 0.438193 0.577841 0.039216 0.135227
0 246 0.478261 0.584659 0.040921 0.135227
0 247 0.540921 0.702841 0.045183 0.128409
0 329 0.312020 0.067045 0.030691 0.100000
0 331 0.803922 0.385227 0.042626 0.104545
0 332 0.105286 0.989773 0.034953 0.020455
0 333 0.281756 0.971591 0.045183 0.059091
0 334 0.204604 0.978409 0.044331 0.045455
0 335 0.235720 0.959659 0.048593 0.082955
0 336 0.147485 0.925568 0.042626 0.148864
0 337 0.183291 0.930114 0.042626 0.142045
0 338 0.430094 0.020455 0.024723 0.038636
0 340 0.413470 0.023295 0.028986 0.044318
0 342 0.349105 0.008523 0.028133 0.014773
0 343 0.237852 0.046591 0.028986 0.075000
0 344 0.791986 0.292614 0.035806 0.107955
0 345 0.803495 0.206250 0.038363 0.114773
0 346 0.856777 0.207955 0.035806 0.118182
0 347 0.815857 0.213068 0.032396 0.114773
0 348 0.828218 0.048864 0.034953 0.088636
0 355 0.716539 0.374432 0.038363 0.121591
0 356 0.500426 0.275000 0.032396 0.111364
0 357 0.543905 0.270455 0.037511 0.115909
0 358 0.798380 0.348864 0.038363 0.104545
0 359 0.765558 0.378977 0.039216 0.119318
0 360 0.765558 0.537500 0.037511 0.131818
0 361 0.812020 0.486364 0.029838 0.118182
0 362 0.792839 0.580682 0.034101 0.104545
0 363 0.845269 0.577841 0.038363 0.130682
0 364 0.796249 0.507955 0.039216 0.118182
0 365 0.563086 0.387500 0.046888 0.120455
0 367 0.533674 0.396591 0.040921 0.120455
0 368 0.335038 0.248295 0.035806 0.114773
0 369 0.497016 0.096591 0.027280 0.086364
0 370 0.282182 0.016477 0.023870 0.030682
0 371 0.361466 0.028977 0.025575 0.055682
0 372 0.398977 0.022159 0.025575 0.042045
0 374 0.819693 0.293750 0.038363 0.103409
0 375 0.831202 0.626136 0.025575 0.104545
0 376 0.254049 0.038068 0.027280 0.073864
0 377 0.714408 0.279545 0.049446 0.113636
0 378 0.821824 0.347727 0.042626 0.125000
0 379 0.556692 0.342614 0.034101 0.107955
0 381 0.806905 0.301705 0.041773 0.103409
0 382 0.773231 0.482386 0.040921 0.114773
0 383 0.523018 0.100000 0.033248 0.093182
0 390 0.557545 0.505682 0.037511 0.131818
0 391 0.580563 0.335227 0.039216 0.120455
0 395 0.689258 0.378977 0.034953 0.121591
0 397 0.565217 0.036932 0.028986 0.071591
0 398 0.580563 0.048864 0.023870 0.093182
0 537 0.054987 0.984659 0.024723 0.032955
0 538 0.786445 0.972159 0.034953 0.053409
0 539 0.832055 0.955682 0.051151 0.090909
0 540 0.872975 0.939205 0.040921 0.123864
0 554 0.611253 0.813636 0.044331 0.154545
0 555 0.655158 0.807386 0.045183 0.157955
0 556 0.786871 0.719318 0.049446 0.156818
0 557 0.807758 0.621023 0.045183 0.155682
0 558 0.862745 0.633523 0.037511 0.128409
0 559 0.738278 0.509091 0.042626 0.118182
0 565 0.253197 0.156250 0.030691 0.101136
0 566 0.484228 0.348864 0.042626 0.118182
0 568 0.246377 0.389773 0.032396 0.104545
0 569 0.271100 0.385795 0.034101 0.114773
0 570 0.294544 0.402273 0.034953 0.090909
0 572 0.300512 0.247159 0.034953 0.114773
0 573 0.439045 0.323864 0.035806 0.111364
0 574 0.318841 0.135227 0.034101 0.104545
0 575 0.191816 0.056250 0.027280 0.089773
0 576 0.294118 0.212500 0.028986 0.084091
0 577 0.546036 0.032955 0.031543 0.063636
0 578 0.447570 0.093750 0.030691 0.094318
0 579 0.473998 0.102273 0.032396 0.086364
0 580 0.213981 0.040341 0.028986 0.078409
0 583 0.333333 0.081250 0.030691 0.087500
0 584 0.498721 0.122159 0.032396 0.101136
0 585 0.771526 0.289205 0.042626 0.121591
0 586 0.387468 0.030682 0.028133 0.059091
0 587 0.469309 0.031250 0.028133 0.060227
0 588 0.523444 0.344318 0.037511 0.104545
0 589 0.264280 0.018182 0.023870 0.034091
0 597 0.082694 0.909091 0.046036 0.140909
0 599 0.520887 0.936932 0.040921 0.126136
0 600 0.561807 0.947727 0.039216 0.102273
0 602 0.772379 0.888068 0.049446 0.157955
0 604 0.246377 0.664205 0.040921 0.137500
0 606 0.807332 0.821023 0.040921 0.169318
0 607 0.904945 0.837500 0.041773 0.161364
0 608 0.933504 0.815341 0.042626 0.164773
0 609 0.919864 0.769318 0.047741 0.154545
0 610 0.869565 0.522727 0.039216 0.122727
0 613 0.567775 0.218182 0.032396 0.097727
0 614 0.144075 0.023864 0.032396 0.045455
0 615 0.014493 0.574432 0.027280 0.123864
0 616 0.029412 0.513068 0.041773 0.117045
0 620 0.571611 0.685227 0.041773 0.140909
0 622 0.075874 0.323864 0.037511 0.127273
0 623 0.226769 0.544886 0.039216 0.144318
0 625 0.515345 0.540341 0.034953 0.123864
0 626 0.447570 0.421591 0.035806 0.113636
0 628 0.332481 0.315341 0.034101 0.114773
0 630 0.063512 0.406250 0.045183 0.123864
0 631 0.009804 0.522727 0.017903 0.125000
0 633 0.093777 0.348295 0.042626 0.117045
0 634 0.278772 0.576136 0.042626 0.138636
0 635 0.130861 0.340909 0.040068 0.118182
0 636 0.456948 0.182386 0.030691 0.094318
0 637 0.457801 0.507386 0.035806 0.121591
0 640 0.419864 0.415341 0.038363 0.128409
0 641 0.222933 0.047159 0.024723 0.076136
0 647 0.461211 0.392614 0.035806 0.121591
0 648 0.539642 0.451705 0.040921 0.135227
0 649 0.362319 0.313636 0.032396 0.120455
0 650 0.165388 0.205682 0.040921 0.097727
0 651 0.420716 0.264773 0.033248 0.097727
0 652 0.183291 0.322159 0.037511 0.114773
0 653 0.344416 0.266477 0.035806 0.121591
0 654 0.358909 0.188068 0.032396 0.103409
0 656 0.386189 0.187500 0.032396 0.111364
0 657 0.467604 0.242045 0.038363 0.118182
0 658 0.399829 0.259091 0.034101 0.106818
0 659 0.434783 0.173864 0.030691 0.100000
0 660 0.411338 0.191477 0.031543 0.103409
0 661 0.317562 0.172159 0.034953 0.114773
0 662 0.527707 0.127273 0.032396 0.102273
0 665 0.758738 0.321023 0.035806 0.110227
0 666 0.880648 0.219886 0.030691 0.107955
0 667 0.852515 0.409091 0.042626 0.118182
0 671 0.856777 0.216477 0.035806 0.107955
0 678 0.845695 0.393750 0.042626 0.123864
0 679 0.812447 0.407386 0.039216 0.121591
0 680 0.763853 0.831818 0.052856 0.154545
0 682 0.093777 0.432386 0.046036 0.128409
0 683 0.487212 0.398295 0.031543 0.121591
0 684 0.377664 0.498864 0.044331 0.120455
0 685 0.676044 0.969318 0.049446 0.063636
0 686 0.498721 0.388068 0.030691 0.105682
0 687 0.427110 0.483523 0.037511 0.128409
0 688 0.436488 0.136364 0.025575 0.086364
