0 191 0.050298 0.772727 0.042626 0.152273
0 201 0.048167 0.851705 0.052003 0.160227
0 202 0.127025 0.811932 0.037511 0.142045
0 206 0.635124 0.988068 0.025575 0.026136
0 212 0.698210 0.908523 0.051151 0.148864
0 213 0.457801 0.902273 0.046036 0.154545
0 214 0.497016 0.885795 0.046036 0.153409
0 215 0.346121 0.755682 0.042626 0.152273
0 216 0.312020 0.724432 0.047741 0.137500
0 217 0.272805 0.754545 0.051151 0.131818
0 218 0.008525 0.772159 0.015345 0.142045
0 221 0.490622 0.750000 0.038363 0.152273
0 222 0.520887 0.751136 0.046036 0.152273
0 223 0.407502 0.932955 0.044331 0.125000
0 224 0.386189 0.601136 0.037511 0.134091
0 225 0.125746 0.582955 0.045183 0.140909
0 226 0.153026 0.591477 0.045183 0.128409
0 229 0.749787 0.625000 0.046888 0.152273
0 230 0.736573 0.923864 0.044331 0.154545
0 231 0.337596 0.536932 0.037511 0.128409
0 232 0.297954 0.532386 0.034953 0.119318
0 234 0.120205 0.512500 0.039216 0.140909
0 236 0.866155 0.040341 0.025575 0.078409
0 237 0.859335 0.843750 0.044331 0.142045
0 244 0.498295 0.522159 0.041773 0.117045
0 245 0.449702 0.600568 0.038363 0.135227
0 246 0.479540 0.607955 0.041773 0.140909
0 247 0.554987 0.722727 0.046036 0.127273
0 329 0.308610 0.079545 0.030691 0.102273
0 331 0.812447 0.402273 0.042626 0.104545
0 332 0.104007 0.990341 0.035806 0.021591
0 333 0.282182 0.971591 0.044331 0.059091
0 334 0.204604 0.978409 0.044331 0.045455
0 335 0.235294 0.959659 0.047741 0.082955
0 336 0.146206 0.926705 0.045183 0.146591
0 337 0.182438 0.929545 0.042626 0.143182
0 338 0.430520 0.027841 0.025575 0.053409
0 340 0.412617 0.028977 0.028986 0.055682
0 341 0.388321 0.006818 0.028133 0.011364
0 342 0.340580 0.015909 0.028133 0.029545
0 343 0.229753 0.056818 0.028133 0.084091
0 344 0.791986 0.316477 0.035806 0.107955
0 345 0.806479 0.217045 0.039216 0.118182
0 346 0.858483 0.225000 0.035806 0.118182
0 347 0.811594 0.225568 0.032396 0.114773
0 348 0.831628 0.059091 0.034953 0.095455
0 355 0.723785 0.394318 0.039216 0.125000
0 356 0.494459 0.297727 0.034101 0.111364
0 357 0.540921 0.292614 0.038363 0.123864
0 358 0.809037 0.370455 0.037511 0.104545
0 359 0.771526 0.397159 0.040921 0.121591
0 360 0.742967 0.561932 0.038363 0.135227
0 361 0.824382 0.517045 0.027280 0.118182
0 362 0.801364 0.605682 0.034101 0.104545
0 363 0.855499 0.602273 0.041773 0.131818
0 364 0.802217 0.539205 0.039216 0.126136
0 365 0.558397 0.417614 0.046036 0.123864
0 367 0.537084 0.422727 0.040921 0.129545
0 368 0.315857 0.271023 0.034953 0.114773
0 369 0.496164 0.110795 0.027280 0.089773
0 370 0.258312 0.020455 0.023870 0.038636
0 371 0.359761 0.035795 0.025575 0.069318
0 372 0.396419 0.027841 0.025575 0.053409
0 374 0.817562 0.310795 0.039216 0.103409
0 375 0.839727 0.657955 0.025575 0.104545
0 376 0.248934 0.050000 0.027280 0.079545
0 377 0.708440 0.299432 0.052856 0.114773
0 378 0.830350 0.367045 0.042626 0.125000
0 379 0.551577 0.364205 0.034101 0.107955
0 381 0.807332 0.318182 0.042626 0.104545
0 382 0.781756 0.510795 0.040921 0.114773
0 383 0.526428 0.112500 0.033248 0.093182
0 390 0.545610 0.519318 0.037511 0.134091
0 391 0.578005 0.360795 0.039216 0.128409
0 395 0.708440 0.413068 0.034101 0.121591
0 396 0.732310 0.210227 0.034101 0.113636
0 397 0.543905 0.044318 0.028986 0.086364
0 398 0.567775 0.052841 0.023870 0.096591
0 399 0.563512 0.060795 0.028986 0.094318
0 539 0.855925 0.982386 0.030691 0.037500
0 540 0.896846 0.964205 0.037511 0.073864
0 554 0.621057 0.844886 0.045183 0.155682
0 555 0.669650 0.846023 0.045183 0.160227
0 556 0.800938 0.754545 0.048593 0.163636
0 557 0.814578 0.653977 0.045183 0.155682
0 558 0.870844 0.667614 0.038363 0.135227
0 559 0.719096 0.540909 0.041773 0.136364
0 565 0.247229 0.172159 0.030691 0.101136
0 566 0.474425 0.373295 0.041773 0.126136
0 568 0.223785 0.409091 0.031543 0.104545
0 569 0.249787 0.405114 0.034101 0.114773
0 570 0.272805 0.419318 0.034101 0.090909
0 572 0.281330 0.265341 0.035806 0.114773
0 573 0.430094 0.343182 0.034953 0.115909
0 574 0.314578 0.144318 0.034101 0.104545
0 575 0.184143 0.071591 0.027280 0.095455
0 576 0.316283 0.201136 0.028986 0.084091
0 577 0.540921 0.039205 0.031543 0.076136
0 578 0.448849 0.111932 0.031543 0.098864
0 579 0.472720 0.119318 0.031543 0.086364
0 580 0.204177 0.045455 0.028133 0.088636
0 581 0.182012 0.011364 0.036658 0.020455
0 583 0.331628 0.091477 0.030691 0.087500
0 584 0.498295 0.135795 0.033248 0.103409
0 585 0.767263 0.303977 0.042626 0.121591
0 586 0.387468 0.036364 0.028133 0.070455
0 587 0.473146 0.036932 0.028986 0.071591
0 588 0.519182 0.368182 0.037511 0.104545
0 589 0.242114 0.023864 0.023870 0.045455
0 597 0.066070 0.937500 0.048593 0.125000
0 599 0.528986 0.960227 0.041773 0.079545
0 600 0.564791 0.970455 0.038363 0.061364
0 602 0.779199 0.923295 0.051151 0.151136
0 604 0.253197 0.695455 0.044331 0.138636
0 606 0.825234 0.855682 0.040921 0.172727
0 607 0.922421 0.873864 0.042626 0.159091
0 608 0.951833 0.857386 0.036658 0.164773
0 609 0.938619 0.813068 0.047741 0.160227
0 610 0.880222 0.560795 0.038363 0.132955
0 613 0.603154 0.218182 0.031543 0.097727
0 614 0.180733 0.022159 0.032396 0.042045
0 615 0.015345 0.574432 0.028986 0.123864
0 616 0.021313 0.531818 0.040921 0.120455
0 620 0.583973 0.711364 0.046036 0.140909
0 622 0.068201 0.342614 0.037511 0.128409
0 623 0.227621 0.575000 0.037511 0.145455
0 625 0.540494 0.565909 0.042626 0.125000
0 626 0.456522 0.445455 0.034953 0.113636
0 628 0.324808 0.331250 0.034101 0.114773
0 630 0.051577 0.429545 0.045183 0.125000
0 631 0.005968 0.556250 0.010230 0.126136
0 633 0.080989 0.366477 0.042626 0.117045
0 634 0.288150 0.603409 0.042626 0.138636
0 635 0.122762 0.359091 0.042626 0.118182
0 636 0.451833 0.195455 0.030691 0.095455
0 637 0.478261 0.532386 0.035806 0.121591
0 640 0.427962 0.436932 0.039216 0.128409
0 641 0.212276 0.059091 0.023870 0.084091
0 647 0.466752 0.415341 0.034953 0.121591
0 648 0.535379 0.476705 0.040921 0.135227
0 649 0.357204 0.329545 0.032396 0.122727
0 650 0.149616 0.221023 0.041773 0.098864
0 651 0.416880 0.281818 0.035806 0.097727
0 652 0.175618 0.340341 0.037511 0.114773
0 653 0.341858 0.282386 0.035806 0.121591
0 654 0.354646 0.200568 0.032396 0.103409
0 656 0.382353 0.201136 0.031543 0.111364
0 657 0.463342 0.262500 0.038363 0.118182
0 658 0.395567 0.273295 0.034101 0.107955
0 659 0.430520 0.190341 0.030691 0.105682
0 660 0.410912 0.203977 0.032396 0.103409
0 661 0.306053 0.193750 0.034101 0.114773
0 662 0.529412 0.142045 0.032396 0.104545
0 665 0.748508 0.340341 0.035806 0.110227
0 666 0.876385 0.236932 0.030691 0.107955
0 667 0.856351 0.427273 0.041773 0.118182
0 671 0.853367 0.232386 0.035806 0.107955
0 678 0.850810 0.408523 0.042626 0.123864
0 679 0.811594 0.425568 0.037511 0.121591
0 680 0.782182 0.870455 0.052003 0.154545
0 682 0.081841 0.458523 0.046036 0.128409
0 683 0.493606 0.424432 0.032396 0.121591
0 684 0.375107 0.523864 0.044331 0.120455
0 686 0.505541 0.410227 0.032396 0.111364
0 687 0.426257 0.509659 0.037511 0.128409
0 688 0.434783 0.148864 0.025575 0.086364
