0 191 0.058824 0.754545 0.046036 0.152273
0 201 0.055840 0.819886 0.052003 0.155682
0 202 0.138960 0.780114 0.037511 0.142045
0 206 0.620631 0.968750 0.051151 0.064773
0 212 0.678602 0.877841 0.044331 0.151136
0 213 0.450128 0.864205 0.046036 0.151136
0 214 0.487639 0.854545 0.046036 0.152273
0 215 0.342711 0.729545 0.042626 0.145455
0 216 0.307758 0.698864 0.047741 0.138636
0 217 0.274510 0.730682 0.051151 0.131818
0 218 0.013640 0.743750 0.025575 0.139773
0 221 0.473572 0.725000 0.038363 0.152273
0 222 0.508099 0.728409 0.046036 0.152273
0 223 0.405797 0.902841 0.044331 0.142045
0 224 0.382353 0.575000 0.038363 0.134091
0 225 0.135124 0.557955 0.038363 0.131818
0 226 0.164535 0.569886 0.046036 0.128409
0 229 0.747656 0.602273 0.046036 0.152273
0 230 0.720375 0.889773 0.044331 0.147727
0 231 0.341858 0.514205 0.037511 0.128409
0 232 0.299233 0.510227 0.040921 0.125000
0 234 0.090793 0.492614 0.038363 0.137500
0 236 0.875959 0.048864 0.024723 0.084091
0 237 0.846974 0.815909 0.052003 0.140909
0 244 0.510230 0.509091 0.041773 0.113636
0 245 0.439045 0.580114 0.039216 0.135227
0 246 0.479113 0.588068 0.040921 0.135227
0 247 0.542626 0.705114 0.045183 0.128409
0 329 0.311168 0.068182 0.030691 0.100000
0 331 0.804774 0.386364 0.042626 0.104545
0 332 0.105286 0.990341 0.034953 0.019318
0 333 0.281756 0.971591 0.045183 0.059091
0 334 0.204604 0.978409 0.044331 0.045455
0 335 0.235720 0.959659 0.048593 0.082955
0 336 0.147485 0.925568 0.042626 0.148864
0 337 0.183291 0.930114 0.042626 0.142045
0 338 0.430094 0.021591 0.024723 0.040909
0 340 0.413470 0.023864 0.028986 0.045455
0 342 0.348252 0.009091 0.028133 0.015909
0 343 0.236573 0.048295 0.028133 0.076136
0 344 0.791134 0.296023 0.035806 0.107955
0 345 0.803922 0.207955 0.039216 0.115909
0 346 0.857204 0.210227 0.034953 0.118182
0 347 0.815431 0.215341 0.031543 0.114773
0 348 0.828218 0.049432 0.034953 0.089773
0 355 0.717391 0.377273 0.038363 0.122727
0 356 0.499574 0.276136 0.032396 0.111364
0 357 0.543905 0.273295 0.037511 0.117045
0 358 0.799233 0.351136 0.038363 0.104545
0 359 0.766411 0.380682 0.039216 0.120455
0 360 0.763001 0.539773 0.037511 0.131818
0 361 0.813725 0.489773 0.029838 0.118182
0 362 0.793691 0.584091 0.034101 0.104545
0 363 0.846121 0.580114 0.038363 0.130682
0 364 0.797101 0.511364 0.039216 0.118182
0 365 0.562234 0.390909 0.046888 0.120455
0 367 0.533674 0.398864 0.040921 0.120455
0 368 0.332481 0.250568 0.035806 0.114773
0 369 0.497016 0.098295 0.027280 0.087500
0 370 0.279625 0.017045 0.023870 0.031818
0 371 0.360614 0.029545 0.025575 0.056818
0 372 0.398551 0.022727 0.024723 0.043182
0 374 0.819693 0.296023 0.038363 0.103409
0 375 0.832481 0.629545 0.024723 0.104545
0 376 0.254049 0.038636 0.027280 0.075000
0 377 0.713981 0.281250 0.050298 0.114773
0 378 0.822677 0.350000 0.042626 0.125000
0 379 0.555840 0.344886 0.034101 0.107955
0 381 0.806905 0.303977 0.041773 0.103409
0 382 0.774936 0.485795 0.040921 0.114773
0 383 0.523870 0.102273 0.033248 0.093182
0 390 0.556692 0.506818 0.037511 0.131818
0 391 0.579710 0.338068 0.039216 0.121591
0 395 0.690963 0.382386 0.034953 0.121591
0 397 0.563512 0.037500 0.028986 0.072727
0 398 0.578858 0.048864 0.023870 0.093182
0 537 0.055840 0.985795 0.023018 0.030682
0 538 0.791134 0.975000 0.032396 0.047727
0 539 0.833760 0.959091 0.051151 0.084091
0 540 0.875533 0.942045 0.040921 0.118182
0 554 0.612106 0.817045 0.044331 0.154545
0 555 0.657289 0.811932 0.046036 0.157955
0 556 0.788576 0.723295 0.049446 0.157955
0 557 0.808610 0.624432 0.045183 0.155682
0 558 0.863598 0.637500 0.037511 0.129545
0 559 0.736147 0.512500 0.041773 0.120455
0 565 0.252344 0.158523 0.030691 0.101136
0 566 0.483376 0.351136 0.042626 0.118182
0 568 0.243819 0.392045 0.032396 0.104545
0 569 0.268542 0.388068 0.034101 0.114773
0 570 0.292839 0.404545 0.034953 0.090909
0 572 0.297954 0.249432 0.034953 0.114773
0 573 0.437340 0.326136 0.035806 0.111364
0 574 0.317988 0.136364 0.034101 0.104545
0 575 0.190963 0.058523 0.027280 0.089773
0 576 0.296675 0.211364 0.028986 0.084091
0 577 0.545183 0.033523 0.031543 0.064773
0 578 0.447570 0.094886 0.030691 0.094318
0 579 0.473998 0.104545 0.032396 0.086364
0 580 0.212702 0.040909 0.028133 0.079545
0 583 0.332481 0.082386 0.030691 0.087500
0 584 0.498721 0.123295 0.032396 0.101136
0 585 0.771100 0.290341 0.041773 0.121591
0 586 0.387468 0.031250 0.028133 0.060227
0 587 0.469736 0.031818 0.028986 0.061364
0 588 0.523444 0.346591 0.037511 0.104545
0 589 0.261722 0.018750 0.023870 0.035227
0 597 0.080989 0.913068 0.047741 0.139773
0 599 0.522592 0.940341 0.040921 0.121591
0 600 0.562660 0.951136 0.039216 0.097727
0 602 0.771952 0.892614 0.046888 0.157955
0 604 0.246803 0.668182 0.041773 0.138636
0 606 0.809889 0.825000 0.040921 0.170455
0 607 0.907076 0.842045 0.042626 0.161364
0 608 0.935209 0.821023 0.042626 0.164773
0 609 0.921569 0.774432 0.047741 0.155682
0 610 0.871270 0.525568 0.039216 0.121591
0 613 0.572038 0.217045 0.032396 0.097727
0 614 0.148338 0.023295 0.032396 0.044318
0 615 0.014493 0.574432 0.027280 0.123864
0 616 0.028559 0.515341 0.041773 0.117045
0 620 0.573316 0.688636 0.041773 0.140909
0 622 0.075021 0.326705 0.037511 0.128409
0 623 0.226769 0.548864 0.039216 0.145455
0 625 0.518755 0.543182 0.036658 0.125000
0 626 0.448423 0.423864 0.035806 0.113636
0 628 0.330776 0.316477 0.034101 0.114773
0 630 0.063086 0.408523 0.046036 0.123864
0 631 0.009378 0.526136 0.017050 0.125000
0 633 0.092072 0.350568 0.042626 0.117045
0 634 0.279625 0.579545 0.042626 0.138636
0 635 0.130009 0.343182 0.040068 0.118182
0 636 0.456948 0.183523 0.030691 0.094318
0 637 0.459506 0.510795 0.035806 0.121591
0 640 0.420716 0.417614 0.038363 0.128409
0 641 0.221654 0.048295 0.023870 0.078409
0 647 0.462063 0.396023 0.035806 0.121591
0 648 0.538789 0.453977 0.040921 0.135227
0 649 0.361466 0.314773 0.032396 0.120455
0 650 0.162830 0.206818 0.040921 0.097727
0 651 0.420290 0.267045 0.034101 0.097727
0 652 0.182438 0.324432 0.037511 0.114773
0 653 0.345269 0.268750 0.035806 0.121591
0 654 0.358909 0.189205 0.032396 0.103409
0 656 0.386189 0.189773 0.032396 0.111364
0 657 0.466752 0.244318 0.038363 0.118182
0 658 0.399829 0.261364 0.034101 0.106818
0 659 0.434783 0.176136 0.030691 0.100000
0 660 0.411338 0.192614 0.031543 0.103409
0 661 0.315431 0.174432 0.034101 0.114773
0 662 0.528559 0.128409 0.032396 0.102273
0 665 0.757033 0.324432 0.035806 0.110227
0 666 0.879795 0.222159 0.030691 0.107955
0 667 0.852515 0.411364 0.042626 0.118182
0 671 0.855925 0.218750 0.035806 0.107955
0 678 0.846547 0.394886 0.042626 0.123864
0 679 0.812447 0.409659 0.039216 0.121591
0 680 0.765985 0.836364 0.052003 0.154545
0 682 0.092072 0.434659 0.046036 0.128409
0 683 0.488491 0.400568 0.032396 0.121591
0 684 0.377664 0.502273 0.044331 0.120455
0 685 0.678602 0.972159 0.047741 0.057955
0 686 0.499574 0.390341 0.030691 0.105682
0 687 0.427110 0.486932 0.037511 0.128409
0 688 0.436488 0.138068 0.025575 0.087500
