0 191 0.045183 0.781250 0.040921 0.151136
0 201 0.043052 0.867614 0.052003 0.162500
0 202 0.120205 0.825568 0.037511 0.142045
0 212 0.706309 0.921023 0.053708 0.144318
0 213 0.456948 0.917045 0.044331 0.154545
0 214 0.503836 0.903409 0.046036 0.154545
0 215 0.347826 0.767045 0.042626 0.152273
0 216 0.312020 0.736932 0.047741 0.137500
0 217 0.273657 0.767614 0.051151 0.132955
0 218 0.006394 0.784091 0.011083 0.143182
0 221 0.495737 0.764773 0.038363 0.152273
0 222 0.526854 0.762500 0.046036 0.152273
0 223 0.408355 0.944318 0.044331 0.111364
0 224 0.389599 0.611364 0.037511 0.134091
0 225 0.121057 0.594886 0.046036 0.142045
0 226 0.147485 0.601705 0.044331 0.128409
0 229 0.752344 0.637500 0.046888 0.152273
0 230 0.744246 0.931250 0.044331 0.137500
0 231 0.335891 0.548295 0.037511 0.128409
0 232 0.300938 0.550000 0.035806 0.122727
0 234 0.131714 0.520455 0.040068 0.140909
0 236 0.861040 0.036932 0.025575 0.071591
0 237 0.864876 0.856250 0.040068 0.142045
0 244 0.494885 0.530114 0.041773 0.121591
0 245 0.453112 0.611932 0.038363 0.135227
0 246 0.479966 0.617045 0.042626 0.143182
0 247 0.559250 0.731250 0.046036 0.126136
0 329 0.307332 0.085227 0.031543 0.104545
0 331 0.815431 0.410227 0.041773 0.104545
0 332 0.104007 0.989205 0.035806 0.023864
0 333 0.283035 0.971591 0.044331 0.059091
0 334 0.204604 0.977841 0.044331 0.044318
0 335 0.234868 0.959091 0.048593 0.084091
0 336 0.145354 0.927273 0.046888 0.145455
0 337 0.181586 0.929545 0.042626 0.143182
0 338 0.431373 0.030682 0.025575 0.056818
0 339 0.529412 0.009091 0.025575 0.015909
0 340 0.412617 0.031250 0.028986 0.060227
0 341 0.389173 0.009091 0.028133 0.015909
0 342 0.337170 0.019318 0.028133 0.036364
0 343 0.226343 0.061364 0.028133 0.086364
0 344 0.792839 0.325568 0.035806 0.107955
0 345 0.806479 0.221591 0.039216 0.118182
0 346 0.857630 0.231818 0.035806 0.118182
0 347 0.809889 0.231250 0.032396 0.114773
0 348 0.833333 0.063636 0.034953 0.097727
0 355 0.726343 0.402273 0.039216 0.125000
0 356 0.492327 0.309091 0.034953 0.111364
0 357 0.540068 0.301705 0.038363 0.126136
0 358 0.813299 0.378409 0.037511 0.104545
0 359 0.773231 0.405114 0.040921 0.121591
0 360 0.736999 0.577273 0.038363 0.143182
0 361 0.827792 0.528409 0.027280 0.118182
0 362 0.805627 0.617045 0.034101 0.104545
0 363 0.861040 0.613636 0.042626 0.131818
0 364 0.804774 0.552273 0.039216 0.131818
0 365 0.554987 0.431250 0.046036 0.128409
0 367 0.540068 0.434659 0.041773 0.135227
0 368 0.308184 0.276705 0.034953 0.114773
0 369 0.496164 0.116477 0.027280 0.089773
0 370 0.248082 0.022159 0.023870 0.042045
0 371 0.358909 0.038636 0.025575 0.075000
0 372 0.395567 0.030114 0.025575 0.057955
0 374 0.816709 0.318750 0.039216 0.103409
0 375 0.843137 0.670455 0.025575 0.104545
0 376 0.247229 0.056250 0.027280 0.080682
0 377 0.707587 0.307386 0.052856 0.114773
0 378 0.834612 0.373864 0.042626 0.125000
0 379 0.549872 0.373295 0.034101 0.107955
0 381 0.807332 0.323864 0.042626 0.104545
0 382 0.784314 0.524432 0.040921 0.114773
0 383 0.527280 0.118182 0.033248 0.093182
0 390 0.540068 0.526705 0.038363 0.137500
0 391 0.576300 0.369318 0.039216 0.127273
0 395 0.716113 0.422159 0.034101 0.121591
0 396 0.735720 0.218182 0.034101 0.113636
0 397 0.534527 0.051136 0.028986 0.090909
0 398 0.560955 0.056818 0.023870 0.097727
0 399 0.556692 0.066477 0.028986 0.094318
0 540 0.912191 0.975568 0.032396 0.051136
0 554 0.625320 0.860795 0.048593 0.155682
0 555 0.673061 0.862500 0.045183 0.161364
0 556 0.806053 0.768182 0.048593 0.165909
0 557 0.817988 0.668750 0.045183 0.155682
0 558 0.874680 0.682386 0.039216 0.137500
0 559 0.711424 0.552841 0.041773 0.142045
0 565 0.244672 0.178409 0.030691 0.100000
0 566 0.470588 0.382386 0.040921 0.128409
0 568 0.213981 0.418182 0.032396 0.104545
0 569 0.240409 0.413068 0.034101 0.114773
0 570 0.264706 0.428977 0.034953 0.092045
0 572 0.273657 0.273295 0.035806 0.114773
0 573 0.427536 0.351136 0.034953 0.118182
0 574 0.311168 0.154545 0.034101 0.104545
0 575 0.180733 0.077841 0.027280 0.096591
0 576 0.325661 0.196591 0.028986 0.084091
0 577 0.538789 0.041477 0.032396 0.080682
0 578 0.448423 0.121591 0.032396 0.102273
0 579 0.472720 0.127273 0.031543 0.086364
0 580 0.200767 0.047727 0.028133 0.090909
0 581 0.172634 0.014205 0.038363 0.026136
0 583 0.330776 0.094886 0.030691 0.087500
0 584 0.497869 0.143750 0.034101 0.103409
0 585 0.765558 0.309659 0.042626 0.121591
0 586 0.388321 0.039773 0.028133 0.075000
0 587 0.473146 0.039773 0.028986 0.075000
0 588 0.517477 0.378409 0.037511 0.104545
0 589 0.233163 0.026705 0.024723 0.051136
0 597 0.057971 0.944886 0.044331 0.107955
0 599 0.529412 0.969886 0.039216 0.057955
0 600 0.565644 0.978977 0.036658 0.044318
0 602 0.787724 0.932386 0.051151 0.137500
0 604 0.255754 0.707955 0.044331 0.138636
0 606 0.832055 0.869886 0.040921 0.173864
0 607 0.928389 0.887500 0.042626 0.159091
0 608 0.957374 0.876705 0.035806 0.164773
0 609 0.946292 0.831250 0.047741 0.162500
0 610 0.884058 0.577841 0.037511 0.137500
0 613 0.648764 0.219318 0.032396 0.097727
0 614 0.195226 0.021591 0.032396 0.040909
0 615 0.015772 0.574432 0.029838 0.123864
0 616 0.019608 0.539773 0.037511 0.120455
0 620 0.589088 0.722159 0.047741 0.142045
0 622 0.065644 0.350568 0.037511 0.128409
0 623 0.229327 0.587500 0.037511 0.145455
0 625 0.549020 0.577273 0.042626 0.125000
0 626 0.459932 0.456818 0.034953 0.113636
0 628 0.321398 0.338636 0.034101 0.115909
0 630 0.046462 0.439773 0.045183 0.125000
0 631 0.004689 0.572727 0.007673 0.129545
0 633 0.077579 0.373295 0.042626 0.117045
0 634 0.292413 0.619318 0.042626 0.138636
0 635 0.118926 0.367045 0.041773 0.118182
0 636 0.451407 0.203409 0.031543 0.100000
0 637 0.490196 0.541477 0.035806 0.121591
0 640 0.429668 0.444886 0.039216 0.128409
0 641 0.207161 0.064773 0.023870 0.084091
0 647 0.470162 0.423295 0.034953 0.121591
0 648 0.534527 0.486932 0.040921 0.135227
0 649 0.355072 0.338636 0.031543 0.125000
0 650 0.145354 0.230114 0.041773 0.101136
0 651 0.416027 0.289773 0.035806 0.097727
0 652 0.172208 0.347159 0.037511 0.114773
0 653 0.338448 0.289205 0.035806 0.121591
0 654 0.352941 0.206250 0.032396 0.103409
0 656 0.381500 0.207955 0.031543 0.111364
0 657 0.460784 0.271591 0.038363 0.118182
0 658 0.393862 0.282386 0.034101 0.112500
0 659 0.428815 0.197727 0.030691 0.106818
0 660 0.407502 0.211932 0.032396 0.103409
0 661 0.302643 0.202841 0.034101 0.114773
0 662 0.529412 0.148864 0.032396 0.104545
0 665 0.745524 0.347159 0.036658 0.110227
0 666 0.873828 0.243750 0.030691 0.107955
0 667 0.858056 0.434091 0.041773 0.118182
0 671 0.852515 0.239205 0.035806 0.107955
0 678 0.853367 0.414205 0.042626 0.123864
0 679 0.812447 0.433523 0.037511 0.121591
0 680 0.789429 0.885795 0.051151 0.153409
0 682 0.076726 0.469886 0.046036 0.128409
0 683 0.495737 0.435795 0.031543 0.121591
0 684 0.375959 0.535227 0.044331 0.120455
0 686 0.508099 0.419318 0.032396 0.111364
0 687 0.428815 0.520455 0.037511 0.129545
0 688 0.434783 0.154545 0.025575 0.086364
