0 191 0.063086 0.710795 0.044331 0.148864
0 198 0.473146 0.984091 0.028986 0.034091
0 200 0.010230 0.732955 0.018755 0.147727
0 201 0.080989 0.740341 0.049446 0.155682
0 202 0.139386 0.693750 0.038363 0.137500
0 206 0.601023 0.919318 0.051151 0.147727
0 212 0.642370 0.793182 0.045183 0.152273
0 213 0.424126 0.771023 0.038363 0.148864
0 214 0.471014 0.765341 0.045183 0.151136
0 215 0.327366 0.659659 0.039216 0.137500
0 216 0.291560 0.630682 0.040921 0.125000
0 217 0.259165 0.665909 0.049446 0.131818
0 218 0.034527 0.667614 0.034953 0.135227
0 221 0.434356 0.644886 0.038363 0.137500
0 222 0.472293 0.648864 0.034101 0.138636
0 223 0.398977 0.804545 0.044331 0.152273
0 224 0.375959 0.511364 0.039216 0.134091
0 225 0.171782 0.503977 0.034953 0.128409
0 226 0.195226 0.515341 0.046036 0.128409
0 229 0.746803 0.540909 0.044331 0.134091
0 230 0.681159 0.804545 0.046036 0.140909
0 231 0.351236 0.452841 0.037511 0.128409
0 232 0.319693 0.451705 0.034101 0.128409
0 234 0.014493 0.442045 0.027280 0.131818
0 236 0.899829 0.073864 0.024723 0.084091
0 237 0.832481 0.743750 0.050298 0.142045
0 238 0.978261 0.911364 0.038363 0.136364
0 239 0.971014 0.763636 0.037511 0.152273
0 244 0.545183 0.482386 0.041773 0.114773
0 245 0.436914 0.515341 0.038363 0.130682
0 246 0.469309 0.526136 0.038363 0.134091
0 247 0.503410 0.648864 0.041773 0.118182
0 329 0.318414 0.046023 0.031543 0.087500
0 331 0.806479 0.342045 0.042626 0.104545
0 332 0.106138 0.982955 0.034953 0.034091
0 333 0.281330 0.972727 0.046036 0.056818
0 334 0.208866 0.982955 0.046036 0.036364
0 335 0.236573 0.960227 0.048593 0.081818
0 336 0.148764 0.926705 0.041773 0.146591
0 337 0.184996 0.931250 0.042626 0.139773
0 338 0.432225 0.006818 0.023870 0.011364
0 340 0.416027 0.011364 0.028986 0.020455
0 343 0.261296 0.028409 0.028133 0.054545
0 344 0.797528 0.234091 0.031543 0.106818
0 345 0.797954 0.181250 0.037511 0.107955
0 346 0.853794 0.170455 0.034953 0.118182
0 347 0.826087 0.184659 0.032396 0.114773
0 348 0.823529 0.038068 0.035806 0.073864
0 355 0.706735 0.335795 0.034101 0.110227
0 356 0.522592 0.236364 0.032396 0.106818
0 357 0.568627 0.232386 0.037511 0.114773
0 358 0.779625 0.319318 0.038363 0.104545
0 359 0.746803 0.340341 0.034101 0.114773
0 360 0.774084 0.484091 0.037511 0.131818
0 361 0.788150 0.424432 0.031543 0.117045
0 362 0.778346 0.519318 0.034101 0.104545
0 363 0.829071 0.513636 0.038363 0.127273
0 364 0.783887 0.443182 0.038363 0.118182
0 365 0.570759 0.340341 0.038363 0.119318
0 367 0.541347 0.344886 0.039216 0.119318
0 368 0.369565 0.210795 0.033248 0.107955
0 369 0.498721 0.064773 0.027280 0.081818
0 371 0.366581 0.014773 0.025575 0.027273
0 372 0.402813 0.007955 0.024723 0.013636
0 373 0.361893 0.960227 0.052003 0.081818
0 374 0.832055 0.255682 0.039216 0.104545
0 375 0.807758 0.563636 0.028133 0.079545
0 376 0.254049 0.022727 0.027280 0.043182
0 377 0.736999 0.243182 0.045183 0.113636
0 378 0.822677 0.302273 0.042626 0.118182
0 379 0.563086 0.294886 0.034953 0.105682
0 381 0.823529 0.272727 0.042626 0.104545
0 382 0.743393 0.428409 0.042626 0.118182
0 383 0.521313 0.068182 0.028133 0.088636
0 390 0.589940 0.486364 0.039216 0.131818
0 391 0.589088 0.288636 0.039216 0.115909
0 536 0.021313 0.965909 0.039216 0.070455
0 537 0.047741 0.963636 0.040921 0.075000
0 538 0.722080 0.900000 0.044331 0.150000
0 539 0.774936 0.888636 0.046036 0.147727
0 540 0.827792 0.856818 0.040921 0.159091
0 554 0.588662 0.723864 0.043478 0.145455
0 555 0.633845 0.723864 0.041773 0.143182
0 556 0.763853 0.647727 0.040921 0.152273
0 557 0.797528 0.552841 0.045183 0.155682
0 558 0.842711 0.564773 0.038363 0.122727
0 559 0.742540 0.462500 0.042626 0.111364
0 565 0.265132 0.122159 0.032396 0.101136
0 566 0.496164 0.315341 0.042626 0.117045
0 568 0.290708 0.346591 0.032396 0.104545
0 569 0.313725 0.343750 0.035806 0.114773
0 570 0.334186 0.360227 0.035806 0.090909
0 572 0.334186 0.209091 0.035806 0.104545
0 573 0.459079 0.284091 0.034953 0.111364
0 574 0.324808 0.098864 0.034101 0.104545
0 575 0.211424 0.032955 0.028986 0.063636
0 576 0.260017 0.263636 0.032396 0.106818
0 577 0.543052 0.017614 0.032396 0.032955
0 578 0.448423 0.061932 0.032396 0.094318
0 579 0.473572 0.068182 0.031543 0.086364
0 580 0.234442 0.022159 0.027280 0.042045
0 583 0.335891 0.056250 0.030691 0.085227
0 584 0.502984 0.095455 0.030691 0.097727
0 585 0.786019 0.251136 0.040921 0.118182
0 586 0.388747 0.017614 0.028986 0.032955
0 587 0.462063 0.018182 0.027280 0.034091
0 588 0.526428 0.292045 0.036658 0.104545
0 597 0.131287 0.827841 0.044331 0.137500
0 599 0.497869 0.864205 0.042626 0.155682
0 600 0.551151 0.874432 0.038363 0.157955
0 602 0.743393 0.802841 0.042626 0.157955
0 604 0.225064 0.603409 0.040921 0.127273
0 605 0.943734 0.961364 0.052856 0.077273
0 606 0.782609 0.747727 0.047741 0.154545
0 607 0.869565 0.747727 0.042626 0.165909
0 608 0.899403 0.738068 0.042626 0.162500
0 609 0.902813 0.676705 0.046036 0.146591
0 610 0.845695 0.471591 0.037511 0.127273
0 613 0.481671 0.231818 0.032396 0.097727
0 614 0.060955 0.030114 0.045183 0.057955
0 616 0.056266 0.486932 0.040921 0.110227
0 620 0.561807 0.646591 0.040921 0.140909
0 622 0.103154 0.277841 0.037511 0.114773
0 623 0.236999 0.469318 0.037511 0.131818
0 625 0.479540 0.484091 0.029838 0.118182
0 626 0.438193 0.372727 0.034101 0.102273
0 628 0.347826 0.275568 0.035806 0.114773
0 630 0.079284 0.358523 0.037511 0.114773
0 631 0.025575 0.464205 0.039216 0.123864
0 633 0.120205 0.305114 0.042626 0.117045
0 634 0.268542 0.501136 0.040921 0.125000
0 635 0.151748 0.306250 0.035806 0.117045
0 636 0.467178 0.153977 0.032396 0.094318
0 637 0.453964 0.453977 0.034953 0.121591
0 640 0.411765 0.361364 0.037511 0.127273
0 641 0.246377 0.024432 0.025575 0.046591
0 647 0.454817 0.345455 0.034953 0.106818
0 648 0.534527 0.400568 0.040921 0.128409
0 649 0.373402 0.272159 0.032396 0.107955
0 650 0.203751 0.169886 0.039216 0.096591
0 651 0.436488 0.234091 0.028986 0.097727
0 652 0.190111 0.282955 0.032396 0.113636
0 653 0.327366 0.234659 0.035806 0.119318
0 654 0.372549 0.152841 0.032396 0.103409
0 655 0.006820 0.107955 0.011935 0.100000
0 656 0.401535 0.156818 0.032396 0.104545
0 657 0.478687 0.199432 0.034953 0.112500
0 658 0.410912 0.226136 0.034101 0.106818
0 659 0.446718 0.146023 0.030691 0.101136
0 660 0.418585 0.154545 0.027280 0.097727
0 661 0.347826 0.132386 0.035806 0.114773
0 662 0.526854 0.096591 0.032396 0.097727
0 665 0.795396 0.281250 0.035806 0.110227
0 666 0.885763 0.184659 0.030691 0.103409
0 667 0.849105 0.365909 0.042626 0.118182
0 671 0.865729 0.177841 0.034953 0.107955
0 678 0.842285 0.352841 0.042626 0.123864
0 679 0.817136 0.366477 0.038363 0.121591
0 680 0.716113 0.746023 0.051151 0.162500
0 682 0.110401 0.374432 0.045183 0.119318
0 683 0.470588 0.356818 0.030691 0.113636
0 684 0.386189 0.440909 0.040921 0.120455
0 685 0.644928 0.923295 0.052003 0.144318
0 686 0.488065 0.347727 0.031543 0.102273
0 687 0.437340 0.424432 0.037511 0.128409
0 688 0.439471 0.106250 0.024723 0.082955
0 701 0.004263 0.549432 0.006820 0.123864
