0 191 0.059250 0.731818 0.045183 0.152273
0 200 0.002984 0.768182 0.004263 0.147727
0 201 0.064791 0.769886 0.052856 0.155682
0 202 0.143223 0.726705 0.037511 0.142045
0 206 0.608696 0.942045 0.051151 0.118182
0 212 0.656863 0.826136 0.045183 0.152273
0 213 0.434783 0.806250 0.040921 0.148864
0 214 0.477408 0.803409 0.046036 0.152273
0 215 0.335891 0.688636 0.042626 0.140909
0 216 0.297101 0.657955 0.046888 0.134091
0 217 0.271952 0.690341 0.051151 0.130682
0 218 0.023444 0.700000 0.034953 0.136364
0 221 0.450980 0.674432 0.039216 0.139773
0 222 0.488065 0.679545 0.036658 0.152273
0 223 0.402387 0.847727 0.044331 0.152273
0 224 0.378517 0.535795 0.039216 0.135227
0 225 0.155158 0.525568 0.035806 0.128409
0 226 0.181586 0.538068 0.046036 0.128409
0 229 0.746803 0.567614 0.044331 0.148864
0 230 0.696078 0.839773 0.045183 0.140909
0 231 0.350384 0.477841 0.037511 0.128409
0 232 0.310742 0.476136 0.034953 0.127273
0 234 0.043478 0.460795 0.037511 0.132955
0 236 0.890452 0.063636 0.024723 0.084091
0 237 0.837170 0.776705 0.052856 0.142045
0 239 0.979540 0.802841 0.039216 0.157955
0 244 0.531117 0.493750 0.042626 0.114773
0 245 0.437340 0.540341 0.039216 0.135227
0 246 0.471867 0.552273 0.038363 0.134091
0 247 0.520034 0.673864 0.044331 0.122727
0 329 0.317136 0.052841 0.030691 0.096591
0 331 0.798806 0.361364 0.042626 0.104545
0 332 0.105286 0.983523 0.034953 0.032955
0 333 0.281330 0.972159 0.046036 0.057955
0 334 0.207161 0.981250 0.046036 0.039773
0 335 0.236573 0.960227 0.048593 0.081818
0 336 0.147911 0.926136 0.041773 0.147727
0 337 0.184143 0.930682 0.042626 0.140909
0 338 0.429668 0.010795 0.023870 0.019318
0 340 0.415175 0.016477 0.028986 0.030682
0 343 0.248082 0.033523 0.028986 0.064773
0 344 0.794970 0.259659 0.034953 0.107955
0 345 0.800085 0.192045 0.038363 0.111364
0 346 0.854646 0.186364 0.034953 0.118182
0 347 0.821398 0.197159 0.031543 0.114773
0 348 0.824808 0.041477 0.034953 0.080682
0 355 0.710145 0.351705 0.035806 0.114773
0 356 0.510656 0.254545 0.032396 0.109091
0 357 0.557545 0.249432 0.037511 0.114773
0 358 0.786871 0.329545 0.039216 0.104545
0 359 0.755328 0.356818 0.035806 0.115909
0 360 0.773231 0.510227 0.037511 0.131818
0 361 0.794118 0.455114 0.031543 0.117045
0 362 0.780904 0.542045 0.034101 0.104545
0 363 0.835038 0.542614 0.038363 0.130682
0 364 0.789003 0.469318 0.038363 0.118182
0 365 0.567349 0.358523 0.040068 0.119318
0 367 0.536232 0.368750 0.040921 0.121591
0 368 0.355072 0.228977 0.034953 0.114773
0 369 0.497869 0.078409 0.027280 0.084091
0 370 0.310315 0.010227 0.023870 0.018182
0 371 0.363171 0.020455 0.025575 0.038636
0 372 0.401961 0.014773 0.024723 0.027273
0 373 0.354646 0.973864 0.049446 0.054545
0 374 0.825661 0.272159 0.038363 0.103409
0 375 0.815431 0.589773 0.026428 0.093182
0 376 0.254049 0.029545 0.027280 0.056818
0 377 0.724638 0.257955 0.044331 0.113636
0 378 0.815857 0.315909 0.042626 0.125000
0 379 0.561807 0.316477 0.034101 0.107955
0 381 0.809037 0.277841 0.040921 0.103409
0 382 0.756607 0.448295 0.041773 0.117045
0 383 0.520887 0.083523 0.028986 0.089773
0 390 0.574595 0.494318 0.037511 0.131818
0 391 0.584825 0.309091 0.039216 0.118182
0 536 0.021739 0.973864 0.031543 0.052273
0 537 0.046462 0.971591 0.036658 0.059091
0 538 0.744246 0.940341 0.046036 0.121591
0 539 0.795396 0.927841 0.051151 0.146591
0 540 0.840580 0.898864 0.040921 0.161364
0 554 0.597613 0.763068 0.044331 0.151136
0 555 0.641944 0.760795 0.044331 0.155682
0 556 0.773231 0.678409 0.044331 0.154545
0 557 0.799233 0.578977 0.045183 0.155682
0 558 0.849957 0.598295 0.039216 0.128409
0 559 0.747656 0.482955 0.042626 0.111364
0 565 0.260870 0.138068 0.030691 0.101136
0 566 0.491901 0.332955 0.042626 0.118182
0 568 0.271952 0.368182 0.032396 0.104545
0 569 0.296675 0.358523 0.034101 0.114773
0 570 0.311168 0.379545 0.035806 0.090909
0 572 0.320119 0.226705 0.034953 0.110227
0 573 0.450980 0.302273 0.035806 0.111364
0 574 0.323956 0.122727 0.034101 0.104545
0 575 0.202899 0.040341 0.027280 0.078409
0 576 0.274510 0.246591 0.032396 0.106818
0 577 0.548167 0.024432 0.032396 0.046591
0 578 0.446292 0.075568 0.031543 0.094318
0 579 0.474851 0.081818 0.032396 0.086364
0 580 0.225490 0.031818 0.028133 0.061364
0 583 0.335038 0.067614 0.030691 0.087500
0 584 0.499574 0.108523 0.030691 0.098864
0 585 0.777067 0.268750 0.041773 0.121591
0 586 0.390452 0.022727 0.027280 0.043182
0 587 0.463768 0.023295 0.027280 0.044318
0 588 0.520887 0.313636 0.037511 0.104545
0 589 0.294118 0.011932 0.023870 0.021591
0 597 0.110827 0.865909 0.046036 0.143182
0 599 0.507246 0.901705 0.042626 0.155682
0 600 0.559676 0.910227 0.038363 0.145455
0 602 0.754476 0.832386 0.051151 0.157955
0 604 0.231458 0.630682 0.041773 0.134091
0 606 0.790708 0.779545 0.045183 0.159091
0 607 0.882353 0.788636 0.042626 0.165909
0 608 0.913043 0.771023 0.042626 0.164773
0 609 0.907076 0.715909 0.049446 0.154545
0 610 0.857630 0.495455 0.037511 0.127273
0 613 0.519182 0.223864 0.032396 0.097727
0 614 0.101449 0.027841 0.051151 0.053409
0 616 0.042626 0.496023 0.040921 0.110227
0 620 0.566070 0.665909 0.040921 0.140909
0 622 0.088662 0.296023 0.037511 0.117045
0 623 0.230179 0.500568 0.037511 0.135227
0 625 0.490196 0.507386 0.028986 0.119318
0 626 0.439045 0.393750 0.035806 0.110227
0 628 0.343564 0.290341 0.035806 0.114773
0 630 0.072038 0.377841 0.038363 0.117045
0 631 0.014493 0.485227 0.027280 0.125000
0 633 0.109122 0.324432 0.042626 0.117045
0 634 0.269821 0.535795 0.041773 0.130682
0 635 0.141091 0.318750 0.034953 0.117045
0 636 0.462916 0.165341 0.032396 0.094318
0 637 0.451407 0.476705 0.034953 0.121591
0 640 0.413896 0.385795 0.038363 0.128409
0 641 0.236573 0.034091 0.024723 0.059091
0 647 0.458227 0.365909 0.034953 0.113636
0 648 0.535379 0.425000 0.040921 0.129545
0 649 0.368286 0.292045 0.032396 0.115909
0 650 0.187127 0.186364 0.040068 0.097727
0 651 0.427110 0.246591 0.028986 0.097727
0 652 0.187980 0.299432 0.034953 0.114773
0 653 0.334186 0.249432 0.035806 0.121591
0 654 0.367434 0.168750 0.032396 0.103409
0 656 0.394714 0.170455 0.032396 0.106818
0 657 0.473146 0.221591 0.039216 0.118182
0 658 0.404945 0.239773 0.034101 0.106818
0 659 0.441603 0.160795 0.030691 0.101136
0 660 0.413896 0.172159 0.029838 0.101136
0 661 0.336743 0.150568 0.035806 0.114773
0 662 0.526002 0.110227 0.032396 0.097727
0 665 0.778346 0.296023 0.035806 0.110227
0 666 0.884058 0.199432 0.030691 0.105682
0 667 0.849957 0.385227 0.042626 0.118182
0 671 0.861466 0.194886 0.034953 0.107955
0 678 0.842285 0.373295 0.042626 0.123864
0 679 0.815004 0.384659 0.039216 0.121591
0 680 0.735720 0.781818 0.051151 0.161364
0 682 0.107417 0.399432 0.046036 0.128409
0 683 0.476982 0.374432 0.031543 0.119318
0 684 0.382353 0.467045 0.043478 0.120455
0 685 0.656863 0.944886 0.052003 0.112500
0 686 0.492754 0.364773 0.032396 0.104545
0 687 0.431373 0.450568 0.037511 0.128409
0 688 0.437340 0.119886 0.025575 0.087500
