0 191 0.054561 0.764773 0.044331 0.152273
0 201 0.052003 0.838636 0.051151 0.156818
0 202 0.132140 0.800568 0.037511 0.142045
0 206 0.627451 0.981250 0.051151 0.039773
0 212 0.690111 0.896023 0.048593 0.148864
0 213 0.456095 0.888068 0.046036 0.153409
0 214 0.491049 0.871591 0.046036 0.152273
0 215 0.345269 0.744886 0.042626 0.148864
0 216 0.312020 0.714205 0.047741 0.137500
0 217 0.273657 0.745455 0.051151 0.131818
0 218 0.010656 0.760795 0.019608 0.142045
0 221 0.483802 0.738636 0.038363 0.152273
0 222 0.515772 0.742045 0.046036 0.152273
0 223 0.406650 0.920455 0.044331 0.131818
0 224 0.384058 0.590909 0.038363 0.134091
0 225 0.129582 0.573295 0.042626 0.137500
0 226 0.157289 0.582386 0.045183 0.128409
0 229 0.747656 0.614773 0.046036 0.152273
0 230 0.729753 0.909659 0.044331 0.151136
0 231 0.339301 0.527841 0.037511 0.128409
0 232 0.298380 0.523295 0.037511 0.121591
0 234 0.108696 0.503977 0.038363 0.139773
0 236 0.870844 0.042614 0.024723 0.082955
0 237 0.854220 0.832955 0.047741 0.140909
0 244 0.502131 0.515909 0.042626 0.113636
0 245 0.445439 0.592614 0.038363 0.135227
0 246 0.479540 0.600000 0.041773 0.138636
0 247 0.550298 0.715341 0.045183 0.128409
0 329 0.309463 0.074432 0.030691 0.101136
0 331 0.809889 0.396591 0.042626 0.104545
0 332 0.104859 0.990909 0.035806 0.020455
0 333 0.281756 0.971591 0.045183 0.059091
0 334 0.204604 0.978409 0.044331 0.045455
0 335 0.235294 0.959659 0.047741 0.082955
0 336 0.146633 0.926136 0.044331 0.147727
0 337 0.182438 0.930114 0.042626 0.142045
0 338 0.430520 0.025000 0.025575 0.047727
0 340 0.412617 0.026705 0.028986 0.051136
0 342 0.343564 0.013068 0.028986 0.023864
0 343 0.232310 0.052841 0.028133 0.080682
0 344 0.791134 0.308523 0.035806 0.107955
0 345 0.805627 0.213636 0.039216 0.118182
0 346 0.858056 0.219318 0.034953 0.118182
0 347 0.813299 0.221023 0.032396 0.114773
0 348 0.829923 0.055682 0.034953 0.093182
0 355 0.722080 0.387500 0.039216 0.125000
0 356 0.496590 0.288636 0.033248 0.111364
0 357 0.542199 0.285227 0.037511 0.120455
0 358 0.805200 0.362500 0.038363 0.104545
0 359 0.770673 0.390341 0.040921 0.121591
0 360 0.750213 0.551136 0.037511 0.131818
0 361 0.820119 0.506818 0.027280 0.118182
0 362 0.798806 0.597727 0.034101 0.104545
0 363 0.852089 0.593750 0.040068 0.130682
0 364 0.800512 0.527841 0.039216 0.121591
0 365 0.560102 0.405682 0.046036 0.120455
0 367 0.534953 0.412500 0.041773 0.125000
0 368 0.322677 0.263068 0.034953 0.114773
0 369 0.496164 0.105682 0.027280 0.088636
0 370 0.266837 0.019318 0.023870 0.036364
0 371 0.359761 0.033523 0.025575 0.064773
0 372 0.397272 0.025568 0.025575 0.048864
0 374 0.818414 0.305114 0.039216 0.103409
0 375 0.836743 0.647727 0.024723 0.104545
0 376 0.251492 0.044886 0.027280 0.078409
0 377 0.710145 0.291477 0.052856 0.114773
0 378 0.826939 0.361364 0.042626 0.125000
0 379 0.553282 0.356250 0.034101 0.107955
0 381 0.807332 0.312500 0.042626 0.104545
0 382 0.780051 0.499432 0.040921 0.114773
0 383 0.525575 0.107955 0.033248 0.093182
0 390 0.550725 0.513068 0.037511 0.132955
0 391 0.578858 0.352273 0.039216 0.125000
0 395 0.700767 0.400568 0.034101 0.121591
0 396 0.729753 0.202273 0.034101 0.113636
0 397 0.555840 0.039205 0.028986 0.076136
0 398 0.572038 0.051136 0.023870 0.095455
0 399 0.568627 0.055114 0.028986 0.094318
0 539 0.843990 0.972727 0.047741 0.056818
0 540 0.885763 0.954545 0.040921 0.093182
0 554 0.617221 0.832955 0.044331 0.154545
0 555 0.666667 0.831818 0.046036 0.159091
0 556 0.795823 0.742045 0.048593 0.161364
0 557 0.812873 0.642614 0.045183 0.155682
0 558 0.868286 0.656250 0.038363 0.132955
0 559 0.725916 0.529545 0.041773 0.129545
0 565 0.248934 0.166477 0.030691 0.101136
0 566 0.477835 0.364205 0.041773 0.123864
0 568 0.232310 0.401136 0.031543 0.104545
0 569 0.257460 0.398295 0.034101 0.114773
0 570 0.281330 0.413636 0.034101 0.090909
0 572 0.288576 0.258523 0.034953 0.114773
0 573 0.432225 0.335795 0.035806 0.112500
0 574 0.315431 0.140909 0.034101 0.104545
0 575 0.186701 0.065909 0.027280 0.093182
0 576 0.308610 0.205682 0.028986 0.084091
0 577 0.542626 0.036932 0.031543 0.071591
0 578 0.448849 0.103977 0.031543 0.096591
0 579 0.473572 0.113636 0.031543 0.086364
0 580 0.207587 0.043750 0.028133 0.085227
0 581 0.190537 0.009091 0.034953 0.015909
0 583 0.331628 0.088068 0.030691 0.087500
0 584 0.498721 0.128977 0.032396 0.103409
0 585 0.768968 0.298295 0.042626 0.121591
0 586 0.386616 0.034659 0.028133 0.067045
0 587 0.472293 0.034659 0.028986 0.067045
0 588 0.520887 0.360227 0.037511 0.104545
0 589 0.249787 0.021023 0.023870 0.039773
0 597 0.072464 0.930114 0.051151 0.135227
0 599 0.526854 0.951705 0.042626 0.096591
0 600 0.564365 0.963068 0.039216 0.076136
0 602 0.776215 0.910795 0.048593 0.153409
0 604 0.250639 0.685227 0.044331 0.138636
0 606 0.819267 0.843182 0.040921 0.170455
0 607 0.916454 0.861364 0.042626 0.159091
0 608 0.945439 0.842614 0.039216 0.164773
0 609 0.931799 0.797727 0.047741 0.159091
0 610 0.876385 0.546591 0.039216 0.127273
0 613 0.590793 0.215909 0.032396 0.097727
0 614 0.167519 0.022727 0.031543 0.043182
0 615 0.014919 0.574432 0.028133 0.123864
0 616 0.023870 0.525000 0.042626 0.120455
0 620 0.579710 0.702273 0.044331 0.140909
0 622 0.070759 0.335795 0.037511 0.128409
0 623 0.227195 0.564773 0.038363 0.145455
0 625 0.532396 0.556818 0.041773 0.125000
0 626 0.453964 0.435227 0.034953 0.113636
0 628 0.327366 0.325568 0.034101 0.114773
0 630 0.056692 0.420455 0.045183 0.125000
0 631 0.007246 0.543182 0.012788 0.125000
0 633 0.084399 0.360795 0.042626 0.117045
0 634 0.284740 0.593182 0.042626 0.138636
0 635 0.126172 0.353409 0.042626 0.118182
0 636 0.453538 0.190341 0.030691 0.094318
0 637 0.469736 0.524432 0.035806 0.121591
0 640 0.425405 0.428977 0.039216 0.128409
0 641 0.216539 0.053409 0.023870 0.084091
0 647 0.465047 0.407386 0.034953 0.121591
0 648 0.537084 0.467614 0.040921 0.135227
0 649 0.359761 0.322727 0.032396 0.120455
0 650 0.154305 0.214773 0.040921 0.097727
0 651 0.417732 0.275000 0.035806 0.097727
0 652 0.178176 0.333523 0.037511 0.114773
0 653 0.345269 0.276705 0.035806 0.121591
0 654 0.356351 0.196023 0.032396 0.103409
0 656 0.384058 0.196591 0.031543 0.111364
0 657 0.465047 0.254545 0.038363 0.118182
0 658 0.397272 0.268182 0.034101 0.106818
0 659 0.432225 0.184659 0.030691 0.103409
0 660 0.410912 0.199432 0.032396 0.103409
0 661 0.309463 0.184659 0.034101 0.114773
0 662 0.529412 0.135227 0.032396 0.104545
0 665 0.751066 0.334659 0.035806 0.110227
0 666 0.877238 0.231250 0.030691 0.107955
0 667 0.855072 0.420455 0.042626 0.118182
0 671 0.854220 0.226705 0.035806 0.107955
0 678 0.849105 0.402841 0.042626 0.123864
0 679 0.811594 0.418750 0.037511 0.121591
0 680 0.775362 0.856818 0.052003 0.154545
0 682 0.086104 0.449432 0.046036 0.128409
0 683 0.491049 0.414205 0.032396 0.121591
0 684 0.375107 0.514773 0.044331 0.120455
0 685 0.685422 0.982386 0.034101 0.037500
0 686 0.503410 0.402273 0.031543 0.109091
0 687 0.426257 0.500568 0.037511 0.128409
0 688 0.435635 0.144886 0.025575 0.087500
