0 191 0.058824 0.755682 0.046036 0.152273
0 201 0.055413 0.821023 0.051151 0.155682
0 202 0.138107 0.782386 0.037511 0.142045
0 206 0.620631 0.969886 0.051151 0.062500
0 212 0.679454 0.878977 0.044331 0.151136
0 213 0.450980 0.867045 0.046036 0.152273
0 214 0.487639 0.856818 0.046036 0.152273
0 215 0.342711 0.731818 0.042626 0.145455
0 216 0.308184 0.700568 0.048593 0.137500
0 217 0.274510 0.731818 0.051151 0.131818
0 218 0.013214 0.746023 0.024723 0.139773
0 221 0.474425 0.726136 0.038363 0.152273
0 222 0.508951 0.730682 0.046036 0.152273
0 223 0.406650 0.904545 0.044331 0.140909
0 224 0.382353 0.576705 0.038363 0.135227
0 225 0.134697 0.559659 0.039216 0.132955
0 226 0.163683 0.571023 0.046036 0.128409
0 229 0.747656 0.603409 0.046036 0.152273
0 230 0.721228 0.892045 0.044331 0.147727
0 231 0.341858 0.515341 0.037511 0.128409
0 232 0.299233 0.511364 0.040921 0.125000
0 234 0.092498 0.493750 0.038363 0.137500
0 236 0.875959 0.047727 0.024723 0.084091
0 237 0.847826 0.818182 0.052003 0.140909
0 244 0.509378 0.510227 0.041773 0.113636
0 245 0.439898 0.581250 0.039216 0.135227
0 246 0.479113 0.589205 0.040921 0.135227
0 247 0.543478 0.706250 0.045183 0.128409
0 329 0.311168 0.068750 0.030691 0.101136
0 331 0.804774 0.387500 0.042626 0.104545
0 332 0.105286 0.990909 0.034953 0.018182
0 333 0.281756 0.971591 0.045183 0.059091
0 334 0.204604 0.978409 0.044331 0.045455
0 335 0.235720 0.959659 0.048593 0.082955
0 336 0.147059 0.925568 0.043478 0.148864
0 337 0.182438 0.930114 0.042626 0.142045
0 338 0.430094 0.021591 0.024723 0.040909
0 340 0.413470 0.024432 0.028986 0.046591
0 342 0.347400 0.009659 0.028133 0.017045
0 343 0.236573 0.048295 0.028133 0.076136
0 344 0.791134 0.297159 0.035806 0.107955
0 345 0.804348 0.207955 0.038363 0.115909
0 346 0.857204 0.211364 0.034953 0.118182
0 347 0.815004 0.215341 0.032396 0.114773
0 348 0.828218 0.050568 0.034953 0.089773
0 355 0.718244 0.378409 0.038363 0.122727
0 356 0.499574 0.277273 0.032396 0.111364
0 357 0.543478 0.274432 0.038363 0.117045
0 358 0.800085 0.352273 0.038363 0.104545
0 359 0.766837 0.381818 0.040068 0.120455
0 360 0.761296 0.540909 0.037511 0.131818
0 361 0.814152 0.492045 0.028986 0.118182
0 362 0.794544 0.585227 0.034101 0.104545
0 363 0.846547 0.581250 0.039216 0.130682
0 364 0.797954 0.512500 0.039216 0.118182
0 365 0.562234 0.392045 0.046888 0.120455
0 367 0.533674 0.400000 0.040921 0.120455
0 368 0.331628 0.252841 0.035806 0.114773
0 369 0.497016 0.099432 0.027280 0.087500
0 370 0.278772 0.017614 0.023870 0.032955
0 371 0.360614 0.030114 0.025575 0.057955
0 372 0.398551 0.023295 0.024723 0.044318
0 374 0.819693 0.297159 0.038363 0.103409
0 375 0.832907 0.631818 0.025575 0.104545
0 376 0.254049 0.039205 0.027280 0.076136
0 377 0.713129 0.282386 0.050298 0.114773
0 378 0.822677 0.352273 0.042626 0.125000
0 379 0.555840 0.346023 0.034101 0.107955
0 381 0.807332 0.305682 0.042626 0.104545
0 382 0.775789 0.486932 0.040921 0.114773
0 383 0.523870 0.102273 0.033248 0.093182
0 390 0.555840 0.506818 0.037511 0.131818
0 391 0.579710 0.340341 0.039216 0.121591
0 395 0.691390 0.384659 0.034101 0.121591
0 397 0.562660 0.037500 0.028986 0.072727
0 398 0.578005 0.049432 0.023870 0.094318
0 537 0.056266 0.986364 0.022165 0.029545
0 538 0.793265 0.976136 0.031543 0.045455
0 539 0.834612 0.960227 0.051151 0.081818
0 540 0.876385 0.943182 0.040921 0.115909
0 554 0.612958 0.819318 0.044331 0.154545
0 555 0.658568 0.814205 0.045183 0.157955
0 556 0.789429 0.725568 0.049446 0.157955
0 557 0.809463 0.626705 0.045183 0.155682
0 558 0.864024 0.639773 0.038363 0.129545
0 559 0.734868 0.514773 0.042626 0.122727
0 565 0.252344 0.159659 0.030691 0.101136
0 566 0.482523 0.352841 0.042626 0.119318
0 568 0.242967 0.393182 0.032396 0.104545
0 569 0.266837 0.389205 0.034101 0.114773
0 570 0.291986 0.405682 0.034953 0.090909
0 572 0.297101 0.249432 0.034953 0.114773
0 573 0.436488 0.327273 0.035806 0.111364
0 574 0.317988 0.136364 0.034101 0.104545
0 575 0.190111 0.059091 0.027280 0.090909
0 576 0.298380 0.210227 0.028986 0.084091
0 577 0.545183 0.034091 0.031543 0.065909
0 578 0.448423 0.096023 0.030691 0.094318
0 579 0.473572 0.105682 0.031543 0.086364
0 580 0.212276 0.041477 0.028986 0.080682
0 581 0.204177 0.006818 0.034953 0.011364
0 583 0.332481 0.082386 0.030691 0.087500
0 584 0.498721 0.123864 0.032396 0.102273
0 585 0.771100 0.291477 0.041773 0.121591
0 586 0.387042 0.031250 0.027280 0.060227
0 587 0.470162 0.031818 0.028133 0.061364
0 588 0.524297 0.348864 0.037511 0.104545
0 589 0.260870 0.018750 0.023870 0.035227
0 597 0.080136 0.914773 0.047741 0.138636
0 599 0.522592 0.940909 0.040921 0.118182
0 600 0.562660 0.952273 0.039216 0.095455
0 602 0.772379 0.894886 0.046036 0.157955
0 604 0.247656 0.669886 0.041773 0.137500
0 606 0.810742 0.826705 0.040921 0.169318
0 607 0.908355 0.844318 0.041773 0.161364
0 608 0.936488 0.823295 0.041773 0.164773
0 609 0.923274 0.776705 0.047741 0.155682
0 610 0.871270 0.527273 0.039216 0.122727
0 613 0.574595 0.217045 0.032396 0.097727
0 614 0.150043 0.023295 0.032396 0.044318
0 615 0.014493 0.574432 0.027280 0.123864
0 616 0.028133 0.515909 0.042626 0.118182
0 620 0.573743 0.689773 0.042626 0.140909
0 622 0.074169 0.326705 0.037511 0.128409
0 623 0.226769 0.551136 0.039216 0.145455
0 625 0.520034 0.544886 0.037511 0.123864
0 626 0.449275 0.425000 0.035806 0.113636
0 628 0.330776 0.317614 0.034101 0.114773
0 630 0.063086 0.410227 0.046036 0.125000
0 631 0.008951 0.528409 0.016198 0.125000
0 633 0.091219 0.351705 0.042626 0.117045
0 634 0.279625 0.580682 0.042626 0.138636
0 635 0.129582 0.344318 0.040921 0.118182
0 636 0.456095 0.184659 0.030691 0.094318
0 637 0.461211 0.511932 0.035806 0.121591
0 640 0.421142 0.418750 0.039216 0.128409
0 641 0.221228 0.048864 0.024723 0.079545
0 647 0.462063 0.397159 0.035806 0.121591
0 648 0.538789 0.456250 0.040921 0.135227
0 649 0.361466 0.315909 0.032396 0.120455
0 650 0.161978 0.207955 0.040921 0.097727
0 651 0.419864 0.268182 0.034953 0.097727
0 652 0.182438 0.325568 0.037511 0.114773
0 653 0.346121 0.268750 0.035806 0.121591
0 654 0.358056 0.190341 0.032396 0.103409
0 656 0.385763 0.189773 0.031543 0.111364
0 657 0.466752 0.245455 0.038363 0.118182
0 658 0.398977 0.261364 0.034101 0.106818
0 659 0.433930 0.176705 0.030691 0.101136
0 660 0.410912 0.193750 0.032396 0.103409
0 661 0.314578 0.175568 0.034101 0.114773
0 662 0.528559 0.129545 0.032396 0.102273
0 665 0.756181 0.325568 0.035806 0.110227
0 666 0.879795 0.222159 0.030691 0.107955
0 667 0.853367 0.412500 0.042626 0.118182
0 671 0.855925 0.219886 0.035806 0.107955
0 678 0.846547 0.396023 0.042626 0.123864
0 679 0.812020 0.410795 0.038363 0.121591
0 680 0.767263 0.838636 0.052856 0.154545
0 682 0.092072 0.436932 0.046036 0.128409
0 683 0.488491 0.401705 0.032396 0.121591
0 684 0.376812 0.503409 0.044331 0.120455
0 685 0.679454 0.973864 0.046036 0.054545
0 686 0.500000 0.392045 0.031543 0.106818
0 687 0.427110 0.488068 0.037511 0.128409
0 688 0.435635 0.138636 0.025575 0.086364
