0 178 0.378517 0.959091 0.051151 0.084091
0 180 0.428815 0.956818 0.044331 0.088636
0 189 0.332055 0.976136 0.041773 0.050000
0 190 0.377238 0.973295 0.043478 0.053409
0 191 0.075874 0.656250 0.044331 0.139773
0 198 0.489770 0.929545 0.046888 0.143182
0 199 0.477408 0.942045 0.052856 0.118182
0 200 0.028559 0.650000 0.046888 0.134091
0 201 0.125320 0.652841 0.042626 0.151136
0 202 0.138534 0.608523 0.038363 0.128409
0 203 0.327792 0.928409 0.057118 0.136364
0 204 0.690111 0.936364 0.065644 0.125000
0 205 0.744672 0.932386 0.046888 0.137500
0 206 0.563939 0.823295 0.052003 0.148864
0 212 0.601449 0.709091 0.050298 0.138636
0 213 0.408781 0.673295 0.041773 0.130682
0 214 0.461637 0.662500 0.046888 0.134091
0 215 0.315431 0.582955 0.044331 0.127273
0 216 0.277067 0.563068 0.042626 0.132955
0 217 0.255754 0.590909 0.042626 0.120455
0 218 0.082694 0.585227 0.035806 0.127273
0 221 0.402813 0.571591 0.040068 0.131818
0 222 0.444587 0.572727 0.040068 0.120455
0 223 0.352089 0.701136 0.040921 0.143182
0 224 0.381927 0.453409 0.040921 0.115909
0 225 0.210997 0.438636 0.038363 0.125000
0 226 0.231884 0.455682 0.046036 0.125000
0 227 0.969309 0.978409 0.040921 0.045455
0 228 0.977835 0.811364 0.039216 0.125000
0 229 0.766411 0.485227 0.042626 0.134091
0 230 0.632992 0.719318 0.041773 0.134091
0 231 0.362745 0.389773 0.038363 0.125000
0 232 0.320546 0.389773 0.039216 0.120455
0 236 0.921142 0.110227 0.031543 0.097727
0 237 0.829071 0.672159 0.046888 0.135227
0 238 0.921142 0.803977 0.053708 0.146591
0 239 0.945013 0.681818 0.043478 0.140909
0 244 0.577579 0.480114 0.040068 0.121591
0 245 0.450980 0.460795 0.042626 0.121591
0 246 0.477835 0.460795 0.041773 0.121591
0 247 0.497442 0.592045 0.038363 0.113636
0 329 0.324382 0.035227 0.034953 0.068182
0 331 0.809463 0.301705 0.038363 0.117045
0 332 0.111679 0.984659 0.035806 0.032955
0 333 0.282182 0.976136 0.040921 0.047727
0 334 0.213981 0.984659 0.044331 0.032955
0 335 0.239557 0.963068 0.047741 0.076136
0 336 0.150895 0.930114 0.046036 0.142045
0 337 0.187980 0.932386 0.045183 0.137500
0 343 0.313299 0.011932 0.024723 0.021591
0 344 0.788150 0.172159 0.041773 0.103409
0 345 0.809037 0.165341 0.032396 0.096591
0 346 0.851662 0.140341 0.035806 0.107955
0 347 0.838448 0.150000 0.031543 0.097727
0 348 0.835465 0.035227 0.037511 0.068182
0 355 0.698210 0.300000 0.037511 0.115909
0 356 0.575874 0.191477 0.028133 0.101136
0 358 0.770247 0.282386 0.036658 0.112500
0 359 0.725490 0.299432 0.032396 0.107955
0 360 0.747229 0.412500 0.043478 0.118182
0 361 0.760017 0.368750 0.036658 0.105682
0 362 0.753197 0.447159 0.038363 0.101136
0 363 0.819693 0.436364 0.038363 0.118182
0 364 0.748934 0.372727 0.034953 0.104545
0 365 0.585678 0.293750 0.035806 0.110227
0 366 0.599318 0.244318 0.042626 0.113636
0 367 0.551577 0.285795 0.037511 0.117045
0 368 0.414322 0.166477 0.027280 0.089773
0 369 0.503836 0.042045 0.028986 0.081818
0 373 0.399829 0.936932 0.046036 0.128409
0 374 0.855072 0.217614 0.039216 0.101136
0 375 0.793691 0.480682 0.027280 0.084091
0 376 0.298380 0.006818 0.027280 0.011364
0 377 0.783461 0.211932 0.040921 0.110227
0 378 0.842285 0.271023 0.042626 0.107955
0 379 0.573743 0.257386 0.040921 0.119318
0 381 0.855925 0.240341 0.037511 0.101136
0 382 0.708440 0.354545 0.040921 0.102273
0 383 0.525149 0.043182 0.028986 0.084091
0 536 0.031969 0.950568 0.041773 0.098864
0 537 0.049020 0.958523 0.041773 0.082955
0 538 0.693095 0.776705 0.052856 0.142045
0 539 0.750213 0.770455 0.046036 0.143182
0 540 0.802217 0.740909 0.054561 0.143182
0 554 0.576300 0.641477 0.042626 0.130682
0 555 0.603154 0.644318 0.041773 0.131818
0 556 0.767690 0.575000 0.050298 0.134091
0 557 0.804774 0.489205 0.042626 0.135227
0 558 0.835038 0.494318 0.036658 0.111364
0 559 0.694373 0.384091 0.041773 0.111364
0 565 0.279625 0.085227 0.032396 0.097727
0 566 0.510230 0.273295 0.043478 0.117045
0 568 0.346547 0.298864 0.028133 0.088636
0 569 0.360614 0.301136 0.035806 0.118182
0 570 0.385763 0.301705 0.029838 0.085227
0 572 0.378090 0.179545 0.038363 0.106818
0 573 0.491049 0.244886 0.035806 0.114773
0 574 0.335038 0.067614 0.034101 0.098864
0 575 0.248508 0.015909 0.026428 0.029545
0 576 0.231884 0.322159 0.039216 0.107955
0 578 0.456522 0.034659 0.031543 0.067045
0 579 0.482523 0.037500 0.035806 0.072727
0 580 0.271952 0.007955 0.028986 0.013636
0 583 0.341858 0.034659 0.032396 0.067045
0 584 0.511083 0.064773 0.031543 0.095455
0 585 0.814578 0.211364 0.038363 0.109091
0 588 0.547741 0.246591 0.034953 0.106818
0 597 0.188832 0.745455 0.045183 0.145455
0 599 0.469736 0.756818 0.042626 0.147727
0 600 0.507246 0.767614 0.042626 0.142045
0 602 0.693947 0.702841 0.046036 0.139773
0 603 0.044331 0.578409 0.040921 0.134091
0 604 0.232737 0.539205 0.046036 0.123864
0 605 0.891304 0.892045 0.055413 0.156818
0 606 0.780904 0.673295 0.056266 0.148864
0 607 0.861893 0.647159 0.042626 0.153409
0 608 0.890026 0.639773 0.037511 0.154545
0 609 0.884058 0.575568 0.046036 0.132955
0 610 0.830350 0.397727 0.037511 0.127273
0 613 0.374680 0.264205 0.034953 0.105682
0 616 0.092072 0.436932 0.039216 0.114773
0 617 0.012361 0.460227 0.023018 0.125000
0 618 0.038789 0.492614 0.031543 0.101136
0 619 0.009804 0.507955 0.017903 0.129545
0 620 0.545183 0.583523 0.041773 0.137500
0 621 0.003836 0.346591 0.005968 0.106818
0 622 0.156436 0.234659 0.036658 0.112500
0 623 0.248508 0.398295 0.041773 0.128409
0 625 0.490196 0.425000 0.032396 0.115909
0 626 0.445865 0.326136 0.034101 0.104545
0 628 0.362745 0.234091 0.036658 0.104545
0 629 0.020460 0.349432 0.037511 0.114773
0 630 0.110401 0.308523 0.036658 0.110227
0 631 0.072464 0.385795 0.042626 0.119318
0 633 0.150043 0.268750 0.044331 0.123864
0 634 0.290708 0.421591 0.049446 0.118182
0 635 0.183717 0.263068 0.036658 0.110227
0 636 0.483376 0.122727 0.035806 0.093182
0 637 0.454817 0.394886 0.041773 0.121591
0 640 0.418159 0.313068 0.040068 0.110227
0 641 0.295396 0.009659 0.034953 0.017045
0 647 0.445865 0.297727 0.034101 0.109091
0 648 0.540921 0.350000 0.043478 0.122727
0 649 0.392583 0.240341 0.034953 0.114773
0 650 0.240835 0.131818 0.038363 0.093182
0 651 0.463342 0.201705 0.033248 0.096591
0 652 0.217391 0.240909 0.039216 0.109091
0 653 0.335891 0.189205 0.037511 0.110227
0 654 0.388747 0.114205 0.032396 0.094318
0 655 0.086530 0.072727 0.038363 0.097727
0 656 0.415601 0.121023 0.036658 0.101136
0 657 0.498295 0.160227 0.033248 0.109091
0 658 0.441603 0.201136 0.035806 0.104545
0 659 0.463768 0.114205 0.032396 0.101136
0 660 0.440324 0.126136 0.031543 0.090909
0 661 0.390452 0.093182 0.035806 0.100000
0 662 0.533674 0.065909 0.032396 0.095455
0 665 0.857630 0.240909 0.040921 0.111364
0 666 0.895141 0.147727 0.028986 0.090909
0 667 0.857630 0.330114 0.044331 0.114773
0 671 0.876812 0.143182 0.034953 0.100000
0 678 0.845269 0.310227 0.041773 0.118182
0 679 0.820119 0.324432 0.042626 0.110227
0 680 0.650043 0.667045 0.060529 0.152273
0 681 0.937766 0.882386 0.057971 0.160227
0 682 0.137255 0.317614 0.042626 0.114773
0 683 0.465047 0.296591 0.031543 0.109091
0 684 0.397272 0.385795 0.044331 0.112500
0 685 0.625320 0.835227 0.055413 0.156818
0 686 0.485081 0.299432 0.032396 0.105682
0 687 0.453112 0.357386 0.045183 0.119318
0 688 0.450980 0.080114 0.027280 0.078409
0 701 0.053282 0.481818 0.036658 0.109091
