0 178 0.374254 0.931250 0.051151 0.139773
0 180 0.442882 0.925000 0.048593 0.152273
0 189 0.265132 0.925568 0.054561 0.146591
0 190 0.312447 0.921023 0.052003 0.146591
0 191 0.090793 0.620455 0.046888 0.143182
0 193 0.015772 0.715341 0.029838 0.146591
0 198 0.474851 0.849432 0.047741 0.160227
0 199 0.443308 0.857386 0.056266 0.162500
0 200 0.060529 0.578977 0.039216 0.128409
0 201 0.138534 0.571591 0.046888 0.140909
0 202 0.161552 0.552273 0.036658 0.118182
0 203 0.329923 0.833523 0.051151 0.155682
0 204 0.644501 0.861932 0.059676 0.169318
0 205 0.686701 0.850000 0.046888 0.152273
0 206 0.517477 0.747159 0.047741 0.146591
0 212 0.566922 0.643750 0.042626 0.132955
0 213 0.407502 0.585227 0.042626 0.120455
0 214 0.452259 0.584091 0.045183 0.134091
0 215 0.314578 0.526705 0.042626 0.117045
0 216 0.271952 0.500568 0.040921 0.128409
0 217 0.259165 0.537500 0.042626 0.120455
0 218 0.127877 0.527273 0.037511 0.120455
0 221 0.402813 0.500568 0.033248 0.110227
0 222 0.441603 0.504545 0.037511 0.109091
0 223 0.338875 0.607386 0.041773 0.132955
0 224 0.394288 0.410227 0.041773 0.115909
0 225 0.250213 0.394318 0.041773 0.120455
0 226 0.264706 0.401136 0.046888 0.120455
0 227 0.894714 0.892614 0.046888 0.142045
0 228 0.932225 0.721023 0.045183 0.128409
0 229 0.758312 0.439773 0.041773 0.134091
0 230 0.592072 0.657386 0.040068 0.121591
0 231 0.373828 0.342045 0.038363 0.113636
0 232 0.341432 0.343750 0.040068 0.119318
0 236 0.930520 0.170455 0.031543 0.104545
0 237 0.837596 0.615909 0.038363 0.115909
0 238 0.877238 0.705114 0.047741 0.139773
0 239 0.928389 0.614773 0.046036 0.134091
0 244 0.584825 0.497727 0.039216 0.125000
0 245 0.458653 0.410227 0.046036 0.125000
0 246 0.494032 0.414773 0.041773 0.120455
0 247 0.488491 0.535795 0.042626 0.107955
0 329 0.339301 0.025000 0.035806 0.047727
0 331 0.817562 0.272159 0.037511 0.105682
0 333 0.287724 0.989205 0.041773 0.023864
0 335 0.239983 0.971591 0.052003 0.059091
0 336 0.154305 0.938636 0.046036 0.125000
0 337 0.192242 0.938636 0.045183 0.120455
0 344 0.715686 0.136364 0.041773 0.104545
0 345 0.820972 0.167045 0.032396 0.097727
0 346 0.835465 0.122727 0.035806 0.106818
0 347 0.833760 0.130682 0.032396 0.090909
0 348 0.883632 0.028409 0.033248 0.054545
0 349 0.845269 0.008523 0.031543 0.014773
0 356 0.604433 0.167614 0.028986 0.101136
0 358 0.749787 0.259091 0.034953 0.113636
0 359 0.724638 0.265341 0.032396 0.101136
0 361 0.755328 0.308523 0.039216 0.103409
0 362 0.738704 0.387500 0.034953 0.097727
0 363 0.801364 0.381818 0.039216 0.118182
0 364 0.727621 0.325000 0.034953 0.104545
0 365 0.589940 0.247727 0.039216 0.104545
0 367 0.557118 0.247159 0.038363 0.105682
0 368 0.473572 0.141477 0.028133 0.089773
0 369 0.507246 0.034659 0.028986 0.067045
0 373 0.392157 0.908523 0.049446 0.157955
0 374 0.872123 0.193750 0.034101 0.098864
0 375 0.763853 0.426136 0.028986 0.084091
0 377 0.809037 0.186932 0.042626 0.110227
0 378 0.817136 0.236932 0.041773 0.101136
0 379 0.600597 0.228977 0.041773 0.121591
0 381 0.884484 0.201136 0.036658 0.095455
0 383 0.528559 0.034091 0.028986 0.065909
0 536 0.111253 0.957386 0.045183 0.087500
0 537 0.084399 0.973295 0.051151 0.055682
0 538 0.702899 0.672727 0.040068 0.129545
0 539 0.738278 0.672159 0.037511 0.132955
0 540 0.774936 0.657955 0.044331 0.138636
0 554 0.534527 0.575000 0.042626 0.129545
0 555 0.573743 0.574432 0.046036 0.128409
0 556 0.761722 0.517614 0.050298 0.130682
0 557 0.796249 0.431250 0.049446 0.135227
0 558 0.809037 0.435227 0.037511 0.111364
0 559 0.664962 0.342045 0.042626 0.111364
0 565 0.296249 0.059091 0.033248 0.097727
0 566 0.518329 0.244318 0.042626 0.115909
0 568 0.390026 0.260227 0.028133 0.084091
0 569 0.410486 0.262500 0.036658 0.106818
0 570 0.429668 0.265909 0.028986 0.084091
0 572 0.433930 0.149432 0.042626 0.103409
0 573 0.519608 0.212500 0.036658 0.120455
0 574 0.353367 0.042045 0.031543 0.081818
0 576 0.186701 0.394886 0.040921 0.110227
0 578 0.466752 0.018182 0.031543 0.034091
0 579 0.492754 0.022727 0.039216 0.043182
0 583 0.358909 0.025000 0.034101 0.047727
0 584 0.513640 0.044886 0.034953 0.087500
0 585 0.834612 0.188068 0.037511 0.110227
0 588 0.560102 0.212500 0.034101 0.111364
0 593 0.931799 0.971023 0.044331 0.060227
0 594 0.942455 0.893750 0.055413 0.171591
0 597 0.232310 0.661364 0.041773 0.140909
0 599 0.432225 0.668750 0.044331 0.144318
0 600 0.477408 0.672159 0.037511 0.128409
0 602 0.630435 0.642045 0.046888 0.134091
0 603 0.099318 0.518182 0.043478 0.138636
0 604 0.245098 0.495455 0.040068 0.118182
0 605 0.836317 0.778977 0.044331 0.160227
0 606 0.804774 0.616477 0.051151 0.142045
0 607 0.846547 0.561932 0.042626 0.142045
0 608 0.881500 0.558523 0.037511 0.123864
0 609 0.846121 0.501136 0.046888 0.127273
0 610 0.830350 0.345455 0.035806 0.122727
0 613 0.251492 0.297727 0.032396 0.106818
0 616 0.121483 0.395455 0.038363 0.115909
0 617 0.046036 0.408523 0.037511 0.123864
0 618 0.087809 0.428977 0.032396 0.107955
0 619 0.041347 0.443182 0.038363 0.129545
0 620 0.534527 0.534091 0.042626 0.134091
0 621 0.060102 0.308523 0.036658 0.105682
0 622 0.213555 0.201705 0.033248 0.103409
0 623 0.254049 0.338636 0.037511 0.115909
0 625 0.497442 0.376136 0.033248 0.115909
0 626 0.461637 0.292614 0.033248 0.098864
0 628 0.384058 0.205682 0.036658 0.102273
0 629 0.083973 0.306250 0.038363 0.105682
0 630 0.141517 0.268182 0.037511 0.115909
0 631 0.133419 0.331250 0.041773 0.117045
0 633 0.182012 0.237500 0.038363 0.115909
0 634 0.303495 0.359091 0.054561 0.111364
0 635 0.215686 0.232386 0.034101 0.107955
0 636 0.496590 0.096591 0.041773 0.086364
0 637 0.453538 0.351136 0.042626 0.120455
0 640 0.442029 0.283523 0.041773 0.110227
0 643 0.008525 0.148295 0.015345 0.094318
0 644 0.014919 0.151705 0.028133 0.094318
0 647 0.457374 0.256818 0.033248 0.111364
0 648 0.540921 0.310227 0.046888 0.120455
0 649 0.413043 0.204545 0.036658 0.111364
0 650 0.273657 0.101705 0.037511 0.094318
0 651 0.491475 0.180114 0.033248 0.096591
0 652 0.243393 0.214205 0.033248 0.101136
0 653 0.344842 0.152841 0.036658 0.098864
0 654 0.406650 0.095455 0.032396 0.086364
0 655 0.169650 0.055682 0.037511 0.095455
0 656 0.428389 0.098864 0.038363 0.097727
0 657 0.491901 0.146591 0.037511 0.111364
0 658 0.467604 0.177841 0.036658 0.101136
0 659 0.477408 0.092614 0.035806 0.101136
0 660 0.449702 0.099432 0.033248 0.085227
0 661 0.410912 0.061364 0.034101 0.090909
0 662 0.540494 0.046591 0.034101 0.081818
0 665 0.901535 0.194886 0.034953 0.103409
0 666 0.903666 0.123864 0.028986 0.090909
0 667 0.867434 0.294886 0.046888 0.107955
0 671 0.884484 0.121023 0.034953 0.101136
0 678 0.846974 0.282955 0.041773 0.118182
0 679 0.838448 0.293182 0.034953 0.106818
0 680 0.590367 0.603409 0.058824 0.138636
0 681 0.901108 0.780114 0.059676 0.157955
0 682 0.176044 0.278409 0.041773 0.106818
0 683 0.467604 0.267045 0.031543 0.102273
0 684 0.400682 0.343750 0.044331 0.110227
0 685 0.569480 0.757386 0.049446 0.146591
0 686 0.488065 0.259659 0.033248 0.098864
0 687 0.455243 0.315909 0.044331 0.104545
0 688 0.465473 0.067045 0.034101 0.086364
0 696 0.318841 0.007386 0.028986 0.012500
0 701 0.125746 0.432386 0.036658 0.103409
