0 178 0.374254 0.930682 0.051151 0.140909
0 180 0.442882 0.923864 0.048593 0.154545
0 189 0.264280 0.920455 0.052856 0.150000
0 190 0.310315 0.917045 0.051151 0.150000
0 191 0.091645 0.618182 0.046888 0.143182
0 193 0.018329 0.709659 0.034953 0.155682
0 198 0.473572 0.843750 0.048593 0.160227
0 199 0.439898 0.848295 0.056266 0.162500
0 200 0.063512 0.575568 0.040068 0.128409
0 201 0.139386 0.566477 0.046888 0.139773
0 202 0.162404 0.549432 0.036658 0.117045
0 203 0.331202 0.826705 0.050298 0.153409
0 204 0.641944 0.855114 0.059676 0.169318
0 205 0.683717 0.843182 0.047741 0.152273
0 206 0.515772 0.741477 0.047741 0.146591
0 212 0.564365 0.640341 0.042626 0.132955
0 213 0.409207 0.581818 0.042626 0.120455
0 214 0.451407 0.578409 0.045183 0.134091
0 215 0.315004 0.522159 0.041773 0.117045
0 216 0.273657 0.498295 0.040921 0.126136
0 217 0.259591 0.534091 0.041773 0.120455
0 218 0.130861 0.521591 0.038363 0.120455
0 221 0.403666 0.496591 0.033248 0.111364
0 222 0.441176 0.500568 0.038363 0.110227
0 223 0.340153 0.601136 0.040921 0.129545
0 224 0.395567 0.406818 0.042626 0.115909
0 225 0.251492 0.390341 0.040921 0.119318
0 226 0.266411 0.397727 0.046888 0.120455
0 227 0.891304 0.885227 0.046888 0.138636
0 228 0.930520 0.714205 0.045183 0.128409
0 229 0.758312 0.435227 0.041773 0.134091
0 230 0.589514 0.653977 0.040068 0.121591
0 231 0.374680 0.339205 0.038363 0.112500
0 232 0.342711 0.340909 0.040921 0.120455
0 236 0.930520 0.172727 0.031543 0.104545
0 237 0.837596 0.611364 0.038363 0.115909
0 238 0.875107 0.698864 0.046888 0.138636
0 239 0.927110 0.611932 0.046888 0.132955
0 244 0.584825 0.498864 0.039216 0.125000
0 245 0.459506 0.406818 0.046036 0.125000
0 246 0.494885 0.410227 0.041773 0.120455
0 247 0.488917 0.531818 0.041773 0.106818
0 329 0.341006 0.024432 0.035806 0.046591
0 331 0.817562 0.269318 0.037511 0.104545
0 333 0.287724 0.989205 0.041773 0.023864
0 335 0.239983 0.971591 0.053708 0.059091
0 336 0.155158 0.939205 0.046036 0.123864
0 337 0.192242 0.939773 0.045183 0.120455
0 344 0.711850 0.132955 0.042626 0.104545
0 345 0.822251 0.164773 0.031543 0.097727
0 346 0.834612 0.120455 0.035806 0.106818
0 347 0.833760 0.129545 0.032396 0.090909
0 348 0.886616 0.027841 0.032396 0.053409
0 349 0.849531 0.008523 0.031543 0.014773
0 358 0.748082 0.255682 0.034953 0.113636
0 359 0.724638 0.263068 0.032396 0.101136
0 361 0.754476 0.305114 0.039216 0.103409
0 362 0.737425 0.382386 0.034101 0.096591
0 363 0.801364 0.377273 0.039216 0.118182
0 364 0.727195 0.322159 0.034101 0.103409
0 365 0.590793 0.244318 0.039216 0.104545
0 367 0.557545 0.244886 0.037511 0.105682
0 368 0.476982 0.139205 0.028133 0.089773
0 369 0.507246 0.034091 0.028986 0.065909
0 373 0.392157 0.905114 0.049446 0.157955
0 374 0.873828 0.190909 0.034101 0.097727
0 375 0.763001 0.421591 0.028986 0.084091
0 377 0.810742 0.185795 0.042626 0.110227
0 378 0.816283 0.235795 0.041773 0.101136
0 379 0.599744 0.225568 0.041773 0.121591
0 380 0.542626 0.023864 0.029838 0.045455
0 381 0.884484 0.198295 0.036658 0.094318
0 383 0.528559 0.033523 0.028986 0.064773
0 536 0.115942 0.955682 0.046036 0.090909
0 537 0.085678 0.974432 0.052003 0.053409
0 538 0.706735 0.665909 0.047741 0.131818
0 539 0.738704 0.666477 0.036658 0.132955
0 540 0.774510 0.651705 0.043478 0.137500
0 554 0.531969 0.570455 0.042626 0.129545
0 555 0.572890 0.569886 0.046036 0.128409
0 556 0.760017 0.514205 0.050298 0.130682
0 557 0.794544 0.426705 0.049446 0.135227
0 558 0.807758 0.429545 0.036658 0.111364
0 559 0.660699 0.338636 0.042626 0.111364
0 565 0.297954 0.056818 0.033248 0.097727
0 566 0.518329 0.242045 0.042626 0.115909
0 568 0.392157 0.256818 0.028986 0.084091
0 569 0.411338 0.260227 0.036658 0.106818
0 570 0.432225 0.263636 0.028986 0.084091
0 572 0.437340 0.147159 0.042626 0.101136
0 573 0.520460 0.211364 0.036658 0.120455
0 574 0.354220 0.040909 0.031543 0.079545
0 576 0.182438 0.397727 0.040921 0.111364
0 578 0.467604 0.016477 0.031543 0.030682
0 579 0.493606 0.021591 0.039216 0.040909
0 583 0.359761 0.024432 0.034101 0.046591
0 584 0.513640 0.044318 0.034953 0.086364
0 585 0.835465 0.186932 0.037511 0.110227
0 588 0.560955 0.209091 0.034101 0.111364
0 593 0.925405 0.967045 0.045183 0.068182
0 594 0.937340 0.885227 0.058824 0.170455
0 597 0.234015 0.655114 0.041773 0.137500
0 599 0.431799 0.662500 0.045183 0.143182
0 600 0.475703 0.666477 0.037511 0.126136
0 602 0.626172 0.637500 0.046888 0.134091
0 603 0.102302 0.514205 0.042626 0.137500
0 604 0.245951 0.492045 0.038363 0.118182
0 605 0.834612 0.772159 0.042626 0.160227
0 606 0.805200 0.613068 0.052003 0.142045
0 607 0.845695 0.556818 0.042626 0.140909
0 608 0.879795 0.552841 0.039216 0.123864
0 609 0.844416 0.496591 0.046888 0.125000
0 610 0.832055 0.342614 0.035806 0.121591
0 613 0.245098 0.298864 0.033248 0.106818
0 616 0.124041 0.392045 0.038363 0.115909
0 617 0.047741 0.405682 0.037511 0.125000
0 618 0.090367 0.424432 0.032396 0.107955
0 619 0.042626 0.438636 0.040921 0.129545
0 620 0.534527 0.530682 0.042626 0.134091
0 621 0.063512 0.305114 0.036658 0.105682
0 622 0.216113 0.199432 0.033248 0.103409
0 623 0.254902 0.334659 0.037511 0.114773
0 625 0.497442 0.372727 0.033248 0.115909
0 626 0.462489 0.290341 0.033248 0.098864
0 628 0.385763 0.203409 0.036658 0.102273
0 629 0.087383 0.302841 0.038363 0.105682
0 630 0.143649 0.266477 0.038363 0.119318
0 631 0.135976 0.327273 0.041773 0.115909
0 633 0.183291 0.230682 0.037511 0.111364
0 634 0.303069 0.354545 0.053708 0.111364
0 635 0.216965 0.229545 0.033248 0.106818
0 636 0.496590 0.094318 0.041773 0.086364
0 637 0.453538 0.348864 0.042626 0.120455
0 639 0.004263 0.176136 0.006820 0.088636
0 640 0.443308 0.280682 0.042626 0.111364
0 643 0.011083 0.147159 0.020460 0.094318
0 644 0.017903 0.150568 0.030691 0.094318
0 647 0.457374 0.253977 0.033248 0.110227
0 648 0.540068 0.306818 0.046888 0.120455
0 649 0.415601 0.201136 0.036658 0.111364
0 650 0.275789 0.099432 0.036658 0.094318
0 651 0.492327 0.177841 0.033248 0.096591
0 652 0.244672 0.211932 0.034101 0.101136
0 653 0.344842 0.151705 0.036658 0.101136
0 654 0.407076 0.095455 0.031543 0.086364
0 655 0.174339 0.053977 0.036658 0.094318
0 656 0.429241 0.097159 0.038363 0.096591
0 657 0.489770 0.145455 0.038363 0.111364
0 658 0.468457 0.176705 0.036658 0.101136
0 659 0.478261 0.090341 0.035806 0.101136
0 660 0.450554 0.097159 0.033248 0.085227
0 661 0.410912 0.059659 0.032396 0.089773
0 662 0.540494 0.045455 0.034101 0.079545
0 665 0.903240 0.192614 0.034953 0.103409
0 666 0.902813 0.119886 0.028986 0.089773
0 667 0.868713 0.292045 0.046036 0.106818
0 671 0.884484 0.118750 0.034953 0.101136
0 678 0.847400 0.279545 0.042626 0.118182
0 679 0.840153 0.290909 0.034953 0.106818
0 680 0.587383 0.599432 0.057971 0.137500
0 681 0.899403 0.773295 0.059676 0.157955
0 682 0.176897 0.275000 0.041773 0.106818
0 683 0.468457 0.264205 0.031543 0.101136
0 684 0.401108 0.340341 0.043478 0.110227
0 685 0.565217 0.751136 0.051151 0.145455
0 686 0.488065 0.257386 0.033248 0.098864
0 687 0.455243 0.312500 0.044331 0.104545
0 688 0.465473 0.065909 0.034101 0.086364
0 696 0.319693 0.006818 0.028986 0.011364
0 701 0.128303 0.428409 0.036658 0.102273
