0 158 0.349531 0.983523 0.032396 0.035227
0 178 0.374254 0.928409 0.051151 0.145455
0 180 0.443734 0.921023 0.046888 0.160227
0 189 0.265132 0.909659 0.049446 0.151136
0 190 0.305200 0.909091 0.051151 0.159091
0 191 0.092498 0.611932 0.046888 0.142045
0 193 0.020460 0.700000 0.039216 0.154545
0 198 0.470588 0.831250 0.049446 0.157955
0 199 0.434356 0.831250 0.053708 0.162500
0 200 0.067775 0.565341 0.043478 0.128409
0 201 0.139386 0.557955 0.046888 0.138636
0 202 0.164962 0.544318 0.036658 0.115909
0 203 0.333760 0.812500 0.050298 0.150000
0 204 0.635550 0.839773 0.062234 0.165909
0 205 0.678176 0.827273 0.052003 0.152273
0 206 0.513214 0.728977 0.051151 0.148864
0 212 0.559250 0.632386 0.042626 0.132955
0 213 0.411765 0.575000 0.042626 0.120455
0 214 0.450128 0.568182 0.044331 0.134091
0 215 0.316709 0.514205 0.043478 0.117045
0 216 0.277067 0.493182 0.040921 0.122727
0 217 0.259591 0.526136 0.041773 0.120455
0 218 0.136402 0.512500 0.037511 0.120455
0 221 0.404518 0.489205 0.033248 0.110227
0 222 0.439898 0.492045 0.040921 0.113636
0 223 0.343564 0.595455 0.039216 0.129545
0 224 0.397272 0.399432 0.042626 0.114773
0 225 0.254902 0.382955 0.039216 0.118182
0 226 0.270673 0.390909 0.046888 0.120455
0 227 0.882779 0.871591 0.046888 0.138636
0 228 0.926684 0.701705 0.046036 0.128409
0 229 0.758312 0.428409 0.041773 0.134091
0 230 0.585251 0.646591 0.041773 0.122727
0 231 0.375533 0.331818 0.038363 0.111364
0 232 0.344842 0.335795 0.040068 0.117045
0 236 0.930520 0.179545 0.031543 0.104545
0 237 0.838022 0.602841 0.040921 0.117045
0 238 0.872549 0.686932 0.045183 0.137500
0 239 0.922847 0.602841 0.046888 0.130682
0 244 0.584825 0.498864 0.039216 0.125000
0 245 0.460358 0.400000 0.046036 0.125000
0 246 0.495737 0.402273 0.041773 0.120455
0 247 0.489344 0.524432 0.042626 0.105682
0 329 0.343564 0.022159 0.035806 0.042045
0 331 0.819267 0.264773 0.037511 0.104545
0 333 0.288576 0.989773 0.041773 0.022727
0 335 0.240835 0.971591 0.055413 0.059091
0 336 0.156010 0.939205 0.046036 0.123864
0 337 0.193095 0.939773 0.045183 0.120455
0 345 0.825234 0.162500 0.032396 0.097727
0 346 0.835465 0.115341 0.035806 0.107955
0 347 0.832907 0.127273 0.032396 0.090909
0 348 0.894288 0.026705 0.032396 0.051136
0 349 0.859335 0.007386 0.030691 0.012500
0 350 0.849105 0.026705 0.030691 0.051136
0 358 0.745524 0.250000 0.034953 0.113636
0 359 0.723785 0.257386 0.032396 0.101136
0 361 0.751066 0.299432 0.039216 0.101136
0 362 0.735720 0.375568 0.034101 0.096591
0 363 0.800938 0.369318 0.038363 0.118182
0 364 0.726343 0.315909 0.034101 0.102273
0 365 0.590793 0.240909 0.039216 0.104545
0 367 0.557971 0.239773 0.036658 0.104545
0 368 0.482950 0.136932 0.028133 0.089773
0 369 0.507246 0.032955 0.028986 0.063636
0 373 0.392157 0.897727 0.049446 0.159091
0 374 0.875533 0.186364 0.034101 0.097727
0 375 0.761296 0.412500 0.028986 0.084091
0 377 0.812447 0.183523 0.042626 0.110227
0 378 0.812447 0.231818 0.042626 0.100000
0 379 0.598039 0.218750 0.041773 0.121591
0 380 0.541773 0.021591 0.029838 0.040909
0 381 0.885337 0.192614 0.036658 0.092045
0 383 0.528559 0.031818 0.028986 0.061364
0 536 0.121910 0.956818 0.046036 0.088636
0 537 0.089514 0.976136 0.054561 0.050000
0 538 0.711424 0.657386 0.050298 0.130682
0 539 0.739983 0.654545 0.037511 0.129545
0 540 0.774510 0.641477 0.048593 0.137500
0 554 0.531117 0.562500 0.042626 0.129545
0 555 0.570759 0.560795 0.046888 0.128409
0 556 0.757460 0.506250 0.050298 0.130682
0 557 0.790708 0.417045 0.048593 0.134091
0 558 0.805627 0.420455 0.037511 0.111364
0 559 0.651748 0.330682 0.041773 0.111364
0 565 0.300512 0.053977 0.033248 0.096591
0 566 0.519182 0.237500 0.042626 0.115909
0 568 0.396846 0.250000 0.028133 0.084091
0 569 0.413896 0.254545 0.036658 0.106818
0 570 0.436488 0.259091 0.028986 0.084091
0 572 0.444160 0.143750 0.042626 0.101136
0 573 0.521313 0.207955 0.036658 0.120455
0 574 0.355072 0.039205 0.031543 0.076136
0 576 0.174766 0.404545 0.040921 0.111364
0 578 0.469309 0.014773 0.031543 0.027273
0 579 0.494459 0.019318 0.039216 0.036364
0 583 0.362319 0.022727 0.034101 0.043182
0 584 0.511935 0.042614 0.034953 0.082955
0 585 0.837170 0.183523 0.037511 0.110227
0 588 0.561807 0.202273 0.034101 0.111364
0 593 0.913470 0.958523 0.046888 0.085227
0 594 0.930094 0.867614 0.064791 0.167045
0 597 0.238278 0.644886 0.041773 0.135227
0 599 0.430946 0.650568 0.046888 0.139773
0 600 0.471867 0.660795 0.040068 0.128409
0 602 0.617221 0.629545 0.046036 0.134091
0 603 0.108269 0.506250 0.042626 0.135227
0 604 0.246803 0.486364 0.036658 0.115909
0 605 0.831202 0.758523 0.040921 0.160227
0 606 0.805200 0.603977 0.052003 0.142045
0 607 0.844842 0.546591 0.042626 0.138636
0 608 0.876812 0.544886 0.040068 0.130682
0 609 0.841006 0.486364 0.046888 0.122727
0 610 0.834186 0.334659 0.034953 0.119318
0 613 0.232310 0.302273 0.033248 0.106818
0 616 0.127451 0.385227 0.038363 0.115909
0 617 0.052003 0.398864 0.035806 0.125000
0 618 0.093777 0.414205 0.032396 0.107955
0 619 0.044757 0.427841 0.040068 0.126136
0 620 0.533674 0.523864 0.042626 0.134091
0 621 0.071185 0.297159 0.036658 0.105682
0 622 0.219949 0.194318 0.034101 0.104545
0 623 0.256607 0.328409 0.037511 0.115909
0 625 0.496590 0.365909 0.033248 0.115909
0 626 0.464194 0.283523 0.033248 0.098864
0 628 0.389173 0.198864 0.036658 0.102273
0 629 0.094203 0.296591 0.038363 0.104545
0 630 0.146206 0.261364 0.038363 0.120455
0 631 0.141944 0.319318 0.041773 0.113636
0 633 0.185848 0.226136 0.037511 0.111364
0 634 0.301790 0.346591 0.052856 0.111364
0 635 0.217818 0.223864 0.034953 0.104545
0 636 0.497869 0.090341 0.040921 0.085227
0 637 0.452685 0.343182 0.042626 0.120455
0 639 0.009804 0.171591 0.017903 0.088636
0 640 0.445865 0.275000 0.042626 0.111364
0 643 0.014919 0.144318 0.028133 0.093182
0 644 0.027280 0.147159 0.030691 0.094318
0 647 0.458227 0.248864 0.033248 0.111364
0 648 0.539216 0.301136 0.046888 0.120455
0 649 0.421142 0.196591 0.037511 0.111364
0 650 0.279625 0.096023 0.039216 0.094318
0 651 0.494885 0.174432 0.033248 0.096591
0 652 0.247229 0.208523 0.035806 0.101136
0 653 0.345269 0.150000 0.037511 0.106818
0 654 0.408781 0.095455 0.031543 0.086364
0 655 0.183717 0.051136 0.034953 0.093182
0 656 0.430946 0.093750 0.038363 0.096591
0 657 0.486360 0.144318 0.038363 0.111364
0 658 0.471867 0.172159 0.036658 0.101136
0 659 0.479113 0.086932 0.035806 0.101136
0 660 0.451407 0.094886 0.033248 0.085227
0 661 0.410912 0.055682 0.030691 0.088636
0 662 0.541347 0.043182 0.034101 0.077273
0 665 0.906650 0.188068 0.034953 0.103409
0 666 0.902813 0.114205 0.028986 0.087500
0 667 0.870844 0.287500 0.045183 0.106818
0 671 0.882779 0.114205 0.034953 0.101136
0 678 0.849105 0.273295 0.042626 0.117045
0 679 0.842711 0.286364 0.034953 0.106818
0 680 0.580989 0.592045 0.057118 0.136364
0 681 0.895141 0.759659 0.059676 0.157955
0 682 0.178602 0.269318 0.041773 0.106818
0 683 0.469309 0.259659 0.031543 0.098864
0 684 0.401535 0.333523 0.042626 0.110227
0 685 0.554987 0.736364 0.057971 0.140909
0 686 0.488917 0.252841 0.033248 0.098864
0 687 0.454817 0.305682 0.045183 0.104545
0 688 0.465473 0.062500 0.034101 0.086364
0 701 0.132566 0.420455 0.036658 0.102273
