0 178 0.374254 0.932386 0.051151 0.137500
0 180 0.442455 0.926705 0.049446 0.148864
0 189 0.268968 0.928977 0.055413 0.139773
0 190 0.315004 0.925000 0.052003 0.143182
0 191 0.089940 0.623864 0.046888 0.143182
0 193 0.014493 0.720455 0.027280 0.147727
0 198 0.477408 0.855114 0.047741 0.160227
0 199 0.445865 0.864205 0.056266 0.162500
0 200 0.055840 0.581818 0.041773 0.129545
0 201 0.138534 0.576136 0.046888 0.140909
0 202 0.159847 0.555682 0.036658 0.118182
0 203 0.329071 0.840341 0.051151 0.157955
0 204 0.647059 0.868182 0.061381 0.168182
0 205 0.689258 0.854545 0.046888 0.152273
0 206 0.519608 0.753409 0.048593 0.147727
0 212 0.569054 0.648295 0.043478 0.132955
0 213 0.406650 0.588636 0.042626 0.120455
0 214 0.452685 0.589773 0.046036 0.134091
0 215 0.314578 0.531250 0.046036 0.119318
0 216 0.271100 0.503409 0.040921 0.129545
0 217 0.259165 0.542045 0.042626 0.120455
0 218 0.124893 0.531818 0.038363 0.120455
0 221 0.401961 0.504545 0.033248 0.111364
0 222 0.441176 0.507386 0.038363 0.110227
0 223 0.338875 0.619318 0.046888 0.143182
0 224 0.393436 0.412500 0.041773 0.115909
0 225 0.247656 0.396591 0.041773 0.120455
0 226 0.263001 0.405682 0.046888 0.120455
0 227 0.896419 0.901136 0.045183 0.145455
0 228 0.933930 0.727841 0.045183 0.128409
0 229 0.758738 0.443182 0.042626 0.134091
0 230 0.594629 0.660795 0.040068 0.121591
0 231 0.372975 0.346023 0.038363 0.114773
0 232 0.340580 0.347159 0.038363 0.119318
0 236 0.930520 0.167045 0.031543 0.104545
0 237 0.836743 0.621023 0.040068 0.119318
0 238 0.878517 0.711364 0.048593 0.140909
0 239 0.928389 0.614205 0.046036 0.135227
0 244 0.584825 0.497727 0.039216 0.125000
0 245 0.458653 0.413636 0.046036 0.125000
0 246 0.493180 0.418182 0.041773 0.120455
0 247 0.488491 0.539773 0.046036 0.109091
0 329 0.337596 0.026136 0.035806 0.050000
0 331 0.819267 0.276136 0.037511 0.109091
0 333 0.287724 0.989205 0.041773 0.023864
0 335 0.239983 0.971591 0.052003 0.059091
0 336 0.154305 0.938636 0.046036 0.125000
0 337 0.191390 0.938636 0.045183 0.120455
0 343 0.352089 0.006818 0.025575 0.011364
0 344 0.719096 0.139773 0.041773 0.104545
0 345 0.819693 0.168182 0.031543 0.097727
0 346 0.836317 0.125000 0.035806 0.106818
0 347 0.834612 0.131818 0.032396 0.090909
0 348 0.879795 0.029545 0.034101 0.056818
0 349 0.842711 0.007955 0.031543 0.013636
0 356 0.603581 0.169886 0.028986 0.101136
0 358 0.751492 0.262500 0.034953 0.113636
0 359 0.724638 0.268750 0.032396 0.101136
0 360 0.698210 0.357955 0.046036 0.125000
0 361 0.756181 0.311364 0.039216 0.104545
0 362 0.739130 0.391477 0.035806 0.098864
0 363 0.801364 0.385227 0.039216 0.118182
0 364 0.728474 0.328409 0.034953 0.104545
0 365 0.589088 0.251136 0.039216 0.104545
0 367 0.557118 0.250000 0.038363 0.106818
0 368 0.471014 0.142614 0.028133 0.089773
0 369 0.506394 0.035227 0.028986 0.068182
0 373 0.391731 0.911932 0.048593 0.157955
0 374 0.870844 0.196591 0.034953 0.100000
0 375 0.765558 0.430682 0.028986 0.084091
0 377 0.808184 0.189205 0.042626 0.110227
0 378 0.818841 0.239205 0.041773 0.101136
0 379 0.599744 0.231250 0.041773 0.121591
0 381 0.883632 0.204545 0.036658 0.095455
0 383 0.528559 0.035227 0.028986 0.068182
0 536 0.106991 0.958523 0.045183 0.085227
0 537 0.082694 0.972727 0.049446 0.056818
0 538 0.700341 0.679545 0.040068 0.129545
0 539 0.739557 0.675568 0.040068 0.132955
0 540 0.775789 0.665341 0.051151 0.144318
0 554 0.536232 0.579545 0.042626 0.129545
0 555 0.575021 0.578977 0.045183 0.128409
0 556 0.763427 0.522159 0.050298 0.130682
0 557 0.798380 0.436364 0.050298 0.136364
0 558 0.810315 0.439773 0.036658 0.111364
0 559 0.668372 0.346591 0.042626 0.111364
0 565 0.295396 0.061364 0.033248 0.097727
0 566 0.518329 0.246591 0.042626 0.115909
0 568 0.387894 0.263636 0.028986 0.084091
0 569 0.407928 0.264773 0.036658 0.106818
0 570 0.427962 0.269318 0.028986 0.084091
0 572 0.430520 0.152841 0.042626 0.103409
0 573 0.517903 0.214773 0.036658 0.120455
0 574 0.352941 0.044318 0.032396 0.084091
0 576 0.190111 0.391477 0.040921 0.110227
0 578 0.465899 0.019318 0.031543 0.036364
0 579 0.491901 0.023864 0.039216 0.045455
0 583 0.358056 0.025568 0.034101 0.048864
0 584 0.513640 0.045455 0.034953 0.088636
0 585 0.833760 0.190341 0.037511 0.110227
0 588 0.560102 0.215909 0.034101 0.111364
0 593 0.937766 0.975000 0.042626 0.052273
0 594 0.944160 0.900568 0.057118 0.171591
0 597 0.231458 0.669318 0.043478 0.147727
0 599 0.432651 0.674432 0.043478 0.146591
0 600 0.479540 0.680682 0.041773 0.138636
0 602 0.635550 0.646023 0.046888 0.135227
0 603 0.095908 0.522727 0.043478 0.138636
0 604 0.244246 0.498295 0.040068 0.119318
0 605 0.838448 0.785795 0.045183 0.160227
0 606 0.804774 0.621023 0.051151 0.142045
0 607 0.846547 0.567045 0.042626 0.143182
0 608 0.884058 0.567614 0.037511 0.130682
0 609 0.847826 0.506250 0.046888 0.128409
0 610 0.829071 0.349432 0.036658 0.123864
0 613 0.258738 0.296591 0.031543 0.106818
0 616 0.119778 0.398864 0.038363 0.115909
0 617 0.043905 0.411932 0.038363 0.123864
0 618 0.085251 0.433523 0.032396 0.107955
0 619 0.038789 0.448864 0.038363 0.129545
0 620 0.535379 0.537500 0.042626 0.134091
0 621 0.055840 0.311932 0.036658 0.105682
0 622 0.210145 0.204545 0.033248 0.104545
0 623 0.253197 0.342614 0.037511 0.114773
0 625 0.497442 0.379545 0.033248 0.115909
0 626 0.460784 0.296023 0.033248 0.098864
0 628 0.382353 0.207955 0.036658 0.102273
0 629 0.080563 0.309091 0.038363 0.106818
0 630 0.139812 0.270455 0.037511 0.113636
0 631 0.130861 0.334659 0.041773 0.117045
0 633 0.180733 0.243182 0.039216 0.118182
0 634 0.303922 0.362500 0.055413 0.111364
0 635 0.213555 0.236932 0.034953 0.110227
0 636 0.495737 0.098295 0.041773 0.087500
0 637 0.454390 0.353977 0.042626 0.121591
0 640 0.440750 0.285795 0.042626 0.110227
0 643 0.005968 0.150568 0.010230 0.094318
0 644 0.012788 0.151705 0.023870 0.094318
0 647 0.457374 0.259659 0.033248 0.110227
0 648 0.540921 0.312500 0.046888 0.120455
0 649 0.413043 0.206818 0.036658 0.111364
0 650 0.270673 0.105114 0.040068 0.094318
0 651 0.489770 0.182386 0.033248 0.096591
0 652 0.241688 0.217045 0.034953 0.102273
0 653 0.344842 0.156250 0.036658 0.098864
0 654 0.406650 0.099432 0.032396 0.089773
0 655 0.164962 0.057386 0.036658 0.096591
0 656 0.427536 0.101136 0.038363 0.097727
0 657 0.494032 0.147727 0.038363 0.111364
0 658 0.465899 0.180114 0.036658 0.101136
0 659 0.476556 0.094886 0.035806 0.101136
0 660 0.449702 0.100568 0.033248 0.085227
0 661 0.410912 0.063636 0.034101 0.090909
0 662 0.540494 0.047159 0.034101 0.082955
0 665 0.900256 0.197159 0.035806 0.103409
0 666 0.903666 0.126136 0.028986 0.090909
0 667 0.866581 0.297159 0.046888 0.107955
0 671 0.884484 0.123295 0.034953 0.101136
0 678 0.846974 0.284091 0.041773 0.118182
0 679 0.836743 0.295455 0.034953 0.106818
0 680 0.593777 0.606818 0.058824 0.138636
0 681 0.903666 0.786932 0.059676 0.157955
0 682 0.175192 0.281818 0.041773 0.106818
0 683 0.467604 0.269318 0.031543 0.102273
0 684 0.400682 0.347159 0.044331 0.110227
0 685 0.572464 0.763068 0.052003 0.148864
0 686 0.488065 0.263068 0.033248 0.098864
0 687 0.455243 0.319318 0.044331 0.104545
0 688 0.464621 0.069318 0.034101 0.086364
0 696 0.318841 0.007386 0.028986 0.012500
0 701 0.122336 0.435795 0.036658 0.103409
