0 178 0.375533 0.938068 0.052003 0.126136
0 180 0.438619 0.934659 0.048593 0.132955
0 189 0.286445 0.945455 0.056266 0.111364
0 190 0.331202 0.938636 0.055413 0.125000
0 191 0.086957 0.638068 0.042626 0.142045
0 193 0.008099 0.746591 0.014493 0.152273
0 198 0.488065 0.878977 0.046888 0.157955
0 199 0.456948 0.890341 0.056266 0.162500
0 200 0.048167 0.602273 0.041773 0.129545
0 201 0.136829 0.597159 0.046888 0.144318
0 202 0.153879 0.568750 0.036658 0.121591
0 203 0.327792 0.869886 0.052003 0.164773
0 204 0.662404 0.887500 0.064791 0.165909
0 205 0.702046 0.877273 0.046888 0.152273
0 206 0.531543 0.773295 0.052003 0.144318
0 212 0.579284 0.664205 0.046888 0.135227
0 213 0.405797 0.615341 0.042626 0.130682
0 214 0.455669 0.612500 0.046888 0.134091
0 215 0.313299 0.546023 0.040068 0.123864
0 216 0.275789 0.520455 0.041773 0.129545
0 217 0.257460 0.559091 0.042626 0.120455
0 218 0.114663 0.546591 0.038363 0.120455
0 221 0.400682 0.523295 0.035806 0.114773
0 222 0.441176 0.525000 0.041773 0.115909
0 223 0.333760 0.640341 0.038363 0.137500
0 224 0.389173 0.423864 0.038363 0.115909
0 225 0.238704 0.410227 0.042626 0.120455
0 226 0.253623 0.420455 0.046888 0.120455
0 227 0.910486 0.935227 0.044331 0.131818
0 228 0.942029 0.753977 0.044331 0.128409
0 229 0.759591 0.460227 0.042626 0.134091
0 230 0.606138 0.675568 0.039216 0.123864
0 231 0.370418 0.360227 0.038363 0.118182
0 232 0.335891 0.363068 0.032396 0.117045
0 236 0.930946 0.153409 0.032396 0.104545
0 237 0.833760 0.642614 0.046036 0.132955
0 238 0.885337 0.736932 0.052003 0.142045
0 239 0.937766 0.635795 0.046036 0.135227
0 244 0.582268 0.496591 0.039216 0.125000
0 245 0.457801 0.430114 0.044331 0.121591
0 246 0.489344 0.431818 0.042626 0.120455
0 247 0.488917 0.557386 0.041773 0.110227
0 329 0.332481 0.029545 0.035806 0.056818
0 331 0.817562 0.286932 0.039216 0.117045
0 333 0.288576 0.988636 0.041773 0.025000
0 335 0.240409 0.971023 0.047741 0.060227
0 336 0.154305 0.938068 0.046036 0.126136
0 337 0.190537 0.937500 0.045183 0.120455
0 343 0.343137 0.009659 0.024723 0.017045
0 344 0.734868 0.141477 0.042626 0.103409
0 345 0.814578 0.171023 0.031543 0.096591
0 346 0.840580 0.130682 0.035806 0.106818
0 347 0.836317 0.137500 0.032396 0.090909
0 348 0.865729 0.028977 0.034953 0.055682
0 356 0.598039 0.177841 0.028133 0.101136
0 358 0.759591 0.276136 0.035806 0.113636
0 359 0.726343 0.280114 0.032396 0.101136
0 360 0.710145 0.372727 0.046036 0.125000
0 361 0.760017 0.323864 0.038363 0.104545
0 362 0.743819 0.411364 0.038363 0.100000
0 363 0.806905 0.402273 0.038363 0.118182
0 364 0.733589 0.342045 0.034953 0.104545
0 365 0.587383 0.265909 0.039216 0.104545
0 367 0.555413 0.262500 0.038363 0.109091
0 368 0.454817 0.159659 0.028133 0.089773
0 369 0.503836 0.040341 0.028986 0.078409
0 373 0.391304 0.923295 0.051151 0.151136
0 374 0.869565 0.206250 0.035806 0.101136
0 375 0.771526 0.451136 0.028986 0.084091
0 377 0.803069 0.197159 0.042626 0.110227
0 378 0.826087 0.250568 0.040921 0.103409
0 379 0.590367 0.239205 0.041773 0.121591
0 381 0.879795 0.216477 0.037511 0.098864
0 382 0.687980 0.325000 0.042626 0.111364
0 383 0.527707 0.038636 0.028986 0.075000
0 536 0.087809 0.964773 0.042626 0.072727
0 537 0.075874 0.968750 0.044331 0.064773
0 538 0.688406 0.709091 0.041773 0.131818
0 539 0.745098 0.701705 0.046036 0.135227
0 540 0.785592 0.689205 0.050298 0.142045
0 554 0.545610 0.601136 0.042626 0.129545
0 555 0.579284 0.598864 0.043478 0.129545
0 556 0.765558 0.536932 0.047741 0.132955
0 557 0.805627 0.455682 0.051151 0.138636
0 558 0.816283 0.455682 0.036658 0.111364
0 559 0.677749 0.360227 0.042626 0.111364
0 565 0.289429 0.071591 0.033248 0.097727
0 566 0.519608 0.255682 0.043478 0.115909
0 568 0.378090 0.275000 0.028133 0.084091
0 569 0.396846 0.275568 0.036658 0.112500
0 570 0.417306 0.278409 0.028133 0.084091
0 572 0.416454 0.166477 0.043478 0.107955
0 573 0.512361 0.225000 0.037511 0.120455
0 574 0.349957 0.053977 0.033248 0.092045
0 575 0.288150 0.009091 0.025575 0.015909
0 576 0.202472 0.379545 0.041773 0.111364
0 578 0.462489 0.025000 0.031543 0.047727
0 579 0.490196 0.028977 0.039216 0.055682
0 583 0.352941 0.028977 0.034101 0.055682
0 584 0.513214 0.051136 0.034101 0.090909
0 585 0.830350 0.197159 0.037511 0.110227
0 588 0.559250 0.225000 0.034101 0.111364
0 594 0.954817 0.923295 0.056266 0.155682
0 597 0.224638 0.688068 0.045183 0.132955
0 599 0.440324 0.703409 0.041773 0.147727
0 600 0.487212 0.705682 0.041773 0.136364
0 602 0.651748 0.665341 0.046888 0.135227
0 603 0.083973 0.538636 0.043478 0.138636
0 604 0.240835 0.511364 0.045183 0.122727
0 605 0.849105 0.817614 0.044331 0.164773
0 606 0.802643 0.636932 0.052003 0.142045
0 607 0.848252 0.588068 0.042626 0.146591
0 608 0.890026 0.592045 0.040921 0.143182
0 609 0.856351 0.525568 0.046888 0.128409
0 610 0.827366 0.363068 0.036658 0.126136
0 613 0.288150 0.293182 0.028986 0.106818
0 616 0.113811 0.411364 0.038363 0.115909
0 617 0.034953 0.425568 0.040921 0.123864
0 618 0.070759 0.454545 0.032396 0.106818
0 619 0.029412 0.466477 0.038363 0.128409
0 620 0.535379 0.550000 0.042626 0.134091
0 621 0.039642 0.325568 0.036658 0.105682
0 622 0.194373 0.214773 0.034101 0.111364
0 623 0.248934 0.360227 0.037511 0.115909
0 625 0.495737 0.394318 0.033248 0.115909
0 626 0.457374 0.305114 0.033248 0.098864
0 628 0.375533 0.219318 0.036658 0.102273
0 629 0.064365 0.322727 0.033248 0.104545
0 630 0.134271 0.288068 0.038363 0.119318
0 631 0.115942 0.351136 0.035806 0.109091
0 633 0.176471 0.250000 0.039216 0.118182
0 634 0.297101 0.380114 0.046888 0.114773
0 635 0.205030 0.250000 0.036658 0.115909
0 636 0.494032 0.107386 0.041773 0.089773
0 637 0.456095 0.365341 0.042626 0.121591
0 640 0.434783 0.296023 0.042626 0.110227
0 644 0.002984 0.157386 0.004263 0.094318
0 647 0.453964 0.269886 0.033248 0.110227
0 648 0.543478 0.325000 0.046888 0.120455
0 649 0.413043 0.218182 0.036658 0.111364
0 650 0.263853 0.113636 0.033248 0.093182
0 651 0.486360 0.190341 0.033248 0.096591
0 652 0.234868 0.226705 0.038363 0.103409
0 653 0.346547 0.169318 0.036658 0.102273
0 654 0.402813 0.106250 0.031543 0.094318
0 655 0.145354 0.064773 0.040068 0.095455
0 656 0.424126 0.110227 0.038363 0.100000
0 657 0.502131 0.151136 0.037511 0.111364
0 658 0.459079 0.188068 0.036658 0.101136
0 659 0.473998 0.102841 0.035806 0.101136
0 660 0.447144 0.107386 0.033248 0.085227
0 661 0.409633 0.071023 0.036658 0.092045
0 662 0.539642 0.052273 0.034101 0.088636
0 665 0.894714 0.207955 0.040068 0.106818
0 666 0.902813 0.135227 0.028986 0.090909
0 667 0.861893 0.307386 0.049446 0.107955
0 671 0.883632 0.128977 0.034953 0.101136
0 678 0.848679 0.293182 0.041773 0.118182
0 679 0.832055 0.303409 0.037511 0.106818
0 680 0.607843 0.622727 0.061381 0.140909
0 681 0.914749 0.810795 0.059676 0.157955
0 682 0.171355 0.295455 0.040921 0.106818
0 683 0.465899 0.280114 0.031543 0.105682
0 684 0.399403 0.362500 0.046888 0.111364
0 685 0.589514 0.782386 0.057118 0.155682
0 686 0.487212 0.274432 0.033248 0.101136
0 687 0.456095 0.330682 0.044331 0.111364
0 688 0.462916 0.073864 0.034101 0.086364
0 696 0.316709 0.009659 0.028133 0.017045
0 701 0.106991 0.450000 0.036658 0.104545
