0 178 0.378943 0.949432 0.052003 0.103409
0 180 0.431799 0.949432 0.046888 0.103409
0 189 0.320972 0.964773 0.048593 0.072727
0 190 0.361466 0.960227 0.049446 0.079545
0 191 0.079284 0.650568 0.046036 0.142045
0 198 0.493606 0.919318 0.046036 0.161364
0 199 0.473572 0.929545 0.055413 0.143182
0 200 0.036658 0.632955 0.047741 0.134091
0 201 0.131714 0.632955 0.043478 0.150000
0 202 0.143223 0.593182 0.037511 0.127273
0 203 0.323103 0.915341 0.057971 0.164773
0 204 0.678602 0.925568 0.064791 0.148864
0 205 0.727621 0.925000 0.050298 0.150000
0 206 0.554561 0.807386 0.050298 0.151136
0 212 0.594629 0.693182 0.050298 0.138636
0 213 0.407502 0.657955 0.042626 0.138636
0 214 0.460784 0.646591 0.046888 0.134091
0 215 0.314578 0.571591 0.046036 0.129545
0 216 0.275362 0.548295 0.042626 0.132955
0 217 0.255754 0.581818 0.042626 0.120455
0 218 0.098039 0.569318 0.037511 0.120455
0 221 0.400256 0.557955 0.040068 0.127273
0 222 0.442455 0.556818 0.042626 0.115909
0 223 0.341006 0.675000 0.042626 0.134091
0 224 0.386189 0.445455 0.042626 0.115909
0 225 0.221228 0.430682 0.041773 0.122727
0 226 0.239130 0.446023 0.046888 0.121591
0 227 0.950554 0.963068 0.046036 0.076136
0 228 0.968457 0.785227 0.044331 0.127273
0 229 0.767263 0.476705 0.042626 0.135227
0 230 0.625746 0.711932 0.042626 0.137500
0 231 0.366155 0.381250 0.038363 0.123864
0 232 0.325661 0.381250 0.037511 0.117045
0 236 0.927110 0.126705 0.031543 0.101136
0 237 0.829923 0.660227 0.046888 0.134091
0 238 0.905371 0.778977 0.054561 0.144318
0 239 0.942029 0.664773 0.046036 0.136364
0 244 0.581415 0.487500 0.039216 0.125000
0 245 0.458227 0.450000 0.045183 0.122727
0 246 0.480818 0.453409 0.042626 0.120455
0 247 0.494459 0.581250 0.037511 0.112500
0 329 0.327366 0.034091 0.035806 0.065909
0 331 0.814152 0.300568 0.039216 0.117045
0 333 0.287298 0.984659 0.040921 0.032955
0 334 0.218244 0.988636 0.044331 0.025000
0 335 0.240409 0.965341 0.047741 0.071591
0 336 0.152600 0.934091 0.046036 0.134091
0 337 0.190111 0.934659 0.046036 0.132955
0 343 0.325234 0.011932 0.024723 0.021591
0 344 0.771100 0.159659 0.041773 0.103409
0 345 0.812447 0.165341 0.032396 0.096591
0 346 0.849105 0.139773 0.035806 0.106818
0 347 0.839727 0.148864 0.032396 0.097727
0 348 0.843990 0.035795 0.032396 0.069318
0 355 0.697783 0.294886 0.038363 0.117045
0 356 0.590793 0.189205 0.028986 0.101136
0 358 0.767263 0.278409 0.035806 0.113636
0 359 0.722506 0.291477 0.031543 0.101136
0 360 0.736573 0.397727 0.046036 0.113636
0 361 0.760443 0.352273 0.037511 0.104545
0 362 0.749361 0.433523 0.039216 0.101136
0 363 0.816709 0.423864 0.039216 0.118182
0 364 0.742114 0.362500 0.034953 0.104545
0 365 0.587383 0.282386 0.035806 0.110227
0 366 0.604859 0.238636 0.041773 0.113636
0 367 0.553282 0.280682 0.037511 0.113636
0 368 0.429241 0.164205 0.028133 0.089773
0 369 0.505541 0.042614 0.028986 0.082955
0 373 0.395141 0.932386 0.057118 0.137500
0 374 0.861040 0.214205 0.035806 0.101136
0 375 0.789429 0.469318 0.027280 0.084091
0 377 0.795823 0.208523 0.041773 0.110227
0 378 0.840153 0.268750 0.041773 0.107955
0 379 0.579710 0.250568 0.042626 0.121591
0 381 0.862319 0.234659 0.038363 0.101136
0 382 0.699488 0.347159 0.041773 0.105682
0 383 0.525149 0.043182 0.028986 0.084091
0 536 0.048167 0.956250 0.046888 0.089773
0 537 0.052003 0.964205 0.042626 0.071591
0 538 0.684569 0.751136 0.051151 0.136364
0 539 0.747656 0.745455 0.046036 0.140909
0 540 0.798806 0.727273 0.056266 0.147727
0 554 0.562660 0.629545 0.042626 0.129545
0 555 0.595482 0.627841 0.043478 0.130682
0 556 0.766837 0.562500 0.050298 0.136364
0 557 0.805200 0.477273 0.045183 0.136364
0 558 0.829071 0.480682 0.036658 0.111364
0 559 0.683291 0.379545 0.041773 0.111364
0 565 0.280904 0.081818 0.033248 0.097727
0 566 0.513640 0.268750 0.043478 0.117045
0 568 0.359761 0.292045 0.027280 0.084091
0 569 0.374680 0.294886 0.036658 0.119318
0 570 0.397272 0.293182 0.028986 0.084091
0 572 0.391304 0.177273 0.040921 0.109091
0 573 0.500000 0.241477 0.036658 0.119318
0 574 0.339727 0.058523 0.033248 0.092045
0 575 0.260443 0.013068 0.024723 0.023864
0 576 0.222933 0.343750 0.040068 0.107955
0 578 0.457374 0.032955 0.031543 0.063636
0 579 0.485081 0.035795 0.037511 0.069318
0 580 0.280477 0.007955 0.028986 0.013636
0 583 0.345695 0.033523 0.033248 0.064773
0 584 0.511935 0.060227 0.033248 0.093182
0 585 0.821398 0.207955 0.038363 0.109091
0 588 0.553708 0.239773 0.034953 0.109091
0 597 0.202472 0.729545 0.045183 0.154545
0 599 0.458227 0.740341 0.041773 0.155682
0 600 0.499147 0.742614 0.041773 0.139773
0 602 0.679028 0.688068 0.046888 0.135227
0 603 0.059250 0.565909 0.043478 0.138636
0 604 0.235720 0.530114 0.046888 0.123864
0 605 0.877238 0.871591 0.049446 0.161364
0 606 0.786871 0.661364 0.054561 0.147727
0 607 0.854220 0.627841 0.042626 0.153409
0 608 0.891304 0.618750 0.038363 0.157955
0 609 0.875533 0.556250 0.047741 0.128409
0 610 0.826087 0.385795 0.037511 0.128409
0 613 0.345269 0.275568 0.039216 0.105682
0 616 0.100171 0.428409 0.038363 0.115909
0 617 0.020887 0.451705 0.040068 0.123864
0 618 0.049872 0.483523 0.031543 0.101136
0 619 0.015345 0.495455 0.028986 0.129545
0 620 0.536658 0.573864 0.041773 0.134091
0 621 0.013214 0.339773 0.024723 0.106818
0 622 0.172634 0.228409 0.036658 0.111364
0 623 0.251066 0.385227 0.045183 0.129545
0 625 0.494885 0.415909 0.033248 0.115909
0 626 0.449702 0.318182 0.033248 0.104545
0 628 0.367008 0.228409 0.036658 0.102273
0 629 0.038789 0.340341 0.036658 0.114773
0 630 0.118926 0.298864 0.036658 0.106818
0 631 0.086530 0.377273 0.041773 0.120455
0 633 0.158568 0.261932 0.040921 0.119318
0 634 0.292413 0.408523 0.047741 0.119318
0 635 0.192242 0.261364 0.036658 0.115909
0 636 0.487639 0.118750 0.039216 0.092045
0 637 0.456095 0.383523 0.042626 0.121591
0 640 0.422847 0.305114 0.042626 0.110227
0 641 0.303922 0.009659 0.029838 0.017045
0 647 0.447144 0.289205 0.033248 0.110227
0 648 0.541773 0.342045 0.045183 0.120455
0 649 0.397698 0.232955 0.036658 0.115909
0 650 0.248934 0.128409 0.037511 0.093182
0 651 0.472720 0.197159 0.033248 0.096591
0 652 0.221654 0.235795 0.039216 0.105682
0 653 0.339727 0.182955 0.038363 0.109091
0 654 0.396419 0.110795 0.032396 0.094318
0 655 0.108269 0.071023 0.039216 0.101136
0 656 0.418585 0.118750 0.037511 0.101136
0 657 0.501705 0.157386 0.034953 0.110227
0 658 0.447997 0.198295 0.036658 0.103409
0 659 0.468031 0.111932 0.034101 0.101136
0 660 0.443308 0.120455 0.032396 0.086364
0 661 0.400256 0.086364 0.036658 0.095455
0 662 0.535806 0.061364 0.033248 0.093182
0 665 0.873828 0.231818 0.040921 0.109091
0 666 0.898551 0.145455 0.028986 0.090909
0 667 0.858909 0.322159 0.046888 0.112500
0 671 0.878943 0.138636 0.035806 0.100000
0 678 0.847826 0.305682 0.041773 0.118182
0 679 0.823529 0.318182 0.042626 0.106818
0 680 0.632992 0.652273 0.065644 0.145455
0 681 0.930946 0.856250 0.057971 0.157955
0 682 0.149190 0.305682 0.040921 0.113636
0 683 0.463342 0.286932 0.031543 0.105682
0 684 0.399403 0.376136 0.046888 0.111364
0 685 0.612958 0.814773 0.057971 0.156818
0 686 0.485507 0.294886 0.033248 0.107955
0 687 0.453538 0.348864 0.046036 0.115909
0 688 0.455243 0.077841 0.028986 0.080682
0 696 0.305627 0.007386 0.028133 0.012500
0 701 0.073743 0.471591 0.036658 0.106818
