0 178 0.374254 0.934659 0.051151 0.132955
0 180 0.440750 0.929545 0.049446 0.143182
0 189 0.275362 0.935227 0.056266 0.129545
0 190 0.319267 0.931250 0.052003 0.135227
0 191 0.089088 0.628977 0.046888 0.142045
0 193 0.011935 0.729545 0.022165 0.150000
0 198 0.481671 0.864773 0.047741 0.159091
0 199 0.450128 0.874432 0.056266 0.162500
0 200 0.052430 0.589773 0.041773 0.129545
0 201 0.137681 0.584659 0.046888 0.142045
0 202 0.157715 0.560795 0.037511 0.119318
0 203 0.326939 0.852273 0.052003 0.161364
0 204 0.652174 0.878977 0.064791 0.167045
0 205 0.694373 0.863636 0.046888 0.152273
0 206 0.523444 0.762500 0.051151 0.147727
0 212 0.572890 0.654545 0.044331 0.134091
0 213 0.405797 0.596591 0.042626 0.122727
0 214 0.453538 0.597727 0.046036 0.134091
0 215 0.314152 0.536364 0.043478 0.120455
0 216 0.272379 0.509091 0.041773 0.129545
0 217 0.259165 0.548864 0.042626 0.120455
0 218 0.120631 0.539773 0.038363 0.120455
0 221 0.401108 0.510795 0.033248 0.110227
0 222 0.441176 0.513636 0.040068 0.113636
0 223 0.334612 0.623864 0.043478 0.136364
0 224 0.391731 0.417045 0.040068 0.115909
0 225 0.244246 0.402273 0.041773 0.120455
0 226 0.259591 0.411364 0.046888 0.120455
0 227 0.899403 0.915341 0.042626 0.151136
0 228 0.936488 0.738068 0.045183 0.128409
0 229 0.759165 0.450000 0.041773 0.134091
0 230 0.599318 0.666477 0.039216 0.123864
0 231 0.372123 0.351136 0.038363 0.115909
0 232 0.339301 0.352841 0.035806 0.117045
0 236 0.930520 0.161364 0.031543 0.104545
0 237 0.835891 0.629545 0.041773 0.125000
0 238 0.880648 0.721023 0.051151 0.142045
0 239 0.931799 0.622159 0.046036 0.135227
0 244 0.583973 0.496591 0.039216 0.125000
0 245 0.458227 0.419886 0.045183 0.123864
0 246 0.492327 0.425000 0.041773 0.120455
0 247 0.488917 0.546023 0.045183 0.110227
0 329 0.335891 0.027273 0.035806 0.052273
0 331 0.821824 0.281818 0.039216 0.115909
0 333 0.287724 0.989205 0.041773 0.023864
0 335 0.239983 0.971591 0.050298 0.059091
0 336 0.154305 0.938636 0.046036 0.125000
0 337 0.191390 0.937500 0.045183 0.120455
0 343 0.348679 0.007955 0.025575 0.013636
0 344 0.725490 0.140341 0.042626 0.103409
0 345 0.817136 0.170455 0.031543 0.097727
0 346 0.838022 0.128409 0.035806 0.106818
0 347 0.834612 0.134091 0.032396 0.090909
0 348 0.873828 0.030114 0.035806 0.057955
0 356 0.601449 0.173295 0.028133 0.101136
0 358 0.754476 0.267045 0.035806 0.113636
0 359 0.725490 0.273295 0.032396 0.101136
0 360 0.702472 0.363636 0.046036 0.125000
0 361 0.757460 0.316477 0.038363 0.103409
0 362 0.741262 0.399432 0.036658 0.098864
0 363 0.803495 0.392045 0.038363 0.118182
0 364 0.729327 0.332955 0.034953 0.104545
0 365 0.588235 0.256818 0.039216 0.104545
0 367 0.556692 0.254545 0.039216 0.106818
0 368 0.465047 0.148295 0.028133 0.089773
0 369 0.505541 0.036932 0.028986 0.071591
0 373 0.391731 0.917614 0.048593 0.157955
0 374 0.869565 0.202841 0.035806 0.101136
0 375 0.768116 0.438636 0.028986 0.084091
0 377 0.806479 0.191477 0.042626 0.110227
0 378 0.820972 0.242614 0.040921 0.101136
0 379 0.592498 0.232386 0.042626 0.121591
0 381 0.883632 0.209091 0.036658 0.097727
0 383 0.528559 0.036364 0.028986 0.070455
0 536 0.099744 0.960795 0.044331 0.080682
0 537 0.080136 0.971023 0.047741 0.060227
0 538 0.696078 0.689773 0.041773 0.129545
0 539 0.741262 0.681818 0.045183 0.131818
0 540 0.779199 0.675568 0.051151 0.142045
0 554 0.540494 0.588636 0.042626 0.129545
0 555 0.576300 0.586364 0.044331 0.129545
0 556 0.765985 0.528977 0.050298 0.130682
0 557 0.801364 0.443750 0.051151 0.137500
0 558 0.812020 0.446591 0.036658 0.111364
0 559 0.672634 0.352273 0.042626 0.111364
0 565 0.292839 0.065909 0.033248 0.097727
0 566 0.519182 0.250000 0.042626 0.115909
0 568 0.384484 0.268182 0.028986 0.084091
0 569 0.403666 0.269318 0.036658 0.109091
0 570 0.423700 0.272727 0.028986 0.084091
0 572 0.425405 0.157955 0.042626 0.104545
0 573 0.516198 0.219318 0.036658 0.120455
0 574 0.351236 0.047727 0.032396 0.086364
0 575 0.294970 0.007386 0.025575 0.012500
0 576 0.196931 0.385227 0.040921 0.109091
0 578 0.464194 0.021591 0.031543 0.040909
0 579 0.491049 0.026136 0.039216 0.050000
0 583 0.356351 0.027273 0.034101 0.052273
0 584 0.513640 0.047727 0.034953 0.088636
0 585 0.832481 0.192614 0.038363 0.110227
0 588 0.559250 0.220455 0.034101 0.111364
0 593 0.947570 0.982386 0.041773 0.037500
0 594 0.946718 0.911932 0.058824 0.171591
0 597 0.229327 0.680682 0.044331 0.150000
0 599 0.433504 0.684659 0.041773 0.148864
0 600 0.482523 0.691477 0.042626 0.139773
0 602 0.642370 0.653977 0.046888 0.135227
0 603 0.091645 0.528409 0.043478 0.138636
0 604 0.242967 0.503409 0.042626 0.120455
0 605 0.841006 0.797159 0.046888 0.160227
0 606 0.803922 0.627841 0.051151 0.142045
0 607 0.847400 0.575568 0.042626 0.144318
0 608 0.887042 0.580114 0.036658 0.139773
0 609 0.851236 0.513068 0.046888 0.128409
0 610 0.828218 0.354545 0.036658 0.125000
0 613 0.270247 0.295455 0.030691 0.106818
0 616 0.117221 0.403409 0.038363 0.115909
0 617 0.040494 0.417045 0.040068 0.125000
0 618 0.079284 0.441477 0.032396 0.107955
0 619 0.035379 0.457955 0.038363 0.129545
0 620 0.535379 0.542045 0.042626 0.134091
0 621 0.049872 0.317614 0.036658 0.105682
0 622 0.204177 0.208523 0.033248 0.107955
0 623 0.252344 0.348864 0.037511 0.115909
0 625 0.497442 0.385227 0.033248 0.115909
0 626 0.459932 0.299432 0.033248 0.098864
0 628 0.379795 0.212500 0.036658 0.102273
0 629 0.074169 0.314205 0.037511 0.105682
0 630 0.136829 0.273864 0.036658 0.109091
0 631 0.126172 0.340909 0.039216 0.113636
0 633 0.179881 0.244318 0.039216 0.118182
0 634 0.300938 0.369886 0.051151 0.112500
0 635 0.210145 0.244318 0.036658 0.115909
0 636 0.494885 0.102273 0.041773 0.088636
0 637 0.455243 0.358523 0.042626 0.121591
0 640 0.438193 0.290341 0.042626 0.110227
0 644 0.008951 0.152841 0.016198 0.094318
0 647 0.455669 0.263068 0.033248 0.110227
0 648 0.541773 0.317045 0.046888 0.120455
0 649 0.413043 0.211364 0.036658 0.111364
0 650 0.268116 0.110795 0.036658 0.094318
0 651 0.488065 0.185795 0.033248 0.096591
0 652 0.239130 0.220455 0.036658 0.102273
0 653 0.345695 0.161364 0.036658 0.100000
0 654 0.405797 0.103977 0.032396 0.094318
0 655 0.157289 0.059659 0.034953 0.094318
0 656 0.426257 0.105114 0.037511 0.098864
0 657 0.497016 0.148864 0.037511 0.111364
0 658 0.463342 0.183523 0.036658 0.101136
0 659 0.475703 0.098295 0.035806 0.101136
0 660 0.448849 0.103977 0.033248 0.085227
0 661 0.410912 0.066477 0.035806 0.092045
0 662 0.539642 0.049432 0.034101 0.085227
0 665 0.898124 0.201136 0.036658 0.104545
0 666 0.903666 0.129545 0.028986 0.090909
0 667 0.864876 0.300568 0.048593 0.107955
0 671 0.883632 0.127841 0.034953 0.101136
0 678 0.847826 0.287500 0.041773 0.118182
0 679 0.834612 0.298864 0.035806 0.106818
0 680 0.599318 0.613068 0.059676 0.139773
0 681 0.907928 0.796023 0.059676 0.157955
0 682 0.173487 0.286364 0.041773 0.106818
0 683 0.466752 0.273864 0.031543 0.104545
0 684 0.399829 0.353409 0.046036 0.111364
0 685 0.577579 0.772159 0.055413 0.151136
0 686 0.488065 0.267614 0.033248 0.098864
0 687 0.456095 0.323864 0.044331 0.106818
0 688 0.464621 0.071591 0.034101 0.086364
0 696 0.317562 0.008523 0.028133 0.014773
0 701 0.116368 0.441477 0.036658 0.103409
