0 158 0.355925 0.914205 0.052003 0.162500
0 160 0.427110 0.957386 0.054561 0.087500
0 178 0.353794 0.847727 0.051151 0.156818
0 180 0.437340 0.842045 0.047741 0.145455
0 189 0.245098 0.775568 0.055413 0.151136
0 190 0.294118 0.769318 0.057971 0.165909
0 191 0.125746 0.574432 0.046888 0.135227
0 193 0.071185 0.623295 0.048593 0.151136
0 194 0.015772 0.967045 0.029838 0.068182
0 196 0.486786 0.926136 0.046036 0.131818
0 197 0.522592 0.917614 0.056266 0.144318
0 198 0.427110 0.724432 0.051151 0.144318
0 199 0.387894 0.709659 0.054561 0.157955
0 200 0.122336 0.496591 0.046888 0.129545
0 201 0.168798 0.494318 0.046036 0.129545
0 202 0.198636 0.494318 0.037511 0.115909
0 203 0.339727 0.680114 0.053708 0.137500
0 204 0.577153 0.743182 0.063086 0.147727
0 205 0.606138 0.710227 0.051151 0.145455
0 206 0.485081 0.642614 0.052856 0.148864
0 209 0.009804 0.461364 0.017903 0.138636
0 212 0.503410 0.567045 0.043478 0.134091
0 213 0.396846 0.486932 0.041773 0.112500
0 214 0.437340 0.482386 0.040921 0.112500
0 215 0.319693 0.459091 0.037511 0.111364
0 216 0.285166 0.434091 0.041773 0.120455
0 217 0.270673 0.463068 0.048593 0.101136
0 218 0.208440 0.446591 0.038363 0.120455
0 221 0.417306 0.428409 0.033248 0.111364
0 222 0.442455 0.427841 0.042626 0.110227
0 223 0.364450 0.493750 0.045183 0.121591
0 224 0.410486 0.355114 0.041773 0.105682
0 225 0.281756 0.332955 0.033248 0.115909
0 226 0.316709 0.345455 0.046888 0.111364
0 227 0.832055 0.732955 0.042626 0.125000
0 228 0.892157 0.606250 0.045183 0.121591
0 229 0.784314 0.384659 0.040921 0.121591
0 230 0.527707 0.578409 0.035806 0.120455
0 231 0.380648 0.301136 0.038363 0.111364
0 232 0.354220 0.300000 0.041773 0.111364
0 236 0.895567 0.290909 0.031543 0.104545
0 237 0.819693 0.542045 0.046888 0.111364
0 238 0.855499 0.597727 0.048593 0.134091
0 239 0.875533 0.520455 0.046036 0.125000
0 244 0.583973 0.547727 0.039216 0.125000
0 245 0.468457 0.354545 0.041773 0.120455
0 246 0.497016 0.351136 0.042626 0.115909
0 247 0.491049 0.461932 0.042626 0.101136
0 249 0.045610 0.603409 0.041773 0.138636
0 329 0.376812 0.018750 0.035806 0.035227
0 331 0.834186 0.239773 0.038363 0.104545
0 336 0.154731 0.963636 0.045183 0.075000
0 348 0.989344 0.031818 0.021313 0.061364
0 350 0.933504 0.034091 0.032396 0.065909
0 351 0.893009 0.022159 0.031543 0.042045
0 352 0.910060 0.030682 0.028133 0.059091
0 353 0.873402 0.020455 0.031543 0.038636
0 358 0.707587 0.229545 0.035806 0.113636
0 363 0.747656 0.317614 0.039216 0.114773
0 365 0.587809 0.212500 0.038363 0.097727
0 367 0.560529 0.205682 0.034953 0.104545
0 369 0.502558 0.028409 0.028133 0.054545
0 373 0.387042 0.820455 0.054561 0.163636
0 374 0.874680 0.168182 0.034101 0.097727
0 375 0.745951 0.346591 0.028986 0.079545
0 377 0.821824 0.154545 0.042626 0.111364
0 378 0.743393 0.215341 0.035806 0.096591
0 379 0.602728 0.194886 0.042626 0.121591
0 381 0.865729 0.182955 0.033248 0.081818
0 383 0.527707 0.026705 0.028986 0.051136
0 538 0.752771 0.601705 0.044331 0.128409
0 539 0.762148 0.580682 0.039216 0.120455
0 540 0.753197 0.549432 0.041773 0.137500
0 544 0.383205 0.944886 0.048593 0.112500
0 554 0.549446 0.488636 0.038363 0.122727
0 555 0.576726 0.488636 0.036658 0.129545
0 556 0.716539 0.437500 0.050298 0.125000
0 557 0.733589 0.353409 0.046888 0.111364
0 558 0.786019 0.360227 0.037511 0.097727
0 559 0.598039 0.275568 0.041773 0.103409
0 565 0.348252 0.051136 0.028133 0.079545
0 566 0.538789 0.217045 0.042626 0.111364
0 568 0.430520 0.223864 0.028986 0.084091
0 569 0.447144 0.228409 0.036658 0.106818
0 570 0.469736 0.242045 0.028986 0.068182
0 572 0.521313 0.133523 0.041773 0.101136
0 573 0.540921 0.194318 0.038363 0.109091
0 574 0.356777 0.032386 0.033248 0.062500
0 576 0.054135 0.544318 0.040068 0.115909
0 583 0.393009 0.023864 0.035806 0.045455
0 584 0.486786 0.032955 0.034101 0.056818
0 588 0.572038 0.185227 0.035806 0.111364
0 591 0.917732 0.953409 0.055413 0.095455
0 593 0.797101 0.831250 0.051151 0.157955
0 594 0.863171 0.727273 0.052003 0.152273
0 595 0.090367 0.692045 0.056266 0.143182
0 597 0.285166 0.569318 0.045183 0.131818
0 599 0.417732 0.553977 0.047741 0.126136
0 600 0.445013 0.559659 0.040921 0.114773
0 601 0.012361 0.567045 0.023018 0.134091
0 602 0.544757 0.548864 0.040921 0.129545
0 603 0.176471 0.439773 0.042626 0.120455
0 604 0.246377 0.429545 0.040921 0.106818
0 605 0.805627 0.635795 0.054561 0.142045
0 606 0.783887 0.539773 0.041773 0.143182
0 607 0.810742 0.467045 0.042626 0.138636
0 608 0.838875 0.461364 0.037511 0.129545
0 609 0.835465 0.413636 0.042626 0.115909
0 610 0.864024 0.289773 0.033248 0.111364
0 611 0.311594 0.013636 0.031543 0.025000
0 613 0.021313 0.375000 0.040921 0.106818
0 616 0.185422 0.345455 0.033248 0.106818
0 617 0.129156 0.335227 0.033248 0.111364
0 618 0.155158 0.342614 0.034101 0.101136
0 619 0.096760 0.357955 0.040068 0.115909
0 620 0.532822 0.467614 0.042626 0.123864
0 621 0.161125 0.271591 0.037511 0.106818
0 622 0.296675 0.177273 0.035806 0.100000
0 623 0.289003 0.275000 0.042626 0.106818
0 624 0.045610 0.163636 0.036658 0.084091
0 625 0.488065 0.315341 0.033248 0.105682
0 626 0.501705 0.258523 0.033248 0.098864
0 627 0.080989 0.156818 0.039216 0.104545
0 628 0.421995 0.177273 0.037511 0.097727
0 629 0.182864 0.267045 0.033248 0.097727
0 630 0.187980 0.222159 0.036658 0.112500
0 631 0.224638 0.253977 0.033248 0.105682
0 633 0.231458 0.205114 0.038363 0.107955
0 634 0.321824 0.281250 0.046888 0.101136
0 635 0.258312 0.209091 0.035806 0.104545
0 636 0.512361 0.081250 0.040921 0.080682
0 637 0.444587 0.303977 0.041773 0.105682
0 638 0.274510 0.015909 0.025575 0.029545
0 639 0.126172 0.161932 0.034101 0.087500
0 640 0.476982 0.246591 0.038363 0.111364
0 642 0.078431 0.110227 0.030691 0.088636
0 643 0.125320 0.140341 0.032396 0.087500
0 644 0.146633 0.142045 0.030691 0.090909
0 645 0.101876 0.121023 0.031543 0.087500
0 646 0.123615 0.125000 0.035806 0.090909
0 647 0.465047 0.220455 0.033248 0.102273
0 648 0.548593 0.269886 0.043478 0.119318
0 649 0.451833 0.177273 0.037511 0.111364
0 650 0.318841 0.068750 0.030691 0.085227
0 651 0.513640 0.157955 0.033248 0.088636
0 652 0.298806 0.199432 0.034953 0.098864
0 653 0.354646 0.122159 0.037511 0.094318
0 654 0.393862 0.077273 0.025575 0.086364
0 655 0.296249 0.046591 0.033248 0.084091
0 656 0.424126 0.086364 0.036658 0.090909
0 657 0.463768 0.138636 0.039216 0.111364
0 658 0.494885 0.173864 0.036658 0.102273
0 659 0.484228 0.098295 0.035806 0.101136
0 660 0.446292 0.078977 0.033248 0.085227
0 661 0.412617 0.042045 0.028986 0.075000
0 662 0.517903 0.043750 0.034953 0.069318
0 665 0.901961 0.139205 0.034101 0.101136
0 666 0.874254 0.098864 0.028133 0.084091
0 667 0.894288 0.251136 0.042626 0.106818
0 671 0.855925 0.097159 0.035806 0.094318
0 678 0.866155 0.251705 0.040921 0.105682
0 679 0.871697 0.267614 0.034953 0.107955
0 680 0.507673 0.520455 0.046888 0.134091
0 681 0.846974 0.647159 0.058824 0.144318
0 682 0.210571 0.240909 0.039216 0.106818
0 683 0.477835 0.234091 0.033248 0.106818
0 684 0.409633 0.296591 0.041773 0.111364
0 685 0.505541 0.659659 0.047741 0.135227
0 686 0.499147 0.217614 0.033248 0.092045
0 687 0.462063 0.264205 0.039216 0.103409
0 688 0.453112 0.067045 0.028133 0.086364
0 693 0.011509 0.040909 0.021313 0.075000
0 695 0.945013 0.013068 0.031543 0.023864
0 697 0.333333 0.009091 0.028986 0.015909
0 698 0.528559 0.014773 0.028986 0.027273
0 700 0.508951 0.018750 0.039216 0.035227
0 701 0.216965 0.344318 0.033248 0.097727
0 702 0.354220 0.007386 0.028133 0.012500
