0 158 0.354646 0.914773 0.051151 0.161364
0 160 0.428815 0.957955 0.054561 0.086364
0 178 0.353794 0.844318 0.051151 0.159091
0 180 0.437340 0.838636 0.047741 0.145455
0 189 0.245098 0.778977 0.055413 0.151136
0 190 0.293265 0.769318 0.057971 0.165909
0 191 0.124041 0.571023 0.046888 0.135227
0 193 0.069480 0.621023 0.048593 0.151136
0 194 0.013640 0.970455 0.025575 0.061364
0 196 0.487639 0.923864 0.046036 0.129545
0 197 0.523444 0.915341 0.056266 0.144318
0 198 0.428815 0.722159 0.051151 0.144318
0 199 0.388747 0.706250 0.054561 0.157955
0 200 0.119778 0.493182 0.046888 0.129545
0 201 0.167093 0.493750 0.046036 0.130682
0 202 0.196931 0.488636 0.037511 0.115909
0 203 0.339301 0.676705 0.054561 0.137500
0 204 0.578431 0.741477 0.063939 0.148864
0 205 0.608269 0.704545 0.050298 0.145455
0 206 0.485081 0.641477 0.052856 0.148864
0 209 0.008525 0.459091 0.015345 0.138636
0 212 0.503410 0.564773 0.043478 0.134091
0 213 0.396846 0.481250 0.041773 0.112500
0 214 0.437340 0.477841 0.040921 0.112500
0 215 0.319693 0.456818 0.037511 0.111364
0 216 0.286019 0.431818 0.041773 0.120455
0 217 0.269821 0.459091 0.050298 0.102273
0 218 0.207587 0.443182 0.038363 0.120455
0 221 0.418159 0.426136 0.033248 0.111364
0 222 0.442455 0.423295 0.042626 0.110227
0 223 0.364450 0.489205 0.045183 0.121591
0 224 0.409633 0.351136 0.041773 0.106818
0 225 0.281330 0.330682 0.034101 0.115909
0 226 0.315857 0.342045 0.046888 0.111364
0 227 0.832907 0.730682 0.042626 0.125000
0 228 0.893436 0.605114 0.044331 0.121591
0 229 0.783461 0.382386 0.040921 0.121591
0 230 0.528986 0.575000 0.036658 0.120455
0 231 0.380648 0.296591 0.038363 0.111364
0 232 0.354220 0.298864 0.041773 0.111364
0 236 0.897698 0.278409 0.032396 0.104545
0 237 0.820546 0.540909 0.046888 0.111364
0 238 0.855499 0.596023 0.048593 0.135227
0 239 0.877664 0.515909 0.045183 0.125000
0 244 0.583973 0.539773 0.039216 0.125000
0 245 0.467604 0.348864 0.041773 0.120455
0 246 0.497016 0.346591 0.042626 0.115909
0 247 0.491049 0.459659 0.042626 0.101136
0 249 0.042199 0.602273 0.045183 0.138636
0 329 0.375959 0.017045 0.035806 0.031818
0 331 0.833760 0.236364 0.039216 0.104545
0 335 0.261296 0.988636 0.052003 0.025000
0 336 0.154731 0.959659 0.045183 0.082955
0 348 0.988917 0.026705 0.022165 0.051136
0 350 0.930094 0.030114 0.032396 0.057955
0 351 0.890878 0.018750 0.032396 0.035227
0 352 0.907502 0.028409 0.028133 0.054545
0 353 0.870844 0.017045 0.031543 0.031818
0 358 0.708440 0.222727 0.035806 0.113636
0 363 0.750213 0.315341 0.039216 0.114773
0 365 0.589514 0.205682 0.038363 0.097727
0 367 0.560955 0.201136 0.035806 0.104545
0 368 0.544331 0.132955 0.028133 0.090909
0 369 0.502558 0.027273 0.028133 0.052273
0 373 0.390026 0.815341 0.057118 0.164773
0 374 0.875533 0.162500 0.034101 0.097727
0 375 0.744246 0.343182 0.028986 0.079545
0 377 0.821824 0.146591 0.042626 0.111364
0 378 0.746803 0.210795 0.035806 0.096591
0 379 0.603581 0.190341 0.042626 0.121591
0 381 0.867860 0.178977 0.034101 0.082955
0 383 0.528559 0.025000 0.028986 0.047727
0 538 0.750213 0.597159 0.044331 0.128409
0 539 0.762148 0.576136 0.039216 0.120455
0 540 0.754902 0.547159 0.041773 0.137500
0 544 0.383205 0.944318 0.048593 0.113636
0 554 0.547741 0.485795 0.038363 0.123864
0 555 0.575021 0.485795 0.036658 0.128409
0 556 0.719096 0.434091 0.050298 0.125000
0 557 0.736999 0.348864 0.046888 0.111364
0 558 0.787724 0.356818 0.037511 0.097727
0 559 0.597187 0.271591 0.041773 0.104545
0 565 0.346547 0.047727 0.028133 0.077273
0 566 0.538789 0.212500 0.042626 0.111364
0 568 0.427110 0.221591 0.028986 0.084091
0 569 0.444587 0.223864 0.036658 0.106818
0 570 0.468457 0.236364 0.028133 0.070455
0 572 0.519608 0.130114 0.041773 0.101136
0 573 0.538789 0.190909 0.037511 0.109091
0 574 0.356777 0.028977 0.033248 0.055682
0 576 0.057545 0.534091 0.040068 0.115909
0 583 0.393009 0.021591 0.035806 0.040909
0 584 0.488491 0.028409 0.034101 0.054545
0 588 0.570759 0.182955 0.034953 0.111364
0 591 0.925405 0.955114 0.055413 0.092045
0 593 0.799659 0.830682 0.051151 0.159091
0 594 0.864876 0.726136 0.052003 0.152273
0 595 0.085678 0.691477 0.055413 0.142045
0 597 0.283461 0.565909 0.045183 0.131818
0 599 0.418585 0.555114 0.047741 0.126136
0 600 0.446292 0.559659 0.041773 0.114773
0 601 0.011509 0.565341 0.021313 0.132955
0 602 0.545610 0.545455 0.040921 0.129545
0 603 0.175192 0.437500 0.041773 0.120455
0 604 0.245524 0.427273 0.040921 0.106818
0 605 0.806479 0.637500 0.054561 0.143182
0 606 0.785166 0.535227 0.042626 0.143182
0 607 0.813299 0.465909 0.042626 0.138636
0 608 0.840153 0.460227 0.038363 0.129545
0 609 0.835891 0.409091 0.041773 0.115909
0 610 0.864024 0.288636 0.033248 0.111364
0 611 0.313299 0.010227 0.031543 0.018182
0 613 0.025575 0.365341 0.046036 0.107955
0 616 0.182864 0.340909 0.033248 0.106818
0 617 0.128303 0.332955 0.033248 0.111364
0 618 0.153453 0.340341 0.034101 0.101136
0 619 0.095482 0.353409 0.040921 0.118182
0 620 0.531969 0.465909 0.042626 0.125000
0 621 0.158568 0.264773 0.037511 0.106818
0 622 0.294970 0.173295 0.035806 0.101136
0 623 0.289003 0.269318 0.042626 0.106818
0 624 0.042199 0.156818 0.036658 0.084091
0 625 0.488065 0.310795 0.033248 0.105682
0 626 0.500853 0.255114 0.033248 0.098864
0 627 0.077579 0.152841 0.039216 0.105682
0 628 0.420290 0.172159 0.034101 0.096591
0 629 0.180307 0.263636 0.033248 0.097727
0 630 0.187127 0.219886 0.036658 0.112500
0 631 0.221228 0.251705 0.033248 0.105682
0 633 0.229753 0.198295 0.034953 0.103409
0 634 0.320972 0.281818 0.048593 0.102273
0 635 0.256607 0.202273 0.035806 0.104545
0 636 0.511509 0.075568 0.040921 0.080682
0 637 0.445013 0.300568 0.040921 0.105682
0 638 0.274510 0.011932 0.025575 0.021591
0 639 0.123188 0.158523 0.034953 0.087500
0 640 0.475277 0.239773 0.038363 0.111364
0 642 0.074169 0.105114 0.030691 0.089773
0 643 0.120205 0.133523 0.032396 0.087500
0 644 0.142370 0.137500 0.030691 0.090909
0 645 0.098039 0.116477 0.030691 0.087500
0 646 0.118500 0.118182 0.035806 0.090909
0 647 0.465047 0.213636 0.033248 0.102273
0 648 0.548593 0.267614 0.043478 0.119318
0 649 0.450980 0.176136 0.037511 0.111364
0 650 0.317988 0.066477 0.032396 0.085227
0 651 0.513640 0.154545 0.033248 0.088636
0 652 0.297528 0.194886 0.035806 0.098864
0 653 0.354646 0.115341 0.037511 0.094318
0 654 0.394288 0.070455 0.024723 0.086364
0 655 0.292839 0.042045 0.033248 0.079545
0 656 0.424126 0.082386 0.036658 0.092045
0 657 0.464194 0.132955 0.038363 0.111364
0 658 0.494885 0.171591 0.036658 0.102273
0 659 0.484228 0.093750 0.035806 0.101136
0 660 0.447144 0.073295 0.033248 0.085227
0 661 0.412617 0.037500 0.028986 0.070455
0 662 0.518755 0.038636 0.034953 0.065909
0 665 0.903666 0.135795 0.034101 0.101136
0 666 0.875959 0.090909 0.028133 0.084091
0 667 0.891731 0.247727 0.042626 0.106818
0 671 0.858483 0.090341 0.035806 0.094318
0 678 0.866155 0.250568 0.040921 0.105682
0 679 0.870844 0.263068 0.034953 0.107955
0 680 0.509378 0.514773 0.046888 0.134091
0 681 0.848252 0.648295 0.059676 0.144318
0 682 0.208866 0.237500 0.039216 0.106818
0 683 0.476982 0.230682 0.033248 0.106818
0 684 0.409633 0.294318 0.041773 0.111364
0 685 0.505541 0.653977 0.047741 0.135227
0 686 0.499147 0.211932 0.033248 0.087500
0 687 0.462063 0.257955 0.039216 0.104545
0 688 0.453964 0.064773 0.028133 0.086364
0 693 0.011509 0.036932 0.021313 0.071591
0 695 0.942455 0.010795 0.031543 0.019318
0 697 0.333333 0.006818 0.028986 0.011364
0 698 0.528559 0.012500 0.028986 0.022727
0 699 0.475277 0.006818 0.031543 0.011364
0 700 0.508951 0.017614 0.039216 0.032955
0 701 0.213555 0.342045 0.033248 0.097727
