0 158 0.353794 0.954545 0.052856 0.093182
0 178 0.368713 0.889773 0.052003 0.145455
0 180 0.448423 0.890341 0.044331 0.153409
0 189 0.251492 0.850568 0.046036 0.153409
0 190 0.300512 0.844318 0.048593 0.161364
0 191 0.101876 0.583523 0.046888 0.135227
0 193 0.035379 0.655682 0.057118 0.156818
0 196 0.513640 0.984659 0.034953 0.032955
0 197 0.549020 0.967614 0.040921 0.064773
0 198 0.456948 0.773864 0.051151 0.154545
0 199 0.413470 0.773864 0.051151 0.159091
0 200 0.088235 0.522727 0.046888 0.129545
0 201 0.138534 0.525000 0.046888 0.136364
0 202 0.173913 0.519318 0.037511 0.115909
0 203 0.349105 0.752273 0.055413 0.152273
0 204 0.609974 0.788068 0.065644 0.162500
0 205 0.658142 0.768750 0.056266 0.151136
0 206 0.500426 0.681818 0.052856 0.147727
0 212 0.536232 0.598864 0.042626 0.134091
0 213 0.408781 0.526705 0.041773 0.112500
0 214 0.449275 0.527841 0.042626 0.130682
0 215 0.321824 0.483523 0.040068 0.119318
0 216 0.288150 0.465909 0.040921 0.120455
0 217 0.264280 0.490909 0.047741 0.120455
0 218 0.168372 0.476136 0.038363 0.120455
0 221 0.413896 0.452273 0.033248 0.111364
0 222 0.444160 0.457955 0.042626 0.115909
0 223 0.360188 0.544318 0.043478 0.134091
0 224 0.403240 0.367045 0.042626 0.111364
0 225 0.269395 0.354545 0.034101 0.115909
0 226 0.295396 0.358523 0.046888 0.112500
0 227 0.858483 0.806818 0.044331 0.140909
0 228 0.919011 0.646023 0.044331 0.121591
0 229 0.759591 0.406818 0.042626 0.134091
0 230 0.563086 0.605682 0.041773 0.120455
0 231 0.383632 0.308523 0.037511 0.110227
0 232 0.357204 0.309659 0.040921 0.119318
0 236 0.924126 0.202273 0.032396 0.104545
0 237 0.832907 0.563068 0.046036 0.119318
0 238 0.856777 0.635227 0.046036 0.134091
0 239 0.903240 0.561364 0.045183 0.125000
0 244 0.584825 0.503409 0.039216 0.125000
0 245 0.465047 0.368182 0.043478 0.122727
0 246 0.499147 0.368182 0.041773 0.120455
0 247 0.491049 0.492045 0.044331 0.104545
0 249 0.008951 0.647159 0.016198 0.139773
0 329 0.356351 0.014205 0.035806 0.026136
0 331 0.831202 0.240909 0.039216 0.104545
0 335 0.249361 0.972159 0.055413 0.057955
0 336 0.161125 0.940341 0.046036 0.121591
0 337 0.195652 0.942614 0.043478 0.117045
0 345 0.823529 0.150000 0.032396 0.097727
0 346 0.836317 0.099432 0.035806 0.107955
0 347 0.828218 0.115909 0.031543 0.090909
0 348 0.927962 0.021591 0.031543 0.040909
0 350 0.879795 0.023295 0.030691 0.044318
0 352 0.853794 0.022159 0.028133 0.042045
0 358 0.732310 0.226136 0.035806 0.113636
0 361 0.729753 0.271023 0.039216 0.094318
0 362 0.731032 0.343750 0.034953 0.096591
0 363 0.787724 0.340909 0.039216 0.115909
0 364 0.713555 0.292614 0.034101 0.101136
0 365 0.597613 0.214773 0.039216 0.097727
0 367 0.561807 0.211364 0.034101 0.104545
0 368 0.508951 0.122727 0.027280 0.090909
0 369 0.509378 0.024432 0.028133 0.046591
0 373 0.396419 0.869318 0.059676 0.165909
0 374 0.879795 0.163636 0.034101 0.097727
0 375 0.749787 0.375000 0.028133 0.084091
0 377 0.820119 0.169886 0.042626 0.110227
0 378 0.794970 0.205114 0.041773 0.096591
0 379 0.606138 0.199432 0.042626 0.121591
0 380 0.537937 0.012500 0.028986 0.022727
0 381 0.888321 0.170455 0.037511 0.088636
0 383 0.533248 0.022159 0.028133 0.042045
0 536 0.136402 0.965909 0.046036 0.070455
0 537 0.095055 0.978977 0.060529 0.042045
0 538 0.729753 0.624432 0.046036 0.121591
0 539 0.747656 0.605682 0.039216 0.120455
0 540 0.775362 0.596023 0.041773 0.137500
0 544 0.381927 0.986932 0.037511 0.026136
0 554 0.528986 0.522727 0.040068 0.129545
0 555 0.563086 0.525568 0.046888 0.128409
0 556 0.749787 0.465341 0.050298 0.130682
0 557 0.774510 0.380114 0.046888 0.130682
0 558 0.800512 0.384659 0.037511 0.101136
0 559 0.610827 0.295455 0.041773 0.111364
0 565 0.317136 0.043182 0.030691 0.084091
0 566 0.527280 0.217045 0.041773 0.115909
0 568 0.410486 0.227273 0.028133 0.084091
0 569 0.425831 0.230682 0.036658 0.106818
0 570 0.451407 0.230682 0.028133 0.084091
0 572 0.475277 0.124432 0.041773 0.101136
0 573 0.526428 0.193182 0.036658 0.118182
0 574 0.358909 0.030682 0.032396 0.059091
0 576 0.130861 0.442045 0.040068 0.115909
0 578 0.475277 0.006818 0.031543 0.011364
0 579 0.501279 0.011932 0.039216 0.021591
0 583 0.372549 0.015909 0.034101 0.029545
0 584 0.505968 0.035227 0.034953 0.068182
0 585 0.838875 0.158523 0.037511 0.101136
0 588 0.562660 0.179545 0.034101 0.111364
0 593 0.866581 0.918182 0.048593 0.152273
0 594 0.902387 0.798864 0.062234 0.152273
0 595 0.020887 0.762500 0.040068 0.156818
0 597 0.250639 0.605682 0.039216 0.131818
0 599 0.424126 0.609659 0.048593 0.142045
0 600 0.456095 0.608523 0.040921 0.130682
0 602 0.571185 0.593750 0.042626 0.132955
0 603 0.136402 0.471591 0.040921 0.127273
0 604 0.236147 0.451136 0.044331 0.113636
0 605 0.826939 0.698295 0.056266 0.155682
0 606 0.797954 0.571023 0.051151 0.142045
0 607 0.836743 0.501136 0.041773 0.138636
0 608 0.867008 0.502841 0.040921 0.130682
0 609 0.835891 0.444886 0.046888 0.117045
0 610 0.848679 0.303409 0.033248 0.111364
0 613 0.164109 0.309091 0.046888 0.106818
0 616 0.150043 0.363636 0.037511 0.115909
0 617 0.085678 0.357955 0.033248 0.111364
0 618 0.109974 0.375568 0.032396 0.103409
0 619 0.053708 0.384091 0.042626 0.129545
0 620 0.531969 0.492045 0.042626 0.134091
0 621 0.106138 0.269318 0.036658 0.106818
0 622 0.244672 0.173864 0.035806 0.104545
0 623 0.270673 0.294886 0.038363 0.107955
0 625 0.498295 0.329545 0.033248 0.115909
0 626 0.477835 0.253977 0.033248 0.098864
0 627 0.018755 0.161932 0.035806 0.110227
0 628 0.404518 0.178409 0.038363 0.102273
0 629 0.126598 0.271591 0.036658 0.100000
0 630 0.161125 0.240909 0.037511 0.120455
0 631 0.168372 0.280114 0.033248 0.105682
0 633 0.201620 0.205114 0.038363 0.110227
0 634 0.306053 0.311364 0.056266 0.111364
0 635 0.231884 0.206818 0.035806 0.104545
0 636 0.503836 0.076136 0.040921 0.084091
0 637 0.452259 0.318182 0.041773 0.120455
0 639 0.044331 0.153977 0.037511 0.087500
0 640 0.456948 0.250568 0.037511 0.110227
0 643 0.052003 0.128977 0.032396 0.087500
0 644 0.070759 0.129545 0.030691 0.093182
0 645 0.010656 0.115909 0.019608 0.079545
0 646 0.029838 0.118182 0.034101 0.090909
0 647 0.459079 0.226136 0.033248 0.111364
0 648 0.545183 0.273864 0.046888 0.120455
0 649 0.433078 0.176136 0.037511 0.111364
0 650 0.294970 0.074432 0.040921 0.089773
0 651 0.507673 0.153409 0.033248 0.097727
0 652 0.263853 0.190341 0.040068 0.098864
0 653 0.349957 0.127841 0.036658 0.107955
0 654 0.404092 0.075000 0.032396 0.086364
0 655 0.226343 0.040341 0.033248 0.078409
0 656 0.432651 0.077841 0.036658 0.096591
0 657 0.472293 0.134091 0.039216 0.111364
0 658 0.483802 0.156250 0.036658 0.101136
0 659 0.484228 0.071023 0.035806 0.101136
0 660 0.451407 0.080114 0.033248 0.085227
0 661 0.419011 0.036932 0.029838 0.071591
0 662 0.542199 0.033523 0.034101 0.064773
0 665 0.920290 0.155682 0.034953 0.104545
0 666 0.900682 0.092045 0.028133 0.084091
0 667 0.879795 0.267045 0.042626 0.106818
0 671 0.873828 0.088636 0.034101 0.097727
0 678 0.857630 0.248864 0.042626 0.111364
0 679 0.855072 0.267045 0.035806 0.106818
0 680 0.552430 0.559091 0.054561 0.134091
0 681 0.878943 0.701705 0.059676 0.151136
0 682 0.185422 0.240909 0.041773 0.106818
0 683 0.474425 0.239205 0.033248 0.105682
0 684 0.404945 0.306250 0.042626 0.110227
0 685 0.532396 0.698864 0.055413 0.140909
0 686 0.493180 0.234659 0.033248 0.098864
0 687 0.459932 0.276136 0.043478 0.104545
0 688 0.466752 0.050000 0.033248 0.086364
0 693 0.005115 0.025000 0.008525 0.047727
0 701 0.153453 0.382386 0.035806 0.101136
