0 158 0.357204 0.914205 0.051151 0.162500
0 160 0.427110 0.957386 0.054561 0.087500
0 178 0.354646 0.850000 0.051151 0.154545
0 180 0.437340 0.845455 0.047741 0.145455
0 189 0.245098 0.774432 0.055413 0.151136
0 190 0.294970 0.769318 0.057971 0.165909
0 191 0.125746 0.576705 0.046888 0.135227
0 193 0.072890 0.625568 0.048593 0.151136
0 194 0.017050 0.964773 0.032396 0.072727
0 196 0.485934 0.927841 0.046036 0.135227
0 197 0.521739 0.918750 0.056266 0.144318
0 198 0.426257 0.725568 0.051151 0.144318
0 199 0.387894 0.711932 0.054561 0.157955
0 200 0.123188 0.500000 0.046888 0.129545
0 201 0.168798 0.497727 0.046036 0.129545
0 202 0.200341 0.497727 0.037511 0.115909
0 203 0.340153 0.682955 0.054561 0.136364
0 204 0.576300 0.744318 0.061381 0.147727
0 205 0.604859 0.714205 0.052003 0.146591
0 206 0.485081 0.646023 0.052856 0.148864
0 209 0.010656 0.462500 0.019608 0.138636
0 212 0.503410 0.569318 0.043478 0.134091
0 213 0.396846 0.489773 0.041773 0.111364
0 214 0.437340 0.484659 0.040921 0.112500
0 215 0.319693 0.460227 0.037511 0.111364
0 216 0.284314 0.438636 0.041773 0.120455
0 217 0.272379 0.467614 0.046888 0.101136
0 218 0.207587 0.449432 0.038363 0.119318
0 221 0.416454 0.431818 0.033248 0.111364
0 222 0.442455 0.432386 0.042626 0.110227
0 223 0.364876 0.496023 0.046036 0.121591
0 224 0.410486 0.357386 0.041773 0.105682
0 225 0.281756 0.336364 0.033248 0.115909
0 226 0.317562 0.347727 0.046888 0.111364
0 227 0.831202 0.734091 0.042626 0.125000
0 228 0.891304 0.607386 0.045183 0.121591
0 229 0.785166 0.386932 0.040921 0.121591
0 230 0.527280 0.580682 0.034953 0.120455
0 231 0.380222 0.304545 0.037511 0.111364
0 232 0.354220 0.301136 0.041773 0.111364
0 236 0.894288 0.298864 0.032396 0.104545
0 237 0.819693 0.543182 0.046888 0.111364
0 238 0.855499 0.598864 0.048593 0.134091
0 239 0.874254 0.523864 0.045183 0.125000
0 244 0.583973 0.552273 0.039216 0.125000
0 245 0.468883 0.359091 0.040921 0.120455
0 246 0.497016 0.355682 0.042626 0.115909
0 247 0.491049 0.464205 0.042626 0.101136
0 249 0.046462 0.606250 0.043478 0.137500
0 329 0.376812 0.019886 0.035806 0.037500
0 331 0.834186 0.242045 0.038363 0.104545
0 336 0.153879 0.965909 0.045183 0.070455
0 348 0.989770 0.035227 0.020460 0.068182
0 350 0.935635 0.036932 0.031543 0.071591
0 351 0.894714 0.024432 0.031543 0.046591
0 352 0.912617 0.035795 0.028133 0.060227
0 353 0.875107 0.022727 0.031543 0.043182
0 354 0.839301 0.043182 0.034953 0.084091
0 358 0.707587 0.235227 0.035806 0.113636
0 363 0.745951 0.322159 0.039216 0.114773
0 365 0.586957 0.215909 0.038363 0.097727
0 367 0.560529 0.209091 0.034953 0.104545
0 369 0.502131 0.029545 0.027280 0.056818
0 373 0.385337 0.823864 0.052856 0.163636
0 374 0.874680 0.171591 0.034101 0.097727
0 375 0.743393 0.351136 0.028986 0.079545
0 377 0.821824 0.160227 0.042626 0.111364
0 378 0.740835 0.218182 0.035806 0.097727
0 379 0.602728 0.199432 0.042626 0.121591
0 381 0.864450 0.185795 0.032396 0.080682
0 383 0.527707 0.028409 0.028986 0.054545
0 538 0.754476 0.606250 0.044331 0.128409
0 539 0.762148 0.583523 0.039216 0.121591
0 540 0.751492 0.551705 0.041773 0.137500
0 544 0.382779 0.945455 0.047741 0.111364
0 554 0.550298 0.490341 0.038363 0.121591
0 555 0.578431 0.489773 0.036658 0.129545
0 556 0.713981 0.439773 0.050298 0.125000
0 557 0.731884 0.356818 0.046888 0.111364
0 558 0.785166 0.362500 0.037511 0.097727
0 559 0.598465 0.280682 0.042626 0.106818
0 565 0.349957 0.053409 0.028133 0.081818
0 566 0.538789 0.219318 0.042626 0.111364
0 568 0.433078 0.227273 0.028986 0.084091
0 569 0.448849 0.231818 0.036658 0.106818
0 570 0.470162 0.245455 0.028133 0.065909
0 572 0.523018 0.135795 0.041773 0.101136
0 573 0.542199 0.196591 0.037511 0.106818
0 574 0.357630 0.034659 0.033248 0.067045
0 576 0.051577 0.551136 0.040068 0.115909
0 583 0.393862 0.026136 0.035806 0.050000
0 584 0.485934 0.036364 0.034101 0.059091
0 588 0.572890 0.186364 0.035806 0.111364
0 591 0.912617 0.952273 0.055413 0.097727
0 593 0.795396 0.831818 0.051151 0.159091
0 594 0.862319 0.729545 0.052003 0.152273
0 595 0.094203 0.695455 0.057118 0.143182
0 597 0.286445 0.571591 0.046036 0.131818
0 599 0.416880 0.553409 0.047741 0.125000
0 600 0.444160 0.559659 0.040921 0.114773
0 601 0.013214 0.568750 0.024723 0.132955
0 602 0.544757 0.551136 0.040921 0.129545
0 603 0.176471 0.444318 0.042626 0.120455
0 604 0.246377 0.430682 0.040921 0.106818
0 605 0.804774 0.638068 0.054561 0.142045
0 606 0.783461 0.543182 0.042626 0.143182
0 607 0.809889 0.469886 0.042626 0.137500
0 608 0.838022 0.463636 0.037511 0.129545
0 609 0.835038 0.415909 0.041773 0.115909
0 610 0.864024 0.290909 0.033248 0.111364
0 611 0.309889 0.015341 0.031543 0.028409
0 613 0.018755 0.381250 0.035806 0.105682
0 616 0.187127 0.348295 0.033248 0.105682
0 617 0.130009 0.337500 0.033248 0.111364
0 618 0.156010 0.344318 0.034101 0.100000
0 619 0.097613 0.360795 0.040068 0.114773
0 620 0.533674 0.468182 0.042626 0.122727
0 621 0.163257 0.275000 0.038363 0.106818
0 622 0.298380 0.180114 0.035806 0.098864
0 623 0.289003 0.279545 0.042626 0.106818
0 624 0.048167 0.169318 0.036658 0.084091
0 625 0.488065 0.318750 0.033248 0.105682
0 626 0.502558 0.260795 0.033248 0.098864
0 627 0.083546 0.159659 0.039216 0.103409
0 628 0.423274 0.178977 0.034953 0.094318
0 629 0.184569 0.269318 0.033248 0.097727
0 630 0.189685 0.224432 0.036658 0.112500
0 631 0.226343 0.257386 0.033248 0.105682
0 633 0.232310 0.210227 0.038363 0.106818
0 634 0.322677 0.282955 0.046888 0.102273
0 635 0.260017 0.213636 0.035806 0.104545
0 636 0.512361 0.086932 0.040921 0.080682
0 637 0.443734 0.306250 0.041773 0.105682
0 638 0.274936 0.018750 0.024723 0.035227
0 639 0.128730 0.166477 0.034101 0.087500
0 640 0.476982 0.251136 0.038363 0.111364
0 642 0.080989 0.113636 0.030691 0.088636
0 643 0.127877 0.144886 0.032396 0.087500
0 644 0.149190 0.147727 0.030691 0.090909
0 645 0.104859 0.123864 0.032396 0.086364
0 646 0.127025 0.130682 0.035806 0.090909
0 647 0.465047 0.223864 0.033248 0.102273
0 648 0.548593 0.271591 0.043478 0.120455
0 649 0.452685 0.178409 0.037511 0.111364
0 650 0.319267 0.072159 0.029838 0.085227
0 651 0.512788 0.161364 0.033248 0.088636
0 652 0.299659 0.202841 0.033248 0.098864
0 653 0.354646 0.127841 0.037511 0.094318
0 654 0.393436 0.081818 0.024723 0.086364
0 655 0.298806 0.050000 0.033248 0.086364
0 656 0.423274 0.088636 0.036658 0.090909
0 657 0.463342 0.140909 0.038363 0.111364
0 658 0.495737 0.175000 0.036658 0.102273
0 659 0.484228 0.100568 0.035806 0.101136
0 660 0.445439 0.083523 0.033248 0.085227
0 661 0.412617 0.044886 0.028986 0.078409
0 662 0.517050 0.046023 0.034953 0.071591
0 665 0.901108 0.141477 0.034101 0.101136
0 666 0.873402 0.104545 0.028133 0.084091
0 667 0.895993 0.255682 0.042626 0.106818
0 671 0.854220 0.102841 0.035806 0.094318
0 678 0.866155 0.252273 0.040921 0.104545
0 679 0.872549 0.271023 0.034953 0.107955
0 680 0.507673 0.523864 0.046888 0.134091
0 681 0.846547 0.646023 0.059676 0.144318
0 682 0.211424 0.244318 0.039216 0.106818
0 683 0.477835 0.236364 0.033248 0.106818
0 684 0.410486 0.298864 0.041773 0.111364
0 685 0.505541 0.663068 0.047741 0.135227
0 686 0.499147 0.221591 0.033248 0.095455
0 687 0.462063 0.268750 0.039216 0.103409
0 688 0.453112 0.069318 0.028133 0.086364
0 693 0.011509 0.046591 0.021313 0.077273
0 695 0.946718 0.014773 0.031543 0.027273
0 697 0.333333 0.010795 0.028986 0.019318
0 698 0.527707 0.017045 0.028986 0.031818
0 700 0.508951 0.019318 0.039216 0.036364
0 701 0.217818 0.347727 0.033248 0.097727
0 702 0.352515 0.008523 0.028133 0.014773
