0 158 0.360614 0.930114 0.052856 0.139773
0 160 0.422421 0.954545 0.055413 0.093182
0 178 0.361040 0.872727 0.052003 0.145455
0 180 0.437340 0.867045 0.047741 0.145455
0 189 0.244246 0.789205 0.055413 0.146591
0 190 0.300938 0.776136 0.057971 0.152273
0 191 0.131714 0.623295 0.046888 0.135227
0 193 0.091645 0.644886 0.048593 0.151136
0 194 0.036658 0.928409 0.042626 0.086364
0 195 0.012361 0.938068 0.023018 0.123864
0 196 0.478687 0.929545 0.045183 0.134091
0 197 0.515772 0.919886 0.056266 0.142045
0 198 0.419437 0.730114 0.051151 0.144318
0 199 0.382353 0.734659 0.053708 0.155682
0 200 0.138534 0.536364 0.046888 0.129545
0 201 0.179028 0.525568 0.042626 0.128409
0 202 0.216965 0.527273 0.036658 0.115909
0 203 0.349105 0.703977 0.052003 0.128409
0 204 0.562234 0.751136 0.055413 0.143182
0 205 0.588235 0.736932 0.052856 0.139773
0 206 0.490622 0.682386 0.052003 0.148864
0 209 0.034953 0.489205 0.056266 0.126136
0 212 0.497442 0.603409 0.043478 0.134091
0 213 0.398551 0.520455 0.041773 0.111364
0 214 0.431373 0.520455 0.040921 0.111364
0 215 0.315431 0.503409 0.037511 0.111364
0 216 0.281756 0.481818 0.041773 0.120455
0 217 0.276215 0.510795 0.042626 0.101136
0 218 0.217391 0.481818 0.037511 0.111364
0 221 0.418159 0.461364 0.033248 0.111364
0 222 0.447997 0.474432 0.041773 0.110227
0 223 0.359335 0.524432 0.045183 0.119318
0 224 0.416454 0.395455 0.041773 0.102273
0 225 0.291134 0.381818 0.033248 0.115909
0 226 0.322251 0.392614 0.039216 0.110227
0 227 0.819693 0.753977 0.041773 0.128409
0 228 0.887894 0.624432 0.045183 0.121591
0 229 0.791986 0.428409 0.040921 0.113636
0 230 0.526428 0.614773 0.033248 0.120455
0 231 0.382353 0.338636 0.038363 0.111364
0 232 0.358056 0.336932 0.039216 0.103409
0 236 0.876812 0.384091 0.031543 0.104545
0 237 0.812020 0.576136 0.046888 0.111364
0 238 0.854220 0.616477 0.049446 0.135227
0 239 0.863171 0.553409 0.045183 0.125000
0 244 0.584825 0.619318 0.039216 0.125000
0 245 0.475703 0.393182 0.040921 0.111364
0 246 0.500426 0.392045 0.042626 0.115909
0 247 0.495311 0.505114 0.042626 0.101136
0 249 0.066922 0.643182 0.045183 0.131818
0 331 0.836317 0.290909 0.039216 0.104545
0 350 0.964194 0.091477 0.032396 0.087500
0 351 0.924979 0.062500 0.032396 0.084091
0 352 0.934356 0.103977 0.028986 0.060227
0 353 0.903240 0.060227 0.031543 0.077273
0 354 0.867434 0.082386 0.034953 0.101136
0 363 0.730605 0.371023 0.039216 0.114773
0 367 0.553708 0.252273 0.034953 0.104545
0 369 0.500853 0.067045 0.028133 0.077273
0 373 0.382779 0.848864 0.056266 0.152273
0 374 0.865729 0.211932 0.034953 0.089773
0 375 0.719523 0.391477 0.028986 0.080682
0 378 0.722080 0.262500 0.035806 0.097727
0 381 0.860614 0.228409 0.033248 0.079545
0 383 0.519182 0.065909 0.025575 0.079545
0 538 0.758312 0.643750 0.045183 0.128409
0 539 0.755328 0.607386 0.039216 0.121591
0 540 0.734015 0.574432 0.042626 0.137500
0 544 0.380648 0.950568 0.048593 0.101136
0 548 0.711424 0.584091 0.033248 0.115909
0 549 0.697357 0.549432 0.039216 0.128409
0 554 0.574595 0.518182 0.037511 0.120455
0 555 0.590367 0.520455 0.038363 0.125000
0 556 0.695226 0.470455 0.050298 0.125000
0 557 0.708014 0.394318 0.045183 0.111364
0 558 0.770247 0.401136 0.033248 0.097727
0 559 0.598039 0.320455 0.041773 0.111364
0 565 0.362745 0.098864 0.028133 0.084091
0 566 0.542626 0.257955 0.041773 0.111364
0 568 0.457801 0.275000 0.028986 0.079545
0 569 0.474425 0.277841 0.036658 0.101136
0 570 0.493180 0.290909 0.028133 0.061364
0 572 0.543052 0.185795 0.042626 0.101136
0 573 0.564791 0.223295 0.036658 0.101136
0 574 0.361893 0.077273 0.033248 0.088636
0 576 0.020034 0.654545 0.038363 0.122727
0 583 0.403240 0.059659 0.035806 0.080682
0 584 0.475277 0.078409 0.034953 0.081818
0 588 0.590367 0.215909 0.034953 0.111364
0 591 0.875959 0.953977 0.055413 0.094318
0 592 0.868286 0.984659 0.040068 0.032955
0 593 0.779625 0.828409 0.048593 0.145455
0 594 0.854220 0.751136 0.051151 0.152273
0 595 0.133845 0.719318 0.052856 0.129545
0 597 0.306053 0.596591 0.046036 0.131818
0 598 0.006820 0.597727 0.011935 0.140909
0 599 0.413470 0.578409 0.047741 0.125000
0 600 0.442455 0.587500 0.042626 0.118182
0 601 0.033248 0.594318 0.047741 0.129545
0 602 0.546036 0.575000 0.041773 0.129545
0 603 0.189258 0.482955 0.040921 0.120455
0 604 0.260443 0.476705 0.041773 0.110227
0 605 0.800512 0.672159 0.054561 0.142045
0 606 0.777494 0.577273 0.042626 0.143182
0 607 0.805200 0.504545 0.038363 0.129545
0 608 0.827366 0.495455 0.033248 0.122727
0 609 0.836317 0.435227 0.042626 0.115909
0 610 0.867434 0.332955 0.033248 0.111364
0 611 0.300938 0.072159 0.032396 0.087500
0 616 0.203751 0.378409 0.032396 0.097727
0 617 0.149190 0.371591 0.032396 0.109091
0 618 0.174766 0.378409 0.032396 0.100000
0 619 0.112958 0.388636 0.038363 0.106818
0 620 0.535806 0.497159 0.041773 0.121591
0 621 0.183291 0.319318 0.037511 0.106818
0 622 0.317136 0.232386 0.034101 0.096591
0 623 0.297101 0.326136 0.041773 0.106818
0 624 0.079710 0.214773 0.036658 0.084091
0 625 0.486360 0.359659 0.033248 0.105682
0 626 0.508951 0.304545 0.032396 0.088636
0 627 0.111253 0.205682 0.034953 0.100000
0 628 0.428815 0.235227 0.035806 0.097727
0 629 0.208440 0.314773 0.033248 0.097727
0 630 0.193095 0.284091 0.036658 0.111364
0 631 0.249361 0.296591 0.033248 0.097727
0 633 0.245951 0.257955 0.038363 0.088636
0 634 0.328645 0.332386 0.041773 0.101136
0 635 0.277067 0.257955 0.035806 0.104545
0 636 0.512788 0.141477 0.041773 0.080682
0 637 0.446718 0.333523 0.040921 0.105682
0 638 0.273657 0.066477 0.025575 0.080682
0 639 0.160273 0.226136 0.034101 0.084091
0 640 0.485081 0.300000 0.037511 0.111364
0 642 0.120205 0.163068 0.030691 0.087500
0 643 0.161978 0.203977 0.030691 0.082955
0 644 0.185848 0.203409 0.032396 0.086364
0 645 0.146206 0.173864 0.031543 0.086364
0 646 0.169224 0.178409 0.034953 0.090909
0 647 0.468883 0.269886 0.032396 0.101136
0 648 0.549020 0.316477 0.042626 0.119318
0 649 0.451407 0.231818 0.038363 0.111364
0 650 0.332055 0.128977 0.034953 0.087500
0 651 0.511935 0.219318 0.033248 0.088636
0 652 0.307332 0.250568 0.029838 0.098864
0 653 0.353794 0.175000 0.037511 0.093182
0 654 0.396419 0.129545 0.025575 0.086364
0 655 0.322251 0.094318 0.032396 0.088636
0 656 0.424979 0.132955 0.036658 0.088636
0 657 0.468457 0.185227 0.038363 0.111364
0 658 0.495311 0.214205 0.034101 0.101136
0 659 0.487212 0.132386 0.034953 0.094318
0 660 0.443734 0.134659 0.033248 0.085227
0 661 0.412617 0.085227 0.028986 0.088636
0 662 0.507246 0.081250 0.035806 0.089773
0 665 0.881927 0.192614 0.034953 0.094318
0 666 0.855925 0.159091 0.028986 0.084091
0 667 0.915601 0.296023 0.042626 0.107955
0 671 0.842711 0.157955 0.028133 0.093182
0 678 0.867008 0.292045 0.040921 0.104545
0 679 0.887042 0.306250 0.034953 0.107955
0 680 0.499147 0.560227 0.046888 0.134091
0 681 0.844842 0.674432 0.059676 0.144318
0 682 0.223359 0.281818 0.037511 0.106818
0 683 0.480392 0.278977 0.033248 0.096591
0 684 0.418585 0.345455 0.042626 0.111364
0 685 0.510656 0.699432 0.047741 0.135227
0 686 0.503410 0.268182 0.033248 0.084091
0 687 0.457801 0.314205 0.039216 0.101136
0 688 0.446718 0.119318 0.027280 0.086364
0 693 0.011935 0.112500 0.022165 0.090909
0 695 0.974425 0.043182 0.032396 0.084091
0 697 0.326087 0.045455 0.028133 0.072727
0 698 0.525149 0.048295 0.028986 0.073864
0 701 0.230605 0.390909 0.033248 0.097727
0 702 0.322251 0.044886 0.028986 0.080682
