0 158 0.358909 0.928977 0.052856 0.142045
0 160 0.422421 0.954545 0.055413 0.093182
0 178 0.361893 0.873864 0.052003 0.145455
0 180 0.437340 0.865909 0.047741 0.145455
0 189 0.244246 0.788636 0.055413 0.145455
0 190 0.301790 0.776705 0.057971 0.151136
0 191 0.132566 0.624432 0.046888 0.135227
0 193 0.092498 0.644886 0.048593 0.151136
0 194 0.038363 0.926136 0.042626 0.086364
0 195 0.014066 0.935795 0.026428 0.128409
0 196 0.478687 0.928409 0.045183 0.134091
0 197 0.515772 0.918750 0.056266 0.142045
0 198 0.419437 0.728977 0.051151 0.144318
0 199 0.382353 0.734091 0.053708 0.154545
0 200 0.139386 0.537500 0.046888 0.129545
0 201 0.180307 0.526705 0.041773 0.128409
0 202 0.217391 0.527841 0.035806 0.114773
0 203 0.350810 0.703977 0.052003 0.128409
0 204 0.561381 0.751136 0.055413 0.145455
0 205 0.587383 0.736932 0.051151 0.137500
0 206 0.490622 0.681250 0.052003 0.146591
0 209 0.038363 0.491477 0.056266 0.126136
0 212 0.497442 0.604545 0.043478 0.134091
0 213 0.399403 0.519318 0.041773 0.111364
0 214 0.431373 0.521591 0.040921 0.111364
0 215 0.315857 0.505682 0.038363 0.111364
0 216 0.281756 0.482955 0.041773 0.120455
0 217 0.277067 0.511932 0.042626 0.101136
0 218 0.218244 0.482955 0.037511 0.111364
0 221 0.419011 0.462500 0.033248 0.111364
0 222 0.448423 0.474432 0.040921 0.110227
0 223 0.359761 0.524432 0.044331 0.119318
0 224 0.417306 0.396591 0.041773 0.102273
0 225 0.291986 0.384091 0.033248 0.115909
0 226 0.322251 0.392614 0.039216 0.110227
0 227 0.819693 0.750568 0.041773 0.128409
0 228 0.887894 0.626705 0.045183 0.121591
0 229 0.793691 0.428977 0.040921 0.112500
0 230 0.526428 0.614773 0.033248 0.120455
0 231 0.382353 0.340909 0.038363 0.111364
0 232 0.358483 0.339773 0.038363 0.102273
0 236 0.875533 0.388636 0.032396 0.104545
0 237 0.811168 0.577273 0.046888 0.111364
0 238 0.854220 0.615341 0.049446 0.135227
0 239 0.862319 0.554545 0.045183 0.125000
0 244 0.584825 0.621591 0.039216 0.125000
0 245 0.475703 0.394318 0.040921 0.111364
0 246 0.501705 0.393182 0.041773 0.115909
0 247 0.496164 0.505114 0.042626 0.101136
0 249 0.067775 0.643182 0.045183 0.131818
0 331 0.836317 0.293182 0.039216 0.104545
0 350 0.966752 0.094886 0.032396 0.087500
0 351 0.927536 0.064773 0.032396 0.084091
0 352 0.936914 0.107386 0.028986 0.060227
0 353 0.905797 0.060227 0.031543 0.077273
0 354 0.869139 0.083523 0.034953 0.101136
0 363 0.729753 0.371023 0.039216 0.114773
0 367 0.553708 0.253409 0.034953 0.104545
0 369 0.500853 0.070455 0.028133 0.077273
0 373 0.382779 0.848295 0.056266 0.151136
0 374 0.865729 0.213636 0.034953 0.088636
0 375 0.717818 0.391477 0.028986 0.080682
0 378 0.721654 0.262500 0.034953 0.097727
0 381 0.859761 0.230114 0.033248 0.078409
0 383 0.519182 0.068182 0.025575 0.079545
0 538 0.757460 0.643750 0.045183 0.128409
0 539 0.754476 0.608523 0.039216 0.121591
0 540 0.732737 0.575568 0.041773 0.137500
0 544 0.381074 0.950568 0.047741 0.101136
0 548 0.713981 0.590909 0.033248 0.115909
0 549 0.699062 0.556250 0.039216 0.128409
0 554 0.576726 0.518182 0.038363 0.120455
0 555 0.592072 0.520455 0.038363 0.125000
0 556 0.695226 0.470455 0.050298 0.125000
0 557 0.707161 0.394318 0.045183 0.111364
0 558 0.768542 0.401136 0.033248 0.097727
0 559 0.598039 0.325000 0.041773 0.111364
0 565 0.363598 0.100000 0.028133 0.084091
0 566 0.543052 0.259091 0.042626 0.111364
0 568 0.460358 0.276136 0.028986 0.079545
0 569 0.476130 0.279545 0.036658 0.100000
0 570 0.495737 0.292045 0.028133 0.061364
0 572 0.545610 0.186932 0.042626 0.101136
0 573 0.566496 0.225000 0.036658 0.102273
0 574 0.362745 0.080682 0.033248 0.088636
0 576 0.019182 0.660795 0.036658 0.121591
0 583 0.404092 0.060795 0.035806 0.080682
0 584 0.473998 0.078409 0.034101 0.081818
0 591 0.873402 0.953409 0.055413 0.095455
0 592 0.863598 0.983523 0.040921 0.035227
0 593 0.779199 0.827273 0.047741 0.143182
0 594 0.853367 0.750568 0.051151 0.151136
0 595 0.138960 0.718182 0.052856 0.129545
0 597 0.307758 0.598864 0.046036 0.131818
0 598 0.007673 0.598295 0.013640 0.139773
0 599 0.413470 0.578409 0.047741 0.125000
0 600 0.442455 0.588068 0.042626 0.119318
0 601 0.037937 0.596591 0.048593 0.129545
0 602 0.546036 0.576136 0.041773 0.129545
0 603 0.190111 0.484091 0.040921 0.120455
0 604 0.261296 0.477841 0.041773 0.110227
0 605 0.800085 0.671023 0.053708 0.142045
0 606 0.777494 0.578409 0.042626 0.143182
0 607 0.804774 0.505114 0.037511 0.128409
0 608 0.826513 0.497159 0.033248 0.121591
0 609 0.836743 0.436364 0.041773 0.115909
0 610 0.868286 0.335227 0.033248 0.111364
0 611 0.298380 0.074432 0.032396 0.087500
0 616 0.205030 0.378409 0.033248 0.097727
0 617 0.150895 0.372159 0.032396 0.107955
0 618 0.174766 0.380682 0.032396 0.100000
0 619 0.114663 0.388636 0.038363 0.106818
0 620 0.535806 0.499432 0.041773 0.121591
0 621 0.184996 0.320455 0.037511 0.106818
0 622 0.318841 0.233523 0.034101 0.096591
0 623 0.298806 0.326705 0.041773 0.105682
0 624 0.082268 0.217045 0.036658 0.084091
0 625 0.486360 0.360795 0.033248 0.105682
0 626 0.509378 0.305682 0.031543 0.088636
0 627 0.113811 0.206818 0.034953 0.100000
0 628 0.428815 0.234659 0.035806 0.098864
0 629 0.209292 0.315909 0.033248 0.097727
0 630 0.194800 0.285227 0.036658 0.111364
0 631 0.251066 0.300000 0.033248 0.097727
0 633 0.246803 0.258523 0.038363 0.092045
0 634 0.329923 0.332386 0.040921 0.101136
0 635 0.278772 0.260227 0.035806 0.104545
0 636 0.512788 0.142614 0.041773 0.080682
0 637 0.447570 0.334659 0.040921 0.105682
0 638 0.273657 0.068750 0.025575 0.080682
0 639 0.162830 0.227841 0.034101 0.082955
0 640 0.485081 0.302273 0.037511 0.111364
0 642 0.124467 0.165341 0.030691 0.087500
0 643 0.165388 0.206250 0.030691 0.082955
0 644 0.188406 0.205682 0.032396 0.086364
0 645 0.150043 0.175000 0.032396 0.086364
0 646 0.172208 0.179545 0.035806 0.090909
0 647 0.468883 0.269886 0.032396 0.101136
0 648 0.549020 0.317614 0.042626 0.119318
0 649 0.451407 0.232955 0.038363 0.111364
0 650 0.332907 0.130682 0.034953 0.086364
0 651 0.512788 0.220455 0.033248 0.088636
0 652 0.307332 0.251705 0.029838 0.098864
0 653 0.353794 0.175000 0.037511 0.093182
0 654 0.395567 0.131818 0.025575 0.086364
0 655 0.323956 0.095455 0.032396 0.088636
0 656 0.424979 0.135227 0.036658 0.088636
0 657 0.468883 0.185795 0.037511 0.110227
0 658 0.495737 0.218750 0.033248 0.101136
0 659 0.487639 0.134659 0.034101 0.092045
0 660 0.443734 0.138068 0.033248 0.085227
0 661 0.412617 0.086364 0.028986 0.088636
0 662 0.506394 0.082955 0.035806 0.088636
0 665 0.881074 0.193750 0.034953 0.094318
0 666 0.855072 0.161364 0.028986 0.084091
0 667 0.917306 0.298295 0.042626 0.107955
0 671 0.842711 0.160227 0.028133 0.093182
0 678 0.867008 0.293182 0.040921 0.104545
0 679 0.888747 0.307386 0.034953 0.107955
0 680 0.499147 0.560227 0.046888 0.134091
0 681 0.844842 0.674432 0.059676 0.144318
0 682 0.224211 0.285227 0.037511 0.106818
0 683 0.480392 0.279545 0.033248 0.095455
0 684 0.418585 0.347727 0.042626 0.111364
0 685 0.512361 0.698295 0.047741 0.135227
0 686 0.504263 0.266477 0.033248 0.085227
0 687 0.456948 0.314773 0.039216 0.100000
0 688 0.446292 0.122727 0.028133 0.086364
0 693 0.011935 0.115909 0.022165 0.093182
0 695 0.976982 0.045455 0.032396 0.086364
0 697 0.326513 0.047727 0.028986 0.072727
0 698 0.525149 0.050568 0.028986 0.073864
0 701 0.231458 0.390909 0.033248 0.097727
0 702 0.321398 0.047159 0.028986 0.080682
