0 158 0.356351 0.914205 0.051151 0.162500
0 160 0.427110 0.957386 0.054561 0.087500
0 178 0.354646 0.848864 0.051151 0.154545
0 180 0.437340 0.843182 0.047741 0.145455
0 189 0.245098 0.774432 0.055413 0.151136
0 190 0.294970 0.769318 0.057971 0.165909
0 191 0.125746 0.575568 0.046888 0.135227
0 193 0.072038 0.624432 0.048593 0.151136
0 194 0.016198 0.965909 0.030691 0.070455
0 196 0.485934 0.927273 0.046036 0.134091
0 197 0.521739 0.917614 0.056266 0.144318
0 198 0.426257 0.725568 0.051151 0.144318
0 199 0.387894 0.710795 0.054561 0.157955
0 200 0.123188 0.497727 0.046888 0.129545
0 201 0.168798 0.495455 0.046036 0.129545
0 202 0.199488 0.496591 0.037511 0.115909
0 203 0.340153 0.681818 0.054561 0.136364
0 204 0.576726 0.743750 0.062234 0.146591
0 205 0.605286 0.711932 0.051151 0.146591
0 206 0.485081 0.644886 0.052856 0.148864
0 209 0.010230 0.461364 0.018755 0.138636
0 212 0.503410 0.568182 0.043478 0.134091
0 213 0.396846 0.488068 0.041773 0.112500
0 214 0.437340 0.483523 0.040921 0.112500
0 215 0.319693 0.459091 0.037511 0.111364
0 216 0.284314 0.436364 0.041773 0.120455
0 217 0.271526 0.465341 0.046888 0.101136
0 218 0.208440 0.448295 0.038363 0.119318
0 221 0.416454 0.429545 0.033248 0.111364
0 222 0.442455 0.430114 0.042626 0.110227
0 223 0.364450 0.494886 0.045183 0.121591
0 224 0.410486 0.356250 0.041773 0.105682
0 225 0.281756 0.334091 0.033248 0.115909
0 226 0.317562 0.346591 0.046888 0.111364
0 227 0.831202 0.732955 0.042626 0.125000
0 228 0.891731 0.606250 0.044331 0.121591
0 229 0.785166 0.385795 0.040921 0.121591
0 230 0.527280 0.579545 0.034953 0.120455
0 231 0.380222 0.303409 0.037511 0.111364
0 232 0.354220 0.301136 0.041773 0.111364
0 236 0.895141 0.295455 0.032396 0.104545
0 237 0.819693 0.543182 0.046888 0.111364
0 238 0.855499 0.598864 0.048593 0.134091
0 239 0.875107 0.521591 0.045183 0.125000
0 244 0.583973 0.550000 0.039216 0.125000
0 245 0.468883 0.356818 0.040921 0.120455
0 246 0.497016 0.353409 0.042626 0.115909
0 247 0.491049 0.463068 0.042626 0.101136
0 249 0.046036 0.604545 0.042626 0.138636
0 329 0.376812 0.019318 0.035806 0.036364
0 331 0.834186 0.240909 0.038363 0.104545
0 336 0.153879 0.964773 0.045183 0.072727
0 348 0.989770 0.033523 0.020460 0.064773
0 350 0.934783 0.035795 0.031543 0.069318
0 351 0.893862 0.023295 0.031543 0.044318
0 352 0.911765 0.032386 0.028133 0.060227
0 353 0.874254 0.021591 0.031543 0.040909
0 354 0.838448 0.042045 0.034953 0.081818
0 358 0.707587 0.232955 0.035806 0.113636
0 363 0.746803 0.319886 0.039216 0.114773
0 365 0.587809 0.214773 0.038363 0.097727
0 367 0.560529 0.207955 0.034953 0.104545
0 369 0.502558 0.028977 0.028133 0.055682
0 373 0.385763 0.821591 0.053708 0.163636
0 374 0.874680 0.169318 0.034101 0.097727
0 375 0.744246 0.348864 0.028986 0.079545
0 377 0.821824 0.156818 0.042626 0.111364
0 378 0.741688 0.216477 0.035806 0.096591
0 379 0.602728 0.197159 0.042626 0.121591
0 381 0.864876 0.184091 0.033248 0.081818
0 383 0.527707 0.027273 0.028986 0.052273
0 538 0.753623 0.603977 0.044331 0.128409
0 539 0.762148 0.582386 0.039216 0.121591
0 540 0.752344 0.550568 0.041773 0.137500
0 544 0.382779 0.944886 0.047741 0.112500
0 554 0.549872 0.489773 0.039216 0.122727
0 555 0.577579 0.489205 0.036658 0.128409
0 556 0.715686 0.438636 0.050298 0.125000
0 557 0.732737 0.354545 0.046888 0.111364
0 558 0.785166 0.361364 0.037511 0.097727
0 559 0.598039 0.277841 0.041773 0.105682
0 565 0.349105 0.052841 0.028133 0.080682
0 566 0.538789 0.218182 0.042626 0.111364
0 568 0.432225 0.225000 0.028986 0.084091
0 569 0.447997 0.230682 0.036658 0.106818
0 570 0.470162 0.243750 0.028133 0.067045
0 572 0.522165 0.134659 0.041773 0.101136
0 573 0.541347 0.195455 0.037511 0.106818
0 574 0.357630 0.033523 0.033248 0.064773
0 576 0.052430 0.547727 0.040068 0.115909
0 583 0.393436 0.025000 0.034953 0.047727
0 584 0.486360 0.034659 0.034953 0.057955
0 588 0.572464 0.186364 0.034953 0.111364
0 591 0.915175 0.952841 0.055413 0.096591
0 593 0.796249 0.831818 0.051151 0.159091
0 594 0.862319 0.728409 0.052003 0.152273
0 595 0.092072 0.693182 0.056266 0.143182
0 597 0.286019 0.570455 0.045183 0.131818
0 599 0.416880 0.553977 0.047741 0.126136
0 600 0.444587 0.559659 0.041773 0.114773
0 601 0.012788 0.567614 0.023870 0.132955
0 602 0.544757 0.550000 0.040921 0.129545
0 603 0.176471 0.442045 0.042626 0.120455
0 604 0.246377 0.430682 0.040921 0.106818
0 605 0.804774 0.636932 0.054561 0.142045
0 606 0.783887 0.542045 0.041773 0.143182
0 607 0.809889 0.468182 0.042626 0.138636
0 608 0.838875 0.462500 0.037511 0.129545
0 609 0.835038 0.414773 0.041773 0.115909
0 610 0.864024 0.290909 0.033248 0.111364
0 611 0.310742 0.014205 0.031543 0.026136
0 613 0.020034 0.377841 0.038363 0.105682
0 616 0.186275 0.346591 0.033248 0.106818
0 617 0.130009 0.336364 0.033248 0.111364
0 618 0.155158 0.343182 0.034101 0.100000
0 619 0.097613 0.359091 0.040068 0.115909
0 620 0.532822 0.467614 0.042626 0.123864
0 621 0.162404 0.273864 0.038363 0.106818
0 622 0.297528 0.178977 0.035806 0.098864
0 623 0.289003 0.277273 0.042626 0.106818
0 624 0.047315 0.165909 0.036658 0.084091
0 625 0.488065 0.317614 0.033248 0.105682
0 626 0.502558 0.259659 0.033248 0.098864
0 627 0.081841 0.158523 0.039216 0.103409
0 628 0.422421 0.177841 0.036658 0.096591
0 629 0.183717 0.268182 0.033248 0.097727
0 630 0.188832 0.223295 0.036658 0.112500
0 631 0.225490 0.256250 0.033248 0.105682
0 633 0.231884 0.207955 0.037511 0.106818
0 634 0.322677 0.281250 0.046888 0.101136
0 635 0.259165 0.211364 0.035806 0.104545
0 636 0.512361 0.083523 0.040921 0.080682
0 637 0.444160 0.305114 0.040921 0.105682
0 638 0.274510 0.017614 0.025575 0.032955
0 639 0.127877 0.163068 0.034101 0.087500
0 640 0.476982 0.248864 0.038363 0.111364
0 642 0.080136 0.112500 0.030691 0.088636
0 643 0.127025 0.142614 0.032396 0.087500
0 644 0.147485 0.145455 0.030691 0.090909
0 645 0.103581 0.122727 0.031543 0.086364
0 646 0.125320 0.127273 0.035806 0.090909
0 647 0.465047 0.222727 0.033248 0.102273
0 648 0.548593 0.271023 0.043478 0.119318
0 649 0.452685 0.178409 0.037511 0.111364
0 650 0.319267 0.069886 0.029838 0.085227
0 651 0.513640 0.159091 0.033248 0.088636
0 652 0.299233 0.200568 0.034101 0.098864
0 653 0.354646 0.125568 0.037511 0.094318
0 654 0.393862 0.079545 0.025575 0.086364
0 655 0.297954 0.048295 0.033248 0.085227
0 656 0.424126 0.087500 0.036658 0.090909
0 657 0.463768 0.139773 0.039216 0.111364
0 658 0.495737 0.175000 0.036658 0.102273
0 659 0.484228 0.099432 0.035806 0.101136
0 660 0.446292 0.081250 0.033248 0.085227
0 661 0.412617 0.043750 0.028986 0.076136
0 662 0.517903 0.045455 0.034953 0.070455
0 665 0.901961 0.140341 0.034101 0.101136
0 666 0.873828 0.102273 0.028986 0.084091
0 667 0.895141 0.253409 0.042626 0.106818
0 671 0.855072 0.099432 0.035806 0.094318
0 678 0.866155 0.251705 0.040921 0.105682
0 679 0.872549 0.269886 0.034953 0.107955
0 680 0.507673 0.522727 0.046888 0.134091
0 681 0.846547 0.646023 0.059676 0.144318
0 682 0.210997 0.242045 0.038363 0.106818
0 683 0.477835 0.235227 0.033248 0.106818
0 684 0.409633 0.297727 0.041773 0.111364
0 685 0.505541 0.660795 0.047741 0.135227
0 686 0.499147 0.219886 0.033248 0.094318
0 687 0.462063 0.266477 0.039216 0.103409
0 688 0.453112 0.068182 0.028133 0.086364
0 693 0.011509 0.043750 0.021313 0.076136
0 695 0.945865 0.014205 0.031543 0.026136
0 697 0.333333 0.009659 0.028986 0.017045
0 698 0.527707 0.015909 0.028986 0.029545
0 700 0.508951 0.019318 0.039216 0.036364
0 701 0.216965 0.345455 0.033248 0.097727
0 702 0.353367 0.007955 0.028133 0.013636
