0 158 0.354646 0.948295 0.057971 0.105682
0 178 0.367434 0.880682 0.051151 0.145455
0 180 0.447570 0.883523 0.046036 0.153409
0 189 0.248934 0.836364 0.046036 0.150000
0 190 0.299233 0.828409 0.049446 0.159091
0 191 0.103581 0.576705 0.046888 0.135227
0 193 0.040068 0.643182 0.046036 0.147727
0 196 0.510230 0.978409 0.036658 0.045455
0 197 0.547315 0.959659 0.042626 0.080682
0 198 0.452259 0.761932 0.048593 0.153409
0 199 0.409207 0.760795 0.054561 0.157955
0 200 0.092498 0.514773 0.046888 0.129545
0 201 0.141091 0.517045 0.046888 0.131818
0 202 0.176471 0.511364 0.037511 0.115909
0 203 0.350810 0.739773 0.055413 0.150000
0 204 0.602728 0.775000 0.064791 0.159091
0 205 0.649616 0.758523 0.047741 0.146591
0 206 0.496164 0.673295 0.052856 0.144318
0 212 0.530264 0.592045 0.042626 0.134091
0 213 0.408781 0.516477 0.041773 0.112500
0 214 0.448849 0.518750 0.041773 0.128409
0 215 0.321824 0.476705 0.036658 0.119318
0 216 0.288150 0.459091 0.040921 0.120455
0 217 0.265132 0.482955 0.049446 0.120455
0 218 0.176044 0.468182 0.038363 0.120455
0 221 0.413043 0.444318 0.033248 0.111364
0 222 0.445865 0.448864 0.042626 0.115909
0 223 0.363171 0.535227 0.044331 0.134091
0 224 0.404518 0.360227 0.041773 0.111364
0 225 0.272805 0.348864 0.034101 0.115909
0 226 0.300512 0.352273 0.046888 0.111364
0 227 0.853367 0.789205 0.042626 0.132955
0 228 0.915601 0.636932 0.044331 0.121591
0 229 0.761722 0.401136 0.041773 0.129545
0 230 0.554987 0.598864 0.042626 0.120455
0 231 0.384484 0.302841 0.037511 0.110227
0 232 0.358056 0.303409 0.039216 0.118182
0 236 0.922421 0.206818 0.032396 0.104545
0 237 0.831628 0.557386 0.046888 0.119318
0 238 0.853367 0.623864 0.047741 0.134091
0 239 0.898977 0.552273 0.045183 0.125000
0 244 0.584825 0.504545 0.039216 0.125000
0 245 0.465899 0.360795 0.041773 0.121591
0 246 0.498295 0.360795 0.041773 0.119318
0 247 0.490622 0.486364 0.043478 0.102273
0 249 0.013640 0.636932 0.025575 0.137500
0 329 0.359761 0.011932 0.035806 0.021591
0 331 0.832907 0.236364 0.039216 0.104545
0 335 0.251066 0.973295 0.055413 0.055682
0 336 0.161125 0.940909 0.046036 0.120455
0 337 0.196505 0.942614 0.043478 0.117045
0 345 0.821824 0.146591 0.032396 0.097727
0 346 0.837170 0.094886 0.035806 0.107955
0 347 0.826513 0.112500 0.031543 0.090909
0 348 0.936488 0.019886 0.031543 0.037500
0 350 0.888321 0.021591 0.030691 0.040909
0 352 0.862319 0.020455 0.028133 0.038636
0 358 0.728048 0.223864 0.035806 0.113636
0 361 0.722080 0.265341 0.039216 0.094318
0 362 0.728900 0.336932 0.034101 0.096591
0 363 0.783461 0.334659 0.039216 0.114773
0 364 0.707587 0.288068 0.034101 0.101136
0 365 0.598465 0.211364 0.039216 0.097727
0 367 0.560102 0.205682 0.034101 0.104545
0 368 0.515772 0.121591 0.027280 0.090909
0 369 0.508525 0.023295 0.028133 0.044318
0 373 0.394288 0.859659 0.057118 0.164773
0 374 0.879369 0.160227 0.034953 0.097727
0 375 0.744672 0.368182 0.028133 0.084091
0 377 0.822251 0.163068 0.041773 0.110227
0 378 0.790708 0.201705 0.041773 0.096591
0 379 0.606138 0.194886 0.042626 0.121591
0 380 0.537937 0.010227 0.028986 0.018182
0 381 0.886616 0.168182 0.037511 0.088636
0 383 0.534101 0.021023 0.028133 0.039773
0 536 0.136402 0.968182 0.046036 0.065909
0 538 0.731458 0.615909 0.046036 0.120455
0 539 0.750213 0.597727 0.039216 0.120455
0 540 0.777067 0.588068 0.041773 0.137500
0 544 0.384910 0.979545 0.040068 0.040909
0 554 0.529412 0.513068 0.039216 0.128409
0 555 0.562234 0.516477 0.046888 0.128409
0 556 0.746377 0.455682 0.050298 0.129545
0 557 0.771100 0.372727 0.046888 0.129545
0 558 0.799659 0.377273 0.037511 0.097727
0 559 0.605712 0.288636 0.041773 0.111364
0 565 0.321398 0.039773 0.028986 0.077273
0 566 0.531117 0.211364 0.042626 0.115909
0 568 0.412191 0.223864 0.028133 0.084091
0 569 0.427536 0.225000 0.036658 0.106818
0 570 0.452259 0.227841 0.028133 0.080682
0 572 0.483802 0.123295 0.041773 0.101136
0 573 0.527280 0.189773 0.036658 0.115909
0 574 0.358909 0.029545 0.032396 0.056818
0 576 0.118073 0.448864 0.040068 0.115909
0 579 0.502984 0.010227 0.039216 0.018182
0 583 0.375107 0.015341 0.034101 0.028409
0 584 0.504263 0.032955 0.034953 0.063636
0 585 0.839301 0.152841 0.038363 0.098864
0 588 0.562234 0.176136 0.034953 0.111364
0 593 0.855072 0.903409 0.049446 0.154545
0 594 0.895993 0.788068 0.057971 0.151136
0 595 0.024297 0.749432 0.046888 0.146591
0 597 0.255328 0.594318 0.038363 0.129545
0 599 0.423700 0.598864 0.047741 0.140909
0 600 0.453538 0.598295 0.040921 0.130682
0 602 0.564365 0.584659 0.042626 0.132955
0 603 0.143223 0.464773 0.040921 0.125000
0 604 0.234015 0.443750 0.043478 0.112500
0 605 0.825661 0.687500 0.055413 0.154545
0 606 0.797101 0.561932 0.047741 0.142045
0 607 0.834186 0.494318 0.041773 0.138636
0 608 0.863598 0.492614 0.040921 0.130682
0 609 0.835891 0.435795 0.046888 0.117045
0 610 0.853794 0.296591 0.033248 0.111364
0 613 0.147059 0.310795 0.050298 0.105682
0 616 0.154305 0.358523 0.037511 0.114773
0 617 0.094203 0.351136 0.033248 0.111364
0 618 0.115090 0.366477 0.032396 0.101136
0 619 0.058824 0.375568 0.042626 0.126136
0 620 0.528559 0.485227 0.042626 0.134091
0 621 0.114663 0.269318 0.036658 0.106818
0 622 0.252344 0.170455 0.035806 0.104545
0 623 0.274084 0.286364 0.038363 0.106818
0 624 0.007673 0.169318 0.013640 0.093182
0 625 0.497442 0.326136 0.033248 0.115909
0 626 0.481245 0.248295 0.033248 0.098864
0 627 0.025575 0.161932 0.040921 0.110227
0 628 0.406650 0.175000 0.037511 0.102273
0 629 0.133845 0.266477 0.034101 0.098864
0 630 0.166667 0.236364 0.038363 0.120455
0 631 0.174339 0.274432 0.033248 0.105682
0 633 0.204177 0.202273 0.038363 0.109091
0 634 0.307332 0.305682 0.053708 0.111364
0 635 0.235294 0.203409 0.035806 0.104545
0 636 0.505541 0.072727 0.040921 0.084091
0 637 0.450128 0.315909 0.042626 0.120455
0 639 0.055413 0.150568 0.037511 0.087500
0 640 0.459932 0.245455 0.036658 0.111364
0 642 0.007246 0.103977 0.012788 0.096591
0 643 0.062234 0.127841 0.032396 0.087500
0 644 0.082694 0.128409 0.030691 0.090909
0 645 0.019608 0.112500 0.027280 0.079545
0 646 0.042199 0.114773 0.034953 0.090909
0 647 0.458227 0.221591 0.033248 0.111364
0 648 0.546036 0.268182 0.046888 0.120455
0 649 0.435635 0.171591 0.037511 0.111364
0 650 0.298806 0.068750 0.040068 0.087500
0 651 0.509378 0.150000 0.033248 0.097727
0 652 0.268968 0.186932 0.040068 0.098864
0 653 0.351236 0.123864 0.037511 0.106818
0 654 0.403240 0.070455 0.032396 0.086364
0 655 0.237425 0.038636 0.033248 0.075000
0 656 0.432651 0.074432 0.036658 0.096591
0 657 0.471441 0.131818 0.039216 0.111364
0 658 0.487212 0.151705 0.036658 0.101136
0 659 0.484228 0.069886 0.035806 0.101136
0 660 0.452259 0.077841 0.033248 0.085227
0 661 0.419864 0.034659 0.028133 0.067045
0 662 0.539642 0.032955 0.034101 0.063636
0 665 0.921142 0.150000 0.034953 0.104545
0 666 0.900256 0.086364 0.028986 0.084091
0 667 0.880648 0.262500 0.042626 0.106818
0 671 0.870418 0.083523 0.034101 0.094318
0 678 0.859335 0.246591 0.042626 0.111364
0 679 0.856777 0.264773 0.035806 0.106818
0 680 0.546036 0.551136 0.055413 0.134091
0 681 0.873828 0.689773 0.059676 0.150000
0 682 0.187980 0.237500 0.041773 0.106818
0 683 0.474425 0.234659 0.033248 0.105682
0 684 0.405797 0.301705 0.042626 0.110227
0 685 0.526002 0.690909 0.052856 0.140909
0 686 0.494885 0.232386 0.033248 0.098864
0 687 0.462489 0.271591 0.041773 0.104545
0 688 0.465473 0.048864 0.032396 0.086364
0 693 0.007673 0.025000 0.013640 0.047727
0 701 0.159847 0.373295 0.034953 0.098864
