0 158 0.351236 0.916477 0.051151 0.160227
0 160 0.431373 0.958523 0.054561 0.085227
0 178 0.352515 0.842614 0.052003 0.151136
0 180 0.439045 0.844318 0.047741 0.147727
0 189 0.245951 0.787500 0.053708 0.150000
0 190 0.292413 0.773864 0.056266 0.165909
0 191 0.121483 0.564205 0.046888 0.135227
0 193 0.063512 0.613068 0.048593 0.151136
0 194 0.008525 0.979545 0.015345 0.043182
0 196 0.491049 0.934659 0.046036 0.130682
0 197 0.526428 0.918750 0.053708 0.142045
0 198 0.432225 0.716477 0.051151 0.144318
0 199 0.392157 0.711932 0.054561 0.157955
0 200 0.114663 0.487500 0.046888 0.129545
0 201 0.162830 0.497727 0.046036 0.131818
0 202 0.192668 0.481818 0.037511 0.115909
0 203 0.339727 0.679545 0.055413 0.140909
0 204 0.580989 0.738068 0.067349 0.151136
0 205 0.612532 0.704545 0.043478 0.145455
0 206 0.485934 0.643750 0.052856 0.148864
0 209 0.004689 0.454545 0.007673 0.138636
0 212 0.503410 0.560227 0.043478 0.134091
0 213 0.401535 0.478977 0.040921 0.112500
0 214 0.444160 0.476705 0.040921 0.112500
0 215 0.319693 0.452273 0.037511 0.111364
0 216 0.286019 0.428409 0.041773 0.120455
0 217 0.269821 0.460227 0.050298 0.106818
0 218 0.202472 0.438636 0.038363 0.120455
0 221 0.419011 0.426136 0.033248 0.111364
0 222 0.441176 0.424432 0.041773 0.110227
0 223 0.364450 0.490909 0.045183 0.122727
0 224 0.408355 0.340341 0.042626 0.110227
0 225 0.281330 0.327273 0.034101 0.115909
0 226 0.314152 0.334091 0.046888 0.111364
0 227 0.835465 0.731250 0.040921 0.126136
0 228 0.895993 0.600568 0.044331 0.121591
0 229 0.781756 0.376705 0.040921 0.121591
0 230 0.531543 0.565909 0.040068 0.120455
0 231 0.381927 0.282955 0.037511 0.111364
0 232 0.355072 0.294318 0.041773 0.111364
0 236 0.903666 0.259091 0.032396 0.104545
0 237 0.823103 0.536364 0.046888 0.111364
0 238 0.855925 0.590341 0.047741 0.135227
0 239 0.880222 0.519318 0.045183 0.125000
0 244 0.583973 0.522727 0.039216 0.125000
0 245 0.466752 0.340909 0.041773 0.120455
0 246 0.498295 0.337500 0.041773 0.115909
0 247 0.491049 0.452841 0.042626 0.101136
0 249 0.035806 0.598864 0.049446 0.140909
0 329 0.374254 0.012500 0.035806 0.022727
0 331 0.832907 0.227273 0.039216 0.104545
0 335 0.260443 0.984091 0.052003 0.034091
0 336 0.155584 0.950000 0.045183 0.102273
0 337 0.196505 0.950568 0.041773 0.101136
0 348 0.982950 0.022159 0.027280 0.042045
0 350 0.923274 0.022727 0.032396 0.043182
0 351 0.884058 0.011932 0.032396 0.021591
0 352 0.899829 0.022159 0.028133 0.042045
0 353 0.862745 0.010795 0.032396 0.019318
0 358 0.711850 0.222727 0.035806 0.113636
0 362 0.715260 0.311932 0.030691 0.094318
0 363 0.757886 0.314205 0.039216 0.114773
0 365 0.593777 0.196591 0.038363 0.097727
0 367 0.560955 0.188636 0.035806 0.104545
0 368 0.542626 0.123864 0.028133 0.090909
0 369 0.503410 0.023864 0.028133 0.045455
0 373 0.391731 0.815909 0.057118 0.165909
0 374 0.878090 0.155682 0.034101 0.097727
0 375 0.742540 0.339773 0.028986 0.079545
0 377 0.824808 0.144318 0.041773 0.111364
0 378 0.752771 0.202841 0.035806 0.096591
0 379 0.604433 0.184659 0.042626 0.121591
0 381 0.872549 0.167045 0.036658 0.086364
0 383 0.530264 0.019886 0.028986 0.037500
0 536 0.131287 0.981818 0.046036 0.038636
0 538 0.744246 0.588068 0.044331 0.128409
0 539 0.762148 0.563636 0.039216 0.120455
0 540 0.760870 0.553977 0.041773 0.137500
0 544 0.387042 0.945455 0.049446 0.109091
0 554 0.543052 0.478409 0.039216 0.127273
0 555 0.569906 0.480114 0.036658 0.128409
0 556 0.725064 0.428409 0.050298 0.125000
0 557 0.745524 0.347159 0.046888 0.114773
0 558 0.791986 0.347727 0.037511 0.097727
0 559 0.596760 0.265341 0.042626 0.110227
0 565 0.341432 0.038636 0.028133 0.070455
0 566 0.538789 0.202273 0.042626 0.111364
0 568 0.422421 0.219318 0.028133 0.084091
0 569 0.440324 0.215909 0.036658 0.106818
0 570 0.465473 0.223864 0.028986 0.075000
0 572 0.514493 0.121023 0.041773 0.101136
0 573 0.535806 0.179545 0.038363 0.111364
0 574 0.355925 0.025000 0.033248 0.047727
0 576 0.067775 0.506818 0.040068 0.115909
0 583 0.391731 0.014205 0.034953 0.026136
0 584 0.491049 0.028977 0.034101 0.055682
0 588 0.567349 0.177273 0.034953 0.111364
0 591 0.945865 0.959659 0.055413 0.082955
0 593 0.807332 0.834659 0.051151 0.157955
0 594 0.868286 0.726136 0.052003 0.152273
0 595 0.073743 0.688636 0.052003 0.138636
0 597 0.278772 0.556818 0.044331 0.131818
0 599 0.420290 0.557386 0.047741 0.128409
0 600 0.449702 0.559659 0.041773 0.114773
0 601 0.009378 0.560227 0.017050 0.134091
0 602 0.548167 0.540909 0.040921 0.129545
0 603 0.170503 0.436364 0.040921 0.120455
0 604 0.244672 0.421591 0.040921 0.106818
0 605 0.810742 0.644318 0.054561 0.145455
0 606 0.788576 0.528409 0.042626 0.143182
0 607 0.820119 0.463636 0.042626 0.138636
0 608 0.843990 0.456818 0.039216 0.129545
0 609 0.838022 0.398864 0.042626 0.115909
0 610 0.864024 0.284091 0.033248 0.111364
0 613 0.046888 0.347727 0.044331 0.106818
0 616 0.177749 0.330114 0.033248 0.105682
0 617 0.124893 0.325000 0.033248 0.111364
0 618 0.149190 0.334659 0.032396 0.101136
0 619 0.090367 0.345455 0.040921 0.120455
0 620 0.529412 0.461364 0.042626 0.129545
0 621 0.150895 0.253409 0.037511 0.106818
0 622 0.289003 0.163068 0.035806 0.103409
0 623 0.289003 0.264773 0.042626 0.106818
0 624 0.035379 0.154545 0.036658 0.086364
0 625 0.488917 0.305114 0.033248 0.107955
0 626 0.497442 0.244886 0.033248 0.098864
0 627 0.068201 0.143750 0.039216 0.105682
0 628 0.419864 0.162500 0.033248 0.097727
0 629 0.173487 0.254545 0.033248 0.097727
0 630 0.183717 0.214205 0.036658 0.112500
0 631 0.212702 0.253977 0.033248 0.105682
0 633 0.223785 0.195455 0.034953 0.104545
0 634 0.318414 0.283523 0.050298 0.105682
0 635 0.252344 0.195455 0.035806 0.104545
0 636 0.511509 0.073864 0.040921 0.081818
0 637 0.446718 0.289205 0.040921 0.105682
0 639 0.115090 0.149432 0.035806 0.087500
0 640 0.474425 0.235227 0.038363 0.111364
0 642 0.061381 0.096591 0.030691 0.090909
0 643 0.109122 0.122159 0.032396 0.087500
0 644 0.132140 0.128409 0.030691 0.090909
0 645 0.086104 0.105114 0.027280 0.087500
0 646 0.105286 0.110227 0.034953 0.090909
0 647 0.464194 0.202841 0.033248 0.103409
0 648 0.548593 0.261364 0.045183 0.120455
0 649 0.449275 0.171591 0.037511 0.111364
0 650 0.315857 0.060227 0.038363 0.086364
0 651 0.514493 0.145455 0.033248 0.088636
0 652 0.293691 0.182386 0.038363 0.098864
0 653 0.354646 0.114205 0.037511 0.094318
0 654 0.395141 0.063636 0.028133 0.086364
0 655 0.284740 0.038068 0.035806 0.073864
0 656 0.424979 0.072159 0.036658 0.094318
0 657 0.464621 0.120455 0.039216 0.111364
0 658 0.494032 0.166477 0.036658 0.101136
0 659 0.484228 0.083523 0.035806 0.101136
0 660 0.448849 0.073295 0.033248 0.085227
0 661 0.415175 0.033523 0.028986 0.064773
0 662 0.522165 0.031250 0.034953 0.060227
0 665 0.907928 0.126705 0.034101 0.101136
0 666 0.878943 0.080682 0.028986 0.084091
0 667 0.889173 0.247727 0.042626 0.106818
0 671 0.858483 0.078977 0.035806 0.094318
0 678 0.865729 0.247159 0.041773 0.107955
0 679 0.868286 0.248295 0.034953 0.107955
0 680 0.514493 0.518182 0.050298 0.134091
0 681 0.851662 0.652841 0.059676 0.144318
0 682 0.204604 0.226136 0.040921 0.106818
0 683 0.476130 0.221591 0.033248 0.106818
0 684 0.408355 0.288068 0.042626 0.110227
0 685 0.506394 0.657386 0.047741 0.137500
0 686 0.499147 0.213636 0.033248 0.090909
0 687 0.463768 0.253409 0.039216 0.104545
0 688 0.456522 0.057955 0.028133 0.086364
0 693 0.011935 0.032386 0.022165 0.062500
0 698 0.529838 0.006818 0.028133 0.011364
0 700 0.508951 0.013636 0.039216 0.025000
0 701 0.204177 0.337500 0.033248 0.097727
