0 158 0.354220 0.914773 0.052003 0.161364
0 160 0.428815 0.957955 0.054561 0.086364
0 178 0.352941 0.843750 0.051151 0.157955
0 180 0.437340 0.837500 0.047741 0.145455
0 189 0.245524 0.780114 0.054561 0.151136
0 190 0.293265 0.769318 0.057971 0.165909
0 191 0.124041 0.569886 0.046888 0.135227
0 193 0.068627 0.619886 0.048593 0.151136
0 194 0.013214 0.971591 0.024723 0.059091
0 196 0.487639 0.923295 0.046036 0.128409
0 197 0.523444 0.915341 0.056266 0.144318
0 198 0.428815 0.722159 0.051151 0.144318
0 199 0.388747 0.705114 0.054561 0.157955
0 200 0.119778 0.490909 0.046888 0.129545
0 201 0.167093 0.493750 0.046036 0.130682
0 202 0.196078 0.486364 0.037511 0.115909
0 203 0.339301 0.676136 0.054561 0.138636
0 204 0.578431 0.741477 0.063939 0.148864
0 205 0.609548 0.703409 0.049446 0.145455
0 206 0.485081 0.641477 0.052856 0.148864
0 209 0.008099 0.459091 0.014493 0.138636
0 212 0.503410 0.564773 0.043478 0.134091
0 213 0.396846 0.480114 0.041773 0.112500
0 214 0.438193 0.477841 0.040921 0.112500
0 215 0.319693 0.456818 0.037511 0.111364
0 216 0.286019 0.430682 0.041773 0.120455
0 217 0.269821 0.459091 0.050298 0.102273
0 218 0.206735 0.443182 0.038363 0.120455
0 221 0.418159 0.426136 0.033248 0.111364
0 222 0.441603 0.423295 0.042626 0.110227
0 223 0.364450 0.488068 0.045183 0.121591
0 224 0.409633 0.349432 0.041773 0.107955
0 225 0.281330 0.330682 0.034101 0.115909
0 226 0.315857 0.340909 0.046888 0.111364
0 227 0.833333 0.729545 0.041773 0.125000
0 228 0.893436 0.603977 0.044331 0.121591
0 229 0.783461 0.382386 0.040921 0.121591
0 230 0.528986 0.573864 0.036658 0.120455
0 231 0.381074 0.294318 0.037511 0.111364
0 232 0.354220 0.297727 0.041773 0.111364
0 236 0.898551 0.275000 0.032396 0.104545
0 237 0.821398 0.539773 0.046888 0.111364
0 238 0.855499 0.595455 0.048593 0.134091
0 239 0.877664 0.515909 0.045183 0.125000
0 244 0.583973 0.536364 0.039216 0.125000
0 245 0.467604 0.346591 0.041773 0.120455
0 246 0.497016 0.345455 0.042626 0.115909
0 247 0.491049 0.458523 0.042626 0.101136
0 249 0.041347 0.602273 0.046888 0.138636
0 329 0.375959 0.016477 0.035806 0.030682
0 331 0.833760 0.235227 0.039216 0.104545
0 335 0.261296 0.988068 0.052003 0.026136
0 336 0.154731 0.958523 0.045183 0.085227
0 337 0.195652 0.953977 0.041773 0.094318
0 348 0.987639 0.026136 0.023018 0.050000
0 350 0.928815 0.028977 0.031543 0.055682
0 351 0.890026 0.017614 0.032396 0.032955
0 352 0.906650 0.027273 0.028133 0.052273
0 353 0.869991 0.015909 0.031543 0.029545
0 358 0.708440 0.222727 0.035806 0.113636
0 363 0.751066 0.315341 0.039216 0.114773
0 365 0.590367 0.204545 0.038363 0.097727
0 367 0.560955 0.198864 0.035806 0.104545
0 368 0.544331 0.131818 0.028133 0.090909
0 369 0.502558 0.026705 0.028133 0.051136
0 373 0.390452 0.814205 0.057971 0.164773
0 374 0.876385 0.161364 0.034101 0.097727
0 375 0.744246 0.343182 0.028986 0.079545
0 377 0.821824 0.144318 0.042626 0.111364
0 378 0.747656 0.208523 0.035806 0.096591
0 379 0.603581 0.190341 0.042626 0.121591
0 381 0.868286 0.177273 0.034953 0.084091
0 383 0.528559 0.024432 0.028986 0.046591
0 538 0.749361 0.594886 0.044331 0.128409
0 539 0.762148 0.574432 0.039216 0.121591
0 540 0.755754 0.548295 0.041773 0.137500
0 544 0.383632 0.944318 0.049446 0.113636
0 554 0.547315 0.485227 0.039216 0.125000
0 555 0.574169 0.485227 0.036658 0.129545
0 556 0.719949 0.432955 0.050298 0.125000
0 557 0.738704 0.347727 0.046888 0.111364
0 558 0.788576 0.355682 0.037511 0.097727
0 559 0.597187 0.270455 0.041773 0.104545
0 565 0.345695 0.047159 0.028133 0.076136
0 566 0.538789 0.211364 0.042626 0.111364
0 568 0.425831 0.220455 0.028133 0.084091
0 569 0.443734 0.221591 0.036658 0.106818
0 570 0.468031 0.234091 0.028986 0.070455
0 572 0.518755 0.128977 0.041773 0.101136
0 573 0.538363 0.189205 0.038363 0.110227
0 574 0.356777 0.027841 0.033248 0.053409
0 576 0.059250 0.530682 0.040068 0.115909
0 583 0.392583 0.020455 0.034953 0.038636
0 584 0.488491 0.028409 0.034101 0.054545
0 588 0.570332 0.181818 0.035806 0.111364
0 591 0.927962 0.955682 0.055413 0.090909
0 593 0.800512 0.830114 0.051151 0.157955
0 594 0.864876 0.726136 0.052003 0.152273
0 595 0.084399 0.690909 0.054561 0.140909
0 597 0.282609 0.564773 0.045183 0.131818
0 599 0.418585 0.555114 0.047741 0.126136
0 600 0.446718 0.559659 0.040921 0.114773
0 601 0.011509 0.564773 0.021313 0.134091
0 602 0.545610 0.544318 0.040921 0.129545
0 603 0.174339 0.436364 0.041773 0.120455
0 604 0.245524 0.426136 0.040921 0.106818
0 605 0.807332 0.638636 0.054561 0.143182
0 606 0.785166 0.532955 0.042626 0.143182
0 607 0.814152 0.465909 0.042626 0.138636
0 608 0.840580 0.460227 0.037511 0.129545
0 609 0.836317 0.406818 0.042626 0.115909
0 610 0.864024 0.287500 0.033248 0.111364
0 611 0.314152 0.009091 0.031543 0.015909
0 613 0.028133 0.361932 0.046036 0.107955
0 616 0.182864 0.339773 0.033248 0.106818
0 617 0.128303 0.331818 0.033248 0.111364
0 618 0.153026 0.339205 0.033248 0.101136
0 619 0.095055 0.352273 0.040068 0.118182
0 620 0.531969 0.465341 0.042626 0.126136
0 621 0.157715 0.263636 0.037511 0.106818
0 622 0.294118 0.172159 0.035806 0.101136
0 623 0.289003 0.269318 0.042626 0.106818
0 624 0.041347 0.154545 0.036658 0.084091
0 625 0.488065 0.309659 0.033248 0.105682
0 626 0.500000 0.253977 0.033248 0.098864
0 627 0.076726 0.151705 0.039216 0.105682
0 628 0.419864 0.171023 0.033248 0.096591
0 629 0.179454 0.262500 0.033248 0.097727
0 630 0.186275 0.218750 0.036658 0.112500
0 631 0.220375 0.251705 0.033248 0.105682
0 633 0.228900 0.196591 0.033248 0.102273
0 634 0.320972 0.281818 0.048593 0.102273
0 635 0.255754 0.200000 0.035806 0.104545
0 636 0.511509 0.075568 0.040921 0.080682
0 637 0.445439 0.298295 0.041773 0.105682
0 638 0.274510 0.010227 0.025575 0.018182
0 639 0.122336 0.157386 0.034953 0.087500
0 640 0.475277 0.237500 0.038363 0.111364
0 642 0.072464 0.102841 0.030691 0.089773
0 643 0.119352 0.131250 0.032396 0.087500
0 644 0.141517 0.136364 0.030691 0.090909
0 645 0.096760 0.115341 0.029838 0.087500
0 646 0.117221 0.115909 0.034953 0.090909
0 647 0.465047 0.212500 0.033248 0.102273
0 648 0.549020 0.267045 0.044331 0.120455
0 649 0.450980 0.175000 0.037511 0.111364
0 650 0.317562 0.065341 0.033248 0.085227
0 651 0.513640 0.153409 0.033248 0.088636
0 652 0.296675 0.192614 0.035806 0.098864
0 653 0.354646 0.114205 0.037511 0.094318
0 654 0.395141 0.068182 0.024723 0.086364
0 655 0.291134 0.040341 0.033248 0.078409
0 656 0.424126 0.081250 0.036658 0.092045
0 657 0.464194 0.131818 0.038363 0.111364
0 658 0.494885 0.171591 0.036658 0.102273
0 659 0.484228 0.092614 0.035806 0.101136
0 660 0.447144 0.073295 0.033248 0.085227
0 661 0.412617 0.035795 0.028986 0.069318
0 662 0.519608 0.036932 0.034953 0.064773
0 665 0.904518 0.134659 0.034101 0.101136
0 666 0.876812 0.087500 0.028133 0.084091
0 667 0.891731 0.247727 0.042626 0.106818
0 671 0.858483 0.088068 0.035806 0.094318
0 678 0.866155 0.250000 0.040921 0.106818
0 679 0.870844 0.260795 0.034953 0.107955
0 680 0.509804 0.514773 0.047741 0.134091
0 681 0.848679 0.649432 0.058824 0.144318
0 682 0.208440 0.236364 0.040068 0.106818
0 683 0.476982 0.229545 0.033248 0.106818
0 684 0.409207 0.293182 0.042626 0.111364
0 685 0.505541 0.652841 0.047741 0.135227
0 686 0.499147 0.209659 0.033248 0.085227
0 687 0.462063 0.256818 0.039216 0.104545
0 688 0.454817 0.063636 0.028133 0.086364
0 693 0.011509 0.036364 0.021313 0.070455
0 695 0.941603 0.010227 0.031543 0.018182
0 698 0.528559 0.011364 0.028986 0.020455
0 699 0.475277 0.006818 0.031543 0.011364
0 700 0.508951 0.017045 0.039216 0.031818
0 701 0.211850 0.342045 0.033248 0.097727
