0 158 0.333333 0.859659 0.046036 0.137500
0 160 0.420290 0.913068 0.044331 0.132955
0 161 0.060529 0.978977 0.037511 0.044318
0 162 0.039216 0.969318 0.037511 0.061364
0 178 0.356351 0.825000 0.051151 0.145455
0 180 0.433930 0.812500 0.049446 0.145455
0 189 0.253197 0.730114 0.054561 0.137500
0 190 0.298806 0.714773 0.052003 0.140909
0 191 0.165814 0.600568 0.046888 0.130682
0 193 0.121057 0.605682 0.047741 0.138636
0 194 0.075021 0.789773 0.042626 0.086364
0 195 0.045183 0.778977 0.059676 0.148864
0 196 0.471867 0.840909 0.045183 0.134091
0 197 0.504263 0.836932 0.045183 0.137500
0 198 0.425405 0.687500 0.051151 0.145455
0 199 0.380222 0.684091 0.047741 0.152273
0 200 0.179028 0.496591 0.046036 0.106818
0 201 0.215686 0.500000 0.037511 0.129545
0 202 0.241688 0.495455 0.033248 0.113636
0 203 0.379795 0.646023 0.052003 0.128409
0 204 0.524297 0.698864 0.054561 0.150000
0 205 0.558824 0.690909 0.045183 0.125000
0 206 0.488917 0.627273 0.052003 0.122727
0 209 0.105712 0.463636 0.056266 0.125000
0 212 0.501279 0.571591 0.040921 0.125000
0 213 0.408355 0.485227 0.042626 0.111364
0 214 0.436914 0.484091 0.041773 0.111364
0 215 0.327366 0.484091 0.037511 0.111364
0 216 0.306053 0.460795 0.040921 0.112500
0 217 0.289003 0.484091 0.042626 0.102273
0 218 0.231884 0.454545 0.037511 0.111364
0 221 0.440324 0.439773 0.033248 0.111364
0 222 0.463342 0.444886 0.036658 0.103409
0 223 0.372123 0.480682 0.036658 0.118182
0 224 0.436914 0.378977 0.033248 0.101136
0 225 0.315004 0.367045 0.033248 0.106818
0 226 0.339301 0.376136 0.039216 0.111364
0 227 0.812873 0.696591 0.038363 0.115909
0 228 0.873828 0.585227 0.046036 0.113636
0 229 0.803069 0.411364 0.042626 0.120455
0 230 0.522165 0.575000 0.033248 0.120455
0 231 0.404092 0.331818 0.037511 0.102273
0 232 0.370844 0.323864 0.037511 0.088636
0 236 0.856777 0.462500 0.032396 0.104545
0 237 0.796675 0.548295 0.041773 0.110227
0 238 0.831202 0.571023 0.049446 0.121591
0 239 0.827792 0.522159 0.046036 0.121591
0 244 0.585678 0.655114 0.037511 0.121591
0 245 0.488491 0.373295 0.039216 0.103409
0 246 0.523018 0.379545 0.038363 0.111364
0 247 0.506394 0.481250 0.042626 0.101136
0 249 0.094629 0.592045 0.046036 0.127273
0 331 0.832907 0.284659 0.030691 0.101136
0 351 0.984655 0.077273 0.028986 0.084091
0 353 0.967604 0.076136 0.025575 0.077273
0 354 0.942882 0.103409 0.034101 0.086364
0 363 0.708014 0.347159 0.038363 0.107955
0 373 0.391731 0.805682 0.048593 0.147727
0 374 0.853367 0.208523 0.035806 0.087500
0 381 0.847400 0.233523 0.032396 0.073864
0 492 0.565644 0.974432 0.055413 0.051136
0 543 0.936488 0.958523 0.041773 0.085227
0 544 0.377238 0.910227 0.048593 0.152273
0 548 0.804774 0.735795 0.037511 0.123864
0 549 0.760443 0.680682 0.046036 0.122727
0 554 0.595908 0.482955 0.037511 0.120455
0 558 0.718244 0.372727 0.033248 0.097727
0 559 0.583546 0.296591 0.036658 0.111364
0 565 0.388747 0.101136 0.028986 0.084091
0 570 0.562234 0.284659 0.028133 0.064773
0 591 0.841432 0.888068 0.046036 0.146591
0 592 0.791560 0.925000 0.053708 0.143182
0 593 0.757033 0.759659 0.047741 0.144318
0 594 0.842285 0.682386 0.047741 0.132955
0 595 0.199915 0.666477 0.053708 0.130682
0 597 0.332481 0.563068 0.042626 0.119318
0 598 0.054987 0.565909 0.050298 0.125000
0 599 0.413470 0.525000 0.047741 0.131818
0 600 0.442455 0.539773 0.040921 0.111364
0 601 0.129156 0.563068 0.050298 0.135227
0 602 0.548167 0.527273 0.042626 0.120455
0 603 0.208866 0.451136 0.037511 0.111364
0 604 0.267690 0.459659 0.040921 0.110227
0 605 0.796249 0.622727 0.037511 0.134091
0 606 0.763427 0.539773 0.046888 0.129545
0 607 0.789003 0.464773 0.033248 0.120455
0 608 0.821824 0.457955 0.032396 0.120455
0 609 0.838022 0.398295 0.042626 0.107955
0 610 0.863171 0.314773 0.033248 0.111364
0 611 0.230605 0.118750 0.028133 0.087500
0 616 0.248508 0.360227 0.033248 0.097727
0 617 0.190963 0.354545 0.032396 0.106818
0 618 0.189685 0.364205 0.031543 0.101136
0 619 0.156010 0.359091 0.037511 0.106818
0 620 0.542199 0.484091 0.042626 0.120455
0 621 0.217818 0.305114 0.038363 0.098864
0 622 0.360188 0.224432 0.029838 0.092045
0 623 0.327366 0.310227 0.042626 0.106818
0 624 0.158142 0.211364 0.036658 0.084091
0 625 0.494885 0.338068 0.033248 0.105682
0 626 0.518329 0.298864 0.032396 0.088636
0 627 0.184996 0.207386 0.032396 0.092045
0 628 0.433504 0.229545 0.033248 0.090909
0 629 0.241688 0.301136 0.033248 0.093182
0 630 0.222933 0.260227 0.033248 0.088636
0 631 0.286019 0.287500 0.033248 0.097727
0 633 0.282182 0.256818 0.039216 0.097727
0 634 0.355925 0.311364 0.038363 0.102273
0 635 0.306479 0.258523 0.029838 0.103409
0 636 0.511083 0.142045 0.041773 0.077273
0 637 0.462063 0.313636 0.040921 0.106818
0 638 0.284740 0.100568 0.025575 0.080682
0 639 0.216539 0.224432 0.032396 0.080682
0 640 0.491049 0.289773 0.037511 0.111364
0 642 0.215686 0.160795 0.028986 0.080682
0 643 0.234442 0.205682 0.028986 0.084091
0 644 0.256607 0.207386 0.028986 0.085227
0 645 0.230179 0.175568 0.032396 0.080682
0 646 0.252344 0.177273 0.035806 0.090909
0 647 0.476556 0.252273 0.028986 0.097727
0 648 0.557971 0.302841 0.041773 0.105682
0 649 0.460784 0.223864 0.038363 0.093182
0 650 0.356351 0.122159 0.035806 0.076136
0 651 0.519608 0.217045 0.033248 0.084091
0 652 0.312447 0.248295 0.029838 0.098864
0 653 0.375533 0.178409 0.038363 0.093182
0 654 0.396419 0.134091 0.025575 0.079545
0 656 0.424126 0.137500 0.033248 0.088636
0 657 0.466752 0.175568 0.031543 0.110227
0 658 0.497869 0.210227 0.032396 0.084091
0 659 0.490196 0.137500 0.035806 0.088636
0 660 0.447997 0.142614 0.024723 0.082955
0 664 0.862319 0.167614 0.028133 0.073864
0 665 0.855499 0.190341 0.034953 0.094318
0 666 0.850810 0.172727 0.028986 0.084091
0 667 0.921569 0.265341 0.039216 0.107955
0 671 0.848252 0.170455 0.028986 0.093182
0 678 0.866155 0.288636 0.039216 0.100000
0 679 0.903240 0.286364 0.034953 0.100000
0 680 0.493180 0.519318 0.046888 0.134091
0 681 0.822251 0.623864 0.055413 0.140909
0 682 0.243819 0.279545 0.037511 0.106818
0 683 0.493180 0.259091 0.033248 0.084091
0 684 0.433504 0.331818 0.041773 0.111364
0 685 0.524723 0.650568 0.048593 0.135227
0 686 0.512361 0.260795 0.032396 0.098864
0 687 0.458227 0.300000 0.038363 0.097727
0 688 0.439045 0.127273 0.028986 0.084091
0 693 0.008099 0.151705 0.014493 0.094318
0 697 0.325234 0.073295 0.028133 0.073864
0 701 0.263001 0.360795 0.024723 0.094318
0 702 0.311168 0.081250 0.027280 0.073864
