0 156 0.773231 0.980682 0.040921 0.040909
0 157 0.687553 0.986364 0.050298 0.027273
0 158 0.332481 0.834659 0.046036 0.135227
0 160 0.416880 0.893750 0.044331 0.135227
0 161 0.069054 0.965909 0.042626 0.070455
0 162 0.047315 0.955682 0.045183 0.088636
0 175 0.012788 0.981250 0.023870 0.039773
0 178 0.348679 0.806818 0.051151 0.145455
0 180 0.429668 0.792614 0.049446 0.144318
0 189 0.254049 0.707955 0.054561 0.138636
0 190 0.299233 0.695455 0.057971 0.147727
0 191 0.172634 0.588636 0.046888 0.129545
0 193 0.128730 0.586364 0.047741 0.134091
0 194 0.090367 0.747727 0.042626 0.086364
0 195 0.057971 0.737500 0.054561 0.143182
0 196 0.471867 0.814773 0.045183 0.134091
0 197 0.500853 0.811932 0.045183 0.137500
0 198 0.425405 0.668182 0.051151 0.140909
0 199 0.382353 0.663068 0.048593 0.142045
0 200 0.185422 0.480114 0.041773 0.110227
0 201 0.222506 0.482955 0.039216 0.129545
0 202 0.248934 0.481818 0.032396 0.109091
0 203 0.385337 0.626705 0.052856 0.128409
0 204 0.518755 0.677273 0.055413 0.145455
0 205 0.554135 0.671591 0.046036 0.125000
0 206 0.488917 0.609091 0.052003 0.118182
0 209 0.118500 0.447727 0.056266 0.125000
0 212 0.500426 0.555682 0.040921 0.125000
0 213 0.411338 0.469318 0.041773 0.111364
0 214 0.440750 0.467045 0.040921 0.111364
0 215 0.325661 0.472727 0.037511 0.111364
0 216 0.309463 0.444318 0.039216 0.106818
0 217 0.289003 0.471591 0.042626 0.102273
0 218 0.239557 0.442045 0.037511 0.111364
0 220 0.005541 0.331250 0.009378 0.101136
0 221 0.443734 0.426136 0.033248 0.111364
0 222 0.467178 0.430682 0.034101 0.109091
0 223 0.375959 0.460227 0.037511 0.115909
0 224 0.438193 0.365341 0.040921 0.101136
0 225 0.318414 0.357955 0.033248 0.106818
0 226 0.344416 0.363636 0.037511 0.109091
0 227 0.808610 0.667045 0.036658 0.115909
0 228 0.866155 0.565909 0.046036 0.113636
0 229 0.807758 0.401136 0.041773 0.120455
0 230 0.522165 0.560227 0.033248 0.120455
0 231 0.409207 0.319318 0.037511 0.102273
0 232 0.376385 0.317045 0.036658 0.090909
0 236 0.849957 0.475000 0.032396 0.104545
0 237 0.797101 0.532386 0.042626 0.110227
0 238 0.820546 0.559659 0.048593 0.121591
0 239 0.821824 0.504545 0.046036 0.118182
0 244 0.585251 0.653977 0.038363 0.121591
0 245 0.493606 0.362500 0.037511 0.102273
0 246 0.525149 0.365909 0.037511 0.109091
0 247 0.509804 0.468750 0.042626 0.101136
0 248 0.403666 0.981818 0.040068 0.034091
0 249 0.101876 0.573295 0.046888 0.121591
0 353 0.981245 0.072727 0.025575 0.077273
0 354 0.959932 0.098864 0.034101 0.084091
0 373 0.385763 0.788068 0.048593 0.148864
0 374 0.847826 0.203977 0.034953 0.087500
0 381 0.842711 0.221023 0.031543 0.073864
0 492 0.589514 0.962500 0.060529 0.075000
0 493 0.485507 0.985795 0.045183 0.026136
0 543 0.909633 0.942045 0.042626 0.118182
0 544 0.373828 0.882955 0.048593 0.152273
0 548 0.832481 0.765341 0.038363 0.130682
0 549 0.785166 0.704545 0.049446 0.125000
0 554 0.599318 0.460227 0.037511 0.120455
0 559 0.581841 0.284091 0.036658 0.111364
0 570 0.576726 0.274432 0.028133 0.064773
0 591 0.832907 0.864205 0.046036 0.146591
0 592 0.786871 0.895455 0.047741 0.150000
0 593 0.754476 0.730114 0.047741 0.137500
0 594 0.837596 0.661364 0.046888 0.134091
0 595 0.213555 0.644318 0.052003 0.125000
0 597 0.332055 0.546023 0.038363 0.117045
0 598 0.078005 0.550000 0.048593 0.125000
0 599 0.416027 0.512500 0.047741 0.129545
0 600 0.439045 0.520455 0.040921 0.111364
0 601 0.150469 0.544318 0.040068 0.118182
0 602 0.536658 0.512500 0.041773 0.115909
0 603 0.208866 0.435227 0.037511 0.111364
0 604 0.273231 0.447159 0.041773 0.110227
0 605 0.785592 0.602273 0.038363 0.134091
0 606 0.761722 0.527273 0.046888 0.125000
0 607 0.789003 0.447727 0.033248 0.120455
0 608 0.824808 0.444318 0.031543 0.120455
0 609 0.836743 0.384091 0.041773 0.106818
0 610 0.861466 0.302841 0.033248 0.110227
0 611 0.210145 0.119886 0.028133 0.087500
0 616 0.251918 0.342045 0.033248 0.097727
0 617 0.197783 0.338636 0.032396 0.106818
0 618 0.190111 0.353409 0.030691 0.090909
0 619 0.161978 0.345455 0.037511 0.106818
0 620 0.543478 0.468182 0.041773 0.120455
0 621 0.223785 0.292045 0.038363 0.097727
0 622 0.370418 0.211932 0.029838 0.092045
0 623 0.331202 0.300000 0.041773 0.106818
0 624 0.179454 0.197159 0.036658 0.080682
0 625 0.494885 0.324432 0.033248 0.105682
0 626 0.511935 0.280682 0.031543 0.088636
0 627 0.202046 0.196591 0.032396 0.090909
0 628 0.431799 0.217045 0.033248 0.093182
0 629 0.245098 0.292045 0.033248 0.093182
0 630 0.236573 0.251136 0.033248 0.088636
0 631 0.288576 0.275000 0.033248 0.097727
0 633 0.291134 0.247727 0.038363 0.097727
0 634 0.362319 0.301136 0.037511 0.102273
0 635 0.311594 0.251705 0.028133 0.103409
0 636 0.509804 0.131818 0.039216 0.077273
0 637 0.461211 0.303409 0.040921 0.106818
0 638 0.287298 0.100568 0.025575 0.080682
0 639 0.229753 0.214773 0.031543 0.077273
0 640 0.487639 0.280682 0.037511 0.111364
0 642 0.232737 0.155114 0.028986 0.080682
0 643 0.248508 0.198295 0.028133 0.080682
0 644 0.271100 0.198864 0.028986 0.084091
0 645 0.248934 0.166477 0.032396 0.080682
0 646 0.271100 0.168182 0.035806 0.090909
0 647 0.473998 0.244318 0.028986 0.097727
0 648 0.556266 0.292614 0.041773 0.105682
0 649 0.465473 0.213636 0.037511 0.093182
0 650 0.360614 0.116477 0.035806 0.076136
0 651 0.517903 0.209091 0.033248 0.084091
0 652 0.315431 0.240909 0.034101 0.097727
0 653 0.384484 0.167045 0.037511 0.093182
0 654 0.396419 0.126136 0.025575 0.079545
0 656 0.424126 0.128409 0.033248 0.088636
0 657 0.465899 0.165341 0.031543 0.110227
0 658 0.494032 0.200000 0.031543 0.084091
0 659 0.489344 0.128977 0.035806 0.087500
0 660 0.446292 0.133523 0.024723 0.082955
0 664 0.873402 0.158523 0.028133 0.073864
0 665 0.856351 0.183523 0.034953 0.094318
0 666 0.845695 0.168182 0.028986 0.084091
0 667 0.913896 0.263636 0.039216 0.106818
0 671 0.845695 0.163636 0.028986 0.093182
0 678 0.862745 0.278409 0.039216 0.100000
0 679 0.896419 0.273864 0.034953 0.100000
0 680 0.493180 0.504545 0.046888 0.134091
0 681 0.809463 0.601136 0.050298 0.136364
0 682 0.250639 0.268182 0.037511 0.106818
0 683 0.489770 0.250000 0.033248 0.084091
0 684 0.435635 0.322727 0.035806 0.111364
0 685 0.524723 0.633523 0.048593 0.135227
0 686 0.511083 0.255682 0.033248 0.097727
0 687 0.457374 0.285795 0.038363 0.096591
0 688 0.439045 0.122159 0.028986 0.080682
0 693 0.003836 0.152841 0.005968 0.094318
0 697 0.325234 0.069886 0.028133 0.073864
0 701 0.274510 0.345455 0.027280 0.093182
0 702 0.311594 0.076705 0.028133 0.073864
