0 115 0.913896 0.981250 0.039216 0.039773
0 140 0.385337 0.988068 0.037511 0.026136
0 154 0.707587 0.983523 0.051151 0.035227
0 155 0.761722 0.979545 0.045183 0.043182
0 156 0.765132 0.969886 0.048593 0.062500
0 157 0.663683 0.973864 0.046888 0.052273
0 158 0.332481 0.815341 0.046036 0.135227
0 160 0.415175 0.877841 0.044331 0.135227
0 161 0.075874 0.955682 0.046036 0.090909
0 162 0.053708 0.944318 0.051151 0.109091
0 175 0.014493 0.966477 0.027280 0.069318
0 178 0.343564 0.790909 0.051151 0.145455
0 180 0.431799 0.775568 0.048593 0.139773
0 189 0.254476 0.690909 0.055413 0.138636
0 190 0.299659 0.673295 0.058824 0.144318
0 191 0.178602 0.578977 0.045183 0.128409
0 193 0.136402 0.568182 0.047741 0.134091
0 194 0.107417 0.720455 0.042626 0.086364
0 195 0.067349 0.705682 0.051151 0.138636
0 196 0.471867 0.792045 0.045183 0.131818
0 197 0.498295 0.792614 0.045183 0.137500
0 198 0.425405 0.653409 0.051151 0.136364
0 199 0.384484 0.646023 0.049446 0.135227
0 200 0.189685 0.467614 0.038363 0.112500
0 201 0.225916 0.472727 0.040921 0.129545
0 202 0.253197 0.467614 0.032396 0.103409
0 203 0.390026 0.610795 0.052003 0.128409
0 204 0.514066 0.659659 0.056266 0.142045
0 205 0.549872 0.655682 0.046036 0.125000
0 206 0.489344 0.594318 0.051151 0.118182
0 209 0.128730 0.435227 0.056266 0.125000
0 210 0.004263 0.319318 0.006820 0.102273
0 212 0.498721 0.540909 0.040921 0.125000
0 213 0.413470 0.456818 0.039216 0.111364
0 214 0.442455 0.453977 0.040921 0.110227
0 215 0.326939 0.462500 0.038363 0.111364
0 216 0.311168 0.434091 0.039216 0.106818
0 217 0.289003 0.459091 0.042626 0.102273
0 218 0.243819 0.431818 0.037511 0.111364
0 220 0.014066 0.323295 0.026428 0.101136
0 221 0.446292 0.412500 0.033248 0.109091
0 222 0.469309 0.419318 0.033248 0.111364
0 223 0.379369 0.445455 0.037511 0.115909
0 224 0.442029 0.356818 0.041773 0.102273
0 225 0.321824 0.346591 0.033248 0.106818
0 226 0.346547 0.350568 0.038363 0.105682
0 227 0.803495 0.645455 0.034953 0.115909
0 228 0.859335 0.551136 0.046036 0.113636
0 229 0.812020 0.391477 0.038363 0.121591
0 230 0.521313 0.549432 0.031543 0.117045
0 231 0.413470 0.310227 0.037511 0.102273
0 232 0.379795 0.308523 0.036658 0.092045
0 236 0.847826 0.482955 0.031543 0.104545
0 237 0.797954 0.521023 0.042626 0.110227
0 238 0.815431 0.542614 0.048593 0.121591
0 239 0.820972 0.493182 0.046036 0.118182
0 244 0.584825 0.653977 0.039216 0.121591
0 245 0.497442 0.351136 0.038363 0.102273
0 246 0.528133 0.355682 0.036658 0.106818
0 247 0.512361 0.456250 0.042626 0.101136
0 248 0.399403 0.971023 0.048593 0.057955
0 249 0.107843 0.561364 0.041773 0.125000
0 354 0.971441 0.094318 0.034953 0.084091
0 373 0.381074 0.773295 0.049446 0.148864
0 374 0.842711 0.193750 0.034953 0.087500
0 492 0.605712 0.955114 0.060529 0.092045
0 493 0.505541 0.976705 0.046036 0.046591
0 542 0.838448 0.989205 0.048593 0.023864
0 543 0.891304 0.929545 0.043478 0.138636
0 544 0.372549 0.862500 0.047741 0.152273
0 546 0.569906 0.982955 0.036658 0.036364
0 548 0.855499 0.788636 0.038363 0.134091
0 549 0.801790 0.728409 0.046888 0.125000
0 591 0.825234 0.835795 0.046036 0.144318
0 592 0.781330 0.872727 0.046888 0.152273
0 593 0.757886 0.708523 0.047741 0.132955
0 594 0.835465 0.645455 0.044331 0.134091
0 595 0.225064 0.627273 0.051151 0.120455
0 597 0.333760 0.530114 0.040068 0.117045
0 598 0.098039 0.537500 0.051151 0.125000
0 599 0.417306 0.498295 0.046888 0.128409
0 600 0.437340 0.504545 0.040921 0.111364
0 601 0.167945 0.531818 0.042626 0.115909
0 602 0.537084 0.498295 0.040921 0.110227
0 603 0.207161 0.422727 0.037511 0.111364
0 604 0.282182 0.436932 0.042626 0.110227
0 605 0.776641 0.585795 0.039216 0.132955
0 606 0.761722 0.514773 0.046888 0.120455
0 607 0.789003 0.431818 0.033248 0.120455
0 608 0.825234 0.434091 0.032396 0.120455
0 609 0.836317 0.374432 0.040921 0.105682
0 610 0.858909 0.293182 0.033248 0.109091
0 611 0.196078 0.123295 0.028986 0.087500
0 616 0.251066 0.328409 0.033248 0.097727
0 617 0.202899 0.328409 0.032396 0.106818
0 618 0.190111 0.339205 0.030691 0.089773
0 619 0.167093 0.336364 0.037511 0.106818
0 620 0.542626 0.452841 0.041773 0.117045
0 621 0.227195 0.281818 0.038363 0.097727
0 622 0.378090 0.202841 0.029838 0.092045
0 623 0.334186 0.288636 0.042626 0.106818
0 624 0.191816 0.185795 0.037511 0.080682
0 625 0.494885 0.313068 0.033248 0.105682
0 626 0.510656 0.270455 0.032396 0.088636
0 627 0.212276 0.188636 0.032396 0.090909
0 628 0.432225 0.209091 0.030691 0.086364
0 629 0.246803 0.287500 0.033248 0.093182
0 630 0.245951 0.244318 0.033248 0.088636
0 631 0.290281 0.264773 0.033248 0.097727
0 632 0.539642 0.227841 0.034101 0.096591
0 633 0.296249 0.238636 0.038363 0.097727
0 634 0.367434 0.292045 0.037511 0.102273
0 635 0.316283 0.244886 0.028986 0.103409
0 636 0.509378 0.121023 0.034953 0.076136
0 637 0.459506 0.296591 0.040921 0.106818
0 638 0.286445 0.098295 0.025575 0.080682
0 639 0.242114 0.206250 0.028986 0.076136
0 640 0.486786 0.275000 0.037511 0.111364
0 642 0.248082 0.147159 0.028986 0.080682
0 643 0.262148 0.192045 0.028133 0.077273
0 644 0.281756 0.193182 0.028133 0.084091
0 645 0.262575 0.158523 0.032396 0.080682
0 646 0.284314 0.162500 0.034953 0.090909
0 647 0.470588 0.237500 0.028986 0.097727
0 648 0.554135 0.284659 0.040921 0.105682
0 649 0.464621 0.204545 0.037511 0.093182
0 650 0.364876 0.109659 0.035806 0.076136
0 651 0.515345 0.202273 0.033248 0.084091
0 652 0.321398 0.230682 0.034101 0.097727
0 653 0.389173 0.157955 0.038363 0.093182
0 654 0.397698 0.119318 0.024723 0.079545
0 656 0.424126 0.118182 0.031543 0.088636
0 657 0.464194 0.155114 0.031543 0.110227
0 658 0.494032 0.192045 0.031543 0.084091
0 659 0.488917 0.122159 0.034953 0.087500
0 660 0.444587 0.126705 0.024723 0.082955
0 664 0.886189 0.156250 0.028133 0.073864
0 665 0.870418 0.169318 0.035806 0.088636
0 666 0.850810 0.161364 0.028986 0.084091
0 667 0.904945 0.251705 0.038363 0.098864
0 671 0.853367 0.151136 0.028986 0.093182
0 678 0.860188 0.272727 0.039216 0.097727
0 679 0.890878 0.264773 0.035806 0.100000
0 680 0.494885 0.489773 0.046888 0.131818
0 681 0.800512 0.583523 0.049446 0.135227
0 682 0.255754 0.259091 0.037511 0.106818
0 683 0.488065 0.240909 0.033248 0.084091
0 684 0.437766 0.314205 0.033248 0.110227
0 685 0.524723 0.619886 0.048593 0.135227
0 686 0.507673 0.243750 0.033248 0.096591
0 687 0.456095 0.275568 0.037511 0.094318
0 688 0.439045 0.115909 0.028986 0.079545
0 697 0.325661 0.068750 0.028986 0.073864
0 701 0.282182 0.332955 0.028986 0.093182
0 702 0.312020 0.073295 0.028986 0.073864
