0 156 0.776215 0.984659 0.038363 0.032955
0 158 0.332481 0.842614 0.046036 0.135227
0 160 0.417732 0.899432 0.044331 0.135227
0 161 0.066496 0.969886 0.040921 0.062500
0 162 0.044757 0.959659 0.043478 0.080682
0 175 0.011935 0.986364 0.022165 0.029545
0 178 0.350810 0.811364 0.052003 0.145455
0 180 0.429668 0.798864 0.049446 0.145455
0 189 0.253623 0.714205 0.055413 0.137500
0 190 0.299233 0.703977 0.057971 0.148864
0 191 0.170929 0.592045 0.046888 0.129545
0 193 0.127025 0.593182 0.047741 0.134091
0 194 0.086104 0.760227 0.042626 0.086364
0 195 0.054561 0.750000 0.056266 0.145455
0 196 0.471867 0.822727 0.045183 0.134091
0 197 0.501705 0.818750 0.045183 0.137500
0 198 0.425405 0.673864 0.051151 0.140909
0 199 0.381500 0.669318 0.048593 0.145455
0 200 0.183717 0.485227 0.043478 0.109091
0 201 0.221228 0.487500 0.038363 0.129545
0 202 0.247656 0.487500 0.033248 0.111364
0 203 0.383632 0.632386 0.052856 0.128409
0 204 0.520034 0.683523 0.054561 0.146591
0 205 0.555413 0.676136 0.045183 0.125000
0 206 0.488917 0.614205 0.052003 0.119318
0 209 0.115090 0.452273 0.056266 0.125000
0 212 0.500426 0.560227 0.040921 0.125000
0 213 0.410486 0.473864 0.041773 0.111364
0 214 0.440750 0.471591 0.040921 0.111364
0 215 0.326087 0.476136 0.038363 0.111364
0 216 0.308610 0.447727 0.039216 0.106818
0 217 0.289003 0.475000 0.042626 0.102273
0 218 0.237852 0.445455 0.037511 0.111364
0 221 0.442882 0.429545 0.033248 0.111364
0 222 0.465899 0.435227 0.034953 0.106818
0 223 0.374680 0.464773 0.036658 0.115909
0 224 0.437766 0.368750 0.038363 0.101136
0 225 0.316709 0.361364 0.033248 0.106818
0 226 0.343564 0.368750 0.037511 0.110227
0 227 0.810742 0.675000 0.037511 0.115909
0 228 0.868713 0.571591 0.046036 0.113636
0 229 0.806479 0.404545 0.042626 0.120455
0 230 0.522165 0.564773 0.033248 0.120455
0 231 0.407502 0.322727 0.037511 0.102273
0 232 0.374680 0.318750 0.036658 0.089773
0 236 0.850810 0.472727 0.032396 0.104545
0 237 0.796675 0.536932 0.041773 0.110227
0 238 0.823103 0.566477 0.048593 0.121591
0 239 0.823529 0.509091 0.046036 0.118182
0 244 0.585251 0.653977 0.038363 0.121591
0 245 0.491901 0.364773 0.037511 0.102273
0 246 0.524297 0.369318 0.037511 0.111364
0 247 0.508951 0.472159 0.042626 0.101136
0 248 0.405797 0.986364 0.037511 0.025000
0 249 0.099318 0.577841 0.046888 0.123864
0 353 0.977835 0.073864 0.025575 0.077273
0 354 0.954817 0.100000 0.034101 0.084091
0 373 0.387468 0.792614 0.048593 0.148864
0 374 0.849531 0.205114 0.034953 0.087500
0 381 0.844842 0.224432 0.032396 0.073864
0 492 0.582694 0.965909 0.058824 0.068182
0 493 0.478687 0.989205 0.045183 0.019318
0 543 0.916454 0.946023 0.042626 0.110227
0 544 0.374680 0.890909 0.048593 0.152273
0 548 0.824382 0.757386 0.037511 0.128409
0 549 0.780904 0.696591 0.051151 0.125000
0 554 0.598465 0.465909 0.037511 0.120455
0 559 0.582694 0.287500 0.036658 0.111364
0 570 0.572464 0.277841 0.028133 0.064773
0 591 0.835465 0.871023 0.046036 0.146591
0 592 0.788576 0.903977 0.049446 0.148864
0 593 0.755328 0.738636 0.047741 0.138636
0 594 0.839301 0.667045 0.046888 0.134091
0 595 0.209719 0.650000 0.052856 0.127273
0 597 0.332907 0.551136 0.040068 0.118182
0 598 0.070759 0.554545 0.047741 0.125000
0 599 0.415175 0.515909 0.047741 0.129545
0 600 0.440750 0.526136 0.040921 0.111364
0 601 0.144075 0.550000 0.039216 0.118182
0 602 0.540068 0.516477 0.041773 0.117045
0 603 0.209719 0.439773 0.037511 0.111364
0 604 0.270247 0.450568 0.040921 0.110227
0 605 0.789003 0.607955 0.038363 0.134091
0 606 0.761296 0.530682 0.047741 0.127273
0 607 0.789003 0.453409 0.033248 0.120455
0 608 0.823103 0.444886 0.031543 0.114773
0 609 0.837596 0.388636 0.041773 0.106818
0 610 0.863171 0.306818 0.033248 0.111364
0 611 0.216113 0.119886 0.028133 0.087500
0 616 0.252771 0.347727 0.033248 0.097727
0 617 0.196078 0.343182 0.032396 0.106818
0 618 0.190111 0.356250 0.030691 0.094318
0 619 0.160273 0.350000 0.037511 0.106818
0 620 0.542626 0.472727 0.041773 0.120455
0 621 0.222506 0.295455 0.037511 0.097727
0 622 0.367008 0.215341 0.029838 0.092045
0 623 0.330350 0.302273 0.041773 0.106818
0 624 0.173487 0.201136 0.036658 0.081818
0 625 0.494885 0.328977 0.033248 0.105682
0 626 0.513640 0.285227 0.031543 0.088636
0 627 0.196078 0.198864 0.032396 0.090909
0 628 0.431799 0.220455 0.033248 0.093182
0 629 0.244246 0.294318 0.033248 0.093182
0 630 0.233163 0.254545 0.033248 0.088636
0 631 0.287724 0.278409 0.033248 0.097727
0 633 0.289429 0.251136 0.038363 0.097727
0 634 0.360614 0.303409 0.037511 0.102273
0 635 0.310315 0.252841 0.028986 0.103409
0 636 0.510230 0.135227 0.040068 0.077273
0 637 0.462063 0.305682 0.040921 0.106818
0 638 0.286445 0.100568 0.025575 0.080682
0 639 0.225064 0.218182 0.032396 0.077273
0 640 0.487639 0.281818 0.037511 0.111364
0 642 0.227621 0.157386 0.028986 0.080682
0 643 0.243819 0.200568 0.028986 0.082955
0 644 0.266837 0.201136 0.028986 0.084091
0 645 0.242967 0.169886 0.032396 0.080682
0 646 0.266837 0.170455 0.035806 0.090909
0 647 0.474851 0.246591 0.028986 0.097727
0 648 0.557118 0.296023 0.041773 0.105682
0 649 0.463768 0.215909 0.037511 0.093182
0 650 0.358909 0.118750 0.035806 0.076136
0 651 0.518755 0.211364 0.033248 0.084091
0 652 0.314578 0.243182 0.032396 0.097727
0 653 0.381500 0.170455 0.038363 0.093182
0 654 0.396419 0.128409 0.025575 0.079545
0 656 0.424126 0.130682 0.033248 0.088636
0 657 0.465899 0.168750 0.031543 0.110227
0 658 0.494885 0.203409 0.031543 0.084091
0 659 0.489344 0.131250 0.035806 0.087500
0 660 0.447144 0.136932 0.024723 0.082955
0 664 0.869139 0.158523 0.028133 0.073864
0 665 0.856351 0.185795 0.034953 0.094318
0 666 0.848679 0.167614 0.029838 0.085227
0 667 0.916454 0.260795 0.039216 0.107955
0 671 0.845695 0.163636 0.028986 0.093182
0 678 0.863598 0.281818 0.039216 0.100000
0 679 0.898551 0.277273 0.035806 0.100000
0 680 0.493180 0.509091 0.046888 0.134091
0 681 0.813725 0.607386 0.052003 0.137500
0 682 0.248934 0.271591 0.037511 0.106818
0 683 0.490622 0.253409 0.033248 0.084091
0 684 0.435209 0.325568 0.038363 0.110227
0 685 0.524723 0.638068 0.048593 0.135227
0 686 0.511509 0.260227 0.032396 0.097727
0 687 0.457374 0.289773 0.038363 0.097727
0 688 0.439045 0.123864 0.028986 0.081818
0 693 0.005541 0.151705 0.009378 0.094318
0 697 0.325234 0.071023 0.028133 0.073864
0 701 0.270673 0.350000 0.026428 0.093182
0 702 0.311594 0.077841 0.028133 0.073864
