0 158 0.338022 0.880114 0.048593 0.142045
0 160 0.423700 0.931250 0.044331 0.126136
0 161 0.052430 0.991477 0.033248 0.019318
0 162 0.031543 0.982386 0.030691 0.035227
0 178 0.362745 0.842045 0.052003 0.145455
0 180 0.438193 0.830682 0.049446 0.145455
0 189 0.248934 0.750568 0.054561 0.137500
0 190 0.298806 0.740909 0.057118 0.147727
0 191 0.161125 0.615341 0.046036 0.130682
0 193 0.114237 0.623295 0.047741 0.144318
0 194 0.063086 0.828409 0.042626 0.086364
0 195 0.034101 0.819886 0.061381 0.151136
0 196 0.471867 0.865909 0.045183 0.134091
0 197 0.507246 0.860795 0.049446 0.137500
0 198 0.423700 0.698864 0.051151 0.145455
0 199 0.379369 0.702273 0.047741 0.154545
0 200 0.171355 0.510227 0.046036 0.106818
0 201 0.207161 0.514205 0.037511 0.128409
0 202 0.236573 0.508523 0.033248 0.114773
0 203 0.374254 0.664205 0.052856 0.128409
0 204 0.531117 0.718750 0.054561 0.151136
0 205 0.565644 0.706818 0.045183 0.125000
0 206 0.488917 0.644318 0.052003 0.127273
0 209 0.093777 0.478409 0.056266 0.125000
0 212 0.498721 0.583523 0.040921 0.126136
0 213 0.407502 0.501136 0.042626 0.111364
0 214 0.439045 0.497727 0.040921 0.111364
0 215 0.323956 0.497727 0.037511 0.111364
0 216 0.300938 0.477273 0.042626 0.120455
0 217 0.289003 0.498864 0.042626 0.102273
0 218 0.225916 0.469318 0.037511 0.111364
0 221 0.437766 0.451136 0.033248 0.111364
0 222 0.459506 0.460227 0.037511 0.109091
0 223 0.370844 0.499432 0.037511 0.119318
0 224 0.427536 0.388636 0.041773 0.102273
0 225 0.311594 0.375000 0.033248 0.106818
0 226 0.332907 0.384091 0.041773 0.111364
0 227 0.817562 0.711364 0.037511 0.115909
0 228 0.877238 0.603977 0.046036 0.117045
0 229 0.800512 0.423864 0.042626 0.120455
0 230 0.524723 0.595455 0.033248 0.120455
0 231 0.402813 0.343182 0.038363 0.102273
0 232 0.367008 0.336364 0.036658 0.088636
0 236 0.859761 0.453409 0.031543 0.104545
0 237 0.803922 0.559659 0.042626 0.110227
0 238 0.837170 0.592045 0.049446 0.127273
0 239 0.832907 0.539773 0.046036 0.125000
0 244 0.586530 0.656250 0.037511 0.121591
0 245 0.487639 0.385227 0.040921 0.111364
0 246 0.518329 0.389773 0.037511 0.111364
0 247 0.503836 0.492614 0.042626 0.101136
0 249 0.089940 0.611932 0.043478 0.128409
0 331 0.838022 0.296023 0.035806 0.103409
0 351 0.974425 0.080682 0.032396 0.084091
0 352 0.984655 0.123295 0.025575 0.060227
0 353 0.950128 0.082955 0.029838 0.077273
0 354 0.925405 0.107955 0.034953 0.090909
0 363 0.710997 0.357386 0.037511 0.107955
0 369 0.494032 0.076705 0.026428 0.076136
0 373 0.395993 0.822159 0.048593 0.146591
0 374 0.855072 0.221023 0.035806 0.087500
0 381 0.851236 0.241477 0.031543 0.073864
0 492 0.547315 0.985795 0.042626 0.028409
0 538 0.722933 0.605114 0.046036 0.128409
0 539 0.720375 0.578977 0.039216 0.121591
0 543 0.963342 0.975568 0.040921 0.051136
0 544 0.379369 0.926136 0.049446 0.140909
0 548 0.784314 0.702841 0.034101 0.117045
0 549 0.739130 0.659091 0.040921 0.122727
0 554 0.595908 0.495455 0.037511 0.120455
0 558 0.732737 0.389773 0.033248 0.097727
0 559 0.584825 0.307955 0.037511 0.111364
0 565 0.388747 0.110227 0.028986 0.084091
0 568 0.515345 0.278409 0.028133 0.079545
0 570 0.550298 0.291477 0.028133 0.064773
0 591 0.849531 0.910795 0.048593 0.142045
0 592 0.800085 0.942614 0.055413 0.114773
0 593 0.765558 0.784091 0.047741 0.145455
0 594 0.846121 0.704545 0.052003 0.131818
0 595 0.184143 0.685227 0.051151 0.129545
0 597 0.326087 0.575568 0.040068 0.117045
0 598 0.034527 0.580682 0.053708 0.125000
0 599 0.416880 0.547727 0.049446 0.127273
0 600 0.444160 0.557955 0.040921 0.111364
0 601 0.109122 0.580682 0.046036 0.129545
0 602 0.548167 0.548864 0.042626 0.120455
0 603 0.203751 0.464773 0.037511 0.111364
0 604 0.267690 0.472159 0.040921 0.110227
0 605 0.801790 0.638068 0.033248 0.135227
0 606 0.770673 0.552841 0.042626 0.130682
0 607 0.793265 0.484091 0.033248 0.125000
0 608 0.820972 0.471591 0.032396 0.120455
0 609 0.838875 0.416477 0.042626 0.110227
0 610 0.864024 0.326136 0.033248 0.111364
0 611 0.250213 0.116477 0.028133 0.087500
0 616 0.243393 0.367045 0.033248 0.097727
0 617 0.184143 0.369318 0.032396 0.106818
0 618 0.186275 0.377841 0.031543 0.101136
0 619 0.149190 0.375000 0.037511 0.106818
0 620 0.539642 0.494886 0.042626 0.121591
0 621 0.210571 0.317045 0.037511 0.104545
0 622 0.354220 0.235227 0.029838 0.090909
0 623 0.326513 0.319318 0.042626 0.106818
0 624 0.138534 0.221591 0.036658 0.084091
0 625 0.494885 0.349432 0.033248 0.105682
0 626 0.520034 0.306818 0.032396 0.088636
0 627 0.172208 0.213068 0.032396 0.094318
0 628 0.433930 0.238068 0.034101 0.089773
0 629 0.237425 0.310227 0.033248 0.093182
0 630 0.217818 0.268182 0.033248 0.079545
0 631 0.279199 0.302273 0.033248 0.097727
0 633 0.275789 0.264773 0.038363 0.097727
0 634 0.350810 0.319318 0.038363 0.102273
0 635 0.294544 0.262500 0.034953 0.104545
0 636 0.512361 0.146591 0.042626 0.079545
0 637 0.461211 0.323864 0.040921 0.106818
0 638 0.282182 0.099432 0.025575 0.080682
0 639 0.206309 0.231818 0.032396 0.084091
0 640 0.496164 0.300000 0.037511 0.111364
0 642 0.194373 0.168750 0.028986 0.080682
0 643 0.219949 0.211932 0.028986 0.082955
0 644 0.240409 0.214205 0.028986 0.087500
0 645 0.214408 0.180114 0.031543 0.080682
0 646 0.231884 0.185227 0.035806 0.090909
0 647 0.476556 0.264773 0.028986 0.097727
0 648 0.557545 0.313068 0.040921 0.105682
0 649 0.457374 0.233523 0.038363 0.092045
0 650 0.348679 0.130114 0.034101 0.076136
0 651 0.519608 0.225000 0.033248 0.084091
0 652 0.310742 0.255114 0.029838 0.098864
0 653 0.375107 0.185227 0.037511 0.093182
0 654 0.396419 0.140341 0.025575 0.082955
0 656 0.424126 0.143182 0.033248 0.088636
0 657 0.466752 0.183523 0.031543 0.110227
0 658 0.498721 0.220455 0.032396 0.084091
0 659 0.491049 0.145455 0.035806 0.088636
0 660 0.449275 0.148295 0.023870 0.082955
0 665 0.855072 0.197159 0.035806 0.094318
0 666 0.852515 0.178409 0.028986 0.084091
0 667 0.925831 0.283523 0.039216 0.107955
0 671 0.843990 0.171023 0.028986 0.094318
0 678 0.869991 0.294318 0.038363 0.100000
0 679 0.903666 0.298864 0.035806 0.100000
0 680 0.493180 0.535227 0.046888 0.134091
0 681 0.833760 0.643750 0.059676 0.144318
0 682 0.239557 0.289773 0.037511 0.106818
0 683 0.495737 0.265909 0.033248 0.084091
0 684 0.433078 0.345455 0.042626 0.111364
0 685 0.523870 0.667614 0.048593 0.135227
0 686 0.515345 0.274432 0.033248 0.105682
0 687 0.458227 0.311364 0.038363 0.097727
0 688 0.439471 0.131818 0.028133 0.086364
0 693 0.011083 0.151705 0.020460 0.094318
0 697 0.326087 0.075568 0.028133 0.073864
0 701 0.254902 0.374432 0.030691 0.096591
0 702 0.313725 0.078977 0.027280 0.073864
