0 158 0.349531 0.921023 0.051151 0.148864
0 160 0.421995 0.952841 0.056266 0.096591
0 178 0.362745 0.865909 0.052003 0.145455
0 180 0.437766 0.855682 0.048593 0.145455
0 189 0.243393 0.784091 0.055413 0.140909
0 190 0.300938 0.768750 0.057971 0.148864
0 191 0.141944 0.628977 0.046888 0.135227
0 193 0.099318 0.643750 0.048593 0.151136
0 194 0.047741 0.907955 0.042626 0.100000
0 195 0.018329 0.913068 0.034953 0.155682
0 196 0.474425 0.919318 0.045183 0.134091
0 197 0.514066 0.908523 0.056266 0.139773
0 198 0.421142 0.719318 0.051151 0.145455
0 199 0.381500 0.727273 0.052003 0.147727
0 200 0.147059 0.539773 0.046888 0.129545
0 201 0.185848 0.531818 0.040921 0.129545
0 202 0.220375 0.530114 0.033248 0.114773
0 203 0.359335 0.696023 0.052003 0.128409
0 204 0.551151 0.750568 0.055413 0.148864
0 205 0.580989 0.738636 0.046888 0.127273
0 206 0.491049 0.674432 0.052856 0.135227
0 209 0.056266 0.489773 0.056266 0.125000
0 212 0.497442 0.606818 0.043478 0.134091
0 213 0.401961 0.513636 0.041773 0.111364
0 214 0.431373 0.525000 0.040921 0.111364
0 215 0.317988 0.513636 0.037511 0.111364
0 216 0.283035 0.489773 0.042626 0.120455
0 217 0.283035 0.516477 0.042626 0.101136
0 218 0.219949 0.490909 0.037511 0.111364
0 221 0.422421 0.471591 0.033248 0.111364
0 222 0.452685 0.478409 0.037511 0.111364
0 223 0.362745 0.523295 0.038363 0.119318
0 224 0.421995 0.404545 0.042626 0.102273
0 225 0.297954 0.388636 0.033248 0.115909
0 226 0.322251 0.400568 0.039216 0.110227
0 227 0.816283 0.746591 0.041773 0.125000
0 228 0.884484 0.625568 0.045183 0.121591
0 229 0.798806 0.440909 0.040921 0.120455
0 230 0.526428 0.615909 0.033248 0.120455
0 231 0.388747 0.347727 0.037511 0.106818
0 232 0.360614 0.344318 0.037511 0.097727
0 236 0.869139 0.417045 0.031543 0.104545
0 237 0.810315 0.580682 0.046888 0.111364
0 238 0.846974 0.618750 0.048593 0.135227
0 239 0.851662 0.561364 0.046036 0.125000
0 244 0.584825 0.638636 0.039216 0.125000
0 245 0.479113 0.402273 0.040921 0.111364
0 246 0.511935 0.403977 0.033248 0.114773
0 247 0.498721 0.508523 0.042626 0.101136
0 249 0.075021 0.639205 0.042626 0.128409
0 331 0.835891 0.304545 0.038363 0.104545
0 350 0.978261 0.111932 0.031543 0.087500
0 351 0.942455 0.082955 0.031543 0.084091
0 352 0.954817 0.115341 0.028986 0.060227
0 353 0.921995 0.076136 0.031543 0.077273
0 354 0.889599 0.104545 0.034953 0.090909
0 363 0.724638 0.371023 0.039216 0.114773
0 369 0.500000 0.082955 0.028133 0.077273
0 373 0.386616 0.842614 0.053708 0.144318
0 374 0.859761 0.234659 0.034953 0.087500
0 375 0.708014 0.396023 0.028133 0.080682
0 378 0.705882 0.268182 0.035806 0.097727
0 381 0.854220 0.243182 0.032396 0.075000
0 383 0.517903 0.078977 0.021313 0.073864
0 538 0.751492 0.643750 0.045183 0.128409
0 539 0.748508 0.609659 0.039216 0.121591
0 540 0.720375 0.575568 0.042626 0.137500
0 544 0.381927 0.947159 0.047741 0.107955
0 548 0.730179 0.635227 0.033248 0.115909
0 549 0.710145 0.597159 0.039216 0.128409
0 554 0.583973 0.518182 0.037511 0.120455
0 556 0.689258 0.476136 0.050298 0.125000
0 558 0.757460 0.406818 0.033248 0.097727
0 559 0.594629 0.330682 0.041773 0.111364
0 565 0.371697 0.114773 0.028986 0.084091
0 566 0.546888 0.284091 0.041773 0.111364
0 568 0.473998 0.280682 0.028986 0.079545
0 569 0.494885 0.289205 0.036658 0.096591
0 570 0.512361 0.299432 0.027280 0.062500
0 572 0.564365 0.192045 0.042626 0.102273
0 573 0.576726 0.228409 0.036658 0.102273
0 574 0.365303 0.087500 0.033248 0.088636
0 576 0.012788 0.698295 0.023870 0.123864
0 584 0.468031 0.081250 0.028986 0.076136
0 591 0.862319 0.948295 0.055413 0.105682
0 592 0.838022 0.975000 0.046036 0.052273
0 593 0.773657 0.822159 0.046888 0.142045
0 594 0.848679 0.746023 0.050298 0.146591
0 595 0.149190 0.721591 0.047741 0.136364
0 597 0.315004 0.595455 0.043478 0.125000
0 598 0.012361 0.600568 0.023018 0.135227
0 599 0.414322 0.580682 0.049446 0.125000
0 600 0.442455 0.585227 0.042626 0.118182
0 601 0.056266 0.601136 0.051151 0.136364
0 602 0.549020 0.575000 0.042626 0.125000
0 603 0.194800 0.486364 0.040068 0.118182
0 604 0.262148 0.484659 0.041773 0.110227
0 605 0.800085 0.668750 0.050298 0.142045
0 606 0.773231 0.583523 0.042626 0.142045
0 607 0.801790 0.505682 0.033248 0.125000
0 608 0.822677 0.501136 0.032396 0.120455
0 609 0.835465 0.440909 0.042626 0.115909
0 610 0.866581 0.337500 0.033248 0.111364
0 611 0.283887 0.094886 0.028986 0.087500
0 616 0.216113 0.380682 0.033248 0.097727
0 617 0.162830 0.378409 0.032396 0.106818
0 618 0.181586 0.389773 0.032396 0.100000
0 619 0.125746 0.390909 0.038363 0.106818
0 620 0.536658 0.508523 0.041773 0.121591
0 621 0.195226 0.326136 0.037511 0.106818
0 622 0.328218 0.240341 0.030691 0.092045
0 623 0.309463 0.329545 0.040921 0.102273
0 624 0.099318 0.227273 0.036658 0.084091
0 625 0.488917 0.364205 0.033248 0.105682
0 626 0.514066 0.313636 0.032396 0.088636
0 627 0.132566 0.220455 0.034953 0.100000
0 628 0.430520 0.244886 0.034101 0.094318
0 629 0.216113 0.326705 0.033248 0.096591
0 630 0.201620 0.289773 0.036658 0.109091
0 631 0.261296 0.307955 0.033248 0.097727
0 633 0.260017 0.273864 0.039216 0.104545
0 634 0.338022 0.334659 0.038363 0.101136
0 635 0.286445 0.268182 0.035806 0.104545
0 636 0.514066 0.149432 0.042626 0.080682
0 637 0.453964 0.339773 0.041773 0.106818
0 638 0.272379 0.088068 0.024723 0.080682
0 639 0.179028 0.236932 0.034101 0.082955
0 640 0.489344 0.313636 0.037511 0.111364
0 642 0.148338 0.173864 0.030691 0.086364
0 643 0.184569 0.216477 0.031543 0.082955
0 644 0.205030 0.219886 0.031543 0.087500
0 645 0.173487 0.186364 0.031543 0.086364
0 646 0.191816 0.192045 0.035806 0.090909
0 647 0.473146 0.275568 0.032396 0.101136
0 648 0.549020 0.331250 0.042626 0.119318
0 649 0.452259 0.238636 0.038363 0.102273
0 650 0.338448 0.140909 0.034101 0.081818
0 651 0.517050 0.229545 0.033248 0.086364
0 652 0.309889 0.258523 0.029838 0.098864
0 653 0.359761 0.193182 0.037511 0.093182
0 654 0.393862 0.143182 0.025575 0.086364
0 655 0.335891 0.104545 0.032396 0.088636
0 656 0.426257 0.147727 0.035806 0.088636
0 657 0.469309 0.191477 0.033248 0.110227
0 658 0.497442 0.227841 0.033248 0.101136
0 659 0.489770 0.145455 0.034953 0.090909
0 660 0.446292 0.147727 0.033248 0.084091
0 661 0.416454 0.098864 0.028133 0.088636
0 662 0.501279 0.094318 0.035806 0.086364
0 665 0.872975 0.202841 0.035806 0.094318
0 666 0.855072 0.179545 0.028986 0.084091
0 667 0.923700 0.302841 0.041773 0.107955
0 671 0.841432 0.172727 0.028986 0.093182
0 678 0.867860 0.301136 0.042626 0.104545
0 679 0.896419 0.314205 0.034953 0.105682
0 680 0.496590 0.557955 0.046888 0.134091
0 681 0.847400 0.676705 0.059676 0.144318
0 682 0.229327 0.296591 0.037511 0.106818
0 683 0.483376 0.279545 0.032396 0.088636
0 684 0.421569 0.354545 0.041773 0.111364
0 685 0.518329 0.696023 0.047741 0.135227
0 686 0.505115 0.288068 0.033248 0.105682
0 687 0.456095 0.321591 0.037511 0.097727
0 688 0.443308 0.144318 0.027280 0.086364
0 693 0.012361 0.131818 0.023018 0.093182
0 695 0.987639 0.063636 0.024723 0.090909
0 697 0.323956 0.061932 0.028986 0.073864
0 698 0.523018 0.063636 0.028133 0.075000
0 701 0.236573 0.396591 0.033248 0.097727
0 702 0.319693 0.058523 0.028986 0.080682
