0 158 0.334612 0.865909 0.046888 0.138636
0 160 0.421142 0.918750 0.044331 0.130682
0 161 0.057971 0.982955 0.035806 0.036364
0 162 0.036658 0.973295 0.035806 0.053409
0 178 0.358483 0.830682 0.052003 0.145455
0 180 0.434783 0.818182 0.049446 0.145455
0 189 0.252344 0.735795 0.054561 0.137500
0 190 0.298806 0.722727 0.053708 0.143182
0 191 0.164109 0.605114 0.046888 0.130682
0 193 0.118926 0.611364 0.048593 0.140909
0 194 0.070759 0.802273 0.042626 0.086364
0 195 0.041773 0.791477 0.061381 0.151136
0 196 0.471867 0.848864 0.045183 0.134091
0 197 0.504689 0.843750 0.046036 0.137500
0 198 0.424552 0.692045 0.051151 0.145455
0 199 0.379369 0.690341 0.047741 0.155682
0 200 0.176471 0.501136 0.046036 0.106818
0 201 0.213129 0.505114 0.037511 0.128409
0 202 0.239130 0.498295 0.033248 0.114773
0 203 0.378517 0.652841 0.052856 0.128409
0 204 0.526002 0.706250 0.054561 0.151136
0 205 0.561381 0.695455 0.045183 0.125000
0 206 0.488917 0.632386 0.052003 0.123864
0 209 0.102302 0.468182 0.056266 0.125000
0 212 0.500426 0.575000 0.040921 0.125000
0 213 0.408355 0.489773 0.042626 0.111364
0 214 0.436061 0.489773 0.041773 0.111364
0 215 0.326513 0.487500 0.037511 0.111364
0 216 0.304774 0.465909 0.041773 0.115909
0 217 0.289003 0.488636 0.042626 0.102273
0 218 0.228474 0.457955 0.037511 0.111364
0 221 0.439471 0.443182 0.033248 0.111364
0 222 0.462063 0.450000 0.037511 0.104545
0 223 0.370844 0.487500 0.037511 0.118182
0 224 0.433930 0.381250 0.035806 0.101136
0 225 0.313299 0.370455 0.033248 0.106818
0 226 0.337170 0.378409 0.040068 0.111364
0 227 0.814152 0.701136 0.037511 0.115909
0 228 0.874680 0.590909 0.046036 0.115909
0 229 0.802217 0.415909 0.042626 0.120455
0 230 0.522165 0.582955 0.033248 0.120455
0 231 0.403666 0.335227 0.038363 0.102273
0 232 0.369991 0.328409 0.037511 0.088636
0 236 0.857630 0.459091 0.032396 0.104545
0 237 0.798806 0.551705 0.042626 0.110227
0 238 0.832907 0.577273 0.049446 0.122727
0 239 0.829497 0.528409 0.046036 0.122727
0 244 0.585678 0.655114 0.037511 0.121591
0 245 0.488491 0.376705 0.039216 0.105682
0 246 0.523018 0.384091 0.038363 0.111364
0 247 0.505541 0.484659 0.042626 0.101136
0 249 0.093350 0.597727 0.045183 0.127273
0 331 0.834612 0.286932 0.030691 0.101136
0 351 0.981671 0.078409 0.029838 0.084091
0 353 0.963342 0.078409 0.025575 0.077273
0 354 0.937340 0.105114 0.034953 0.087500
0 363 0.708866 0.350568 0.038363 0.107955
0 373 0.393436 0.810795 0.048593 0.148864
0 374 0.855072 0.210795 0.035806 0.087500
0 381 0.847826 0.236932 0.031543 0.073864
0 492 0.559676 0.977841 0.052003 0.044318
0 543 0.945439 0.963636 0.040921 0.075000
0 544 0.378090 0.916477 0.048593 0.151136
0 548 0.798380 0.725568 0.036658 0.121591
0 549 0.752344 0.674432 0.043478 0.121591
0 554 0.595908 0.486364 0.037511 0.120455
0 558 0.723359 0.378409 0.033248 0.097727
0 559 0.583546 0.298864 0.036658 0.111364
0 565 0.388747 0.103409 0.028986 0.084091
0 570 0.558824 0.286932 0.028133 0.064773
0 591 0.843990 0.894886 0.046036 0.146591
0 592 0.793691 0.931818 0.054561 0.136364
0 593 0.758738 0.768182 0.047741 0.145455
0 594 0.843137 0.689205 0.049446 0.132955
0 595 0.196505 0.674432 0.053708 0.132955
0 597 0.329923 0.567045 0.042626 0.118182
0 598 0.048593 0.570455 0.051151 0.125000
0 599 0.414322 0.531818 0.047741 0.129545
0 600 0.444160 0.545455 0.040921 0.111364
0 601 0.123615 0.569318 0.047741 0.131818
0 602 0.548167 0.534091 0.042626 0.120455
0 603 0.207161 0.455682 0.037511 0.111364
0 604 0.267690 0.463068 0.040921 0.110227
0 605 0.798380 0.627273 0.034953 0.134091
0 606 0.765985 0.543750 0.045183 0.130682
0 607 0.789855 0.471591 0.033248 0.122727
0 608 0.821824 0.462500 0.032396 0.120455
0 609 0.838875 0.403409 0.042626 0.109091
0 610 0.863171 0.318182 0.033248 0.111364
0 611 0.236573 0.117614 0.028133 0.087500
0 616 0.247656 0.365909 0.033248 0.097727
0 617 0.189258 0.359091 0.032396 0.106818
0 618 0.187127 0.368750 0.031543 0.101136
0 619 0.153453 0.363636 0.037511 0.106818
0 620 0.542199 0.488636 0.042626 0.120455
0 621 0.215686 0.308523 0.037511 0.101136
0 622 0.357630 0.227841 0.029838 0.092045
0 623 0.326513 0.312500 0.042626 0.106818
0 624 0.152174 0.215909 0.036658 0.084091
0 625 0.494885 0.341477 0.033248 0.105682
0 626 0.520034 0.303409 0.032396 0.088636
0 627 0.181586 0.211364 0.032396 0.093182
0 628 0.433504 0.231818 0.033248 0.088636
0 629 0.239983 0.303409 0.033248 0.093182
0 630 0.221228 0.262500 0.033248 0.084091
0 631 0.284314 0.292045 0.033248 0.097727
0 633 0.279625 0.259091 0.039216 0.097727
0 634 0.354220 0.313636 0.038363 0.102273
0 635 0.302643 0.259659 0.030691 0.103409
0 636 0.511509 0.143750 0.042626 0.078409
0 637 0.462063 0.317045 0.040921 0.106818
0 638 0.284740 0.100568 0.025575 0.080682
0 639 0.213981 0.226136 0.032396 0.081818
0 640 0.492754 0.292045 0.037511 0.111364
0 642 0.208866 0.163068 0.028986 0.080682
0 643 0.230179 0.207955 0.028986 0.084091
0 644 0.252344 0.210227 0.028986 0.086364
0 645 0.225916 0.176705 0.032396 0.080682
0 646 0.245951 0.179545 0.034953 0.090909
0 647 0.476556 0.256818 0.028986 0.097727
0 648 0.557971 0.306250 0.041773 0.105682
0 649 0.459932 0.226136 0.038363 0.093182
0 650 0.353794 0.124432 0.035806 0.076136
0 651 0.519608 0.219318 0.033248 0.084091
0 652 0.312447 0.250568 0.029838 0.098864
0 653 0.375533 0.180682 0.038363 0.093182
0 654 0.396419 0.136364 0.025575 0.079545
0 656 0.424126 0.139773 0.033248 0.088636
0 657 0.466752 0.177841 0.031543 0.110227
0 658 0.498721 0.212500 0.032396 0.084091
0 659 0.490622 0.139773 0.034953 0.088636
0 660 0.448423 0.143750 0.023870 0.082955
0 664 0.859761 0.172159 0.028133 0.073864
0 665 0.855072 0.192614 0.035806 0.094318
0 666 0.851662 0.175000 0.028986 0.084091
0 667 0.922421 0.271023 0.039216 0.107955
0 671 0.844842 0.170455 0.028986 0.093182
0 678 0.867008 0.292045 0.039216 0.100000
0 679 0.904092 0.289773 0.034953 0.100000
0 680 0.493180 0.523864 0.046888 0.134091
0 681 0.826513 0.630114 0.057118 0.142045
0 682 0.242540 0.282955 0.038363 0.106818
0 683 0.494032 0.261364 0.033248 0.084091
0 684 0.433504 0.336364 0.041773 0.111364
0 685 0.524723 0.656250 0.048593 0.135227
0 686 0.513214 0.264773 0.032396 0.100000
0 687 0.458227 0.304545 0.038363 0.097727
0 688 0.439045 0.128409 0.028986 0.084091
0 693 0.008951 0.151705 0.016198 0.094318
0 697 0.325234 0.074432 0.028133 0.073864
0 701 0.260443 0.365341 0.026428 0.094318
0 702 0.312020 0.080114 0.027280 0.073864
