0 158 0.341432 0.895455 0.048593 0.145455
0 160 0.424126 0.942614 0.046888 0.117045
0 178 0.362745 0.850000 0.052003 0.145455
0 180 0.438193 0.839773 0.049446 0.145455
0 189 0.245524 0.767614 0.054561 0.137500
0 190 0.299233 0.753977 0.057971 0.148864
0 191 0.154305 0.621023 0.046036 0.132955
0 193 0.108696 0.636932 0.048593 0.148864
0 194 0.060529 0.857955 0.042626 0.086364
0 195 0.028559 0.852841 0.055413 0.151136
0 196 0.472720 0.884091 0.045183 0.134091
0 197 0.510230 0.878977 0.052003 0.137500
0 198 0.422847 0.705682 0.051151 0.145455
0 199 0.380222 0.714205 0.049446 0.146591
0 200 0.162404 0.523864 0.046888 0.115909
0 201 0.199488 0.523295 0.039216 0.128409
0 202 0.230605 0.518750 0.033248 0.114773
0 203 0.369139 0.675568 0.052856 0.128409
0 204 0.537511 0.733523 0.055413 0.151136
0 205 0.570759 0.720455 0.045183 0.125000
0 206 0.490196 0.656250 0.052856 0.128409
0 209 0.083546 0.486364 0.056266 0.125000
0 212 0.498295 0.593750 0.041773 0.128409
0 213 0.405797 0.505682 0.042626 0.111364
0 214 0.438193 0.506818 0.040921 0.111364
0 215 0.322251 0.509091 0.037511 0.111364
0 216 0.294970 0.486364 0.042626 0.120455
0 217 0.287724 0.505682 0.041773 0.102273
0 218 0.225064 0.481818 0.037511 0.111364
0 221 0.432651 0.462500 0.033248 0.111364
0 222 0.457374 0.470455 0.038363 0.111364
0 223 0.370844 0.510795 0.037511 0.119318
0 224 0.426257 0.397727 0.042626 0.102273
0 225 0.307332 0.383523 0.033248 0.110227
0 226 0.329923 0.393182 0.040921 0.111364
0 227 0.818841 0.729545 0.038363 0.122727
0 228 0.879369 0.618182 0.045183 0.120455
0 229 0.800085 0.429545 0.041773 0.120455
0 230 0.526428 0.604545 0.033248 0.120455
0 231 0.398551 0.348864 0.038363 0.102273
0 232 0.364450 0.346591 0.036658 0.088636
0 236 0.862319 0.445455 0.031543 0.104545
0 237 0.807332 0.571591 0.044331 0.111364
0 238 0.842285 0.611932 0.049446 0.132955
0 239 0.838875 0.548864 0.046036 0.125000
0 244 0.586530 0.651705 0.037511 0.121591
0 245 0.483802 0.396591 0.041773 0.111364
0 246 0.513640 0.395455 0.036658 0.111364
0 247 0.501279 0.505114 0.042626 0.101136
0 249 0.086104 0.628409 0.042626 0.129545
0 331 0.838875 0.304545 0.039216 0.104545
0 351 0.964194 0.086364 0.032396 0.084091
0 352 0.976556 0.124432 0.028133 0.060227
0 353 0.940750 0.087500 0.031543 0.077273
0 354 0.912191 0.107955 0.035806 0.090909
0 363 0.715686 0.364205 0.038363 0.110227
0 369 0.495737 0.078977 0.026428 0.076136
0 373 0.391304 0.834659 0.049446 0.135227
0 374 0.855072 0.232386 0.035806 0.087500
0 381 0.855925 0.241477 0.032396 0.073864
0 383 0.517050 0.081818 0.024723 0.077273
0 538 0.736573 0.621023 0.046036 0.128409
0 539 0.733163 0.593750 0.039216 0.121591
0 540 0.701194 0.564205 0.041773 0.137500
0 543 0.980818 0.989205 0.040068 0.023864
0 544 0.381074 0.936364 0.049446 0.129545
0 548 0.765985 0.679545 0.033248 0.115909
0 549 0.729327 0.642614 0.040068 0.126136
0 554 0.592498 0.506818 0.037511 0.120455
0 558 0.741262 0.398864 0.033248 0.097727
0 559 0.591219 0.322727 0.040068 0.111364
0 565 0.383632 0.117045 0.028986 0.084091
0 566 0.546888 0.281818 0.041773 0.111364
0 568 0.500426 0.279545 0.028986 0.079545
0 569 0.511083 0.293750 0.036658 0.096591
0 570 0.537511 0.297159 0.028133 0.064773
0 573 0.586104 0.217045 0.036658 0.102273
0 576 0.004263 0.739773 0.006820 0.127273
0 584 0.465899 0.088068 0.021313 0.071591
0 591 0.855499 0.928977 0.053708 0.132955
0 592 0.808610 0.955114 0.053708 0.089773
0 593 0.770673 0.804545 0.047741 0.145455
0 594 0.847400 0.722159 0.051151 0.135227
0 595 0.172634 0.703409 0.052003 0.134091
0 597 0.320972 0.586364 0.036658 0.115909
0 598 0.024297 0.596023 0.046888 0.128409
0 599 0.417732 0.562500 0.049446 0.125000
0 600 0.444160 0.573864 0.040921 0.111364
0 601 0.092072 0.592045 0.044331 0.129545
0 602 0.549872 0.561364 0.042626 0.120455
0 603 0.202472 0.473864 0.038363 0.111364
0 604 0.265132 0.478977 0.040921 0.110227
0 605 0.800938 0.650568 0.040068 0.137500
0 606 0.773231 0.567614 0.042626 0.130682
0 607 0.796675 0.493182 0.033248 0.125000
0 608 0.820119 0.482955 0.032396 0.120455
0 609 0.838022 0.430114 0.042626 0.112500
0 610 0.867434 0.334091 0.033248 0.111364
0 611 0.263001 0.113068 0.028133 0.087500
0 616 0.235720 0.378409 0.033248 0.097727
0 617 0.177749 0.380682 0.031543 0.106818
0 618 0.184569 0.385795 0.031543 0.101136
0 619 0.144075 0.386364 0.037511 0.106818
0 620 0.537511 0.502841 0.041773 0.121591
0 621 0.205030 0.326136 0.038363 0.106818
0 622 0.348252 0.242045 0.029838 0.090909
0 623 0.316283 0.328409 0.042626 0.106818
0 624 0.124041 0.228409 0.036658 0.084091
0 625 0.494032 0.357386 0.033248 0.105682
0 626 0.520460 0.311364 0.031543 0.088636
0 627 0.157715 0.218750 0.034101 0.096591
0 628 0.433930 0.242045 0.034101 0.090909
0 629 0.230605 0.316477 0.033248 0.094318
0 630 0.210145 0.280682 0.034953 0.090909
0 631 0.274084 0.309091 0.033248 0.097727
0 633 0.271526 0.271591 0.038363 0.100000
0 634 0.346547 0.325000 0.038363 0.102273
0 635 0.290708 0.264773 0.035806 0.104545
0 636 0.513214 0.150000 0.042626 0.079545
0 637 0.459079 0.331818 0.041773 0.106818
0 638 0.277067 0.098295 0.025575 0.080682
0 639 0.197357 0.237500 0.031543 0.084091
0 640 0.492754 0.305682 0.037511 0.111364
0 642 0.181159 0.175568 0.029838 0.080682
0 643 0.209719 0.217045 0.032396 0.084091
0 644 0.228048 0.218182 0.029838 0.086364
0 645 0.198636 0.182386 0.032396 0.080682
0 646 0.217391 0.189773 0.035806 0.090909
0 647 0.475703 0.271023 0.030691 0.098864
0 648 0.554987 0.320455 0.040921 0.109091
0 649 0.455669 0.241477 0.038363 0.092045
0 650 0.344416 0.139205 0.034101 0.078409
0 651 0.518755 0.229545 0.033248 0.084091
0 652 0.310742 0.258523 0.029838 0.098864
0 653 0.371697 0.190909 0.037511 0.093182
0 654 0.396419 0.144886 0.025575 0.085227
0 656 0.424126 0.145455 0.033248 0.088636
0 657 0.468457 0.189205 0.031543 0.110227
0 658 0.498721 0.227841 0.032396 0.087500
0 659 0.491475 0.151705 0.034953 0.089773
0 660 0.448849 0.151705 0.026428 0.082955
0 661 0.421142 0.095455 0.028986 0.088636
0 665 0.859335 0.202841 0.035806 0.094318
0 666 0.853367 0.178409 0.028986 0.084091
0 667 0.927110 0.293750 0.040068 0.107955
0 671 0.841432 0.182386 0.028986 0.094318
0 678 0.870844 0.297159 0.038363 0.101136
0 679 0.902813 0.309091 0.035806 0.100000
0 680 0.494032 0.548864 0.046888 0.134091
0 681 0.838022 0.655114 0.059676 0.144318
0 682 0.236573 0.297727 0.038363 0.106818
0 683 0.491475 0.271591 0.033248 0.084091
0 684 0.429668 0.353409 0.042626 0.111364
0 685 0.523444 0.680114 0.047741 0.135227
0 686 0.511935 0.286364 0.033248 0.106818
0 687 0.458227 0.315909 0.038363 0.097727
0 688 0.440750 0.136364 0.027280 0.086364
0 693 0.012361 0.148295 0.023018 0.094318
0 697 0.327792 0.075568 0.028133 0.073864
0 701 0.248508 0.384091 0.033248 0.097727
0 702 0.316283 0.077841 0.027280 0.073864
