0 158 0.346121 0.915341 0.051151 0.151136
0 160 0.421995 0.951136 0.054561 0.100000
0 178 0.362745 0.860227 0.052003 0.145455
0 180 0.437766 0.850000 0.048593 0.145455
0 189 0.242967 0.782386 0.054561 0.139773
0 190 0.300938 0.764205 0.057971 0.148864
0 191 0.145354 0.627273 0.046888 0.134091
0 193 0.101876 0.642614 0.048593 0.151136
0 194 0.052003 0.892045 0.042626 0.095455
0 195 0.023018 0.894886 0.044331 0.151136
0 196 0.474425 0.907955 0.045183 0.134091
0 197 0.513214 0.903409 0.056266 0.138636
0 198 0.421142 0.715341 0.051151 0.144318
0 199 0.381074 0.724432 0.051151 0.144318
0 200 0.151321 0.539773 0.046888 0.129545
0 201 0.189258 0.535227 0.040921 0.129545
0 202 0.222933 0.528977 0.033248 0.114773
0 203 0.362745 0.689205 0.052003 0.128409
0 204 0.546036 0.750000 0.055413 0.150000
0 205 0.577579 0.736364 0.045183 0.125000
0 206 0.491049 0.671023 0.052856 0.128409
0 209 0.064791 0.488636 0.056266 0.125000
0 212 0.497442 0.607386 0.043478 0.132955
0 213 0.403240 0.511364 0.042626 0.111364
0 214 0.433078 0.519318 0.040921 0.111364
0 215 0.318841 0.514773 0.037511 0.111364
0 216 0.286445 0.490909 0.042626 0.120455
0 217 0.284314 0.513068 0.041773 0.101136
0 218 0.221654 0.489773 0.037511 0.111364
0 221 0.424126 0.472727 0.033248 0.111364
0 222 0.454390 0.476136 0.037511 0.111364
0 223 0.365303 0.518750 0.038363 0.119318
0 224 0.424552 0.407955 0.042626 0.102273
0 225 0.300512 0.392045 0.033248 0.115909
0 226 0.323956 0.400568 0.039216 0.110227
0 227 0.817988 0.746591 0.040068 0.125000
0 228 0.882779 0.625568 0.045183 0.121591
0 229 0.799659 0.437500 0.040921 0.120455
0 230 0.526428 0.613636 0.033248 0.120455
0 231 0.392157 0.351136 0.037511 0.104545
0 232 0.361893 0.344886 0.036658 0.094318
0 236 0.866581 0.428409 0.031543 0.104545
0 237 0.810315 0.581818 0.046888 0.111364
0 238 0.845695 0.621023 0.049446 0.135227
0 239 0.847400 0.559091 0.046036 0.125000
0 244 0.584825 0.644318 0.039216 0.125000
0 245 0.480392 0.400000 0.041773 0.111364
0 246 0.512361 0.401136 0.034101 0.113636
0 247 0.499574 0.509659 0.042626 0.101136
0 249 0.081841 0.638068 0.042626 0.128409
0 331 0.837596 0.304545 0.038363 0.104545
0 350 0.986360 0.114205 0.025575 0.087500
0 351 0.949702 0.086364 0.032396 0.084091
0 352 0.960784 0.122159 0.028986 0.060227
0 353 0.929241 0.082955 0.032396 0.077273
0 354 0.895567 0.106818 0.034953 0.090909
0 363 0.722080 0.371023 0.039216 0.114773
0 369 0.498721 0.081818 0.027280 0.077273
0 373 0.388321 0.840341 0.052003 0.142045
0 374 0.862319 0.228977 0.034953 0.087500
0 375 0.703751 0.391477 0.028133 0.080682
0 381 0.854220 0.244886 0.032396 0.073864
0 383 0.518755 0.080682 0.021313 0.077273
0 538 0.747656 0.638068 0.046036 0.128409
0 539 0.744246 0.605114 0.039216 0.121591
0 540 0.712702 0.574432 0.042626 0.137500
0 544 0.381500 0.943750 0.048593 0.114773
0 548 0.741262 0.650000 0.033248 0.115909
0 549 0.716113 0.615341 0.039216 0.128409
0 554 0.586530 0.515909 0.037511 0.120455
0 556 0.696078 0.473864 0.050298 0.125000
0 558 0.752344 0.405682 0.033248 0.097727
0 559 0.594629 0.330682 0.041773 0.111364
0 565 0.375533 0.123864 0.028133 0.084091
0 566 0.546888 0.282955 0.041773 0.111364
0 568 0.481245 0.281818 0.028133 0.079545
0 569 0.503410 0.292614 0.036658 0.096591
0 570 0.520034 0.299432 0.027280 0.062500
0 572 0.572890 0.193182 0.042626 0.102273
0 573 0.579284 0.226136 0.036658 0.102273
0 574 0.367008 0.089773 0.033248 0.088636
0 576 0.008951 0.711364 0.016198 0.127273
0 584 0.469309 0.084659 0.024723 0.069318
0 591 0.860614 0.943750 0.055413 0.114773
0 592 0.827792 0.969886 0.046036 0.062500
0 593 0.770673 0.820455 0.047741 0.143182
0 594 0.848679 0.739773 0.050298 0.143182
0 595 0.157289 0.720455 0.048593 0.136364
0 597 0.318414 0.593750 0.041773 0.121591
0 598 0.014493 0.601705 0.027280 0.132955
0 599 0.415175 0.578409 0.049446 0.125000
0 600 0.442882 0.581818 0.041773 0.115909
0 601 0.072038 0.597727 0.050298 0.129545
0 602 0.550725 0.573295 0.042626 0.121591
0 603 0.198636 0.483523 0.039216 0.114773
0 604 0.262148 0.488068 0.041773 0.110227
0 605 0.800512 0.668182 0.049446 0.140909
0 606 0.774084 0.580682 0.042626 0.136364
0 607 0.799233 0.503409 0.033248 0.125000
0 608 0.821824 0.497727 0.032396 0.120455
0 609 0.835465 0.439205 0.042626 0.114773
0 610 0.864876 0.342045 0.033248 0.111364
0 611 0.277494 0.102841 0.028133 0.087500
0 616 0.222933 0.380682 0.033248 0.097727
0 617 0.167945 0.382955 0.032396 0.106818
0 618 0.184996 0.388636 0.032396 0.100000
0 619 0.130861 0.389773 0.038363 0.106818
0 620 0.536658 0.513068 0.041773 0.121591
0 621 0.199915 0.326136 0.038363 0.106818
0 622 0.334612 0.242045 0.029838 0.090909
0 623 0.310315 0.332955 0.042626 0.106818
0 624 0.106991 0.230682 0.036658 0.084091
0 625 0.490622 0.361932 0.033248 0.105682
0 626 0.516624 0.313636 0.032396 0.088636
0 627 0.139812 0.222159 0.035806 0.098864
0 628 0.430520 0.243182 0.035806 0.097727
0 629 0.221228 0.323295 0.033248 0.096591
0 630 0.203751 0.291477 0.037511 0.107955
0 631 0.266411 0.311364 0.033248 0.097727
0 633 0.261722 0.275000 0.039216 0.104545
0 634 0.340580 0.332386 0.038363 0.101136
0 635 0.288150 0.267045 0.035806 0.104545
0 636 0.514066 0.150568 0.042626 0.080682
0 637 0.456522 0.340909 0.041773 0.106818
0 638 0.274936 0.093750 0.024723 0.080682
0 639 0.184996 0.239773 0.032396 0.084091
0 640 0.490196 0.313636 0.037511 0.111364
0 642 0.158568 0.177273 0.030691 0.086364
0 643 0.193521 0.218182 0.032396 0.084091
0 644 0.212276 0.222159 0.032396 0.087500
0 645 0.182012 0.189773 0.031543 0.084091
0 646 0.199488 0.193182 0.035806 0.090909
0 647 0.474851 0.277841 0.032396 0.101136
0 648 0.550298 0.328409 0.041773 0.115909
0 649 0.453112 0.242045 0.038363 0.097727
0 650 0.340153 0.143182 0.034101 0.081818
0 651 0.517903 0.234091 0.033248 0.084091
0 652 0.310742 0.260795 0.029838 0.098864
0 653 0.364024 0.196591 0.037511 0.093182
0 654 0.393862 0.146591 0.025575 0.086364
0 655 0.341858 0.109091 0.032396 0.088636
0 656 0.425405 0.147727 0.034101 0.088636
0 657 0.469736 0.194886 0.032396 0.110227
0 658 0.498295 0.232386 0.033248 0.101136
0 659 0.490622 0.150000 0.034953 0.090909
0 660 0.447997 0.152273 0.033248 0.084091
0 661 0.417306 0.100000 0.028133 0.088636
0 665 0.867008 0.205114 0.035806 0.094318
0 666 0.855072 0.179545 0.028986 0.084091
0 667 0.925405 0.301705 0.041773 0.107955
0 671 0.841432 0.176136 0.028986 0.093182
0 678 0.869139 0.301705 0.041773 0.103409
0 679 0.898551 0.313068 0.035806 0.103409
0 680 0.495737 0.556818 0.046888 0.134091
0 681 0.843990 0.669886 0.059676 0.144318
0 682 0.231458 0.296591 0.038363 0.106818
0 683 0.485081 0.278977 0.032396 0.085227
0 684 0.423274 0.356818 0.041773 0.111364
0 685 0.520887 0.694886 0.047741 0.135227
0 686 0.509378 0.292045 0.033248 0.106818
0 687 0.456948 0.321591 0.037511 0.097727
0 688 0.442455 0.142045 0.027280 0.086364
0 693 0.012361 0.139773 0.023018 0.093182
0 697 0.324808 0.067614 0.028986 0.073864
0 698 0.525149 0.067045 0.027280 0.075000
0 701 0.239983 0.392045 0.033248 0.097727
0 702 0.318841 0.064773 0.028986 0.079545
