0 114 0.955669 0.981818 0.039216 0.038636
0 115 0.893009 0.955114 0.046888 0.092045
0 116 0.860188 0.966477 0.051151 0.069318
0 138 0.332907 0.973864 0.041773 0.054545
0 140 0.382353 0.968182 0.046888 0.065909
0 154 0.685422 0.963068 0.051151 0.076136
0 155 0.736147 0.961932 0.050298 0.078409
0 156 0.744672 0.950000 0.050298 0.100000
0 157 0.642370 0.953977 0.052003 0.092045
0 158 0.332481 0.781250 0.046036 0.135227
0 160 0.415175 0.840341 0.044331 0.135227
0 161 0.090367 0.935227 0.046036 0.131818
0 162 0.067349 0.919318 0.051151 0.134091
0 175 0.017903 0.942045 0.034101 0.118182
0 178 0.346974 0.757955 0.044331 0.131818
0 180 0.432225 0.744886 0.047741 0.135227
0 189 0.256181 0.655682 0.055413 0.131818
0 190 0.300512 0.636364 0.058824 0.138636
0 191 0.187553 0.558523 0.042626 0.128409
0 193 0.147485 0.539773 0.047741 0.134091
0 194 0.133845 0.675000 0.042626 0.086364
0 195 0.080989 0.661932 0.051151 0.135227
0 196 0.472720 0.754545 0.045183 0.125000
0 197 0.500000 0.756250 0.045183 0.137500
0 198 0.419437 0.621023 0.046036 0.130682
0 199 0.388747 0.615341 0.049446 0.135227
0 200 0.199062 0.448864 0.038363 0.113636
0 201 0.230605 0.444886 0.041773 0.112500
0 202 0.256607 0.450000 0.032396 0.102273
0 203 0.391304 0.577841 0.047741 0.128409
0 204 0.509804 0.630682 0.056266 0.138636
0 205 0.551577 0.625000 0.046036 0.125000
0 206 0.488491 0.567045 0.052856 0.118182
0 209 0.142796 0.412500 0.053708 0.122727
0 210 0.016624 0.298864 0.031543 0.100000
0 212 0.497869 0.514773 0.040921 0.125000
0 213 0.412191 0.434091 0.036658 0.111364
0 214 0.443734 0.420455 0.033248 0.102273
0 215 0.334186 0.436932 0.037511 0.110227
0 216 0.314152 0.413636 0.038363 0.106818
0 217 0.291134 0.434091 0.041773 0.102273
0 218 0.251492 0.405682 0.037511 0.111364
0 220 0.036232 0.304545 0.036658 0.100000
0 221 0.450980 0.384659 0.032396 0.103409
0 222 0.472720 0.396591 0.033248 0.111364
0 223 0.388321 0.418750 0.038363 0.103409
0 224 0.441176 0.334091 0.041773 0.102273
0 225 0.328645 0.323864 0.033248 0.106818
0 226 0.354646 0.330682 0.037511 0.102273
0 227 0.798380 0.614773 0.033248 0.115909
0 228 0.845695 0.528977 0.032396 0.107955
0 229 0.826939 0.370455 0.042626 0.120455
0 230 0.524297 0.518750 0.032396 0.114773
0 231 0.417732 0.290909 0.037511 0.102273
0 232 0.384058 0.290341 0.036658 0.092045
0 236 0.849957 0.493182 0.032396 0.104545
0 237 0.800512 0.506250 0.042626 0.110227
0 238 0.801790 0.520455 0.034953 0.115909
0 239 0.820119 0.471591 0.046036 0.118182
0 244 0.584825 0.647159 0.039216 0.121591
0 245 0.501705 0.332386 0.033248 0.101136
0 246 0.528986 0.335227 0.036658 0.106818
0 247 0.514066 0.434659 0.042626 0.101136
0 248 0.403666 0.953409 0.041773 0.093182
0 249 0.123188 0.534091 0.043478 0.127273
0 373 0.379795 0.746023 0.048593 0.148864
0 492 0.632992 0.935795 0.055413 0.126136
0 493 0.544757 0.960227 0.046036 0.081818
0 542 0.812020 0.963636 0.053708 0.072727
0 543 0.861466 0.894318 0.046888 0.138636
0 544 0.376385 0.829545 0.048593 0.152273
0 546 0.592924 0.965341 0.036658 0.071591
0 548 0.890026 0.830682 0.037511 0.134091
0 549 0.835891 0.760227 0.043478 0.122727
0 591 0.814152 0.790341 0.042626 0.126136
0 592 0.775789 0.822159 0.046036 0.142045
0 593 0.764706 0.672159 0.047741 0.128409
0 594 0.831202 0.614773 0.042626 0.134091
0 595 0.240835 0.593750 0.043478 0.119318
0 597 0.335891 0.506250 0.032396 0.117045
0 598 0.130009 0.516477 0.052003 0.123864
0 599 0.417306 0.471023 0.045183 0.121591
0 600 0.441176 0.474432 0.034953 0.110227
0 601 0.194373 0.507955 0.042626 0.120455
0 602 0.538363 0.471023 0.041773 0.107955
0 603 0.216113 0.397727 0.038363 0.111364
0 604 0.291560 0.415341 0.042626 0.110227
0 605 0.763001 0.554545 0.039216 0.125000
0 606 0.761722 0.488636 0.046888 0.120455
0 607 0.796675 0.407955 0.033248 0.120455
0 608 0.830350 0.401136 0.032396 0.106818
0 609 0.838022 0.344886 0.037511 0.105682
0 610 0.854646 0.267045 0.033248 0.106818
0 611 0.173061 0.130114 0.028986 0.087500
0 616 0.258738 0.310227 0.034953 0.093182
0 617 0.209292 0.306818 0.033248 0.106818
0 618 0.196078 0.313636 0.030691 0.090909
0 619 0.177323 0.311364 0.037511 0.106818
0 620 0.542199 0.427841 0.042626 0.112500
0 621 0.236999 0.261932 0.034101 0.094318
0 622 0.388321 0.186932 0.029838 0.092045
0 623 0.341432 0.263636 0.041773 0.106818
0 624 0.213555 0.174432 0.038363 0.080682
0 625 0.493180 0.293750 0.033248 0.105682
0 626 0.509378 0.252273 0.033248 0.088636
0 627 0.234868 0.171591 0.031543 0.090909
0 628 0.433504 0.193182 0.033248 0.090909
0 629 0.259591 0.269318 0.033248 0.093182
0 630 0.257886 0.227273 0.033248 0.088636
0 631 0.301364 0.240909 0.033248 0.097727
0 632 0.533248 0.206818 0.034953 0.097727
0 633 0.305627 0.220455 0.038363 0.097727
0 634 0.375533 0.271591 0.038363 0.102273
0 635 0.326513 0.225568 0.028986 0.103409
0 636 0.508951 0.103977 0.032396 0.076136
0 637 0.457374 0.280682 0.041773 0.106818
0 638 0.283887 0.096023 0.025575 0.080682
0 639 0.257460 0.193750 0.028986 0.076136
0 640 0.484228 0.253409 0.037511 0.111364
0 642 0.272805 0.130114 0.028986 0.080682
0 643 0.282609 0.177273 0.028133 0.077273
0 644 0.300085 0.179545 0.027280 0.081818
0 645 0.287724 0.139205 0.028133 0.076136
0 646 0.307758 0.138636 0.032396 0.079545
0 647 0.464621 0.221591 0.028986 0.095455
0 648 0.552003 0.266477 0.041773 0.105682
0 649 0.462063 0.187500 0.037511 0.093182
0 650 0.374254 0.094318 0.032396 0.075000
0 651 0.509378 0.186364 0.033248 0.084091
0 652 0.332055 0.213068 0.034953 0.098864
0 653 0.391731 0.140909 0.034953 0.093182
0 654 0.399403 0.101136 0.024723 0.079545
0 656 0.426257 0.101136 0.028986 0.088636
0 657 0.463342 0.137500 0.031543 0.106818
0 658 0.494032 0.177273 0.031543 0.084091
0 659 0.488917 0.107386 0.034953 0.087500
0 660 0.445865 0.111932 0.023870 0.082955
0 664 0.909633 0.142614 0.027280 0.073864
0 665 0.894288 0.155114 0.035806 0.087500
0 666 0.861466 0.151136 0.028133 0.084091
0 667 0.889173 0.233523 0.037511 0.098864
0 671 0.869565 0.132386 0.028986 0.094318
0 678 0.855072 0.253409 0.039216 0.100000
0 679 0.880648 0.243750 0.035806 0.096591
0 680 0.497442 0.460795 0.046888 0.126136
0 681 0.786019 0.552841 0.049446 0.135227
0 682 0.266837 0.240909 0.037511 0.100000
0 683 0.482097 0.221591 0.033248 0.084091
0 684 0.443734 0.293750 0.033248 0.110227
0 685 0.523444 0.592614 0.047741 0.132955
0 686 0.499147 0.222727 0.033248 0.093182
0 687 0.456095 0.259659 0.037511 0.094318
0 688 0.439045 0.100000 0.028986 0.079545
0 697 0.329071 0.065909 0.028986 0.070455
0 701 0.289003 0.307955 0.028986 0.093182
0 702 0.311594 0.065909 0.028133 0.070455
