0 107 0.520460 0.983523 0.043478 0.032955
0 114 0.881927 0.818750 0.052003 0.155682
0 115 0.855072 0.763636 0.046036 0.152273
0 116 0.810742 0.775568 0.047741 0.144318
0 131 0.023444 0.956250 0.045183 0.087500
0 132 0.372975 0.958523 0.055413 0.082955
0 133 0.414749 0.965909 0.036658 0.065909
0 134 0.463768 0.953409 0.064791 0.093182
0 135 0.021739 0.935795 0.041773 0.130682
0 138 0.317562 0.818750 0.036658 0.126136
0 140 0.365303 0.855682 0.041773 0.138636
0 141 0.314578 0.877841 0.046036 0.142045
0 142 0.745524 0.961932 0.053708 0.076136
0 143 0.869991 0.977273 0.046888 0.047727
0 144 0.822677 0.953977 0.056266 0.092045
0 152 0.565217 0.871591 0.040921 0.138636
0 153 0.423700 0.860227 0.037511 0.161364
0 154 0.609548 0.809659 0.047741 0.148864
0 155 0.654731 0.813068 0.052856 0.155682
0 156 0.675192 0.798295 0.049446 0.142045
0 157 0.567349 0.791477 0.048593 0.148864
0 158 0.339727 0.617614 0.041773 0.137500
0 160 0.423700 0.659091 0.042626 0.125000
0 161 0.131287 0.756250 0.042626 0.137500
0 162 0.105712 0.746023 0.037511 0.146591
0 175 0.023444 0.747727 0.045183 0.152273
0 177 0.007673 0.483523 0.013640 0.123864
0 178 0.362319 0.582955 0.039216 0.120455
0 180 0.430946 0.578409 0.038363 0.129545
0 189 0.270247 0.482955 0.042626 0.125000
0 190 0.301364 0.472159 0.041773 0.123864
0 191 0.196505 0.412500 0.033248 0.125000
0 193 0.175618 0.377841 0.032396 0.114773
0 194 0.197357 0.465341 0.033248 0.080682
0 195 0.136829 0.471591 0.041773 0.129545
0 196 0.477408 0.565909 0.037511 0.120455
0 197 0.508951 0.560227 0.039216 0.125000
0 198 0.407502 0.457386 0.037511 0.123864
0 199 0.372975 0.456250 0.038363 0.128409
0 200 0.216539 0.296023 0.035806 0.101136
0 201 0.245098 0.294886 0.038363 0.114773
0 202 0.265558 0.292614 0.028133 0.103409
0 203 0.384484 0.407386 0.042626 0.119318
0 204 0.513214 0.455682 0.047741 0.120455
0 205 0.549872 0.465909 0.037511 0.118182
0 206 0.485934 0.418750 0.034101 0.112500
0 209 0.170929 0.261932 0.036658 0.110227
0 210 0.085251 0.175568 0.028986 0.103409
0 212 0.486786 0.351705 0.032396 0.103409
0 213 0.409633 0.280682 0.031543 0.093182
0 214 0.442882 0.273864 0.033248 0.088636
0 215 0.343137 0.288636 0.034953 0.097727
0 216 0.326939 0.275000 0.028133 0.102273
0 217 0.298380 0.297727 0.037511 0.090909
0 218 0.265985 0.251136 0.027280 0.088636
0 219 0.042199 0.153977 0.031543 0.094318
0 220 0.106138 0.172727 0.031543 0.100000
0 221 0.453538 0.239205 0.028986 0.096591
0 222 0.475703 0.248295 0.028986 0.101136
0 223 0.400256 0.264773 0.033248 0.106818
0 224 0.450980 0.198864 0.032396 0.100000
0 225 0.339727 0.181818 0.033248 0.097727
0 226 0.369565 0.194318 0.033248 0.097727
0 227 0.790281 0.434091 0.032396 0.113636
0 228 0.838875 0.373295 0.035806 0.107955
0 229 0.860188 0.228409 0.039216 0.106818
0 230 0.508951 0.361932 0.032396 0.105682
0 231 0.425405 0.155682 0.028986 0.093182
0 232 0.397698 0.155114 0.028133 0.092045
0 236 0.851662 0.457386 0.037511 0.110227
0 237 0.807332 0.367045 0.039216 0.113636
0 238 0.814578 0.376705 0.034953 0.110227
0 239 0.835465 0.315909 0.034101 0.104545
0 241 0.147485 0.963068 0.040921 0.073864
0 242 0.187553 0.964773 0.037511 0.072727
0 244 0.582268 0.550568 0.039216 0.123864
0 245 0.508525 0.189773 0.033248 0.088636
0 246 0.531117 0.189773 0.028986 0.097727
0 247 0.510230 0.287500 0.033248 0.088636
0 248 0.398977 0.800568 0.044331 0.123864
0 249 0.145780 0.378977 0.042626 0.123864
0 325 0.443734 0.959659 0.041773 0.076136
0 373 0.387894 0.581818 0.042626 0.134091
0 492 0.697357 0.763068 0.054561 0.142045
0 493 0.618500 0.791477 0.036658 0.103409
0 494 0.919437 0.902273 0.041773 0.136364
0 497 0.874680 0.919886 0.054561 0.132955
0 503 0.395567 0.861364 0.042626 0.156818
0 532 0.624893 0.911932 0.042626 0.144318
0 533 0.582694 0.921023 0.050298 0.157955
0 534 0.464621 0.877841 0.051151 0.137500
0 535 0.504689 0.928977 0.051151 0.126136
0 542 0.768116 0.772159 0.047741 0.142045
0 543 0.807758 0.677273 0.043478 0.140909
0 544 0.390878 0.660227 0.041773 0.134091
0 546 0.665814 0.789205 0.030691 0.082955
0 550 0.839301 0.853409 0.050298 0.143182
0 551 0.819267 0.900568 0.054561 0.132955
0 552 0.812020 0.982386 0.045183 0.032955
0 563 0.523870 0.862500 0.053708 0.152273
0 564 0.539642 0.930682 0.042626 0.127273
0 591 0.778346 0.589773 0.037511 0.129545
0 592 0.765558 0.624432 0.042626 0.132955
0 593 0.736999 0.488636 0.041773 0.127273
0 594 0.813725 0.439773 0.036658 0.129545
0 595 0.279625 0.430682 0.040921 0.115909
0 597 0.339301 0.355114 0.032396 0.117045
0 598 0.222506 0.364205 0.042626 0.114773
0 599 0.416454 0.319318 0.033248 0.106818
0 600 0.436061 0.328409 0.024723 0.100000
0 601 0.265985 0.363636 0.042626 0.120455
0 602 0.537511 0.315909 0.034953 0.106818
0 603 0.236147 0.246591 0.028986 0.097727
0 604 0.307758 0.269886 0.028986 0.101136
0 605 0.713555 0.386364 0.039216 0.120455
0 606 0.760443 0.341477 0.042626 0.117045
0 607 0.806479 0.246591 0.035806 0.104545
0 608 0.836317 0.247727 0.032396 0.113636
0 609 0.815431 0.192045 0.031543 0.097727
0 610 0.855925 0.128977 0.035806 0.101136
0 611 0.102728 0.060227 0.028133 0.088636
0 616 0.277067 0.161364 0.028986 0.084091
0 617 0.243819 0.156818 0.023870 0.097727
0 618 0.219949 0.171591 0.027280 0.088636
0 619 0.206309 0.162500 0.040921 0.095455
0 620 0.539642 0.281250 0.037511 0.105682
0 621 0.266837 0.127273 0.028986 0.084091
0 622 0.406223 0.061364 0.024723 0.088636
0 623 0.374254 0.119886 0.032396 0.089773
0 624 0.270247 0.043750 0.023870 0.073864
0 625 0.467178 0.153409 0.023870 0.088636
0 626 0.490196 0.124432 0.028986 0.080682
0 627 0.291560 0.044886 0.028986 0.078409
0 628 0.433504 0.060795 0.024723 0.085227
0 629 0.286871 0.118182 0.024723 0.086364
0 630 0.279199 0.092614 0.024723 0.080682
0 631 0.317136 0.106250 0.027280 0.087500
0 632 0.519182 0.075568 0.030691 0.092045
0 633 0.338875 0.096591 0.026428 0.090909
0 634 0.395567 0.127841 0.028986 0.087500
0 635 0.361040 0.100000 0.028133 0.086364
0 637 0.437766 0.139205 0.031543 0.096591
0 638 0.268968 0.019886 0.024723 0.037500
0 639 0.302643 0.077841 0.025575 0.094318
0 640 0.471441 0.115909 0.028986 0.093182
0 642 0.328218 0.027841 0.023870 0.039773
0 643 0.324808 0.063636 0.028986 0.070455
0 644 0.340580 0.063068 0.023018 0.062500
0 645 0.346121 0.031818 0.028986 0.040909
0 646 0.364876 0.023295 0.032396 0.042045
0 647 0.453538 0.096023 0.023870 0.087500
0 648 0.519608 0.132955 0.031543 0.090909
0 649 0.457374 0.053977 0.021313 0.080682
0 651 0.488491 0.068182 0.030691 0.079545
0 652 0.347400 0.080682 0.028133 0.072727
0 653 0.408355 0.021023 0.028986 0.039773
0 658 0.486360 0.055682 0.024723 0.077273
0 663 0.556692 0.028977 0.027280 0.055682
0 666 0.918585 0.047159 0.024723 0.078409
0 667 0.849105 0.093750 0.028986 0.103409
0 668 0.889599 0.030682 0.029838 0.054545
0 669 0.864876 0.025000 0.028133 0.047727
0 671 0.930094 0.029545 0.025575 0.040909
0 680 0.494885 0.305682 0.045183 0.118182
0 681 0.736999 0.383523 0.045183 0.123864
0 682 0.291560 0.098864 0.039216 0.084091
0 683 0.461637 0.092045 0.034953 0.084091
0 684 0.450980 0.152841 0.037511 0.096591
0 685 0.511935 0.418182 0.041773 0.102273
0 686 0.474425 0.092045 0.033248 0.079545
0 687 0.440324 0.117045 0.033248 0.088636
0 701 0.268968 0.137500 0.028133 0.079545
