0 107 0.510656 0.950000 0.056266 0.100000
0 114 0.869565 0.755114 0.049446 0.153409
0 115 0.845695 0.700000 0.046036 0.152273
0 116 0.809889 0.696023 0.049446 0.135227
0 122 0.456948 0.964205 0.047741 0.073864
0 123 0.378517 0.962500 0.040921 0.075000
0 131 0.052003 0.922727 0.049446 0.147727
0 132 0.364450 0.923864 0.052003 0.140909
0 133 0.410060 0.933523 0.037511 0.119318
0 134 0.467604 0.919318 0.065644 0.156818
0 135 0.031117 0.877841 0.041773 0.146591
0 138 0.309037 0.763068 0.038363 0.126136
0 140 0.361040 0.813636 0.041773 0.138636
0 141 0.312020 0.817045 0.046036 0.140909
0 142 0.713129 0.928977 0.055413 0.132955
0 143 0.839301 0.940909 0.046888 0.120455
0 144 0.791986 0.914773 0.047741 0.156818
0 152 0.548167 0.809659 0.042626 0.137500
0 153 0.429668 0.783523 0.037511 0.160227
0 154 0.592498 0.741477 0.049446 0.148864
0 155 0.628303 0.752841 0.046036 0.155682
0 156 0.646206 0.735795 0.047741 0.142045
0 157 0.557118 0.728977 0.048593 0.148864
0 158 0.345269 0.559659 0.040921 0.132955
0 160 0.433078 0.600000 0.039216 0.125000
0 161 0.143223 0.699432 0.042626 0.137500
0 162 0.121057 0.686932 0.037511 0.146591
0 175 0.028559 0.680682 0.052003 0.152273
0 177 0.014919 0.430682 0.028133 0.120455
0 178 0.374680 0.530682 0.038363 0.120455
0 180 0.434356 0.527273 0.038363 0.134091
0 189 0.271952 0.432955 0.042626 0.125000
0 190 0.301364 0.418750 0.041773 0.123864
0 191 0.201620 0.362500 0.033248 0.125000
0 193 0.186701 0.328977 0.032396 0.114773
0 194 0.225490 0.401705 0.031543 0.080682
0 195 0.155158 0.412500 0.040921 0.127273
0 196 0.476556 0.506250 0.037511 0.117045
0 197 0.508525 0.500568 0.038363 0.123864
0 198 0.401961 0.407955 0.036658 0.118182
0 199 0.367434 0.398295 0.037511 0.128409
0 200 0.224638 0.248864 0.038363 0.102273
0 201 0.255754 0.252841 0.037511 0.114773
0 202 0.271952 0.250568 0.028986 0.098864
0 203 0.384484 0.356818 0.042626 0.111364
0 204 0.513640 0.406818 0.046888 0.120455
0 205 0.550298 0.411932 0.036658 0.117045
0 206 0.491901 0.365909 0.032396 0.111364
0 209 0.182864 0.213068 0.036658 0.107955
0 210 0.111679 0.130682 0.032396 0.100000
0 212 0.485081 0.302841 0.032396 0.105682
0 213 0.416454 0.230682 0.031543 0.093182
0 214 0.447144 0.230682 0.033248 0.088636
0 215 0.349531 0.245455 0.028986 0.097727
0 216 0.335465 0.231818 0.028133 0.102273
0 217 0.304774 0.247159 0.036658 0.089773
0 218 0.273657 0.208523 0.027280 0.092045
0 219 0.078431 0.115341 0.030691 0.094318
0 220 0.132992 0.130682 0.032396 0.100000
0 221 0.456522 0.193750 0.028133 0.096591
0 222 0.474851 0.201136 0.027280 0.097727
0 223 0.404092 0.214773 0.032396 0.104545
0 224 0.456948 0.156818 0.032396 0.100000
0 225 0.335465 0.137500 0.033248 0.097727
0 226 0.377238 0.150568 0.029838 0.094318
0 227 0.792839 0.378977 0.032396 0.110227
0 228 0.851662 0.328409 0.032396 0.106818
0 229 0.868713 0.184659 0.040921 0.107955
0 230 0.507673 0.322159 0.031543 0.105682
0 231 0.425405 0.113636 0.028986 0.093182
0 232 0.397272 0.113636 0.027280 0.088636
0 236 0.843990 0.451136 0.037511 0.111364
0 237 0.814152 0.319318 0.037511 0.111364
0 238 0.827366 0.326136 0.034953 0.104545
0 239 0.839727 0.259091 0.034101 0.104545
0 240 0.128730 0.972159 0.037511 0.055682
0 241 0.147485 0.951136 0.040921 0.100000
0 242 0.187553 0.950000 0.037511 0.097727
0 244 0.574595 0.531250 0.039216 0.123864
0 245 0.506820 0.148864 0.033248 0.088636
0 246 0.533248 0.147727 0.028133 0.097727
0 247 0.509378 0.242045 0.033248 0.088636
0 248 0.392583 0.753409 0.041773 0.129545
0 249 0.160273 0.322159 0.042626 0.110227
0 325 0.431373 0.917045 0.034101 0.120455
0 373 0.395567 0.528977 0.042626 0.130682
0 466 0.797101 0.972727 0.049446 0.056818
0 492 0.718670 0.705682 0.052856 0.140909
0 493 0.648338 0.736364 0.038363 0.102273
0 494 0.888321 0.833523 0.040921 0.142045
0 497 0.839301 0.839773 0.055413 0.143182
0 503 0.401108 0.789773 0.040068 0.147727
0 532 0.604007 0.854545 0.050298 0.143182
0 533 0.561381 0.863636 0.053708 0.165909
0 534 0.460358 0.809091 0.051151 0.138636
0 535 0.483376 0.868182 0.051151 0.152273
0 542 0.763427 0.705114 0.046888 0.142045
0 543 0.789003 0.612500 0.038363 0.140909
0 544 0.399403 0.601136 0.041773 0.134091
0 546 0.691390 0.728977 0.028986 0.082955
0 550 0.817562 0.779545 0.047741 0.143182
0 551 0.785166 0.831818 0.056266 0.147727
0 552 0.780051 0.946023 0.044331 0.107955
0 563 0.507246 0.801136 0.054561 0.156818
0 564 0.520887 0.859091 0.040921 0.136364
0 571 0.419437 0.972159 0.027280 0.051136
0 591 0.761722 0.525568 0.038363 0.128409
0 592 0.760443 0.555114 0.042626 0.132955
0 593 0.713981 0.425000 0.041773 0.120455
0 594 0.816283 0.382955 0.036658 0.120455
0 595 0.291560 0.382386 0.037511 0.114773
0 597 0.342285 0.305114 0.031543 0.114773
0 598 0.254902 0.313636 0.037511 0.115909
0 599 0.418159 0.272727 0.031543 0.106818
0 600 0.437340 0.280682 0.027280 0.097727
0 601 0.297954 0.314773 0.041773 0.122727
0 602 0.536658 0.268182 0.033248 0.106818
0 603 0.245098 0.197727 0.028133 0.097727
0 604 0.315004 0.227841 0.028133 0.096591
0 605 0.694800 0.330682 0.039216 0.120455
0 606 0.770673 0.297727 0.047741 0.118182
0 607 0.804774 0.203409 0.035806 0.104545
0 608 0.836317 0.200568 0.032396 0.114773
0 610 0.852941 0.088068 0.034953 0.092045
0 611 0.075874 0.043750 0.025575 0.085227
0 616 0.287298 0.114773 0.028986 0.084091
0 617 0.261722 0.112500 0.023870 0.097727
0 618 0.239557 0.122727 0.027280 0.088636
0 619 0.218244 0.111364 0.034101 0.093182
0 620 0.534953 0.238068 0.033248 0.105682
0 621 0.277494 0.086364 0.028133 0.084091
0 622 0.410912 0.035227 0.023870 0.068182
0 623 0.389173 0.076136 0.029838 0.088636
0 624 0.288150 0.021023 0.023870 0.039773
0 625 0.461211 0.111364 0.023870 0.088636
0 626 0.488917 0.081250 0.028133 0.080682
0 627 0.316709 0.021591 0.031543 0.040909
0 628 0.439045 0.028977 0.023870 0.055682
0 629 0.297954 0.080682 0.024723 0.086364
0 630 0.288576 0.051705 0.024723 0.080682
0 631 0.325234 0.064773 0.028133 0.084091
0 632 0.517903 0.039773 0.026428 0.068182
0 633 0.350384 0.062500 0.025575 0.090909
0 634 0.406223 0.086932 0.026428 0.087500
0 635 0.370418 0.054545 0.028133 0.086364
0 637 0.427962 0.098295 0.032396 0.096591
0 639 0.319693 0.043750 0.025575 0.085227
0 640 0.469736 0.077273 0.028986 0.093182
0 643 0.338448 0.031818 0.028986 0.061364
0 644 0.356777 0.026136 0.024723 0.050000
0 647 0.447570 0.047159 0.023870 0.080682
0 648 0.508951 0.096023 0.028986 0.089773
0 649 0.459932 0.031250 0.023018 0.060227
0 651 0.487639 0.040909 0.030691 0.068182
0 652 0.355072 0.039205 0.028133 0.069318
0 658 0.485934 0.023864 0.025575 0.045455
0 666 0.944160 0.028977 0.024723 0.053409
0 667 0.858909 0.036932 0.028133 0.067045
0 668 0.917732 0.014773 0.028133 0.027273
0 669 0.893436 0.017614 0.025575 0.032955
0 671 0.959079 0.006818 0.023870 0.011364
0 680 0.494459 0.254545 0.046036 0.113636
0 681 0.724638 0.330114 0.046036 0.114773
0 682 0.300938 0.060795 0.035806 0.082955
0 683 0.454390 0.048295 0.035806 0.082955
0 684 0.450128 0.111364 0.039216 0.090909
0 685 0.516198 0.363636 0.041773 0.102273
0 686 0.468457 0.049432 0.033248 0.078409
0 687 0.444587 0.071023 0.033248 0.087500
0 701 0.248082 0.084091 0.023870 0.079545
