0 114 0.942029 0.969886 0.044331 0.062500
0 115 0.887042 0.942614 0.046888 0.112500
0 116 0.849105 0.952273 0.051151 0.095455
0 138 0.332907 0.961364 0.041773 0.077273
0 140 0.379369 0.957386 0.047741 0.082955
0 141 0.309037 0.982955 0.043478 0.031818
0 154 0.672634 0.951705 0.051151 0.096591
0 155 0.724211 0.951136 0.050298 0.100000
0 156 0.731884 0.938636 0.050298 0.115909
0 157 0.623615 0.941477 0.052003 0.114773
0 158 0.332481 0.761364 0.046036 0.136364
0 160 0.414749 0.819318 0.043478 0.134091
0 161 0.098039 0.919318 0.046036 0.140909
0 162 0.074595 0.905114 0.050298 0.144318
0 175 0.019608 0.928409 0.037511 0.140909
0 178 0.348679 0.740909 0.040921 0.125000
0 180 0.430946 0.727841 0.046888 0.135227
0 189 0.257460 0.636364 0.054561 0.127273
0 190 0.299659 0.617045 0.055413 0.136364
0 191 0.190111 0.544318 0.042626 0.127273
0 193 0.151748 0.522159 0.047741 0.132955
0 194 0.144501 0.652273 0.041773 0.086364
0 195 0.090367 0.635795 0.046036 0.126136
0 196 0.473146 0.735795 0.044331 0.121591
0 197 0.502984 0.734091 0.046036 0.136364
0 198 0.415601 0.602841 0.043478 0.126136
0 199 0.390878 0.598864 0.048593 0.134091
0 200 0.202046 0.432955 0.039216 0.111364
0 201 0.234868 0.428977 0.041773 0.112500
0 202 0.256181 0.429545 0.033248 0.102273
0 203 0.391304 0.559659 0.044331 0.128409
0 204 0.509378 0.614773 0.055413 0.138636
0 205 0.552856 0.609091 0.045183 0.125000
0 206 0.486786 0.552273 0.051151 0.118182
0 209 0.147485 0.396023 0.049446 0.119318
0 210 0.024297 0.286932 0.036658 0.098864
0 212 0.496164 0.496591 0.042626 0.125000
0 213 0.408781 0.420455 0.036658 0.111364
0 214 0.442882 0.405682 0.033248 0.102273
0 215 0.336743 0.422159 0.037511 0.107955
0 216 0.315857 0.402841 0.036658 0.105682
0 217 0.291134 0.422159 0.041773 0.101136
0 218 0.253197 0.390341 0.037511 0.107955
0 220 0.049020 0.294886 0.036658 0.101136
0 221 0.454390 0.370455 0.032396 0.097727
0 222 0.473998 0.384091 0.032396 0.111364
0 223 0.390878 0.402273 0.036658 0.102273
0 224 0.445439 0.325568 0.041773 0.101136
0 225 0.332055 0.310227 0.033248 0.104545
0 226 0.359761 0.319886 0.037511 0.101136
0 227 0.792413 0.593750 0.033248 0.114773
0 228 0.837596 0.511932 0.034953 0.110227
0 229 0.831202 0.354545 0.042626 0.120455
0 230 0.521739 0.502841 0.032396 0.105682
0 231 0.421995 0.277841 0.035806 0.101136
0 232 0.387468 0.280114 0.034953 0.092045
0 236 0.853367 0.496591 0.032396 0.104545
0 237 0.806479 0.501705 0.042626 0.107955
0 238 0.800512 0.503409 0.035806 0.115909
0 239 0.822677 0.452273 0.046036 0.118182
0 244 0.584825 0.639205 0.039216 0.121591
0 245 0.501705 0.319318 0.033248 0.100000
0 246 0.530691 0.324432 0.036658 0.105682
0 247 0.513640 0.422727 0.041773 0.100000
0 248 0.403666 0.940909 0.041773 0.113636
0 249 0.128303 0.517614 0.043478 0.126136
0 373 0.379795 0.730682 0.048593 0.147727
0 492 0.646633 0.925568 0.055413 0.139773
0 493 0.556266 0.944318 0.041773 0.090909
0 542 0.806479 0.952273 0.051151 0.095455
0 543 0.846974 0.871023 0.045183 0.139773
0 544 0.378090 0.811932 0.048593 0.151136
0 546 0.606991 0.951136 0.037511 0.079545
0 548 0.908355 0.850000 0.038363 0.134091
0 549 0.858056 0.782955 0.045183 0.122727
0 591 0.809037 0.767614 0.040921 0.130682
0 592 0.766837 0.800568 0.046888 0.135227
0 593 0.764706 0.652841 0.047741 0.128409
0 594 0.826087 0.594886 0.046036 0.132955
0 595 0.245951 0.576705 0.041773 0.114773
0 597 0.335891 0.490341 0.032396 0.117045
0 598 0.145780 0.501705 0.040921 0.117045
0 599 0.416454 0.457955 0.045183 0.113636
0 600 0.442455 0.465341 0.034101 0.110227
0 601 0.206309 0.492045 0.046036 0.120455
0 602 0.537511 0.453977 0.041773 0.107955
0 603 0.218244 0.385227 0.037511 0.109091
0 604 0.294118 0.401705 0.039216 0.110227
0 605 0.753623 0.536364 0.040921 0.125000
0 606 0.760443 0.473864 0.044331 0.118182
0 607 0.798806 0.393750 0.034101 0.119318
0 608 0.832907 0.388636 0.032396 0.106818
0 609 0.835038 0.329545 0.036658 0.104545
0 610 0.854220 0.247727 0.034101 0.106818
0 611 0.161552 0.126705 0.029838 0.087500
0 616 0.262575 0.296023 0.034101 0.092045
0 617 0.212276 0.293182 0.032396 0.106818
0 618 0.198210 0.301705 0.029838 0.092045
0 619 0.181159 0.297159 0.036658 0.105682
0 620 0.543905 0.416477 0.040921 0.112500
0 621 0.241688 0.250000 0.031543 0.090909
0 622 0.391304 0.177273 0.028986 0.090909
0 623 0.347826 0.251705 0.039216 0.105682
0 624 0.224211 0.163068 0.037511 0.078409
0 625 0.490622 0.281818 0.031543 0.104545
0 626 0.508525 0.239773 0.033248 0.088636
0 627 0.242967 0.163068 0.030691 0.087500
0 628 0.436488 0.181250 0.030691 0.089773
0 629 0.263853 0.257386 0.033248 0.092045
0 630 0.263001 0.212500 0.033248 0.088636
0 631 0.304348 0.228977 0.032396 0.096591
0 632 0.530264 0.196591 0.032396 0.095455
0 633 0.311168 0.211364 0.039216 0.097727
0 634 0.379795 0.260227 0.038363 0.100000
0 635 0.329923 0.217045 0.028986 0.100000
0 636 0.508525 0.094886 0.031543 0.076136
0 637 0.455669 0.267614 0.041773 0.105682
0 638 0.282182 0.090909 0.023870 0.075000
0 639 0.265985 0.182955 0.028986 0.077273
0 640 0.483376 0.241477 0.037511 0.110227
0 642 0.282609 0.121023 0.028133 0.080682
0 643 0.289855 0.167045 0.028986 0.077273
0 644 0.307758 0.167614 0.027280 0.080682
0 645 0.297101 0.126136 0.028133 0.075000
0 646 0.322251 0.127273 0.032396 0.079545
0 647 0.462916 0.209659 0.028986 0.094318
0 648 0.548593 0.255114 0.040068 0.103409
0 649 0.461211 0.172159 0.037511 0.092045
0 650 0.378943 0.085227 0.026428 0.075000
0 651 0.505968 0.175000 0.033248 0.084091
0 652 0.337170 0.201705 0.034953 0.096591
0 653 0.393862 0.131250 0.032396 0.092045
0 654 0.400682 0.089773 0.025575 0.079545
0 656 0.427962 0.092614 0.028986 0.087500
0 657 0.464194 0.123864 0.031543 0.100000
0 658 0.493180 0.164773 0.031543 0.084091
0 659 0.488491 0.098295 0.034101 0.087500
0 660 0.448849 0.100568 0.023018 0.082955
0 664 0.919437 0.134659 0.026428 0.073864
0 665 0.908355 0.147159 0.034953 0.085227
0 666 0.867860 0.145455 0.027280 0.084091
0 667 0.881500 0.224432 0.037511 0.098864
0 671 0.876812 0.125568 0.029838 0.092045
0 678 0.850810 0.242045 0.039216 0.100000
0 679 0.874680 0.231818 0.035806 0.095455
0 680 0.494885 0.446591 0.046888 0.125000
0 681 0.778346 0.536932 0.049446 0.135227
0 682 0.271526 0.226136 0.036658 0.097727
0 683 0.480818 0.213636 0.034101 0.084091
0 684 0.444587 0.282386 0.033248 0.110227
0 685 0.520034 0.569886 0.044331 0.117045
0 686 0.494032 0.212500 0.033248 0.093182
0 687 0.453112 0.247727 0.038363 0.093182
0 688 0.439045 0.087500 0.028986 0.079545
0 697 0.326513 0.061364 0.028986 0.070455
0 701 0.291560 0.295455 0.028986 0.093182
0 702 0.310315 0.061932 0.027280 0.067045
