0 107 0.516624 0.968182 0.051151 0.063636
0 114 0.874680 0.782386 0.052856 0.155682
0 115 0.850810 0.731818 0.046036 0.152273
0 116 0.809037 0.733523 0.047741 0.135227
0 122 0.462063 0.979545 0.039216 0.043182
0 123 0.385337 0.978409 0.034101 0.043182
0 131 0.034953 0.940909 0.051151 0.118182
0 132 0.369565 0.943750 0.053708 0.107955
0 133 0.413470 0.952841 0.037511 0.094318
0 134 0.465473 0.938636 0.064791 0.122727
0 135 0.025575 0.910795 0.042626 0.144318
0 138 0.313299 0.788068 0.036658 0.126136
0 140 0.363598 0.837500 0.041773 0.138636
0 141 0.312873 0.848295 0.046036 0.142045
0 142 0.726769 0.943750 0.055413 0.110227
0 143 0.857204 0.958523 0.046888 0.085227
0 144 0.808610 0.937500 0.052003 0.125000
0 152 0.557971 0.844318 0.041773 0.138636
0 153 0.426257 0.826136 0.037511 0.161364
0 154 0.601876 0.780114 0.047741 0.148864
0 155 0.643223 0.786932 0.050298 0.155682
0 156 0.661978 0.767614 0.048593 0.142045
0 157 0.559676 0.758523 0.048593 0.148864
0 158 0.342285 0.593182 0.041773 0.136364
0 160 0.428815 0.627273 0.042626 0.125000
0 161 0.135550 0.731250 0.042626 0.137500
0 162 0.112532 0.714205 0.037511 0.146591
0 175 0.025575 0.717045 0.049446 0.152273
0 177 0.010656 0.463068 0.019608 0.123864
0 178 0.366581 0.557955 0.039216 0.120455
0 180 0.430946 0.551136 0.038363 0.131818
0 189 0.271952 0.455682 0.042626 0.125000
0 190 0.301364 0.448295 0.041773 0.123864
0 191 0.197357 0.388636 0.033248 0.127273
0 193 0.179881 0.355114 0.032396 0.114773
0 194 0.210997 0.433523 0.033248 0.080682
0 195 0.142796 0.441477 0.041773 0.128409
0 196 0.477835 0.538068 0.038363 0.119318
0 197 0.508951 0.530682 0.039216 0.125000
0 198 0.404945 0.435795 0.037511 0.121591
0 199 0.369991 0.428977 0.037511 0.128409
0 200 0.219949 0.271591 0.037511 0.102273
0 201 0.249361 0.273295 0.038363 0.114773
0 202 0.268116 0.271591 0.028133 0.100000
0 203 0.384484 0.382955 0.042626 0.115909
0 204 0.513640 0.431818 0.046888 0.120455
0 205 0.549446 0.439205 0.036658 0.117045
0 206 0.485934 0.390909 0.032396 0.111364
0 209 0.175192 0.236364 0.036658 0.109091
0 210 0.097613 0.152273 0.029838 0.102273
0 212 0.485934 0.323295 0.032396 0.105682
0 213 0.411338 0.252273 0.031543 0.093182
0 214 0.444587 0.255682 0.033248 0.088636
0 215 0.343990 0.265909 0.031543 0.097727
0 216 0.333760 0.255682 0.028133 0.102273
0 217 0.299659 0.270455 0.036658 0.090909
0 218 0.270247 0.223864 0.027280 0.088636
0 219 0.057971 0.133523 0.030691 0.094318
0 220 0.118926 0.150000 0.031543 0.100000
0 221 0.455243 0.215341 0.028986 0.096591
0 222 0.475703 0.224432 0.028986 0.101136
0 223 0.401108 0.238636 0.033248 0.106818
0 224 0.453112 0.176136 0.031543 0.100000
0 225 0.338875 0.156818 0.033248 0.097727
0 226 0.371270 0.171591 0.033248 0.097727
0 227 0.791986 0.404545 0.032396 0.111364
0 228 0.844842 0.346023 0.035806 0.107955
0 229 0.862745 0.207955 0.040921 0.106818
0 230 0.507673 0.338068 0.031543 0.105682
0 231 0.425831 0.134091 0.028133 0.093182
0 232 0.397272 0.130682 0.027280 0.088636
0 236 0.847400 0.452273 0.037511 0.111364
0 237 0.809463 0.338636 0.038363 0.111364
0 238 0.821398 0.349432 0.034953 0.105682
0 239 0.837170 0.287500 0.034101 0.104545
0 241 0.146633 0.956250 0.042626 0.087500
0 242 0.187553 0.957386 0.037511 0.085227
0 244 0.573743 0.538068 0.039216 0.123864
0 245 0.508525 0.168182 0.033248 0.088636
0 246 0.531117 0.169318 0.028986 0.097727
0 247 0.511083 0.265909 0.033248 0.088636
0 248 0.398124 0.771023 0.042626 0.123864
0 249 0.151748 0.347727 0.042626 0.120455
0 325 0.436914 0.941477 0.036658 0.101136
0 373 0.390452 0.553409 0.042626 0.134091
0 492 0.705030 0.732955 0.054561 0.140909
0 493 0.631714 0.763636 0.037511 0.102273
0 494 0.904518 0.871591 0.042626 0.143182
0 497 0.858909 0.887500 0.055413 0.143182
0 503 0.397698 0.823295 0.041773 0.151136
0 532 0.615516 0.886932 0.046036 0.146591
0 533 0.572890 0.896591 0.051151 0.165909
0 534 0.462916 0.843750 0.051151 0.137500
0 535 0.495737 0.903977 0.050298 0.148864
0 542 0.765985 0.740341 0.048593 0.142045
0 543 0.799659 0.645455 0.040921 0.140909
0 544 0.395141 0.628409 0.041773 0.134091
0 546 0.677323 0.763068 0.029838 0.082955
0 550 0.828645 0.818182 0.047741 0.143182
0 551 0.804348 0.869318 0.055413 0.147727
0 552 0.797101 0.964205 0.042626 0.071591
0 563 0.516624 0.831818 0.054561 0.156818
0 564 0.529412 0.896591 0.040921 0.134091
0 591 0.771100 0.559659 0.038363 0.128409
0 592 0.763853 0.593750 0.042626 0.132955
0 593 0.726769 0.459659 0.041773 0.123864
0 594 0.813725 0.411932 0.036658 0.123864
0 595 0.284740 0.407386 0.039216 0.114773
0 597 0.341006 0.330682 0.032396 0.115909
0 598 0.236147 0.340909 0.040921 0.115909
0 599 0.417306 0.294318 0.033248 0.106818
0 600 0.436914 0.308523 0.026428 0.098864
0 601 0.279625 0.340909 0.042626 0.120455
0 602 0.537084 0.292045 0.034101 0.106818
0 603 0.239983 0.220455 0.028133 0.097727
0 604 0.311594 0.247159 0.028133 0.101136
0 605 0.705030 0.361364 0.039216 0.120455
0 606 0.764280 0.319886 0.045183 0.117045
0 607 0.806479 0.222727 0.035806 0.104545
0 608 0.836317 0.227273 0.032396 0.113636
0 610 0.855072 0.108523 0.035806 0.096591
0 611 0.090793 0.047727 0.026428 0.086364
0 616 0.280477 0.136364 0.028986 0.084091
0 617 0.251492 0.132955 0.023870 0.097727
0 618 0.226769 0.146591 0.027280 0.088636
0 619 0.212702 0.138068 0.038363 0.096591
0 620 0.536232 0.255114 0.034101 0.105682
0 621 0.271100 0.106818 0.028986 0.084091
0 622 0.405797 0.044318 0.023870 0.086364
0 623 0.378517 0.098295 0.032396 0.089773
0 624 0.280477 0.030682 0.023870 0.059091
0 625 0.465473 0.129545 0.023870 0.088636
0 626 0.488917 0.102841 0.028133 0.080682
0 627 0.301790 0.031250 0.028986 0.060227
0 628 0.436914 0.041477 0.024723 0.076136
0 629 0.289429 0.100000 0.024723 0.086364
0 630 0.281756 0.067614 0.024723 0.080682
0 631 0.320119 0.086364 0.028133 0.086364
0 632 0.518329 0.060227 0.028986 0.081818
0 633 0.343564 0.078409 0.025575 0.090909
0 634 0.400256 0.107386 0.028133 0.087500
0 635 0.365303 0.080682 0.028133 0.086364
0 637 0.433930 0.122159 0.032396 0.096591
0 638 0.268968 0.011932 0.023018 0.021591
0 639 0.310315 0.059659 0.025575 0.092045
0 640 0.469736 0.089773 0.028986 0.093182
0 643 0.330776 0.042614 0.028986 0.067045
0 644 0.346974 0.040341 0.023870 0.057955
0 645 0.354220 0.018750 0.028133 0.023864
0 646 0.372123 0.013068 0.031543 0.023864
0 647 0.450980 0.075000 0.023870 0.084091
0 648 0.514919 0.114205 0.030691 0.089773
0 649 0.458227 0.038636 0.021313 0.075000
0 651 0.487212 0.047159 0.031543 0.076136
0 652 0.351662 0.060227 0.028133 0.072727
0 658 0.485934 0.042045 0.025575 0.063636
0 663 0.555413 0.020455 0.026428 0.038636
0 666 0.929668 0.039205 0.024723 0.067045
0 667 0.852089 0.068750 0.028133 0.089773
0 668 0.901535 0.019886 0.028133 0.037500
0 669 0.878943 0.020455 0.025575 0.038636
0 671 0.941603 0.013636 0.024723 0.025000
0 680 0.495311 0.280682 0.046036 0.118182
0 681 0.731884 0.353977 0.045183 0.119318
0 682 0.295823 0.077273 0.039216 0.084091
0 683 0.460358 0.065909 0.035806 0.084091
0 684 0.451833 0.131250 0.037511 0.094318
0 685 0.513640 0.392045 0.041773 0.102273
0 686 0.471014 0.071591 0.033248 0.079545
0 687 0.437766 0.093182 0.033248 0.088636
0 701 0.257033 0.112500 0.028133 0.079545
