0 114 0.919864 0.949432 0.044331 0.103409
0 115 0.875107 0.919886 0.046888 0.146591
0 116 0.835891 0.926136 0.048593 0.131818
0 138 0.333333 0.941477 0.037511 0.112500
0 140 0.375107 0.927841 0.046036 0.103409
0 141 0.309037 0.964205 0.043478 0.069318
0 153 0.412617 0.967045 0.039216 0.065909
0 154 0.651748 0.924432 0.048593 0.130682
0 155 0.702899 0.928977 0.053708 0.144318
0 156 0.717391 0.900568 0.050298 0.128409
0 157 0.603154 0.923295 0.050298 0.142045
0 158 0.336317 0.730114 0.043478 0.137500
0 160 0.414749 0.787500 0.043478 0.125000
0 161 0.112532 0.886932 0.046036 0.139773
0 162 0.082268 0.872159 0.040068 0.146591
0 175 0.020460 0.885795 0.039216 0.146591
0 178 0.351662 0.701705 0.036658 0.123864
0 180 0.430946 0.689773 0.041773 0.129545
0 189 0.264706 0.605114 0.048593 0.126136
0 190 0.301364 0.593182 0.041773 0.120455
0 191 0.194800 0.513636 0.036658 0.125000
0 193 0.159420 0.488068 0.042626 0.123864
0 194 0.160273 0.615341 0.032396 0.082955
0 195 0.110827 0.600000 0.042626 0.129545
0 196 0.475277 0.707386 0.038363 0.123864
0 197 0.505968 0.688636 0.041773 0.129545
0 198 0.412617 0.573864 0.037511 0.115909
0 199 0.387894 0.567045 0.042626 0.131818
0 200 0.208866 0.405682 0.037511 0.106818
0 201 0.236147 0.397159 0.039216 0.112500
0 202 0.258312 0.389205 0.030691 0.105682
0 203 0.391731 0.522159 0.043478 0.123864
0 204 0.510656 0.572159 0.052856 0.130682
0 205 0.550298 0.583523 0.040068 0.121591
0 206 0.486360 0.525000 0.040068 0.115909
0 209 0.158568 0.375568 0.037511 0.110227
0 210 0.042626 0.275000 0.032396 0.104545
0 212 0.493180 0.455114 0.038363 0.114773
0 213 0.407928 0.381250 0.034953 0.103409
0 214 0.442029 0.369886 0.033248 0.094318
0 215 0.337170 0.394886 0.036658 0.098864
0 216 0.318841 0.378409 0.030691 0.102273
0 217 0.293691 0.390909 0.040068 0.097727
0 218 0.253623 0.357386 0.029838 0.092045
0 219 0.004263 0.246023 0.006820 0.096591
0 220 0.066070 0.278977 0.038363 0.101136
0 221 0.450980 0.344886 0.027280 0.096591
0 222 0.474425 0.346591 0.029838 0.104545
0 223 0.393009 0.379545 0.034101 0.104545
0 224 0.444587 0.310227 0.031543 0.100000
0 225 0.335465 0.285227 0.033248 0.093182
0 226 0.359335 0.300000 0.036658 0.097727
0 227 0.789855 0.554545 0.033248 0.115909
0 228 0.829923 0.481818 0.034953 0.106818
0 229 0.835891 0.327273 0.041773 0.113636
0 230 0.518755 0.476705 0.033248 0.105682
0 231 0.421995 0.257955 0.028986 0.093182
0 232 0.392157 0.259091 0.028986 0.093182
0 236 0.854646 0.493750 0.034953 0.107955
0 237 0.804348 0.466477 0.041773 0.112500
0 238 0.800512 0.480114 0.035806 0.114773
0 239 0.826513 0.414205 0.041773 0.112500
0 244 0.585251 0.625000 0.038363 0.122727
0 245 0.502984 0.297727 0.032396 0.093182
0 246 0.529838 0.300568 0.028133 0.096591
0 247 0.512788 0.398864 0.033248 0.088636
0 248 0.410912 0.911932 0.046036 0.123864
0 249 0.131287 0.484091 0.040921 0.125000
0 321 0.477835 0.976136 0.048593 0.047727
0 373 0.382779 0.688068 0.046036 0.132955
0 492 0.662830 0.880682 0.055413 0.140909
0 493 0.576726 0.914773 0.036658 0.100000
0 503 0.387468 0.964205 0.043478 0.071591
0 534 0.479540 0.977841 0.052003 0.046591
0 542 0.791560 0.930114 0.048593 0.142045
0 543 0.829497 0.823864 0.044331 0.140909
0 544 0.381500 0.773864 0.041773 0.143182
0 546 0.623188 0.922727 0.032396 0.084091
0 547 0.589940 0.978977 0.037511 0.044318
0 548 0.939471 0.880682 0.047741 0.138636
0 549 0.899403 0.825568 0.056266 0.132955
0 550 0.889599 0.967614 0.046888 0.064773
0 591 0.802217 0.725568 0.037511 0.135227
0 592 0.764280 0.753977 0.046888 0.135227
0 593 0.760870 0.608523 0.043478 0.128409
0 594 0.821824 0.560795 0.040921 0.126136
0 595 0.254902 0.547159 0.042626 0.114773
0 597 0.338448 0.465341 0.032396 0.117045
0 598 0.170077 0.474432 0.040068 0.107955
0 599 0.417306 0.433523 0.033248 0.110227
0 600 0.442455 0.438068 0.028986 0.110227
0 601 0.225490 0.468750 0.038363 0.119318
0 602 0.536658 0.416477 0.040068 0.107955
0 603 0.223359 0.358523 0.034101 0.103409
0 604 0.295823 0.376136 0.032396 0.106818
0 605 0.744246 0.498864 0.040921 0.122727
0 606 0.761296 0.452841 0.042626 0.117045
0 607 0.801364 0.360227 0.037511 0.113636
0 608 0.832907 0.359091 0.032396 0.111364
0 609 0.829497 0.296023 0.034101 0.101136
0 610 0.854220 0.226136 0.034101 0.102273
0 611 0.144501 0.124432 0.028133 0.089773
0 616 0.270673 0.272159 0.028133 0.082955
0 617 0.216965 0.269318 0.023018 0.102273
0 618 0.203325 0.286364 0.028133 0.093182
0 619 0.184569 0.275568 0.034953 0.103409
0 620 0.544757 0.392045 0.037511 0.111364
0 621 0.248082 0.230682 0.028986 0.084091
0 622 0.394714 0.161932 0.023870 0.087500
0 623 0.358056 0.231818 0.028986 0.102273
0 624 0.240409 0.145455 0.023870 0.079545
0 625 0.483376 0.258523 0.023870 0.085227
0 626 0.501705 0.225568 0.028133 0.087500
0 627 0.260017 0.139773 0.028986 0.084091
0 628 0.433930 0.161932 0.023870 0.085227
0 629 0.271100 0.221591 0.025575 0.079545
0 630 0.268116 0.178977 0.029838 0.085227
0 631 0.306053 0.206250 0.028986 0.089773
0 632 0.523444 0.182386 0.027280 0.094318
0 633 0.318414 0.183523 0.034953 0.094318
0 634 0.384484 0.232955 0.032396 0.086364
0 635 0.339727 0.196591 0.028133 0.090909
0 636 0.507673 0.073295 0.026428 0.078409
0 637 0.450980 0.237500 0.032396 0.100000
0 638 0.282609 0.085227 0.024723 0.077273
0 639 0.279199 0.165909 0.028133 0.084091
0 640 0.479540 0.209659 0.033248 0.101136
0 642 0.295396 0.091477 0.026428 0.080682
0 643 0.300512 0.137500 0.028133 0.077273
0 644 0.317136 0.139205 0.023870 0.076136
0 645 0.311594 0.095455 0.028133 0.072727
0 646 0.334612 0.098295 0.033248 0.082955
0 647 0.456948 0.181818 0.028986 0.090909
0 648 0.538363 0.236364 0.034953 0.095455
0 649 0.457801 0.142614 0.030691 0.087500
0 650 0.382779 0.068182 0.025575 0.075000
0 651 0.500426 0.152273 0.030691 0.081818
0 652 0.341006 0.174432 0.028986 0.073864
0 653 0.395993 0.108523 0.028133 0.078409
0 654 0.401535 0.065341 0.025575 0.076136
0 656 0.424979 0.075000 0.024723 0.081818
0 657 0.463342 0.090909 0.029838 0.086364
0 658 0.491049 0.131250 0.028986 0.085227
0 659 0.485507 0.075000 0.028133 0.077273
0 660 0.448423 0.071023 0.022165 0.080682
0 664 0.933930 0.113068 0.024723 0.078409
0 665 0.930094 0.125000 0.025575 0.077273
0 666 0.880222 0.119318 0.026428 0.081818
0 667 0.874254 0.203409 0.036658 0.102273
0 668 0.849105 0.109091 0.032396 0.084091
0 671 0.891304 0.106250 0.024723 0.080682
0 678 0.836743 0.214773 0.041773 0.106818
0 679 0.855072 0.205682 0.035806 0.093182
0 680 0.494032 0.415909 0.045183 0.120455
0 681 0.763001 0.506818 0.046036 0.127273
0 682 0.279199 0.201705 0.036658 0.094318
0 683 0.473998 0.196023 0.035806 0.082955
0 684 0.448423 0.257386 0.037511 0.101136
0 685 0.515772 0.539205 0.040921 0.103409
0 686 0.490196 0.192614 0.034101 0.087500
0 687 0.450554 0.225000 0.036658 0.093182
0 688 0.441603 0.071591 0.028986 0.079545
0 697 0.321398 0.046591 0.027280 0.070455
0 701 0.289855 0.268182 0.028986 0.084091
0 702 0.307758 0.043750 0.027280 0.057955
