0 107 0.506394 0.940341 0.056266 0.119318
0 114 0.866155 0.738636 0.047741 0.152273
0 115 0.844842 0.682955 0.046036 0.150000
0 116 0.808184 0.677841 0.049446 0.135227
0 122 0.453538 0.953977 0.054561 0.094318
0 123 0.373828 0.952273 0.045183 0.095455
0 124 0.329497 0.980682 0.050298 0.040909
0 130 0.005115 0.900568 0.008525 0.151136
0 131 0.060955 0.914773 0.048593 0.156818
0 132 0.361466 0.910227 0.051151 0.163636
0 133 0.407502 0.918182 0.037511 0.120455
0 134 0.467178 0.906818 0.064791 0.159091
0 135 0.034527 0.864205 0.041773 0.146591
0 138 0.306479 0.751705 0.038363 0.123864
0 140 0.361040 0.803409 0.041773 0.138636
0 141 0.313725 0.804545 0.046036 0.140909
0 142 0.704177 0.918750 0.054561 0.148864
0 143 0.826513 0.931250 0.046888 0.139773
0 144 0.783887 0.896591 0.050298 0.156818
0 152 0.538789 0.790341 0.042626 0.135227
0 153 0.433504 0.764773 0.036658 0.154545
0 154 0.587809 0.729545 0.048593 0.145455
0 155 0.621057 0.736932 0.045183 0.155682
0 156 0.637255 0.723295 0.046888 0.142045
0 157 0.557118 0.711932 0.048593 0.148864
0 158 0.346974 0.545455 0.040921 0.131818
0 160 0.436061 0.585227 0.038363 0.122727
0 161 0.150043 0.686932 0.042626 0.137500
0 162 0.126598 0.671591 0.038363 0.147727
0 175 0.029412 0.663636 0.052003 0.152273
0 177 0.018329 0.418182 0.034953 0.120455
0 178 0.378090 0.519318 0.036658 0.120455
0 180 0.437766 0.517045 0.038363 0.134091
0 189 0.271952 0.420455 0.042626 0.125000
0 190 0.301790 0.408523 0.042626 0.123864
0 191 0.203325 0.353409 0.033248 0.127273
0 193 0.191390 0.318750 0.033248 0.114773
0 194 0.232737 0.388636 0.030691 0.079545
0 195 0.166240 0.401136 0.039216 0.127273
0 196 0.475703 0.488636 0.037511 0.115909
0 197 0.506820 0.488636 0.038363 0.122727
0 198 0.401108 0.393182 0.036658 0.115909
0 199 0.367434 0.389205 0.037511 0.128409
0 200 0.227621 0.239205 0.037511 0.101136
0 201 0.257460 0.244886 0.037511 0.112500
0 202 0.274510 0.236364 0.028986 0.097727
0 203 0.384484 0.346591 0.042626 0.109091
0 204 0.513640 0.392045 0.046888 0.120455
0 205 0.552003 0.401136 0.036658 0.118182
0 206 0.495737 0.352841 0.033248 0.112500
0 209 0.187980 0.200000 0.036658 0.106818
0 210 0.121483 0.125000 0.031543 0.100000
0 212 0.485081 0.290909 0.032396 0.106818
0 213 0.420290 0.218182 0.032396 0.093182
0 214 0.449275 0.217045 0.032396 0.088636
0 215 0.354646 0.236364 0.028986 0.097727
0 216 0.337596 0.225000 0.028986 0.102273
0 217 0.309889 0.237500 0.036658 0.088636
0 218 0.276641 0.199432 0.028133 0.094318
0 219 0.091219 0.107386 0.030691 0.094318
0 220 0.143649 0.123864 0.031543 0.097727
0 221 0.457374 0.184659 0.028133 0.096591
0 222 0.475703 0.189205 0.027280 0.096591
0 223 0.408355 0.202841 0.032396 0.101136
0 224 0.457801 0.147727 0.032396 0.100000
0 225 0.335038 0.130114 0.032396 0.096591
0 226 0.378517 0.138636 0.034101 0.093182
0 227 0.792839 0.367614 0.032396 0.110227
0 228 0.856351 0.318182 0.031543 0.106818
0 229 0.870844 0.176705 0.041773 0.107955
0 230 0.507673 0.311932 0.031543 0.105682
0 231 0.424552 0.103977 0.028986 0.094318
0 232 0.396419 0.105682 0.027280 0.088636
0 236 0.842285 0.457955 0.037511 0.111364
0 237 0.816709 0.310227 0.037511 0.111364
0 238 0.829923 0.314773 0.034953 0.104545
0 239 0.840580 0.252273 0.035806 0.104545
0 240 0.129582 0.969886 0.037511 0.060227
0 241 0.147485 0.952273 0.040921 0.097727
0 242 0.187553 0.948295 0.037511 0.101136
0 244 0.575021 0.527841 0.038363 0.123864
0 245 0.506820 0.138636 0.033248 0.088636
0 246 0.533248 0.137500 0.028133 0.097727
0 247 0.509378 0.231818 0.033248 0.088636
0 248 0.388747 0.746591 0.040921 0.134091
0 249 0.161125 0.313068 0.042626 0.110227
0 323 0.985934 0.964773 0.029838 0.065909
0 325 0.431373 0.902273 0.034101 0.120455
0 373 0.398977 0.514773 0.042626 0.127273
0 466 0.788150 0.960227 0.055413 0.081818
0 492 0.727195 0.687500 0.051151 0.140909
0 493 0.659420 0.718182 0.038363 0.102273
0 494 0.878943 0.813068 0.039216 0.142045
0 497 0.830776 0.818750 0.055413 0.142045
0 503 0.402813 0.775000 0.040068 0.147727
0 532 0.598892 0.832955 0.052003 0.152273
0 533 0.553282 0.843182 0.054561 0.165909
0 534 0.458653 0.787500 0.051151 0.138636
0 535 0.475277 0.844886 0.052003 0.151136
0 542 0.761722 0.681250 0.046888 0.142045
0 543 0.783035 0.597727 0.038363 0.140909
0 544 0.401961 0.582955 0.041773 0.134091
0 546 0.698210 0.718750 0.028986 0.082955
0 550 0.814578 0.763636 0.052003 0.143182
0 551 0.775362 0.811364 0.055413 0.147727
0 552 0.769821 0.934659 0.046036 0.128409
0 563 0.501279 0.780682 0.054561 0.156818
0 564 0.514493 0.836364 0.041773 0.138636
0 571 0.414322 0.966477 0.034101 0.067045
0 591 0.754902 0.509659 0.038363 0.123864
0 592 0.754476 0.541477 0.042626 0.132955
0 593 0.707161 0.410795 0.041773 0.117045
0 594 0.820546 0.369318 0.036658 0.120455
0 595 0.296675 0.372159 0.037511 0.114773
0 597 0.342711 0.297159 0.030691 0.112500
0 598 0.267263 0.302273 0.036658 0.115909
0 599 0.419011 0.259091 0.029838 0.106818
0 600 0.437766 0.269886 0.028133 0.096591
0 601 0.309889 0.307386 0.041773 0.123864
0 602 0.536658 0.259091 0.033248 0.106818
0 603 0.248934 0.192045 0.028986 0.097727
0 604 0.317988 0.215341 0.027280 0.094318
0 605 0.690537 0.319318 0.039216 0.120455
0 606 0.774510 0.290909 0.046888 0.118182
0 607 0.803922 0.190909 0.035806 0.104545
0 608 0.834186 0.191477 0.031543 0.114773
0 610 0.849957 0.075000 0.034101 0.090909
0 611 0.066496 0.043750 0.025575 0.085227
0 616 0.289855 0.106818 0.028986 0.084091
0 617 0.265132 0.105682 0.023870 0.097727
0 618 0.246377 0.111364 0.027280 0.088636
0 619 0.224211 0.103409 0.032396 0.093182
0 620 0.533248 0.226136 0.033248 0.102273
0 621 0.280904 0.077273 0.028133 0.084091
0 622 0.414322 0.032386 0.023870 0.062500
0 623 0.394288 0.067045 0.033248 0.088636
0 624 0.296675 0.017045 0.023870 0.031818
0 625 0.458653 0.102273 0.023870 0.088636
0 626 0.488917 0.073864 0.028133 0.079545
0 627 0.322251 0.017045 0.027280 0.031818
0 628 0.440324 0.026136 0.024723 0.050000
0 629 0.301790 0.073864 0.025575 0.086364
0 630 0.293265 0.042614 0.025575 0.080682
0 631 0.326087 0.053409 0.026428 0.084091
0 632 0.517050 0.031250 0.024723 0.060227
0 633 0.354646 0.055682 0.025575 0.090909
0 634 0.410060 0.078977 0.025575 0.087500
0 635 0.375107 0.048864 0.028986 0.086364
0 637 0.427110 0.092614 0.032396 0.096591
0 639 0.324808 0.042045 0.025575 0.081818
0 640 0.469736 0.069318 0.028986 0.093182
0 643 0.343564 0.029545 0.028986 0.056818
0 644 0.363598 0.022727 0.024723 0.043182
0 647 0.443308 0.039205 0.023870 0.076136
0 648 0.507246 0.089205 0.028986 0.089773
0 649 0.460358 0.026705 0.023870 0.051136
0 651 0.488065 0.036364 0.029838 0.061364
0 652 0.357204 0.034091 0.027280 0.065909
0 658 0.486786 0.022159 0.025575 0.042045
0 666 0.954817 0.024432 0.023870 0.046591
0 667 0.866581 0.032955 0.028133 0.063636
0 668 0.927962 0.011364 0.028133 0.020455
0 669 0.902813 0.015909 0.025575 0.029545
0 672 0.868713 0.021023 0.025575 0.039773
0 680 0.493606 0.242614 0.044331 0.107955
0 681 0.720375 0.317614 0.046036 0.114773
0 682 0.304348 0.052841 0.032396 0.082955
0 683 0.450554 0.040909 0.034953 0.079545
0 684 0.448423 0.106818 0.039216 0.090909
0 685 0.517050 0.355682 0.041773 0.102273
0 686 0.468457 0.039205 0.033248 0.076136
0 687 0.447144 0.063068 0.033248 0.085227
0 701 0.245524 0.072727 0.023870 0.079545
