0 107 0.513640 0.956250 0.055413 0.087500
0 114 0.872123 0.765909 0.051151 0.154545
0 115 0.848252 0.712500 0.046036 0.152273
0 116 0.809463 0.711932 0.048593 0.135227
0 122 0.459079 0.970455 0.045183 0.061364
0 123 0.381500 0.969318 0.038363 0.061364
0 131 0.046888 0.928977 0.051151 0.142045
0 132 0.366581 0.931818 0.052856 0.127273
0 133 0.411765 0.942045 0.037511 0.115909
0 134 0.467604 0.927273 0.065644 0.145455
0 135 0.028559 0.889205 0.041773 0.146591
0 138 0.311168 0.773295 0.037511 0.126136
0 140 0.362745 0.823864 0.041773 0.138636
0 141 0.311168 0.825568 0.046036 0.142045
0 142 0.718670 0.934659 0.054561 0.123864
0 143 0.846974 0.947159 0.046888 0.107955
0 144 0.797954 0.925000 0.047741 0.150000
0 152 0.552430 0.822727 0.042626 0.138636
0 153 0.427962 0.800000 0.037511 0.161364
0 154 0.596334 0.757386 0.048593 0.148864
0 155 0.634271 0.766477 0.047741 0.155682
0 156 0.652174 0.744886 0.047741 0.142045
0 157 0.557118 0.739205 0.048593 0.148864
0 158 0.344416 0.573864 0.040921 0.134091
0 160 0.431373 0.611364 0.040921 0.125000
0 161 0.139812 0.711932 0.042626 0.137500
0 162 0.117647 0.696023 0.037511 0.146591
0 175 0.027707 0.693182 0.052003 0.152273
0 177 0.013214 0.447159 0.024723 0.123864
0 178 0.371270 0.542045 0.038363 0.120455
0 180 0.431799 0.534091 0.038363 0.134091
0 189 0.271952 0.442045 0.042626 0.125000
0 190 0.301364 0.428977 0.041773 0.123864
0 191 0.198636 0.372727 0.032396 0.129545
0 193 0.183291 0.338068 0.032396 0.114773
0 194 0.220801 0.409659 0.032396 0.080682
0 195 0.148764 0.419886 0.041773 0.128409
0 196 0.476982 0.519318 0.038363 0.118182
0 197 0.509804 0.509091 0.039216 0.125000
0 198 0.403240 0.419886 0.037511 0.119318
0 199 0.367434 0.407386 0.037511 0.128409
0 200 0.222506 0.259091 0.037511 0.102273
0 201 0.252771 0.260795 0.038363 0.114773
0 202 0.270673 0.259091 0.028133 0.100000
0 203 0.384484 0.364205 0.042626 0.112500
0 204 0.513640 0.417045 0.046888 0.120455
0 205 0.549446 0.419318 0.036658 0.115909
0 206 0.489344 0.376136 0.032396 0.111364
0 209 0.180307 0.223295 0.036658 0.107955
0 210 0.106138 0.138068 0.031543 0.101136
0 212 0.485081 0.309659 0.032396 0.105682
0 213 0.414322 0.239773 0.032396 0.093182
0 214 0.446292 0.240909 0.033248 0.088636
0 215 0.346547 0.251136 0.029838 0.097727
0 216 0.334612 0.240909 0.028133 0.102273
0 217 0.301364 0.252841 0.036658 0.089773
0 218 0.271952 0.214773 0.027280 0.090909
0 219 0.069906 0.121023 0.030691 0.094318
0 220 0.127025 0.138636 0.032396 0.100000
0 221 0.456095 0.199432 0.028986 0.096591
0 222 0.475277 0.210795 0.028133 0.098864
0 223 0.401108 0.221591 0.033248 0.106818
0 224 0.456522 0.163636 0.031543 0.100000
0 225 0.335465 0.143182 0.033248 0.097727
0 226 0.375107 0.159091 0.028986 0.095455
0 227 0.792839 0.386932 0.032396 0.110227
0 228 0.848679 0.335795 0.033248 0.107955
0 229 0.866155 0.193750 0.040921 0.107955
0 230 0.507673 0.328977 0.031543 0.105682
0 231 0.425405 0.121591 0.028986 0.093182
0 232 0.397272 0.119318 0.027280 0.088636
0 236 0.844842 0.448864 0.037511 0.111364
0 237 0.811594 0.325000 0.037511 0.111364
0 238 0.825661 0.332955 0.034953 0.104545
0 239 0.838875 0.265909 0.034101 0.104545
0 240 0.128303 0.975000 0.038363 0.050000
0 241 0.147059 0.953409 0.041773 0.095455
0 242 0.187553 0.952273 0.037511 0.093182
0 244 0.574169 0.534659 0.038363 0.123864
0 245 0.507673 0.155682 0.033248 0.088636
0 246 0.532396 0.155682 0.028133 0.097727
0 247 0.509378 0.250000 0.033248 0.088636
0 248 0.395567 0.757386 0.042626 0.126136
0 249 0.156010 0.331818 0.042626 0.113636
0 325 0.431799 0.927273 0.033248 0.120455
0 373 0.393009 0.538068 0.042626 0.132955
0 492 0.712702 0.717045 0.052856 0.140909
0 493 0.641091 0.747727 0.037511 0.102273
0 494 0.894288 0.847727 0.042626 0.143182
0 497 0.847826 0.859091 0.055413 0.143182
0 503 0.399829 0.798864 0.040921 0.147727
0 532 0.608696 0.867614 0.047741 0.144318
0 533 0.566070 0.877273 0.052856 0.165909
0 534 0.461211 0.823295 0.051151 0.137500
0 535 0.488491 0.883523 0.051151 0.153409
0 542 0.764706 0.719886 0.047741 0.142045
0 543 0.792839 0.625000 0.039216 0.140909
0 544 0.396846 0.612500 0.041773 0.134091
0 546 0.685848 0.742614 0.029838 0.082955
0 550 0.820119 0.790909 0.046036 0.143182
0 551 0.793265 0.847727 0.055413 0.147727
0 552 0.786871 0.952273 0.042626 0.095455
0 563 0.511509 0.813636 0.054561 0.156818
0 564 0.524297 0.874432 0.040921 0.135227
0 571 0.421995 0.976136 0.023870 0.043182
0 591 0.765985 0.540341 0.038363 0.128409
0 592 0.762148 0.571023 0.042626 0.132955
0 593 0.718670 0.436932 0.040921 0.121591
0 594 0.813725 0.390909 0.036658 0.120455
0 595 0.289003 0.389205 0.037511 0.114773
0 597 0.341858 0.311364 0.032396 0.115909
0 598 0.247229 0.325000 0.039216 0.115909
0 599 0.417732 0.281818 0.032396 0.106818
0 600 0.436914 0.292045 0.026428 0.097727
0 601 0.290708 0.323864 0.042626 0.120455
0 602 0.536658 0.273864 0.033248 0.106818
0 603 0.243393 0.201136 0.028133 0.097727
0 604 0.313299 0.235795 0.028133 0.098864
0 605 0.699062 0.342045 0.039216 0.120455
0 606 0.768116 0.305682 0.047741 0.118182
0 607 0.805627 0.211364 0.035806 0.104545
0 608 0.836317 0.211932 0.032396 0.114773
0 610 0.854220 0.095455 0.035806 0.093182
0 611 0.081841 0.043750 0.025575 0.085227
0 616 0.284314 0.120455 0.028133 0.084091
0 617 0.257460 0.120455 0.023870 0.097727
0 618 0.233589 0.131818 0.027280 0.088636
0 619 0.216539 0.121591 0.037511 0.095455
0 620 0.535806 0.245455 0.033248 0.106818
0 621 0.275362 0.092045 0.028986 0.084091
0 622 0.408781 0.038636 0.024723 0.075000
0 623 0.384484 0.085227 0.030691 0.088636
0 624 0.284740 0.024432 0.023870 0.046591
0 625 0.462916 0.118182 0.023870 0.088636
0 626 0.488917 0.088636 0.028133 0.079545
0 627 0.310315 0.025000 0.030691 0.047727
0 628 0.438193 0.032955 0.023870 0.063636
0 629 0.295396 0.086364 0.024723 0.086364
0 630 0.285166 0.057386 0.024723 0.080682
0 631 0.323529 0.073295 0.028133 0.085227
0 632 0.518329 0.048295 0.027280 0.073864
0 633 0.347826 0.069318 0.025575 0.090909
0 634 0.403666 0.094886 0.026428 0.087500
0 635 0.368286 0.065909 0.028986 0.086364
0 637 0.430520 0.108523 0.032396 0.096591
0 639 0.316283 0.048295 0.025575 0.087500
0 640 0.469736 0.081818 0.028986 0.093182
0 643 0.335891 0.032955 0.028986 0.063636
0 644 0.352515 0.027841 0.024723 0.053409
0 645 0.361040 0.009091 0.028133 0.011364
0 646 0.377238 0.006818 0.031543 0.011364
0 647 0.448423 0.059091 0.023870 0.081818
0 648 0.511083 0.103977 0.029838 0.089773
0 649 0.459079 0.034659 0.023018 0.067045
0 651 0.487212 0.043750 0.031543 0.071591
0 652 0.354220 0.044886 0.028133 0.071591
0 658 0.485934 0.031250 0.025575 0.053409
0 663 0.554135 0.013636 0.025575 0.025000
0 666 0.938193 0.032955 0.024723 0.059091
0 667 0.856351 0.050568 0.028133 0.076136
0 668 0.910912 0.017045 0.028133 0.031818
0 669 0.887468 0.018750 0.025575 0.035227
0 671 0.951833 0.009659 0.024723 0.017045
0 680 0.495311 0.263068 0.046036 0.117045
0 681 0.726343 0.340341 0.046036 0.114773
0 682 0.298806 0.065909 0.038363 0.084091
0 683 0.456948 0.053977 0.035806 0.082955
0 684 0.450980 0.118750 0.039216 0.092045
0 685 0.515345 0.373864 0.041773 0.102273
0 686 0.468457 0.056818 0.033248 0.079545
0 687 0.442029 0.079545 0.033248 0.088636
0 701 0.251492 0.093182 0.023870 0.079545
