0 107 0.503836 0.935227 0.056266 0.129545
0 114 0.864876 0.730114 0.046888 0.151136
0 115 0.844842 0.675568 0.046036 0.148864
0 116 0.806479 0.671023 0.049446 0.135227
0 122 0.451833 0.949432 0.056266 0.103409
0 123 0.372123 0.948864 0.046888 0.102273
0 124 0.329497 0.976136 0.050298 0.050000
0 130 0.007246 0.892614 0.012788 0.151136
0 131 0.065644 0.911364 0.047741 0.161364
0 132 0.361466 0.903977 0.051151 0.164773
0 133 0.406223 0.910795 0.038363 0.119318
0 134 0.466326 0.900000 0.064791 0.161364
0 135 0.036232 0.857955 0.041773 0.147727
0 138 0.305200 0.747159 0.037511 0.123864
0 140 0.361040 0.801136 0.041773 0.138636
0 141 0.314578 0.798295 0.046036 0.139773
0 142 0.699915 0.914205 0.054561 0.155682
0 143 0.819693 0.926705 0.046888 0.148864
0 144 0.778772 0.887500 0.050298 0.156818
0 152 0.534527 0.780682 0.042626 0.134091
0 153 0.435635 0.755114 0.037511 0.151136
0 154 0.585678 0.723864 0.049446 0.145455
0 155 0.619352 0.732386 0.045183 0.155682
0 156 0.632992 0.716477 0.046888 0.142045
0 157 0.557118 0.703977 0.048593 0.148864
0 158 0.348679 0.540909 0.040921 0.131818
0 160 0.437766 0.580114 0.038363 0.121591
0 161 0.153453 0.681250 0.042626 0.137500
0 162 0.129582 0.664205 0.037511 0.146591
0 174 0.002984 0.665341 0.004263 0.142045
0 175 0.029838 0.654545 0.051151 0.152273
0 177 0.020034 0.415341 0.038363 0.121591
0 178 0.379369 0.513068 0.035806 0.119318
0 180 0.440324 0.512500 0.038363 0.134091
0 189 0.271952 0.414773 0.042626 0.125000
0 190 0.301790 0.403977 0.042626 0.123864
0 191 0.204177 0.349432 0.033248 0.128409
0 193 0.193947 0.313636 0.033248 0.115909
0 194 0.236573 0.382386 0.029838 0.080682
0 195 0.171355 0.394886 0.039216 0.126136
0 196 0.475703 0.482955 0.037511 0.115909
0 197 0.505968 0.482955 0.038363 0.122727
0 198 0.401961 0.388636 0.036658 0.115909
0 199 0.368286 0.384659 0.037511 0.128409
0 200 0.229327 0.235795 0.037511 0.098864
0 201 0.258312 0.242045 0.037511 0.111364
0 202 0.276215 0.230682 0.028986 0.097727
0 203 0.384484 0.341477 0.042626 0.107955
0 204 0.513640 0.388636 0.046888 0.120455
0 205 0.552856 0.396023 0.036658 0.119318
0 206 0.497016 0.349432 0.032396 0.112500
0 209 0.190537 0.197727 0.036658 0.106818
0 210 0.126172 0.122159 0.030691 0.101136
0 212 0.485081 0.285227 0.032396 0.106818
0 213 0.421142 0.214773 0.032396 0.093182
0 214 0.450554 0.213636 0.033248 0.088636
0 215 0.357204 0.231818 0.028986 0.097727
0 216 0.338875 0.221591 0.028133 0.102273
0 217 0.312447 0.232955 0.036658 0.088636
0 218 0.277920 0.194318 0.027280 0.095455
0 219 0.096334 0.105114 0.028986 0.094318
0 220 0.148764 0.121023 0.031543 0.096591
0 221 0.457374 0.180114 0.028133 0.096591
0 222 0.476982 0.185795 0.028133 0.096591
0 223 0.410912 0.196591 0.032396 0.100000
0 224 0.458227 0.145455 0.031543 0.100000
0 225 0.335038 0.128409 0.032396 0.097727
0 226 0.378943 0.136364 0.036658 0.093182
0 227 0.793265 0.363068 0.033248 0.110227
0 228 0.859761 0.314773 0.031543 0.106818
0 229 0.871697 0.173295 0.041773 0.107955
0 230 0.506820 0.306818 0.031543 0.104545
0 231 0.423700 0.101705 0.028986 0.096591
0 232 0.395141 0.101136 0.028133 0.088636
0 236 0.842285 0.461364 0.037511 0.111364
0 237 0.818414 0.305682 0.037511 0.111364
0 238 0.831628 0.309091 0.034953 0.104545
0 239 0.840580 0.248864 0.035806 0.104545
0 240 0.129582 0.970455 0.037511 0.059091
0 241 0.147485 0.952841 0.040921 0.096591
0 242 0.187553 0.948864 0.037511 0.100000
0 244 0.575021 0.525568 0.038363 0.123864
0 245 0.506820 0.135227 0.033248 0.088636
0 246 0.533248 0.135227 0.028133 0.097727
0 247 0.508951 0.228409 0.032396 0.086364
0 248 0.386616 0.742045 0.040068 0.136364
0 249 0.161978 0.308523 0.042626 0.110227
0 323 0.980818 0.957955 0.040068 0.079545
0 325 0.431373 0.895455 0.034101 0.120455
0 373 0.400682 0.507386 0.042626 0.126136
0 466 0.787724 0.957955 0.059676 0.086364
0 478 0.557118 0.983523 0.040068 0.035227
0 492 0.731032 0.681818 0.050298 0.140909
0 493 0.664962 0.712500 0.037511 0.102273
0 494 0.874254 0.802841 0.038363 0.142045
0 497 0.826087 0.809659 0.054561 0.142045
0 503 0.404092 0.767614 0.039216 0.146591
0 532 0.596334 0.826136 0.052003 0.152273
0 533 0.549020 0.836364 0.054561 0.165909
0 534 0.457374 0.780682 0.050298 0.138636
0 535 0.472720 0.838068 0.052003 0.151136
0 542 0.760443 0.671023 0.046036 0.142045
0 543 0.780477 0.590341 0.038363 0.142045
0 544 0.403666 0.575000 0.041773 0.134091
0 546 0.701620 0.713068 0.028986 0.082955
0 550 0.812873 0.755682 0.053708 0.143182
0 551 0.771526 0.802273 0.054561 0.147727
0 552 0.764706 0.928977 0.047741 0.137500
0 563 0.497869 0.770455 0.054561 0.156818
0 564 0.511083 0.828977 0.041773 0.137500
0 571 0.412191 0.963068 0.036658 0.073864
0 591 0.751492 0.502841 0.038363 0.121591
0 592 0.751066 0.535795 0.042626 0.132955
0 593 0.703751 0.403977 0.041773 0.117045
0 594 0.822251 0.363636 0.036658 0.120455
0 595 0.299233 0.366477 0.037511 0.114773
0 597 0.343137 0.293182 0.029838 0.111364
0 598 0.273231 0.300000 0.036658 0.115909
0 599 0.419864 0.252273 0.028133 0.106818
0 600 0.438619 0.266477 0.028133 0.096591
0 601 0.316283 0.305114 0.042626 0.123864
0 602 0.536658 0.254545 0.033248 0.106818
0 603 0.251066 0.188636 0.028133 0.097727
0 604 0.318841 0.211364 0.027280 0.093182
0 606 0.776641 0.288068 0.046036 0.117045
0 607 0.803922 0.187500 0.035806 0.104545
0 608 0.833760 0.188068 0.030691 0.114773
0 610 0.849957 0.072727 0.034101 0.090909
0 611 0.061381 0.043750 0.025575 0.085227
0 616 0.293265 0.100000 0.028986 0.084091
0 617 0.267263 0.103409 0.024723 0.097727
0 618 0.249787 0.107955 0.027280 0.088636
0 619 0.227195 0.100000 0.033248 0.093182
0 620 0.532396 0.221023 0.033248 0.101136
0 621 0.283887 0.073864 0.028986 0.084091
0 622 0.414322 0.030682 0.023870 0.059091
0 623 0.397698 0.063636 0.033248 0.088636
0 624 0.300085 0.014773 0.023870 0.027273
0 625 0.456948 0.100000 0.023870 0.088636
0 626 0.488917 0.070455 0.028133 0.079545
0 627 0.326087 0.017045 0.024723 0.031818
0 628 0.440324 0.025000 0.024723 0.047727
0 629 0.304774 0.069886 0.024723 0.085227
0 630 0.295823 0.040341 0.025575 0.078409
0 631 0.326939 0.047727 0.024723 0.084091
0 632 0.517050 0.030114 0.024723 0.057955
0 633 0.357204 0.053977 0.025575 0.089773
0 634 0.411765 0.076705 0.025575 0.087500
0 635 0.376812 0.047159 0.028986 0.085227
0 637 0.426684 0.089205 0.033248 0.096591
0 639 0.327366 0.040909 0.025575 0.079545
0 640 0.469736 0.065909 0.028986 0.093182
0 643 0.346121 0.028977 0.028986 0.055682
0 644 0.367008 0.021023 0.024723 0.039773
0 647 0.441176 0.038636 0.023018 0.075000
0 648 0.506820 0.085795 0.028133 0.089773
0 649 0.460784 0.024432 0.024723 0.046591
0 651 0.488065 0.034091 0.029838 0.059091
0 652 0.358056 0.033523 0.027280 0.064773
0 658 0.486786 0.021591 0.025575 0.040909
0 666 0.960358 0.023864 0.024723 0.045455
0 667 0.870844 0.034091 0.028133 0.065909
0 669 0.907928 0.015341 0.025575 0.028409
0 672 0.872975 0.020455 0.025575 0.038636
0 680 0.493606 0.236364 0.044331 0.104545
0 681 0.716965 0.313068 0.046036 0.114773
0 682 0.306479 0.049432 0.031543 0.082955
0 683 0.449702 0.039773 0.034953 0.077273
0 684 0.447997 0.103409 0.038363 0.090909
0 685 0.517477 0.352273 0.042626 0.102273
0 686 0.469736 0.038068 0.032396 0.073864
0 687 0.447997 0.060227 0.033248 0.084091
0 701 0.247229 0.068182 0.023870 0.079545
