0 107 0.486360 0.851136 0.055413 0.159091
0 114 0.863598 0.628409 0.044331 0.145455
0 115 0.843137 0.565909 0.046036 0.145455
0 116 0.804348 0.564773 0.041773 0.134091
0 119 0.430094 0.962500 0.046888 0.075000
0 120 0.392157 0.960227 0.037511 0.081818
0 121 0.364876 0.936932 0.051151 0.123864
0 122 0.427110 0.880114 0.054561 0.164773
0 123 0.369139 0.868750 0.046036 0.137500
0 124 0.320119 0.896591 0.055413 0.145455
0 130 0.066070 0.790909 0.046888 0.150000
0 131 0.127025 0.794318 0.051151 0.143182
0 132 0.367008 0.804545 0.050298 0.156818
0 133 0.411765 0.813636 0.037511 0.120455
0 134 0.459079 0.793750 0.053708 0.162500
0 135 0.109974 0.757955 0.040921 0.147727
0 136 0.025575 0.788068 0.049446 0.130682
0 137 0.035806 0.757386 0.042626 0.142045
0 138 0.315004 0.702273 0.036658 0.122727
0 139 0.105712 0.721591 0.046036 0.134091
0 140 0.376812 0.729545 0.040921 0.138636
0 141 0.337596 0.719318 0.042626 0.134091
0 142 0.640239 0.790341 0.056266 0.137500
0 143 0.749787 0.805682 0.046888 0.161364
0 144 0.694800 0.759091 0.046036 0.129545
0 152 0.500426 0.666477 0.042626 0.130682
0 153 0.435209 0.647727 0.033248 0.147727
0 154 0.563512 0.642045 0.049446 0.138636
0 155 0.589514 0.652841 0.045183 0.155682
0 156 0.572038 0.619886 0.046036 0.142045
0 157 0.526854 0.605114 0.049446 0.148864
0 158 0.392157 0.475000 0.042626 0.129545
0 160 0.465473 0.503977 0.037511 0.114773
0 161 0.225916 0.590909 0.042626 0.129545
0 162 0.199915 0.578409 0.036658 0.138636
0 170 0.003836 0.685227 0.005968 0.138636
0 171 0.017903 0.610227 0.034101 0.134091
0 172 0.007246 0.519318 0.012788 0.115909
0 173 0.034953 0.528409 0.037511 0.129545
0 174 0.047741 0.564205 0.034101 0.142045
0 175 0.082694 0.550000 0.040921 0.147727
0 176 0.063939 0.403977 0.039216 0.119318
0 177 0.106991 0.365909 0.041773 0.115909
0 178 0.423700 0.442614 0.032396 0.114773
0 180 0.484655 0.442045 0.036658 0.125000
0 187 0.023444 0.344318 0.045183 0.120455
0 188 0.056692 0.351705 0.036658 0.101136
0 189 0.300085 0.348295 0.039216 0.112500
0 190 0.327792 0.336932 0.041773 0.119318
0 191 0.254049 0.294318 0.034101 0.129545
0 193 0.240835 0.259091 0.033248 0.115909
0 194 0.268116 0.326136 0.028133 0.075000
0 195 0.260870 0.324432 0.037511 0.119318
0 196 0.479966 0.401705 0.037511 0.114773
0 197 0.508525 0.392614 0.036658 0.114773
0 198 0.423274 0.319318 0.036658 0.115909
0 199 0.389599 0.312500 0.037511 0.125000
0 200 0.261722 0.189773 0.037511 0.097727
0 201 0.291134 0.188636 0.038363 0.106818
0 202 0.310315 0.172727 0.028986 0.097727
0 203 0.421142 0.277273 0.037511 0.106818
0 204 0.525575 0.336364 0.046888 0.120455
0 205 0.559250 0.330682 0.037511 0.106818
0 206 0.522165 0.299432 0.036658 0.114773
0 208 0.017903 0.135795 0.034101 0.103409
0 209 0.241262 0.144318 0.037511 0.106818
0 210 0.212276 0.081818 0.027280 0.090909
0 211 0.020034 0.107386 0.034953 0.098864
0 212 0.499147 0.234659 0.038363 0.105682
0 213 0.459079 0.159091 0.033248 0.093182
0 214 0.477835 0.162500 0.029838 0.088636
0 215 0.389599 0.189205 0.028986 0.096591
0 216 0.367434 0.173864 0.028986 0.102273
0 217 0.346974 0.189773 0.037511 0.088636
0 218 0.315431 0.145455 0.027280 0.097727
0 219 0.190963 0.071591 0.028986 0.090909
0 220 0.235720 0.085227 0.031543 0.093182
0 221 0.489770 0.133523 0.026428 0.096591
0 222 0.508525 0.135227 0.026428 0.093182
0 223 0.456522 0.146023 0.031543 0.096591
0 224 0.479966 0.100568 0.027280 0.082955
0 225 0.368713 0.090341 0.033248 0.096591
0 226 0.395993 0.102273 0.031543 0.088636
0 227 0.834186 0.297727 0.029838 0.106818
0 228 0.903240 0.252841 0.031543 0.101136
0 229 0.877664 0.135795 0.040068 0.105682
0 230 0.521313 0.252273 0.031543 0.097727
0 231 0.427962 0.069886 0.027280 0.089773
0 232 0.399829 0.064773 0.028986 0.088636
0 236 0.883632 0.541477 0.041773 0.117045
0 237 0.855072 0.255682 0.039216 0.111364
0 238 0.884058 0.249432 0.034101 0.103409
0 239 0.870844 0.203409 0.034953 0.104545
0 240 0.144928 0.975568 0.037511 0.051136
0 241 0.157289 0.953409 0.041773 0.095455
0 242 0.198210 0.951705 0.038363 0.096591
0 244 0.592924 0.530114 0.038363 0.123864
0 245 0.525575 0.096591 0.033248 0.088636
0 246 0.555413 0.093182 0.033248 0.093182
0 247 0.523018 0.182955 0.033248 0.084091
0 248 0.382353 0.665341 0.046888 0.142045
0 249 0.203751 0.253409 0.037511 0.120455
0 323 0.922847 0.857955 0.060529 0.156818
0 325 0.435209 0.807955 0.033248 0.120455
0 326 0.763001 0.906250 0.051151 0.137500
0 373 0.452685 0.439773 0.040921 0.120455
0 462 0.970588 0.860227 0.053708 0.165909
0 466 0.828645 0.860795 0.051151 0.160227
0 469 0.813725 0.961932 0.048593 0.078409
0 472 0.745098 0.944318 0.046036 0.109091
0 473 0.577579 0.924432 0.045183 0.137500
0 478 0.540068 0.917045 0.050298 0.150000
0 492 0.791134 0.621591 0.047741 0.138636
0 493 0.743393 0.642045 0.035806 0.093182
0 494 0.848252 0.685795 0.037511 0.132955
0 497 0.790708 0.681250 0.045183 0.142045
0 503 0.412191 0.646591 0.036658 0.147727
0 532 0.537511 0.722727 0.045183 0.143182
0 533 0.513214 0.731818 0.042626 0.161364
0 534 0.428815 0.682955 0.046036 0.134091
0 535 0.447144 0.730114 0.050298 0.146591
0 542 0.770247 0.562500 0.045183 0.129545
0 543 0.757886 0.492045 0.039216 0.143182
0 544 0.427110 0.500000 0.042626 0.134091
0 546 0.765985 0.639773 0.028133 0.079545
0 550 0.825234 0.649432 0.049446 0.132955
0 551 0.755754 0.669318 0.046888 0.138636
0 552 0.699488 0.815909 0.048593 0.152273
0 553 0.821824 0.936364 0.056266 0.125000
0 563 0.471867 0.648864 0.053708 0.143182
0 564 0.488491 0.714773 0.040921 0.125000
0 567 0.489770 0.951136 0.053708 0.093182
0 571 0.403666 0.881818 0.036658 0.120455
0 591 0.714834 0.408523 0.033248 0.114773
0 592 0.705030 0.437500 0.042626 0.111364
0 594 0.857204 0.301705 0.041773 0.119318
0 595 0.343137 0.306818 0.036658 0.120455
0 597 0.367860 0.235227 0.028133 0.106818
0 598 0.378517 0.254545 0.037511 0.115909
0 599 0.440324 0.198295 0.028133 0.094318
0 600 0.464621 0.210795 0.028986 0.096591
0 601 0.428815 0.255114 0.039216 0.105682
0 602 0.570759 0.203409 0.033248 0.111364
0 603 0.289855 0.139773 0.028986 0.097727
0 604 0.342711 0.168182 0.028986 0.093182
0 606 0.816283 0.238068 0.041773 0.117045
0 610 0.930094 0.055682 0.035806 0.090909
0 611 0.011509 0.083523 0.021313 0.096591
0 612 0.018329 0.061364 0.031543 0.090909
0 616 0.282182 0.032955 0.023870 0.063636
0 617 0.298380 0.052841 0.023870 0.092045
0 618 0.300085 0.064773 0.027280 0.084091
0 619 0.271952 0.057955 0.028986 0.093182
0 620 0.553708 0.173864 0.033248 0.093182
0 621 0.332055 0.040341 0.024723 0.076136
0 622 0.448423 0.017045 0.023870 0.031818
0 623 0.449275 0.034091 0.028986 0.065909
0 625 0.463342 0.054545 0.023018 0.084091
0 626 0.508099 0.035227 0.028986 0.068182
0 628 0.456948 0.007955 0.023870 0.013636
0 629 0.346974 0.039773 0.022165 0.077273
0 630 0.353367 0.023864 0.024723 0.045455
0 631 0.372123 0.031250 0.024723 0.060227
0 633 0.404945 0.035795 0.027280 0.069318
0 634 0.454390 0.041477 0.025575 0.080682
0 635 0.422847 0.032386 0.027280 0.062500
0 637 0.437340 0.050000 0.032396 0.088636
0 639 0.383205 0.022727 0.024723 0.043182
0 640 0.485081 0.037500 0.025575 0.072727
0 643 0.393862 0.012500 0.028986 0.022727
0 644 0.417732 0.010227 0.023870 0.018182
0 647 0.447997 0.018750 0.021313 0.035227
0 648 0.516198 0.055682 0.029838 0.086364
0 651 0.520887 0.011932 0.028986 0.021591
0 667 0.940324 0.040341 0.028986 0.078409
0 670 0.904092 0.039205 0.031543 0.076136
0 673 0.906223 0.034659 0.035806 0.067045
0 675 0.842285 0.019318 0.028986 0.036364
0 680 0.514493 0.188636 0.038363 0.104545
0 682 0.341006 0.031818 0.032396 0.061364
0 683 0.465047 0.019886 0.029838 0.037500
0 684 0.454817 0.065909 0.034953 0.090909
0 685 0.545183 0.294318 0.033248 0.102273
0 686 0.495311 0.019886 0.028986 0.037500
0 687 0.476982 0.039773 0.033248 0.077273
0 701 0.315004 0.025000 0.019608 0.047727
