0 107 0.488917 0.879545 0.055413 0.161364
0 114 0.859761 0.652273 0.045183 0.145455
0 115 0.842285 0.594318 0.046036 0.145455
0 116 0.802217 0.592614 0.046036 0.135227
0 119 0.426684 0.976705 0.046888 0.046591
0 120 0.392583 0.975000 0.038363 0.052273
0 121 0.365303 0.950568 0.052003 0.094318
0 122 0.427110 0.903977 0.054561 0.164773
0 123 0.365303 0.894886 0.046888 0.142045
0 124 0.316283 0.924432 0.054561 0.137500
0 130 0.046462 0.819318 0.046888 0.152273
0 131 0.105286 0.823864 0.052003 0.143182
0 132 0.365303 0.831818 0.050298 0.156818
0 133 0.404945 0.838636 0.037511 0.120455
0 134 0.457801 0.822159 0.057971 0.164773
0 135 0.088662 0.782955 0.040921 0.147727
0 136 0.015772 0.817614 0.029838 0.135227
0 137 0.014919 0.793182 0.028133 0.143182
0 138 0.300512 0.719886 0.036658 0.121591
0 139 0.070332 0.757386 0.045183 0.137500
0 140 0.369139 0.756818 0.040921 0.138636
0 141 0.332055 0.742045 0.043478 0.138636
0 142 0.653026 0.818750 0.056266 0.137500
0 143 0.762575 0.834659 0.046888 0.160227
0 144 0.710145 0.790909 0.046036 0.136364
0 152 0.502984 0.694886 0.042626 0.130682
0 153 0.433504 0.677273 0.033248 0.147727
0 154 0.568627 0.661364 0.049446 0.138636
0 155 0.596334 0.675568 0.045183 0.155682
0 156 0.578858 0.644886 0.046036 0.142045
0 157 0.538789 0.632386 0.049446 0.148864
0 158 0.381074 0.492045 0.042626 0.129545
0 160 0.449275 0.525568 0.037511 0.114773
0 161 0.203751 0.614773 0.042626 0.129545
0 162 0.178602 0.601136 0.036658 0.138636
0 171 0.008099 0.635227 0.014493 0.134091
0 173 0.016198 0.551136 0.030691 0.129545
0 174 0.026428 0.591477 0.034101 0.142045
0 175 0.067349 0.577273 0.042626 0.152273
0 176 0.041773 0.414205 0.042626 0.119318
0 177 0.082268 0.378977 0.045183 0.114773
0 178 0.410060 0.459091 0.032396 0.115909
0 180 0.472720 0.460795 0.036658 0.126136
0 187 0.006394 0.369886 0.011083 0.121591
0 188 0.018755 0.390909 0.035806 0.102273
0 189 0.286871 0.365341 0.040068 0.121591
0 190 0.319693 0.354545 0.042626 0.120455
0 191 0.234868 0.309091 0.034953 0.129545
0 193 0.228900 0.276136 0.033248 0.115909
0 194 0.248082 0.344886 0.028986 0.078409
0 195 0.239983 0.344886 0.041773 0.119318
0 196 0.476130 0.422727 0.038363 0.115909
0 197 0.503836 0.416477 0.037511 0.117045
0 198 0.417306 0.337500 0.036658 0.115909
0 199 0.383632 0.331250 0.037511 0.128409
0 200 0.254476 0.204545 0.038363 0.097727
0 201 0.278346 0.202273 0.038363 0.106818
0 202 0.302643 0.186364 0.028986 0.097727
0 203 0.407502 0.291477 0.037511 0.105682
0 204 0.520460 0.348864 0.046888 0.120455
0 205 0.555413 0.351136 0.038363 0.113636
0 206 0.512361 0.313636 0.035806 0.115909
0 209 0.226343 0.163636 0.036658 0.106818
0 210 0.191816 0.093182 0.027280 0.090909
0 211 0.002984 0.121591 0.004263 0.100000
0 212 0.489770 0.248295 0.038363 0.105682
0 213 0.445013 0.176136 0.032396 0.093182
0 214 0.468031 0.177273 0.032396 0.088636
0 215 0.380222 0.202841 0.028986 0.096591
0 216 0.358909 0.188636 0.028986 0.102273
0 217 0.335038 0.203409 0.037511 0.088636
0 218 0.306053 0.159091 0.028986 0.097727
0 219 0.164535 0.088068 0.027280 0.089773
0 220 0.213981 0.095455 0.030691 0.093182
0 221 0.480392 0.146023 0.026428 0.096591
0 222 0.498295 0.151705 0.028133 0.096591
0 223 0.447570 0.161364 0.032396 0.097727
0 224 0.471867 0.113068 0.028133 0.089773
0 225 0.355072 0.101136 0.034953 0.088636
0 226 0.390026 0.109091 0.033248 0.093182
0 227 0.819693 0.312500 0.031543 0.109091
0 228 0.893009 0.268750 0.031543 0.101136
0 229 0.872975 0.150568 0.042626 0.107955
0 230 0.512788 0.263636 0.031543 0.097727
0 231 0.425405 0.077273 0.027280 0.097727
0 232 0.393862 0.076136 0.028986 0.088636
0 236 0.869565 0.525568 0.040921 0.114773
0 237 0.843137 0.269318 0.037511 0.111364
0 238 0.872975 0.265909 0.035806 0.104545
0 239 0.860614 0.218182 0.034953 0.104545
0 240 0.138107 0.976136 0.037511 0.050000
0 241 0.150895 0.955114 0.042626 0.092045
0 242 0.192242 0.953409 0.038363 0.095455
0 244 0.591219 0.531250 0.038363 0.123864
0 245 0.516624 0.111364 0.030691 0.088636
0 246 0.545183 0.106818 0.033248 0.093182
0 247 0.516198 0.195455 0.033248 0.084091
0 248 0.378090 0.688068 0.046888 0.142045
0 249 0.190963 0.270455 0.037511 0.120455
0 323 0.934783 0.893750 0.063939 0.157955
0 325 0.428389 0.836364 0.033248 0.120455
0 326 0.781756 0.936932 0.051151 0.123864
0 373 0.439045 0.455682 0.040921 0.120455
0 462 0.977835 0.893750 0.046036 0.167045
0 466 0.814152 0.892045 0.051151 0.156818
0 469 0.833760 0.980682 0.035806 0.040909
0 472 0.763427 0.964773 0.045183 0.070455
0 473 0.581415 0.942614 0.049446 0.107955
0 478 0.541347 0.936932 0.051151 0.128409
0 492 0.775789 0.639773 0.047741 0.140909
0 493 0.731458 0.669318 0.037511 0.097727
0 494 0.850384 0.714205 0.038363 0.135227
0 497 0.796675 0.711932 0.048593 0.142045
0 503 0.411338 0.676705 0.036658 0.146591
0 532 0.549020 0.746591 0.047741 0.143182
0 533 0.517050 0.755114 0.048593 0.162500
0 534 0.433078 0.706818 0.046036 0.134091
0 535 0.450128 0.760227 0.051151 0.152273
0 542 0.764706 0.588068 0.046036 0.135227
0 543 0.765558 0.521023 0.039216 0.142045
0 544 0.419437 0.520455 0.042626 0.134091
0 546 0.748508 0.658523 0.028986 0.082955
0 550 0.821824 0.676136 0.051151 0.136364
0 551 0.750213 0.697727 0.049446 0.138636
0 552 0.712702 0.844886 0.049446 0.151136
0 553 0.836743 0.954545 0.052003 0.088636
0 563 0.472720 0.688068 0.048593 0.146591
0 564 0.488491 0.743750 0.040921 0.132955
0 567 0.492754 0.966477 0.049446 0.067045
0 571 0.401108 0.909091 0.036658 0.120455
0 591 0.718244 0.436932 0.033248 0.114773
0 592 0.712702 0.465341 0.042626 0.117045
0 594 0.845695 0.321591 0.040921 0.120455
0 595 0.332055 0.321023 0.036658 0.119318
0 597 0.358909 0.252273 0.028986 0.106818
0 598 0.347826 0.269318 0.037511 0.115909
0 599 0.427536 0.213068 0.034953 0.094318
0 600 0.459079 0.225568 0.028133 0.096591
0 601 0.398551 0.269886 0.040068 0.105682
0 602 0.562234 0.221023 0.033248 0.110227
0 603 0.272805 0.151136 0.028986 0.097727
0 604 0.336317 0.181818 0.028133 0.093182
0 606 0.805200 0.249432 0.041773 0.117045
0 610 0.890878 0.062500 0.035806 0.090909
0 611 0.019608 0.077841 0.028986 0.096591
0 612 0.009804 0.072159 0.017903 0.092045
0 616 0.268968 0.046591 0.024723 0.084091
0 617 0.283887 0.066477 0.023870 0.094318
0 618 0.285592 0.079545 0.027280 0.084091
0 619 0.259591 0.072727 0.029838 0.095455
0 620 0.542626 0.186364 0.033248 0.093182
0 621 0.318414 0.052841 0.028133 0.080682
0 622 0.433078 0.021591 0.023870 0.040909
0 623 0.435635 0.039773 0.028986 0.077273
0 625 0.457801 0.065909 0.023870 0.086364
0 626 0.496164 0.043750 0.028986 0.078409
0 628 0.448849 0.013068 0.024723 0.023864
0 629 0.332481 0.049432 0.022165 0.082955
0 630 0.337170 0.029545 0.024723 0.056818
0 631 0.356777 0.036932 0.024723 0.071591
0 632 0.537084 0.015909 0.025575 0.029545
0 633 0.389599 0.038636 0.027280 0.075000
0 634 0.439898 0.049432 0.025575 0.085227
0 635 0.410486 0.039205 0.028133 0.076136
0 637 0.429241 0.059659 0.033248 0.094318
0 639 0.367008 0.030682 0.024723 0.059091
0 640 0.477408 0.042614 0.025575 0.082955
0 643 0.381927 0.016477 0.028986 0.030682
0 644 0.403240 0.013068 0.023870 0.023864
0 647 0.438619 0.023864 0.021313 0.045455
0 648 0.513214 0.063636 0.028986 0.090909
0 649 0.472720 0.010795 0.023018 0.019318
0 651 0.509378 0.015909 0.028133 0.029545
0 652 0.385763 0.025568 0.028133 0.048864
0 667 0.923700 0.040909 0.028133 0.079545
0 669 0.958653 0.010795 0.024723 0.019318
0 670 0.867860 0.039773 0.030691 0.077273
0 672 0.954817 0.015909 0.025575 0.029545
0 673 0.879369 0.037500 0.038363 0.072727
0 680 0.506820 0.201705 0.038363 0.103409
0 681 0.699915 0.265341 0.046036 0.114773
0 682 0.329923 0.035795 0.032396 0.069318
0 683 0.454817 0.030682 0.034953 0.059091
0 684 0.448423 0.080682 0.035806 0.090909
0 685 0.534101 0.313068 0.033248 0.105682
0 686 0.479113 0.027841 0.028986 0.053409
0 687 0.465899 0.047727 0.033248 0.084091
0 701 0.297101 0.031250 0.019608 0.060227
