0 107 0.488917 0.870455 0.055413 0.161364
0 114 0.861466 0.644318 0.045183 0.145455
0 115 0.842711 0.585227 0.045183 0.145455
0 116 0.803069 0.582955 0.044331 0.134091
0 119 0.428389 0.972159 0.046888 0.055682
0 120 0.392157 0.969886 0.037511 0.062500
0 121 0.364876 0.946591 0.051151 0.104545
0 122 0.427110 0.896023 0.054561 0.164773
0 123 0.366581 0.886364 0.046036 0.140909
0 124 0.317562 0.915341 0.055413 0.139773
0 130 0.053282 0.810227 0.046888 0.152273
0 131 0.112958 0.813636 0.052003 0.143182
0 132 0.366155 0.822727 0.050298 0.156818
0 133 0.407502 0.830682 0.037511 0.120455
0 134 0.458227 0.812500 0.057118 0.163636
0 135 0.097187 0.775000 0.040921 0.147727
0 136 0.019608 0.808523 0.037511 0.132955
0 137 0.020034 0.781250 0.038363 0.142045
0 138 0.305627 0.714205 0.036658 0.121591
0 139 0.082268 0.746023 0.045183 0.135227
0 140 0.371697 0.748864 0.040921 0.138636
0 141 0.334186 0.735795 0.042626 0.137500
0 142 0.648764 0.809659 0.056266 0.137500
0 143 0.759165 0.826136 0.046888 0.161364
0 144 0.702899 0.778409 0.045183 0.131818
0 152 0.502131 0.684659 0.042626 0.130682
0 153 0.433504 0.668182 0.033248 0.147727
0 154 0.567349 0.654545 0.048593 0.138636
0 155 0.594629 0.667614 0.045183 0.155682
0 156 0.576300 0.636932 0.046036 0.142045
0 157 0.535379 0.625568 0.049446 0.148864
0 158 0.384484 0.486364 0.042626 0.129545
0 160 0.454390 0.517614 0.037511 0.114773
0 161 0.211424 0.606818 0.042626 0.129545
0 162 0.185422 0.593182 0.036658 0.138636
0 171 0.011509 0.627273 0.021313 0.134091
0 173 0.020460 0.543182 0.035806 0.129545
0 174 0.033248 0.582386 0.034101 0.142045
0 175 0.072038 0.568750 0.041773 0.151136
0 176 0.049872 0.410795 0.040068 0.119318
0 177 0.090367 0.375000 0.046036 0.115909
0 178 0.414322 0.453977 0.032396 0.114773
0 180 0.476130 0.454545 0.036658 0.125000
0 187 0.012788 0.359659 0.023870 0.121591
0 188 0.032822 0.379545 0.036658 0.102273
0 189 0.291560 0.359659 0.039216 0.117045
0 190 0.322677 0.348864 0.041773 0.120455
0 191 0.242114 0.304545 0.034101 0.129545
0 193 0.233163 0.270455 0.033248 0.115909
0 194 0.254902 0.338636 0.028986 0.077273
0 195 0.246803 0.338068 0.040068 0.119318
0 196 0.480818 0.418182 0.037511 0.115909
0 197 0.505541 0.408523 0.037511 0.117045
0 198 0.419011 0.331818 0.036658 0.115909
0 199 0.386189 0.325000 0.037511 0.127273
0 200 0.258312 0.200000 0.037511 0.097727
0 201 0.282609 0.197727 0.038363 0.106818
0 202 0.305200 0.181818 0.028986 0.097727
0 203 0.412191 0.286932 0.038363 0.105682
0 204 0.522165 0.344318 0.046888 0.120455
0 205 0.556692 0.344318 0.037511 0.111364
0 206 0.516198 0.309659 0.036658 0.114773
0 208 0.006394 0.142614 0.011083 0.101136
0 209 0.231458 0.156818 0.036658 0.106818
0 210 0.199488 0.090909 0.027280 0.090909
0 211 0.008525 0.116477 0.015345 0.098864
0 212 0.492327 0.243750 0.038363 0.105682
0 213 0.449702 0.170455 0.033248 0.093182
0 214 0.471014 0.171591 0.031543 0.088636
0 215 0.383632 0.198295 0.028986 0.096591
0 216 0.361893 0.184091 0.028133 0.102273
0 217 0.340153 0.198864 0.037511 0.088636
0 218 0.310315 0.155682 0.028986 0.097727
0 219 0.173487 0.082386 0.028133 0.089773
0 220 0.222506 0.092045 0.030691 0.093182
0 221 0.483802 0.141477 0.026428 0.096591
0 222 0.501705 0.146591 0.028133 0.095455
0 223 0.451833 0.157386 0.032396 0.096591
0 224 0.474851 0.109091 0.027280 0.086364
0 225 0.363171 0.095455 0.034101 0.088636
0 226 0.392583 0.110227 0.033248 0.093182
0 227 0.824808 0.307386 0.031543 0.107955
0 228 0.896419 0.263068 0.031543 0.101136
0 229 0.874680 0.145455 0.040921 0.106818
0 230 0.516198 0.260227 0.031543 0.097727
0 231 0.427962 0.075000 0.027280 0.095455
0 232 0.396419 0.072727 0.028986 0.088636
0 236 0.875959 0.531250 0.041773 0.114773
0 237 0.846974 0.264773 0.038363 0.111364
0 238 0.878943 0.261364 0.035806 0.104545
0 239 0.864024 0.213636 0.034953 0.104545
0 240 0.140665 0.976136 0.037511 0.050000
0 241 0.152600 0.954545 0.042626 0.093182
0 242 0.194373 0.952841 0.037511 0.096591
0 244 0.592924 0.531250 0.038363 0.123864
0 245 0.520034 0.106818 0.030691 0.088636
0 246 0.549446 0.103409 0.033248 0.093182
0 247 0.517903 0.190909 0.033248 0.084091
0 248 0.379795 0.681250 0.046888 0.142045
0 249 0.195226 0.264773 0.037511 0.120455
0 323 0.933078 0.884091 0.063939 0.161364
0 325 0.430946 0.827273 0.033248 0.120455
0 326 0.775789 0.927841 0.051151 0.132955
0 373 0.444160 0.451136 0.040921 0.120455
0 462 0.975703 0.883523 0.050298 0.167045
0 466 0.819267 0.881818 0.051151 0.159091
0 469 0.828645 0.974432 0.042626 0.053409
0 472 0.757033 0.957386 0.046036 0.082955
0 473 0.580563 0.936932 0.047741 0.117045
0 478 0.541347 0.931818 0.051151 0.138636
0 492 0.781756 0.635227 0.047741 0.140909
0 493 0.736573 0.661364 0.037511 0.097727
0 494 0.849531 0.703977 0.038363 0.132955
0 497 0.794544 0.700568 0.047741 0.142045
0 503 0.412191 0.666477 0.036658 0.146591
0 532 0.545183 0.738636 0.046888 0.143182
0 533 0.516198 0.747727 0.046888 0.161364
0 534 0.432225 0.698864 0.046036 0.134091
0 535 0.448849 0.750000 0.050298 0.150000
0 542 0.766837 0.578977 0.045183 0.132955
0 543 0.765558 0.513068 0.039216 0.142045
0 544 0.421995 0.513636 0.042626 0.134091
0 546 0.754476 0.652273 0.028986 0.081818
0 550 0.823529 0.667614 0.051151 0.135227
0 551 0.751918 0.688636 0.049446 0.138636
0 552 0.708440 0.834659 0.049446 0.151136
0 553 0.831628 0.948295 0.053708 0.101136
0 563 0.471867 0.680682 0.046888 0.143182
0 564 0.488491 0.734659 0.040921 0.130682
0 567 0.492327 0.961932 0.052003 0.076136
0 571 0.401961 0.901136 0.036658 0.120455
0 591 0.717391 0.427841 0.033248 0.114773
0 592 0.710571 0.455682 0.041773 0.113636
0 594 0.848679 0.316477 0.041773 0.119318
0 595 0.336317 0.317045 0.036658 0.120455
0 597 0.361466 0.246591 0.028986 0.106818
0 598 0.358056 0.264773 0.037511 0.115909
0 599 0.433930 0.210795 0.027280 0.094318
0 600 0.462063 0.221023 0.028986 0.096591
0 601 0.410060 0.266477 0.039216 0.105682
0 602 0.566922 0.218182 0.032396 0.111364
0 603 0.277920 0.146591 0.028986 0.097727
0 604 0.339301 0.177273 0.028986 0.093182
0 606 0.809037 0.246023 0.040921 0.117045
0 610 0.905371 0.062500 0.035806 0.090909
0 611 0.016198 0.080114 0.028986 0.096591
0 612 0.011935 0.069318 0.022165 0.090909
0 616 0.272379 0.041477 0.024723 0.080682
0 617 0.289003 0.061932 0.023870 0.094318
0 618 0.291560 0.073864 0.027280 0.084091
0 619 0.265985 0.065909 0.028986 0.093182
0 620 0.548593 0.181818 0.033248 0.093182
0 621 0.323529 0.048864 0.028133 0.079545
0 622 0.438193 0.019886 0.023870 0.037500
0 623 0.440750 0.037500 0.028986 0.072727
0 625 0.459932 0.061932 0.023018 0.085227
0 626 0.500426 0.040909 0.028986 0.075000
0 628 0.456095 0.010227 0.023870 0.018182
0 629 0.337596 0.045455 0.022165 0.081818
0 630 0.343137 0.027841 0.024723 0.053409
0 631 0.361893 0.036364 0.024723 0.070455
0 632 0.539642 0.014773 0.025575 0.027273
0 633 0.394714 0.037500 0.027280 0.072727
0 634 0.445013 0.047159 0.025575 0.085227
0 635 0.414749 0.036932 0.028133 0.071591
0 637 0.431799 0.056250 0.033248 0.092045
0 639 0.372123 0.028977 0.024723 0.055682
0 640 0.479113 0.040909 0.025575 0.079545
0 643 0.386189 0.015341 0.028986 0.028409
0 644 0.407502 0.011932 0.023870 0.021591
0 647 0.441603 0.022159 0.022165 0.042045
0 648 0.514066 0.061364 0.028986 0.090909
0 649 0.473572 0.009659 0.021313 0.017045
0 651 0.513214 0.014773 0.028986 0.027273
0 652 0.389599 0.023864 0.027280 0.045455
0 667 0.929668 0.041477 0.028133 0.080682
0 669 0.962916 0.010227 0.024723 0.018182
0 670 0.879795 0.039773 0.030691 0.077273
0 673 0.888747 0.036932 0.038363 0.071591
0 680 0.509378 0.197727 0.038363 0.104545
0 681 0.700767 0.257386 0.046036 0.114773
0 682 0.334186 0.034659 0.032396 0.067045
0 683 0.458227 0.026705 0.033248 0.051136
0 684 0.451407 0.076136 0.034953 0.090909
0 685 0.540921 0.308523 0.033248 0.103409
0 686 0.485934 0.025000 0.028986 0.047727
0 687 0.470162 0.044318 0.033248 0.084091
0 701 0.303922 0.028977 0.019608 0.055682
