0 91 0.862319 0.974432 0.048593 0.053409
0 92 0.898551 0.971591 0.039216 0.059091
0 107 0.483376 0.823295 0.054561 0.155682
0 114 0.864450 0.604545 0.040921 0.145455
0 115 0.839301 0.536364 0.041773 0.145455
0 116 0.801790 0.536364 0.041773 0.134091
0 118 0.479966 0.978409 0.049446 0.043182
0 119 0.430946 0.946591 0.046888 0.104545
0 120 0.387468 0.944318 0.041773 0.113636
0 121 0.364876 0.917614 0.051151 0.146591
0 122 0.426684 0.853977 0.053708 0.162500
0 123 0.366581 0.839773 0.044331 0.136364
0 124 0.324808 0.868182 0.052856 0.147727
0 130 0.080563 0.761364 0.046888 0.140909
0 131 0.141517 0.767045 0.051151 0.140909
0 132 0.366155 0.775000 0.050298 0.154545
0 133 0.409207 0.782955 0.037511 0.120455
0 134 0.459506 0.765909 0.051151 0.161364
0 135 0.125320 0.731818 0.042626 0.147727
0 136 0.037511 0.757955 0.047741 0.129545
0 137 0.062234 0.723295 0.042626 0.142045
0 138 0.322677 0.680114 0.036658 0.123864
0 139 0.139386 0.688636 0.046888 0.134091
0 140 0.382779 0.698864 0.040921 0.138636
0 141 0.342711 0.694318 0.042626 0.129545
0 142 0.623615 0.757386 0.055413 0.137500
0 143 0.736999 0.775000 0.046888 0.161364
0 144 0.681586 0.732955 0.046888 0.129545
0 152 0.497016 0.640909 0.042626 0.127273
0 153 0.438619 0.618182 0.033248 0.147727
0 154 0.550725 0.614773 0.049446 0.138636
0 155 0.583546 0.628977 0.045183 0.155682
0 156 0.566922 0.593750 0.046036 0.142045
0 157 0.515772 0.576705 0.049446 0.148864
0 158 0.398977 0.454545 0.042626 0.127273
0 160 0.475703 0.484659 0.035806 0.114773
0 161 0.242967 0.567045 0.039216 0.129545
0 162 0.216113 0.556818 0.036658 0.138636
0 169 0.007246 0.696591 0.012788 0.138636
0 170 0.013640 0.660227 0.025575 0.138636
0 171 0.028986 0.585227 0.046036 0.134091
0 172 0.014066 0.493182 0.026428 0.115909
0 173 0.043478 0.511364 0.037511 0.129545
0 174 0.060529 0.539773 0.034101 0.140909
0 175 0.098892 0.521591 0.040921 0.140909
0 176 0.082694 0.392614 0.037511 0.119318
0 177 0.132992 0.353409 0.037511 0.115909
0 178 0.436488 0.423295 0.032396 0.114773
0 180 0.494885 0.421023 0.036658 0.121591
0 187 0.051577 0.321591 0.045183 0.118182
0 188 0.089514 0.315909 0.037511 0.097727
0 189 0.306479 0.329545 0.038363 0.111364
0 190 0.333760 0.319318 0.041773 0.118182
0 191 0.264280 0.282955 0.034101 0.129545
0 193 0.249361 0.239773 0.033248 0.115909
0 194 0.287724 0.307386 0.028133 0.071591
0 195 0.269395 0.305682 0.037511 0.115909
0 196 0.479966 0.377841 0.037511 0.114773
0 197 0.510230 0.366477 0.034953 0.112500
0 198 0.430946 0.298864 0.036658 0.115909
0 199 0.394714 0.294318 0.037511 0.120455
0 200 0.261722 0.176136 0.037511 0.097727
0 201 0.295823 0.175000 0.037511 0.106818
0 202 0.315431 0.160227 0.028986 0.097727
0 203 0.427962 0.260227 0.037511 0.106818
0 204 0.528133 0.315909 0.046888 0.120455
0 205 0.562234 0.311364 0.036658 0.104545
0 206 0.523870 0.282386 0.036658 0.114773
0 208 0.040921 0.123295 0.039216 0.103409
0 209 0.250213 0.131818 0.038363 0.106818
0 210 0.230605 0.068182 0.028133 0.090909
0 211 0.052856 0.093182 0.034101 0.097727
0 212 0.502984 0.217614 0.035806 0.105682
0 213 0.463768 0.147727 0.030691 0.093182
0 214 0.486360 0.147159 0.028133 0.087500
0 215 0.398977 0.176705 0.028986 0.096591
0 216 0.373828 0.159659 0.028133 0.101136
0 217 0.349531 0.176136 0.037511 0.088636
0 218 0.320546 0.128409 0.025575 0.097727
0 219 0.206309 0.061364 0.028986 0.090909
0 220 0.254049 0.076136 0.032396 0.093182
0 221 0.497442 0.117614 0.029838 0.094318
0 222 0.518329 0.120455 0.025575 0.090909
0 223 0.463342 0.128409 0.029838 0.095455
0 224 0.488065 0.089205 0.028133 0.082955
0 225 0.372975 0.075568 0.033248 0.096591
0 226 0.398124 0.086364 0.028986 0.084091
0 227 0.838448 0.276705 0.028133 0.098864
0 228 0.913896 0.238068 0.030691 0.101136
0 229 0.882779 0.122159 0.036658 0.103409
0 230 0.522592 0.232955 0.032396 0.097727
0 231 0.429668 0.054545 0.028986 0.088636
0 232 0.400256 0.048864 0.028133 0.088636
0 236 0.891304 0.557955 0.041773 0.120455
0 237 0.862745 0.242045 0.039216 0.111364
0 238 0.888321 0.230114 0.032396 0.103409
0 239 0.875107 0.188636 0.034953 0.104545
0 240 0.149190 0.972727 0.037511 0.056818
0 241 0.161552 0.951136 0.041773 0.097727
0 242 0.202046 0.949432 0.039216 0.101136
0 243 0.251492 0.985227 0.035806 0.027273
0 244 0.592924 0.527841 0.038363 0.123864
0 245 0.528133 0.081818 0.033248 0.088636
0 246 0.559676 0.077273 0.033248 0.093182
0 247 0.527280 0.170455 0.033248 0.084091
0 248 0.386616 0.642614 0.046888 0.142045
0 249 0.211424 0.234659 0.037511 0.114773
0 323 0.908781 0.819318 0.056266 0.152273
0 325 0.433504 0.779545 0.033248 0.120455
0 326 0.741688 0.871591 0.049446 0.136364
0 373 0.461211 0.421591 0.040921 0.120455
0 462 0.959079 0.818182 0.051151 0.165909
0 466 0.829497 0.828977 0.047741 0.157955
0 469 0.788576 0.942045 0.051151 0.118182
0 472 0.728900 0.917045 0.047741 0.136364
0 473 0.576726 0.898864 0.043478 0.150000
0 478 0.537511 0.889205 0.050298 0.155682
0 492 0.800512 0.595455 0.047741 0.134091
0 493 0.753197 0.615909 0.033248 0.088636
0 494 0.845695 0.657955 0.037511 0.134091
0 497 0.787724 0.656250 0.046036 0.142045
0 503 0.416454 0.617045 0.038363 0.147727
0 532 0.525149 0.697727 0.042626 0.143182
0 533 0.495311 0.706818 0.042626 0.156818
0 534 0.424552 0.659091 0.046036 0.134091
0 535 0.442029 0.700000 0.048593 0.143182
0 542 0.768116 0.535795 0.044331 0.128409
0 543 0.745951 0.462500 0.039216 0.140909
0 544 0.436488 0.476705 0.042626 0.126136
0 546 0.779625 0.619318 0.028133 0.077273
0 550 0.829071 0.621023 0.046888 0.132955
0 551 0.760017 0.640909 0.045183 0.138636
0 552 0.686275 0.787500 0.047741 0.152273
0 553 0.806479 0.916477 0.059676 0.157955
0 561 0.005968 0.632955 0.010230 0.115909
0 563 0.469309 0.626136 0.048593 0.143182
0 564 0.482523 0.687500 0.040921 0.125000
0 567 0.483376 0.933523 0.052856 0.117045
0 571 0.406223 0.852841 0.036658 0.119318
0 591 0.711424 0.385795 0.033248 0.114773
0 594 0.867434 0.278409 0.041773 0.118182
0 595 0.350810 0.285795 0.038363 0.117045
0 597 0.376385 0.219318 0.028133 0.106818
0 598 0.399403 0.234659 0.034953 0.101136
0 599 0.450980 0.180114 0.028986 0.094318
0 600 0.467178 0.195455 0.028986 0.097727
0 601 0.455669 0.238068 0.038363 0.105682
0 602 0.577153 0.182955 0.032396 0.111364
0 603 0.299233 0.123864 0.028986 0.097727
0 604 0.346547 0.152273 0.029838 0.093182
0 606 0.822251 0.218750 0.041773 0.114773
0 610 0.968031 0.043750 0.034953 0.085227
0 611 0.003836 0.084659 0.005968 0.096591
0 612 0.034527 0.051136 0.031543 0.090909
0 616 0.297528 0.022159 0.023870 0.042045
0 617 0.306053 0.042614 0.023870 0.082955
0 618 0.306905 0.047727 0.027280 0.079545
0 619 0.283887 0.042045 0.032396 0.081818
0 620 0.557971 0.161364 0.033248 0.093182
0 621 0.336317 0.034659 0.023018 0.067045
0 622 0.459506 0.013636 0.023870 0.025000
0 623 0.456948 0.026136 0.028986 0.050000
0 625 0.467178 0.043750 0.020460 0.080682
0 626 0.512361 0.029545 0.028986 0.056818
0 629 0.357204 0.032955 0.022165 0.063636
0 630 0.366155 0.017614 0.024723 0.032955
0 631 0.380222 0.024432 0.025575 0.046591
0 633 0.416027 0.030114 0.027280 0.057955
0 634 0.458653 0.030114 0.027280 0.057955
0 635 0.433078 0.026136 0.025575 0.050000
0 637 0.443308 0.042045 0.030691 0.081818
0 639 0.395141 0.017045 0.024723 0.031818
0 640 0.493606 0.032386 0.025575 0.062500
0 643 0.402813 0.008523 0.028133 0.014773
0 647 0.456522 0.013636 0.021313 0.025000
0 648 0.519182 0.046023 0.032396 0.076136
0 667 0.956095 0.036932 0.028133 0.071591
0 670 0.928815 0.033523 0.031543 0.064773
0 673 0.932651 0.031818 0.032396 0.061364
0 675 0.857630 0.019318 0.028986 0.036364
0 680 0.521313 0.173864 0.038363 0.104545
0 682 0.350810 0.026136 0.031543 0.050000
0 683 0.473572 0.012500 0.028133 0.022727
0 684 0.456095 0.050000 0.035806 0.088636
0 685 0.546888 0.278409 0.033248 0.102273
0 686 0.502131 0.014773 0.028986 0.027273
0 687 0.485507 0.033523 0.033248 0.064773
0 701 0.322677 0.018182 0.019608 0.034091
