0 107 0.490622 0.898864 0.055413 0.161364
0 114 0.856777 0.668182 0.044331 0.145455
0 115 0.841858 0.614773 0.045183 0.145455
0 116 0.800938 0.613068 0.048593 0.135227
0 120 0.392583 0.985795 0.038363 0.030682
0 121 0.369565 0.959659 0.052003 0.076136
0 122 0.427962 0.919886 0.054561 0.162500
0 123 0.362745 0.914773 0.046888 0.145455
0 124 0.317988 0.940341 0.052856 0.119318
0 130 0.033674 0.838636 0.046888 0.152273
0 131 0.095055 0.842045 0.052003 0.145455
0 132 0.363598 0.848864 0.050298 0.156818
0 133 0.401535 0.855682 0.037511 0.120455
0 134 0.459079 0.841477 0.060529 0.164773
0 135 0.070332 0.802273 0.041773 0.147727
0 136 0.007246 0.839773 0.012788 0.138636
0 137 0.004263 0.819318 0.006820 0.143182
0 138 0.292839 0.730114 0.036658 0.119318
0 139 0.043905 0.780682 0.045183 0.140909
0 140 0.363171 0.777273 0.040921 0.138636
0 141 0.327366 0.753409 0.044331 0.138636
0 142 0.662404 0.838068 0.056266 0.137500
0 143 0.771952 0.853409 0.046888 0.156818
0 144 0.725916 0.818750 0.046888 0.146591
0 152 0.505115 0.715341 0.041773 0.130682
0 153 0.436061 0.692045 0.033248 0.147727
0 154 0.571611 0.675000 0.048593 0.138636
0 155 0.601449 0.692614 0.045183 0.155682
0 156 0.589088 0.661932 0.046036 0.142045
0 157 0.545610 0.647159 0.049446 0.148864
0 158 0.371270 0.502841 0.041773 0.126136
0 160 0.445865 0.539205 0.037511 0.114773
0 161 0.190111 0.630114 0.042626 0.130682
0 162 0.164962 0.616477 0.036658 0.139773
0 173 0.007673 0.568182 0.013640 0.129545
0 174 0.017050 0.608523 0.032396 0.142045
0 175 0.057118 0.595455 0.046036 0.152273
0 176 0.023444 0.419886 0.045183 0.119318
0 177 0.063939 0.386932 0.044331 0.112500
0 178 0.399403 0.469886 0.033248 0.117045
0 180 0.464194 0.473295 0.036658 0.128409
0 188 0.002984 0.415909 0.004263 0.102273
0 189 0.279625 0.377273 0.040921 0.125000
0 190 0.312873 0.368182 0.042626 0.122727
0 191 0.225490 0.321023 0.034953 0.128409
0 193 0.220375 0.285227 0.033248 0.115909
0 194 0.241262 0.354545 0.028986 0.079545
0 195 0.223785 0.355682 0.041773 0.120455
0 196 0.468457 0.434091 0.038363 0.115909
0 197 0.501279 0.434091 0.037511 0.120455
0 198 0.413043 0.348864 0.036658 0.115909
0 199 0.378517 0.343750 0.037511 0.128409
0 200 0.245951 0.214773 0.038363 0.097727
0 201 0.269821 0.211364 0.038363 0.106818
0 202 0.296675 0.196591 0.028986 0.097727
0 203 0.397698 0.302841 0.038363 0.105682
0 204 0.517050 0.359091 0.046888 0.120455
0 205 0.553708 0.363068 0.038363 0.117045
0 206 0.504689 0.322727 0.034101 0.115909
0 209 0.216113 0.175000 0.036658 0.106818
0 210 0.173913 0.097727 0.027280 0.090909
0 212 0.482950 0.259659 0.038363 0.105682
0 213 0.434783 0.188636 0.032396 0.093182
0 214 0.462916 0.185227 0.032396 0.088636
0 215 0.374254 0.210795 0.030691 0.096591
0 216 0.353794 0.195455 0.028986 0.102273
0 217 0.326513 0.213636 0.037511 0.088636
0 218 0.295823 0.168182 0.028986 0.097727
0 219 0.147911 0.090909 0.028133 0.090909
0 220 0.195226 0.103409 0.030691 0.093182
0 221 0.472293 0.153977 0.027280 0.096591
0 222 0.490622 0.160795 0.028133 0.096591
0 223 0.436914 0.169318 0.031543 0.097727
0 224 0.465899 0.122727 0.028133 0.095455
0 225 0.345269 0.110795 0.034101 0.089773
0 226 0.385763 0.118182 0.029838 0.093182
0 227 0.809463 0.322159 0.033248 0.110227
0 228 0.884484 0.283523 0.031543 0.101136
0 229 0.873828 0.155114 0.042626 0.107955
0 230 0.506820 0.271591 0.031543 0.097727
0 231 0.420716 0.082955 0.028133 0.097727
0 232 0.390026 0.086364 0.028133 0.088636
0 236 0.856351 0.512500 0.040068 0.113636
0 237 0.835465 0.277273 0.037511 0.111364
0 238 0.860614 0.277273 0.034953 0.104545
0 239 0.852941 0.228409 0.034953 0.104545
0 240 0.132992 0.975568 0.037511 0.051136
0 241 0.148764 0.955682 0.041773 0.090909
0 242 0.186701 0.953977 0.039216 0.094318
0 244 0.586957 0.528977 0.038363 0.123864
0 245 0.511935 0.118182 0.033248 0.088636
0 246 0.538363 0.115909 0.029838 0.093182
0 247 0.512788 0.203409 0.033248 0.084091
0 248 0.377238 0.702841 0.045183 0.142045
0 249 0.184996 0.280682 0.039216 0.120455
0 323 0.940750 0.916477 0.063939 0.151136
0 325 0.428389 0.851136 0.033248 0.120455
0 326 0.795396 0.952273 0.051151 0.095455
0 373 0.427962 0.467045 0.040921 0.120455
0 462 0.982523 0.916477 0.036658 0.169318
0 466 0.803069 0.914773 0.051151 0.152273
0 472 0.776641 0.978977 0.039216 0.042045
0 473 0.583973 0.956818 0.052856 0.086364
0 478 0.541347 0.948295 0.051151 0.105682
0 492 0.762148 0.650000 0.047741 0.140909
0 493 0.717391 0.682955 0.036658 0.097727
0 494 0.850810 0.736932 0.037511 0.139773
0 497 0.800085 0.734659 0.050298 0.142045
0 503 0.411338 0.698295 0.036658 0.146591
0 532 0.557971 0.764773 0.050298 0.143182
0 533 0.521313 0.772159 0.052003 0.162500
0 534 0.436914 0.723295 0.045183 0.135227
0 535 0.452685 0.779545 0.051151 0.152273
0 542 0.760870 0.606818 0.045183 0.138636
0 543 0.767263 0.538068 0.039216 0.142045
0 544 0.414322 0.535227 0.042626 0.134091
0 546 0.732737 0.669886 0.028133 0.080682
0 550 0.817562 0.694886 0.051151 0.139773
0 551 0.749787 0.720455 0.050298 0.140909
0 552 0.723359 0.865341 0.050298 0.153409
0 553 0.856351 0.966477 0.045183 0.062500
0 563 0.475277 0.705114 0.053708 0.153409
0 564 0.489344 0.764773 0.040921 0.138636
0 567 0.493180 0.976705 0.043478 0.044318
0 571 0.398551 0.927273 0.036658 0.120455
0 591 0.724211 0.449432 0.034953 0.114773
0 592 0.718670 0.485227 0.042626 0.125000
0 594 0.840153 0.330682 0.038363 0.120455
0 595 0.322251 0.330114 0.037511 0.117045
0 597 0.354646 0.260227 0.028986 0.106818
0 598 0.328645 0.278409 0.036658 0.115909
0 599 0.424126 0.223295 0.033248 0.098864
0 600 0.452685 0.234659 0.028986 0.096591
0 601 0.374254 0.280114 0.040921 0.105682
0 602 0.552856 0.227841 0.033248 0.107955
0 603 0.267690 0.160227 0.028986 0.097727
0 604 0.330350 0.189773 0.028133 0.093182
0 606 0.797101 0.258523 0.040921 0.117045
0 610 0.867008 0.063636 0.035806 0.090909
0 611 0.027707 0.071023 0.028133 0.096591
0 612 0.005968 0.078977 0.010230 0.094318
0 616 0.266411 0.060227 0.024723 0.084091
0 617 0.276641 0.073295 0.023018 0.094318
0 618 0.272379 0.086364 0.028133 0.086364
0 619 0.252771 0.080682 0.029838 0.097727
0 620 0.534101 0.194318 0.033248 0.093182
0 621 0.306053 0.057386 0.028986 0.082955
0 622 0.424552 0.023864 0.023870 0.045455
0 623 0.421142 0.044318 0.027280 0.086364
0 624 0.337170 0.006818 0.024723 0.011364
0 625 0.453538 0.073864 0.023870 0.088636
0 626 0.491049 0.052273 0.028986 0.079545
0 627 0.367434 0.007955 0.028986 0.013636
0 628 0.443308 0.015341 0.023870 0.028409
0 629 0.323529 0.055114 0.021313 0.082955
0 630 0.323103 0.032386 0.025575 0.062500
0 631 0.346974 0.038068 0.025575 0.073864
0 632 0.530264 0.019318 0.025575 0.036364
0 633 0.380648 0.042045 0.026428 0.081818
0 634 0.428389 0.055114 0.024723 0.087500
0 635 0.402387 0.040909 0.028986 0.079545
0 637 0.424126 0.066477 0.034953 0.096591
0 639 0.354220 0.034659 0.024723 0.067045
0 640 0.475277 0.047159 0.026428 0.085227
0 643 0.371697 0.019318 0.028986 0.036364
0 644 0.392157 0.015341 0.023870 0.028409
0 647 0.432225 0.027841 0.022165 0.053409
0 648 0.510656 0.068182 0.028986 0.090909
0 649 0.470162 0.013636 0.024723 0.025000
0 651 0.501279 0.018750 0.028986 0.035227
0 652 0.377238 0.028409 0.028133 0.054545
0 667 0.911338 0.039773 0.028986 0.077273
0 669 0.947144 0.012500 0.025575 0.022727
0 670 0.853794 0.040341 0.033248 0.078409
0 672 0.930946 0.018182 0.025575 0.034091
0 673 0.857204 0.038636 0.038363 0.075000
0 680 0.502131 0.210795 0.037511 0.103409
0 681 0.701620 0.277841 0.046036 0.114773
0 682 0.320546 0.038636 0.032396 0.075000
0 683 0.446718 0.032955 0.035806 0.063636
0 684 0.446718 0.086932 0.035806 0.089773
0 685 0.527280 0.322727 0.033248 0.106818
0 686 0.471867 0.030682 0.028133 0.059091
0 687 0.458227 0.054545 0.033248 0.084091
0 701 0.284740 0.037500 0.022165 0.072727
