0 53 0.079710 0.747727 0.043478 0.138636
0 54 0.327366 0.813068 0.051151 0.155682
0 55 0.364876 0.821591 0.051151 0.140909
0 56 0.430094 0.814773 0.046888 0.138636
0 63 0.008099 0.846591 0.014493 0.150000
0 70 0.102728 0.900000 0.050298 0.154545
0 71 0.109548 0.958523 0.038363 0.080682
0 72 0.297528 0.864773 0.040921 0.131818
0 73 0.253623 0.855682 0.046888 0.138636
0 76 0.361466 0.941477 0.042626 0.117045
0 80 0.579710 0.839773 0.042626 0.152273
0 89 0.871270 0.875000 0.051151 0.147727
0 90 0.914749 0.869318 0.056266 0.172727
0 91 0.700767 0.736364 0.059676 0.147727
0 92 0.728048 0.723295 0.042626 0.139773
0 93 0.854220 0.732386 0.047741 0.139773
0 94 0.902813 0.740341 0.051151 0.144318
0 107 0.502131 0.604545 0.046036 0.138636
0 114 0.888321 0.375000 0.037511 0.131818
0 115 0.807332 0.310795 0.037511 0.121591
0 116 0.763853 0.310227 0.042626 0.115909
0 117 0.936914 0.183523 0.034101 0.105682
0 118 0.474851 0.753977 0.051151 0.151136
0 119 0.426684 0.726136 0.041773 0.136364
0 120 0.398551 0.722159 0.038363 0.137500
0 121 0.352089 0.691477 0.059676 0.135227
0 122 0.437766 0.632386 0.053708 0.135227
0 123 0.379795 0.639773 0.040068 0.129545
0 124 0.329923 0.631250 0.051151 0.137500
0 125 0.006394 0.506250 0.011083 0.135227
0 126 0.050725 0.506818 0.041773 0.134091
0 127 0.088662 0.529545 0.046036 0.134091
0 128 0.143649 0.513068 0.052003 0.137500
0 129 0.178176 0.509659 0.037511 0.123864
0 130 0.241688 0.554545 0.045183 0.127273
0 131 0.271526 0.552841 0.041773 0.121591
0 132 0.354646 0.541477 0.051151 0.135227
0 133 0.393436 0.559659 0.038363 0.107955
0 134 0.446292 0.565341 0.052003 0.146591
0 135 0.263427 0.506818 0.042626 0.134091
0 136 0.300085 0.477841 0.040921 0.107955
0 137 0.352941 0.492614 0.042626 0.121591
0 138 0.401108 0.485795 0.036658 0.114773
0 139 0.421569 0.507386 0.038363 0.128409
0 140 0.456095 0.498295 0.037511 0.128409
0 141 0.424126 0.502273 0.041773 0.120455
0 142 0.563512 0.527841 0.046036 0.123864
0 143 0.613811 0.561932 0.042626 0.144318
0 144 0.607843 0.516477 0.046036 0.128409
0 146 0.012361 0.438636 0.023018 0.118182
0 152 0.517903 0.427841 0.040068 0.114773
0 153 0.526854 0.385795 0.032396 0.123864
0 154 0.579710 0.400568 0.040921 0.130682
0 155 0.623188 0.407955 0.040921 0.131818
0 156 0.614663 0.385227 0.039216 0.120455
0 157 0.577579 0.376705 0.043478 0.148864
0 158 0.480818 0.305114 0.037511 0.110227
0 160 0.539642 0.312500 0.032396 0.106818
0 161 0.348252 0.368182 0.038363 0.120455
0 162 0.327792 0.359091 0.036658 0.115909
0 163 0.024297 0.384659 0.033248 0.107955
0 164 0.058824 0.385795 0.037511 0.119318
0 165 0.093777 0.406250 0.047741 0.114773
0 166 0.127877 0.417614 0.032396 0.103409
0 169 0.150895 0.481250 0.037511 0.123864
0 170 0.172634 0.454545 0.036658 0.125000
0 171 0.169224 0.370455 0.038363 0.120455
0 172 0.144928 0.331818 0.035806 0.109091
0 173 0.177749 0.337500 0.033248 0.111364
0 174 0.210145 0.322159 0.034953 0.123864
0 175 0.233589 0.324432 0.037511 0.119318
0 176 0.259165 0.300000 0.042626 0.106818
0 177 0.278772 0.226705 0.035806 0.105682
0 178 0.534953 0.263636 0.031543 0.097727
0 180 0.596760 0.267045 0.034101 0.106818
0 181 0.031117 0.223864 0.038363 0.097727
0 182 0.062660 0.122727 0.028133 0.088636
0 183 0.068627 0.109091 0.033248 0.097727
0 186 0.052003 0.028409 0.028986 0.054545
0 187 0.237852 0.126705 0.035806 0.105682
0 188 0.260017 0.138068 0.032396 0.092045
0 189 0.366581 0.186364 0.037511 0.106818
0 190 0.393436 0.172159 0.036658 0.101136
0 191 0.343990 0.135795 0.034953 0.119318
0 193 0.337170 0.104545 0.033248 0.106818
0 194 0.369991 0.165341 0.027280 0.069318
0 195 0.349531 0.151136 0.032396 0.088636
0 196 0.519182 0.194318 0.028986 0.093182
0 197 0.549872 0.197727 0.032396 0.106818
0 198 0.488491 0.152841 0.028986 0.101136
0 199 0.465047 0.142614 0.033248 0.119318
0 200 0.334612 0.053977 0.033248 0.094318
0 201 0.360188 0.047727 0.029838 0.093182
0 202 0.381074 0.040909 0.023870 0.079545
0 203 0.511935 0.114773 0.033248 0.097727
0 204 0.561807 0.160795 0.040921 0.107955
0 205 0.603154 0.177273 0.038363 0.106818
0 206 0.588662 0.147727 0.031543 0.106818
0 208 0.271952 0.026705 0.032396 0.051136
0 209 0.351236 0.022159 0.032396 0.042045
0 211 0.276215 0.014205 0.030691 0.026136
0 212 0.569480 0.092045 0.032396 0.093182
0 213 0.520887 0.037500 0.028986 0.072727
0 214 0.546462 0.035227 0.028986 0.068182
0 215 0.462489 0.060795 0.028133 0.096591
0 216 0.435635 0.051136 0.032396 0.084091
0 217 0.421995 0.064205 0.034101 0.078409
0 218 0.420716 0.019886 0.024723 0.037500
0 221 0.563512 0.023864 0.025575 0.045455
0 222 0.583120 0.016477 0.023870 0.030682
0 223 0.514919 0.018750 0.027280 0.035227
0 224 0.534101 0.012500 0.028133 0.022727
0 225 0.447144 0.009091 0.028133 0.015909
0 226 0.462063 0.009091 0.028986 0.015909
0 227 0.881500 0.111364 0.028986 0.093182
0 228 0.947144 0.094886 0.030691 0.087500
0 229 0.915175 0.034091 0.028133 0.065909
0 230 0.590793 0.101136 0.028986 0.093182
0 236 0.942029 0.590909 0.039216 0.134091
0 237 0.899403 0.109091 0.032396 0.097727
0 238 0.913470 0.098864 0.034953 0.104545
0 239 0.909633 0.061364 0.030691 0.097727
0 240 0.189258 0.959091 0.037511 0.084091
0 241 0.202046 0.937500 0.042626 0.125000
0 242 0.239557 0.932955 0.039216 0.129545
0 243 0.289855 0.968750 0.040921 0.064773
0 244 0.634697 0.502273 0.041773 0.118182
0 245 0.572890 0.013068 0.028986 0.023864
0 246 0.593777 0.015909 0.028133 0.029545
0 247 0.583973 0.052841 0.032396 0.080682
0 248 0.451407 0.471023 0.041773 0.126136
0 249 0.301364 0.098295 0.033248 0.107955
0 250 0.621483 0.878977 0.040921 0.148864
0 322 0.942029 0.769318 0.046036 0.152273
0 323 0.866155 0.556818 0.051151 0.134091
0 325 0.418585 0.554545 0.032396 0.102273
0 326 0.608269 0.610795 0.041773 0.119318
0 373 0.558397 0.265909 0.037511 0.106818
0 387 0.466326 0.825000 0.042626 0.147727
0 388 0.494459 0.810795 0.042626 0.155682
0 389 0.540068 0.824432 0.050298 0.146591
0 412 0.009378 0.978409 0.017050 0.045455
0 416 0.067775 0.906250 0.050298 0.139773
0 423 0.432225 0.914205 0.052856 0.157955
0 424 0.387042 0.897727 0.040921 0.129545
0 425 0.392157 0.958523 0.042626 0.085227
0 426 0.565644 0.868750 0.055413 0.155682
0 430 0.675618 0.953977 0.053708 0.094318
0 431 0.728900 0.940341 0.054561 0.107955
0 432 0.778346 0.928977 0.051151 0.132955
0 433 0.746377 0.904545 0.052003 0.159091
0 434 0.715260 0.984659 0.042626 0.032955
0 435 0.697783 0.917614 0.053708 0.119318
0 436 0.818414 0.945455 0.057971 0.102273
0 437 0.846547 0.950568 0.046036 0.096591
0 455 0.970162 0.768750 0.042626 0.151136
0 458 0.887042 0.820455 0.050298 0.147727
0 462 0.908355 0.556250 0.045183 0.146591
0 466 0.822677 0.563636 0.044331 0.134091
0 469 0.658142 0.672159 0.051151 0.139773
0 472 0.618500 0.649432 0.045183 0.144318
0 473 0.554135 0.649432 0.046036 0.135227
0 478 0.523018 0.638636 0.046888 0.147727
0 492 0.836317 0.411932 0.040921 0.121591
0 493 0.803495 0.443182 0.033248 0.086364
0 494 0.795396 0.434659 0.034101 0.107955
0 497 0.766411 0.423864 0.037511 0.120455
0 503 0.486786 0.378409 0.040921 0.122727
0 532 0.532822 0.476136 0.037511 0.127273
0 533 0.503836 0.479545 0.042626 0.138636
0 534 0.435635 0.401705 0.037511 0.119318
0 535 0.470588 0.455682 0.040921 0.115909
0 542 0.728048 0.311364 0.039216 0.118182
0 544 0.502558 0.308523 0.033248 0.114773
0 546 0.817562 0.440909 0.028986 0.070455
0 550 0.870418 0.401705 0.044331 0.114773
0 551 0.735720 0.400000 0.037511 0.129545
0 552 0.582268 0.559091 0.040921 0.138636
0 553 0.650043 0.643182 0.045183 0.152273
0 561 0.150469 0.430682 0.036658 0.106818
0 563 0.482097 0.413068 0.041773 0.123864
0 564 0.505541 0.461364 0.034101 0.106818
0 567 0.470162 0.708523 0.046888 0.146591
0 571 0.419011 0.631818 0.031543 0.102273
0 582 0.123615 0.473295 0.037511 0.112500
0 590 0.098465 0.136364 0.034953 0.093182
0 594 0.910912 0.130114 0.033248 0.105682
0 595 0.451833 0.138068 0.030691 0.101136
0 596 0.033674 0.039205 0.026428 0.076136
0 597 0.478687 0.094886 0.028133 0.089773
0 598 0.640665 0.129545 0.033248 0.097727
0 603 0.392157 0.022159 0.023870 0.042045
0 604 0.423700 0.048864 0.023870 0.081818
0 680 0.586104 0.049432 0.038363 0.082955
0 685 0.601449 0.154545 0.033248 0.093182
0 691 0.104859 0.021023 0.032396 0.039773
0 694 0.095908 0.017614 0.024723 0.032955
