0 53 0.025149 0.871591 0.048593 0.143182
0 54 0.347400 0.911364 0.055413 0.143182
0 55 0.384058 0.929545 0.050298 0.136364
0 56 0.421569 0.909659 0.046888 0.121591
0 70 0.053708 0.974432 0.035806 0.053409
0 71 0.094629 0.967614 0.037511 0.067045
0 72 0.355925 0.956818 0.041773 0.084091
0 73 0.304348 0.948864 0.046036 0.100000
0 80 0.583120 0.925568 0.042626 0.132955
0 89 0.934356 0.969318 0.051151 0.059091
0 90 0.978687 0.961364 0.044331 0.079545
0 91 0.770673 0.839205 0.059676 0.155682
0 92 0.785592 0.819886 0.041773 0.146591
0 93 0.879369 0.851705 0.046888 0.144318
0 94 0.925831 0.859091 0.049446 0.143182
0 107 0.499147 0.684659 0.050298 0.142045
0 114 0.899403 0.461932 0.037511 0.130682
0 115 0.817562 0.392045 0.037511 0.127273
0 116 0.783461 0.395455 0.042626 0.118182
0 117 0.975277 0.225568 0.035806 0.087500
0 118 0.465047 0.849432 0.052003 0.151136
0 119 0.423700 0.817614 0.046036 0.139773
0 120 0.389599 0.809659 0.037511 0.137500
0 121 0.355925 0.775000 0.058824 0.143182
0 122 0.437340 0.711932 0.054561 0.146591
0 123 0.383632 0.712500 0.042626 0.134091
0 124 0.326513 0.714205 0.051151 0.146591
0 127 0.014493 0.618182 0.027280 0.134091
0 128 0.052856 0.605114 0.051151 0.139773
0 129 0.098465 0.607386 0.046888 0.126136
0 130 0.188406 0.634659 0.046036 0.128409
0 131 0.224211 0.639773 0.046036 0.134091
0 132 0.348252 0.626136 0.052003 0.138636
0 133 0.390026 0.637500 0.038363 0.113636
0 134 0.445865 0.645455 0.051151 0.152273
0 135 0.219949 0.588636 0.040921 0.143182
0 136 0.198636 0.573295 0.042626 0.117045
0 137 0.248934 0.550568 0.042626 0.121591
0 138 0.376385 0.558523 0.036658 0.114773
0 139 0.317136 0.550000 0.040921 0.129545
0 140 0.427536 0.567614 0.038363 0.137500
0 141 0.398124 0.565909 0.042626 0.120455
0 142 0.563939 0.618182 0.046888 0.138636
0 143 0.636402 0.647159 0.041773 0.151136
0 144 0.615090 0.595455 0.046888 0.129545
0 152 0.509378 0.505682 0.041773 0.125000
0 153 0.489344 0.463636 0.032396 0.129545
0 154 0.552003 0.476136 0.041773 0.136364
0 155 0.585251 0.485795 0.038363 0.142045
0 156 0.591645 0.470455 0.039216 0.138636
0 157 0.544757 0.446591 0.042626 0.147727
0 158 0.452259 0.357955 0.041773 0.111364
0 160 0.518755 0.379545 0.031543 0.106818
0 161 0.319267 0.443750 0.038363 0.126136
0 162 0.294118 0.434091 0.037511 0.129545
0 164 0.013214 0.465909 0.024723 0.120455
0 165 0.035379 0.478977 0.046888 0.121591
0 166 0.069480 0.484659 0.033248 0.105682
0 169 0.100171 0.561364 0.041773 0.134091
0 170 0.115942 0.528409 0.042626 0.129545
0 171 0.125320 0.448864 0.042626 0.120455
0 172 0.096334 0.405114 0.037511 0.114773
0 173 0.126598 0.406818 0.033248 0.115909
0 174 0.164962 0.400000 0.033248 0.131818
0 175 0.200767 0.393182 0.038363 0.131818
0 176 0.202899 0.334659 0.039216 0.110227
0 177 0.263001 0.291477 0.033248 0.114773
0 178 0.513214 0.325568 0.032396 0.103409
0 180 0.561807 0.326136 0.032396 0.109091
0 183 0.007246 0.157955 0.012788 0.097727
0 186 0.013640 0.046023 0.025575 0.087500
0 187 0.180733 0.194318 0.042626 0.106818
0 188 0.210997 0.206818 0.033248 0.093182
0 189 0.349531 0.239773 0.037511 0.111364
0 190 0.381500 0.230114 0.036658 0.107955
0 191 0.315431 0.197727 0.037511 0.134091
0 193 0.308184 0.160227 0.033248 0.106818
0 194 0.349957 0.223864 0.028133 0.070455
0 195 0.327366 0.211932 0.037511 0.105682
0 196 0.510230 0.263068 0.033248 0.103409
0 197 0.539216 0.261364 0.033248 0.111364
0 198 0.465473 0.201136 0.028986 0.102273
0 199 0.441603 0.202273 0.034101 0.120455
0 200 0.303922 0.100568 0.033248 0.096591
0 201 0.330350 0.097727 0.029838 0.102273
0 202 0.353367 0.090909 0.028133 0.088636
0 203 0.485507 0.167045 0.036658 0.097727
0 204 0.550725 0.225000 0.046036 0.111364
0 205 0.598465 0.219318 0.037511 0.106818
0 206 0.562660 0.211364 0.032396 0.115909
0 208 0.209719 0.057955 0.035806 0.093182
0 209 0.316709 0.052841 0.033248 0.101136
0 210 0.336743 0.024432 0.027280 0.046591
0 211 0.205456 0.039205 0.032396 0.076136
0 212 0.554561 0.143750 0.033248 0.101136
0 213 0.505541 0.079545 0.025575 0.090909
0 214 0.535379 0.068750 0.028986 0.092045
0 215 0.446718 0.112500 0.028986 0.097727
0 216 0.398124 0.096591 0.028986 0.093182
0 217 0.395993 0.113636 0.036658 0.079545
0 218 0.390878 0.052273 0.024723 0.084091
0 219 0.311168 0.022727 0.028986 0.043182
0 220 0.356351 0.023295 0.030691 0.044318
0 221 0.546036 0.054545 0.024723 0.093182
0 222 0.572464 0.053409 0.024723 0.090909
0 223 0.500853 0.049432 0.028133 0.080682
0 224 0.523444 0.035795 0.028986 0.069318
0 225 0.418585 0.030682 0.028986 0.059091
0 226 0.439045 0.031818 0.030691 0.061364
0 227 0.877664 0.182955 0.028133 0.093182
0 228 0.953112 0.152273 0.030691 0.086364
0 229 0.897698 0.056250 0.028986 0.098864
0 230 0.577153 0.156818 0.028986 0.097727
0 231 0.470162 0.019886 0.028133 0.037500
0 232 0.442455 0.016477 0.028986 0.030682
0 236 0.921569 0.610227 0.040921 0.125000
0 237 0.893862 0.161364 0.033248 0.097727
0 238 0.920716 0.151136 0.035806 0.104545
0 239 0.892157 0.117045 0.033248 0.104545
0 240 0.175618 0.968182 0.039216 0.065909
0 241 0.188832 0.946591 0.041773 0.109091
0 242 0.229327 0.943182 0.039216 0.111364
0 243 0.277067 0.979545 0.040921 0.043182
0 244 0.620631 0.516477 0.037511 0.121591
0 245 0.561381 0.035227 0.028133 0.068182
0 246 0.585678 0.036932 0.028986 0.071591
0 247 0.569906 0.100000 0.033248 0.084091
0 248 0.423700 0.540341 0.040921 0.126136
0 249 0.270673 0.152841 0.036658 0.112500
0 250 0.620631 0.957955 0.040921 0.084091
0 322 0.976982 0.885795 0.044331 0.144318
0 323 0.873828 0.647159 0.054561 0.139773
0 325 0.416027 0.634659 0.032396 0.107955
0 326 0.649190 0.700568 0.046888 0.119318
0 373 0.532396 0.329545 0.036658 0.115909
0 387 0.453964 0.920455 0.046888 0.147727
0 388 0.488065 0.911364 0.046888 0.156818
0 389 0.539216 0.920455 0.050298 0.147727
0 416 0.023444 0.982386 0.038363 0.032955
0 423 0.432651 0.974432 0.045183 0.051136
0 424 0.378517 0.971023 0.039216 0.057955
0 426 0.561807 0.948295 0.051151 0.105682
0 432 0.843137 0.968750 0.051151 0.064773
0 433 0.773657 0.957386 0.048593 0.085227
0 435 0.708866 0.973295 0.058824 0.048864
0 458 0.914322 0.930682 0.050298 0.136364
0 462 0.905797 0.657955 0.050298 0.152273
0 466 0.811168 0.660227 0.046888 0.147727
0 469 0.693947 0.769318 0.051151 0.147727
0 472 0.656436 0.742045 0.046036 0.143182
0 473 0.560955 0.742045 0.047741 0.136364
0 478 0.529838 0.732386 0.050298 0.151136
0 492 0.836317 0.484091 0.042626 0.127273
0 493 0.793265 0.496591 0.033248 0.088636
0 494 0.854220 0.518750 0.037511 0.119318
0 497 0.818841 0.516477 0.046888 0.126136
0 503 0.467178 0.463068 0.037511 0.132955
0 532 0.517477 0.561364 0.040921 0.134091
0 533 0.484228 0.571023 0.037511 0.151136
0 534 0.434783 0.498295 0.044331 0.119318
0 535 0.464621 0.546591 0.042626 0.134091
0 542 0.744246 0.394318 0.039216 0.122727
0 544 0.489770 0.368182 0.038363 0.115909
0 546 0.817562 0.505114 0.028986 0.076136
0 550 0.869139 0.485227 0.046888 0.120455
0 551 0.774084 0.499432 0.044331 0.132955
0 552 0.607843 0.646591 0.042626 0.143182
0 553 0.703751 0.732386 0.046888 0.155682
0 561 0.097187 0.506818 0.037511 0.109091
0 563 0.479113 0.490909 0.046036 0.129545
0 564 0.493180 0.548295 0.038363 0.112500
0 567 0.482950 0.797727 0.050298 0.147727
0 571 0.418159 0.709091 0.033248 0.111364
0 582 0.068627 0.563068 0.038363 0.114773
0 590 0.011935 0.187500 0.022165 0.097727
0 594 0.904945 0.181818 0.038363 0.109091
0 595 0.419864 0.192614 0.033248 0.103409
0 597 0.445439 0.148295 0.028133 0.089773
0 598 0.561381 0.165909 0.033248 0.097727
0 600 0.591645 0.140341 0.028986 0.085227
0 601 0.595908 0.170455 0.037511 0.102273
0 603 0.364450 0.054545 0.026428 0.093182
0 604 0.391304 0.094318 0.023870 0.093182
0 606 0.863171 0.145455 0.038363 0.111364
0 612 0.183717 0.022159 0.034953 0.042045
0 618 0.380648 0.006818 0.024723 0.011364
0 619 0.358056 0.006818 0.027280 0.011364
0 625 0.500853 0.008523 0.024723 0.014773
0 635 0.489770 0.007955 0.033248 0.013636
0 676 0.927962 0.012500 0.021313 0.022727
0 677 0.909633 0.006818 0.022165 0.011364
0 680 0.569906 0.105114 0.038363 0.101136
0 684 0.498295 0.018182 0.034953 0.034091
0 685 0.578431 0.200000 0.033248 0.093182
0 691 0.022592 0.030682 0.024723 0.059091
0 694 0.037511 0.031250 0.027280 0.060227
