0 53 0.006394 0.932955 0.011083 0.131818
0 54 0.353794 0.946591 0.056266 0.109091
0 55 0.387042 0.962500 0.049446 0.072727
0 56 0.418159 0.951705 0.046888 0.092045
0 71 0.092924 0.975000 0.039216 0.052273
0 73 0.332907 0.981250 0.043478 0.039773
0 80 0.583120 0.959659 0.042626 0.082955
0 91 0.796249 0.896591 0.059676 0.156818
0 92 0.817988 0.879545 0.041773 0.154545
0 93 0.907502 0.915909 0.046888 0.138636
0 94 0.945439 0.917614 0.049446 0.126136
0 107 0.482097 0.725568 0.052003 0.142045
0 114 0.890026 0.509659 0.039216 0.137500
0 115 0.823956 0.445455 0.038363 0.143182
0 116 0.783887 0.444886 0.041773 0.135227
0 117 0.976556 0.252273 0.033248 0.086364
0 118 0.460358 0.900568 0.051151 0.151136
0 119 0.423274 0.863636 0.046888 0.147727
0 120 0.383205 0.855114 0.046888 0.142045
0 121 0.354646 0.817045 0.056266 0.143182
0 122 0.435635 0.752841 0.056266 0.146591
0 123 0.378517 0.748864 0.042626 0.134091
0 124 0.319693 0.765909 0.051151 0.147727
0 128 0.011935 0.657955 0.022165 0.147727
0 129 0.042199 0.660795 0.046888 0.135227
0 130 0.158994 0.675568 0.046888 0.135227
0 131 0.187127 0.681818 0.045183 0.134091
0 132 0.348679 0.674432 0.051151 0.142045
0 133 0.395567 0.680114 0.037511 0.114773
0 134 0.448849 0.687500 0.050298 0.152273
0 135 0.184569 0.630114 0.041773 0.142045
0 136 0.136829 0.630114 0.045183 0.123864
0 137 0.184143 0.600568 0.042626 0.121591
0 138 0.356777 0.596023 0.036658 0.114773
0 139 0.260017 0.586364 0.046036 0.129545
0 140 0.402813 0.610227 0.041773 0.138636
0 141 0.379369 0.606818 0.042626 0.122727
0 142 0.581415 0.665909 0.046036 0.138636
0 143 0.655158 0.680682 0.041773 0.152273
0 144 0.621057 0.640909 0.046888 0.129545
0 152 0.502984 0.547727 0.040921 0.125000
0 153 0.468883 0.506250 0.032396 0.130682
0 154 0.539216 0.518750 0.045183 0.137500
0 155 0.574169 0.527273 0.038363 0.147727
0 156 0.572890 0.507955 0.042626 0.140909
0 157 0.522592 0.487500 0.042626 0.147727
0 158 0.419011 0.381818 0.041773 0.115909
0 160 0.502558 0.411932 0.033248 0.114773
0 161 0.294118 0.484091 0.037511 0.129545
0 162 0.267690 0.472727 0.037511 0.134091
0 165 0.015772 0.516477 0.029838 0.128409
0 166 0.031969 0.527841 0.033248 0.105682
0 169 0.065217 0.601136 0.041773 0.136364
0 170 0.078858 0.564773 0.041773 0.129545
0 171 0.097187 0.490341 0.042626 0.121591
0 172 0.053282 0.435227 0.038363 0.115909
0 173 0.087809 0.440909 0.034101 0.115909
0 174 0.132566 0.443182 0.033248 0.138636
0 175 0.169224 0.429545 0.040068 0.134091
0 176 0.164962 0.355682 0.038363 0.111364
0 177 0.226343 0.317045 0.033248 0.115909
0 178 0.485934 0.360795 0.028986 0.114773
0 180 0.537937 0.356818 0.035806 0.111364
0 186 0.005115 0.049432 0.008525 0.087500
0 187 0.142796 0.233523 0.046888 0.112500
0 188 0.171782 0.240909 0.033248 0.093182
0 189 0.336743 0.263636 0.037511 0.111364
0 190 0.363598 0.256250 0.036658 0.107955
0 191 0.297101 0.222727 0.036658 0.134091
0 193 0.283461 0.184091 0.033248 0.106818
0 194 0.336317 0.255682 0.028133 0.070455
0 195 0.307332 0.242614 0.036658 0.110227
0 196 0.498295 0.298864 0.038363 0.106818
0 197 0.524723 0.294318 0.033248 0.111364
0 198 0.452685 0.231818 0.037511 0.102273
0 199 0.420290 0.231818 0.037511 0.120455
0 200 0.283461 0.121023 0.033248 0.096591
0 201 0.315004 0.122159 0.028133 0.105682
0 202 0.335465 0.113068 0.028133 0.089773
0 203 0.460358 0.200568 0.037511 0.105682
0 204 0.541773 0.255682 0.046888 0.111364
0 205 0.584399 0.255114 0.036658 0.107955
0 206 0.543052 0.232955 0.032396 0.115909
0 208 0.157715 0.080682 0.040921 0.093182
0 209 0.291560 0.077273 0.037511 0.106818
0 210 0.300938 0.039205 0.027280 0.076136
0 211 0.153879 0.053977 0.031543 0.094318
0 212 0.533248 0.168750 0.033248 0.103409
0 213 0.487639 0.103409 0.023870 0.093182
0 214 0.518755 0.102273 0.031543 0.090909
0 215 0.428815 0.135227 0.028986 0.097727
0 216 0.381500 0.115909 0.028133 0.093182
0 217 0.378090 0.134091 0.036658 0.079545
0 218 0.364024 0.076136 0.023870 0.084091
0 219 0.270247 0.032386 0.028986 0.062500
0 220 0.320546 0.034091 0.030691 0.065909
0 221 0.526854 0.076136 0.025575 0.093182
0 222 0.553708 0.077273 0.024723 0.090909
0 223 0.486360 0.077273 0.028133 0.086364
0 224 0.508951 0.049432 0.028986 0.082955
0 225 0.397272 0.039773 0.028986 0.077273
0 226 0.421142 0.047159 0.023870 0.080682
0 227 0.862745 0.212500 0.028986 0.097727
0 228 0.942882 0.183523 0.030691 0.089773
0 229 0.904518 0.076136 0.034101 0.100000
0 230 0.558397 0.178409 0.028986 0.097727
0 231 0.454390 0.030682 0.028986 0.059091
0 232 0.426257 0.029545 0.028986 0.056818
0 236 0.908355 0.611364 0.041773 0.125000
0 237 0.882353 0.188636 0.035806 0.100000
0 238 0.913896 0.175568 0.035806 0.103409
0 239 0.883632 0.138636 0.034953 0.104545
0 240 0.162830 0.970455 0.039216 0.061364
0 241 0.176897 0.948295 0.041773 0.103409
0 242 0.215686 0.948295 0.037511 0.103409
0 243 0.265985 0.983523 0.042626 0.035227
0 244 0.609122 0.522159 0.038363 0.123864
0 245 0.549020 0.044318 0.028986 0.086364
0 246 0.576726 0.045455 0.028133 0.088636
0 247 0.550298 0.126136 0.033248 0.084091
0 248 0.405371 0.574432 0.045183 0.137500
0 249 0.245951 0.177841 0.036658 0.112500
0 250 0.614663 0.984659 0.034101 0.030682
0 323 0.876812 0.698295 0.055413 0.144318
0 325 0.422421 0.682955 0.033248 0.120455
0 326 0.674766 0.746591 0.046888 0.125000
0 373 0.505115 0.364773 0.036658 0.115909
0 387 0.445439 0.953409 0.046888 0.093182
0 388 0.476130 0.940909 0.046888 0.115909
0 389 0.542626 0.951705 0.053708 0.094318
0 426 0.559676 0.975000 0.036658 0.047727
0 432 0.863598 0.984091 0.046036 0.034091
0 433 0.783887 0.982955 0.041773 0.036364
0 458 0.924552 0.971023 0.038363 0.057955
0 462 0.919437 0.705114 0.050298 0.151136
0 466 0.819693 0.710227 0.046888 0.150000
0 469 0.717391 0.826136 0.050298 0.147727
0 472 0.672634 0.798295 0.046036 0.151136
0 473 0.566922 0.789773 0.047741 0.143182
0 478 0.533248 0.783523 0.050298 0.151136
0 492 0.823103 0.515341 0.046888 0.128409
0 493 0.789003 0.548864 0.033248 0.088636
0 494 0.862319 0.563068 0.038363 0.119318
0 497 0.818841 0.553977 0.046888 0.123864
0 503 0.446718 0.506250 0.037511 0.132955
0 532 0.510230 0.604545 0.041773 0.134091
0 533 0.475703 0.607386 0.042626 0.153409
0 534 0.430520 0.548295 0.046036 0.123864
0 535 0.442455 0.594318 0.042626 0.134091
0 542 0.749787 0.442614 0.038363 0.128409
0 544 0.474425 0.402273 0.040068 0.115909
0 546 0.809463 0.538636 0.028133 0.077273
0 550 0.858056 0.531818 0.046888 0.120455
0 551 0.784314 0.550000 0.046036 0.134091
0 552 0.626598 0.689773 0.042626 0.147727
0 553 0.730605 0.785227 0.047741 0.156818
0 561 0.062234 0.545455 0.037511 0.115909
0 563 0.471014 0.530682 0.045183 0.129545
0 564 0.478261 0.596591 0.040921 0.125000
0 567 0.470162 0.848295 0.050298 0.146591
0 571 0.412617 0.751136 0.035806 0.111364
0 582 0.030691 0.601705 0.037511 0.114773
0 594 0.889173 0.215341 0.037511 0.110227
0 595 0.396846 0.219318 0.036658 0.106818
0 597 0.423700 0.168750 0.027280 0.089773
0 598 0.499147 0.181818 0.033248 0.097727
0 599 0.572890 0.131818 0.028986 0.093182
0 600 0.539216 0.146591 0.028133 0.084091
0 601 0.555413 0.193182 0.036658 0.102273
0 603 0.341006 0.077273 0.028986 0.097727
0 604 0.370844 0.111932 0.023870 0.089773
0 606 0.842285 0.171591 0.040921 0.111364
0 612 0.127451 0.027841 0.028133 0.053409
0 617 0.352941 0.015341 0.023870 0.028409
0 618 0.354220 0.022159 0.028133 0.042045
0 619 0.328645 0.018182 0.028133 0.034091
0 620 0.574169 0.117045 0.033248 0.084091
0 621 0.384484 0.014205 0.027280 0.026136
0 625 0.491049 0.021591 0.023870 0.040909
0 626 0.540494 0.006818 0.025575 0.011364
0 629 0.402813 0.014773 0.021313 0.027273
0 633 0.460358 0.008523 0.025575 0.014773
0 634 0.497869 0.008523 0.027280 0.014773
0 635 0.477408 0.011932 0.040921 0.021591
0 648 0.547741 0.021591 0.031543 0.040909
0 680 0.553708 0.129545 0.038363 0.104545
0 684 0.476556 0.027273 0.035806 0.052273
0 685 0.566496 0.225000 0.033248 0.093182
0 687 0.514493 0.015909 0.033248 0.029545
