0 53 0.070332 0.769886 0.045183 0.139773
0 54 0.327366 0.834659 0.051151 0.157955
0 55 0.367434 0.839773 0.051151 0.140909
0 56 0.428389 0.832955 0.046888 0.138636
0 70 0.095482 0.918182 0.051151 0.143182
0 71 0.105712 0.962500 0.037511 0.077273
0 72 0.308184 0.890341 0.041773 0.137500
0 73 0.260870 0.876136 0.047741 0.138636
0 76 0.364876 0.951136 0.040921 0.100000
0 80 0.579710 0.857955 0.042626 0.152273
0 89 0.883632 0.904545 0.050298 0.154545
0 90 0.924126 0.893182 0.054561 0.170455
0 91 0.710997 0.755114 0.059676 0.148864
0 92 0.736573 0.737500 0.042626 0.138636
0 93 0.856777 0.753977 0.047741 0.142045
0 94 0.906223 0.761932 0.051151 0.144318
0 107 0.502131 0.619318 0.046036 0.138636
0 114 0.890878 0.389773 0.037511 0.131818
0 115 0.808184 0.325568 0.037511 0.123864
0 116 0.765985 0.325000 0.041773 0.118182
0 117 0.943734 0.192045 0.034101 0.104545
0 118 0.472293 0.768750 0.051151 0.151136
0 119 0.424552 0.739773 0.042626 0.134091
0 120 0.396846 0.738068 0.038363 0.137500
0 121 0.350384 0.706250 0.059676 0.135227
0 122 0.437340 0.647159 0.054561 0.137500
0 123 0.372123 0.653977 0.041773 0.132955
0 124 0.330350 0.647727 0.050298 0.138636
0 126 0.039642 0.530682 0.041773 0.134091
0 127 0.073316 0.546023 0.047741 0.132955
0 128 0.129156 0.528977 0.052003 0.137500
0 129 0.164109 0.527273 0.040068 0.125000
0 130 0.233163 0.571591 0.046888 0.125000
0 131 0.263427 0.571023 0.042626 0.121591
0 132 0.352941 0.557955 0.051151 0.138636
0 133 0.390452 0.575568 0.037511 0.107955
0 134 0.444587 0.577841 0.052003 0.148864
0 135 0.255754 0.522727 0.042626 0.134091
0 136 0.284314 0.496023 0.041773 0.112500
0 137 0.335038 0.501705 0.042626 0.121591
0 138 0.398551 0.499432 0.036658 0.114773
0 139 0.398977 0.515909 0.039216 0.129545
0 140 0.452685 0.509659 0.037511 0.132955
0 141 0.417732 0.513636 0.042626 0.120455
0 142 0.563086 0.546023 0.046888 0.126136
0 143 0.614237 0.580682 0.041773 0.150000
0 144 0.607417 0.534091 0.046888 0.129545
0 146 0.007673 0.453977 0.013640 0.119318
0 152 0.516624 0.444886 0.040921 0.121591
0 153 0.519608 0.401705 0.031543 0.128409
0 154 0.575021 0.415909 0.041773 0.134091
0 155 0.616795 0.423864 0.040068 0.136364
0 156 0.610401 0.400000 0.039216 0.120455
0 157 0.569480 0.393182 0.042626 0.147727
0 158 0.479540 0.317045 0.038363 0.111364
0 160 0.536232 0.324432 0.032396 0.105682
0 161 0.343990 0.383523 0.038363 0.121591
0 162 0.320972 0.375000 0.036658 0.118182
0 163 0.017050 0.405114 0.032396 0.107955
0 164 0.048593 0.402273 0.037511 0.120455
0 165 0.083120 0.418750 0.046888 0.114773
0 166 0.117221 0.432386 0.033248 0.105682
0 169 0.142370 0.494886 0.037511 0.123864
0 170 0.163683 0.468182 0.037511 0.125000
0 171 0.161978 0.384091 0.039216 0.120455
0 172 0.137681 0.347727 0.036658 0.111364
0 173 0.170929 0.353409 0.033248 0.111364
0 174 0.203751 0.338636 0.034101 0.127273
0 175 0.231032 0.340341 0.037511 0.119318
0 176 0.248508 0.310227 0.041773 0.106818
0 177 0.275789 0.239205 0.034953 0.105682
0 178 0.531543 0.272727 0.031543 0.097727
0 180 0.590793 0.280682 0.035806 0.106818
0 181 0.017477 0.236364 0.033248 0.097727
0 182 0.048593 0.136364 0.028986 0.088636
0 183 0.057545 0.119318 0.031543 0.097727
0 186 0.046036 0.032386 0.028986 0.062500
0 187 0.224638 0.140341 0.038363 0.105682
0 188 0.249361 0.151136 0.033248 0.093182
0 189 0.362319 0.197727 0.037511 0.111364
0 190 0.390878 0.182386 0.036658 0.103409
0 191 0.336317 0.150000 0.036658 0.122727
0 193 0.332055 0.118182 0.033248 0.106818
0 194 0.367008 0.175568 0.028133 0.069318
0 195 0.346547 0.163636 0.033248 0.090909
0 196 0.515772 0.207955 0.028986 0.093182
0 197 0.546462 0.211364 0.032396 0.106818
0 198 0.481671 0.163068 0.028986 0.101136
0 199 0.459932 0.156250 0.033248 0.119318
0 200 0.326939 0.061932 0.033248 0.096591
0 201 0.353367 0.055682 0.029838 0.102273
0 202 0.376385 0.048295 0.024723 0.082955
0 203 0.508525 0.123864 0.033248 0.097727
0 204 0.559250 0.175568 0.040921 0.110227
0 205 0.600597 0.188636 0.038363 0.106818
0 206 0.584399 0.159091 0.031543 0.106818
0 208 0.261296 0.031818 0.031543 0.061364
0 209 0.344416 0.027841 0.032396 0.053409
0 210 0.369991 0.009659 0.028986 0.017045
0 211 0.265558 0.019886 0.031543 0.037500
0 212 0.566922 0.100568 0.032396 0.094318
0 213 0.517903 0.042614 0.028133 0.078409
0 214 0.543905 0.040909 0.028986 0.079545
0 215 0.457374 0.076705 0.028133 0.096591
0 216 0.432225 0.061364 0.032396 0.084091
0 217 0.416880 0.075000 0.035806 0.079545
0 218 0.414322 0.026705 0.023870 0.051136
0 220 0.385337 0.007386 0.028986 0.012500
0 221 0.561807 0.028409 0.025575 0.054545
0 222 0.578858 0.023864 0.023870 0.045455
0 223 0.514066 0.025000 0.028986 0.047727
0 224 0.531117 0.018182 0.028986 0.034091
0 225 0.442455 0.014205 0.028986 0.026136
0 226 0.456522 0.016477 0.028133 0.030682
0 227 0.881500 0.129545 0.028986 0.093182
0 228 0.947997 0.106250 0.030691 0.087500
0 229 0.905371 0.037500 0.028986 0.072727
0 230 0.590367 0.114773 0.028133 0.093182
0 236 0.938193 0.594886 0.040068 0.130682
0 237 0.901108 0.122727 0.032396 0.097727
0 238 0.914322 0.107955 0.034953 0.104545
0 239 0.904945 0.070455 0.031543 0.097727
0 240 0.186275 0.960795 0.038363 0.080682
0 241 0.200341 0.939205 0.042626 0.121591
0 242 0.236573 0.934659 0.038363 0.126136
0 243 0.286871 0.971023 0.041773 0.060227
0 244 0.632992 0.504545 0.041773 0.118182
0 245 0.566922 0.017614 0.028986 0.032955
0 246 0.591645 0.023864 0.028986 0.045455
0 247 0.580989 0.064773 0.033248 0.084091
0 248 0.446292 0.483523 0.041773 0.126136
0 249 0.294970 0.110227 0.032396 0.111364
0 250 0.618500 0.898295 0.038363 0.157955
0 322 0.947997 0.788068 0.046036 0.148864
0 323 0.867008 0.572727 0.051151 0.134091
0 325 0.415175 0.568182 0.032396 0.102273
0 326 0.612532 0.626705 0.041773 0.119318
0 373 0.555413 0.276705 0.036658 0.110227
0 387 0.465047 0.843182 0.043478 0.147727
0 388 0.493180 0.831250 0.045183 0.155682
0 389 0.538363 0.840341 0.050298 0.146591
0 416 0.057545 0.931818 0.050298 0.138636
0 423 0.431799 0.927841 0.052003 0.144318
0 424 0.383632 0.914205 0.040921 0.128409
0 425 0.391731 0.969318 0.041773 0.063636
0 426 0.563512 0.885795 0.054561 0.151136
0 430 0.679881 0.964205 0.052003 0.073864
0 431 0.732737 0.949432 0.052003 0.094318
0 432 0.788576 0.935795 0.051151 0.121591
0 433 0.748082 0.915909 0.052003 0.154545
0 435 0.699915 0.926705 0.054561 0.107955
0 436 0.817136 0.957386 0.060529 0.085227
0 437 0.846547 0.960227 0.046036 0.077273
0 455 0.976982 0.788068 0.037511 0.153409
0 458 0.889599 0.843182 0.050298 0.156818
0 462 0.902387 0.575000 0.043478 0.143182
0 466 0.818841 0.580682 0.045183 0.134091
0 469 0.664109 0.689205 0.051151 0.142045
0 472 0.624893 0.670455 0.046036 0.143182
0 473 0.557118 0.665341 0.046888 0.135227
0 478 0.524297 0.654545 0.047741 0.147727
0 492 0.836317 0.423864 0.040921 0.122727
0 493 0.801790 0.451136 0.033248 0.088636
0 494 0.804348 0.452273 0.034953 0.113636
0 497 0.771100 0.439205 0.038363 0.121591
0 503 0.482523 0.391477 0.042626 0.123864
0 532 0.529838 0.492045 0.038363 0.129545
0 533 0.499574 0.495455 0.042626 0.138636
0 534 0.435635 0.419886 0.037511 0.119318
0 535 0.469736 0.472159 0.042626 0.119318
0 542 0.729753 0.323864 0.039216 0.118182
0 544 0.499574 0.318750 0.034101 0.114773
0 546 0.817562 0.454545 0.028986 0.070455
0 550 0.871697 0.418182 0.045183 0.118182
0 551 0.739557 0.418182 0.038363 0.129545
0 552 0.580989 0.577273 0.041773 0.140909
0 553 0.656436 0.659091 0.046036 0.152273
0 561 0.140239 0.445455 0.036658 0.106818
0 563 0.480392 0.426705 0.043478 0.126136
0 564 0.506394 0.476136 0.035806 0.106818
0 567 0.468457 0.724432 0.046888 0.146591
0 571 0.416027 0.645455 0.032396 0.102273
0 582 0.113384 0.490909 0.037511 0.113636
0 590 0.086530 0.147727 0.038363 0.093182
0 594 0.909633 0.138068 0.035806 0.105682
0 595 0.444587 0.150000 0.033248 0.102273
0 596 0.025575 0.043750 0.027280 0.080682
0 597 0.473572 0.105114 0.028133 0.089773
0 598 0.631287 0.135227 0.033248 0.097727
0 603 0.387042 0.025568 0.023870 0.048864
0 604 0.418585 0.060227 0.023870 0.088636
0 680 0.581415 0.061364 0.039216 0.088636
0 685 0.595482 0.164773 0.033248 0.093182
0 691 0.089940 0.023295 0.031543 0.044318
0 694 0.083546 0.021591 0.025575 0.040909
