0 53 0.068201 0.775568 0.046036 0.139773
0 54 0.327366 0.839773 0.051151 0.156818
0 55 0.368286 0.844318 0.051151 0.140909
0 56 0.428389 0.837500 0.046888 0.138636
0 70 0.092924 0.921591 0.051151 0.138636
0 71 0.104859 0.962500 0.037511 0.077273
0 72 0.310742 0.897159 0.041773 0.139773
0 73 0.262575 0.881818 0.047741 0.138636
0 76 0.366581 0.952841 0.040921 0.096591
0 80 0.579710 0.861364 0.042626 0.152273
0 89 0.887042 0.910227 0.050298 0.152273
0 90 0.927110 0.897159 0.055413 0.167045
0 91 0.713555 0.759659 0.059676 0.148864
0 92 0.738278 0.740909 0.042626 0.136364
0 93 0.857630 0.759659 0.047741 0.142045
0 94 0.906650 0.766477 0.052003 0.144318
0 107 0.502984 0.622727 0.046036 0.138636
0 114 0.891731 0.393182 0.037511 0.131818
0 115 0.809037 0.329545 0.037511 0.125000
0 116 0.766837 0.328977 0.041773 0.119318
0 117 0.945439 0.193750 0.034101 0.103409
0 118 0.471441 0.773295 0.051151 0.151136
0 119 0.424126 0.743182 0.041773 0.134091
0 120 0.396846 0.742614 0.038363 0.137500
0 121 0.350384 0.709659 0.059676 0.135227
0 122 0.437340 0.651136 0.054561 0.138636
0 123 0.370844 0.657955 0.042626 0.134091
0 124 0.330350 0.652273 0.050298 0.138636
0 126 0.037511 0.538636 0.040921 0.134091
0 127 0.069906 0.549432 0.047741 0.132955
0 128 0.125746 0.532386 0.052003 0.137500
0 129 0.160699 0.531818 0.040068 0.125000
0 130 0.230605 0.575000 0.046888 0.125000
0 131 0.261722 0.575568 0.042626 0.121591
0 132 0.352089 0.562500 0.051151 0.138636
0 133 0.390452 0.578977 0.037511 0.107955
0 134 0.444160 0.580682 0.051151 0.150000
0 135 0.254049 0.526136 0.042626 0.134091
0 136 0.280477 0.500000 0.040921 0.113636
0 137 0.330350 0.502841 0.041773 0.121591
0 138 0.397698 0.502841 0.036658 0.114773
0 139 0.393862 0.518182 0.039216 0.129545
0 140 0.450980 0.512500 0.037511 0.134091
0 141 0.416880 0.515909 0.042626 0.120455
0 142 0.563086 0.549432 0.046888 0.126136
0 143 0.615090 0.584659 0.041773 0.151136
0 144 0.607417 0.538636 0.046888 0.129545
0 146 0.006820 0.456250 0.011935 0.119318
0 152 0.515772 0.448864 0.040921 0.122727
0 153 0.517903 0.406818 0.031543 0.129545
0 154 0.573316 0.418182 0.041773 0.134091
0 155 0.615090 0.427841 0.040068 0.137500
0 156 0.609548 0.403409 0.039216 0.120455
0 157 0.567775 0.396591 0.042626 0.147727
0 158 0.478687 0.319318 0.038363 0.111364
0 160 0.535379 0.327273 0.032396 0.106818
0 161 0.342711 0.387500 0.037511 0.122727
0 162 0.319693 0.378409 0.037511 0.118182
0 163 0.015772 0.410795 0.029838 0.107955
0 164 0.046462 0.405682 0.038363 0.120455
0 165 0.080563 0.422159 0.046888 0.114773
0 166 0.114663 0.435795 0.033248 0.105682
0 169 0.139812 0.499432 0.037511 0.123864
0 170 0.161552 0.470455 0.036658 0.125000
0 171 0.160273 0.387500 0.039216 0.120455
0 172 0.135976 0.351136 0.036658 0.111364
0 173 0.169224 0.357955 0.033248 0.111364
0 174 0.202046 0.342614 0.034101 0.128409
0 175 0.230179 0.343182 0.037511 0.120455
0 176 0.246803 0.311364 0.041773 0.106818
0 177 0.274510 0.242045 0.034101 0.106818
0 178 0.530691 0.275000 0.031543 0.097727
0 180 0.589088 0.282955 0.035806 0.106818
0 181 0.015772 0.237500 0.029838 0.100000
0 182 0.045183 0.139773 0.028986 0.088636
0 183 0.054561 0.121591 0.032396 0.097727
0 186 0.044331 0.033523 0.028986 0.064773
0 187 0.222506 0.142614 0.039216 0.105682
0 188 0.246803 0.153409 0.033248 0.093182
0 189 0.362319 0.200000 0.037511 0.111364
0 190 0.390452 0.185227 0.037511 0.104545
0 191 0.335465 0.152841 0.036658 0.123864
0 193 0.330350 0.121591 0.033248 0.106818
0 194 0.366155 0.177841 0.028133 0.069318
0 195 0.345269 0.166477 0.034101 0.092045
0 196 0.514919 0.211364 0.028986 0.093182
0 197 0.544757 0.214773 0.032396 0.106818
0 198 0.479966 0.165341 0.028986 0.101136
0 199 0.458227 0.158523 0.033248 0.119318
0 200 0.326087 0.064205 0.033248 0.096591
0 201 0.352515 0.057955 0.029838 0.102273
0 202 0.375107 0.050000 0.025575 0.084091
0 203 0.507673 0.126136 0.033248 0.097727
0 204 0.558397 0.178977 0.040921 0.110227
0 205 0.600597 0.189773 0.038363 0.106818
0 206 0.583546 0.162500 0.031543 0.106818
0 208 0.258738 0.032955 0.031543 0.063636
0 209 0.342711 0.029545 0.032396 0.056818
0 210 0.368286 0.010795 0.028986 0.019318
0 211 0.262575 0.021591 0.032396 0.040909
0 212 0.566070 0.102841 0.032396 0.094318
0 213 0.517477 0.044318 0.028986 0.079545
0 214 0.543905 0.042614 0.028986 0.080682
0 215 0.457374 0.078977 0.028133 0.096591
0 216 0.431373 0.063636 0.032396 0.084091
0 217 0.415601 0.077273 0.036658 0.079545
0 218 0.413043 0.028409 0.023018 0.054545
0 219 0.346547 0.006818 0.028133 0.011364
0 220 0.384484 0.008523 0.028986 0.014773
0 221 0.560955 0.029545 0.025575 0.056818
0 222 0.578005 0.026136 0.023870 0.050000
0 223 0.514066 0.026705 0.028986 0.051136
0 224 0.531117 0.019318 0.028986 0.036364
0 225 0.441603 0.014773 0.028986 0.027273
0 226 0.455669 0.017045 0.028133 0.031818
0 227 0.881500 0.134091 0.028986 0.093182
0 228 0.947997 0.108523 0.030691 0.087500
0 229 0.903666 0.038068 0.028986 0.073864
0 230 0.590367 0.118182 0.028133 0.093182
0 236 0.937340 0.596023 0.040068 0.130682
0 237 0.901108 0.126136 0.032396 0.097727
0 238 0.914322 0.110227 0.034953 0.104545
0 239 0.904092 0.072727 0.031543 0.097727
0 240 0.185848 0.960795 0.037511 0.080682
0 241 0.199488 0.939205 0.042626 0.121591
0 242 0.235720 0.935227 0.038363 0.125000
0 243 0.286445 0.972159 0.040921 0.057955
0 244 0.632140 0.504545 0.041773 0.118182
0 245 0.565217 0.017614 0.028986 0.032955
0 246 0.591645 0.024432 0.028986 0.046591
0 247 0.580989 0.067045 0.033248 0.084091
0 248 0.445013 0.486932 0.040921 0.126136
0 249 0.293691 0.112500 0.031543 0.111364
0 250 0.618926 0.902841 0.039216 0.157955
0 322 0.949275 0.792614 0.046888 0.146591
0 323 0.867008 0.577273 0.051151 0.134091
0 325 0.414322 0.571591 0.032396 0.102273
0 326 0.613384 0.631250 0.041773 0.119318
0 373 0.554561 0.279545 0.036658 0.111364
0 387 0.464194 0.846591 0.043478 0.147727
0 388 0.493180 0.836364 0.045183 0.156818
0 389 0.537511 0.843750 0.050298 0.146591
0 416 0.055840 0.934091 0.050298 0.134091
0 423 0.431799 0.930114 0.052003 0.139773
0 424 0.382779 0.918182 0.040921 0.127273
0 425 0.391304 0.972727 0.039216 0.056818
0 426 0.563086 0.889773 0.053708 0.150000
0 430 0.680733 0.967045 0.052003 0.068182
0 431 0.734015 0.951136 0.051151 0.090909
0 432 0.791134 0.937500 0.051151 0.120455
0 433 0.748508 0.918750 0.051151 0.153409
0 435 0.699915 0.929545 0.054561 0.104545
0 436 0.816709 0.959659 0.059676 0.080682
0 437 0.846547 0.963068 0.046036 0.071591
0 455 0.979113 0.793182 0.034953 0.154545
0 458 0.890452 0.847727 0.050298 0.156818
0 462 0.902387 0.581818 0.043478 0.134091
0 466 0.817562 0.585227 0.046036 0.134091
0 469 0.665814 0.693750 0.051151 0.142045
0 472 0.625746 0.673864 0.046036 0.143182
0 473 0.557118 0.668750 0.046888 0.135227
0 478 0.524297 0.658523 0.047741 0.148864
0 492 0.836317 0.427273 0.040921 0.122727
0 493 0.801790 0.453409 0.033248 0.088636
0 494 0.806479 0.457386 0.035806 0.114773
0 497 0.772805 0.442614 0.038363 0.121591
0 503 0.482097 0.395455 0.041773 0.125000
0 532 0.528986 0.496591 0.038363 0.129545
0 533 0.497869 0.498864 0.042626 0.138636
0 534 0.435635 0.424432 0.037511 0.119318
0 535 0.469736 0.476136 0.042626 0.120455
0 542 0.730605 0.327273 0.039216 0.118182
0 544 0.499147 0.321023 0.034953 0.114773
0 546 0.817562 0.457955 0.028986 0.070455
0 550 0.872123 0.422727 0.046036 0.118182
0 551 0.741262 0.422727 0.038363 0.129545
0 552 0.580989 0.581250 0.041773 0.142045
0 553 0.657715 0.663636 0.045183 0.152273
0 561 0.138534 0.448864 0.036658 0.106818
0 563 0.480392 0.430114 0.043478 0.126136
0 564 0.506394 0.480682 0.035806 0.106818
0 567 0.469736 0.728409 0.047741 0.147727
0 571 0.415175 0.648864 0.032396 0.102273
0 582 0.110827 0.495455 0.037511 0.113636
0 590 0.081415 0.149432 0.038363 0.092045
0 594 0.909633 0.140341 0.035806 0.105682
0 595 0.442882 0.152273 0.033248 0.102273
0 596 0.023444 0.044886 0.028133 0.080682
0 597 0.471867 0.107386 0.028133 0.089773
0 598 0.629582 0.136364 0.033248 0.097727
0 603 0.386189 0.026136 0.023870 0.050000
0 604 0.417732 0.063636 0.023870 0.090909
0 680 0.580563 0.064773 0.039216 0.090909
0 685 0.594629 0.165909 0.033248 0.093182
0 691 0.086957 0.023864 0.032396 0.045455
0 694 0.080136 0.022727 0.025575 0.043182
