0 53 0.010656 0.926136 0.019608 0.145455
0 54 0.353794 0.941477 0.056266 0.119318
0 55 0.387468 0.957386 0.050298 0.085227
0 56 0.419011 0.943750 0.046888 0.096591
0 71 0.092924 0.973864 0.039216 0.054545
0 73 0.327366 0.975568 0.042626 0.051136
0 80 0.583120 0.953977 0.042626 0.094318
0 91 0.792839 0.885227 0.059676 0.156818
0 92 0.812447 0.868182 0.040921 0.152273
0 93 0.902387 0.906250 0.046888 0.144318
0 94 0.940750 0.906818 0.050298 0.131818
0 107 0.483376 0.717614 0.051151 0.142045
0 114 0.892157 0.500568 0.038363 0.135227
0 115 0.822251 0.435795 0.038363 0.139773
0 116 0.783461 0.436364 0.042626 0.134091
0 117 0.976556 0.246591 0.033248 0.086364
0 118 0.461211 0.891477 0.051151 0.151136
0 119 0.423274 0.857955 0.046888 0.147727
0 120 0.385763 0.848295 0.046888 0.142045
0 121 0.355499 0.810227 0.056266 0.143182
0 122 0.435635 0.744886 0.056266 0.146591
0 123 0.382353 0.743182 0.041773 0.134091
0 124 0.320546 0.755682 0.051151 0.147727
0 128 0.017903 0.647727 0.034101 0.147727
0 129 0.054135 0.650568 0.046888 0.132955
0 130 0.165814 0.669318 0.046888 0.134091
0 131 0.192242 0.673864 0.045183 0.134091
0 132 0.347826 0.666477 0.051151 0.139773
0 133 0.394288 0.672159 0.036658 0.114773
0 134 0.448423 0.679545 0.051151 0.152273
0 135 0.192668 0.622159 0.040921 0.142045
0 136 0.150043 0.618182 0.044331 0.120455
0 137 0.197783 0.591477 0.042626 0.121591
0 138 0.360188 0.589205 0.036658 0.114773
0 139 0.270247 0.579545 0.046036 0.129545
0 140 0.407502 0.602273 0.040921 0.138636
0 141 0.384484 0.599432 0.042626 0.121591
0 142 0.578431 0.656818 0.046888 0.138636
0 143 0.650895 0.674432 0.041773 0.151136
0 144 0.618500 0.635227 0.046888 0.129545
0 152 0.506394 0.540909 0.040921 0.125000
0 153 0.472293 0.498295 0.032396 0.130682
0 154 0.543052 0.510795 0.044331 0.137500
0 155 0.575874 0.519886 0.038363 0.146591
0 156 0.576726 0.501136 0.041773 0.140909
0 157 0.526854 0.479545 0.042626 0.147727
0 158 0.424126 0.377841 0.041773 0.114773
0 160 0.505115 0.406250 0.033248 0.114773
0 161 0.299233 0.476705 0.037511 0.128409
0 162 0.273657 0.465341 0.037511 0.132955
0 165 0.018329 0.510795 0.034953 0.128409
0 166 0.038789 0.519886 0.033248 0.105682
0 169 0.072464 0.593182 0.040921 0.134091
0 170 0.085678 0.557955 0.041773 0.129545
0 171 0.103154 0.481818 0.042626 0.120455
0 172 0.057545 0.432955 0.038363 0.115909
0 173 0.095055 0.434091 0.033248 0.115909
0 174 0.139386 0.435227 0.033248 0.138636
0 175 0.176471 0.423864 0.040921 0.134091
0 176 0.174339 0.352273 0.038363 0.111364
0 177 0.233163 0.312500 0.033248 0.115909
0 178 0.491475 0.353977 0.029838 0.114773
0 180 0.542626 0.351136 0.034953 0.111364
0 186 0.005968 0.048295 0.010230 0.087500
0 187 0.150469 0.226136 0.045183 0.111364
0 188 0.179454 0.235227 0.033248 0.093182
0 189 0.340153 0.259091 0.037511 0.111364
0 190 0.367008 0.251705 0.036658 0.107955
0 191 0.300512 0.218182 0.036658 0.134091
0 193 0.288576 0.178409 0.033248 0.106818
0 194 0.339727 0.251136 0.028133 0.070455
0 195 0.311168 0.236932 0.037511 0.110227
0 196 0.500853 0.293182 0.038363 0.106818
0 197 0.528133 0.289773 0.033248 0.111364
0 198 0.455243 0.226136 0.035806 0.102273
0 199 0.424552 0.227273 0.037511 0.120455
0 200 0.286871 0.116477 0.033248 0.096591
0 201 0.317562 0.116477 0.028133 0.105682
0 202 0.337170 0.109091 0.028133 0.088636
0 203 0.465473 0.194318 0.037511 0.104545
0 204 0.543478 0.251136 0.046888 0.111364
0 205 0.586957 0.249432 0.036658 0.107955
0 206 0.547315 0.229545 0.032396 0.115909
0 208 0.164962 0.078409 0.031543 0.093182
0 209 0.297101 0.072727 0.034953 0.106818
0 210 0.309463 0.036932 0.027280 0.071591
0 211 0.163683 0.051136 0.032396 0.093182
0 212 0.537511 0.164205 0.033248 0.103409
0 213 0.491901 0.100000 0.023870 0.093182
0 214 0.522165 0.098295 0.033248 0.092045
0 215 0.433078 0.130682 0.028986 0.097727
0 216 0.384058 0.112500 0.028133 0.093182
0 217 0.382353 0.131818 0.036658 0.079545
0 218 0.369991 0.071591 0.023870 0.084091
0 219 0.278772 0.030682 0.028986 0.059091
0 220 0.328218 0.032386 0.030691 0.062500
0 221 0.531117 0.073864 0.025575 0.093182
0 222 0.557545 0.075000 0.025575 0.090909
0 223 0.490196 0.073295 0.028986 0.082955
0 224 0.512361 0.046591 0.028986 0.081818
0 225 0.402387 0.038068 0.028986 0.073864
0 226 0.425405 0.042614 0.023870 0.080682
0 227 0.867008 0.207955 0.028986 0.097727
0 228 0.947144 0.180682 0.030691 0.086364
0 229 0.906650 0.073864 0.034953 0.100000
0 230 0.562660 0.172727 0.028986 0.097727
0 231 0.456522 0.028977 0.028133 0.055682
0 232 0.430520 0.026705 0.028986 0.051136
0 236 0.910912 0.611364 0.041773 0.125000
0 237 0.884058 0.184659 0.035806 0.098864
0 238 0.916027 0.171023 0.034953 0.103409
0 239 0.885337 0.134091 0.034953 0.104545
0 240 0.165388 0.970455 0.039216 0.061364
0 241 0.179454 0.948295 0.041773 0.103409
0 242 0.219949 0.948295 0.037511 0.103409
0 243 0.268968 0.982955 0.041773 0.036364
0 244 0.611679 0.521023 0.038363 0.123864
0 245 0.550725 0.041477 0.028986 0.080682
0 246 0.581415 0.043750 0.027280 0.085227
0 247 0.554561 0.123864 0.033248 0.084091
0 248 0.409207 0.568750 0.044331 0.135227
0 249 0.250213 0.173295 0.036658 0.112500
0 250 0.615942 0.980114 0.036658 0.039773
0 323 0.876812 0.688636 0.055413 0.143182
0 325 0.421569 0.676136 0.033248 0.120455
0 326 0.670503 0.737500 0.046888 0.122727
0 373 0.509378 0.357955 0.036658 0.115909
0 387 0.447144 0.947159 0.046888 0.103409
0 388 0.477835 0.935795 0.046888 0.123864
0 389 0.542199 0.946023 0.052856 0.105682
0 426 0.559676 0.969886 0.040068 0.057955
0 432 0.859761 0.981250 0.046888 0.039773
0 433 0.782609 0.978409 0.042626 0.045455
0 458 0.922847 0.964205 0.041773 0.071591
0 462 0.916880 0.696591 0.050298 0.152273
0 466 0.818841 0.701705 0.046888 0.148864
0 469 0.712702 0.814773 0.051151 0.147727
0 472 0.670077 0.788636 0.046036 0.145455
0 473 0.566070 0.781250 0.047741 0.142045
0 478 0.532396 0.773295 0.050298 0.151136
0 492 0.825234 0.509659 0.046036 0.128409
0 493 0.791560 0.543182 0.033248 0.088636
0 494 0.863171 0.556250 0.038363 0.119318
0 497 0.818841 0.546591 0.046888 0.125000
0 503 0.450980 0.498864 0.035806 0.134091
0 532 0.511935 0.596591 0.041773 0.134091
0 533 0.476982 0.599432 0.041773 0.153409
0 534 0.431799 0.538636 0.046888 0.122727
0 535 0.445865 0.587500 0.042626 0.134091
0 542 0.748934 0.435795 0.038363 0.128409
0 544 0.478687 0.396023 0.040068 0.114773
0 546 0.811168 0.531818 0.028133 0.077273
0 550 0.860614 0.525000 0.046888 0.120455
0 551 0.782609 0.540909 0.046036 0.134091
0 552 0.623188 0.681250 0.042626 0.146591
0 553 0.725490 0.775568 0.047741 0.155682
0 561 0.069054 0.538068 0.037511 0.114773
0 563 0.472720 0.523864 0.045183 0.129545
0 564 0.481671 0.589773 0.040921 0.125000
0 567 0.472720 0.839205 0.050298 0.146591
0 571 0.414749 0.742614 0.034953 0.110227
0 582 0.038363 0.594886 0.037511 0.114773
0 594 0.892583 0.209659 0.037511 0.110227
0 595 0.401108 0.213636 0.036658 0.106818
0 597 0.427962 0.165341 0.027280 0.089773
0 598 0.511935 0.179545 0.033248 0.097727
0 600 0.553708 0.146023 0.028133 0.085227
0 601 0.562234 0.189773 0.036658 0.102273
0 603 0.346121 0.075000 0.028986 0.097727
0 604 0.374254 0.111364 0.023870 0.093182
0 606 0.847826 0.167045 0.041773 0.111364
0 612 0.138107 0.026705 0.028986 0.051136
0 617 0.358056 0.013636 0.023870 0.025000
0 618 0.360188 0.021023 0.028133 0.039773
0 619 0.334186 0.016477 0.027280 0.030682
0 620 0.581841 0.112500 0.033248 0.084091
0 621 0.389599 0.013068 0.027280 0.023864
0 625 0.491901 0.018750 0.023870 0.035227
0 629 0.407502 0.013068 0.022165 0.023864
0 633 0.468457 0.007955 0.024723 0.013636
0 635 0.479966 0.011364 0.040921 0.020455
0 648 0.551151 0.019886 0.031543 0.037500
0 680 0.557118 0.125000 0.038363 0.104545
0 684 0.481671 0.026136 0.035806 0.050000
0 685 0.567349 0.219318 0.033248 0.093182
0 687 0.517903 0.014205 0.033248 0.026136
0 694 0.005115 0.034091 0.008525 0.065909
