0 54 0.352089 0.964205 0.054561 0.071591
0 55 0.374680 0.978977 0.043478 0.039773
0 56 0.413896 0.969886 0.043478 0.062500
0 71 0.080989 0.971023 0.039216 0.060227
0 80 0.586104 0.978977 0.036658 0.044318
0 91 0.812020 0.925000 0.057118 0.140909
0 92 0.838022 0.919318 0.042626 0.161364
0 93 0.926257 0.942614 0.046888 0.110227
0 94 0.963342 0.946023 0.052856 0.107955
0 107 0.476556 0.753409 0.056266 0.143182
0 114 0.879795 0.538068 0.039216 0.142045
0 115 0.829497 0.469886 0.039216 0.144318
0 116 0.786019 0.468750 0.040921 0.135227
0 118 0.462063 0.924432 0.051151 0.135227
0 119 0.423274 0.886932 0.046888 0.148864
0 120 0.376385 0.882386 0.046888 0.142045
0 121 0.352941 0.846591 0.056266 0.150000
0 122 0.430946 0.781250 0.053708 0.148864
0 123 0.365729 0.769318 0.042626 0.134091
0 124 0.323103 0.793182 0.051151 0.147727
0 129 0.014919 0.692045 0.028133 0.140909
0 130 0.134271 0.698295 0.046888 0.135227
0 131 0.168798 0.707955 0.046036 0.134091
0 132 0.351236 0.702841 0.051151 0.146591
0 133 0.395993 0.706250 0.036658 0.114773
0 134 0.451833 0.707955 0.051151 0.156818
0 135 0.160273 0.656250 0.042626 0.144318
0 136 0.096760 0.669318 0.046888 0.129545
0 137 0.136402 0.634091 0.042626 0.125000
0 138 0.344842 0.621023 0.036658 0.119318
0 139 0.223359 0.613068 0.046036 0.132955
0 140 0.393862 0.631818 0.040921 0.138636
0 141 0.362319 0.632386 0.042626 0.128409
0 142 0.592924 0.692045 0.048593 0.138636
0 143 0.684996 0.700000 0.041773 0.154545
0 144 0.628730 0.662500 0.046888 0.129545
0 152 0.493606 0.573864 0.040921 0.125000
0 153 0.455669 0.538068 0.033248 0.132955
0 154 0.530691 0.546591 0.048593 0.138636
0 155 0.568201 0.555682 0.038363 0.152273
0 156 0.560102 0.532386 0.046036 0.142045
0 157 0.513214 0.512500 0.049446 0.147727
0 158 0.403240 0.398864 0.042626 0.120455
0 160 0.492327 0.428977 0.033248 0.114773
0 161 0.275362 0.504545 0.037511 0.129545
0 162 0.248082 0.498864 0.037511 0.138636
0 165 0.006394 0.539773 0.011083 0.129545
0 166 0.016198 0.551136 0.030691 0.106818
0 169 0.039642 0.628409 0.041773 0.138636
0 170 0.054135 0.592045 0.041773 0.129545
0 171 0.075448 0.518750 0.041773 0.128409
0 172 0.037937 0.446591 0.038363 0.115909
0 173 0.063086 0.465341 0.035806 0.117045
0 174 0.106138 0.469318 0.033248 0.138636
0 175 0.144928 0.456818 0.040921 0.134091
0 176 0.132140 0.364205 0.039216 0.112500
0 177 0.201194 0.324432 0.039216 0.112500
0 178 0.468883 0.378409 0.027280 0.115909
0 180 0.521313 0.372727 0.036658 0.111364
0 187 0.114663 0.255114 0.046888 0.112500
0 188 0.141944 0.260227 0.033248 0.093182
0 189 0.323956 0.280682 0.037511 0.111364
0 190 0.353367 0.273864 0.038363 0.111364
0 191 0.285166 0.239773 0.036658 0.134091
0 193 0.268968 0.196591 0.033248 0.111364
0 194 0.321824 0.268182 0.028133 0.070455
0 195 0.293691 0.259091 0.036658 0.111364
0 196 0.488917 0.317045 0.036658 0.106818
0 197 0.511083 0.312500 0.033248 0.111364
0 198 0.445013 0.246591 0.037511 0.102273
0 199 0.407502 0.247727 0.037511 0.120455
0 200 0.270673 0.133523 0.034953 0.096591
0 201 0.306053 0.139205 0.028986 0.105682
0 202 0.329497 0.127273 0.028133 0.093182
0 203 0.446718 0.215909 0.037511 0.106818
0 204 0.535806 0.270455 0.046888 0.111364
0 205 0.575021 0.268750 0.036658 0.107955
0 206 0.532396 0.243182 0.033248 0.115909
0 208 0.118926 0.089205 0.034953 0.094318
0 209 0.276215 0.088636 0.037511 0.106818
0 210 0.277494 0.044886 0.028133 0.087500
0 211 0.120205 0.061932 0.030691 0.096591
0 212 0.520460 0.182386 0.033248 0.105682
0 213 0.476130 0.114773 0.028133 0.093182
0 214 0.505115 0.114773 0.028133 0.088636
0 215 0.413896 0.145455 0.028133 0.097727
0 216 0.379795 0.126136 0.028133 0.093182
0 217 0.366155 0.142045 0.036658 0.079545
0 218 0.346121 0.088636 0.023870 0.084091
0 219 0.241262 0.037500 0.028986 0.072727
0 220 0.296675 0.040909 0.030691 0.077273
0 221 0.512361 0.084091 0.025575 0.093182
0 222 0.540068 0.085227 0.024723 0.090909
0 223 0.475277 0.091477 0.028133 0.094318
0 224 0.497869 0.059659 0.028986 0.082955
0 225 0.381074 0.044318 0.028986 0.086364
0 226 0.407502 0.056250 0.023870 0.080682
0 227 0.848252 0.228409 0.028986 0.097727
0 228 0.930520 0.194886 0.031543 0.098864
0 229 0.898124 0.085227 0.034953 0.100000
0 230 0.537937 0.189773 0.032396 0.097727
0 231 0.438619 0.036364 0.028133 0.070455
0 232 0.415175 0.033523 0.028986 0.064773
0 236 0.906650 0.600000 0.041773 0.125000
0 237 0.873828 0.201705 0.035806 0.107955
0 238 0.906223 0.189205 0.034101 0.103409
0 239 0.877664 0.151136 0.034953 0.104545
0 240 0.155158 0.968750 0.039216 0.064773
0 241 0.167093 0.948864 0.042626 0.102273
0 242 0.205456 0.948295 0.037511 0.105682
0 243 0.257033 0.982386 0.041773 0.037500
0 244 0.603581 0.522159 0.039216 0.123864
0 245 0.539642 0.053409 0.028986 0.088636
0 246 0.565217 0.056250 0.028986 0.092045
0 247 0.543478 0.134091 0.033248 0.084091
0 248 0.397698 0.592614 0.046888 0.142045
0 249 0.233163 0.191477 0.036658 0.112500
0 323 0.882779 0.730114 0.055413 0.146591
0 325 0.424126 0.704545 0.033248 0.120455
0 326 0.689258 0.777841 0.046888 0.132955
0 373 0.489770 0.379545 0.038363 0.118182
0 387 0.441176 0.968750 0.045183 0.064773
0 388 0.465047 0.959091 0.046888 0.079545
0 389 0.543052 0.969886 0.046036 0.057955
0 462 0.932225 0.734659 0.050298 0.151136
0 466 0.823103 0.739205 0.046888 0.155682
0 469 0.734442 0.867045 0.050298 0.147727
0 472 0.683717 0.825000 0.046036 0.145455
0 473 0.574595 0.818182 0.049446 0.143182
0 478 0.534101 0.814773 0.050298 0.154545
0 492 0.815857 0.536932 0.047741 0.128409
0 493 0.777920 0.569318 0.033248 0.088636
0 494 0.856351 0.586932 0.038363 0.119318
0 497 0.805627 0.583523 0.044331 0.132955
0 503 0.430946 0.532955 0.041773 0.134091
0 532 0.507673 0.632955 0.041773 0.136364
0 533 0.471441 0.636932 0.042626 0.153409
0 534 0.426257 0.582386 0.046036 0.126136
0 535 0.430946 0.621591 0.041773 0.134091
0 542 0.754049 0.467045 0.040068 0.127273
0 544 0.459932 0.423864 0.041773 0.115909
0 546 0.800085 0.563636 0.028133 0.077273
0 550 0.848679 0.555682 0.046888 0.120455
0 551 0.775789 0.575000 0.046036 0.134091
0 552 0.640665 0.712500 0.043478 0.150000
0 553 0.749787 0.818750 0.050298 0.157955
0 561 0.040921 0.565909 0.037511 0.115909
0 563 0.467178 0.553409 0.046036 0.129545
0 564 0.465473 0.620455 0.040921 0.125000
0 567 0.468457 0.873864 0.052003 0.143182
0 571 0.408355 0.778409 0.037511 0.111364
0 582 0.010656 0.626705 0.019608 0.114773
0 594 0.879795 0.227841 0.037511 0.110227
0 595 0.378943 0.238636 0.036658 0.106818
0 597 0.406650 0.182386 0.027280 0.092045
0 598 0.462489 0.193750 0.033248 0.096591
0 599 0.521739 0.145455 0.028986 0.093182
0 600 0.501279 0.151705 0.028986 0.087500
0 601 0.521313 0.206250 0.038363 0.105682
0 602 0.596334 0.137500 0.033248 0.111364
0 603 0.323956 0.087500 0.028986 0.097727
0 604 0.357204 0.119318 0.027280 0.088636
0 606 0.833333 0.177273 0.041773 0.111364
0 612 0.088662 0.032955 0.027280 0.063636
0 616 0.336317 0.007955 0.024723 0.013636
0 617 0.332907 0.022727 0.026428 0.043182
0 618 0.334186 0.028409 0.028986 0.054545
0 619 0.312020 0.025568 0.027280 0.048864
0 620 0.560529 0.123864 0.033248 0.086364
0 621 0.363171 0.019886 0.027280 0.037500
0 623 0.474851 0.006818 0.028986 0.011364
0 625 0.480392 0.026136 0.023018 0.050000
0 626 0.523870 0.011932 0.028133 0.021591
0 629 0.380648 0.018750 0.021313 0.035227
0 633 0.441603 0.010795 0.025575 0.019318
0 634 0.484228 0.013068 0.027280 0.023864
0 635 0.461211 0.015341 0.034101 0.028409
0 637 0.443308 0.026136 0.030691 0.050000
0 639 0.428389 0.007955 0.024723 0.013636
0 640 0.513214 0.013068 0.025575 0.023864
0 648 0.534527 0.026136 0.034101 0.050000
0 674 0.922847 0.019318 0.028133 0.036364
0 675 0.903666 0.010227 0.022165 0.018182
0 680 0.541773 0.136364 0.038363 0.104545
0 682 0.375107 0.007386 0.030691 0.012500
0 684 0.465473 0.033523 0.035806 0.064773
0 685 0.554561 0.238636 0.033248 0.102273
0 687 0.499147 0.019318 0.033248 0.036364
