0 53 0.069054 0.773295 0.046036 0.139773
0 54 0.327366 0.838068 0.051151 0.157955
0 55 0.368286 0.842045 0.051151 0.140909
0 56 0.428389 0.835227 0.046888 0.138636
0 70 0.094203 0.919886 0.050298 0.142045
0 71 0.104859 0.962500 0.037511 0.077273
0 72 0.309037 0.893750 0.041773 0.139773
0 73 0.261722 0.878409 0.047741 0.138636
0 76 0.365729 0.952273 0.040921 0.097727
0 80 0.579710 0.860227 0.042626 0.152273
0 89 0.885337 0.907386 0.050298 0.153409
0 90 0.925831 0.895455 0.054561 0.168182
0 91 0.712276 0.757386 0.058824 0.148864
0 92 0.737425 0.739205 0.042626 0.137500
0 93 0.857630 0.757386 0.047741 0.142045
0 94 0.906223 0.764205 0.051151 0.144318
0 107 0.502984 0.621591 0.046036 0.138636
0 114 0.891731 0.391477 0.037511 0.130682
0 115 0.808184 0.327841 0.037511 0.123864
0 116 0.766411 0.327273 0.042626 0.118182
0 117 0.944587 0.192614 0.034101 0.103409
0 118 0.471441 0.771023 0.051151 0.151136
0 119 0.424126 0.741477 0.041773 0.135227
0 120 0.396846 0.740341 0.038363 0.137500
0 121 0.350384 0.707386 0.059676 0.135227
0 122 0.437340 0.649432 0.054561 0.137500
0 123 0.371270 0.655682 0.041773 0.134091
0 124 0.330350 0.650000 0.050298 0.138636
0 126 0.038789 0.535227 0.041773 0.134091
0 127 0.071611 0.547159 0.047741 0.132955
0 128 0.127451 0.531250 0.052003 0.137500
0 129 0.162404 0.529545 0.040068 0.125000
0 130 0.231458 0.573864 0.046888 0.125000
0 131 0.262575 0.573295 0.042626 0.121591
0 132 0.352089 0.560227 0.051151 0.138636
0 133 0.390452 0.576705 0.037511 0.107955
0 134 0.444587 0.579545 0.052003 0.150000
0 135 0.254902 0.525000 0.042626 0.134091
0 136 0.282609 0.498295 0.041773 0.112500
0 137 0.332481 0.502841 0.042626 0.121591
0 138 0.397698 0.500568 0.036658 0.114773
0 139 0.396419 0.517045 0.039216 0.129545
0 140 0.451833 0.511364 0.037511 0.134091
0 141 0.417732 0.514773 0.042626 0.120455
0 142 0.563086 0.547727 0.046888 0.125000
0 143 0.615090 0.583523 0.041773 0.151136
0 144 0.607417 0.536364 0.046888 0.129545
0 146 0.007246 0.455114 0.012788 0.119318
0 152 0.516198 0.447159 0.040068 0.121591
0 153 0.518755 0.403977 0.031543 0.128409
0 154 0.574169 0.417045 0.041773 0.134091
0 155 0.615942 0.425568 0.040068 0.137500
0 156 0.609548 0.402273 0.039216 0.120455
0 157 0.568627 0.395455 0.042626 0.147727
0 158 0.479113 0.318182 0.037511 0.111364
0 160 0.535806 0.326136 0.031543 0.106818
0 161 0.343564 0.385227 0.037511 0.122727
0 162 0.320119 0.376136 0.036658 0.118182
0 163 0.016198 0.407386 0.030691 0.107955
0 164 0.047315 0.403409 0.038363 0.120455
0 165 0.081841 0.421023 0.047741 0.114773
0 166 0.116368 0.434659 0.033248 0.105682
0 169 0.140665 0.497159 0.037511 0.123864
0 170 0.162404 0.469318 0.036658 0.125000
0 171 0.161125 0.386364 0.039216 0.120455
0 172 0.136829 0.348864 0.036658 0.111364
0 173 0.170077 0.355682 0.033248 0.111364
0 174 0.202899 0.340341 0.034101 0.128409
0 175 0.231032 0.342614 0.037511 0.119318
0 176 0.247656 0.311364 0.041773 0.106818
0 177 0.275362 0.240341 0.034101 0.105682
0 178 0.531543 0.273864 0.031543 0.097727
0 180 0.589940 0.281818 0.035806 0.106818
0 181 0.016624 0.238636 0.031543 0.097727
0 182 0.046888 0.137500 0.028986 0.088636
0 183 0.055840 0.120455 0.031543 0.097727
0 186 0.045183 0.032955 0.028986 0.063636
0 187 0.223785 0.141477 0.038363 0.105682
0 188 0.248508 0.152273 0.033248 0.093182
0 189 0.362319 0.198864 0.037511 0.111364
0 190 0.390878 0.183523 0.036658 0.103409
0 191 0.335891 0.151705 0.037511 0.123864
0 193 0.331202 0.120455 0.033248 0.106818
0 194 0.367008 0.176705 0.028133 0.069318
0 195 0.345695 0.165341 0.033248 0.092045
0 196 0.514919 0.209091 0.028986 0.093182
0 197 0.545610 0.213636 0.032396 0.106818
0 198 0.480818 0.164205 0.028986 0.101136
0 199 0.459079 0.157386 0.033248 0.119318
0 200 0.326939 0.063068 0.033248 0.096591
0 201 0.353367 0.056818 0.029838 0.102273
0 202 0.375959 0.048864 0.025575 0.084091
0 203 0.507673 0.125000 0.033248 0.097727
0 204 0.558397 0.177841 0.040921 0.110227
0 205 0.600597 0.188636 0.038363 0.106818
0 206 0.583973 0.161364 0.032396 0.106818
0 208 0.260443 0.032386 0.031543 0.062500
0 209 0.343564 0.028977 0.032396 0.055682
0 210 0.369139 0.010227 0.028986 0.018182
0 211 0.263853 0.020455 0.031543 0.038636
0 212 0.566070 0.101705 0.032396 0.094318
0 213 0.517903 0.043750 0.028133 0.078409
0 214 0.543905 0.041477 0.028986 0.080682
0 215 0.457374 0.077841 0.028133 0.096591
0 216 0.432225 0.062500 0.032396 0.084091
0 217 0.416027 0.076136 0.035806 0.079545
0 218 0.413470 0.027273 0.023870 0.052273
0 219 0.347400 0.006818 0.028133 0.011364
0 220 0.384484 0.007955 0.028986 0.013636
0 221 0.561807 0.028977 0.025575 0.055682
0 222 0.578858 0.025000 0.023870 0.047727
0 223 0.514066 0.026136 0.028986 0.050000
0 224 0.531117 0.018750 0.028986 0.035227
0 225 0.442455 0.014773 0.028986 0.027273
0 226 0.456522 0.016477 0.028133 0.030682
0 227 0.881500 0.131818 0.028986 0.093182
0 228 0.947997 0.107386 0.030691 0.087500
0 229 0.904518 0.037500 0.028986 0.072727
0 230 0.591219 0.117045 0.028133 0.093182
0 236 0.937766 0.596023 0.039216 0.130682
0 237 0.901108 0.125000 0.032396 0.097727
0 238 0.914322 0.109091 0.034953 0.104545
0 239 0.904945 0.071591 0.031543 0.097727
0 240 0.186275 0.960795 0.038363 0.080682
0 241 0.200341 0.939205 0.042626 0.121591
0 242 0.236147 0.934659 0.037511 0.126136
0 243 0.286871 0.971591 0.041773 0.059091
0 244 0.632566 0.504545 0.040921 0.118182
0 245 0.566070 0.017614 0.028986 0.032955
0 246 0.591645 0.023864 0.028986 0.045455
0 247 0.580989 0.065909 0.033248 0.084091
0 248 0.445865 0.484659 0.040921 0.126136
0 249 0.294118 0.111364 0.032396 0.111364
0 250 0.618926 0.900568 0.039216 0.157955
0 322 0.948849 0.790341 0.046036 0.148864
0 323 0.867008 0.575000 0.051151 0.134091
0 325 0.414322 0.569318 0.032396 0.102273
0 326 0.613384 0.628977 0.041773 0.119318
0 373 0.554987 0.278409 0.037511 0.111364
0 387 0.464621 0.845455 0.044331 0.147727
0 388 0.493180 0.833523 0.045183 0.155682
0 389 0.537511 0.842045 0.050298 0.145455
0 416 0.056692 0.932955 0.050298 0.136364
0 423 0.431799 0.928977 0.052003 0.142045
0 424 0.383632 0.916477 0.040921 0.128409
0 425 0.391731 0.971023 0.040068 0.060227
0 426 0.563512 0.888068 0.054561 0.151136
0 430 0.680733 0.965341 0.052003 0.071591
0 431 0.733163 0.950568 0.051151 0.092045
0 432 0.789429 0.936364 0.051151 0.120455
0 433 0.748082 0.917614 0.052003 0.153409
0 435 0.699915 0.928409 0.054561 0.106818
0 436 0.817136 0.959659 0.060529 0.082955
0 437 0.846547 0.961932 0.046036 0.073864
0 455 0.978261 0.790909 0.036658 0.154545
0 458 0.889599 0.845455 0.050298 0.156818
0 462 0.902387 0.578409 0.043478 0.138636
0 466 0.817988 0.582955 0.045183 0.134091
0 469 0.664962 0.691477 0.051151 0.142045
0 472 0.624893 0.671591 0.046036 0.143182
0 473 0.557118 0.666477 0.046888 0.135227
0 478 0.524297 0.656250 0.047741 0.148864
0 492 0.836317 0.426136 0.040921 0.122727
0 493 0.801790 0.452273 0.033248 0.088636
0 494 0.805627 0.455114 0.035806 0.114773
0 497 0.771952 0.441477 0.038363 0.121591
0 503 0.482523 0.393750 0.042626 0.123864
0 532 0.529412 0.494318 0.037511 0.129545
0 533 0.498721 0.497727 0.042626 0.138636
0 534 0.435635 0.422159 0.037511 0.119318
0 535 0.469736 0.474432 0.042626 0.119318
0 542 0.729753 0.326136 0.039216 0.118182
0 544 0.499574 0.319886 0.034101 0.114773
0 546 0.817562 0.456818 0.028986 0.070455
0 550 0.872123 0.420455 0.046036 0.118182
0 551 0.740409 0.420455 0.038363 0.129545
0 552 0.580989 0.580114 0.041773 0.142045
0 553 0.656863 0.661364 0.045183 0.152273
0 561 0.139386 0.446591 0.036658 0.106818
0 563 0.480392 0.428977 0.043478 0.126136
0 564 0.506394 0.478409 0.035806 0.106818
0 567 0.468883 0.726705 0.047741 0.146591
0 571 0.415601 0.647727 0.033248 0.102273
0 582 0.112106 0.493182 0.038363 0.113636
0 590 0.083973 0.148295 0.038363 0.092045
0 594 0.909633 0.139205 0.035806 0.105682
0 595 0.443734 0.151136 0.033248 0.102273
0 596 0.024723 0.044886 0.027280 0.080682
0 597 0.472720 0.106250 0.028133 0.089773
0 598 0.630435 0.136364 0.033248 0.097727
0 603 0.387042 0.025568 0.023870 0.048864
0 604 0.418585 0.061932 0.023870 0.089773
0 680 0.581415 0.063068 0.039216 0.089773
0 685 0.595482 0.165909 0.033248 0.093182
0 691 0.088235 0.023295 0.031543 0.044318
0 694 0.081841 0.022159 0.025575 0.042045
