0 53 0.026002 0.869318 0.050298 0.143182
0 54 0.347400 0.910227 0.055413 0.143182
0 55 0.383205 0.927273 0.050298 0.136364
0 56 0.421569 0.907955 0.046888 0.122727
0 70 0.054987 0.973295 0.036658 0.055682
0 71 0.095482 0.967614 0.037511 0.067045
0 72 0.354220 0.955682 0.041773 0.086364
0 73 0.303069 0.947727 0.046888 0.102273
0 80 0.583120 0.923864 0.042626 0.134091
0 89 0.933930 0.969318 0.050298 0.061364
0 90 0.977835 0.960227 0.046036 0.081818
0 91 0.768968 0.836932 0.059676 0.155682
0 92 0.783887 0.817614 0.041773 0.146591
0 93 0.878517 0.849432 0.046888 0.144318
0 94 0.925405 0.856818 0.048593 0.143182
0 107 0.499574 0.682955 0.049446 0.140909
0 114 0.899403 0.459659 0.037511 0.130682
0 115 0.817562 0.390909 0.037511 0.127273
0 116 0.782609 0.393182 0.042626 0.118182
0 117 0.974425 0.224432 0.035806 0.087500
0 118 0.465473 0.847159 0.051151 0.151136
0 119 0.423700 0.815341 0.046036 0.139773
0 120 0.390452 0.807386 0.037511 0.137500
0 121 0.355925 0.773864 0.058824 0.143182
0 122 0.437340 0.710227 0.054561 0.145455
0 123 0.383632 0.711364 0.042626 0.134091
0 124 0.326939 0.712500 0.050298 0.145455
0 127 0.015772 0.616477 0.029838 0.135227
0 128 0.054561 0.602841 0.051151 0.139773
0 129 0.100171 0.605114 0.046888 0.126136
0 130 0.189685 0.632386 0.045183 0.128409
0 131 0.225916 0.637500 0.046036 0.134091
0 132 0.349105 0.625000 0.052003 0.138636
0 133 0.390026 0.635227 0.038363 0.113636
0 134 0.445865 0.644318 0.051151 0.152273
0 135 0.221228 0.586932 0.041773 0.142045
0 136 0.201194 0.571023 0.042626 0.117045
0 137 0.250639 0.548295 0.042626 0.121591
0 138 0.377238 0.557386 0.036658 0.114773
0 139 0.319267 0.548864 0.041773 0.129545
0 140 0.428389 0.566477 0.038363 0.137500
0 141 0.398124 0.564773 0.042626 0.120455
0 142 0.563086 0.615909 0.046888 0.138636
0 143 0.635550 0.646023 0.041773 0.151136
0 144 0.615090 0.593182 0.046888 0.129545
0 152 0.509378 0.503977 0.041773 0.123864
0 153 0.490196 0.462500 0.032396 0.129545
0 154 0.552856 0.474432 0.041773 0.135227
0 155 0.586104 0.484659 0.038363 0.142045
0 156 0.592498 0.468182 0.039216 0.138636
0 157 0.544757 0.445455 0.042626 0.147727
0 158 0.453964 0.356818 0.041773 0.111364
0 160 0.519608 0.378409 0.031543 0.106818
0 161 0.320119 0.442614 0.038363 0.126136
0 162 0.294970 0.432955 0.037511 0.129545
0 164 0.013640 0.464773 0.025575 0.120455
0 165 0.037084 0.477273 0.046888 0.120455
0 166 0.070332 0.482386 0.033248 0.105682
0 169 0.101876 0.560227 0.041773 0.134091
0 170 0.117647 0.527273 0.042626 0.129545
0 171 0.127025 0.447727 0.042626 0.120455
0 172 0.097187 0.403977 0.037511 0.114773
0 173 0.128303 0.404545 0.033248 0.115909
0 174 0.166667 0.398864 0.033248 0.131818
0 175 0.201620 0.392045 0.038363 0.131818
0 176 0.203751 0.334659 0.039216 0.110227
0 177 0.263001 0.290341 0.033248 0.114773
0 178 0.514066 0.324432 0.032396 0.103409
0 180 0.562660 0.325000 0.032396 0.109091
0 183 0.008099 0.156818 0.014493 0.097727
0 186 0.014066 0.046023 0.026428 0.087500
0 187 0.181586 0.193182 0.042626 0.106818
0 188 0.212702 0.205682 0.033248 0.093182
0 189 0.350384 0.238636 0.037511 0.111364
0 190 0.381927 0.228977 0.037511 0.107955
0 191 0.316283 0.196591 0.037511 0.134091
0 193 0.309037 0.159091 0.033248 0.106818
0 194 0.350384 0.222727 0.028986 0.070455
0 195 0.327366 0.210795 0.037511 0.105682
0 196 0.510656 0.261364 0.034101 0.102273
0 197 0.539216 0.260227 0.033248 0.111364
0 198 0.466326 0.200568 0.028986 0.101136
0 199 0.442455 0.201136 0.034101 0.120455
0 200 0.304774 0.099432 0.033248 0.096591
0 201 0.331202 0.097727 0.029838 0.102273
0 202 0.353794 0.089773 0.027280 0.088636
0 203 0.486360 0.165909 0.036658 0.097727
0 204 0.551151 0.223864 0.045183 0.111364
0 205 0.599318 0.218182 0.037511 0.106818
0 206 0.563939 0.210227 0.033248 0.115909
0 208 0.210997 0.056818 0.034953 0.093182
0 209 0.317562 0.051705 0.033248 0.101136
0 210 0.337596 0.024432 0.027280 0.046591
0 211 0.208014 0.038636 0.032396 0.075000
0 212 0.554561 0.142614 0.033248 0.101136
0 213 0.506394 0.078409 0.025575 0.090909
0 214 0.535379 0.067614 0.028986 0.092045
0 215 0.447570 0.111364 0.028986 0.097727
0 216 0.399403 0.095455 0.029838 0.093182
0 217 0.396846 0.112500 0.036658 0.079545
0 218 0.391731 0.051136 0.024723 0.084091
0 219 0.312020 0.022159 0.028986 0.042045
0 220 0.357204 0.022727 0.030691 0.043182
0 221 0.546036 0.053409 0.024723 0.093182
0 222 0.572464 0.051705 0.024723 0.089773
0 223 0.500853 0.048864 0.028133 0.081818
0 224 0.524297 0.035227 0.028986 0.068182
0 225 0.419437 0.030114 0.028986 0.057955
0 226 0.439898 0.031250 0.030691 0.060227
0 227 0.878517 0.181818 0.028133 0.093182
0 228 0.953112 0.151136 0.030691 0.086364
0 229 0.897272 0.055682 0.028133 0.097727
0 230 0.577153 0.155682 0.028986 0.097727
0 231 0.470588 0.018750 0.028986 0.035227
0 232 0.443308 0.015909 0.028986 0.029545
0 236 0.922421 0.610227 0.040921 0.125000
0 237 0.894288 0.160227 0.034101 0.097727
0 238 0.920290 0.150000 0.034953 0.104545
0 239 0.892583 0.115909 0.032396 0.104545
0 240 0.176044 0.968182 0.038363 0.065909
0 241 0.189685 0.946591 0.041773 0.109091
0 242 0.230179 0.943182 0.039216 0.111364
0 243 0.277067 0.979545 0.040921 0.043182
0 244 0.621057 0.516477 0.038363 0.121591
0 245 0.561807 0.034659 0.028986 0.067045
0 246 0.586530 0.036932 0.028986 0.071591
0 247 0.569906 0.098864 0.033248 0.084091
0 248 0.424126 0.539205 0.041773 0.126136
0 249 0.271100 0.151705 0.035806 0.112500
0 250 0.621057 0.956818 0.041773 0.086364
0 322 0.976556 0.882386 0.045183 0.142045
0 323 0.873828 0.644886 0.054561 0.139773
0 325 0.415175 0.632386 0.032396 0.107955
0 326 0.648338 0.698864 0.046888 0.120455
0 373 0.532396 0.327273 0.036658 0.115909
0 387 0.453964 0.918182 0.046888 0.147727
0 388 0.488065 0.910227 0.046888 0.156818
0 389 0.539216 0.919318 0.050298 0.147727
0 416 0.024723 0.981250 0.039216 0.035227
0 423 0.432651 0.973295 0.045183 0.053409
0 424 0.378517 0.969318 0.039216 0.059091
0 426 0.561807 0.946591 0.051151 0.109091
0 432 0.842285 0.968182 0.051151 0.065909
0 433 0.772805 0.956818 0.048593 0.086364
0 435 0.708866 0.972159 0.058824 0.051136
0 458 0.914322 0.928977 0.050298 0.139773
0 462 0.904945 0.655682 0.050298 0.152273
0 466 0.811168 0.657955 0.046888 0.147727
0 469 0.693095 0.767045 0.051151 0.147727
0 472 0.655584 0.740909 0.046036 0.143182
0 473 0.560529 0.739773 0.046888 0.136364
0 478 0.528986 0.730114 0.050298 0.151136
0 492 0.836743 0.482955 0.043478 0.127273
0 493 0.793265 0.495455 0.033248 0.088636
0 494 0.854220 0.516477 0.037511 0.119318
0 497 0.817136 0.514205 0.046888 0.126136
0 503 0.468031 0.461364 0.037511 0.134091
0 532 0.518329 0.560227 0.040921 0.134091
0 533 0.484228 0.568750 0.037511 0.151136
0 534 0.435209 0.496591 0.043478 0.120455
0 535 0.464621 0.544886 0.042626 0.132955
0 542 0.743393 0.392614 0.039216 0.121591
0 544 0.489770 0.367045 0.038363 0.115909
0 546 0.817562 0.503977 0.028986 0.076136
0 550 0.869139 0.482955 0.046888 0.120455
0 551 0.773231 0.497159 0.044331 0.132955
0 552 0.606991 0.645455 0.042626 0.143182
0 553 0.702899 0.730114 0.046888 0.155682
0 561 0.098465 0.505114 0.036658 0.107955
0 563 0.479113 0.489773 0.046036 0.129545
0 564 0.494032 0.546591 0.038363 0.111364
0 567 0.482097 0.795455 0.050298 0.147727
0 571 0.418159 0.707386 0.033248 0.110227
0 582 0.069480 0.561364 0.038363 0.115909
0 590 0.013214 0.186364 0.024723 0.097727
0 594 0.904945 0.180682 0.038363 0.109091
0 595 0.420716 0.192045 0.033248 0.102273
0 596 0.002984 0.062500 0.004263 0.084091
0 597 0.446292 0.147159 0.028133 0.089773
0 598 0.563086 0.164773 0.033248 0.097727
0 600 0.593350 0.140341 0.028986 0.085227
0 601 0.597613 0.169318 0.037511 0.102273
0 603 0.365303 0.053409 0.026428 0.093182
0 604 0.392157 0.093182 0.023870 0.093182
0 606 0.864024 0.144318 0.038363 0.111364
0 612 0.185422 0.021591 0.034953 0.040909
0 619 0.358909 0.006818 0.027280 0.011364
0 625 0.501705 0.007955 0.024723 0.013636
0 635 0.490196 0.007955 0.034101 0.013636
0 676 0.930520 0.012500 0.021313 0.022727
0 680 0.570332 0.103977 0.037511 0.101136
0 684 0.499147 0.018182 0.034953 0.034091
0 685 0.578431 0.198864 0.033248 0.093182
0 691 0.024297 0.030114 0.024723 0.057955
0 694 0.038789 0.030682 0.026428 0.059091
