0 793 0.365175 0.921759 0.047158 0.158333
0 794 0.401451 0.924537 0.038694 0.141667
0 819 0.449819 0.906481 0.055623 0.181481
0 820 0.441052 0.363426 0.039299 0.160185
0 835 0.455562 0.390741 0.051391 0.162963
0 864 0.109432 0.972685 0.029021 0.054630
0 885 0.703446 0.744444 0.047763 0.161111
0 886 0.752116 0.745833 0.048368 0.173148
0 898 0.530230 0.722685 0.054414 0.187963
0 899 0.325877 0.720370 0.044740 0.157407
0 900 0.903567 0.967130 0.042926 0.065741
0 901 0.977025 0.932870 0.044740 0.136111
0 902 0.429867 0.725926 0.050786 0.170370
0 903 0.453144 0.752778 0.044135 0.148148
0 904 0.629988 0.417593 0.041112 0.157407
0 908 0.589178 0.415741 0.048972 0.148148
0 909 0.525393 0.414815 0.055623 0.159259
0 910 0.515417 0.399537 0.053809 0.147222
0 911 0.290206 0.749074 0.041112 0.172222
0 912 0.377267 0.757407 0.042322 0.162963
0 913 0.360943 0.825926 0.047158 0.198148
0 914 0.389057 0.858796 0.041717 0.160185
0 915 0.447703 0.875000 0.048972 0.159259
0 917 0.720979 0.911574 0.051391 0.176852
0 922 0.308343 0.975000 0.048368 0.051852
0 932 0.847037 0.697222 0.042322 0.157407
0 933 0.890568 0.716204 0.044740 0.137963
0 938 0.864571 0.647685 0.049577 0.154630
0 939 0.914148 0.647685 0.033857 0.156481
0 941 0.943168 0.798148 0.054414 0.164815
0 944 0.888452 0.642130 0.033253 0.123148
0 945 0.819226 0.670370 0.036276 0.111111
0 946 0.904172 0.685185 0.036880 0.135185
0 947 0.940750 0.632407 0.044740 0.140741
0 952 0.500000 0.950926 0.050786 0.100000
0 953 0.452539 0.956019 0.050181 0.089815
0 958 0.831318 0.888889 0.044740 0.164815
0 959 0.895405 0.789352 0.048368 0.165741
0 963 0.770859 0.667130 0.060459 0.191667
0 964 0.968259 0.522685 0.036880 0.145370
0 965 0.987606 0.487500 0.023579 0.141667
0 966 0.831923 0.313889 0.044740 0.140741
0 967 0.977630 0.567130 0.032648 0.150926
0 968 0.754232 0.428704 0.048972 0.153704
0 969 0.785973 0.435185 0.044740 0.137037
0 970 0.942563 0.543519 0.047158 0.146296
0 971 0.915961 0.482407 0.042322 0.150000
0 972 0.889964 0.503241 0.037485 0.145370
0 973 0.961306 0.431944 0.039903 0.123148
0 974 0.987304 0.431481 0.024184 0.127778
0 975 0.812878 0.275463 0.044135 0.136111
0 976 0.903567 0.295833 0.040508 0.132407
0 993 0.011487 0.587500 0.021765 0.158333
0 994 0.038089 0.537963 0.047158 0.155556
0 997 0.006348 0.526389 0.011487 0.171296
0 998 0.014208 0.501852 0.027207 0.135185
0 999 0.014813 0.532407 0.025998 0.088889
0 1000 0.478235 0.694444 0.055623 0.168519
0 1001 0.764813 0.882870 0.055623 0.182407
0 1002 0.829202 0.808796 0.051391 0.156481
0 1003 0.512092 0.678241 0.048368 0.162037
0 1004 0.650544 0.718981 0.047158 0.165741
0 1005 0.773277 0.567593 0.049577 0.140741
0 1006 0.417473 0.618981 0.046554 0.167593
0 1007 0.854897 0.501389 0.039903 0.149074
0 1008 0.831620 0.525926 0.048972 0.148148
0 1009 0.790206 0.519444 0.043531 0.146296
0 1010 0.874849 0.433796 0.032648 0.123148
0 1011 0.706167 0.570833 0.051995 0.150926
0 1012 0.845828 0.440278 0.049577 0.137963
0 1013 0.698912 0.480093 0.037485 0.145370
0 1014 0.733374 0.493981 0.038694 0.137963
0 1015 0.615780 0.705093 0.041717 0.162037
0 1016 0.480048 0.607407 0.045949 0.151852
0 1017 0.622128 0.584722 0.044740 0.171296
0 1018 0.510580 0.518981 0.046554 0.147222
0 1019 0.517836 0.563889 0.041717 0.140741
0 1020 0.556832 0.535185 0.047158 0.166667
0 1021 0.659008 0.578241 0.045949 0.175000
0 1022 0.885429 0.374537 0.039299 0.145370
0 1023 0.181378 0.248148 0.039903 0.140741
0 1024 0.144800 0.263426 0.034462 0.132407
0 1025 0.738815 0.330556 0.043531 0.142593
0 1026 0.764510 0.327315 0.033253 0.128704
0 1036 0.796856 0.847222 0.036276 0.137037
0 1040 0.117896 0.950000 0.045949 0.101852
0 1041 0.060459 0.969907 0.037485 0.060185
0 1043 0.014813 0.871296 0.028416 0.159259
0 1044 0.092201 0.850926 0.052600 0.172222
0 1046 0.982164 0.246296 0.034462 0.135185
0 1047 0.927449 0.307407 0.033857 0.129630
0 1048 0.949214 0.246296 0.041112 0.157407
0 1049 0.865175 0.275000 0.036276 0.140741
0 1050 0.952539 0.211111 0.025998 0.131481
0 1051 0.920798 0.197685 0.035067 0.137963
0 1052 0.889359 0.250463 0.039903 0.126852
0 1058 0.943168 0.160648 0.035067 0.110185
0 1059 0.988513 0.136574 0.021765 0.128704
0 1060 0.941354 0.167130 0.037485 0.123148
0 1061 0.944982 0.046296 0.041112 0.090741
0 1062 0.888755 0.216667 0.037485 0.114815
0 1066 0.868803 0.039352 0.037485 0.076852
0 1067 0.906892 0.041667 0.035067 0.081481
0 1068 0.906892 0.098148 0.037485 0.124074
0 1069 0.896917 0.153704 0.036880 0.114815
0 1070 0.880593 0.067593 0.034462 0.129630
0 1071 0.849758 0.142130 0.036880 0.121296
0 1072 0.841898 0.189352 0.039299 0.117593
0 1073 0.602781 0.490741 0.042322 0.146296
0 1074 0.697400 0.287037 0.041717 0.148148
0 1075 0.660520 0.294907 0.036880 0.139815
0 1076 0.633011 0.282407 0.032648 0.137037
0 1077 0.597642 0.317130 0.040508 0.149074
0 1078 0.564389 0.311574 0.039299 0.154630
0 1080 0.766626 0.149537 0.030230 0.093519
0 1081 0.831620 0.075463 0.032044 0.110185
0 1082 0.817412 0.060185 0.031439 0.105556
0 1083 0.786578 0.062037 0.035067 0.118519
0 1084 0.738815 0.137963 0.037485 0.118519
0 1085 0.694982 0.126852 0.046554 0.140741
0 1086 0.702842 0.082407 0.039299 0.118519
0 1087 0.639661 0.169444 0.030230 0.129630
0 1090 0.039903 0.333796 0.036276 0.149074
0 1091 0.047158 0.275000 0.038694 0.148148
0 1092 0.071342 0.294907 0.042322 0.150926
0 1093 0.088271 0.220833 0.039903 0.143519
0 1095 0.009976 0.166667 0.018742 0.142593
0 1096 0.011790 0.084259 0.022370 0.151852
0 1097 0.025998 0.174074 0.030230 0.133333
0 1099 0.036276 0.102315 0.035067 0.143519
0 1100 0.048972 0.143981 0.035067 0.137963
0 1101 0.055925 0.158796 0.034462 0.132407
0 1102 0.085248 0.100000 0.039903 0.135185
0 1103 0.093712 0.196759 0.030230 0.134259
0 1104 0.123942 0.116667 0.032648 0.153704
0 1105 0.068622 0.074074 0.034462 0.135185
0 1107 0.141173 0.079167 0.036880 0.143519
0 1108 0.132406 0.040278 0.035067 0.078704
0 1109 0.220677 0.188426 0.031439 0.099074
0 1110 0.245163 0.182870 0.034462 0.126852
0 1111 0.264813 0.204167 0.044740 0.128704
0 1112 0.183192 0.044444 0.027811 0.087037
0 1115 0.295042 0.055556 0.032648 0.100000
0 1116 0.329807 0.064815 0.032044 0.125926
0 1117 0.289299 0.196759 0.027207 0.106481
0 1118 0.320738 0.039352 0.036880 0.076852
0 1120 0.516929 0.181019 0.039903 0.123148
0 1121 0.449214 0.143519 0.037485 0.125926
0 1122 0.404776 0.049074 0.029625 0.096296
0 1123 0.376663 0.059722 0.031439 0.110185
0 1124 0.395405 0.075463 0.032648 0.117593
0 1125 0.315296 0.163426 0.034462 0.136111
0 1127 0.558646 0.178704 0.039903 0.140741
0 1128 0.576784 0.147685 0.036276 0.139815
0 1129 0.613966 0.177315 0.039299 0.137963
0 1131 0.465236 0.094907 0.041717 0.150926
0 1132 0.493652 0.107407 0.029625 0.127778
0 1133 0.529021 0.102315 0.035067 0.139815
0 1134 0.541717 0.108796 0.025393 0.095370
0 1135 0.568924 0.091667 0.039903 0.137037
0 1136 0.617594 0.145370 0.034462 0.135185
0 1137 0.605502 0.085648 0.036880 0.137963
0 1138 0.641173 0.095833 0.035671 0.128704
0 1139 0.554414 0.071296 0.032648 0.120370
0 1140 0.417170 0.142130 0.036276 0.132407
0 1151 0.764813 0.068519 0.035067 0.107407
0 1152 0.687424 0.110185 0.033857 0.125926
0 1153 0.299274 0.070370 0.031439 0.112963
0 1154 0.839178 0.211111 0.036276 0.142593
0 1155 0.788392 0.116667 0.037485 0.124074
0 1156 0.116687 0.175463 0.039903 0.143519
0 1157 0.177146 0.027778 0.032648 0.053704
0 1175 0.340085 0.490741 0.034462 0.157407
0 1197 0.338573 0.242130 0.030230 0.117593
0 1198 0.122128 0.744444 0.051995 0.159259
0 1200 0.358525 0.257407 0.027811 0.125926
0 1206 0.123337 0.709259 0.055623 0.164815
0 1284 0.834341 0.410185 0.039903 0.140741
0 1285 0.859432 0.409259 0.029625 0.131481
0 1306 0.227630 0.611111 0.041717 0.168519
0 1307 0.201330 0.601852 0.041112 0.166667
0 1308 0.336155 0.589815 0.032648 0.146296
0 1325 0.198609 0.526389 0.036880 0.147222
0 1326 0.200121 0.498148 0.032648 0.157407
0 1328 0.160520 0.487963 0.039299 0.131481
0 1329 0.160520 0.453704 0.039299 0.146296
0 1330 0.127267 0.484259 0.044135 0.148148
0 1343 0.335550 0.151389 0.031439 0.121296
0 1344 0.357920 0.146759 0.032648 0.126852
0 1444 0.253325 0.387500 0.044740 0.139815
0 1445 0.240931 0.404167 0.034462 0.145370
0 1501 0.239722 0.875926 0.045345 0.162963
0 1549 0.275998 0.705556 0.053809 0.157407
0 1567 0.394196 0.575000 0.045949 0.153704
0 1592 0.314692 0.633796 0.036880 0.154630
0 1594 0.313482 0.676389 0.044135 0.165741
0 1650 0.393894 0.672222 0.051391 0.146296
0 1653 0.575877 0.717593 0.052600 0.146296
0 1655 0.417775 0.465278 0.035067 0.123148
0 1657 0.407799 0.431481 0.041717 0.107407
0 1716 0.395103 0.518056 0.034462 0.143519
0 1717 0.409915 0.492130 0.029021 0.132407
0 1776 0.209190 0.559722 0.037485 0.143519
0 1777 0.264208 0.541204 0.045949 0.158333
0 1778 0.263906 0.584722 0.039299 0.163889
0 1780 0.231258 0.348148 0.039299 0.144444
0 1782 0.269045 0.336111 0.039903 0.151852
0 1799 0.374849 0.393056 0.039903 0.137963
0 1862 0.196796 0.323148 0.035671 0.124074
0 1863 0.464631 0.506481 0.035671 0.142593
0 1899 0.016324 0.351852 0.031439 0.137037
0 1906 0.008464 0.384259 0.015719 0.124074
