0 793 0.372733 0.904167 0.045345 0.173148
0 794 0.408102 0.909259 0.039903 0.153704
0 819 0.454958 0.889815 0.056227 0.181481
0 820 0.441959 0.355556 0.039903 0.155556
0 825 0.519347 0.980093 0.030230 0.041667
0 827 0.152358 0.969444 0.042322 0.057407
0 835 0.459190 0.385185 0.051391 0.162963
0 836 0.723096 0.970370 0.051995 0.057407
0 857 0.467956 0.973611 0.036276 0.049074
0 864 0.134220 0.963426 0.031439 0.075000
0 885 0.698609 0.716667 0.046554 0.157407
0 886 0.750302 0.717593 0.051995 0.174074
0 898 0.536880 0.697685 0.054414 0.187963
0 899 0.341898 0.700463 0.048972 0.156481
0 900 0.893894 0.948148 0.051391 0.103704
0 901 0.967050 0.915741 0.048972 0.170370
0 902 0.439843 0.707407 0.051391 0.170370
0 903 0.463422 0.731481 0.044135 0.148148
0 904 0.626058 0.398611 0.038089 0.156481
0 908 0.586759 0.399074 0.045345 0.148148
0 909 0.522068 0.401389 0.047763 0.160185
0 910 0.516626 0.393981 0.051391 0.145370
0 911 0.312576 0.724074 0.042322 0.162963
0 912 0.389661 0.740741 0.041717 0.162963
0 913 0.377267 0.806481 0.047158 0.198148
0 914 0.407799 0.839352 0.041717 0.160185
0 915 0.458585 0.856481 0.048972 0.161111
0 917 0.722491 0.895370 0.050786 0.190741
0 922 0.329807 0.959722 0.053809 0.082407
0 932 0.840992 0.670370 0.043531 0.155556
0 933 0.883011 0.693519 0.044135 0.137037
0 938 0.857316 0.625463 0.051995 0.154630
0 939 0.907799 0.623148 0.034462 0.151852
0 941 0.937727 0.767130 0.054414 0.160185
0 944 0.884522 0.621296 0.033857 0.124074
0 945 0.816808 0.646296 0.036276 0.109259
0 946 0.902358 0.657407 0.039299 0.135185
0 947 0.933797 0.614815 0.039299 0.140741
0 952 0.494559 0.939815 0.050786 0.122222
0 953 0.444982 0.943519 0.049577 0.114815
0 958 0.831318 0.855093 0.044740 0.154630
0 959 0.889359 0.762500 0.047158 0.165741
0 963 0.771463 0.639815 0.060459 0.183333
0 964 0.964631 0.501389 0.036880 0.145370
0 965 0.986397 0.467593 0.025998 0.151852
0 966 0.842201 0.302778 0.044740 0.140741
0 967 0.968259 0.543519 0.036880 0.151852
0 968 0.756651 0.408333 0.048972 0.153704
0 969 0.787485 0.412037 0.046554 0.135185
0 970 0.936518 0.520370 0.047158 0.146296
0 971 0.912938 0.459259 0.042322 0.151852
0 972 0.886336 0.474537 0.037485 0.141667
0 973 0.952842 0.407407 0.039903 0.124074
0 974 0.982467 0.413426 0.031439 0.139815
0 975 0.819528 0.268519 0.044135 0.144444
0 976 0.905683 0.276389 0.039903 0.132407
0 993 0.014813 0.565278 0.028416 0.162037
0 994 0.045949 0.517593 0.047158 0.159259
0 997 0.007860 0.501852 0.014510 0.170370
0 998 0.017231 0.479630 0.033253 0.135185
0 999 0.024788 0.510648 0.025393 0.086111
0 1000 0.485792 0.667130 0.056227 0.167593
0 1001 0.761185 0.852315 0.055623 0.186111
0 1002 0.824667 0.779167 0.050786 0.162037
0 1003 0.514813 0.655093 0.046554 0.162037
0 1004 0.648730 0.690278 0.047158 0.165741
0 1005 0.773277 0.549074 0.049577 0.140741
0 1006 0.433797 0.594907 0.046554 0.165741
0 1007 0.851270 0.484722 0.039903 0.149074
0 1008 0.829504 0.507870 0.049577 0.149074
0 1009 0.785973 0.502778 0.043531 0.146296
0 1010 0.869105 0.423611 0.032044 0.123148
0 1011 0.704958 0.550463 0.051995 0.150926
0 1012 0.838573 0.423611 0.049577 0.137963
0 1013 0.697703 0.455093 0.037485 0.145370
0 1014 0.732164 0.470833 0.041112 0.139815
0 1015 0.613966 0.674537 0.041717 0.162037
0 1016 0.487304 0.584722 0.044740 0.150926
0 1017 0.620919 0.556019 0.044740 0.171296
0 1018 0.517231 0.495370 0.046554 0.144444
0 1019 0.524184 0.538889 0.042322 0.140741
0 1020 0.558343 0.506481 0.046554 0.161111
0 1021 0.654474 0.547222 0.042926 0.168519
0 1022 0.880290 0.356944 0.039903 0.145370
0 1023 0.188029 0.229630 0.039903 0.140741
0 1024 0.150846 0.247685 0.034462 0.132407
0 1025 0.740024 0.306944 0.043531 0.134259
0 1026 0.764813 0.308796 0.033857 0.128704
0 1035 0.003628 0.435648 0.006046 0.071296
0 1036 0.791415 0.814352 0.036276 0.136111
0 1040 0.097642 0.939352 0.044135 0.123148
0 1041 0.039601 0.968981 0.041717 0.063889
0 1043 0.009069 0.846759 0.016929 0.160185
0 1044 0.070738 0.828704 0.053204 0.174074
0 1046 0.980955 0.225000 0.036880 0.135185
0 1047 0.929565 0.290741 0.034462 0.129630
0 1048 0.948005 0.226852 0.041112 0.157407
0 1049 0.868803 0.259259 0.036276 0.140741
0 1050 0.950121 0.191667 0.024788 0.131481
0 1051 0.922007 0.178241 0.035067 0.139815
0 1052 0.894196 0.232870 0.039903 0.126852
0 1058 0.944680 0.140741 0.035671 0.109259
0 1059 0.989420 0.128241 0.019952 0.128704
0 1060 0.942866 0.147685 0.036880 0.123148
0 1061 0.948609 0.035185 0.041112 0.068519
0 1062 0.885732 0.196296 0.037485 0.114815
0 1067 0.918984 0.033333 0.035067 0.064815
0 1068 0.911729 0.082407 0.037485 0.124074
0 1069 0.899033 0.134259 0.037485 0.114815
0 1070 0.892684 0.062037 0.034462 0.122222
0 1071 0.849154 0.122685 0.036880 0.121296
0 1072 0.836759 0.166204 0.035067 0.117593
0 1073 0.603688 0.467593 0.041717 0.146296
0 1074 0.695889 0.270370 0.041112 0.144444
0 1075 0.657799 0.276852 0.036276 0.140741
0 1076 0.629988 0.262963 0.033857 0.135185
0 1077 0.598247 0.294907 0.044135 0.149074
0 1078 0.566505 0.285185 0.038694 0.151852
0 1080 0.767231 0.131019 0.030230 0.093519
0 1081 0.840992 0.066667 0.032648 0.109259
0 1082 0.825272 0.051389 0.030230 0.100926
0 1083 0.798368 0.056944 0.034462 0.112037
0 1084 0.733374 0.121296 0.037485 0.118519
0 1085 0.698609 0.112963 0.045345 0.140741
0 1087 0.638452 0.150926 0.030230 0.129630
0 1090 0.019649 0.321759 0.036880 0.149074
0 1091 0.055320 0.256481 0.039299 0.148148
0 1092 0.080411 0.275926 0.042322 0.150000
0 1093 0.101572 0.201389 0.039903 0.141667
0 1095 0.012092 0.150000 0.022975 0.142593
0 1096 0.016929 0.072685 0.032648 0.141667
0 1097 0.037183 0.151389 0.032044 0.125000
0 1099 0.050181 0.085648 0.035067 0.143519
0 1100 0.056832 0.127315 0.035067 0.137963
0 1101 0.065599 0.145833 0.034462 0.132407
0 1102 0.095526 0.082407 0.039903 0.135185
0 1103 0.094619 0.177315 0.029625 0.134259
0 1104 0.138452 0.099537 0.032648 0.152778
0 1105 0.077388 0.064815 0.035067 0.127778
0 1107 0.148428 0.069907 0.036880 0.137963
0 1108 0.137243 0.030556 0.035067 0.059259
0 1109 0.226723 0.171759 0.031439 0.099074
0 1110 0.252116 0.163426 0.033857 0.126852
0 1111 0.267231 0.190278 0.043531 0.128704
0 1112 0.192563 0.037037 0.027207 0.072222
0 1115 0.301693 0.042593 0.032648 0.083333
0 1116 0.332830 0.058333 0.032044 0.114815
0 1117 0.284764 0.182870 0.026602 0.106481
0 1118 0.328295 0.032407 0.037485 0.062963
0 1120 0.514510 0.156019 0.039903 0.123148
0 1121 0.459794 0.125000 0.036880 0.125926
0 1122 0.410520 0.042593 0.029021 0.083333
0 1123 0.384825 0.052778 0.032044 0.101852
0 1124 0.401149 0.062963 0.032044 0.118519
0 1125 0.310157 0.150926 0.035067 0.138889
0 1127 0.553809 0.159259 0.039903 0.140741
0 1128 0.574365 0.129167 0.036276 0.136111
0 1129 0.615780 0.158796 0.039299 0.137963
0 1131 0.465236 0.080093 0.041717 0.149074
0 1132 0.493047 0.086574 0.029625 0.126852
0 1133 0.526904 0.088426 0.033253 0.139815
0 1134 0.538694 0.096296 0.025393 0.094444
0 1135 0.573156 0.078704 0.039903 0.133333
0 1136 0.613966 0.127778 0.038089 0.135185
0 1137 0.606711 0.074074 0.036880 0.131481
0 1138 0.644196 0.077315 0.036880 0.128704
0 1139 0.556832 0.060648 0.032648 0.110185
0 1140 0.428053 0.121296 0.036276 0.133333
0 1151 0.770254 0.060648 0.035067 0.106481
0 1152 0.689541 0.096296 0.034462 0.125926
0 1153 0.308343 0.055556 0.030230 0.105556
0 1154 0.835550 0.191667 0.036276 0.142593
0 1155 0.788089 0.097222 0.036880 0.124074
0 1156 0.117896 0.157870 0.039903 0.143519
0 1157 0.182588 0.016667 0.031439 0.031481
0 1175 0.341898 0.482407 0.034462 0.157407
0 1197 0.339178 0.237500 0.030230 0.117593
0 1198 0.122733 0.738889 0.051995 0.157407
0 1200 0.358525 0.252778 0.027811 0.125926
0 1206 0.124849 0.702315 0.059855 0.162037
0 1284 0.834341 0.395833 0.038694 0.139815
0 1285 0.858827 0.397222 0.029625 0.131481
0 1306 0.228235 0.604630 0.041717 0.168519
0 1307 0.201935 0.589352 0.041112 0.169444
0 1308 0.335852 0.582407 0.032044 0.146296
0 1325 0.197400 0.509722 0.036880 0.147222
0 1326 0.200726 0.490741 0.032648 0.157407
0 1328 0.164450 0.486574 0.033857 0.132407
0 1329 0.160520 0.443519 0.039299 0.146296
0 1330 0.129686 0.476852 0.044135 0.148148
0 1343 0.336457 0.144907 0.032044 0.121296
0 1344 0.359129 0.143056 0.032648 0.126852
0 1444 0.254534 0.380093 0.044740 0.139815
0 1445 0.242140 0.396759 0.034462 0.145370
0 1501 0.233676 0.872222 0.047763 0.162963
0 1549 0.277207 0.700000 0.052600 0.157407
0 1567 0.394196 0.565741 0.045949 0.153704
0 1592 0.317110 0.628241 0.036880 0.154630
0 1594 0.315296 0.668056 0.044135 0.165741
0 1650 0.395707 0.665741 0.051391 0.146296
0 1653 0.577086 0.712037 0.053809 0.146296
0 1655 0.417775 0.453241 0.035067 0.123148
0 1657 0.408706 0.422222 0.042322 0.107407
0 1716 0.395103 0.507870 0.034462 0.143519
0 1717 0.409915 0.484722 0.029021 0.132407
0 1776 0.208585 0.550000 0.037485 0.146296
0 1777 0.265417 0.530556 0.045949 0.157407
0 1778 0.262092 0.573148 0.039299 0.164815
0 1780 0.230653 0.342593 0.039299 0.140741
0 1782 0.270254 0.327778 0.039903 0.151852
0 1799 0.374849 0.383796 0.039903 0.137963
0 1862 0.195284 0.313889 0.035067 0.125926
0 1863 0.458888 0.500000 0.038694 0.144444
0 1899 0.029625 0.345370 0.041112 0.137037
0 1906 0.014813 0.376852 0.028416 0.124074
