0 793 0.380290 0.866204 0.042322 0.173148
0 794 0.415961 0.876852 0.039903 0.157407
0 801 0.431983 0.971759 0.038089 0.056481
0 819 0.463422 0.862037 0.056227 0.181481
0 820 0.443168 0.343519 0.038694 0.157407
0 825 0.530834 0.961111 0.041112 0.077778
0 827 0.195889 0.951852 0.053204 0.092593
0 835 0.457376 0.375926 0.050181 0.162963
0 836 0.723700 0.953704 0.056832 0.094444
0 856 0.408404 0.992130 0.025998 0.015741
0 857 0.477932 0.956481 0.045345 0.083333
0 864 0.172914 0.944907 0.031439 0.112037
0 885 0.690145 0.676389 0.045345 0.156481
0 886 0.744559 0.674537 0.051391 0.171296
0 896 0.904172 0.975463 0.039299 0.050926
0 898 0.545345 0.662963 0.054414 0.181481
0 899 0.360641 0.668056 0.042926 0.156481
0 900 0.882709 0.920370 0.049577 0.161111
0 901 0.944075 0.878241 0.048972 0.193519
0 902 0.454958 0.679167 0.051391 0.163889
0 903 0.478537 0.705556 0.044135 0.146296
0 904 0.616989 0.372685 0.036880 0.156481
0 908 0.584341 0.375926 0.041717 0.148148
0 909 0.523277 0.393056 0.044135 0.160185
0 910 0.519649 0.385185 0.047763 0.142593
0 911 0.344317 0.705093 0.056227 0.162037
0 912 0.407195 0.719444 0.041717 0.162963
0 913 0.399940 0.775463 0.046554 0.193519
0 914 0.431076 0.808796 0.041112 0.160185
0 915 0.476421 0.826389 0.049577 0.162037
0 917 0.732164 0.861574 0.050786 0.189815
0 922 0.364571 0.939352 0.053204 0.123148
0 932 0.834946 0.632870 0.043531 0.150926
0 933 0.876663 0.652315 0.043531 0.145370
0 938 0.850665 0.596759 0.051995 0.154630
0 939 0.895103 0.583796 0.034462 0.136111
0 941 0.923216 0.729167 0.054414 0.160185
0 943 0.980048 0.575926 0.037485 0.155556
0 944 0.873942 0.588426 0.033253 0.123148
0 945 0.810157 0.614815 0.037485 0.109259
0 946 0.896614 0.619444 0.039903 0.135185
0 947 0.922007 0.581944 0.041112 0.139815
0 952 0.487304 0.925463 0.050786 0.150926
0 953 0.432285 0.923611 0.048368 0.154630
0 958 0.830713 0.810648 0.044740 0.154630
0 959 0.883615 0.718056 0.044135 0.165741
0 963 0.771463 0.593981 0.060459 0.176852
0 964 0.962515 0.470833 0.037485 0.145370
0 965 0.977328 0.441667 0.036880 0.159259
0 966 0.870314 0.287037 0.044135 0.140741
0 967 0.957376 0.512500 0.045345 0.150926
0 968 0.753930 0.382407 0.049577 0.153704
0 969 0.789299 0.379630 0.048972 0.135185
0 970 0.932285 0.492593 0.047158 0.146296
0 971 0.911125 0.432407 0.039903 0.151852
0 972 0.880290 0.444444 0.039903 0.140741
0 973 0.942563 0.375000 0.032648 0.131481
0 974 0.973398 0.381019 0.039903 0.139815
0 975 0.835248 0.262500 0.047763 0.141667
0 976 0.906288 0.255556 0.039903 0.140741
0 992 0.006651 0.410648 0.012092 0.165741
0 993 0.019045 0.529167 0.036880 0.162037
0 994 0.059855 0.486111 0.045949 0.155556
0 997 0.013301 0.469907 0.025393 0.163889
0 998 0.031137 0.449074 0.034462 0.135185
0 999 0.036276 0.488889 0.025393 0.085185
0 1000 0.494256 0.633796 0.056227 0.167593
0 1001 0.760580 0.801389 0.056832 0.193519
0 1002 0.815599 0.735185 0.049577 0.162963
0 1003 0.525393 0.624074 0.045949 0.162963
0 1004 0.651149 0.642593 0.047158 0.164815
0 1005 0.769649 0.519907 0.047158 0.139815
0 1006 0.456167 0.543056 0.047763 0.165741
0 1007 0.845224 0.459722 0.039903 0.149074
0 1008 0.823761 0.481481 0.046554 0.148148
0 1009 0.783555 0.475926 0.043531 0.146296
0 1010 0.858827 0.406019 0.030834 0.123148
0 1011 0.701028 0.515741 0.051391 0.151852
0 1012 0.823761 0.400463 0.050181 0.137963
0 1013 0.690447 0.423611 0.041112 0.145370
0 1014 0.737304 0.443056 0.041717 0.139815
0 1015 0.604897 0.629167 0.050181 0.154630
0 1016 0.501209 0.551852 0.044740 0.151852
0 1017 0.617291 0.510648 0.043531 0.162037
0 1018 0.530532 0.461111 0.046554 0.140741
0 1019 0.533555 0.500000 0.039299 0.140741
0 1020 0.564994 0.467130 0.045345 0.156481
0 1021 0.645707 0.502778 0.041112 0.164815
0 1022 0.867594 0.331481 0.037485 0.135185
0 1023 0.192563 0.201389 0.039299 0.147222
0 1024 0.160822 0.221759 0.033857 0.132407
0 1025 0.738815 0.286574 0.043531 0.143519
0 1026 0.764208 0.279167 0.035067 0.128704
0 1035 0.009069 0.405093 0.016929 0.071296
0 1036 0.784462 0.761111 0.036880 0.129630
0 1040 0.057437 0.932870 0.049577 0.136111
0 1041 0.012092 0.971296 0.022975 0.057407
0 1044 0.034462 0.792593 0.047158 0.179630
0 1046 0.977932 0.194907 0.039299 0.134259
0 1047 0.933192 0.265741 0.038089 0.129630
0 1048 0.946493 0.197222 0.041717 0.157407
0 1049 0.870012 0.233796 0.035067 0.139815
0 1050 0.948912 0.161111 0.024788 0.131481
0 1051 0.923216 0.151852 0.035067 0.140741
0 1052 0.903567 0.206944 0.039299 0.126852
0 1058 0.945889 0.110185 0.035671 0.109259
0 1059 0.991233 0.121296 0.016324 0.129630
0 1060 0.947703 0.113889 0.036880 0.124074
0 1062 0.885732 0.167593 0.037485 0.114815
0 1067 0.937122 0.018519 0.035067 0.035185
0 1068 0.920798 0.062037 0.036276 0.120370
0 1069 0.908102 0.112037 0.037485 0.114815
0 1070 0.903869 0.045370 0.035067 0.088889
0 1071 0.847340 0.099537 0.036880 0.121296
0 1072 0.834039 0.142593 0.032044 0.118519
0 1073 0.603386 0.429167 0.038694 0.145370
0 1074 0.690447 0.249074 0.042322 0.138889
0 1075 0.652660 0.248148 0.040508 0.140741
0 1076 0.624849 0.232870 0.034462 0.132407
0 1077 0.598247 0.262500 0.044135 0.149074
0 1078 0.571342 0.252315 0.038694 0.149074
0 1080 0.764208 0.102315 0.030230 0.091667
0 1081 0.859129 0.054630 0.032648 0.107407
0 1083 0.812878 0.047222 0.034462 0.092593
0 1084 0.724909 0.094444 0.037485 0.109259
0 1085 0.701632 0.091667 0.044135 0.140741
0 1087 0.632406 0.132407 0.030230 0.129630
0 1091 0.070435 0.228241 0.039299 0.147222
0 1092 0.094921 0.244907 0.042322 0.149074
0 1093 0.125151 0.172685 0.039903 0.137963
0 1095 0.014813 0.125000 0.028416 0.142593
0 1096 0.028416 0.056944 0.037485 0.112037
0 1097 0.046856 0.129630 0.032044 0.129630
0 1100 0.070133 0.103241 0.035067 0.137963
0 1101 0.081318 0.123611 0.034462 0.132407
0 1102 0.118501 0.069444 0.039903 0.131481
0 1103 0.102781 0.145370 0.031439 0.129630
0 1104 0.162334 0.079630 0.036880 0.151852
0 1107 0.155985 0.060185 0.036276 0.118519
0 1109 0.236094 0.145833 0.032044 0.095370
0 1110 0.252418 0.139352 0.032044 0.126852
0 1111 0.271463 0.168056 0.041112 0.128704
0 1112 0.210701 0.026389 0.033253 0.050926
0 1115 0.316808 0.029630 0.031439 0.057407
0 1116 0.340387 0.045370 0.031439 0.088889
0 1117 0.279927 0.158796 0.026602 0.106481
0 1120 0.513301 0.131019 0.039903 0.123148
0 1121 0.472491 0.099074 0.036880 0.125926
0 1123 0.402660 0.044907 0.032648 0.087963
0 1124 0.396010 0.050926 0.032648 0.100000
0 1125 0.306227 0.132870 0.034462 0.139815
0 1127 0.550181 0.130093 0.039903 0.136111
0 1128 0.570133 0.098611 0.036276 0.130556
0 1129 0.608525 0.132870 0.039299 0.137963
0 1131 0.467050 0.063889 0.041717 0.125926
0 1133 0.522068 0.066667 0.032044 0.129630
0 1134 0.533555 0.075926 0.024788 0.092593
0 1135 0.575574 0.065278 0.039903 0.119444
0 1136 0.612455 0.100926 0.039903 0.133333
0 1138 0.649335 0.058796 0.037485 0.115741
0 1139 0.560459 0.044444 0.032648 0.087037
0 1140 0.437122 0.099074 0.036276 0.140741
0 1151 0.783857 0.052315 0.034462 0.102778
0 1152 0.684099 0.072222 0.034462 0.124074
0 1153 0.320435 0.042130 0.030230 0.082407
0 1154 0.826481 0.167593 0.036276 0.142593
0 1155 0.788996 0.075000 0.038694 0.124074
0 1156 0.126663 0.134722 0.039299 0.143519
0 1175 0.344619 0.478704 0.035067 0.157407
0 1197 0.342805 0.235648 0.030230 0.117593
0 1198 0.126360 0.734259 0.051995 0.159259
0 1200 0.358525 0.245833 0.027811 0.126852
0 1206 0.125151 0.699537 0.060459 0.162037
0 1284 0.835550 0.379167 0.036276 0.139815
0 1285 0.858525 0.382407 0.030230 0.131481
0 1306 0.229141 0.592593 0.042322 0.168519
0 1307 0.202539 0.568056 0.041112 0.175000
0 1308 0.336457 0.570370 0.032044 0.146296
0 1325 0.198005 0.495370 0.036880 0.148148
0 1326 0.202539 0.481481 0.032648 0.157407
0 1328 0.167775 0.481019 0.032044 0.132407
0 1329 0.162938 0.437963 0.039299 0.146296
0 1330 0.131499 0.466667 0.044135 0.148148
0 1343 0.337969 0.137037 0.030230 0.124074
0 1344 0.363966 0.140741 0.032648 0.131481
0 1444 0.258162 0.372685 0.044740 0.139815
0 1445 0.243954 0.390278 0.034462 0.145370
0 1501 0.219468 0.869444 0.048368 0.162963
0 1549 0.279323 0.696296 0.051995 0.157407
0 1567 0.394800 0.552778 0.045949 0.153704
0 1592 0.320738 0.621759 0.036880 0.154630
0 1594 0.319528 0.656944 0.044135 0.165741
0 1650 0.398126 0.655093 0.051391 0.147222
0 1653 0.581923 0.702778 0.053809 0.148148
0 1655 0.422007 0.442130 0.035067 0.123148
0 1657 0.409311 0.416667 0.042322 0.107407
0 1716 0.397521 0.504167 0.034462 0.141667
0 1717 0.409915 0.473611 0.029021 0.132407
0 1776 0.208585 0.547222 0.037485 0.146296
0 1777 0.267231 0.522222 0.048368 0.157407
0 1778 0.264510 0.565278 0.039299 0.169444
0 1779 0.669589 0.983796 0.034462 0.032407
0 1780 0.237908 0.336111 0.039299 0.140741
0 1781 0.823458 0.967130 0.047158 0.065741
0 1782 0.273277 0.321296 0.039903 0.151852
0 1799 0.380895 0.381019 0.039903 0.137963
0 1862 0.195284 0.304167 0.035067 0.126852
0 1863 0.452539 0.491667 0.040508 0.148148
0 1899 0.057134 0.334259 0.044135 0.137037
0 1906 0.033253 0.366667 0.035067 0.124074
