0 793 0.380895 0.864352 0.042322 0.173148
0 794 0.416566 0.874074 0.039903 0.157407
0 801 0.432285 0.970370 0.038694 0.059259
0 819 0.464027 0.860185 0.056227 0.181481
0 820 0.443470 0.343519 0.038089 0.157407
0 825 0.532044 0.960185 0.041112 0.079630
0 827 0.199214 0.950926 0.053809 0.094444
0 835 0.457376 0.375463 0.050181 0.162037
0 836 0.722793 0.952778 0.057437 0.096296
0 856 0.409915 0.989352 0.026602 0.021296
0 857 0.478839 0.955556 0.045949 0.085185
0 864 0.175937 0.943981 0.031439 0.113889
0 885 0.689541 0.674537 0.045345 0.156481
0 886 0.743954 0.671759 0.051391 0.171296
0 896 0.902358 0.974074 0.040508 0.053704
0 898 0.545949 0.660185 0.054414 0.181481
0 899 0.362152 0.665278 0.042322 0.156481
0 900 0.882104 0.918519 0.049577 0.164815
0 901 0.942563 0.875463 0.049577 0.193519
0 902 0.456167 0.676852 0.051391 0.162963
0 903 0.479746 0.703704 0.044135 0.144444
0 904 0.616385 0.371759 0.036880 0.156481
0 908 0.584341 0.375926 0.041717 0.148148
0 909 0.523579 0.393056 0.044740 0.160185
0 910 0.519952 0.384259 0.047158 0.142593
0 911 0.347642 0.704167 0.054414 0.162037
0 912 0.408404 0.718519 0.041717 0.162963
0 913 0.401451 0.773611 0.047158 0.193519
0 914 0.432588 0.806944 0.041717 0.160185
0 915 0.477025 0.824074 0.049577 0.161111
0 917 0.731560 0.858796 0.050786 0.189815
0 922 0.365780 0.938426 0.053204 0.125000
0 932 0.834341 0.631019 0.043531 0.150926
0 933 0.876058 0.649537 0.043531 0.145370
0 938 0.850665 0.594907 0.051995 0.154630
0 939 0.894498 0.581481 0.034462 0.135185
0 941 0.922612 0.727315 0.054414 0.160185
0 943 0.979444 0.573611 0.038694 0.156481
0 944 0.872733 0.586574 0.033253 0.123148
0 945 0.809553 0.612963 0.037485 0.109259
0 946 0.896010 0.616667 0.039903 0.135185
0 947 0.921100 0.580093 0.041717 0.139815
0 952 0.486699 0.924537 0.050786 0.152778
0 953 0.431076 0.922222 0.048368 0.157407
0 958 0.830109 0.806944 0.044740 0.154630
0 959 0.883313 0.715278 0.044740 0.165741
0 963 0.771463 0.591667 0.060459 0.175926
0 964 0.961911 0.468981 0.037485 0.145370
0 965 0.976119 0.440741 0.038089 0.159259
0 966 0.871524 0.286111 0.044135 0.140741
0 967 0.956771 0.510648 0.045345 0.150926
0 968 0.753930 0.379630 0.049577 0.153704
0 969 0.789299 0.377778 0.048972 0.135185
0 970 0.932285 0.490741 0.047158 0.146296
0 971 0.911125 0.430556 0.039903 0.151852
0 972 0.880895 0.442593 0.039903 0.140741
0 973 0.941959 0.373148 0.032648 0.131481
0 974 0.972793 0.378241 0.039903 0.139815
0 975 0.836457 0.262500 0.047763 0.141667
0 976 0.906288 0.254630 0.039903 0.140741
0 992 0.007255 0.408796 0.013301 0.165741
0 993 0.019649 0.526852 0.038089 0.161111
0 994 0.061064 0.485185 0.045949 0.155556
0 997 0.013603 0.467593 0.025998 0.162963
0 998 0.032044 0.447222 0.035067 0.135185
0 999 0.037485 0.487037 0.025393 0.085185
0 1000 0.494861 0.631019 0.056227 0.167593
0 1001 0.759976 0.798611 0.056832 0.193519
0 1002 0.815296 0.732407 0.048972 0.162963
0 1003 0.525393 0.621759 0.045949 0.162037
0 1004 0.650544 0.639352 0.047158 0.163889
0 1005 0.769649 0.518056 0.047158 0.139815
0 1006 0.458283 0.541204 0.047158 0.165741
0 1007 0.845224 0.458796 0.039903 0.149074
0 1008 0.823458 0.479630 0.045949 0.148148
0 1009 0.782950 0.474074 0.043531 0.146296
0 1010 0.858222 0.405093 0.030834 0.123148
0 1011 0.700726 0.512963 0.050786 0.151852
0 1012 0.822854 0.399537 0.050786 0.137963
0 1013 0.690145 0.422685 0.041717 0.145370
0 1014 0.736699 0.441204 0.041717 0.139815
0 1015 0.604293 0.625463 0.050181 0.154630
0 1016 0.501814 0.550000 0.044740 0.151852
0 1017 0.617291 0.507407 0.043531 0.161111
0 1018 0.531741 0.459259 0.046554 0.140741
0 1019 0.534160 0.497222 0.039299 0.140741
0 1020 0.566203 0.465278 0.045345 0.156481
0 1021 0.645103 0.500926 0.041112 0.164815
0 1022 0.866385 0.330093 0.037485 0.134259
0 1023 0.192866 0.200000 0.038694 0.148148
0 1024 0.161427 0.219907 0.033857 0.132407
0 1025 0.738210 0.286111 0.043531 0.144444
0 1026 0.763603 0.277315 0.035067 0.128704
0 1035 0.009371 0.403241 0.017533 0.071296
0 1036 0.783857 0.757407 0.036880 0.129630
0 1040 0.054716 0.933333 0.050181 0.135185
0 1041 0.010278 0.971296 0.019347 0.057407
0 1044 0.032346 0.790741 0.046554 0.179630
0 1046 0.977932 0.193056 0.039299 0.134259
0 1047 0.933797 0.264815 0.038089 0.129630
0 1048 0.946493 0.195370 0.041717 0.157407
0 1049 0.869710 0.232407 0.035671 0.140741
0 1050 0.948912 0.159259 0.024788 0.131481
0 1051 0.923216 0.150000 0.035067 0.140741
0 1052 0.903869 0.205093 0.039903 0.126852
0 1058 0.946493 0.108333 0.035671 0.109259
0 1059 0.991536 0.121296 0.015719 0.129630
0 1060 0.948307 0.112037 0.036880 0.124074
0 1062 0.886336 0.165741 0.037485 0.114815
0 1068 0.921403 0.061574 0.036276 0.119444
0 1069 0.908706 0.111111 0.037485 0.114815
0 1070 0.904474 0.044444 0.035067 0.087037
0 1071 0.847340 0.098611 0.036880 0.121296
0 1072 0.834039 0.141204 0.032044 0.117593
0 1073 0.603083 0.426389 0.038089 0.145370
0 1074 0.689843 0.247685 0.042322 0.137963
0 1075 0.652358 0.246296 0.041112 0.140741
0 1076 0.624547 0.231019 0.033857 0.132407
0 1077 0.598247 0.260648 0.044135 0.149074
0 1078 0.571342 0.250463 0.038694 0.149074
0 1080 0.763301 0.100926 0.029625 0.090741
0 1081 0.859734 0.053704 0.032648 0.105556
0 1083 0.813180 0.046296 0.035067 0.090741
0 1084 0.724305 0.093056 0.037485 0.108333
0 1085 0.701330 0.090741 0.044740 0.140741
0 1087 0.631802 0.130556 0.030230 0.129630
0 1091 0.071644 0.226389 0.039299 0.147222
0 1092 0.094921 0.242593 0.042322 0.148148
0 1093 0.126965 0.171759 0.039903 0.137963
0 1095 0.014813 0.123148 0.028416 0.142593
0 1096 0.029021 0.056019 0.037485 0.110185
0 1097 0.047461 0.128241 0.032044 0.130556
0 1100 0.071342 0.101389 0.035067 0.137963
0 1101 0.082527 0.121759 0.034462 0.132407
0 1102 0.120314 0.068981 0.039903 0.130556
0 1103 0.103688 0.143519 0.032044 0.129630
0 1104 0.163845 0.079167 0.037485 0.150926
0 1109 0.236699 0.143981 0.032044 0.095370
0 1110 0.253023 0.137963 0.032044 0.125926
0 1111 0.271463 0.166204 0.041112 0.128704
0 1112 0.211911 0.025463 0.033253 0.049074
0 1115 0.317412 0.029630 0.031439 0.057407
0 1116 0.340992 0.044444 0.031439 0.087037
0 1117 0.279927 0.156944 0.026602 0.106481
0 1120 0.513301 0.129167 0.039903 0.123148
0 1121 0.473700 0.097222 0.036880 0.125926
0 1123 0.403869 0.044444 0.032648 0.087037
0 1124 0.395405 0.050463 0.032648 0.099074
0 1125 0.305623 0.131481 0.034462 0.140741
0 1127 0.550181 0.127778 0.039903 0.135185
0 1128 0.570133 0.096759 0.036276 0.130556
0 1129 0.607920 0.131019 0.039299 0.137963
0 1131 0.467050 0.062963 0.041717 0.124074
0 1133 0.521463 0.064815 0.032044 0.127778
0 1134 0.532950 0.075000 0.024788 0.092593
0 1135 0.575574 0.064352 0.039903 0.117593
0 1136 0.612455 0.099074 0.039903 0.133333
0 1138 0.649335 0.057870 0.037485 0.113889
0 1139 0.560459 0.043519 0.032648 0.085185
0 1140 0.437727 0.096296 0.036276 0.140741
0 1151 0.785067 0.052315 0.034462 0.102778
0 1152 0.683495 0.071296 0.034462 0.124074
0 1153 0.321040 0.041204 0.030230 0.080556
0 1154 0.825877 0.165741 0.036276 0.142593
0 1155 0.789903 0.074074 0.039299 0.124074
0 1156 0.126663 0.132870 0.039299 0.143519
0 1175 0.344921 0.478704 0.034462 0.157407
0 1197 0.343410 0.235648 0.030230 0.117593
0 1198 0.126965 0.734722 0.051995 0.160185
0 1200 0.358525 0.245370 0.027811 0.125926
0 1206 0.125151 0.699537 0.060459 0.162037
0 1284 0.835550 0.378241 0.036276 0.139815
0 1285 0.858525 0.381481 0.030230 0.131481
0 1306 0.229141 0.591667 0.042322 0.168519
0 1307 0.202539 0.566667 0.041112 0.175926
0 1308 0.336457 0.569907 0.032044 0.145370
0 1325 0.198005 0.494444 0.036880 0.148148
0 1326 0.203144 0.481481 0.032648 0.157407
0 1328 0.167775 0.481019 0.032044 0.132407
0 1329 0.163543 0.437963 0.039299 0.146296
0 1330 0.131499 0.465741 0.044135 0.148148
0 1343 0.337969 0.137037 0.030230 0.124074
0 1344 0.363966 0.140741 0.032648 0.131481
0 1444 0.258162 0.371759 0.044740 0.139815
0 1445 0.243954 0.389352 0.034462 0.145370
0 1501 0.218259 0.869444 0.048368 0.162963
0 1549 0.279927 0.696296 0.051995 0.157407
0 1567 0.395103 0.552778 0.045345 0.153704
0 1592 0.321342 0.621759 0.036880 0.154630
0 1594 0.319528 0.656019 0.044135 0.165741
0 1650 0.398126 0.654167 0.051391 0.147222
0 1653 0.581923 0.701852 0.053809 0.148148
0 1655 0.422612 0.442130 0.035067 0.123148
0 1657 0.409311 0.416667 0.042322 0.107407
0 1716 0.397521 0.503704 0.034462 0.140741
0 1717 0.409915 0.472685 0.029021 0.132407
0 1776 0.208585 0.547222 0.037485 0.146296
0 1777 0.267836 0.522222 0.048368 0.157407
0 1778 0.265115 0.565278 0.039299 0.169444
0 1779 0.667775 0.982407 0.035671 0.035185
0 1780 0.237606 0.335185 0.038694 0.140741
0 1781 0.823156 0.964815 0.047763 0.070370
0 1782 0.273881 0.320370 0.039903 0.151852
0 1799 0.380895 0.380093 0.039903 0.137963
0 1862 0.195284 0.304167 0.035067 0.126852
0 1863 0.452842 0.490741 0.039903 0.148148
0 1899 0.058948 0.333796 0.044135 0.137963
0 1906 0.035067 0.365741 0.035067 0.124074
