0 793 0.471282 0.672685 0.040508 0.156481
0 794 0.500302 0.657407 0.036880 0.140741
0 801 0.494256 0.828704 0.048972 0.175926
0 802 0.481258 0.903241 0.059250 0.171296
0 810 0.520556 0.795370 0.039903 0.142593
0 819 0.556227 0.661574 0.054414 0.182407
0 820 0.457678 0.331481 0.041112 0.155556
0 824 0.568924 0.822685 0.048368 0.173148
0 825 0.576784 0.785185 0.035067 0.146296
0 826 0.545949 0.951852 0.049577 0.096296
0 827 0.451028 0.762963 0.051995 0.168519
0 829 0.298065 0.959722 0.044740 0.080556
0 834 0.661125 0.958333 0.055018 0.085185
0 835 0.477025 0.367130 0.042322 0.162037
0 836 0.698005 0.756019 0.059855 0.182407
0 844 0.611850 0.958796 0.045949 0.082407
0 848 0.266626 0.951852 0.054414 0.098148
0 853 0.615478 0.800463 0.061669 0.176852
0 856 0.477932 0.818519 0.029625 0.112963
0 857 0.562576 0.759259 0.046554 0.157407
0 863 0.451028 0.865741 0.039903 0.151852
0 864 0.428658 0.744907 0.045949 0.158333
0 885 0.644800 0.431481 0.040508 0.144444
0 886 0.696191 0.431019 0.046554 0.149074
0 894 0.063482 0.906481 0.061669 0.188889
0 896 0.769347 0.684722 0.048972 0.167593
0 898 0.607920 0.428241 0.048972 0.173148
0 899 0.502418 0.511574 0.037485 0.156481
0 900 0.742140 0.601852 0.044135 0.159259
0 901 0.788996 0.576852 0.049577 0.174074
0 902 0.542322 0.502315 0.042322 0.160185
0 903 0.566505 0.518519 0.042322 0.137037
0 904 0.564389 0.266667 0.034462 0.157407
0 905 0.824667 0.837963 0.056832 0.207407
0 906 0.878174 0.825000 0.051391 0.194444
0 908 0.536880 0.285185 0.037485 0.148148
0 909 0.514510 0.372222 0.041112 0.159259
0 910 0.537485 0.353704 0.037485 0.142593
0 911 0.497582 0.559722 0.039903 0.165741
0 912 0.525998 0.551389 0.042322 0.149074
0 913 0.541112 0.586574 0.045949 0.171296
0 914 0.571342 0.618056 0.036276 0.141667
0 915 0.601572 0.612037 0.044740 0.157407
0 916 0.980653 0.942130 0.037485 0.117593
0 917 0.675030 0.641667 0.046554 0.170370
0 920 0.568924 0.864352 0.048368 0.154630
0 921 0.611245 0.891204 0.089480 0.165741
0 922 0.514813 0.749537 0.046554 0.173148
0 932 0.780834 0.485185 0.039299 0.148148
0 933 0.805623 0.475463 0.039299 0.132407
0 938 0.784160 0.440278 0.049577 0.154630
0 939 0.809855 0.422222 0.036880 0.129630
0 941 0.911125 0.469444 0.044740 0.146296
0 942 0.871826 0.365741 0.044740 0.159259
0 943 0.841596 0.377778 0.041112 0.142593
0 944 0.790810 0.422685 0.032648 0.123148
0 945 0.743349 0.462500 0.033253 0.106481
0 946 0.821947 0.455556 0.034462 0.131481
0 947 0.841596 0.425000 0.033857 0.131481
0 948 0.569831 0.890278 0.036880 0.156481
0 949 0.595526 0.874074 0.043531 0.168519
0 952 0.259976 0.757870 0.056832 0.152778
0 953 0.189238 0.776852 0.056832 0.157407
0 956 0.073458 0.706019 0.050181 0.182407
0 957 0.824970 0.736111 0.056227 0.188889
0 958 0.755744 0.496759 0.033857 0.128704
0 959 0.878779 0.462963 0.039299 0.153704
0 960 0.978537 0.420833 0.040508 0.149074
0 963 0.845828 0.348148 0.047158 0.170370
0 964 0.908102 0.296296 0.038694 0.140741
0 965 0.942563 0.273611 0.042322 0.154630
0 966 0.963724 0.161111 0.038694 0.131481
0 967 0.870012 0.293056 0.039903 0.150926
0 968 0.746675 0.191667 0.039903 0.146296
0 969 0.771463 0.206944 0.037485 0.143519
0 970 0.876058 0.252778 0.041112 0.135185
0 971 0.925937 0.225463 0.039299 0.137963
0 972 0.900544 0.235648 0.034462 0.132407
0 973 0.871524 0.180556 0.038089 0.131481
0 974 0.903265 0.193056 0.042322 0.132407
0 975 0.930472 0.145370 0.039903 0.135185
0 976 0.909311 0.086111 0.037485 0.137037
0 978 0.032044 0.307407 0.050786 0.142593
0 979 0.006348 0.326852 0.011487 0.151852
0 980 0.004534 0.265741 0.007860 0.142593
0 989 0.064087 0.232407 0.037485 0.146296
0 990 0.098851 0.252315 0.029625 0.115741
0 991 0.086155 0.210185 0.035671 0.124074
0 992 0.106711 0.181019 0.041717 0.149074
0 993 0.102177 0.324537 0.041112 0.143519
0 994 0.158404 0.292593 0.042322 0.146296
0 995 0.080411 0.268056 0.033857 0.110185
0 996 0.063482 0.382407 0.039903 0.175926
0 997 0.102781 0.253241 0.038694 0.147222
0 998 0.133615 0.274074 0.031439 0.124074
0 999 0.132406 0.306944 0.025393 0.099074
0 1000 0.532044 0.438426 0.049577 0.167593
0 1001 0.726723 0.511574 0.054414 0.167593
0 1002 0.726421 0.474074 0.046554 0.151852
0 1003 0.559553 0.416667 0.046554 0.151852
0 1004 0.646917 0.381019 0.044740 0.156481
0 1005 0.707376 0.344444 0.043531 0.131481
0 1006 0.638452 0.350463 0.042322 0.145370
0 1007 0.778416 0.297685 0.034462 0.139815
0 1008 0.754534 0.318056 0.039903 0.149074
0 1009 0.720979 0.306944 0.044135 0.145370
0 1010 0.737304 0.235648 0.032044 0.104630
0 1011 0.661427 0.304630 0.047158 0.140741
0 1012 0.701330 0.245370 0.044740 0.142593
0 1013 0.651451 0.223148 0.032044 0.140741
0 1014 0.670193 0.253704 0.036880 0.140741
0 1015 0.599758 0.374074 0.042322 0.151852
0 1016 0.564692 0.357407 0.042322 0.142593
0 1017 0.598549 0.319444 0.039903 0.159259
0 1018 0.573458 0.284722 0.039299 0.132407
0 1019 0.566203 0.305093 0.032044 0.126852
0 1020 0.602177 0.291667 0.031439 0.157407
0 1021 0.603990 0.258796 0.041112 0.160185
0 1022 0.644498 0.163426 0.049577 0.121296
0 1023 0.284764 0.087500 0.038694 0.139815
0 1024 0.252721 0.085648 0.035067 0.132407
0 1025 0.719468 0.112037 0.039903 0.140741
0 1026 0.745163 0.101389 0.036880 0.128704
0 1035 0.102177 0.196759 0.032648 0.071296
0 1036 0.703144 0.482870 0.035067 0.110185
0 1037 0.943168 0.425000 0.037485 0.122222
0 1046 0.971584 0.047685 0.036276 0.093519
0 1047 0.938936 0.104630 0.037485 0.125926
0 1049 0.868501 0.075926 0.034462 0.140741
0 1052 0.925030 0.054167 0.037485 0.106481
0 1062 0.892987 0.050000 0.033857 0.098148
0 1073 0.579202 0.194907 0.033857 0.134259
0 1074 0.634220 0.102778 0.038694 0.131481
0 1075 0.604293 0.118056 0.036880 0.139815
0 1076 0.575877 0.114815 0.035671 0.124074
0 1077 0.601270 0.065278 0.036880 0.128704
0 1078 0.576481 0.065741 0.034462 0.129630
0 1091 0.198005 0.078241 0.032044 0.126852
0 1092 0.219770 0.092593 0.036880 0.138889
0 1103 0.129988 0.037963 0.027811 0.074074
0 1111 0.361548 0.045370 0.041112 0.088889
0 1117 0.383011 0.025000 0.030834 0.048148
0 1154 0.845828 0.049074 0.036276 0.096296
0 1156 0.163845 0.039352 0.035067 0.076852
0 1175 0.354897 0.475000 0.035067 0.157407
0 1197 0.317412 0.243519 0.037485 0.137037
0 1198 0.134825 0.730093 0.045949 0.162037
0 1200 0.217050 0.260185 0.042322 0.142593
0 1206 0.127872 0.695370 0.056227 0.162963
0 1284 0.818622 0.307407 0.041112 0.131481
0 1285 0.837364 0.299537 0.029021 0.123148
0 1306 0.241838 0.579630 0.044740 0.168519
0 1307 0.207074 0.567130 0.034462 0.176852
0 1308 0.348851 0.562963 0.032648 0.140741
0 1325 0.207074 0.494907 0.039299 0.149074
0 1326 0.214027 0.480556 0.032648 0.157407
0 1328 0.180774 0.479167 0.031439 0.126852
0 1329 0.175030 0.436111 0.039299 0.146296
0 1330 0.133313 0.460185 0.036880 0.148148
0 1343 0.353990 0.144444 0.029625 0.129630
0 1344 0.376058 0.139815 0.027811 0.129630
0 1444 0.266022 0.359722 0.044740 0.139815
0 1445 0.253325 0.387963 0.035067 0.146296
0 1501 0.176239 0.894444 0.044135 0.157407
0 1549 0.294740 0.698148 0.041717 0.151852
0 1567 0.457678 0.538426 0.042322 0.154630
0 1592 0.330713 0.618981 0.035067 0.154630
0 1594 0.334643 0.653241 0.039299 0.167593
0 1650 0.409613 0.656481 0.051391 0.151852
0 1653 0.621524 0.703704 0.050786 0.157407
0 1655 0.425030 0.450000 0.035067 0.124074
0 1657 0.414148 0.413889 0.037485 0.107407
0 1716 0.410520 0.506944 0.035067 0.149074
0 1717 0.418077 0.473611 0.029625 0.134259
0 1776 0.223700 0.539815 0.037485 0.140741
0 1777 0.276300 0.524074 0.047158 0.157407
0 1778 0.274184 0.558333 0.039299 0.170370
0 1779 0.530230 0.716667 0.047158 0.159259
0 1780 0.240326 0.334259 0.034462 0.140741
0 1781 0.717654 0.638426 0.041112 0.156481
0 1782 0.277207 0.322222 0.039299 0.148148
0 1799 0.392684 0.377315 0.039299 0.137963
0 1862 0.266626 0.286574 0.032648 0.125000
0 1863 0.467956 0.484259 0.037485 0.142593
0 1899 0.211608 0.299537 0.035067 0.136111
0 1906 0.258464 0.306481 0.034462 0.118519
