0 793 0.471886 0.671759 0.040508 0.156481
0 794 0.500907 0.655556 0.036880 0.140741
0 801 0.494861 0.827315 0.048972 0.175000
0 802 0.481560 0.901389 0.058646 0.171296
0 810 0.520556 0.794444 0.039903 0.142593
0 819 0.556227 0.659722 0.054414 0.182407
0 820 0.457376 0.331944 0.040508 0.156481
0 824 0.568924 0.820833 0.048368 0.173148
0 825 0.576784 0.784259 0.035067 0.146296
0 826 0.545949 0.950926 0.049577 0.098148
0 827 0.452237 0.762037 0.051995 0.168519
0 829 0.299577 0.958796 0.045345 0.082407
0 834 0.660822 0.957407 0.055623 0.087037
0 835 0.477025 0.367593 0.042322 0.162963
0 836 0.697703 0.754167 0.059250 0.182407
0 844 0.612455 0.957870 0.045949 0.084259
0 848 0.267836 0.950926 0.054414 0.100000
0 853 0.616082 0.799074 0.061669 0.175926
0 856 0.477932 0.817593 0.029625 0.112963
0 857 0.563180 0.758333 0.046554 0.157407
0 863 0.451935 0.864352 0.039299 0.150926
0 864 0.430472 0.743056 0.045949 0.158333
0 885 0.644498 0.430556 0.039903 0.144444
0 886 0.696191 0.430093 0.046554 0.149074
0 894 0.064087 0.905093 0.061669 0.191667
0 896 0.768138 0.682870 0.048972 0.167593
0 898 0.607316 0.426389 0.048972 0.173148
0 899 0.503628 0.510648 0.037485 0.156481
0 900 0.740931 0.600000 0.044135 0.159259
0 901 0.787787 0.575926 0.049577 0.174074
0 902 0.542322 0.501389 0.042322 0.160185
0 903 0.566505 0.516667 0.042322 0.137037
0 904 0.564389 0.266667 0.034462 0.157407
0 905 0.823458 0.834259 0.056832 0.205556
0 906 0.877570 0.823148 0.051391 0.196296
0 908 0.536276 0.285185 0.037485 0.148148
0 909 0.514813 0.372222 0.041717 0.159259
0 910 0.537485 0.353704 0.037485 0.142593
0 911 0.497582 0.558796 0.039903 0.165741
0 912 0.526602 0.550463 0.042322 0.149074
0 913 0.541717 0.585648 0.045949 0.171296
0 914 0.572551 0.617593 0.036276 0.140741
0 915 0.601874 0.611111 0.044135 0.157407
0 916 0.979746 0.940278 0.039299 0.121296
0 917 0.674728 0.640741 0.045949 0.170370
0 920 0.568924 0.862500 0.048368 0.154630
0 921 0.612455 0.889352 0.089480 0.165741
0 922 0.515417 0.748611 0.046554 0.173148
0 932 0.780230 0.484259 0.039299 0.148148
0 933 0.805018 0.474537 0.039299 0.132407
0 938 0.784160 0.439352 0.049577 0.154630
0 939 0.809855 0.421296 0.036880 0.129630
0 941 0.911125 0.467593 0.044740 0.146296
0 942 0.870617 0.365741 0.044740 0.159259
0 943 0.839782 0.376389 0.041112 0.141667
0 944 0.790810 0.421759 0.032648 0.123148
0 945 0.742745 0.462037 0.033253 0.107407
0 946 0.821342 0.454630 0.034462 0.131481
0 947 0.841596 0.424074 0.033857 0.131481
0 948 0.570435 0.889352 0.036880 0.156481
0 949 0.596131 0.873148 0.043531 0.168519
0 952 0.256046 0.757870 0.055018 0.152778
0 953 0.186820 0.777315 0.056832 0.156481
0 956 0.073458 0.702315 0.050181 0.180556
0 957 0.824365 0.732870 0.056227 0.187963
0 958 0.754534 0.495833 0.033857 0.128704
0 959 0.879081 0.461111 0.039903 0.153704
0 960 0.978235 0.418981 0.041112 0.149074
0 963 0.846433 0.346296 0.047158 0.170370
0 964 0.907497 0.295370 0.038694 0.140741
0 965 0.941959 0.272685 0.042322 0.154630
0 966 0.964329 0.161111 0.038694 0.131481
0 967 0.870012 0.292130 0.039903 0.150926
0 968 0.747279 0.190741 0.039903 0.146296
0 969 0.772068 0.206481 0.037485 0.142593
0 970 0.876058 0.251852 0.041112 0.135185
0 971 0.925937 0.224537 0.039299 0.137963
0 972 0.899940 0.234722 0.034462 0.132407
0 973 0.870919 0.179630 0.038089 0.131481
0 974 0.902660 0.192130 0.042322 0.132407
0 975 0.929867 0.143981 0.039903 0.134259
0 976 0.908706 0.085185 0.037485 0.137037
0 978 0.032648 0.306481 0.050786 0.142593
0 979 0.006953 0.325926 0.012696 0.151852
0 980 0.004534 0.265741 0.007860 0.142593
0 989 0.064692 0.231481 0.037485 0.146296
0 990 0.099456 0.251389 0.029625 0.115741
0 991 0.086457 0.208333 0.035067 0.124074
0 992 0.107316 0.180093 0.041717 0.149074
0 993 0.102177 0.322685 0.041112 0.143519
0 994 0.159008 0.291667 0.042322 0.146296
0 995 0.081620 0.267593 0.033857 0.109259
0 996 0.064692 0.379630 0.041112 0.174074
0 997 0.103386 0.251852 0.038694 0.146296
0 998 0.134220 0.273148 0.031439 0.124074
0 999 0.133011 0.306019 0.025393 0.099074
0 1000 0.532044 0.437500 0.049577 0.167593
0 1001 0.726119 0.510648 0.054414 0.167593
0 1002 0.725816 0.472685 0.046554 0.150926
0 1003 0.559553 0.415741 0.046554 0.151852
0 1004 0.646312 0.380556 0.044740 0.155556
0 1005 0.706771 0.343519 0.043531 0.131481
0 1006 0.639661 0.350463 0.042322 0.145370
0 1007 0.777811 0.297685 0.034462 0.139815
0 1008 0.753930 0.317130 0.039903 0.149074
0 1009 0.720375 0.306019 0.044135 0.145370
0 1010 0.736699 0.234722 0.032044 0.104630
0 1011 0.661125 0.303704 0.046554 0.140741
0 1012 0.700726 0.243519 0.044740 0.142593
0 1013 0.651451 0.222222 0.032044 0.140741
0 1014 0.669589 0.252778 0.036880 0.140741
0 1015 0.599758 0.372685 0.042322 0.150926
0 1016 0.563482 0.355556 0.042322 0.142593
0 1017 0.597944 0.318519 0.039903 0.159259
0 1018 0.573458 0.283796 0.039299 0.132407
0 1019 0.566505 0.304167 0.032648 0.126852
0 1020 0.602781 0.290741 0.031439 0.157407
0 1021 0.603083 0.257870 0.041717 0.160185
0 1022 0.643894 0.162963 0.049577 0.120370
0 1023 0.285973 0.086574 0.038694 0.139815
0 1024 0.253325 0.083796 0.035067 0.132407
0 1025 0.718863 0.111111 0.039903 0.140741
0 1026 0.744559 0.100463 0.036880 0.128704
0 1035 0.103386 0.195833 0.032648 0.071296
0 1036 0.702539 0.481944 0.035067 0.110185
0 1037 0.943168 0.423148 0.037485 0.122222
0 1046 0.970979 0.047222 0.036276 0.092593
0 1047 0.938936 0.103704 0.037485 0.125926
0 1049 0.868501 0.075000 0.034462 0.140741
0 1052 0.925030 0.054167 0.037485 0.106481
0 1062 0.892987 0.050000 0.033857 0.098148
0 1073 0.578597 0.193981 0.033857 0.134259
0 1074 0.633918 0.101852 0.038089 0.131481
0 1075 0.603688 0.118056 0.036880 0.141667
0 1076 0.575272 0.113889 0.035671 0.124074
0 1077 0.601874 0.064815 0.036880 0.127778
0 1078 0.577086 0.065278 0.034462 0.128704
0 1091 0.198609 0.077315 0.032044 0.126852
0 1092 0.220375 0.091204 0.036880 0.137963
0 1103 0.130593 0.037500 0.027811 0.073148
0 1111 0.361548 0.044907 0.041112 0.087963
0 1154 0.846433 0.048611 0.036276 0.095370
0 1156 0.164450 0.039352 0.035067 0.076852
0 1175 0.354897 0.475926 0.035067 0.157407
0 1197 0.317412 0.244444 0.037485 0.137037
0 1198 0.134522 0.730093 0.046554 0.162037
0 1200 0.215236 0.262037 0.042322 0.142593
0 1206 0.127872 0.696296 0.056227 0.162963
0 1284 0.818622 0.307407 0.041112 0.131481
0 1285 0.837364 0.299537 0.029021 0.123148
0 1306 0.241838 0.579630 0.044740 0.168519
0 1307 0.207074 0.567130 0.034462 0.176852
0 1308 0.348851 0.562963 0.032648 0.140741
0 1325 0.207074 0.494907 0.039299 0.149074
0 1326 0.214027 0.481481 0.032648 0.157407
0 1328 0.180774 0.480093 0.031439 0.126852
0 1329 0.175030 0.436111 0.039299 0.146296
0 1330 0.133313 0.460185 0.036880 0.148148
0 1343 0.353990 0.145370 0.029625 0.129630
0 1344 0.376058 0.140741 0.027811 0.129630
0 1444 0.266022 0.359722 0.044740 0.139815
0 1445 0.253325 0.388889 0.035067 0.146296
0 1501 0.176239 0.894444 0.044135 0.157407
0 1549 0.294740 0.699074 0.041717 0.151852
0 1567 0.457678 0.539352 0.042322 0.154630
0 1592 0.330713 0.619907 0.035067 0.154630
0 1594 0.334643 0.653241 0.039299 0.167593
0 1650 0.409613 0.656481 0.051391 0.151852
0 1653 0.621524 0.703704 0.050786 0.157407
0 1655 0.425030 0.450000 0.035067 0.124074
0 1657 0.414148 0.413889 0.037485 0.107407
0 1716 0.410520 0.507870 0.035067 0.149074
0 1717 0.418077 0.474074 0.029625 0.135185
0 1776 0.223700 0.539815 0.037485 0.140741
0 1777 0.276300 0.524074 0.047158 0.157407
0 1778 0.274184 0.558333 0.039299 0.170370
0 1779 0.529021 0.715741 0.047158 0.159259
0 1780 0.240326 0.334259 0.034462 0.140741
0 1781 0.716445 0.636111 0.041112 0.157407
0 1782 0.277207 0.322685 0.039299 0.149074
0 1799 0.392684 0.378241 0.039299 0.137963
0 1862 0.268138 0.286574 0.032044 0.125000
0 1863 0.467956 0.485185 0.037485 0.142593
0 1899 0.212213 0.299537 0.035067 0.136111
0 1906 0.259069 0.306481 0.034462 0.118519
