0 793 0.420496 0.738426 0.041717 0.171296
0 794 0.457678 0.741204 0.042322 0.156481
0 801 0.465236 0.903241 0.047763 0.176852
0 810 0.494559 0.904167 0.036276 0.160185
0 819 0.504232 0.740741 0.054414 0.181481
0 820 0.458888 0.302778 0.038694 0.155556
0 824 0.546252 0.915741 0.053809 0.170370
0 825 0.559855 0.858796 0.038694 0.160185
0 827 0.340387 0.833333 0.055623 0.174074
0 835 0.471584 0.334722 0.043531 0.162037
0 836 0.710399 0.853704 0.061669 0.188889
0 853 0.604595 0.906019 0.055623 0.173148
0 856 0.443773 0.907407 0.030230 0.124074
0 857 0.527207 0.856019 0.047158 0.145370
0 863 0.400846 0.909722 0.038694 0.150926
0 864 0.320435 0.813889 0.047158 0.164815
0 885 0.669287 0.522685 0.045949 0.145370
0 886 0.716445 0.519907 0.047158 0.160185
0 896 0.833434 0.823611 0.052600 0.176852
0 898 0.589480 0.508796 0.054414 0.173148
0 899 0.419891 0.556944 0.032044 0.156481
0 900 0.831016 0.729167 0.046554 0.173148
0 901 0.867594 0.687037 0.048368 0.177778
0 902 0.510278 0.569907 0.042322 0.158333
0 903 0.535067 0.595370 0.044740 0.148148
0 904 0.587062 0.291667 0.035067 0.157407
0 906 0.960701 0.976852 0.035067 0.048148
0 908 0.565296 0.310185 0.044740 0.148148
0 909 0.530532 0.360648 0.044135 0.160185
0 910 0.546252 0.348611 0.038089 0.143519
0 911 0.451632 0.617130 0.041112 0.150926
0 912 0.480653 0.625000 0.041112 0.162963
0 913 0.486094 0.665278 0.045949 0.171296
0 914 0.517533 0.687963 0.037485 0.151852
0 915 0.551995 0.694907 0.048368 0.154630
0 917 0.728235 0.704630 0.040508 0.164815
0 920 0.534462 0.950926 0.043531 0.098148
0 921 0.561366 0.981019 0.042926 0.037963
0 922 0.447400 0.854167 0.049577 0.173148
0 932 0.810762 0.514815 0.039903 0.148148
0 933 0.849456 0.521759 0.043531 0.139815
0 938 0.814994 0.483796 0.051995 0.154630
0 939 0.831016 0.468981 0.032044 0.132407
0 941 0.907497 0.579167 0.044740 0.156481
0 942 0.971584 0.426389 0.043531 0.167593
0 943 0.928053 0.439352 0.049577 0.149074
0 944 0.819528 0.486574 0.032044 0.123148
0 945 0.782648 0.515278 0.035671 0.108333
0 946 0.860943 0.497685 0.035067 0.126852
0 947 0.845526 0.462037 0.032044 0.135185
0 948 0.537787 0.976389 0.029625 0.047222
0 949 0.548670 0.954630 0.047763 0.092593
0 952 0.427449 0.801389 0.047158 0.171296
0 953 0.356106 0.774074 0.045949 0.161111
0 956 0.075272 0.910648 0.051391 0.171296
0 957 0.854897 0.920833 0.061669 0.156481
0 958 0.808343 0.612037 0.037485 0.150000
0 959 0.872430 0.561111 0.039903 0.153704
0 963 0.773277 0.438889 0.053204 0.170370
0 964 0.934401 0.352315 0.036880 0.145370
0 965 0.964631 0.335648 0.047763 0.160185
0 966 0.958585 0.212500 0.044135 0.132407
0 967 0.931983 0.386574 0.041717 0.150926
0 968 0.745466 0.253704 0.043531 0.146296
0 969 0.779927 0.268981 0.043531 0.143519
0 970 0.896010 0.361574 0.045949 0.149074
0 971 0.924728 0.304630 0.039299 0.151852
0 972 0.896917 0.318519 0.036880 0.140741
0 973 0.902056 0.249537 0.037485 0.132407
0 974 0.934401 0.256019 0.041717 0.132407
0 975 0.903869 0.192593 0.037485 0.140741
0 976 0.913241 0.150000 0.039299 0.137037
0 989 0.008162 0.316204 0.015115 0.154630
0 990 0.021161 0.333796 0.031439 0.115741
0 991 0.025091 0.283333 0.036880 0.124074
0 992 0.049577 0.261574 0.042322 0.149074
0 993 0.065296 0.398611 0.042322 0.154630
0 994 0.112152 0.358796 0.044135 0.149074
0 995 0.035369 0.346759 0.036880 0.121296
0 996 0.002116 0.551852 0.003023 0.196296
0 997 0.048972 0.337500 0.044740 0.154630
0 998 0.081923 0.344444 0.034462 0.135185
0 999 0.091294 0.374074 0.025393 0.096296
0 1000 0.518138 0.498148 0.056832 0.168519
0 1001 0.753930 0.611111 0.058041 0.179630
0 1002 0.776904 0.562037 0.045949 0.153704
0 1003 0.551693 0.488426 0.046554 0.162037
0 1004 0.642382 0.464352 0.046554 0.173148
0 1005 0.743047 0.402778 0.047158 0.140741
0 1006 0.557739 0.406944 0.041717 0.145370
0 1007 0.819528 0.358796 0.039299 0.149074
0 1008 0.797158 0.377315 0.044135 0.149074
0 1009 0.762696 0.363426 0.039299 0.145370
0 1010 0.793229 0.312500 0.033857 0.123148
0 1011 0.683192 0.391667 0.050786 0.151852
0 1012 0.751209 0.304630 0.046554 0.142593
0 1013 0.664450 0.296759 0.038694 0.139815
0 1014 0.698609 0.309259 0.035671 0.140741
0 1015 0.594619 0.458333 0.044135 0.157407
0 1016 0.554414 0.430556 0.042322 0.142593
0 1017 0.620919 0.370370 0.039903 0.159259
0 1018 0.568924 0.341204 0.039903 0.132407
0 1019 0.574365 0.364815 0.036276 0.146296
0 1020 0.597944 0.341667 0.037485 0.157407
0 1021 0.646614 0.350463 0.041717 0.160185
0 1022 0.753628 0.223148 0.040508 0.133333
0 1023 0.233978 0.122685 0.038694 0.175000
0 1024 0.205562 0.132870 0.033857 0.132407
0 1025 0.721886 0.171759 0.042322 0.143519
0 1026 0.753023 0.167593 0.042926 0.129630
0 1035 0.045345 0.276389 0.032648 0.071296
0 1036 0.749698 0.588889 0.032648 0.118519
0 1037 0.987304 0.527778 0.025393 0.112963
0 1046 0.983071 0.081481 0.032648 0.124074
0 1047 0.947400 0.158333 0.037485 0.125926
0 1048 0.947703 0.082870 0.039299 0.141667
0 1049 0.855200 0.130556 0.034462 0.140741
0 1050 0.953446 0.058796 0.029021 0.115741
0 1051 0.921403 0.052315 0.035067 0.102778
0 1052 0.924123 0.101389 0.039299 0.126852
0 1058 0.942563 0.023611 0.039903 0.045370
0 1062 0.878476 0.074074 0.037485 0.129630
0 1069 0.917775 0.028704 0.037485 0.055556
0 1071 0.873035 0.040741 0.036276 0.079630
0 1072 0.839178 0.059722 0.035067 0.117593
0 1073 0.622430 0.290278 0.039299 0.145370
0 1074 0.668380 0.144444 0.041717 0.144444
0 1075 0.638755 0.153704 0.036880 0.135185
0 1076 0.618198 0.135185 0.029625 0.124074
0 1077 0.590085 0.130093 0.037485 0.136111
0 1078 0.567715 0.130556 0.035067 0.142593
0 1087 0.617896 0.050000 0.030230 0.098148
0 1091 0.134825 0.121296 0.038694 0.135185
0 1092 0.153567 0.141204 0.039903 0.136111
0 1093 0.206771 0.075000 0.039903 0.131481
0 1095 0.069226 0.043056 0.036880 0.084259
0 1103 0.123337 0.064815 0.029021 0.125926
0 1109 0.266626 0.042593 0.030230 0.083333
0 1110 0.282346 0.050000 0.030230 0.098148
0 1111 0.321342 0.076389 0.039299 0.128704
0 1117 0.316808 0.049074 0.035067 0.087037
0 1120 0.509069 0.048611 0.039903 0.095370
0 1125 0.349456 0.051389 0.037485 0.100926
0 1127 0.548065 0.046296 0.039299 0.090741
0 1129 0.593712 0.048611 0.042322 0.095370
0 1140 0.490024 0.031019 0.034462 0.060185
0 1152 0.669287 0.024074 0.032648 0.046296
0 1154 0.808343 0.072222 0.039903 0.131481
0 1155 0.816505 0.034259 0.038089 0.066667
0 1156 0.141475 0.057870 0.037485 0.113889
0 1175 0.354595 0.453704 0.035671 0.157407
0 1197 0.350967 0.203704 0.028416 0.118519
0 1198 0.135429 0.704167 0.049577 0.160185
0 1200 0.334946 0.232407 0.035067 0.135185
0 1206 0.129686 0.669907 0.052600 0.162037
0 1284 0.827993 0.310185 0.036880 0.131481
0 1285 0.857920 0.304167 0.033857 0.123148
0 1306 0.237304 0.559259 0.042926 0.168519
0 1307 0.211608 0.538426 0.035067 0.176852
0 1308 0.345828 0.543056 0.032648 0.139815
0 1325 0.204051 0.485185 0.036880 0.148148
0 1326 0.211911 0.469444 0.032044 0.157407
0 1328 0.178356 0.456019 0.031439 0.126852
0 1329 0.172612 0.415741 0.039299 0.146296
0 1330 0.132709 0.436111 0.040508 0.148148
0 1343 0.353688 0.113426 0.032648 0.126852
0 1344 0.374244 0.113426 0.032648 0.128704
0 1444 0.264208 0.347685 0.044740 0.139815
0 1445 0.254837 0.359722 0.034462 0.145370
0 1501 0.177146 0.866667 0.044740 0.166667
0 1549 0.292926 0.674537 0.045345 0.156481
0 1567 0.423519 0.522685 0.041717 0.154630
0 1592 0.331318 0.595833 0.035067 0.154630
0 1594 0.331016 0.629630 0.044135 0.168519
0 1650 0.405985 0.638889 0.051391 0.151852
0 1653 0.611548 0.673611 0.046554 0.156481
0 1655 0.423216 0.424074 0.035067 0.124074
0 1657 0.415659 0.392593 0.039299 0.107407
0 1716 0.406288 0.476852 0.033857 0.144444
0 1717 0.417473 0.450463 0.029625 0.132407
0 1776 0.223700 0.514815 0.037485 0.146296
0 1777 0.274788 0.506944 0.055018 0.156481
0 1778 0.272370 0.549074 0.039299 0.174074
0 1779 0.609432 0.827778 0.050786 0.172222
0 1780 0.240024 0.306481 0.035067 0.140741
0 1781 0.779927 0.801389 0.045949 0.162037
0 1782 0.281137 0.298148 0.037485 0.148148
0 1799 0.392382 0.348611 0.039903 0.137963
0 1862 0.204353 0.269907 0.033857 0.126852
0 1863 0.464329 0.466667 0.038694 0.144444
0 1899 0.147521 0.285648 0.035067 0.137963
0 1906 0.161427 0.312037 0.035067 0.124074
