0 793 0.458888 0.681481 0.038694 0.157407
0 794 0.490326 0.675926 0.037485 0.148148
0 801 0.487304 0.849074 0.049577 0.179630
0 802 0.476421 0.926852 0.060459 0.146296
0 810 0.515417 0.812963 0.042926 0.142593
0 819 0.544740 0.677315 0.054414 0.182407
0 820 0.466143 0.326852 0.045949 0.151852
0 824 0.565296 0.842130 0.049577 0.173148
0 825 0.571342 0.797222 0.035067 0.146296
0 826 0.550786 0.968981 0.044740 0.062037
0 827 0.433495 0.779630 0.051995 0.168519
0 829 0.275091 0.975000 0.036276 0.051852
0 834 0.666868 0.972685 0.050786 0.056481
0 835 0.476421 0.359722 0.042322 0.162037
0 836 0.701330 0.775463 0.060459 0.186111
0 844 0.607618 0.972685 0.038694 0.054630
0 848 0.247884 0.961574 0.047158 0.078704
0 853 0.611245 0.820833 0.059250 0.178704
0 856 0.469166 0.840741 0.029021 0.120370
0 857 0.553204 0.778704 0.045949 0.157407
0 863 0.441959 0.882870 0.039903 0.149074
0 864 0.400242 0.756944 0.045949 0.160185
0 885 0.652056 0.449074 0.045345 0.146296
0 886 0.697098 0.444907 0.047158 0.149074
0 894 0.059855 0.929167 0.060459 0.143519
0 896 0.788089 0.716667 0.045345 0.168519
0 898 0.607920 0.442130 0.048972 0.173148
0 899 0.493047 0.529630 0.039299 0.157407
0 900 0.763301 0.621296 0.047763 0.159259
0 901 0.805018 0.606944 0.048972 0.182407
0 902 0.538089 0.517130 0.042322 0.160185
0 903 0.560762 0.536111 0.042926 0.137037
0 904 0.566203 0.265741 0.034462 0.157407
0 905 0.840387 0.882870 0.059250 0.206481
0 906 0.891173 0.868519 0.056832 0.203704
0 908 0.539903 0.287037 0.039903 0.148148
0 909 0.514510 0.367130 0.038694 0.160185
0 910 0.540508 0.350000 0.037485 0.142593
0 911 0.486699 0.573148 0.041112 0.162963
0 912 0.515719 0.566204 0.042322 0.149074
0 913 0.530230 0.601389 0.045949 0.171296
0 914 0.560459 0.630093 0.036276 0.147222
0 915 0.594015 0.624074 0.046554 0.155556
0 917 0.681681 0.653704 0.046554 0.168519
0 920 0.559855 0.891204 0.048368 0.154630
0 921 0.602479 0.915741 0.090085 0.153704
0 922 0.508464 0.766204 0.045949 0.173148
0 932 0.786276 0.489352 0.039299 0.145370
0 933 0.814087 0.482870 0.039299 0.132407
0 938 0.785369 0.453704 0.049577 0.153704
0 939 0.814389 0.434259 0.035067 0.129630
0 941 0.911125 0.487963 0.043531 0.146296
0 942 0.893894 0.370833 0.044135 0.156481
0 943 0.866082 0.390278 0.040508 0.149074
0 944 0.795042 0.436574 0.032648 0.123148
0 945 0.750605 0.473148 0.034462 0.107407
0 946 0.831923 0.464815 0.035067 0.131481
0 947 0.841596 0.433796 0.032648 0.132407
0 948 0.564692 0.913426 0.042322 0.154630
0 949 0.587364 0.897685 0.040508 0.163889
0 952 0.302297 0.750000 0.060459 0.150000
0 953 0.229141 0.759722 0.054414 0.154630
0 956 0.073458 0.750000 0.048972 0.188889
0 957 0.831318 0.778704 0.060459 0.196296
0 958 0.766022 0.521296 0.036276 0.129630
0 959 0.875756 0.481481 0.039299 0.153704
0 960 0.982769 0.439815 0.032044 0.148148
0 963 0.826784 0.359259 0.051391 0.170370
0 964 0.913845 0.307870 0.038089 0.143519
0 965 0.947098 0.288889 0.041717 0.153704
0 966 0.966445 0.171296 0.039299 0.133333
0 967 0.883313 0.314352 0.038694 0.150926
0 968 0.740629 0.205556 0.043531 0.146296
0 969 0.764813 0.217593 0.037485 0.142593
0 970 0.877267 0.271296 0.041112 0.135185
0 971 0.927751 0.240278 0.039299 0.137963
0 972 0.902660 0.244907 0.033857 0.132407
0 973 0.876663 0.194444 0.039903 0.131481
0 974 0.909915 0.205093 0.042322 0.132407
0 975 0.928356 0.160648 0.039299 0.139815
0 976 0.913845 0.100926 0.038089 0.137037
0 978 0.024184 0.319444 0.047158 0.142593
0 989 0.054111 0.249074 0.036880 0.144444
0 990 0.087969 0.268056 0.029625 0.115741
0 991 0.075272 0.224074 0.036880 0.124074
0 992 0.103386 0.201389 0.042322 0.149074
0 993 0.096433 0.340741 0.041717 0.146296
0 994 0.148126 0.303704 0.039903 0.146296
0 995 0.067412 0.281481 0.029625 0.114815
0 996 0.047461 0.415278 0.048972 0.182407
0 997 0.091294 0.271296 0.039903 0.153704
0 998 0.121524 0.286111 0.031439 0.124074
0 999 0.122128 0.321296 0.025393 0.100000
0 1000 0.527811 0.448611 0.050786 0.167593
0 1001 0.735792 0.529167 0.054414 0.167593
0 1002 0.736699 0.491204 0.046554 0.154630
0 1003 0.560459 0.430556 0.047158 0.151852
0 1004 0.653869 0.394444 0.044135 0.159259
0 1005 0.714329 0.353704 0.042926 0.131481
0 1006 0.626965 0.361574 0.042322 0.145370
0 1007 0.788392 0.306019 0.036276 0.139815
0 1008 0.763906 0.327315 0.039299 0.149074
0 1009 0.729746 0.318981 0.044740 0.145370
0 1010 0.746070 0.250463 0.031439 0.106481
0 1011 0.666566 0.317593 0.048972 0.140741
0 1012 0.710701 0.250926 0.044135 0.142593
0 1013 0.657497 0.238889 0.035671 0.140741
0 1014 0.678053 0.262963 0.036880 0.140741
0 1015 0.600665 0.390741 0.044135 0.157407
0 1016 0.565901 0.374074 0.042322 0.142593
0 1017 0.610339 0.327778 0.039299 0.159259
0 1018 0.570133 0.297222 0.039903 0.131481
0 1019 0.565901 0.320370 0.032648 0.131481
0 1020 0.598851 0.303241 0.032044 0.156481
0 1021 0.616989 0.277778 0.040508 0.159259
0 1022 0.659915 0.172685 0.044135 0.121296
0 1023 0.272672 0.099074 0.038694 0.142593
0 1024 0.243047 0.098611 0.035067 0.132407
0 1025 0.722491 0.122685 0.039903 0.141667
0 1026 0.753628 0.114352 0.040508 0.128704
0 1035 0.090085 0.213426 0.032648 0.071296
0 1036 0.711004 0.497222 0.035067 0.109259
0 1037 0.951632 0.447685 0.037485 0.126852
0 1046 0.974607 0.053704 0.033857 0.105556
0 1047 0.938936 0.114815 0.037485 0.125926
0 1049 0.866687 0.083333 0.034462 0.140741
0 1052 0.923821 0.060185 0.037485 0.118519
0 1062 0.888755 0.054630 0.033857 0.107407
0 1073 0.587666 0.211574 0.033857 0.134259
0 1074 0.644498 0.110185 0.038694 0.131481
0 1075 0.614571 0.121759 0.036880 0.130556
0 1076 0.583132 0.122685 0.040508 0.123148
0 1077 0.599154 0.071759 0.044740 0.139815
0 1078 0.572249 0.075926 0.034462 0.140741
0 1091 0.194982 0.082870 0.032044 0.126852
0 1092 0.211911 0.104630 0.039299 0.140741
0 1093 0.260883 0.041204 0.038089 0.080556
0 1103 0.124547 0.042593 0.030230 0.083333
0 1111 0.355200 0.051389 0.041717 0.100926
0 1117 0.365780 0.027315 0.036276 0.052778
0 1120 0.513603 0.028241 0.039299 0.054630
0 1127 0.545949 0.028241 0.036276 0.054630
0 1154 0.837969 0.051852 0.036276 0.101852
0 1156 0.159311 0.042130 0.035671 0.082407
0 1175 0.355502 0.470370 0.035067 0.157407
0 1197 0.320435 0.239815 0.038694 0.137037
0 1198 0.136034 0.725000 0.043531 0.162963
0 1200 0.245768 0.247222 0.041717 0.142593
0 1206 0.128174 0.690741 0.056832 0.162963
0 1284 0.821342 0.307407 0.039299 0.131481
0 1285 0.840387 0.299537 0.029021 0.123148
0 1306 0.241536 0.577778 0.044135 0.168519
0 1307 0.207376 0.562500 0.033857 0.176852
0 1308 0.348851 0.560185 0.032648 0.140741
0 1325 0.206167 0.492130 0.037485 0.149074
0 1326 0.214329 0.477778 0.032044 0.157407
0 1328 0.180774 0.472685 0.031439 0.126852
0 1329 0.175030 0.428704 0.039299 0.146296
0 1330 0.129383 0.456481 0.037485 0.148148
0 1343 0.355804 0.137037 0.029625 0.129630
0 1344 0.376058 0.136111 0.027811 0.129630
0 1444 0.265719 0.354167 0.044135 0.139815
0 1445 0.255139 0.382407 0.035067 0.146296
0 1501 0.176239 0.887963 0.044135 0.159259
0 1549 0.294740 0.693981 0.041717 0.152778
0 1567 0.456469 0.528241 0.042322 0.154630
0 1592 0.331318 0.613426 0.035067 0.154630
0 1594 0.335248 0.647685 0.039299 0.167593
0 1650 0.409613 0.651852 0.051391 0.151852
0 1653 0.621524 0.699074 0.050786 0.157407
0 1655 0.425030 0.443519 0.035067 0.124074
0 1657 0.414148 0.409259 0.037485 0.107407
0 1716 0.410520 0.502315 0.035067 0.149074
0 1717 0.419287 0.468056 0.029625 0.132407
0 1776 0.223398 0.536574 0.036880 0.143519
0 1777 0.277207 0.518056 0.050181 0.156481
0 1778 0.274788 0.552315 0.039299 0.171296
0 1779 0.550181 0.733333 0.047158 0.159259
0 1780 0.240326 0.328704 0.034462 0.140741
0 1781 0.736397 0.671296 0.041112 0.157407
0 1782 0.279021 0.317593 0.039299 0.148148
0 1799 0.394498 0.369907 0.039299 0.137963
0 1862 0.246070 0.282870 0.032648 0.126852
0 1863 0.467956 0.478704 0.037485 0.142593
0 1899 0.198307 0.295370 0.035067 0.137037
0 1906 0.237304 0.307407 0.034462 0.118519
