0 793 0.460701 0.680093 0.038694 0.156481
0 794 0.491838 0.674074 0.036880 0.148148
0 801 0.487908 0.846296 0.049577 0.179630
0 802 0.476421 0.924074 0.060459 0.151852
0 810 0.516324 0.810648 0.042322 0.143519
0 819 0.546554 0.674537 0.054414 0.182407
0 820 0.464933 0.327778 0.045949 0.151852
0 824 0.565901 0.839352 0.049577 0.173148
0 825 0.571342 0.795370 0.035067 0.146296
0 826 0.548972 0.966667 0.045949 0.066667
0 827 0.435913 0.776852 0.051995 0.168519
0 829 0.278114 0.972222 0.037485 0.055556
0 834 0.665961 0.970370 0.051391 0.061111
0 835 0.477025 0.361574 0.042322 0.162037
0 836 0.700726 0.773148 0.060459 0.185185
0 844 0.608222 0.970833 0.039903 0.058333
0 848 0.250302 0.960185 0.050786 0.081481
0 853 0.610943 0.817593 0.061064 0.177778
0 856 0.470979 0.837500 0.029021 0.119444
0 857 0.554414 0.775926 0.045949 0.157407
0 863 0.443168 0.881481 0.039903 0.150000
0 864 0.404776 0.756944 0.046554 0.160185
0 885 0.650544 0.445370 0.044740 0.144444
0 886 0.696493 0.442130 0.047158 0.149074
0 894 0.060459 0.925926 0.060459 0.150000
0 896 0.785067 0.712037 0.046554 0.168519
0 898 0.607920 0.439352 0.048972 0.173148
0 899 0.494256 0.526852 0.039299 0.157407
0 900 0.760278 0.618981 0.046554 0.160185
0 901 0.802600 0.603241 0.048972 0.182407
0 902 0.538694 0.515278 0.042322 0.160185
0 903 0.561366 0.533333 0.042926 0.137037
0 904 0.566203 0.265741 0.034462 0.157407
0 905 0.836759 0.874074 0.058041 0.205556
0 906 0.888150 0.862963 0.058041 0.203704
0 908 0.539601 0.286574 0.039299 0.149074
0 909 0.513906 0.368056 0.038694 0.160185
0 910 0.539903 0.350000 0.037485 0.142593
0 911 0.487606 0.571296 0.040508 0.164815
0 912 0.516929 0.564352 0.042322 0.149074
0 913 0.532044 0.599537 0.045949 0.171296
0 914 0.561669 0.628241 0.036276 0.145370
0 915 0.595224 0.623148 0.046554 0.157407
0 917 0.679867 0.652315 0.046554 0.169444
0 920 0.562273 0.886574 0.048368 0.154630
0 921 0.602479 0.912037 0.090085 0.157407
0 922 0.509069 0.763426 0.045949 0.173148
0 932 0.785671 0.488889 0.039299 0.146296
0 933 0.812878 0.481019 0.039299 0.132407
0 938 0.784764 0.451389 0.049577 0.154630
0 939 0.813785 0.432407 0.035067 0.129630
0 941 0.911729 0.485185 0.043531 0.146296
0 942 0.890568 0.369444 0.043531 0.157407
0 943 0.863664 0.389352 0.040508 0.149074
0 944 0.794438 0.434722 0.032648 0.123148
0 945 0.749698 0.471759 0.033857 0.106481
0 946 0.830411 0.463889 0.034462 0.131481
0 947 0.841596 0.432870 0.032648 0.132407
0 948 0.565599 0.910648 0.041717 0.154630
0 949 0.588573 0.894444 0.041717 0.164815
0 952 0.297158 0.750000 0.059855 0.150000
0 953 0.222189 0.762963 0.055018 0.157407
0 956 0.073458 0.742130 0.048972 0.184259
0 957 0.831318 0.772685 0.060459 0.195370
0 958 0.764510 0.517593 0.035671 0.129630
0 959 0.876360 0.478704 0.039299 0.153704
0 960 0.982164 0.437037 0.033253 0.148148
0 963 0.829807 0.359259 0.050181 0.170370
0 964 0.913241 0.306481 0.038089 0.142593
0 965 0.946493 0.287037 0.041717 0.153704
0 966 0.965840 0.169907 0.039299 0.132407
0 967 0.881197 0.311574 0.039299 0.150926
0 968 0.741536 0.203704 0.042926 0.146296
0 969 0.765417 0.215741 0.037485 0.142593
0 970 0.877267 0.268519 0.041112 0.135185
0 971 0.927449 0.238426 0.039903 0.137963
0 972 0.902056 0.243056 0.033857 0.132407
0 973 0.876058 0.191667 0.039903 0.131481
0 974 0.908706 0.204167 0.042322 0.132407
0 975 0.928658 0.158333 0.039903 0.138889
0 976 0.913241 0.099074 0.038089 0.137037
0 978 0.025091 0.317593 0.048972 0.142593
0 980 0.002418 0.265741 0.003628 0.142593
0 989 0.055320 0.243981 0.036880 0.139815
0 990 0.089480 0.265278 0.029021 0.115741
0 991 0.077086 0.222222 0.036880 0.124074
0 992 0.105200 0.198611 0.042322 0.149074
0 993 0.097037 0.338889 0.041717 0.146296
0 994 0.149637 0.301852 0.040508 0.146296
0 995 0.068924 0.280093 0.029021 0.115741
0 996 0.049577 0.410648 0.047158 0.182407
0 997 0.092805 0.269444 0.039299 0.153704
0 998 0.123337 0.284259 0.031439 0.124074
0 999 0.123942 0.318981 0.025393 0.100926
0 1000 0.529021 0.447685 0.049577 0.167593
0 1001 0.734583 0.526389 0.054414 0.167593
0 1002 0.734885 0.488426 0.046554 0.154630
0 1003 0.559855 0.428704 0.047158 0.151852
0 1004 0.655079 0.392593 0.044135 0.159259
0 1005 0.713120 0.352778 0.042926 0.131481
0 1006 0.628779 0.359722 0.042322 0.145370
0 1007 0.786276 0.303241 0.035671 0.139815
0 1008 0.762696 0.325463 0.039299 0.149074
0 1009 0.728537 0.317130 0.044740 0.145370
0 1010 0.744861 0.248148 0.031439 0.105556
0 1011 0.665961 0.315741 0.048972 0.140741
0 1012 0.709492 0.250000 0.044135 0.142593
0 1013 0.656590 0.236111 0.035067 0.140741
0 1014 0.677449 0.261111 0.036880 0.140741
0 1015 0.600665 0.388889 0.044135 0.157407
0 1016 0.565901 0.371296 0.042322 0.142593
0 1017 0.608525 0.326852 0.039299 0.159259
0 1018 0.570738 0.295370 0.039903 0.131481
0 1019 0.565296 0.317593 0.032648 0.129630
0 1020 0.599154 0.302315 0.031439 0.156481
0 1021 0.615175 0.275000 0.040508 0.159259
0 1022 0.656288 0.172222 0.046554 0.120370
0 1023 0.274486 0.097685 0.038694 0.141667
0 1024 0.244861 0.096759 0.035067 0.132407
0 1025 0.722491 0.120833 0.039903 0.141667
0 1026 0.753628 0.112500 0.040508 0.128704
0 1035 0.091898 0.211574 0.032648 0.071296
0 1036 0.709794 0.494444 0.035067 0.109259
0 1037 0.950423 0.443981 0.037485 0.126852
0 1046 0.974305 0.052778 0.034462 0.103704
0 1047 0.938936 0.112963 0.037485 0.125926
0 1049 0.867291 0.082407 0.034462 0.140741
0 1052 0.923821 0.059259 0.037485 0.116667
0 1062 0.889964 0.054167 0.033857 0.106481
0 1073 0.586457 0.208796 0.033857 0.134259
0 1074 0.642987 0.109259 0.039299 0.131481
0 1075 0.613059 0.119907 0.036276 0.130556
0 1076 0.582225 0.121759 0.039903 0.123148
0 1077 0.598851 0.070833 0.042926 0.139815
0 1078 0.572249 0.074074 0.034462 0.138889
0 1091 0.195586 0.082870 0.032044 0.126852
0 1092 0.212817 0.103704 0.038694 0.140741
0 1093 0.262999 0.040278 0.037485 0.078704
0 1103 0.125453 0.042130 0.029625 0.082407
0 1111 0.355804 0.050463 0.041717 0.099074
0 1117 0.368198 0.026852 0.035067 0.051852
0 1120 0.513603 0.027778 0.039299 0.053704
0 1154 0.839782 0.052778 0.036276 0.101852
0 1156 0.159915 0.041667 0.035671 0.081481
0 1175 0.354897 0.470370 0.035067 0.157407
0 1197 0.319226 0.239815 0.039903 0.137037
0 1198 0.136034 0.725926 0.043531 0.162963
0 1200 0.241536 0.248148 0.041717 0.142593
0 1206 0.127570 0.691667 0.056832 0.162963
0 1284 0.820738 0.307407 0.039299 0.131481
0 1285 0.839782 0.299537 0.029021 0.123148
0 1306 0.241536 0.577778 0.044135 0.168519
0 1307 0.207074 0.563426 0.034462 0.176852
0 1308 0.348851 0.560185 0.032648 0.140741
0 1325 0.206167 0.492130 0.037485 0.149074
0 1326 0.214329 0.477778 0.032044 0.157407
0 1328 0.180774 0.473611 0.031439 0.126852
0 1329 0.175030 0.429630 0.039299 0.146296
0 1330 0.129988 0.456481 0.037485 0.148148
0 1343 0.355200 0.137963 0.029625 0.129630
0 1344 0.376058 0.137037 0.027811 0.129630
0 1444 0.265719 0.355093 0.044135 0.139815
0 1445 0.254534 0.383333 0.035067 0.146296
0 1501 0.176239 0.888889 0.044135 0.159259
0 1549 0.294740 0.694907 0.041717 0.152778
0 1567 0.457678 0.529167 0.042322 0.154630
0 1592 0.331016 0.614352 0.034462 0.154630
0 1594 0.335248 0.648611 0.039299 0.167593
0 1650 0.409613 0.652778 0.051391 0.151852
0 1653 0.621524 0.699074 0.050786 0.157407
0 1655 0.425030 0.444444 0.035067 0.124074
0 1657 0.414148 0.410185 0.037485 0.107407
0 1716 0.410520 0.503241 0.035067 0.149074
0 1717 0.419287 0.469907 0.029625 0.132407
0 1776 0.223700 0.537037 0.036276 0.142593
0 1777 0.276904 0.518981 0.049577 0.156481
0 1778 0.274788 0.553241 0.039299 0.171296
0 1779 0.547763 0.730556 0.047158 0.159259
0 1780 0.240326 0.329630 0.034462 0.140741
0 1781 0.733978 0.666204 0.041112 0.156481
0 1782 0.278416 0.318519 0.039299 0.148148
0 1799 0.394196 0.370833 0.039903 0.137963
0 1862 0.249093 0.283796 0.032648 0.126852
0 1863 0.467956 0.479630 0.037485 0.142593
0 1899 0.200121 0.295833 0.035067 0.136111
0 1906 0.240931 0.306481 0.034462 0.118519
