0 793 0.404474 0.776852 0.042322 0.174074
0 794 0.442866 0.790278 0.042926 0.156481
0 801 0.449819 0.924074 0.045949 0.151852
0 810 0.486699 0.938426 0.037485 0.125000
0 819 0.489420 0.787037 0.053809 0.181481
0 820 0.451935 0.315741 0.036880 0.157407
0 824 0.531741 0.946296 0.058646 0.109259
0 825 0.555623 0.904630 0.039903 0.153704
0 827 0.299274 0.890278 0.055623 0.180556
0 835 0.469166 0.348611 0.047158 0.162037
0 836 0.712515 0.900000 0.061064 0.188889
0 853 0.593108 0.942130 0.055623 0.117593
0 856 0.428960 0.937500 0.029625 0.110185
0 857 0.510883 0.910648 0.047158 0.145370
0 863 0.385127 0.940741 0.038694 0.114815
0 864 0.273277 0.872685 0.047158 0.173148
0 885 0.678658 0.579630 0.045345 0.135185
0 886 0.726421 0.575463 0.048972 0.169444
0 896 0.857920 0.887963 0.048368 0.168519
0 898 0.581318 0.564352 0.048972 0.173148
0 899 0.391778 0.597685 0.033857 0.158333
0 900 0.850363 0.808796 0.047763 0.184259
0 901 0.894196 0.757407 0.048368 0.185185
0 902 0.487908 0.604630 0.044740 0.153704
0 903 0.516626 0.633333 0.044135 0.138889
0 904 0.600363 0.318519 0.035067 0.157407
0 908 0.574365 0.337037 0.042322 0.148148
0 909 0.529021 0.372685 0.045949 0.160185
0 910 0.538392 0.360648 0.036880 0.143519
0 911 0.416264 0.654167 0.045345 0.165741
0 912 0.455260 0.662963 0.041112 0.162963
0 913 0.457376 0.702315 0.046554 0.171296
0 914 0.490931 0.728241 0.041112 0.154630
0 915 0.517231 0.742130 0.048972 0.152778
0 917 0.735490 0.755556 0.047763 0.168519
0 922 0.414148 0.896759 0.051995 0.173148
0 932 0.818924 0.556944 0.044135 0.149074
0 933 0.861548 0.561111 0.043531 0.135185
0 938 0.827086 0.518056 0.051995 0.154630
0 939 0.853688 0.506481 0.032648 0.135185
0 941 0.907799 0.630093 0.044135 0.156481
0 942 0.977328 0.468056 0.042926 0.171296
0 943 0.948912 0.488889 0.051391 0.151852
0 944 0.839178 0.520833 0.031439 0.123148
0 945 0.796252 0.549537 0.037485 0.110185
0 946 0.872128 0.540741 0.035671 0.135185
0 947 0.879988 0.499537 0.034462 0.134259
0 952 0.454655 0.859259 0.047158 0.170370
0 953 0.394800 0.835185 0.048368 0.174074
0 956 0.071644 0.966204 0.044135 0.067593
0 957 0.878174 0.972222 0.044135 0.057407
0 958 0.820738 0.682407 0.039299 0.153704
0 959 0.874244 0.612500 0.043531 0.156481
0 963 0.765115 0.500926 0.057437 0.168519
0 964 0.945284 0.397685 0.035671 0.145370
0 965 0.965538 0.373148 0.039903 0.159259
0 966 0.938331 0.245370 0.044740 0.138889
0 967 0.947098 0.433796 0.036880 0.150926
0 968 0.751511 0.303241 0.044740 0.154630
0 969 0.786578 0.309259 0.043531 0.140741
0 970 0.913543 0.415741 0.045949 0.157407
0 971 0.913543 0.350926 0.039903 0.151852
0 972 0.882709 0.364815 0.037485 0.140741
0 973 0.917775 0.292130 0.037485 0.132407
0 974 0.949819 0.295833 0.041112 0.132407
0 975 0.879988 0.220370 0.042926 0.140741
0 976 0.915659 0.190741 0.039299 0.137037
0 990 0.004232 0.383796 0.007255 0.115741
0 991 0.008767 0.333796 0.016324 0.119444
0 992 0.028114 0.318056 0.041717 0.156481
0 993 0.047763 0.444907 0.042322 0.152778
0 994 0.098549 0.405093 0.047158 0.150926
0 995 0.015417 0.395370 0.029625 0.120370
0 997 0.032346 0.380093 0.044135 0.154630
0 998 0.062273 0.383333 0.035067 0.135185
0 999 0.075877 0.413889 0.024788 0.090741
0 1000 0.510580 0.549074 0.053809 0.168519
0 1001 0.755744 0.677778 0.058041 0.185185
0 1002 0.793833 0.617130 0.047158 0.156481
0 1003 0.546554 0.533796 0.049577 0.162037
0 1004 0.642684 0.524074 0.045949 0.159259
0 1005 0.758767 0.447685 0.047158 0.139815
0 1006 0.521161 0.451852 0.043531 0.151852
0 1007 0.829504 0.397685 0.039903 0.149074
0 1008 0.804111 0.418519 0.044740 0.148148
0 1009 0.772672 0.405093 0.039903 0.145370
0 1010 0.819831 0.355093 0.033857 0.123148
0 1011 0.691959 0.439815 0.051391 0.151852
0 1012 0.774486 0.339352 0.043531 0.143519
0 1013 0.677751 0.340278 0.038694 0.139815
0 1014 0.713724 0.360648 0.039299 0.139815
0 1015 0.594015 0.516204 0.046554 0.156481
0 1016 0.537485 0.468981 0.044740 0.143519
0 1017 0.613059 0.416667 0.039903 0.159259
0 1018 0.561971 0.379630 0.040508 0.135185
0 1019 0.558343 0.413426 0.036880 0.143519
0 1020 0.594921 0.386111 0.038694 0.157407
0 1021 0.644196 0.408796 0.041717 0.162037
0 1022 0.798972 0.262963 0.039299 0.135185
0 1023 0.219166 0.152778 0.039299 0.172222
0 1024 0.188029 0.164352 0.033857 0.132407
0 1025 0.724002 0.210185 0.041717 0.142593
0 1026 0.758162 0.205093 0.037485 0.128704
0 1035 0.028114 0.323611 0.032044 0.071296
0 1036 0.764208 0.645370 0.032648 0.118519
0 1046 0.980955 0.124074 0.035671 0.131481
0 1047 0.941959 0.202778 0.039903 0.129630
0 1048 0.949516 0.127315 0.040508 0.149074
0 1049 0.858525 0.168056 0.032648 0.139815
0 1050 0.954655 0.092593 0.027811 0.131481
0 1051 0.923216 0.068056 0.035067 0.134259
0 1052 0.915357 0.140278 0.039903 0.126852
0 1058 0.945586 0.047222 0.039903 0.092593
0 1060 0.943773 0.058333 0.037485 0.114815
0 1062 0.881197 0.109259 0.036880 0.129630
0 1069 0.917170 0.053704 0.037485 0.105556
0 1071 0.853688 0.050000 0.036276 0.098148
0 1072 0.832830 0.089352 0.034462 0.117593
0 1073 0.625151 0.349537 0.038694 0.145370
0 1074 0.676542 0.180093 0.042322 0.137963
0 1075 0.642382 0.181481 0.036880 0.137037
0 1076 0.615780 0.169444 0.029625 0.131481
0 1077 0.594317 0.181481 0.036276 0.140741
0 1078 0.571342 0.174537 0.038694 0.149074
0 1080 0.735792 0.042130 0.029021 0.069444
0 1084 0.712817 0.043519 0.033857 0.085185
0 1087 0.622128 0.073611 0.030230 0.123148
0 1091 0.109432 0.159722 0.038694 0.139815
0 1092 0.129081 0.173148 0.040508 0.142593
0 1093 0.182285 0.103241 0.039299 0.137963
0 1095 0.041112 0.065278 0.036276 0.112037
0 1101 0.115175 0.065741 0.036880 0.124074
0 1102 0.176542 0.038889 0.032648 0.075926
0 1103 0.116989 0.091204 0.029625 0.128704
0 1104 0.204051 0.050463 0.036880 0.099074
0 1109 0.260580 0.080556 0.032648 0.090741
0 1110 0.267533 0.076852 0.036880 0.124074
0 1111 0.298972 0.106944 0.039299 0.128704
0 1117 0.294438 0.081481 0.027811 0.107407
0 1120 0.509674 0.068981 0.039903 0.121296
0 1125 0.324667 0.071296 0.037485 0.140741
0 1127 0.552600 0.060185 0.039903 0.118519
0 1129 0.596735 0.072222 0.042322 0.125926
0 1133 0.522975 0.036574 0.032648 0.071296
0 1140 0.463724 0.053241 0.036276 0.104630
0 1151 0.853083 0.018519 0.032648 0.035185
0 1152 0.673216 0.040278 0.034462 0.078704
0 1154 0.810762 0.107870 0.041112 0.143519
0 1155 0.812878 0.052778 0.039299 0.103704
0 1156 0.136638 0.082870 0.037485 0.134259
0 1175 0.350967 0.458333 0.035671 0.157407
0 1197 0.346735 0.217130 0.029625 0.117593
0 1198 0.133011 0.712500 0.049577 0.160185
0 1200 0.361850 0.227315 0.027207 0.126852
0 1206 0.133011 0.675463 0.051995 0.162037
0 1284 0.834341 0.342593 0.032648 0.135185
0 1285 0.861548 0.333333 0.033857 0.122222
0 1306 0.233676 0.570370 0.042926 0.168519
0 1307 0.208888 0.551389 0.038089 0.176852
0 1308 0.344921 0.549537 0.032044 0.139815
0 1325 0.203144 0.482407 0.036276 0.148148
0 1326 0.210097 0.466667 0.032044 0.157407
0 1328 0.174728 0.460185 0.031439 0.127778
0 1329 0.168984 0.424074 0.039299 0.146296
0 1330 0.136336 0.439815 0.044135 0.148148
0 1343 0.347037 0.120370 0.030230 0.124074
0 1344 0.369710 0.122222 0.034462 0.129630
0 1444 0.262999 0.353241 0.044740 0.139815
0 1445 0.249395 0.366204 0.034462 0.145370
0 1501 0.189843 0.864352 0.044740 0.167593
0 1549 0.290810 0.681019 0.047158 0.156481
0 1567 0.406892 0.535648 0.041112 0.154630
0 1592 0.328900 0.601389 0.037485 0.154630
0 1594 0.329807 0.639352 0.044135 0.165741
0 1650 0.404172 0.635185 0.051391 0.151852
0 1653 0.602781 0.685648 0.049577 0.149074
0 1655 0.431378 0.432407 0.034462 0.124074
0 1657 0.413241 0.397222 0.041717 0.107407
0 1716 0.406288 0.482407 0.035067 0.137037
0 1717 0.414450 0.455093 0.029625 0.132407
0 1776 0.218863 0.525000 0.037485 0.146296
0 1777 0.272672 0.504630 0.055623 0.157407
0 1778 0.269952 0.555556 0.039299 0.174074
0 1779 0.626058 0.904630 0.051391 0.166667
0 1780 0.240629 0.313889 0.035067 0.140741
0 1781 0.799274 0.877315 0.045949 0.163889
0 1782 0.278416 0.303241 0.039299 0.149074
0 1799 0.387545 0.359722 0.039903 0.137963
0 1862 0.195284 0.282870 0.035067 0.126852
0 1863 0.462515 0.468519 0.038694 0.148148
0 1899 0.121221 0.306019 0.035671 0.137963
0 1906 0.113664 0.328704 0.035067 0.124074
