0 793 0.406892 0.770370 0.042322 0.174074
0 794 0.446191 0.780093 0.043531 0.156481
0 801 0.452237 0.920833 0.045949 0.156481
0 810 0.488513 0.932870 0.037485 0.136111
0 819 0.493652 0.776852 0.053809 0.181481
0 820 0.452842 0.312037 0.037485 0.157407
0 824 0.533555 0.941667 0.058646 0.118519
0 825 0.555320 0.893056 0.039299 0.158333
0 827 0.307739 0.879630 0.055623 0.181481
0 835 0.468863 0.343981 0.046554 0.162037
0 836 0.710097 0.891204 0.061064 0.191667
0 853 0.595526 0.936574 0.055623 0.128704
0 856 0.430774 0.931944 0.029625 0.117593
0 857 0.514510 0.900463 0.047158 0.145370
0 863 0.386941 0.935185 0.038694 0.122222
0 864 0.281137 0.860648 0.047158 0.169444
0 885 0.677449 0.571296 0.045345 0.144444
0 886 0.724002 0.567593 0.048972 0.168519
0 896 0.854897 0.876852 0.047158 0.172222
0 898 0.587364 0.550463 0.048972 0.173148
0 899 0.395707 0.589352 0.033253 0.156481
0 900 0.846131 0.793981 0.051391 0.184259
0 901 0.889964 0.745370 0.048368 0.185185
0 902 0.492745 0.599074 0.044740 0.153704
0 903 0.520556 0.626852 0.044740 0.140741
0 904 0.597944 0.313426 0.035067 0.156481
0 908 0.573761 0.332407 0.042322 0.148148
0 909 0.529021 0.369907 0.044740 0.160185
0 910 0.540206 0.357870 0.036880 0.143519
0 911 0.423519 0.647685 0.042926 0.167593
0 912 0.460097 0.655556 0.041112 0.162963
0 913 0.461608 0.694907 0.046554 0.171296
0 914 0.496977 0.718056 0.041112 0.152778
0 915 0.522975 0.732870 0.048368 0.154630
0 917 0.735490 0.748611 0.047763 0.175000
0 920 0.518742 0.976389 0.038694 0.047222
0 922 0.418984 0.889352 0.050786 0.173148
0 932 0.817110 0.547685 0.044135 0.149074
0 933 0.860339 0.550926 0.043531 0.133333
0 938 0.824063 0.510648 0.051995 0.154630
0 939 0.848851 0.499074 0.032648 0.135185
0 941 0.906892 0.619907 0.044740 0.156481
0 942 0.977328 0.460648 0.042926 0.171296
0 943 0.945586 0.478704 0.049577 0.150000
0 944 0.835852 0.515278 0.032044 0.123148
0 945 0.795345 0.543056 0.036880 0.110185
0 946 0.869710 0.532407 0.035671 0.135185
0 947 0.872430 0.490278 0.033857 0.134259
0 949 0.532346 0.975926 0.045345 0.046296
0 952 0.452842 0.842593 0.047158 0.170370
0 953 0.388755 0.821759 0.048368 0.169444
0 956 0.071947 0.956481 0.050786 0.087037
0 957 0.874244 0.962963 0.051995 0.075926
0 958 0.819226 0.668981 0.039903 0.152778
0 959 0.873640 0.601852 0.043531 0.155556
0 963 0.766929 0.488426 0.056227 0.167593
0 964 0.943773 0.386574 0.035067 0.145370
0 965 0.964933 0.365741 0.039903 0.159259
0 966 0.943168 0.237963 0.044740 0.135185
0 967 0.944075 0.426389 0.036880 0.150926
0 968 0.750907 0.294907 0.044740 0.154630
0 969 0.785369 0.301389 0.043531 0.141667
0 970 0.911125 0.406481 0.045949 0.155556
0 971 0.913543 0.342593 0.039903 0.151852
0 972 0.885732 0.356481 0.037485 0.140741
0 973 0.915054 0.283796 0.036880 0.132407
0 974 0.947400 0.288426 0.041112 0.132407
0 975 0.885127 0.214815 0.041112 0.140741
0 976 0.915659 0.183333 0.039299 0.137037
0 990 0.006651 0.372685 0.012092 0.115741
0 991 0.011790 0.323148 0.022370 0.122222
0 992 0.031439 0.305556 0.041112 0.151852
0 993 0.051088 0.434259 0.041717 0.148148
0 994 0.103688 0.395833 0.044135 0.150926
0 995 0.016626 0.385648 0.032044 0.121296
0 997 0.035671 0.369907 0.044740 0.154630
0 998 0.065296 0.375926 0.035067 0.135185
0 999 0.078900 0.406481 0.024788 0.090741
0 1000 0.511790 0.539815 0.053809 0.168519
0 1001 0.756348 0.663889 0.058041 0.185185
0 1002 0.789903 0.606481 0.046554 0.155556
0 1003 0.548368 0.522685 0.049577 0.162037
0 1004 0.642080 0.513889 0.045949 0.162963
0 1005 0.756651 0.437500 0.046554 0.139815
0 1006 0.527509 0.440741 0.042926 0.150000
0 1007 0.828295 0.390278 0.039903 0.149074
0 1008 0.802297 0.411111 0.044740 0.148148
0 1009 0.769649 0.396759 0.039903 0.145370
0 1010 0.814994 0.347685 0.033857 0.123148
0 1011 0.690145 0.430556 0.051391 0.151852
0 1012 0.769952 0.332407 0.044135 0.142593
0 1013 0.677751 0.331944 0.038694 0.139815
0 1014 0.711004 0.350463 0.038694 0.139815
0 1015 0.592805 0.504630 0.046554 0.157407
0 1016 0.540508 0.462037 0.043531 0.142593
0 1017 0.614268 0.408333 0.039903 0.159259
0 1018 0.564389 0.370833 0.040508 0.134259
0 1019 0.561669 0.405093 0.036276 0.145370
0 1020 0.597944 0.376852 0.037485 0.157407
0 1021 0.644498 0.399074 0.041112 0.161111
0 1022 0.791717 0.255556 0.039299 0.135185
0 1023 0.220979 0.146759 0.039299 0.173148
0 1024 0.191052 0.157870 0.033857 0.132407
0 1025 0.723700 0.201852 0.042322 0.140741
0 1026 0.756953 0.198611 0.038694 0.128704
0 1035 0.031137 0.315278 0.032044 0.071296
0 1036 0.762394 0.636111 0.032648 0.118519
0 1046 0.980955 0.115278 0.035671 0.128704
0 1047 0.943470 0.194907 0.039299 0.128704
0 1048 0.949516 0.118981 0.040508 0.149074
0 1049 0.856409 0.161574 0.033253 0.139815
0 1050 0.956469 0.083333 0.029021 0.131481
0 1051 0.922612 0.065278 0.035067 0.128704
0 1052 0.916868 0.131019 0.039299 0.126852
0 1058 0.944982 0.041204 0.039903 0.080556
0 1060 0.942563 0.053704 0.037485 0.105556
0 1062 0.880593 0.103704 0.036880 0.129630
0 1069 0.917170 0.050463 0.037485 0.099074
0 1071 0.854897 0.048148 0.036276 0.094444
0 1072 0.834643 0.083796 0.034462 0.117593
0 1073 0.625453 0.338426 0.039299 0.145370
0 1074 0.675937 0.170833 0.042322 0.137963
0 1075 0.641173 0.174537 0.036880 0.136111
0 1076 0.616687 0.161111 0.029021 0.131481
0 1077 0.593712 0.172685 0.036276 0.139815
0 1078 0.571342 0.166204 0.038694 0.149074
0 1080 0.733374 0.035185 0.029021 0.066667
0 1084 0.709190 0.040741 0.033857 0.079630
0 1087 0.621524 0.068519 0.030230 0.118519
0 1091 0.113664 0.153704 0.038694 0.138889
0 1092 0.133313 0.167130 0.039299 0.141667
0 1093 0.185913 0.098148 0.039299 0.137037
0 1095 0.044438 0.058796 0.036880 0.108333
0 1103 0.118198 0.085648 0.029625 0.128704
0 1104 0.208283 0.045370 0.036880 0.088889
0 1109 0.262394 0.073148 0.032648 0.090741
0 1110 0.270556 0.071296 0.035671 0.120370
0 1111 0.302600 0.100463 0.039299 0.128704
0 1117 0.297763 0.074074 0.028416 0.105556
0 1120 0.509069 0.065278 0.039903 0.117593
0 1125 0.328295 0.067593 0.037485 0.133333
0 1127 0.551995 0.057870 0.039903 0.113889
0 1129 0.597340 0.066667 0.042322 0.122222
0 1133 0.525393 0.028241 0.032648 0.054630
0 1140 0.467956 0.048148 0.036276 0.094444
0 1152 0.673216 0.036574 0.034462 0.071296
0 1154 0.808343 0.100000 0.041112 0.142593
0 1155 0.814087 0.050926 0.039299 0.100000
0 1156 0.137243 0.077315 0.037485 0.130556
0 1175 0.351572 0.454630 0.035671 0.157407
0 1197 0.347642 0.214352 0.029021 0.117593
0 1198 0.133011 0.709722 0.049577 0.160185
0 1200 0.358525 0.227778 0.027811 0.127778
0 1206 0.132709 0.673611 0.051391 0.162037
0 1284 0.833132 0.337500 0.032648 0.134259
0 1285 0.860943 0.328241 0.033857 0.123148
0 1306 0.234281 0.568519 0.042926 0.168519
0 1307 0.209190 0.549537 0.037485 0.176852
0 1308 0.345526 0.548611 0.032044 0.139815
0 1325 0.203144 0.483333 0.036276 0.148148
0 1326 0.210097 0.466667 0.032044 0.157407
0 1328 0.175333 0.457870 0.031439 0.126852
0 1329 0.169589 0.423148 0.039299 0.146296
0 1330 0.136941 0.437037 0.044135 0.148148
0 1343 0.347642 0.118519 0.030230 0.124074
0 1344 0.370919 0.120370 0.034462 0.129630
0 1444 0.262999 0.352315 0.044740 0.139815
0 1445 0.250000 0.364352 0.034462 0.145370
0 1501 0.186820 0.864815 0.044740 0.168519
0 1549 0.291112 0.678241 0.046554 0.156481
0 1567 0.409613 0.533796 0.041717 0.154630
0 1592 0.330109 0.598611 0.037485 0.154630
0 1594 0.329807 0.637500 0.044135 0.165741
0 1650 0.404776 0.634259 0.051391 0.151852
0 1653 0.604595 0.683333 0.048368 0.150000
0 1655 0.429565 0.429630 0.034462 0.124074
0 1657 0.413543 0.396296 0.041112 0.107407
0 1716 0.406288 0.481019 0.035067 0.137963
0 1717 0.415054 0.453241 0.029625 0.132407
0 1776 0.220073 0.523148 0.037485 0.146296
0 1777 0.273277 0.504630 0.055623 0.157407
0 1778 0.270556 0.554630 0.039299 0.174074
0 1779 0.623337 0.892130 0.050786 0.176852
0 1780 0.242443 0.312037 0.035067 0.140741
0 1781 0.796252 0.862963 0.045949 0.162963
0 1782 0.278718 0.300463 0.038694 0.149074
0 1799 0.388755 0.359722 0.039903 0.137963
0 1862 0.196493 0.279167 0.035067 0.126852
0 1863 0.462515 0.468056 0.038694 0.147222
0 1899 0.126058 0.302315 0.034462 0.137963
0 1906 0.122733 0.324074 0.035067 0.124074
