0 793 0.442866 0.705093 0.042926 0.167593
0 794 0.476421 0.695833 0.042322 0.149074
0 801 0.478839 0.869444 0.049577 0.179630
0 802 0.472793 0.955556 0.059250 0.090741
0 810 0.507860 0.845833 0.044740 0.150926
0 819 0.529021 0.700463 0.054414 0.182407
0 820 0.478839 0.321296 0.054414 0.146296
0 824 0.559250 0.870833 0.051995 0.173148
0 825 0.572249 0.818056 0.039299 0.154630
0 827 0.398730 0.798148 0.052600 0.168519
0 834 0.674123 0.983796 0.036276 0.034259
0 835 0.474607 0.345833 0.042322 0.162037
0 836 0.706771 0.805556 0.060459 0.192593
0 848 0.218561 0.975463 0.038089 0.050926
0 853 0.613664 0.851389 0.051995 0.182407
0 856 0.468561 0.868981 0.030230 0.121296
0 857 0.537787 0.799537 0.046554 0.147222
0 863 0.429867 0.892130 0.039903 0.143519
0 864 0.367594 0.782870 0.045949 0.162037
0 885 0.656590 0.475000 0.045949 0.144444
0 886 0.707376 0.475000 0.047158 0.159259
0 894 0.052902 0.966204 0.051391 0.063889
0 896 0.808948 0.756481 0.050786 0.168519
0 898 0.600967 0.468981 0.049577 0.173148
0 899 0.466747 0.540278 0.035067 0.156481
0 900 0.794438 0.656481 0.043531 0.175926
0 901 0.833736 0.633796 0.049577 0.182407
0 902 0.528416 0.536111 0.041112 0.159259
0 903 0.552600 0.556019 0.043531 0.137963
0 904 0.573458 0.271296 0.034462 0.157407
0 905 0.863362 0.926852 0.061669 0.148148
0 906 0.915961 0.919444 0.053204 0.161111
0 908 0.550484 0.292130 0.042926 0.149074
0 909 0.521463 0.361111 0.040508 0.159259
0 910 0.546856 0.349537 0.041717 0.143519
0 911 0.479444 0.599074 0.036276 0.162963
0 912 0.503930 0.588426 0.041717 0.156481
0 913 0.512696 0.623611 0.045949 0.171296
0 914 0.548368 0.650926 0.036276 0.150000
0 915 0.583736 0.649074 0.046554 0.153704
0 917 0.694982 0.675463 0.046554 0.165741
0 920 0.550484 0.925463 0.044135 0.147222
0 921 0.590085 0.942130 0.090689 0.112037
0 922 0.493652 0.798611 0.048972 0.173148
0 932 0.795345 0.495833 0.039299 0.143519
0 933 0.827086 0.497685 0.038694 0.132407
0 938 0.797763 0.465278 0.051391 0.154630
0 939 0.821644 0.449074 0.032648 0.129630
0 941 0.906288 0.520370 0.044740 0.157407
0 942 0.931983 0.384722 0.044135 0.150926
0 943 0.888755 0.401852 0.041112 0.148148
0 944 0.803507 0.454167 0.032648 0.123148
0 945 0.762999 0.487037 0.035067 0.107407
0 946 0.845224 0.475926 0.035067 0.129630
0 947 0.840387 0.445370 0.032648 0.135185
0 948 0.556832 0.939352 0.044740 0.123148
0 949 0.573156 0.925463 0.041112 0.145370
0 952 0.359432 0.748611 0.048972 0.160185
0 953 0.284764 0.743981 0.060459 0.149074
0 956 0.080411 0.813889 0.051995 0.196296
0 957 0.833132 0.839815 0.064087 0.201852
0 958 0.789299 0.553704 0.036880 0.140741
0 959 0.873035 0.510185 0.039903 0.153704
0 960 0.988513 0.468056 0.021765 0.123148
0 963 0.803809 0.387963 0.058646 0.170370
0 964 0.922007 0.323611 0.037485 0.145370
0 965 0.954051 0.306481 0.042322 0.155556
0 966 0.966143 0.186574 0.042322 0.134259
0 967 0.905683 0.345833 0.035067 0.150926
0 968 0.740629 0.223148 0.043531 0.146296
0 969 0.769952 0.233796 0.044135 0.143519
0 970 0.884220 0.307407 0.045345 0.142593
0 971 0.929867 0.261574 0.039903 0.137963
0 972 0.904474 0.276389 0.037485 0.139815
0 973 0.885429 0.216667 0.040508 0.131481
0 974 0.919589 0.219907 0.042322 0.132407
0 975 0.930472 0.175463 0.039903 0.139815
0 976 0.912938 0.113889 0.038694 0.137037
0 978 0.014208 0.349537 0.027207 0.149074
0 989 0.029927 0.269907 0.036880 0.145370
0 990 0.057437 0.297685 0.032648 0.115741
0 991 0.055623 0.243519 0.036276 0.124074
0 992 0.086759 0.221759 0.041717 0.149074
0 993 0.088271 0.361111 0.042322 0.138889
0 994 0.132406 0.326389 0.037485 0.145370
0 995 0.055623 0.310185 0.030230 0.120370
0 996 0.020254 0.464352 0.039299 0.184259
0 997 0.072249 0.292130 0.044135 0.154630
0 998 0.107013 0.310185 0.032648 0.135185
0 999 0.108827 0.339815 0.025393 0.101852
0 1000 0.522068 0.465741 0.056227 0.168519
0 1001 0.746675 0.551389 0.055623 0.165741
0 1002 0.753325 0.516204 0.045949 0.154630
0 1003 0.555925 0.456019 0.046554 0.162037
0 1004 0.645103 0.414815 0.045949 0.159259
0 1005 0.724909 0.365741 0.044740 0.131481
0 1006 0.603688 0.377315 0.041717 0.145370
0 1007 0.802297 0.325000 0.039903 0.140741
0 1008 0.775393 0.346759 0.039299 0.149074
0 1009 0.743349 0.333796 0.041717 0.145370
0 1010 0.761487 0.273611 0.034462 0.119444
0 1011 0.673519 0.340741 0.049577 0.144444
0 1012 0.726421 0.265741 0.047763 0.142593
0 1013 0.659915 0.255556 0.036880 0.140741
0 1014 0.684401 0.277778 0.037485 0.140741
0 1015 0.600967 0.413889 0.044740 0.157407
0 1016 0.565901 0.396296 0.042322 0.142593
0 1017 0.620617 0.337963 0.039299 0.159259
0 1018 0.573458 0.319907 0.039299 0.132407
0 1019 0.576179 0.338426 0.032648 0.137963
0 1020 0.599154 0.312500 0.035067 0.156481
0 1021 0.633011 0.304630 0.042322 0.159259
0 1022 0.698912 0.190278 0.037485 0.126852
0 1023 0.259674 0.115278 0.041717 0.143519
0 1024 0.229141 0.118056 0.035067 0.132407
0 1025 0.720979 0.140741 0.040508 0.146296
0 1026 0.752721 0.132870 0.042322 0.128704
0 1035 0.071947 0.233796 0.032648 0.071296
0 1036 0.727932 0.522222 0.032648 0.109259
0 1037 0.965538 0.477778 0.038694 0.125926
0 1046 0.983071 0.058796 0.032648 0.115741
0 1047 0.944377 0.132407 0.037485 0.125926
0 1048 0.942563 0.050000 0.036276 0.098148
0 1049 0.860641 0.100000 0.034462 0.140741
0 1052 0.925030 0.069444 0.037485 0.125926
0 1062 0.880895 0.060648 0.032648 0.119444
0 1072 0.852781 0.039352 0.036880 0.076852
0 1073 0.601874 0.240278 0.035671 0.139815
0 1074 0.660218 0.120833 0.039903 0.132407
0 1075 0.629988 0.134259 0.037485 0.135185
0 1076 0.600665 0.130093 0.033253 0.123148
0 1077 0.592201 0.101389 0.036880 0.143519
0 1078 0.567715 0.095370 0.035067 0.142593
0 1087 0.613664 0.039352 0.030230 0.076852
0 1091 0.179565 0.093981 0.031439 0.126852
0 1092 0.194680 0.117130 0.038694 0.137963
0 1093 0.239722 0.050463 0.046554 0.099074
0 1103 0.121221 0.050463 0.030834 0.099074
0 1109 0.290810 0.031944 0.029021 0.062037
0 1111 0.346131 0.058796 0.040508 0.115741
0 1117 0.346131 0.031481 0.036880 0.061111
0 1120 0.513301 0.034722 0.039903 0.067593
0 1125 0.377267 0.040741 0.037485 0.079630
0 1127 0.545949 0.035648 0.036276 0.069444
0 1154 0.822854 0.061111 0.037485 0.116667
0 1156 0.152660 0.046296 0.036880 0.090741
0 1175 0.356106 0.461111 0.035067 0.157407
0 1197 0.331318 0.233796 0.031439 0.137963
0 1198 0.137848 0.715278 0.049577 0.160185
0 1200 0.288694 0.237963 0.041717 0.142593
0 1206 0.128174 0.682870 0.055623 0.162037
0 1284 0.824063 0.307407 0.037485 0.131481
0 1285 0.846735 0.297685 0.030834 0.123148
0 1306 0.239722 0.569444 0.044135 0.168519
0 1307 0.209492 0.551389 0.034462 0.176852
0 1308 0.347642 0.550926 0.032648 0.140741
0 1325 0.205260 0.489352 0.036880 0.149074
0 1326 0.214329 0.473148 0.032044 0.157407
0 1328 0.180774 0.463426 0.031439 0.126852
0 1329 0.175030 0.417593 0.039299 0.146296
0 1330 0.126965 0.448148 0.037485 0.148148
0 1343 0.356409 0.128704 0.029625 0.129630
0 1344 0.376965 0.126389 0.032044 0.128704
0 1444 0.265417 0.347685 0.044740 0.139815
0 1445 0.259674 0.372222 0.034462 0.146296
0 1501 0.176542 0.876852 0.043531 0.162963
0 1549 0.294740 0.683333 0.041717 0.155556
0 1567 0.443470 0.522685 0.041717 0.154630
0 1592 0.331620 0.604167 0.034462 0.154630
0 1594 0.334039 0.640278 0.040508 0.167593
0 1650 0.408404 0.646296 0.051391 0.151852
0 1653 0.619105 0.685185 0.048368 0.157407
0 1655 0.425030 0.435185 0.035067 0.124074
0 1657 0.415357 0.399074 0.037485 0.107407
0 1716 0.409613 0.493056 0.034462 0.149074
0 1717 0.419287 0.456019 0.029625 0.132407
0 1776 0.223096 0.525000 0.037485 0.146296
0 1777 0.277509 0.510648 0.054414 0.156481
0 1778 0.274788 0.543519 0.039299 0.174074
0 1779 0.577993 0.758796 0.050786 0.160185
0 1780 0.240629 0.318519 0.035067 0.140741
0 1781 0.758464 0.720370 0.042926 0.161111
0 1782 0.282950 0.306481 0.036276 0.148148
0 1799 0.396010 0.361574 0.039903 0.137963
0 1862 0.223096 0.273611 0.032648 0.126852
0 1863 0.466747 0.470370 0.038694 0.142593
0 1899 0.179565 0.288889 0.035067 0.137037
0 1906 0.200423 0.308796 0.034462 0.119444
