0 793 0.418682 0.743519 0.041717 0.172222
0 794 0.456167 0.746759 0.042926 0.156481
0 801 0.463422 0.906019 0.047763 0.173148
0 810 0.493652 0.908333 0.036880 0.157407
0 819 0.503628 0.744444 0.054414 0.181481
0 820 0.457074 0.300926 0.037485 0.157407
0 824 0.543833 0.919907 0.055018 0.162037
0 825 0.557739 0.861111 0.039299 0.161111
0 827 0.337364 0.837963 0.055623 0.175926
0 835 0.470979 0.335648 0.043531 0.162037
0 836 0.709794 0.858796 0.061669 0.189815
0 853 0.604595 0.911574 0.055623 0.169444
0 856 0.441354 0.911111 0.030230 0.124074
0 857 0.525998 0.861574 0.047158 0.145370
0 863 0.398428 0.913426 0.038694 0.147222
0 864 0.313785 0.818981 0.047158 0.163889
0 885 0.670193 0.532407 0.046554 0.150000
0 886 0.717352 0.527315 0.047763 0.162037
0 896 0.837666 0.831944 0.050181 0.176852
0 898 0.588875 0.514352 0.053204 0.173148
0 899 0.415659 0.558796 0.032044 0.156481
0 900 0.831620 0.738426 0.048972 0.173148
0 901 0.871221 0.691204 0.048368 0.175000
0 902 0.507860 0.574537 0.042322 0.156481
0 903 0.533857 0.600000 0.044740 0.148148
0 904 0.588271 0.293519 0.035067 0.157407
0 906 0.966445 0.982407 0.027207 0.037037
0 908 0.566808 0.313426 0.044135 0.149074
0 909 0.529927 0.361574 0.044135 0.160185
0 910 0.545949 0.348611 0.037485 0.143519
0 911 0.447703 0.621296 0.040508 0.155556
0 912 0.477630 0.628704 0.041112 0.162963
0 913 0.482467 0.668981 0.045949 0.171296
0 914 0.514510 0.692130 0.037485 0.150926
0 915 0.548065 0.700463 0.048972 0.154630
0 917 0.729141 0.709259 0.041112 0.164815
0 920 0.532648 0.954630 0.043531 0.090741
0 922 0.442563 0.858796 0.049577 0.173148
0 932 0.811971 0.518056 0.039903 0.149074
0 933 0.851270 0.524537 0.043531 0.137963
0 938 0.816203 0.487500 0.051995 0.154630
0 939 0.832225 0.473148 0.032044 0.133333
0 941 0.908102 0.585648 0.044740 0.156481
0 942 0.974002 0.431019 0.043531 0.169444
0 943 0.931681 0.443519 0.048368 0.148148
0 944 0.821947 0.490278 0.032044 0.123148
0 945 0.784462 0.519444 0.035671 0.109259
0 946 0.862152 0.502778 0.035067 0.127778
0 947 0.849154 0.465741 0.032044 0.135185
0 949 0.545949 0.957407 0.047158 0.085185
0 952 0.432285 0.806944 0.047158 0.171296
0 953 0.360943 0.781019 0.047158 0.163889
0 956 0.074063 0.916667 0.051391 0.161111
0 957 0.857618 0.927315 0.061064 0.145370
0 958 0.810157 0.618981 0.037485 0.150926
0 959 0.873035 0.565741 0.039903 0.153704
0 963 0.772672 0.444907 0.053204 0.169444
0 964 0.935913 0.356944 0.036276 0.145370
0 965 0.965236 0.340278 0.047763 0.160185
0 966 0.956771 0.215278 0.044135 0.132407
0 967 0.934401 0.391204 0.041717 0.150926
0 968 0.746977 0.260648 0.044135 0.149074
0 969 0.781137 0.273611 0.043531 0.143519
0 970 0.897823 0.367593 0.045949 0.150000
0 971 0.922310 0.310185 0.039299 0.151852
0 972 0.896010 0.324074 0.037485 0.140741
0 973 0.903869 0.253241 0.036276 0.132407
0 974 0.935611 0.260648 0.041717 0.132407
0 975 0.902056 0.195370 0.037485 0.140741
0 976 0.913241 0.153704 0.039299 0.137037
0 989 0.006651 0.321296 0.012092 0.153704
0 990 0.018742 0.337500 0.031439 0.115741
0 991 0.022672 0.288889 0.036880 0.124074
0 992 0.046554 0.268981 0.041112 0.149074
0 993 0.063482 0.402778 0.042322 0.151852
0 994 0.110339 0.362963 0.044135 0.150000
0 995 0.034764 0.361574 0.039299 0.121296
0 997 0.046554 0.343056 0.044740 0.154630
0 998 0.079202 0.348148 0.035067 0.135185
0 999 0.089480 0.376852 0.025393 0.090741
0 1000 0.515719 0.503704 0.056832 0.168519
0 1001 0.755139 0.617593 0.058041 0.181481
0 1002 0.778114 0.568519 0.045949 0.153704
0 1003 0.551088 0.492130 0.046554 0.162037
0 1004 0.641778 0.472222 0.046554 0.174074
0 1005 0.745466 0.406481 0.047158 0.140741
0 1006 0.553507 0.409722 0.041717 0.145370
0 1007 0.821342 0.363426 0.039299 0.149074
0 1008 0.799879 0.381019 0.044740 0.149074
0 1009 0.763301 0.368056 0.039299 0.145370
0 1010 0.796252 0.316204 0.033857 0.123148
0 1011 0.684099 0.398148 0.051391 0.151852
0 1012 0.754232 0.308333 0.046554 0.142593
0 1013 0.665659 0.303241 0.038694 0.139815
0 1014 0.701028 0.314352 0.034462 0.139815
0 1015 0.593712 0.465278 0.043531 0.156481
0 1016 0.552600 0.434259 0.042322 0.142593
0 1017 0.619710 0.375926 0.039903 0.159259
0 1018 0.568924 0.344907 0.039903 0.132407
0 1019 0.572551 0.368519 0.036276 0.146296
0 1020 0.597944 0.347222 0.037485 0.157407
0 1021 0.646010 0.356944 0.041717 0.160185
0 1022 0.760278 0.228704 0.039299 0.135185
0 1023 0.231560 0.125000 0.038694 0.175926
0 1024 0.203144 0.134722 0.033857 0.132407
0 1025 0.722189 0.175926 0.041717 0.142593
0 1026 0.753628 0.172222 0.041717 0.129630
0 1035 0.042926 0.281019 0.032648 0.071296
0 1036 0.752116 0.596296 0.032648 0.118519
0 1046 0.982769 0.085185 0.033253 0.124074
0 1047 0.948005 0.162037 0.037485 0.125926
0 1048 0.948005 0.087500 0.039903 0.143519
0 1049 0.853990 0.135185 0.034462 0.140741
0 1050 0.953748 0.062963 0.029625 0.122222
0 1051 0.921403 0.054167 0.035067 0.106481
0 1052 0.924123 0.106019 0.039299 0.126852
0 1058 0.942563 0.025000 0.039903 0.048148
0 1062 0.878476 0.078704 0.037485 0.129630
0 1069 0.917775 0.032407 0.037485 0.062963
0 1071 0.870012 0.042130 0.036276 0.082407
0 1072 0.838573 0.063426 0.035067 0.117593
0 1073 0.623035 0.296759 0.039299 0.145370
0 1074 0.668380 0.148611 0.041717 0.147222
0 1075 0.638755 0.156481 0.036880 0.135185
0 1076 0.618803 0.137037 0.029625 0.124074
0 1077 0.590689 0.135648 0.037485 0.136111
0 1078 0.567715 0.135185 0.035067 0.142593
0 1087 0.617896 0.050926 0.030230 0.100000
0 1091 0.131802 0.126389 0.038694 0.136111
0 1092 0.150544 0.145370 0.039903 0.137037
0 1093 0.203748 0.078241 0.039903 0.132407
0 1095 0.064994 0.044907 0.036880 0.087963
0 1103 0.122733 0.067593 0.029021 0.125926
0 1104 0.227630 0.027315 0.035671 0.052778
0 1109 0.265417 0.043056 0.030230 0.084259
0 1110 0.281137 0.051852 0.030230 0.101852
0 1111 0.318319 0.080093 0.039299 0.128704
0 1117 0.313785 0.052778 0.033857 0.090741
0 1120 0.508464 0.050463 0.039903 0.099074
0 1125 0.345828 0.053704 0.037485 0.105556
0 1127 0.548368 0.047685 0.039903 0.093519
0 1129 0.594921 0.050463 0.042322 0.099074
0 1140 0.486397 0.032870 0.034462 0.063889
0 1152 0.671100 0.029630 0.032648 0.057407
0 1154 0.808041 0.075463 0.040508 0.134259
0 1155 0.815901 0.037037 0.039299 0.072222
0 1156 0.141475 0.058796 0.037485 0.115741
0 1175 0.353990 0.453704 0.035671 0.157407
0 1197 0.351270 0.204167 0.027811 0.117593
0 1198 0.135429 0.704167 0.049577 0.160185
0 1200 0.338573 0.231944 0.033857 0.134259
0 1206 0.129988 0.668981 0.051995 0.162037
0 1284 0.828900 0.314352 0.036276 0.132407
0 1285 0.859129 0.306019 0.033857 0.123148
0 1306 0.237001 0.561111 0.043531 0.168519
0 1307 0.211306 0.540278 0.035671 0.176852
0 1308 0.345828 0.543519 0.032648 0.140741
0 1325 0.203748 0.485185 0.036276 0.148148
0 1326 0.211306 0.468519 0.032044 0.157407
0 1328 0.177751 0.456944 0.031439 0.126852
0 1329 0.172007 0.416667 0.039299 0.146296
0 1330 0.133615 0.435185 0.041112 0.148148
0 1343 0.353688 0.113426 0.032648 0.126852
0 1344 0.373640 0.113426 0.032648 0.128704
0 1444 0.264208 0.348611 0.044740 0.139815
0 1445 0.254232 0.358796 0.034462 0.145370
0 1501 0.178053 0.866204 0.044135 0.167593
0 1549 0.292624 0.673611 0.045949 0.156481
0 1567 0.421100 0.523611 0.041717 0.154630
0 1592 0.331016 0.595833 0.035671 0.154630
0 1594 0.330411 0.630556 0.044135 0.168519
0 1650 0.405985 0.637963 0.051391 0.151852
0 1653 0.610339 0.672685 0.046554 0.156481
0 1655 0.423216 0.423148 0.035067 0.124074
0 1657 0.415357 0.393519 0.038694 0.107407
0 1716 0.406288 0.475463 0.033857 0.143519
0 1717 0.416868 0.450463 0.029625 0.132407
0 1776 0.223700 0.515741 0.037485 0.146296
0 1777 0.274788 0.506481 0.055018 0.157407
0 1778 0.272370 0.550000 0.039299 0.174074
0 1779 0.612455 0.838426 0.050786 0.175000
0 1780 0.240629 0.307407 0.035067 0.140741
0 1781 0.782346 0.809722 0.045949 0.162037
0 1782 0.280532 0.297222 0.037485 0.148148
0 1799 0.391778 0.348611 0.039903 0.137963
0 1862 0.202539 0.270833 0.033857 0.126852
0 1863 0.464027 0.467130 0.039299 0.145370
0 1899 0.144498 0.285648 0.035067 0.137963
0 1906 0.159008 0.312963 0.035067 0.124074
