0 793 0.431378 0.716204 0.042926 0.167593
0 794 0.467352 0.715741 0.042322 0.153704
0 801 0.473096 0.885185 0.048972 0.179630
0 802 0.464329 0.975000 0.045949 0.051852
0 810 0.501511 0.873611 0.044135 0.162037
0 819 0.519347 0.717593 0.054414 0.181481
0 820 0.469166 0.312500 0.047158 0.150926
0 824 0.553507 0.892130 0.052600 0.173148
0 825 0.562273 0.835648 0.039903 0.154630
0 827 0.374244 0.812500 0.055623 0.167593
0 835 0.473398 0.337500 0.042322 0.162037
0 836 0.709492 0.826852 0.061064 0.190741
0 853 0.610339 0.876389 0.053809 0.182407
0 856 0.455260 0.887963 0.030230 0.122222
0 857 0.532346 0.825000 0.046554 0.146296
0 863 0.418682 0.893981 0.042926 0.143519
0 864 0.344317 0.790278 0.046554 0.163889
0 885 0.664148 0.495370 0.045345 0.146296
0 886 0.713422 0.494444 0.047158 0.159259
0 896 0.825574 0.785185 0.047763 0.168519
0 898 0.595828 0.486574 0.050181 0.173148
0 899 0.444075 0.546759 0.032044 0.156481
0 900 0.808646 0.687963 0.056227 0.168519
0 901 0.848247 0.656019 0.048368 0.182407
0 902 0.524486 0.551852 0.041717 0.159259
0 903 0.542926 0.568519 0.043531 0.140741
0 904 0.579504 0.278704 0.034462 0.157407
0 905 0.884825 0.953241 0.056227 0.093519
0 906 0.939541 0.947222 0.051995 0.107407
0 908 0.559553 0.297685 0.044135 0.149074
0 909 0.528114 0.359259 0.042926 0.159259
0 910 0.546856 0.348611 0.040508 0.143519
0 911 0.467654 0.600926 0.036880 0.162963
0 912 0.495768 0.603704 0.041112 0.162963
0 913 0.501209 0.642130 0.045949 0.171296
0 914 0.535671 0.668056 0.036276 0.150926
0 915 0.570133 0.670370 0.047158 0.153704
0 917 0.715236 0.686111 0.042322 0.168519
0 920 0.542322 0.935648 0.043531 0.126852
0 921 0.577086 0.960185 0.076784 0.077778
0 922 0.474002 0.825463 0.049577 0.173148
0 932 0.802297 0.500000 0.039903 0.144444
0 933 0.837666 0.508333 0.040508 0.135185
0 938 0.805925 0.472685 0.051995 0.154630
0 939 0.825574 0.455556 0.032044 0.129630
0 941 0.906892 0.546759 0.043531 0.156481
0 942 0.957678 0.399074 0.044740 0.162963
0 943 0.909613 0.418056 0.053809 0.149074
0 944 0.809553 0.467130 0.032648 0.123148
0 945 0.772068 0.497222 0.035067 0.107407
0 946 0.853083 0.480093 0.035067 0.123148
0 947 0.840689 0.451852 0.032044 0.135185
0 948 0.552297 0.956019 0.038089 0.086111
0 949 0.561669 0.937963 0.045949 0.124074
0 952 0.399033 0.767130 0.047158 0.171296
0 953 0.318622 0.751852 0.045949 0.166667
0 956 0.079202 0.862500 0.051995 0.199074
0 957 0.844619 0.888426 0.062878 0.206481
0 958 0.797763 0.575926 0.039299 0.140741
0 959 0.872430 0.536111 0.039903 0.153704
0 963 0.788392 0.405556 0.059250 0.170370
0 964 0.927449 0.331944 0.037485 0.145370
0 965 0.959190 0.316204 0.044135 0.158333
0 966 0.963724 0.197222 0.043531 0.135185
0 967 0.916566 0.364815 0.036276 0.151852
0 968 0.746372 0.234259 0.044135 0.146296
0 969 0.774788 0.248611 0.044135 0.143519
0 970 0.888452 0.332407 0.046554 0.146296
0 971 0.926542 0.274537 0.039299 0.137963
0 972 0.901149 0.293519 0.036880 0.140741
0 973 0.892987 0.228704 0.042322 0.131481
0 974 0.927449 0.233796 0.042322 0.132407
0 975 0.921403 0.180093 0.039903 0.139815
0 976 0.912334 0.127778 0.038694 0.137037
0 978 0.002721 0.366204 0.004232 0.149074
0 989 0.016929 0.290741 0.032648 0.153704
0 990 0.039299 0.312500 0.032648 0.115741
0 991 0.041112 0.260185 0.036276 0.124074
0 992 0.071947 0.240278 0.042322 0.149074
0 993 0.074365 0.374074 0.042322 0.140741
0 994 0.123035 0.339352 0.039299 0.145370
0 995 0.047763 0.324537 0.039903 0.121296
0 996 0.011487 0.498148 0.021765 0.183333
0 997 0.060459 0.310648 0.044740 0.154630
0 998 0.096433 0.323148 0.032044 0.135185
0 999 0.100967 0.355556 0.025393 0.101852
0 1000 0.519649 0.476852 0.056227 0.168519
0 1001 0.751814 0.577778 0.058646 0.168519
0 1002 0.763603 0.532870 0.045949 0.154630
0 1003 0.555925 0.470833 0.046554 0.162037
0 1004 0.641778 0.434259 0.046554 0.168519
0 1005 0.732769 0.377778 0.047158 0.135185
0 1006 0.582527 0.389352 0.041717 0.145370
0 1007 0.813482 0.337037 0.039299 0.148148
0 1008 0.783253 0.358796 0.039299 0.149074
0 1009 0.753023 0.344907 0.039299 0.145370
0 1010 0.775091 0.291204 0.035067 0.123148
0 1011 0.677449 0.361111 0.050181 0.150000
0 1012 0.737304 0.282407 0.047763 0.142593
0 1013 0.661125 0.270370 0.038089 0.140741
0 1014 0.689238 0.288889 0.037485 0.140741
0 1015 0.598247 0.429630 0.044135 0.157407
0 1016 0.564087 0.410185 0.042322 0.142593
0 1017 0.622733 0.348148 0.039903 0.159259
0 1018 0.571342 0.327315 0.039903 0.132407
0 1019 0.578900 0.348611 0.036880 0.139815
0 1020 0.598851 0.321296 0.036880 0.157407
0 1021 0.639964 0.321759 0.046554 0.160185
0 1022 0.720677 0.200000 0.043531 0.125926
0 1023 0.249093 0.109259 0.041112 0.166667
0 1024 0.217956 0.125463 0.034462 0.132407
0 1025 0.720677 0.153704 0.042322 0.146296
0 1026 0.752418 0.147222 0.042926 0.129630
0 1035 0.059250 0.252315 0.032648 0.071296
0 1036 0.737908 0.550463 0.032044 0.115741
0 1037 0.979444 0.501389 0.035067 0.126852
0 1046 0.985187 0.064815 0.029625 0.124074
0 1047 0.944377 0.140741 0.037485 0.125926
0 1048 0.944377 0.061574 0.037485 0.121296
0 1049 0.858222 0.112963 0.034462 0.140741
0 1051 0.922007 0.043056 0.035067 0.084259
0 1052 0.925333 0.080093 0.038089 0.126852
0 1062 0.873035 0.066667 0.035067 0.129630
0 1071 0.883918 0.030556 0.036276 0.059259
0 1072 0.845526 0.046759 0.039299 0.091667
0 1073 0.612455 0.264815 0.038694 0.146296
0 1074 0.666868 0.126389 0.041112 0.132407
0 1075 0.636941 0.139815 0.036880 0.135185
0 1076 0.612455 0.131019 0.030230 0.123148
0 1077 0.589480 0.115278 0.036276 0.143519
0 1078 0.567715 0.108333 0.035067 0.142593
0 1087 0.616082 0.044444 0.030230 0.087037
0 1091 0.159311 0.106019 0.034462 0.130556
0 1092 0.175333 0.125000 0.039903 0.135185
0 1093 0.224305 0.059259 0.043531 0.116667
0 1103 0.123942 0.057870 0.029021 0.113889
0 1109 0.276904 0.033333 0.029021 0.064815
0 1110 0.297461 0.039815 0.030230 0.077778
0 1111 0.337666 0.065278 0.039299 0.123148
0 1117 0.332830 0.036574 0.036880 0.071296
0 1120 0.510883 0.039815 0.039903 0.077778
0 1125 0.364571 0.043519 0.037485 0.085185
0 1127 0.546856 0.040741 0.036880 0.079630
0 1154 0.811064 0.060185 0.036880 0.118519
0 1155 0.820133 0.021296 0.034462 0.040741
0 1156 0.145707 0.051389 0.037485 0.100926
0 1175 0.356711 0.454630 0.035067 0.157407
0 1197 0.339782 0.219907 0.030230 0.130556
0 1198 0.136638 0.708796 0.049577 0.160185
0 1200 0.314994 0.236574 0.041112 0.141667
0 1206 0.129686 0.671759 0.055018 0.162037
0 1284 0.825877 0.307407 0.037485 0.131481
0 1285 0.852479 0.296759 0.033857 0.123148
0 1306 0.238815 0.562963 0.043531 0.168519
0 1307 0.210701 0.543056 0.034462 0.176852
0 1308 0.346433 0.543519 0.032648 0.140741
0 1325 0.204655 0.487500 0.036880 0.149074
0 1326 0.213120 0.471296 0.032044 0.157407
0 1328 0.180774 0.456944 0.031439 0.126852
0 1329 0.175030 0.410185 0.039299 0.146296
0 1330 0.128174 0.439815 0.037485 0.148148
0 1343 0.355502 0.119907 0.030230 0.128704
0 1344 0.376058 0.118056 0.032648 0.128704
0 1444 0.264813 0.343981 0.044740 0.139815
0 1445 0.259674 0.365741 0.034462 0.146296
0 1501 0.172310 0.870370 0.043531 0.162963
0 1549 0.293833 0.678241 0.043531 0.156481
0 1567 0.433797 0.522685 0.041717 0.154630
0 1592 0.332225 0.598611 0.034462 0.154630
0 1594 0.332527 0.635185 0.042322 0.168519
0 1650 0.407195 0.642593 0.051391 0.151852
0 1653 0.616082 0.676389 0.047158 0.156481
0 1655 0.424426 0.430556 0.035067 0.124074
0 1657 0.416566 0.392593 0.037485 0.107407
0 1716 0.405985 0.482870 0.034462 0.149074
0 1717 0.418077 0.452315 0.029625 0.132407
0 1776 0.222189 0.518519 0.036880 0.146296
0 1777 0.276300 0.508796 0.054414 0.156481
0 1778 0.274184 0.545370 0.039299 0.174074
0 1779 0.592805 0.781481 0.051391 0.162963
0 1780 0.240024 0.312037 0.035067 0.140741
0 1781 0.768138 0.754167 0.045345 0.162037
0 1782 0.284160 0.300926 0.035067 0.148148
0 1799 0.393591 0.354167 0.039903 0.137963
0 1862 0.213422 0.268056 0.032648 0.126852
0 1863 0.465840 0.465741 0.039299 0.142593
0 1899 0.164450 0.286574 0.035067 0.137963
0 1906 0.179262 0.309722 0.034462 0.123148
