0 793 0.499395 0.611574 0.041112 0.156481
0 794 0.529021 0.594907 0.036276 0.137963
0 801 0.524788 0.763426 0.048368 0.171296
0 802 0.498186 0.805093 0.059250 0.163889
0 810 0.545042 0.726852 0.038089 0.142593
0 819 0.578900 0.598148 0.048972 0.170370
0 820 0.454353 0.320370 0.039299 0.159259
0 824 0.583434 0.749074 0.048368 0.161111
0 825 0.584946 0.714815 0.039299 0.146296
0 826 0.550181 0.871759 0.045949 0.173148
0 827 0.492443 0.698611 0.051391 0.160185
0 829 0.369407 0.905093 0.053204 0.176852
0 831 0.519347 0.914352 0.044740 0.173148
0 833 0.196191 0.933796 0.050181 0.134259
0 834 0.656892 0.904167 0.058646 0.180556
0 835 0.478537 0.369907 0.044135 0.162037
0 836 0.688634 0.684722 0.058041 0.173148
0 844 0.616687 0.902315 0.043531 0.178704
0 848 0.347037 0.889815 0.053204 0.174074
0 853 0.658404 0.732870 0.053204 0.171296
0 856 0.509674 0.754167 0.030230 0.106481
0 857 0.594619 0.672222 0.046554 0.155556
0 862 0.242140 0.927315 0.056227 0.145370
0 863 0.486699 0.789352 0.039903 0.137963
0 864 0.469166 0.680556 0.039903 0.153704
0 885 0.639359 0.376389 0.040508 0.137963
0 886 0.674426 0.375926 0.041717 0.153704
0 894 0.046252 0.751852 0.047763 0.185185
0 896 0.714933 0.575463 0.044135 0.167593
0 898 0.592503 0.364352 0.049577 0.165741
0 899 0.503628 0.450463 0.043531 0.156481
0 900 0.679565 0.506944 0.039903 0.154630
0 901 0.736094 0.502778 0.044135 0.170370
0 902 0.551088 0.449537 0.041717 0.160185
0 903 0.581016 0.460648 0.042322 0.137963
0 904 0.530532 0.243981 0.032044 0.156481
0 905 0.782950 0.686111 0.055623 0.181481
0 906 0.838875 0.678241 0.051391 0.186111
0 908 0.515417 0.267593 0.034462 0.148148
0 909 0.512394 0.367593 0.041717 0.159259
0 910 0.534160 0.357870 0.040508 0.143519
0 911 0.510883 0.494907 0.039903 0.165741
0 912 0.556227 0.487963 0.042322 0.137037
0 913 0.573458 0.538426 0.046554 0.171296
0 914 0.600967 0.558333 0.035067 0.140741
0 915 0.628174 0.558333 0.043531 0.153704
0 916 0.918682 0.808796 0.061064 0.186111
0 917 0.673519 0.585648 0.050786 0.156481
0 920 0.603990 0.786111 0.044740 0.161111
0 921 0.668682 0.800926 0.078597 0.162963
0 922 0.552297 0.692130 0.046554 0.173148
0 932 0.767533 0.426852 0.039299 0.148148
0 933 0.785973 0.424537 0.039903 0.123148
0 936 0.788694 0.952778 0.063482 0.096296
0 937 0.732769 0.946759 0.054414 0.104630
0 938 0.784160 0.386574 0.049577 0.154630
0 939 0.818924 0.376852 0.036880 0.129630
0 941 0.914450 0.389815 0.041717 0.144444
0 942 0.777509 0.310185 0.042322 0.148148
0 943 0.744559 0.329167 0.047763 0.134259
0 944 0.796554 0.368981 0.032044 0.123148
0 945 0.742443 0.403241 0.031439 0.099074
0 946 0.811971 0.398148 0.035067 0.124074
0 947 0.841294 0.377778 0.036880 0.129630
0 948 0.625151 0.834259 0.041112 0.170370
0 949 0.627570 0.800926 0.042322 0.168519
0 952 0.133918 0.789815 0.056227 0.164815
0 953 0.099456 0.764815 0.047763 0.159259
0 956 0.084643 0.558333 0.049577 0.166667
0 957 0.788392 0.597685 0.053204 0.176852
0 958 0.724909 0.433796 0.035067 0.128704
0 959 0.888150 0.380556 0.033857 0.148148
0 960 0.962817 0.339352 0.039299 0.149074
0 961 0.988815 0.331481 0.021161 0.112963
0 963 0.887848 0.264352 0.046554 0.156481
0 964 0.897219 0.235185 0.039903 0.140741
0 965 0.931378 0.215278 0.042926 0.145370
0 966 0.977630 0.111111 0.037485 0.127778
0 967 0.855200 0.216667 0.039299 0.138889
0 968 0.782648 0.143981 0.038089 0.128704
0 969 0.812576 0.164352 0.039903 0.134259
0 970 0.858525 0.182870 0.038694 0.134259
0 971 0.917170 0.166204 0.038694 0.137963
0 972 0.880290 0.179167 0.035067 0.132407
0 973 0.857316 0.130556 0.035067 0.131481
0 974 0.883313 0.133796 0.037485 0.132407
0 975 0.931378 0.093981 0.036880 0.126852
0 976 0.915961 0.052315 0.037485 0.102778
0 978 0.066505 0.264815 0.045949 0.142593
0 979 0.035067 0.272222 0.044740 0.140741
0 980 0.021765 0.231944 0.035067 0.130556
0 989 0.087969 0.166667 0.036880 0.140741
0 990 0.123640 0.189815 0.029625 0.109259
0 991 0.100363 0.138889 0.030230 0.112963
0 992 0.130593 0.122222 0.036276 0.140741
0 993 0.152358 0.271296 0.037485 0.142593
0 994 0.204958 0.237037 0.041112 0.131481
0 995 0.139057 0.210185 0.032648 0.107407
0 996 0.140266 0.291204 0.039903 0.158333
0 997 0.157195 0.203704 0.036276 0.146296
0 998 0.181378 0.220370 0.027811 0.124074
0 999 0.182285 0.252315 0.024788 0.097222
0 1000 0.569831 0.400463 0.046554 0.150926
0 1001 0.697400 0.443056 0.044135 0.167593
0 1002 0.710097 0.406481 0.045345 0.148148
0 1003 0.559250 0.352778 0.044740 0.151852
0 1004 0.629383 0.319907 0.042322 0.147222
0 1005 0.676542 0.288889 0.044740 0.131481
0 1006 0.658404 0.306944 0.042322 0.145370
0 1007 0.750302 0.243056 0.035067 0.139815
0 1008 0.729444 0.261574 0.039299 0.132407
0 1009 0.699214 0.261574 0.039299 0.145370
0 1010 0.721282 0.179167 0.032648 0.104630
0 1011 0.645707 0.242593 0.044740 0.140741
0 1012 0.677146 0.190741 0.044740 0.142593
0 1013 0.637848 0.161111 0.030230 0.140741
0 1014 0.624547 0.183333 0.037485 0.140741
0 1015 0.587666 0.310648 0.041112 0.143519
0 1016 0.512696 0.287037 0.042322 0.142593
0 1017 0.569528 0.272222 0.037485 0.159259
0 1018 0.564087 0.215741 0.044740 0.131481
0 1019 0.581620 0.241667 0.031439 0.114815
0 1020 0.604897 0.223611 0.036880 0.145370
0 1021 0.551693 0.189352 0.046554 0.160185
0 1022 0.594921 0.119444 0.037485 0.120370
0 1023 0.319831 0.055093 0.038694 0.108333
0 1024 0.287787 0.050926 0.032648 0.100000
0 1025 0.686215 0.066667 0.036276 0.131481
0 1026 0.705260 0.057407 0.035671 0.109259
0 1032 0.974002 0.275463 0.036276 0.156481
0 1035 0.158706 0.145833 0.032044 0.062037
0 1036 0.684401 0.448611 0.035067 0.110185
0 1037 0.934099 0.339815 0.037485 0.112963
0 1047 0.947400 0.047685 0.036276 0.093519
0 1073 0.555320 0.124074 0.034462 0.133333
0 1074 0.611245 0.065278 0.035067 0.126852
0 1075 0.581016 0.067130 0.031439 0.130556
0 1076 0.552902 0.066204 0.029625 0.128704
0 1092 0.243652 0.054630 0.036276 0.107407
0 1154 0.871221 0.035185 0.029021 0.068519
0 1175 0.356409 0.480556 0.034462 0.157407
0 1197 0.302297 0.248148 0.035067 0.137037
0 1198 0.135429 0.735648 0.047158 0.162037
0 1200 0.117291 0.349537 0.041112 0.147222
0 1206 0.133918 0.698611 0.051391 0.160185
0 1284 0.816505 0.296296 0.040508 0.137037
0 1285 0.834039 0.290278 0.029625 0.123148
0 1306 0.243652 0.585648 0.044740 0.167593
0 1307 0.210097 0.567593 0.038089 0.175926
0 1308 0.348851 0.569444 0.033857 0.140741
0 1325 0.209190 0.498611 0.043531 0.149074
0 1326 0.213422 0.493519 0.032648 0.157407
0 1328 0.182588 0.486574 0.031439 0.126852
0 1329 0.174123 0.444444 0.039903 0.146296
0 1330 0.141173 0.465741 0.036880 0.146296
0 1343 0.353386 0.149537 0.029625 0.130556
0 1344 0.376058 0.145370 0.027811 0.129630
0 1444 0.266324 0.374537 0.044135 0.139815
0 1445 0.256046 0.393519 0.034462 0.146296
0 1501 0.176239 0.902778 0.044135 0.157407
0 1549 0.295949 0.700000 0.041717 0.151852
0 1567 0.449819 0.537963 0.037485 0.153704
0 1592 0.334341 0.624537 0.036276 0.154630
0 1594 0.333736 0.658333 0.039903 0.168519
0 1650 0.410520 0.661574 0.050786 0.150926
0 1653 0.624244 0.710185 0.051391 0.157407
0 1655 0.425030 0.458333 0.035067 0.124074
0 1657 0.413241 0.416667 0.036880 0.107407
0 1716 0.408706 0.512500 0.033857 0.149074
0 1717 0.416264 0.480093 0.029625 0.143519
0 1776 0.225816 0.543981 0.034462 0.139815
0 1777 0.271161 0.525926 0.041717 0.157407
0 1778 0.274788 0.573611 0.039299 0.167593
0 1779 0.512394 0.663426 0.048972 0.160185
0 1780 0.244256 0.336111 0.035067 0.140741
0 1781 0.654474 0.525000 0.033253 0.133333
0 1782 0.275695 0.327315 0.039903 0.149074
0 1799 0.393591 0.381019 0.039903 0.137963
0 1862 0.314389 0.285185 0.033857 0.129630
0 1863 0.468259 0.489815 0.036880 0.142593
0 1899 0.258464 0.295370 0.036880 0.135185
0 1906 0.285067 0.312963 0.034462 0.118519
