0 793 0.493954 0.631019 0.041112 0.156481
0 794 0.522370 0.614352 0.036276 0.137963
0 801 0.518742 0.782870 0.048368 0.171296
0 802 0.493349 0.823611 0.059250 0.165741
0 810 0.537787 0.746296 0.039299 0.142593
0 819 0.572854 0.617593 0.048972 0.170370
0 820 0.454655 0.323611 0.039903 0.158333
0 824 0.581016 0.771759 0.048368 0.162037
0 825 0.588573 0.730556 0.038089 0.146296
0 826 0.546252 0.901852 0.046554 0.175926
0 827 0.483071 0.715278 0.050786 0.160185
0 829 0.354595 0.922685 0.053809 0.156481
0 831 0.538694 0.941667 0.038694 0.118519
0 833 0.167170 0.947685 0.052600 0.106481
0 834 0.656892 0.920833 0.059855 0.160185
0 835 0.478537 0.370833 0.044135 0.162037
0 836 0.689843 0.706481 0.058041 0.177778
0 844 0.614873 0.920370 0.043531 0.159259
0 848 0.321644 0.917130 0.053204 0.167593
0 853 0.644196 0.749074 0.053809 0.172222
0 856 0.503023 0.769907 0.030230 0.106481
0 857 0.585550 0.698148 0.046554 0.157407
0 862 0.210701 0.944444 0.056227 0.111111
0 863 0.473398 0.810185 0.039903 0.137037
0 864 0.461911 0.697222 0.039903 0.153704
0 885 0.642382 0.390741 0.040508 0.137037
0 886 0.682588 0.390741 0.042322 0.148148
0 894 0.056832 0.789352 0.051995 0.189815
0 896 0.725514 0.605093 0.047158 0.167593
0 898 0.599154 0.384259 0.049577 0.164815
0 899 0.508767 0.468056 0.044135 0.156481
0 900 0.692866 0.533796 0.041112 0.160185
0 901 0.750302 0.519907 0.044740 0.173148
0 902 0.551995 0.463426 0.042322 0.160185
0 903 0.577993 0.475463 0.042322 0.137963
0 904 0.542624 0.254167 0.032044 0.156481
0 905 0.788694 0.722222 0.055018 0.188889
0 906 0.850967 0.712037 0.051391 0.181481
0 908 0.516626 0.275000 0.035671 0.148148
0 909 0.516324 0.373148 0.042322 0.159259
0 910 0.533857 0.362963 0.039903 0.142593
0 911 0.508162 0.515278 0.039299 0.165741
0 912 0.547763 0.505556 0.042322 0.137037
0 913 0.568017 0.554167 0.046554 0.171296
0 914 0.593410 0.575463 0.034462 0.139815
0 915 0.623337 0.574074 0.043531 0.153704
0 916 0.936215 0.856019 0.052600 0.195370
0 917 0.672914 0.602315 0.051995 0.156481
0 920 0.598247 0.803704 0.048972 0.157407
0 921 0.652056 0.824537 0.084039 0.162037
0 922 0.539601 0.710648 0.046554 0.173148
0 932 0.771463 0.443519 0.038694 0.148148
0 933 0.788089 0.443056 0.039299 0.126852
0 936 0.780230 0.972685 0.046554 0.056481
0 937 0.726421 0.968981 0.051391 0.060185
0 938 0.782648 0.404167 0.048972 0.154630
0 939 0.815901 0.389815 0.036880 0.129630
0 941 0.913543 0.413426 0.042322 0.145370
0 942 0.805925 0.324074 0.042322 0.148148
0 943 0.767231 0.343981 0.042322 0.134259
0 944 0.791112 0.381944 0.032044 0.123148
0 945 0.741838 0.420833 0.031439 0.099074
0 946 0.812576 0.415741 0.035067 0.127778
0 947 0.839782 0.392130 0.037485 0.132407
0 948 0.596735 0.848148 0.045949 0.170370
0 949 0.618501 0.829630 0.038694 0.168519
0 952 0.160218 0.785648 0.056832 0.167593
0 953 0.114268 0.775463 0.045949 0.162037
0 956 0.081016 0.596759 0.051995 0.171296
0 957 0.797461 0.632870 0.053204 0.176852
0 958 0.732164 0.451389 0.035067 0.128704
0 959 0.884522 0.403241 0.033857 0.149074
0 960 0.965538 0.361574 0.039903 0.149074
0 961 0.990326 0.355093 0.018138 0.112037
0 963 0.881197 0.283796 0.046554 0.154630
0 964 0.900846 0.250000 0.039903 0.140741
0 965 0.931681 0.232870 0.042322 0.145370
0 966 0.972793 0.125463 0.038694 0.130556
0 967 0.861245 0.241204 0.039299 0.145370
0 968 0.771463 0.155556 0.038694 0.131481
0 969 0.801693 0.176389 0.039903 0.134259
0 970 0.862757 0.201389 0.039903 0.134259
0 971 0.921403 0.183796 0.039903 0.137963
0 972 0.884522 0.198611 0.035067 0.132407
0 973 0.860943 0.147222 0.035067 0.131481
0 974 0.888150 0.150463 0.037485 0.132407
0 975 0.929565 0.107870 0.034462 0.126852
0 976 0.915357 0.054167 0.037485 0.106481
0 978 0.058343 0.275926 0.046554 0.142593
0 979 0.025393 0.283333 0.044740 0.140741
0 980 0.014813 0.245370 0.028416 0.131481
0 989 0.079807 0.186111 0.037485 0.140741
0 990 0.122128 0.212963 0.029021 0.112963
0 991 0.099758 0.155556 0.029021 0.112963
0 992 0.123942 0.142593 0.037485 0.148148
0 993 0.135127 0.278704 0.036880 0.142593
0 994 0.191959 0.249537 0.041717 0.130556
0 995 0.120617 0.228241 0.032044 0.106481
0 996 0.113362 0.311574 0.040508 0.162037
0 997 0.142080 0.218519 0.036276 0.146296
0 998 0.168077 0.236111 0.027811 0.124074
0 999 0.167170 0.271759 0.024788 0.099074
0 1000 0.557134 0.407407 0.046554 0.151852
0 1001 0.704655 0.464352 0.044135 0.167593
0 1002 0.711608 0.425000 0.045949 0.148148
0 1003 0.562878 0.371296 0.044740 0.151852
0 1004 0.631499 0.338426 0.044135 0.149074
0 1005 0.681983 0.308333 0.044740 0.131481
0 1006 0.652358 0.318056 0.042322 0.145370
0 1007 0.755139 0.259722 0.035067 0.139815
0 1008 0.734885 0.280556 0.039299 0.142593
0 1009 0.704958 0.272685 0.039903 0.145370
0 1010 0.721886 0.194907 0.032648 0.104630
0 1011 0.648126 0.261574 0.045949 0.139815
0 1012 0.683192 0.208333 0.044740 0.142593
0 1013 0.642382 0.178704 0.032044 0.140741
0 1014 0.633011 0.205556 0.037485 0.140741
0 1015 0.594317 0.329167 0.039903 0.143519
0 1016 0.530834 0.298148 0.042322 0.142593
0 1017 0.580109 0.289815 0.039299 0.159259
0 1018 0.571040 0.235185 0.041717 0.131481
0 1019 0.581620 0.262037 0.032648 0.118519
0 1020 0.607618 0.244907 0.036276 0.145370
0 1021 0.567715 0.206019 0.042322 0.160185
0 1022 0.602479 0.134259 0.036880 0.120370
0 1023 0.311366 0.064815 0.038694 0.127778
0 1024 0.279625 0.057870 0.034462 0.113889
0 1025 0.691959 0.075926 0.036880 0.133333
0 1026 0.717956 0.068519 0.039299 0.127778
0 1032 0.979444 0.296296 0.037485 0.151852
0 1035 0.143289 0.159722 0.032648 0.063889
0 1036 0.684401 0.448611 0.035067 0.110185
0 1037 0.935611 0.362963 0.036880 0.112963
0 1046 0.970375 0.032870 0.037485 0.063889
0 1047 0.943773 0.059259 0.036276 0.111111
0 1052 0.929262 0.036111 0.037485 0.070370
0 1062 0.908102 0.027315 0.033857 0.052778
0 1073 0.564389 0.143519 0.029625 0.135185
0 1074 0.617291 0.074537 0.035067 0.132407
0 1075 0.584039 0.081019 0.033857 0.134259
0 1076 0.560157 0.086574 0.029625 0.128704
0 1078 0.602177 0.037500 0.031439 0.073148
0 1091 0.220375 0.055556 0.032044 0.109259
0 1092 0.237001 0.061111 0.037485 0.120370
0 1154 0.867594 0.039352 0.032648 0.076852
0 1156 0.167473 0.018981 0.026602 0.036111
0 1175 0.355804 0.482407 0.034462 0.157407
0 1197 0.307134 0.248148 0.035067 0.137037
0 1198 0.135127 0.737037 0.046554 0.162963
0 1200 0.150544 0.326852 0.042322 0.142593
0 1206 0.132709 0.701389 0.051391 0.160185
0 1284 0.818017 0.300463 0.042322 0.136111
0 1285 0.835550 0.294907 0.029021 0.123148
0 1306 0.243047 0.584259 0.044740 0.168519
0 1307 0.209190 0.567593 0.037485 0.175926
0 1308 0.348851 0.571296 0.032648 0.140741
0 1325 0.209190 0.500926 0.043531 0.148148
0 1326 0.213422 0.489815 0.032648 0.157407
0 1328 0.181983 0.485648 0.031439 0.126852
0 1329 0.174123 0.442593 0.039903 0.146296
0 1330 0.139964 0.468981 0.036880 0.147222
0 1343 0.354897 0.151852 0.030230 0.129630
0 1344 0.376058 0.146296 0.027811 0.129630
0 1444 0.266324 0.371759 0.044135 0.139815
0 1445 0.255744 0.396296 0.035067 0.146296
0 1501 0.176239 0.904630 0.044135 0.157407
0 1549 0.294740 0.702778 0.041717 0.151852
0 1567 0.450726 0.538426 0.036880 0.154630
0 1592 0.332527 0.625463 0.035067 0.154630
0 1594 0.334039 0.658796 0.039299 0.167593
0 1650 0.409613 0.664352 0.051391 0.150926
0 1653 0.623035 0.710185 0.051391 0.157407
0 1655 0.426239 0.458333 0.035067 0.124074
0 1657 0.413543 0.418519 0.037485 0.107407
0 1716 0.408706 0.514352 0.033857 0.149074
0 1717 0.415659 0.482870 0.029625 0.143519
0 1776 0.224607 0.545370 0.036880 0.140741
0 1777 0.272370 0.525000 0.042926 0.157407
0 1778 0.274184 0.572685 0.039299 0.167593
0 1779 0.510883 0.679167 0.051995 0.160185
0 1780 0.242443 0.338889 0.035067 0.140741
0 1781 0.669891 0.554167 0.036276 0.141667
0 1782 0.275091 0.329167 0.039903 0.149074
0 1799 0.392684 0.382870 0.039299 0.137963
0 1862 0.304414 0.285648 0.032044 0.126852
0 1863 0.468259 0.492593 0.036880 0.142593
0 1899 0.247884 0.299074 0.036276 0.135185
0 1906 0.280230 0.312963 0.034462 0.118519
