0 793 0.516626 0.562500 0.041717 0.156481
0 794 0.545345 0.543981 0.038694 0.137963
0 801 0.545042 0.714352 0.046554 0.171296
0 802 0.521463 0.747685 0.051391 0.160185
0 810 0.561064 0.675926 0.036276 0.142593
0 819 0.589782 0.544444 0.051391 0.170370
0 820 0.456469 0.310648 0.039903 0.160185
0 824 0.591898 0.690741 0.045949 0.151852
0 825 0.596433 0.668056 0.039299 0.143519
0 826 0.565901 0.800926 0.047158 0.168519
0 827 0.518440 0.654167 0.051391 0.160185
0 829 0.420798 0.836574 0.058041 0.193519
0 830 0.127570 0.969444 0.043531 0.061111
0 831 0.565599 0.761111 0.044135 0.146296
0 833 0.268440 0.873148 0.054414 0.174074
0 834 0.659008 0.837500 0.055623 0.178704
0 835 0.478537 0.345833 0.044135 0.162037
0 836 0.688634 0.625463 0.054414 0.173148
0 844 0.621524 0.832407 0.043531 0.168519
0 848 0.412938 0.808333 0.054414 0.162963
0 851 0.880593 0.959722 0.053809 0.082407
0 853 0.665054 0.685185 0.047158 0.170370
0 856 0.534764 0.709259 0.029625 0.107407
0 857 0.616082 0.604167 0.045949 0.149074
0 862 0.314994 0.871759 0.058041 0.187963
0 863 0.513301 0.738426 0.039903 0.137963
0 864 0.486699 0.640741 0.039903 0.153704
0 866 0.836759 0.971296 0.033857 0.059259
0 881 0.076179 0.947222 0.054414 0.107407
0 882 0.108525 0.934259 0.055018 0.133333
0 885 0.634220 0.341204 0.042322 0.137963
0 886 0.665961 0.342593 0.041717 0.157407
0 894 0.054414 0.645370 0.053204 0.181481
0 896 0.695284 0.495370 0.041112 0.151852
0 898 0.586155 0.312037 0.048972 0.164815
0 899 0.485792 0.404167 0.041717 0.149074
0 900 0.655381 0.440278 0.039903 0.150926
0 901 0.706167 0.437037 0.038694 0.157407
0 902 0.560459 0.410648 0.042322 0.160185
0 903 0.588875 0.421759 0.042322 0.137963
0 904 0.512696 0.221296 0.036276 0.135185
0 905 0.769952 0.583796 0.052600 0.178704
0 906 0.818319 0.579630 0.048972 0.181481
0 908 0.511185 0.262963 0.034462 0.148148
0 909 0.515115 0.343519 0.047158 0.159259
0 910 0.532648 0.343056 0.039903 0.143519
0 911 0.514510 0.443981 0.039903 0.165741
0 912 0.561971 0.440741 0.041717 0.137037
0 913 0.587062 0.493981 0.045949 0.171296
0 914 0.617291 0.510185 0.032648 0.140741
0 915 0.649033 0.512963 0.034462 0.153704
0 916 0.895707 0.693981 0.052600 0.180556
0 917 0.683495 0.536111 0.041717 0.157407
0 920 0.636941 0.725926 0.039299 0.168519
0 921 0.707678 0.742593 0.068319 0.172222
0 922 0.589782 0.630556 0.046554 0.159259
0 931 0.987908 0.957407 0.024184 0.085185
0 932 0.761790 0.377315 0.039903 0.149074
0 933 0.790206 0.380093 0.039903 0.121296
0 934 0.958888 0.971296 0.042322 0.059259
0 936 0.818017 0.887500 0.054414 0.178704
0 937 0.755744 0.882870 0.055623 0.182407
0 938 0.795647 0.343056 0.049577 0.154630
0 939 0.838573 0.340741 0.036276 0.124074
0 941 0.917775 0.326852 0.041112 0.135185
0 942 0.721584 0.264815 0.041717 0.137037
0 943 0.695284 0.285648 0.038694 0.134259
0 944 0.813482 0.337963 0.032044 0.124074
0 945 0.752116 0.358796 0.031439 0.099074
0 946 0.816808 0.360185 0.032648 0.120370
0 947 0.859129 0.348148 0.036276 0.125926
0 948 0.686518 0.766204 0.039299 0.149074
0 949 0.661125 0.752778 0.044135 0.166667
0 952 0.065599 0.778704 0.052600 0.164815
0 953 0.053809 0.725463 0.044740 0.156481
0 954 0.610339 0.978704 0.030834 0.040741
0 955 0.691052 0.985648 0.026602 0.030556
0 956 0.096131 0.466667 0.043531 0.168519
0 957 0.766324 0.506944 0.050181 0.176852
0 958 0.723096 0.379167 0.035067 0.128704
0 959 0.891173 0.310185 0.033857 0.146296
0 960 0.954655 0.271759 0.038694 0.137963
0 961 0.983978 0.270370 0.029625 0.148148
0 963 0.902660 0.218056 0.043531 0.156481
0 964 0.894196 0.187500 0.039903 0.134259
0 965 0.929262 0.172685 0.043531 0.145370
0 966 0.978839 0.066667 0.037485 0.124074
0 967 0.859129 0.168519 0.039903 0.135185
0 968 0.810762 0.111111 0.035067 0.129630
0 969 0.837666 0.134722 0.039299 0.134259
0 970 0.865780 0.139815 0.037485 0.135185
0 971 0.913241 0.122222 0.036880 0.137037
0 972 0.883313 0.130556 0.037485 0.131481
0 973 0.853688 0.068519 0.035067 0.131481
0 974 0.876663 0.094907 0.037485 0.132407
0 975 0.938634 0.062963 0.039299 0.124074
0 976 0.918380 0.035185 0.032648 0.068519
0 978 0.083736 0.230556 0.041717 0.137037
0 979 0.050484 0.237037 0.040508 0.137037
0 980 0.043531 0.183796 0.035067 0.137963
0 985 0.016929 0.181944 0.032648 0.137963
0 987 0.029927 0.115741 0.039299 0.140741
0 988 0.011487 0.112500 0.021765 0.132407
0 989 0.108222 0.112500 0.036276 0.132407
0 990 0.131499 0.132407 0.029625 0.105556
0 991 0.116989 0.084722 0.034462 0.112037
0 992 0.146614 0.079167 0.036880 0.137963
0 993 0.193168 0.224537 0.040508 0.143519
0 994 0.245163 0.193981 0.040508 0.132407
0 995 0.176542 0.165741 0.029021 0.107407
0 996 0.231862 0.234722 0.036880 0.158333
0 997 0.198912 0.152778 0.036276 0.146296
0 998 0.221886 0.180556 0.027811 0.124074
0 999 0.222189 0.207870 0.024788 0.093519
0 1000 0.577388 0.345370 0.047158 0.151852
0 1001 0.687122 0.383333 0.046554 0.151852
0 1002 0.708585 0.346296 0.044740 0.148148
0 1003 0.541112 0.293056 0.044740 0.150926
0 1004 0.623640 0.263426 0.039299 0.141667
0 1005 0.669287 0.235648 0.044740 0.132407
0 1006 0.689238 0.262963 0.039903 0.146296
0 1007 0.744256 0.194444 0.036276 0.140741
0 1008 0.717050 0.218056 0.038694 0.132407
0 1009 0.688634 0.219907 0.036276 0.145370
0 1010 0.727630 0.128704 0.032044 0.100000
0 1011 0.646312 0.188889 0.047158 0.140741
0 1012 0.668380 0.143519 0.044135 0.142593
0 1013 0.629686 0.128704 0.029625 0.140741
0 1014 0.604897 0.121759 0.034462 0.125000
0 1015 0.572249 0.258796 0.040508 0.143519
0 1016 0.470073 0.225926 0.041717 0.135185
0 1017 0.529927 0.193981 0.036880 0.149074
0 1018 0.532950 0.160185 0.039299 0.131481
0 1019 0.567110 0.175926 0.029021 0.100000
0 1020 0.581923 0.170833 0.034462 0.145370
0 1021 0.527811 0.130556 0.041112 0.159259
0 1022 0.576179 0.081019 0.037485 0.121296
0 1023 0.342805 0.032870 0.033857 0.063889
0 1024 0.314994 0.033796 0.030230 0.065741
0 1025 0.657799 0.035185 0.036276 0.068519
0 1026 0.682890 0.034259 0.029625 0.066667
0 1032 0.970375 0.220833 0.036276 0.156481
0 1035 0.198609 0.100926 0.029625 0.062963
0 1036 0.688634 0.371296 0.035067 0.096296
0 1037 0.923216 0.286111 0.037485 0.112963
0 1073 0.537485 0.070370 0.035067 0.124074
0 1074 0.588875 0.046296 0.035067 0.090741
0 1092 0.275998 0.031944 0.030834 0.062037
0 1175 0.357316 0.475000 0.035067 0.157407
0 1197 0.292624 0.251852 0.035067 0.137037
0 1198 0.138452 0.726389 0.045949 0.160185
0 1200 0.053507 0.418056 0.041717 0.156481
0 1206 0.136638 0.693056 0.051995 0.160185
0 1284 0.814389 0.283333 0.036276 0.137037
0 1285 0.835550 0.279630 0.032648 0.124074
0 1306 0.245163 0.590278 0.045345 0.167593
0 1307 0.211608 0.568981 0.039903 0.176852
0 1308 0.350363 0.566204 0.036880 0.139815
0 1325 0.209190 0.493056 0.043531 0.149074
0 1326 0.214631 0.496296 0.032648 0.157407
0 1328 0.183797 0.489352 0.031439 0.126852
0 1329 0.176542 0.444444 0.039903 0.146296
0 1330 0.143289 0.459722 0.037485 0.145370
0 1343 0.355200 0.142130 0.032044 0.132407
0 1344 0.378476 0.139815 0.027811 0.129630
0 1444 0.262696 0.364815 0.044135 0.140741
0 1445 0.257255 0.387963 0.034462 0.146296
0 1501 0.178356 0.899074 0.043531 0.157407
0 1549 0.297461 0.696296 0.042322 0.151852
0 1567 0.450423 0.537963 0.041112 0.153704
0 1592 0.339782 0.617130 0.044740 0.154630
0 1594 0.336759 0.657407 0.039903 0.168519
0 1650 0.412938 0.654167 0.049577 0.150926
0 1653 0.627267 0.707407 0.051391 0.157407
0 1655 0.433797 0.452778 0.034462 0.124074
0 1657 0.415961 0.412963 0.037485 0.107407
0 1716 0.410520 0.507870 0.035067 0.149074
0 1717 0.418077 0.474537 0.029625 0.143519
0 1776 0.228537 0.535648 0.033857 0.137963
0 1777 0.270859 0.526852 0.041112 0.157407
0 1778 0.277207 0.575463 0.039299 0.167593
0 1779 0.524486 0.609722 0.046554 0.160185
0 1780 0.246675 0.330556 0.035067 0.153704
0 1781 0.624244 0.462037 0.032044 0.131481
0 1782 0.277509 0.323611 0.039903 0.149074
0 1799 0.397521 0.369907 0.039299 0.137963
0 1862 0.348851 0.275463 0.035067 0.128704
0 1863 0.472793 0.481481 0.037485 0.142593
0 1899 0.272068 0.288889 0.037485 0.135185
0 1906 0.283253 0.307407 0.034462 0.118519
