0 793 0.503023 0.589352 0.041112 0.156481
0 794 0.536276 0.573611 0.037485 0.137963
0 801 0.530532 0.742130 0.048972 0.171296
0 802 0.508464 0.782870 0.058041 0.160185
0 810 0.552297 0.708333 0.036880 0.142593
0 819 0.584341 0.576852 0.050181 0.170370
0 820 0.455562 0.316204 0.039299 0.160185
0 824 0.585852 0.725926 0.048368 0.159259
0 825 0.590085 0.693519 0.038694 0.144444
0 826 0.555320 0.843056 0.046554 0.173148
0 827 0.502116 0.681944 0.051391 0.160185
0 829 0.390568 0.887037 0.053204 0.201852
0 831 0.518138 0.842593 0.043531 0.155556
0 833 0.224607 0.918519 0.050181 0.164815
0 834 0.656288 0.876852 0.058646 0.179630
0 835 0.478537 0.364352 0.044135 0.162037
0 836 0.682588 0.660185 0.058041 0.174074
0 844 0.616082 0.875463 0.044740 0.176852
0 848 0.372733 0.859259 0.053809 0.174074
0 853 0.672310 0.716204 0.053204 0.171296
0 856 0.516929 0.735648 0.030230 0.106481
0 857 0.605804 0.642593 0.045949 0.150000
0 862 0.264208 0.910185 0.053204 0.175926
0 863 0.496977 0.768056 0.039903 0.137963
0 864 0.475816 0.664815 0.039903 0.153704
0 881 0.071040 0.980093 0.033253 0.041667
0 882 0.110641 0.968981 0.050786 0.062037
0 885 0.639964 0.360648 0.041717 0.141667
0 886 0.667775 0.362037 0.041717 0.157407
0 894 0.046252 0.707870 0.048972 0.178704
0 896 0.706167 0.545370 0.041112 0.164815
0 898 0.588875 0.343981 0.049577 0.165741
0 899 0.497884 0.431944 0.041717 0.156481
0 900 0.670193 0.482407 0.039299 0.153704
0 901 0.723700 0.476852 0.041112 0.162963
0 902 0.555925 0.435648 0.041717 0.160185
0 903 0.584643 0.444907 0.042322 0.137963
0 904 0.522672 0.230093 0.034462 0.143519
0 905 0.778114 0.651852 0.053204 0.187037
0 906 0.829807 0.641667 0.050181 0.185185
0 908 0.513603 0.265741 0.034462 0.148148
0 909 0.511185 0.360648 0.041717 0.160185
0 910 0.534764 0.353241 0.041717 0.143519
0 911 0.515417 0.475463 0.039299 0.165741
0 912 0.557437 0.472222 0.042322 0.137037
0 913 0.578900 0.520833 0.046554 0.171296
0 914 0.607920 0.540741 0.034462 0.140741
0 915 0.635732 0.538889 0.040508 0.153704
0 916 0.908404 0.761574 0.051391 0.182407
0 917 0.675635 0.566204 0.046554 0.156481
0 920 0.610641 0.767130 0.038694 0.176852
0 921 0.684401 0.778241 0.072551 0.163889
0 922 0.565901 0.673148 0.047158 0.174074
0 932 0.766022 0.409259 0.039903 0.148148
0 933 0.786578 0.406944 0.039903 0.121296
0 936 0.802600 0.932407 0.070738 0.137037
0 937 0.741838 0.927315 0.054414 0.145370
0 938 0.787183 0.369907 0.049577 0.154630
0 939 0.823761 0.363426 0.036880 0.128704
0 941 0.914148 0.364352 0.041112 0.139815
0 942 0.754837 0.294444 0.041717 0.148148
0 943 0.726119 0.314352 0.044740 0.134259
0 944 0.801995 0.356944 0.032044 0.123148
0 945 0.744256 0.385648 0.031439 0.099074
0 946 0.812576 0.381944 0.033857 0.121296
0 947 0.843410 0.360648 0.036276 0.126852
0 948 0.651753 0.812500 0.037485 0.165741
0 949 0.637848 0.784722 0.043531 0.167593
0 952 0.103990 0.787500 0.056832 0.165741
0 953 0.082830 0.751852 0.047158 0.157407
0 956 0.089480 0.525000 0.049577 0.170370
0 957 0.780230 0.561574 0.053809 0.176852
0 958 0.723096 0.414352 0.035067 0.128704
0 959 0.888150 0.351852 0.033857 0.146296
0 960 0.959492 0.317130 0.039903 0.149074
0 961 0.987606 0.307407 0.023579 0.127778
0 963 0.892382 0.245833 0.044740 0.156481
0 964 0.895405 0.216667 0.039903 0.140741
0 965 0.931378 0.194907 0.042926 0.145370
0 966 0.980048 0.093981 0.037485 0.126852
0 967 0.854293 0.193519 0.039903 0.135185
0 968 0.796252 0.132870 0.035067 0.128704
0 969 0.822249 0.152315 0.039903 0.134259
0 970 0.857920 0.161574 0.039903 0.134259
0 971 0.912334 0.147222 0.037485 0.137037
0 972 0.882104 0.159259 0.036276 0.131481
0 973 0.853688 0.111111 0.035067 0.131481
0 974 0.878476 0.117130 0.037485 0.132407
0 975 0.934704 0.079167 0.039903 0.126852
0 976 0.917170 0.047685 0.037485 0.093519
0 978 0.074063 0.250926 0.042926 0.142593
0 979 0.039601 0.256944 0.044135 0.137963
0 980 0.025998 0.212963 0.035067 0.137037
0 985 0.004534 0.214352 0.007860 0.137963
0 987 0.008767 0.144907 0.016324 0.137963
0 989 0.093108 0.147222 0.037485 0.140741
0 990 0.124849 0.166204 0.029625 0.106481
0 991 0.105200 0.119444 0.030230 0.112963
0 992 0.135732 0.101389 0.036880 0.137963
0 993 0.166566 0.259722 0.038089 0.143519
0 994 0.217352 0.219907 0.042926 0.132407
0 995 0.155079 0.192130 0.030834 0.106481
0 996 0.175937 0.268519 0.039903 0.151852
0 997 0.173216 0.185185 0.036880 0.146296
0 998 0.194680 0.202778 0.027811 0.124074
0 999 0.198307 0.233796 0.024184 0.093519
0 1000 0.577993 0.377778 0.047158 0.151852
0 1001 0.697400 0.422685 0.044135 0.167593
0 1002 0.710097 0.386111 0.045345 0.148148
0 1003 0.550786 0.329630 0.044740 0.151852
0 1004 0.627267 0.299537 0.039299 0.143519
0 1005 0.673519 0.269444 0.044740 0.131481
0 1006 0.669589 0.290278 0.041717 0.145370
0 1007 0.746070 0.224537 0.035067 0.139815
0 1008 0.725816 0.244907 0.039299 0.132407
0 1009 0.692866 0.253241 0.036276 0.145370
0 1010 0.723700 0.160185 0.032648 0.101852
0 1011 0.642987 0.221296 0.046554 0.140741
0 1012 0.671705 0.171296 0.044740 0.142593
0 1013 0.636941 0.150000 0.029625 0.140741
0 1014 0.617291 0.162037 0.037485 0.140741
0 1015 0.581620 0.290278 0.042322 0.143519
0 1016 0.488513 0.266667 0.042322 0.142593
0 1017 0.558041 0.244444 0.037485 0.159259
0 1018 0.552600 0.193519 0.042322 0.131481
0 1019 0.578900 0.214352 0.029625 0.102778
0 1020 0.600060 0.204167 0.036880 0.145370
0 1021 0.541717 0.165741 0.044740 0.159259
0 1022 0.587062 0.104167 0.037485 0.121296
0 1023 0.328295 0.045370 0.038694 0.088889
0 1024 0.295949 0.043981 0.030834 0.086111
0 1025 0.675635 0.051389 0.039299 0.100926
0 1026 0.692261 0.046296 0.032648 0.090741
0 1032 0.975816 0.253241 0.036276 0.156481
0 1035 0.173821 0.128241 0.030834 0.062037
0 1036 0.686215 0.416667 0.035067 0.103704
0 1037 0.929867 0.318519 0.037485 0.112963
0 1047 0.948609 0.037500 0.036276 0.073148
0 1073 0.550181 0.101852 0.033857 0.127778
0 1074 0.603990 0.056481 0.035067 0.111111
0 1075 0.577388 0.058796 0.031439 0.115741
0 1076 0.548972 0.057407 0.031439 0.112963
0 1092 0.253628 0.043519 0.033253 0.085185
0 1154 0.871826 0.025463 0.027811 0.049074
0 1175 0.356711 0.478241 0.035067 0.156481
0 1197 0.297461 0.248148 0.035067 0.137037
0 1198 0.135732 0.731944 0.046554 0.162037
0 1200 0.090689 0.373148 0.041112 0.151852
0 1206 0.134220 0.692130 0.051995 0.160185
0 1284 0.814389 0.290741 0.036276 0.137037
0 1285 0.834039 0.285185 0.030834 0.124074
0 1306 0.244256 0.587500 0.044740 0.167593
0 1307 0.211306 0.568519 0.039299 0.175926
0 1308 0.349456 0.568056 0.035067 0.139815
0 1325 0.209190 0.496296 0.043531 0.148148
0 1326 0.213422 0.494444 0.032648 0.157407
0 1328 0.183192 0.487500 0.031439 0.126852
0 1329 0.175333 0.444444 0.039903 0.146296
0 1330 0.141778 0.462963 0.036880 0.146296
0 1343 0.352781 0.143519 0.032044 0.131481
0 1344 0.376663 0.142593 0.027811 0.129630
0 1444 0.264510 0.368981 0.044135 0.139815
0 1445 0.256348 0.390741 0.035067 0.146296
0 1501 0.176542 0.901852 0.043531 0.157407
0 1549 0.296554 0.696296 0.041717 0.151852
0 1567 0.449819 0.537963 0.038694 0.153704
0 1592 0.336457 0.621759 0.039299 0.154630
0 1594 0.333736 0.657407 0.039903 0.168519
0 1650 0.411427 0.658796 0.050181 0.150926
0 1653 0.626058 0.709259 0.051391 0.157407
0 1655 0.427751 0.456481 0.034462 0.124074
0 1657 0.413241 0.415741 0.036880 0.107407
0 1716 0.408404 0.509722 0.034462 0.149074
0 1717 0.416868 0.478241 0.029625 0.143519
0 1776 0.226119 0.539815 0.035067 0.140741
0 1777 0.271161 0.525926 0.041717 0.157407
0 1778 0.275393 0.574537 0.039299 0.167593
0 1779 0.515115 0.645833 0.047158 0.160185
0 1780 0.246070 0.332870 0.035067 0.141667
0 1781 0.641475 0.500926 0.032648 0.131481
0 1782 0.276300 0.326389 0.039903 0.149074
0 1799 0.393591 0.376389 0.039903 0.137963
0 1862 0.327086 0.281019 0.037485 0.128704
0 1863 0.467956 0.486111 0.037485 0.142593
0 1899 0.266626 0.291667 0.037485 0.135185
0 1906 0.285067 0.309259 0.034462 0.118519
