0 793 0.531439 0.487037 0.039903 0.140741
0 794 0.551088 0.480556 0.034462 0.131481
0 801 0.580109 0.646296 0.051391 0.166667
0 802 0.552600 0.675000 0.041112 0.140741
0 810 0.596735 0.603704 0.036276 0.146296
0 819 0.582225 0.481019 0.047158 0.165741
0 820 0.445889 0.311111 0.041717 0.170370
0 824 0.618803 0.654630 0.039299 0.162963
0 825 0.618803 0.630556 0.039299 0.146296
0 826 0.590689 0.724074 0.044740 0.151852
0 827 0.566808 0.591204 0.044135 0.154630
0 829 0.547763 0.753704 0.049577 0.179630
0 830 0.340085 0.880556 0.059855 0.194444
0 831 0.637545 0.661111 0.038089 0.148148
0 833 0.415961 0.760185 0.043531 0.159259
0 834 0.683192 0.734259 0.051995 0.174074
0 835 0.471584 0.331019 0.044740 0.156481
0 836 0.691354 0.561111 0.056227 0.175926
0 837 0.795042 0.938889 0.055623 0.124074
0 842 0.833132 0.950463 0.053204 0.099074
0 844 0.648730 0.743056 0.038694 0.160185
0 848 0.516929 0.724074 0.050786 0.164815
0 851 0.863362 0.846296 0.045949 0.161111
0 853 0.665659 0.629630 0.044740 0.157407
0 856 0.555018 0.665278 0.032648 0.126852
0 857 0.620919 0.545370 0.041112 0.170370
0 862 0.460399 0.771759 0.048972 0.178704
0 863 0.541717 0.666667 0.031439 0.124074
0 864 0.544135 0.577315 0.037485 0.150926
0 866 0.830109 0.854630 0.044740 0.129630
0 881 0.045345 0.810185 0.060459 0.175926
0 882 0.082830 0.787963 0.053204 0.179630
0 885 0.571644 0.293056 0.032044 0.128704
0 886 0.612757 0.268981 0.034462 0.121296
0 893 0.023881 0.249074 0.041717 0.151852
0 894 0.083434 0.480556 0.048368 0.159259
0 895 0.066808 0.275463 0.039299 0.134259
0 896 0.657497 0.397685 0.041717 0.149074
0 898 0.561971 0.231481 0.044135 0.140741
0 899 0.434099 0.355556 0.042322 0.151852
0 900 0.616385 0.371296 0.039299 0.157407
0 901 0.646917 0.362500 0.038694 0.160185
0 902 0.559855 0.344444 0.037485 0.151852
0 903 0.585248 0.352778 0.037485 0.135185
0 904 0.485792 0.247222 0.032044 0.124074
0 905 0.741233 0.430093 0.045949 0.175000
0 906 0.774788 0.424537 0.041717 0.162037
0 907 0.712515 0.163889 0.035671 0.127778
0 908 0.488815 0.271759 0.036880 0.134259
0 909 0.495768 0.314815 0.041112 0.162963
0 910 0.533555 0.318056 0.036880 0.137963
0 911 0.516929 0.378704 0.042322 0.140741
0 912 0.545345 0.392130 0.039903 0.132407
0 913 0.615175 0.439815 0.044135 0.164815
0 914 0.636941 0.463889 0.039299 0.140741
0 915 0.661729 0.456944 0.041717 0.143519
0 916 0.882709 0.535648 0.044740 0.169444
0 917 0.697098 0.475926 0.043531 0.146296
0 918 0.622733 0.918056 0.043531 0.165741
0 919 0.654776 0.908796 0.053204 0.182407
0 920 0.720677 0.620370 0.038694 0.159259
0 921 0.779021 0.640741 0.048972 0.168519
0 922 0.665054 0.596296 0.039903 0.162963
0 924 0.982164 0.400000 0.034462 0.153704
0 926 0.950121 0.400000 0.040508 0.120370
0 928 0.967050 0.901852 0.046554 0.146296
0 931 0.977328 0.787500 0.044135 0.178704
0 932 0.824970 0.340278 0.039299 0.137963
0 933 0.859432 0.352778 0.035671 0.124074
0 934 0.937424 0.796759 0.057437 0.149074
0 936 0.860339 0.708333 0.049577 0.157407
0 937 0.819226 0.710185 0.054414 0.183333
0 938 0.867291 0.312500 0.040508 0.145370
0 939 0.907497 0.312500 0.042322 0.134259
0 941 0.902358 0.246296 0.041717 0.137037
0 942 0.598549 0.203704 0.044740 0.151852
0 943 0.575574 0.207870 0.036276 0.115741
0 944 0.875756 0.307870 0.029625 0.126852
0 945 0.842503 0.333796 0.029625 0.100926
0 946 0.898730 0.351852 0.038089 0.120370
0 947 0.926542 0.321296 0.034462 0.124074
0 948 0.744559 0.637963 0.041717 0.162963
0 949 0.708585 0.650926 0.042322 0.159259
0 954 0.428960 0.916667 0.048972 0.164815
0 955 0.553507 0.883796 0.056227 0.160185
0 956 0.144800 0.331481 0.041717 0.157407
0 957 0.714027 0.376389 0.050786 0.162037
0 958 0.730955 0.288426 0.037485 0.125000
0 959 0.884522 0.226852 0.039903 0.129630
0 960 0.932285 0.209259 0.038694 0.129630
0 961 0.974002 0.195833 0.043531 0.143519
0 962 0.986094 0.139815 0.026602 0.129630
0 963 0.929262 0.167130 0.038694 0.149074
0 964 0.913845 0.146759 0.036880 0.121296
0 965 0.936518 0.119444 0.038694 0.129630
0 966 0.967352 0.039352 0.039903 0.076852
0 967 0.876663 0.126852 0.037485 0.118519
0 968 0.851270 0.088426 0.037485 0.121296
0 969 0.868803 0.097222 0.032648 0.107407
0 970 0.894800 0.094907 0.035067 0.106481
0 971 0.924426 0.065278 0.036276 0.106481
0 972 0.910520 0.069444 0.032648 0.112963
0 973 0.875453 0.045833 0.030230 0.089815
0 974 0.902056 0.043056 0.033857 0.084259
0 977 0.008162 0.183796 0.015115 0.123148
0 978 0.131197 0.181481 0.045949 0.137037
0 979 0.097037 0.176852 0.039299 0.138889
0 980 0.110943 0.106944 0.033253 0.126852
0 981 0.033555 0.185648 0.036880 0.134259
0 982 0.007255 0.090741 0.013301 0.124074
0 983 0.003023 0.111574 0.004837 0.132407
0 984 0.042926 0.140278 0.042322 0.128704
0 985 0.077086 0.132407 0.041717 0.135185
0 986 0.068319 0.097685 0.037485 0.134259
0 987 0.107618 0.058796 0.036276 0.115741
0 988 0.079807 0.053704 0.030230 0.105556
0 989 0.146312 0.059259 0.037485 0.116667
0 990 0.168077 0.075000 0.030230 0.101852
0 991 0.172914 0.050926 0.037485 0.100000
0 993 0.266022 0.170833 0.039903 0.132407
0 994 0.295949 0.138426 0.035671 0.134259
0 995 0.235490 0.109259 0.029625 0.112963
0 996 0.348247 0.135185 0.039903 0.153704
0 997 0.271463 0.103704 0.037485 0.131481
0 998 0.282950 0.126852 0.032648 0.129630
0 999 0.275998 0.147222 0.024788 0.087037
0 1000 0.530532 0.262500 0.036880 0.143519
0 1001 0.682890 0.287500 0.041717 0.149074
0 1002 0.698005 0.258796 0.033253 0.137963
0 1003 0.513603 0.212037 0.039299 0.129630
0 1004 0.591898 0.162500 0.039903 0.126852
0 1005 0.643289 0.160648 0.038694 0.132407
0 1006 0.761487 0.182407 0.038089 0.125926
0 1007 0.729141 0.136111 0.036276 0.137037
0 1008 0.711004 0.168981 0.035067 0.134259
0 1009 0.675030 0.168519 0.032044 0.129630
0 1010 0.705865 0.081481 0.032044 0.118519
0 1011 0.637243 0.118056 0.042322 0.132407
0 1012 0.642684 0.076389 0.039903 0.119444
0 1013 0.592201 0.073611 0.032044 0.126852
0 1014 0.562878 0.069444 0.033857 0.124074
0 1015 0.550181 0.168519 0.037485 0.131481
0 1016 0.467352 0.144907 0.042322 0.134259
0 1017 0.413543 0.096759 0.031439 0.137963
0 1018 0.498791 0.089352 0.037485 0.126852
0 1019 0.505744 0.112500 0.034462 0.115741
0 1020 0.522975 0.101389 0.032648 0.126852
0 1021 0.451935 0.062037 0.034462 0.122222
0 1022 0.469468 0.048148 0.035671 0.094444
0 1032 0.960097 0.145370 0.039903 0.146296
0 1035 0.265417 0.050000 0.025393 0.062963
0 1036 0.677751 0.251852 0.030230 0.085185
0 1037 0.905079 0.212500 0.030230 0.102778
0 1175 0.359734 0.497222 0.042322 0.148148
0 1197 0.232164 0.283333 0.035067 0.137037
0 1198 0.137545 0.758333 0.048972 0.162963
0 1200 0.036276 0.637500 0.050786 0.165741
0 1206 0.140266 0.722685 0.049577 0.160185
0 1284 0.808948 0.305556 0.042322 0.135185
0 1285 0.840689 0.293056 0.032044 0.110185
0 1306 0.247582 0.609722 0.048972 0.167593
0 1307 0.217654 0.592593 0.042322 0.168519
0 1308 0.358222 0.592130 0.034462 0.150926
0 1325 0.215236 0.525463 0.044740 0.149074
0 1326 0.218259 0.500926 0.037485 0.135185
0 1328 0.180774 0.494907 0.041112 0.139815
0 1329 0.191959 0.461574 0.041717 0.143519
0 1330 0.138755 0.493981 0.039299 0.143519
0 1343 0.360036 0.172222 0.032044 0.129630
0 1344 0.382709 0.166667 0.031439 0.129630
0 1444 0.273579 0.398611 0.046554 0.143519
0 1445 0.262999 0.412500 0.036276 0.139815
0 1501 0.189541 0.922222 0.056227 0.155556
0 1549 0.300484 0.725000 0.042322 0.150000
0 1567 0.421403 0.578241 0.035067 0.139815
0 1592 0.341596 0.647222 0.039903 0.159259
0 1594 0.343108 0.685185 0.041717 0.168519
0 1650 0.413543 0.681944 0.049577 0.149074
0 1653 0.633011 0.722685 0.041112 0.160185
0 1655 0.432588 0.481481 0.034462 0.140741
0 1657 0.422612 0.453241 0.035067 0.132407
0 1716 0.415961 0.531944 0.038694 0.154630
0 1717 0.425030 0.505556 0.031439 0.146296
0 1776 0.233978 0.565741 0.037485 0.140741
0 1777 0.275091 0.545370 0.039903 0.162963
0 1778 0.279927 0.593519 0.039903 0.168519
0 1779 0.552902 0.531481 0.044135 0.146296
0 1780 0.255139 0.358796 0.041112 0.158333
0 1781 0.546856 0.439352 0.039299 0.143519
0 1782 0.281137 0.346296 0.042322 0.151852
0 1799 0.399637 0.404167 0.042322 0.143519
0 1862 0.410822 0.374074 0.034462 0.129630
0 1863 0.478235 0.519444 0.035067 0.151852
0 1899 0.272068 0.305093 0.037485 0.143519
0 1900 0.687424 0.943981 0.059250 0.112037
0 1901 0.660822 0.947685 0.047158 0.104630
0 1906 0.282648 0.333333 0.032044 0.131481
