0 793 0.529021 0.493519 0.038694 0.140741
0 794 0.551391 0.486111 0.033857 0.131481
0 801 0.575574 0.652778 0.051995 0.168519
0 802 0.548368 0.690278 0.036276 0.141667
0 810 0.593108 0.608333 0.038694 0.146296
0 819 0.585852 0.486574 0.047158 0.165741
0 820 0.447098 0.308333 0.041717 0.170370
0 824 0.614873 0.658333 0.039903 0.162963
0 825 0.615780 0.634259 0.039299 0.146296
0 826 0.586457 0.729630 0.044740 0.151852
0 827 0.560459 0.597685 0.044740 0.154630
0 829 0.531439 0.762963 0.049577 0.179630
0 830 0.313482 0.893519 0.051391 0.187037
0 831 0.628779 0.673611 0.039903 0.143519
0 833 0.396010 0.771759 0.043531 0.158333
0 834 0.675333 0.742130 0.053204 0.171296
0 835 0.471584 0.331019 0.044740 0.156481
0 836 0.691354 0.567593 0.056227 0.175926
0 837 0.800484 0.951852 0.055623 0.098148
0 842 0.837666 0.965278 0.051391 0.071296
0 844 0.638755 0.746296 0.039299 0.159259
0 848 0.505441 0.732407 0.050786 0.164815
0 851 0.865175 0.868056 0.047158 0.165741
0 853 0.662031 0.633333 0.044740 0.157407
0 856 0.552600 0.674537 0.032648 0.126852
0 857 0.622430 0.550463 0.044135 0.171296
0 862 0.433495 0.781944 0.049577 0.178704
0 863 0.535671 0.672222 0.031439 0.124074
0 864 0.533555 0.586111 0.039299 0.151852
0 866 0.828900 0.873148 0.044740 0.129630
0 881 0.048670 0.829167 0.053809 0.169444
0 882 0.084946 0.812963 0.048972 0.192593
0 885 0.583736 0.299074 0.036880 0.129630
0 886 0.625151 0.279167 0.033857 0.121296
0 893 0.016626 0.255556 0.032044 0.151852
0 894 0.081620 0.497685 0.049577 0.165741
0 895 0.051088 0.279167 0.039299 0.134259
0 896 0.660822 0.412500 0.044740 0.149074
0 898 0.567715 0.239815 0.044740 0.144444
0 899 0.438331 0.359259 0.042322 0.151852
0 900 0.619105 0.379630 0.038694 0.157407
0 901 0.657799 0.368056 0.038694 0.160185
0 902 0.561064 0.352778 0.037485 0.151852
0 903 0.588271 0.362037 0.037485 0.135185
0 904 0.487908 0.245370 0.032648 0.124074
0 905 0.744861 0.451852 0.049577 0.175926
0 906 0.780834 0.443519 0.041717 0.166667
0 907 0.710701 0.169444 0.035671 0.127778
0 908 0.488210 0.272222 0.032044 0.135185
0 909 0.496675 0.319907 0.041717 0.163889
0 910 0.531741 0.318056 0.036880 0.137963
0 911 0.517533 0.384259 0.042322 0.140741
0 912 0.548670 0.399537 0.039299 0.132407
0 913 0.611548 0.442593 0.044135 0.164815
0 914 0.633918 0.468519 0.039299 0.140741
0 915 0.659915 0.463426 0.041717 0.143519
0 916 0.879686 0.548611 0.050786 0.165741
0 917 0.694680 0.483333 0.043531 0.146296
0 918 0.617896 0.935648 0.043531 0.130556
0 919 0.646917 0.922222 0.051995 0.153704
0 920 0.711004 0.636574 0.039903 0.160185
0 921 0.767533 0.651852 0.048972 0.168519
0 922 0.648126 0.591667 0.039903 0.162963
0 924 0.985490 0.408333 0.027811 0.153704
0 926 0.952842 0.416204 0.041112 0.121296
0 928 0.976421 0.927315 0.044740 0.137963
0 931 0.978839 0.814352 0.041112 0.178704
0 932 0.812576 0.344907 0.039903 0.137963
0 933 0.846131 0.355556 0.034462 0.124074
0 934 0.937727 0.821296 0.060459 0.150000
0 936 0.852479 0.726852 0.049577 0.157407
0 937 0.814389 0.732407 0.054414 0.187037
0 938 0.859734 0.314815 0.042322 0.146296
0 939 0.894498 0.317130 0.040508 0.130556
0 941 0.909311 0.253704 0.042322 0.137037
0 942 0.611850 0.209259 0.044740 0.151852
0 943 0.587062 0.219907 0.038694 0.117593
0 944 0.869105 0.310648 0.029625 0.126852
0 945 0.830713 0.336574 0.029021 0.100926
0 946 0.880895 0.352315 0.043531 0.121296
0 947 0.920798 0.318519 0.035067 0.124074
0 948 0.738815 0.660185 0.041112 0.166667
0 949 0.705260 0.664352 0.041717 0.160185
0 954 0.472189 0.921296 0.066505 0.159259
0 955 0.578295 0.893519 0.048972 0.157407
0 956 0.133615 0.344444 0.041112 0.157407
0 957 0.719468 0.393981 0.051995 0.165741
0 958 0.727025 0.301852 0.036880 0.125926
0 959 0.884522 0.236111 0.039903 0.129630
0 960 0.934099 0.216667 0.038694 0.129630
0 961 0.973700 0.203241 0.041717 0.143519
0 962 0.986094 0.142593 0.026602 0.125926
0 963 0.923216 0.167130 0.038694 0.149074
0 964 0.908404 0.145833 0.036880 0.121296
0 965 0.934704 0.125926 0.038694 0.129630
0 966 0.968561 0.043981 0.039903 0.086111
0 967 0.875453 0.128704 0.037485 0.118519
0 968 0.845224 0.088426 0.037485 0.121296
0 969 0.867896 0.100926 0.032044 0.107407
0 970 0.890871 0.096759 0.034462 0.106481
0 971 0.920798 0.069907 0.036276 0.106481
0 972 0.902660 0.075926 0.032648 0.112963
0 973 0.870314 0.047222 0.029625 0.092593
0 974 0.900242 0.046296 0.033857 0.090741
0 975 0.930169 0.038426 0.034462 0.075000
0 978 0.124244 0.187037 0.046554 0.140741
0 979 0.089178 0.182407 0.039299 0.140741
0 980 0.100363 0.116204 0.036276 0.126852
0 981 0.019045 0.192130 0.036880 0.134259
0 984 0.035067 0.148611 0.042322 0.128704
0 985 0.072249 0.139815 0.041717 0.135185
0 986 0.055623 0.106019 0.037485 0.134259
0 987 0.099154 0.062500 0.036276 0.123148
0 988 0.071947 0.062500 0.030230 0.113889
0 989 0.139661 0.062963 0.037485 0.124074
0 990 0.161427 0.080093 0.030230 0.104630
0 991 0.161427 0.054630 0.037485 0.107407
0 993 0.257557 0.176852 0.039903 0.131481
0 994 0.292624 0.144907 0.037485 0.134259
0 995 0.233071 0.113889 0.029625 0.112963
0 996 0.335248 0.149537 0.039299 0.154630
0 997 0.260580 0.111111 0.037485 0.131481
0 998 0.275393 0.131481 0.032044 0.129630
0 999 0.269347 0.162037 0.024788 0.087037
0 1000 0.537183 0.272685 0.036880 0.143519
0 1001 0.685006 0.298148 0.041112 0.144444
0 1002 0.702539 0.270833 0.033857 0.137963
0 1003 0.517231 0.221296 0.039299 0.129630
0 1004 0.595828 0.178241 0.039299 0.126852
0 1005 0.644800 0.173611 0.038089 0.137963
0 1006 0.751209 0.191204 0.038089 0.126852
0 1007 0.733676 0.140741 0.038089 0.137037
0 1008 0.709794 0.175926 0.035067 0.137037
0 1009 0.677751 0.171759 0.029021 0.128704
0 1010 0.712515 0.085648 0.032044 0.117593
0 1011 0.637848 0.125463 0.042322 0.132407
0 1012 0.647521 0.084722 0.039903 0.121296
0 1013 0.594619 0.080093 0.032044 0.126852
0 1014 0.566505 0.075000 0.033857 0.124074
0 1015 0.556227 0.177778 0.037485 0.131481
0 1016 0.475816 0.151389 0.042322 0.134259
0 1017 0.427449 0.111574 0.031439 0.137963
0 1018 0.503628 0.099537 0.037485 0.126852
0 1019 0.517836 0.116667 0.034462 0.114815
0 1020 0.526602 0.106944 0.032648 0.126852
0 1021 0.461004 0.067130 0.034462 0.128704
0 1022 0.488513 0.052315 0.036276 0.102778
0 1032 0.956469 0.155556 0.039903 0.146296
0 1035 0.257860 0.055093 0.024788 0.063889
0 1036 0.680774 0.264815 0.030230 0.085185
0 1037 0.908102 0.218981 0.030230 0.102778
0 1175 0.358525 0.490741 0.042322 0.148148
0 1197 0.242745 0.275000 0.034462 0.140741
0 1198 0.135429 0.751852 0.049577 0.162963
0 1200 0.022975 0.606019 0.044740 0.165741
0 1206 0.140266 0.717130 0.049577 0.160185
0 1284 0.809553 0.298148 0.042322 0.135185
0 1285 0.841898 0.289352 0.032044 0.110185
0 1306 0.247582 0.605093 0.048972 0.167593
0 1307 0.216445 0.586111 0.042322 0.168519
0 1308 0.356409 0.587500 0.034462 0.150926
0 1325 0.214631 0.518981 0.044740 0.149074
0 1326 0.218259 0.498148 0.037485 0.135185
0 1328 0.180774 0.490278 0.041112 0.139815
0 1329 0.185913 0.455093 0.041717 0.143519
0 1330 0.139964 0.485648 0.039299 0.143519
0 1343 0.360339 0.164815 0.032648 0.129630
0 1344 0.381499 0.160648 0.031439 0.128704
0 1444 0.272672 0.391204 0.047158 0.143519
0 1445 0.261185 0.406944 0.036276 0.139815
0 1501 0.188634 0.916204 0.055623 0.156481
0 1549 0.299879 0.719907 0.042322 0.149074
0 1567 0.425333 0.571296 0.035671 0.140741
0 1592 0.341596 0.640741 0.039903 0.159259
0 1594 0.343108 0.679630 0.041717 0.168519
0 1650 0.413543 0.674537 0.049577 0.149074
0 1653 0.631197 0.717593 0.041112 0.159259
0 1655 0.432588 0.474074 0.034462 0.140741
0 1657 0.423216 0.448611 0.033857 0.132407
0 1716 0.415659 0.528241 0.039299 0.154630
0 1717 0.425030 0.500000 0.031439 0.146296
0 1776 0.232769 0.559259 0.037485 0.140741
0 1777 0.274184 0.538889 0.039299 0.162963
0 1778 0.279927 0.587037 0.039903 0.168519
0 1779 0.554716 0.538889 0.044135 0.146296
0 1780 0.255441 0.350000 0.041717 0.162963
0 1781 0.562878 0.441204 0.038694 0.143519
0 1782 0.281137 0.341667 0.042322 0.151852
0 1799 0.399637 0.396759 0.042322 0.143519
0 1862 0.399033 0.343519 0.035067 0.129630
0 1863 0.477328 0.511111 0.034462 0.151852
0 1899 0.272068 0.301389 0.037485 0.141667
0 1900 0.696796 0.954167 0.057437 0.089815
0 1901 0.668077 0.954630 0.045949 0.090741
0 1906 0.280230 0.328704 0.032044 0.131481
