0 793 0.524486 0.532870 0.041717 0.156481
0 794 0.552297 0.514352 0.038089 0.137963
0 801 0.561971 0.689352 0.044135 0.171296
0 802 0.533253 0.722685 0.051995 0.160185
0 810 0.572551 0.645833 0.036276 0.143519
0 819 0.585852 0.514815 0.051995 0.170370
0 820 0.446796 0.306944 0.039903 0.162037
0 824 0.596131 0.666204 0.043531 0.150926
0 825 0.608827 0.654167 0.039903 0.143519
0 826 0.576784 0.772222 0.047158 0.168519
0 827 0.536276 0.630093 0.050786 0.160185
0 829 0.467956 0.801389 0.058041 0.193519
0 830 0.212515 0.937500 0.058646 0.126852
0 831 0.596433 0.712963 0.040508 0.151852
0 833 0.325272 0.820833 0.053204 0.169444
0 834 0.658404 0.801389 0.053204 0.173148
0 835 0.471282 0.337963 0.044135 0.162963
0 836 0.685308 0.605093 0.053809 0.173148
0 844 0.623640 0.782407 0.041717 0.168519
0 848 0.459190 0.773611 0.048972 0.162037
0 851 0.867594 0.925463 0.054414 0.137963
0 853 0.658404 0.657407 0.047158 0.164815
0 856 0.549879 0.688889 0.029625 0.107407
0 857 0.619710 0.570833 0.043531 0.149074
0 862 0.366989 0.827315 0.059250 0.178704
0 863 0.528114 0.705556 0.039299 0.135185
0 864 0.503023 0.622685 0.039903 0.152778
0 866 0.823156 0.938889 0.038089 0.118519
0 881 0.065901 0.905093 0.062878 0.165741
0 882 0.103386 0.889352 0.055623 0.184259
0 885 0.621221 0.324074 0.041717 0.129630
0 886 0.653869 0.322685 0.041717 0.152778
0 894 0.069528 0.574074 0.049577 0.170370
0 895 0.007860 0.291667 0.014510 0.137037
0 896 0.679565 0.454630 0.041112 0.151852
0 898 0.576179 0.281481 0.043531 0.157407
0 899 0.464027 0.380556 0.041717 0.148148
0 900 0.638150 0.411111 0.036880 0.151852
0 901 0.685308 0.403704 0.039299 0.157407
0 902 0.563180 0.388426 0.041717 0.160185
0 903 0.590689 0.397685 0.042322 0.137963
0 904 0.499093 0.230556 0.034462 0.135185
0 905 0.761790 0.528241 0.054414 0.187963
0 906 0.800181 0.509722 0.046554 0.167593
0 907 0.708888 0.195833 0.035671 0.132407
0 908 0.494559 0.262963 0.032648 0.148148
0 909 0.508464 0.334259 0.043531 0.159259
0 910 0.530230 0.331019 0.037485 0.143519
0 911 0.520556 0.419444 0.042322 0.164815
0 912 0.558343 0.429630 0.041717 0.137037
0 913 0.594921 0.465278 0.045949 0.171296
0 914 0.624547 0.489815 0.032648 0.140741
0 915 0.656892 0.489352 0.038089 0.145370
0 916 0.889964 0.631944 0.049577 0.178704
0 917 0.686518 0.508333 0.041717 0.157407
0 919 0.645103 0.982870 0.026602 0.032407
0 920 0.672007 0.689815 0.039299 0.151852
0 921 0.739722 0.706481 0.048972 0.175926
0 922 0.624849 0.613426 0.039299 0.156481
0 926 0.984885 0.469444 0.027811 0.127778
0 931 0.979444 0.910185 0.039903 0.161111
0 932 0.773881 0.353241 0.039903 0.137963
0 933 0.803204 0.364815 0.038089 0.120370
0 934 0.941657 0.923611 0.048972 0.149074
0 936 0.833132 0.812963 0.047158 0.172222
0 937 0.782950 0.810648 0.049577 0.180556
0 938 0.817412 0.331019 0.049577 0.154630
0 939 0.864268 0.326852 0.036880 0.124074
0 941 0.919287 0.295370 0.040508 0.135185
0 942 0.676844 0.248148 0.041717 0.142593
0 943 0.646312 0.263889 0.038694 0.135185
0 944 0.838875 0.323148 0.030834 0.124074
0 945 0.780532 0.340741 0.031439 0.094444
0 946 0.832830 0.354630 0.047763 0.120370
0 947 0.887545 0.337500 0.036276 0.121296
0 948 0.718259 0.727315 0.041112 0.162037
0 949 0.685308 0.710648 0.044135 0.156481
0 952 0.017231 0.752778 0.033253 0.168519
0 953 0.024486 0.703241 0.047763 0.162037
0 954 0.569528 0.944444 0.048368 0.111111
0 955 0.656590 0.943981 0.048368 0.112037
0 956 0.101270 0.406944 0.041717 0.163889
0 957 0.748489 0.453704 0.053204 0.172222
0 958 0.719468 0.352778 0.037485 0.125926
0 959 0.888150 0.277778 0.033857 0.146296
0 960 0.946191 0.243981 0.038694 0.137963
0 961 0.978839 0.240741 0.041112 0.142593
0 962 0.988513 0.167130 0.020556 0.123148
0 963 0.909915 0.191667 0.043531 0.153704
0 964 0.894800 0.162037 0.039903 0.129630
0 965 0.929262 0.148148 0.038694 0.137037
0 966 0.972793 0.053704 0.037485 0.105556
0 967 0.865478 0.148148 0.039299 0.135185
0 968 0.829504 0.107407 0.035067 0.129630
0 969 0.852479 0.124537 0.037485 0.134259
0 970 0.880895 0.125463 0.033857 0.134259
0 971 0.917775 0.098148 0.037485 0.137037
0 972 0.888452 0.109722 0.038089 0.132407
0 973 0.859432 0.054630 0.034462 0.107407
0 974 0.883313 0.062963 0.037485 0.124074
0 975 0.936820 0.046759 0.039299 0.091667
0 978 0.092805 0.212500 0.046554 0.134259
0 979 0.066505 0.214352 0.038694 0.137963
0 980 0.068622 0.156019 0.034462 0.137963
0 984 0.009069 0.172222 0.016929 0.135185
0 985 0.035369 0.162037 0.042926 0.137037
0 986 0.013906 0.134722 0.026602 0.137963
0 987 0.062576 0.084722 0.039299 0.143519
0 988 0.042019 0.092130 0.034462 0.132407
0 989 0.118198 0.089352 0.036880 0.132407
0 990 0.141475 0.108796 0.029021 0.112037
0 991 0.129686 0.058796 0.035671 0.106481
0 992 0.162636 0.054630 0.037485 0.107407
0 993 0.220073 0.199537 0.041112 0.143519
0 994 0.270254 0.167593 0.039903 0.127778
0 995 0.206469 0.137963 0.029625 0.103704
0 996 0.288694 0.197222 0.039299 0.153704
0 997 0.224305 0.129630 0.035067 0.140741
0 998 0.247884 0.152778 0.027811 0.124074
0 999 0.242745 0.184722 0.024788 0.093519
0 1000 0.560762 0.312500 0.041717 0.150926
0 1001 0.685006 0.349074 0.047158 0.151852
0 1002 0.708283 0.304167 0.044135 0.134259
0 1003 0.537787 0.271296 0.044135 0.151852
0 1004 0.613966 0.224074 0.039299 0.137037
0 1005 0.657497 0.197222 0.041717 0.131481
0 1006 0.715840 0.235185 0.039903 0.146296
0 1007 0.739117 0.170370 0.038089 0.140741
0 1008 0.712213 0.198148 0.038694 0.133333
0 1009 0.682890 0.198148 0.039299 0.142593
0 1010 0.728537 0.100926 0.029021 0.098148
0 1011 0.642987 0.161111 0.046554 0.140741
0 1012 0.659613 0.121296 0.044740 0.142593
0 1013 0.612757 0.104630 0.032044 0.131481
0 1014 0.586457 0.098148 0.033857 0.125926
0 1015 0.564087 0.224074 0.038694 0.142593
0 1016 0.466445 0.188889 0.041717 0.137037
0 1017 0.483676 0.147222 0.036276 0.135185
0 1018 0.513906 0.130556 0.042322 0.131481
0 1019 0.548368 0.149074 0.030230 0.107407
0 1020 0.557739 0.134259 0.035671 0.138889
0 1021 0.503023 0.100463 0.044740 0.158333
0 1022 0.543531 0.061111 0.039903 0.120370
0 1023 0.353990 0.023611 0.032044 0.045370
0 1024 0.334643 0.020833 0.029625 0.039815
0 1025 0.643894 0.026389 0.032648 0.050926
0 1026 0.668077 0.021296 0.022975 0.040741
0 1032 0.960399 0.190278 0.033253 0.150926
0 1033 0.985490 0.979167 0.027811 0.043519
0 1035 0.227025 0.075463 0.027207 0.062037
0 1036 0.683797 0.327315 0.030230 0.095370
0 1037 0.915357 0.252778 0.033857 0.112963
0 1073 0.511487 0.060185 0.035067 0.118519
0 1074 0.576179 0.037037 0.035067 0.072222
0 1175 0.358827 0.481481 0.034462 0.157407
0 1197 0.281439 0.258333 0.034462 0.137037
0 1198 0.139057 0.736111 0.047158 0.162963
0 1200 0.016022 0.495833 0.030834 0.160185
0 1206 0.137545 0.701389 0.051391 0.160185
0 1284 0.814994 0.287963 0.036276 0.137037
0 1285 0.837969 0.283796 0.032648 0.123148
0 1306 0.246372 0.593981 0.045345 0.167593
0 1307 0.212817 0.570833 0.039903 0.176852
0 1308 0.351572 0.571759 0.034462 0.139815
0 1325 0.209794 0.499537 0.044740 0.149074
0 1326 0.216445 0.499074 0.032648 0.157407
0 1328 0.185611 0.492130 0.031439 0.126852
0 1329 0.178960 0.444444 0.039903 0.146296
0 1330 0.143289 0.470833 0.037485 0.145370
0 1343 0.356711 0.146759 0.032648 0.132407
0 1344 0.379383 0.144907 0.027207 0.132407
0 1444 0.267836 0.374074 0.044740 0.140741
0 1445 0.260580 0.395370 0.036276 0.146296
0 1501 0.181076 0.900000 0.044135 0.157407
0 1549 0.298065 0.702778 0.042322 0.151852
0 1567 0.442261 0.550000 0.039299 0.153704
0 1592 0.342805 0.624537 0.044740 0.154630
0 1594 0.340992 0.659259 0.039903 0.168519
0 1650 0.413543 0.662037 0.049577 0.151852
0 1653 0.628476 0.707870 0.050181 0.156481
0 1655 0.433797 0.452778 0.034462 0.124074
0 1657 0.418984 0.417593 0.037485 0.107407
0 1716 0.412031 0.510648 0.034462 0.149074
0 1717 0.420496 0.481019 0.029625 0.143519
0 1776 0.230955 0.542593 0.033857 0.137037
0 1777 0.271161 0.527778 0.040508 0.157407
0 1778 0.279021 0.578241 0.039299 0.167593
0 1779 0.537183 0.576389 0.042926 0.160185
0 1780 0.248489 0.329167 0.035067 0.167593
0 1781 0.610339 0.437037 0.034462 0.131481
0 1782 0.278114 0.326389 0.039903 0.149074
0 1799 0.399033 0.378241 0.039903 0.137963
0 1862 0.376663 0.294907 0.035067 0.128704
0 1863 0.473398 0.487963 0.036276 0.146296
0 1899 0.272068 0.288889 0.037485 0.135185
0 1906 0.280532 0.306481 0.035067 0.118519
