0 793 0.528416 0.445370 0.039903 0.140741
0 794 0.551995 0.439352 0.035067 0.132407
0 801 0.595526 0.613426 0.051995 0.165741
0 802 0.573458 0.640278 0.044135 0.137963
0 809 0.966747 0.786574 0.053204 0.180556
0 810 0.614873 0.589352 0.035067 0.139815
0 819 0.587062 0.436574 0.042322 0.162037
0 820 0.448609 0.306944 0.041112 0.163889
0 824 0.628779 0.629630 0.039903 0.162963
0 825 0.633313 0.604630 0.039299 0.146296
0 826 0.620919 0.677778 0.043531 0.151852
0 827 0.591898 0.554167 0.044740 0.154630
0 829 0.593712 0.728704 0.049577 0.179630
0 830 0.457074 0.799537 0.056832 0.191667
0 831 0.659008 0.614352 0.037485 0.150926
0 833 0.488815 0.715741 0.046554 0.159259
0 834 0.702539 0.694444 0.049577 0.174074
0 835 0.482467 0.312963 0.044740 0.157407
0 836 0.698307 0.524074 0.055623 0.175926
0 837 0.780532 0.848611 0.056832 0.191667
0 841 0.914752 0.934259 0.043531 0.129630
0 842 0.817412 0.868981 0.051995 0.165741
0 844 0.667775 0.703241 0.039299 0.160185
0 848 0.566808 0.688426 0.051391 0.160185
0 851 0.860339 0.759259 0.045949 0.159259
0 852 0.948609 0.927315 0.053204 0.145370
0 853 0.689238 0.604630 0.044740 0.157407
0 856 0.569831 0.621296 0.032044 0.125926
0 857 0.619710 0.501389 0.038694 0.156481
0 862 0.522975 0.712963 0.047158 0.179630
0 863 0.561971 0.632407 0.032044 0.124074
0 864 0.582225 0.537500 0.037485 0.150926
0 866 0.829807 0.756481 0.044135 0.129630
0 869 0.949819 0.876852 0.049577 0.174074
0 870 0.854897 0.900463 0.065296 0.156481
0 881 0.024184 0.714815 0.047158 0.162963
0 882 0.051995 0.700463 0.050786 0.171296
0 885 0.504232 0.260185 0.032648 0.129630
0 886 0.559250 0.234722 0.035067 0.121296
0 889 0.050484 0.291667 0.044135 0.146296
0 891 0.002418 0.214352 0.003628 0.139815
0 893 0.085852 0.227778 0.042322 0.151852
0 894 0.090689 0.405556 0.042322 0.157407
0 895 0.132406 0.253704 0.039903 0.135185
0 896 0.633313 0.355093 0.036880 0.143519
0 898 0.544135 0.199537 0.044740 0.137963
0 899 0.409311 0.313426 0.043531 0.145370
0 900 0.596131 0.338889 0.039903 0.157407
0 901 0.628174 0.313426 0.036276 0.158333
0 902 0.568924 0.312963 0.037485 0.151852
0 903 0.591898 0.312963 0.035067 0.135185
0 904 0.475212 0.249074 0.032648 0.124074
0 905 0.725212 0.351852 0.041717 0.164815
0 906 0.745768 0.345370 0.040508 0.153704
0 907 0.714631 0.131944 0.035067 0.121296
0 908 0.496372 0.269907 0.039903 0.134259
0 909 0.502116 0.300926 0.041717 0.162963
0 910 0.539903 0.296759 0.036276 0.137963
0 911 0.515719 0.344444 0.042322 0.140741
0 912 0.542624 0.357870 0.039299 0.132407
0 913 0.630895 0.399074 0.044135 0.159259
0 914 0.659613 0.417130 0.039903 0.134259
0 915 0.694377 0.428241 0.036880 0.143519
0 916 0.891475 0.451852 0.042926 0.161111
0 917 0.720677 0.442130 0.044740 0.143519
0 918 0.685611 0.787037 0.042322 0.168519
0 919 0.715236 0.781944 0.051995 0.182407
0 920 0.767231 0.538426 0.037485 0.156481
0 921 0.828900 0.590741 0.044740 0.168519
0 922 0.727630 0.560648 0.041717 0.158333
0 924 0.982164 0.343981 0.034462 0.154630
0 926 0.958283 0.356481 0.037485 0.120370
0 928 0.923519 0.799074 0.044135 0.157407
0 931 0.979444 0.675463 0.039903 0.178704
0 932 0.868803 0.331944 0.039903 0.134259
0 933 0.903265 0.335648 0.037485 0.123148
0 934 0.943168 0.685185 0.051995 0.148148
0 936 0.895405 0.607870 0.045949 0.154630
0 937 0.863966 0.618519 0.054414 0.179630
0 938 0.895405 0.298148 0.039903 0.146296
0 939 0.912636 0.294444 0.035671 0.127778
0 941 0.892382 0.207407 0.041112 0.131481
0 942 0.547461 0.166667 0.044135 0.151852
0 943 0.520859 0.172685 0.034462 0.115741
0 944 0.895707 0.293056 0.029625 0.126852
0 945 0.874849 0.309259 0.030230 0.101852
0 946 0.926844 0.328241 0.037485 0.121296
0 947 0.940447 0.308333 0.032044 0.124074
0 948 0.803204 0.573148 0.041717 0.153704
0 949 0.743954 0.585648 0.040508 0.156481
0 951 0.963422 0.695370 0.071947 0.218519
0 954 0.261487 0.895370 0.063482 0.181481
0 955 0.376058 0.890278 0.042322 0.156481
0 956 0.210399 0.258333 0.042322 0.157407
0 957 0.681076 0.299537 0.051391 0.160185
0 958 0.725816 0.228241 0.034462 0.121296
0 959 0.867291 0.186574 0.038089 0.128704
0 960 0.926542 0.176852 0.039299 0.129630
0 961 0.978235 0.174074 0.043531 0.142593
0 962 0.990326 0.113426 0.019347 0.132407
0 963 0.951632 0.141204 0.038694 0.139815
0 964 0.929262 0.112037 0.037485 0.118519
0 965 0.948005 0.093981 0.033857 0.126852
0 967 0.888150 0.111111 0.037485 0.118519
0 968 0.868198 0.068981 0.037485 0.121296
0 969 0.889661 0.070370 0.032044 0.107407
0 970 0.916566 0.070833 0.035067 0.106481
0 971 0.948912 0.036574 0.034462 0.071296
0 972 0.923519 0.047685 0.032044 0.093519
0 973 0.877570 0.029167 0.029625 0.056481
0 977 0.047763 0.148611 0.037485 0.123148
0 978 0.152358 0.156481 0.041112 0.129630
0 979 0.126663 0.143981 0.039299 0.132407
0 980 0.157497 0.072685 0.032044 0.123148
0 981 0.086457 0.156944 0.035067 0.134259
0 982 0.054111 0.063426 0.032044 0.123148
0 983 0.020254 0.065741 0.036880 0.125926
0 984 0.064994 0.098611 0.040508 0.128704
0 985 0.102177 0.103704 0.041112 0.135185
0 986 0.116687 0.063426 0.036276 0.121296
0 989 0.185611 0.036111 0.036276 0.070370
0 993 0.290206 0.129630 0.037485 0.129630
0 994 0.317110 0.101389 0.036880 0.123148
0 995 0.271765 0.066667 0.029625 0.107407
0 996 0.389359 0.073148 0.036276 0.144444
0 997 0.297461 0.069907 0.037485 0.126852
0 998 0.314389 0.095833 0.032648 0.126852
0 999 0.300786 0.104630 0.024788 0.087037
0 1000 0.489420 0.210648 0.036880 0.143519
0 1001 0.671705 0.228241 0.044740 0.139815
0 1002 0.675635 0.206019 0.033253 0.137963
0 1003 0.477932 0.165741 0.039299 0.127778
0 1004 0.591294 0.110648 0.039903 0.115741
0 1005 0.646010 0.120833 0.039299 0.132407
0 1006 0.801995 0.141204 0.036880 0.126852
0 1007 0.711608 0.110185 0.035067 0.137037
0 1008 0.716445 0.133333 0.035067 0.124074
0 1009 0.664752 0.138889 0.034462 0.124074
0 1010 0.671705 0.050463 0.032648 0.099074
0 1011 0.639359 0.081944 0.041717 0.130556
0 1012 0.636034 0.050926 0.039903 0.100000
0 1013 0.600363 0.052315 0.032648 0.102778
0 1014 0.570435 0.050463 0.034462 0.099074
0 1015 0.527811 0.126389 0.037485 0.132407
0 1016 0.439541 0.096296 0.037485 0.129630
0 1017 0.354897 0.054167 0.031439 0.106481
0 1018 0.490326 0.058333 0.037485 0.114815
0 1019 0.475816 0.080093 0.035067 0.115741
0 1020 0.515719 0.067593 0.032648 0.118519
0 1021 0.429565 0.047222 0.034462 0.092593
0 1022 0.397219 0.034722 0.035067 0.067593
0 1032 0.967956 0.118981 0.038694 0.136111
0 1035 0.294740 0.021759 0.024788 0.041667
0 1036 0.651753 0.203241 0.029021 0.093519
0 1037 0.900846 0.181019 0.030230 0.102778
0 1175 0.363362 0.516204 0.039903 0.149074
0 1197 0.208585 0.321296 0.042322 0.140741
0 1198 0.143894 0.775463 0.050786 0.162037
0 1200 0.107316 0.728241 0.056227 0.173148
0 1206 0.145103 0.738889 0.050786 0.166667
0 1284 0.809553 0.320370 0.042322 0.135185
0 1285 0.838573 0.312037 0.031439 0.120370
0 1306 0.251511 0.625000 0.047158 0.168519
0 1307 0.222491 0.605556 0.042322 0.168519
0 1308 0.361548 0.610185 0.035067 0.151852
0 1325 0.217050 0.536574 0.044740 0.149074
0 1326 0.219770 0.519444 0.036880 0.135185
0 1328 0.185006 0.514352 0.042322 0.139815
0 1329 0.187727 0.477315 0.041717 0.143519
0 1330 0.141475 0.500926 0.044740 0.144444
0 1343 0.363966 0.187037 0.032648 0.129630
0 1344 0.385732 0.185185 0.027811 0.129630
0 1444 0.278114 0.415741 0.044740 0.142593
0 1445 0.271463 0.430093 0.037485 0.139815
0 1501 0.193773 0.931019 0.056227 0.137963
0 1549 0.308041 0.739352 0.041717 0.154630
0 1567 0.400544 0.585185 0.041717 0.140741
0 1592 0.344317 0.662963 0.039299 0.159259
0 1594 0.346433 0.700926 0.042322 0.168519
0 1650 0.420193 0.697685 0.049577 0.149074
0 1653 0.635127 0.743519 0.046554 0.159259
0 1655 0.439541 0.503704 0.035067 0.140741
0 1657 0.425937 0.469907 0.034462 0.132407
0 1716 0.418077 0.550463 0.039299 0.149074
0 1717 0.428356 0.524074 0.032044 0.146296
0 1776 0.238210 0.582407 0.037485 0.140741
0 1777 0.280230 0.564352 0.041717 0.162037
0 1778 0.285973 0.607870 0.038694 0.167593
0 1779 0.516626 0.493519 0.041717 0.150000
0 1780 0.263603 0.376852 0.038694 0.142593
0 1781 0.467956 0.397685 0.041112 0.143519
0 1782 0.281137 0.354630 0.042322 0.151852
0 1799 0.404474 0.418056 0.042322 0.143519
0 1856 0.524184 0.049074 0.031439 0.096296
0 1862 0.468863 0.447222 0.034462 0.135185
0 1863 0.477328 0.535185 0.034462 0.151852
0 1899 0.273277 0.325463 0.037485 0.143519
0 1900 0.643894 0.871296 0.059250 0.187037
0 1901 0.616385 0.870833 0.046554 0.182407
0 1906 0.266626 0.345370 0.032648 0.131481
