0 793 0.499698 0.356481 0.039299 0.140741
0 794 0.515115 0.336574 0.035067 0.126852
0 797 0.642080 0.930093 0.050786 0.139815
0 798 0.589480 0.924537 0.058041 0.150926
0 801 0.570133 0.478241 0.047158 0.154630
0 802 0.589480 0.538426 0.044740 0.149074
0 809 0.915659 0.570370 0.048972 0.172222
0 810 0.625756 0.495370 0.035067 0.131481
0 814 0.980653 0.618056 0.037485 0.156481
0 819 0.567110 0.337037 0.042322 0.157407
0 820 0.454051 0.239352 0.041112 0.154630
0 824 0.636638 0.543981 0.038694 0.167593
0 825 0.650846 0.504167 0.034462 0.139815
0 826 0.636034 0.560185 0.042322 0.151852
0 827 0.672310 0.433796 0.042322 0.149074
0 828 0.862757 0.960648 0.064087 0.076852
0 829 0.677449 0.617593 0.048972 0.172222
0 830 0.610641 0.622222 0.048368 0.179630
0 831 0.679262 0.515741 0.036880 0.151852
0 833 0.535671 0.561574 0.047158 0.158333
0 834 0.728839 0.574537 0.044135 0.158333
0 835 0.485490 0.248148 0.044740 0.157407
0 836 0.702842 0.405556 0.053809 0.162963
0 837 0.754837 0.620370 0.052600 0.175926
0 841 0.824063 0.701389 0.047158 0.175000
0 842 0.785973 0.628241 0.044740 0.145370
0 844 0.695889 0.576389 0.039903 0.154630
0 846 0.979141 0.685185 0.041717 0.159259
0 847 0.959492 0.579167 0.042322 0.145370
0 848 0.652660 0.588426 0.044135 0.160185
0 851 0.862152 0.575463 0.045949 0.149074
0 852 0.874244 0.699537 0.048368 0.178704
0 853 0.716747 0.502315 0.041717 0.156481
0 856 0.542322 0.489815 0.029021 0.114815
0 857 0.599758 0.405556 0.038694 0.140741
0 861 0.069528 0.346759 0.042322 0.110185
0 862 0.573156 0.562500 0.044740 0.171296
0 863 0.568622 0.525000 0.032044 0.124074
0 864 0.645103 0.419907 0.035067 0.137963
0 866 0.834341 0.577778 0.037485 0.120370
0 869 0.451028 0.778241 0.058041 0.173148
0 870 0.405683 0.800000 0.047158 0.168519
0 881 0.018440 0.516204 0.035671 0.145370
0 882 0.049274 0.510648 0.045345 0.160185
0 885 0.313180 0.217130 0.031439 0.128704
0 886 0.383918 0.153704 0.029021 0.107407
0 888 0.022068 0.233333 0.039299 0.129630
0 889 0.123942 0.180093 0.048368 0.137963
0 890 0.018742 0.283333 0.036276 0.140741
0 891 0.094317 0.148148 0.037485 0.140741
0 893 0.211608 0.167130 0.042322 0.145370
0 894 0.185006 0.248148 0.042322 0.157407
0 895 0.253325 0.174074 0.037485 0.135185
0 896 0.515417 0.297685 0.041717 0.149074
0 898 0.430774 0.127315 0.039299 0.132407
0 899 0.421403 0.206481 0.037485 0.129630
0 900 0.577388 0.240741 0.033857 0.138889
0 901 0.586457 0.218519 0.043531 0.146296
0 902 0.562273 0.174537 0.036276 0.134259
0 903 0.593410 0.176389 0.034462 0.130556
0 904 0.473700 0.197222 0.032044 0.124074
0 905 0.647823 0.172685 0.041717 0.149074
0 906 0.674728 0.181019 0.037485 0.149074
0 907 0.669287 0.062037 0.032648 0.116667
0 908 0.495163 0.205556 0.039903 0.135185
0 909 0.513906 0.237963 0.039903 0.162963
0 910 0.547461 0.234259 0.036880 0.129630
0 911 0.545949 0.262037 0.042322 0.140741
0 912 0.569226 0.277778 0.039299 0.140741
0 913 0.657195 0.277315 0.043531 0.147222
0 914 0.685611 0.289815 0.035067 0.129630
0 915 0.712515 0.298611 0.039299 0.137963
0 916 0.905079 0.300000 0.043531 0.150000
0 917 0.715538 0.341204 0.041717 0.143519
0 918 0.773277 0.541204 0.042322 0.152778
0 919 0.793833 0.528241 0.044740 0.165741
0 920 0.776904 0.361574 0.039903 0.139815
0 921 0.838573 0.460185 0.045949 0.151852
0 922 0.781741 0.421759 0.043531 0.165741
0 924 0.981258 0.215741 0.036276 0.151852
0 925 0.961608 0.171296 0.044135 0.131481
0 926 0.954958 0.222685 0.032044 0.115741
0 928 0.884220 0.580556 0.044135 0.142593
0 931 0.983374 0.474074 0.032044 0.153704
0 932 0.880290 0.250926 0.037485 0.129630
0 933 0.918984 0.261574 0.037485 0.115741
0 934 0.955562 0.474537 0.046554 0.137963
0 936 0.954655 0.416204 0.044740 0.154630
0 937 0.917170 0.418056 0.048368 0.167593
0 938 0.894800 0.227778 0.039903 0.146296
0 939 0.900242 0.212500 0.029021 0.115741
0 940 0.957074 0.663426 0.032648 0.095370
0 941 0.882104 0.103241 0.039903 0.121296
0 942 0.450423 0.081481 0.042322 0.135185
0 943 0.438634 0.095370 0.032044 0.114815
0 944 0.874244 0.217130 0.029021 0.115741
0 945 0.869710 0.226852 0.029625 0.101852
0 946 0.930169 0.246296 0.032044 0.118519
0 947 0.926844 0.217593 0.032648 0.124074
0 948 0.844015 0.437500 0.042322 0.149074
0 949 0.797158 0.446759 0.036880 0.150926
0 951 0.931378 0.468981 0.075574 0.187963
0 955 0.038089 0.796759 0.055623 0.163889
0 956 0.304111 0.117130 0.041112 0.137963
0 957 0.595224 0.129167 0.046554 0.149074
0 958 0.655985 0.117130 0.035067 0.113889
0 959 0.862757 0.086111 0.037485 0.122222
0 960 0.927751 0.071759 0.035671 0.123148
0 961 0.957074 0.089815 0.041112 0.135185
0 963 0.978839 0.061111 0.041112 0.120370
0 964 0.935308 0.049537 0.035067 0.097222
0 977 0.133615 0.058796 0.037485 0.112037
0 978 0.248791 0.076852 0.041717 0.129630
0 979 0.209794 0.062963 0.035067 0.120370
0 981 0.162031 0.066667 0.035067 0.129630
0 993 0.316808 0.046296 0.037485 0.090741
0 999 0.339480 0.036574 0.024788 0.071296
0 1000 0.405683 0.087037 0.037485 0.140741
0 1001 0.615175 0.104167 0.036880 0.139815
0 1002 0.634522 0.106481 0.033253 0.138889
0 1003 0.442866 0.060185 0.039299 0.116667
0 1004 0.578597 0.036574 0.038694 0.071296
0 1005 0.666868 0.032870 0.039903 0.063889
0 1006 0.889964 0.049074 0.032648 0.096296
0 1007 0.672310 0.050463 0.032648 0.099074
0 1008 0.671705 0.056019 0.035067 0.110185
0 1009 0.646614 0.056481 0.034462 0.111111
0 1015 0.538996 0.033333 0.036880 0.064815
0 1027 0.048972 0.055093 0.037485 0.108333
0 1028 0.072551 0.102778 0.039903 0.140741
0 1029 0.024184 0.083333 0.035067 0.129630
0 1030 0.009674 0.083333 0.018138 0.129630
0 1031 0.006651 0.049537 0.012092 0.097222
0 1036 0.603990 0.090278 0.029021 0.087963
0 1037 0.903869 0.081944 0.030230 0.102778
0 1175 0.370012 0.518056 0.039903 0.149074
0 1197 0.144498 0.370370 0.042322 0.140741
0 1198 0.102177 0.742593 0.047158 0.161111
0 1200 0.061669 0.681019 0.048368 0.176852
0 1206 0.143289 0.716204 0.048368 0.165741
0 1284 0.813180 0.320833 0.042322 0.134259
0 1285 0.840387 0.316204 0.033857 0.123148
0 1306 0.255139 0.626852 0.047158 0.168519
0 1307 0.230048 0.607407 0.040508 0.168519
0 1308 0.354897 0.613426 0.035067 0.150926
0 1325 0.228537 0.541667 0.042322 0.148148
0 1326 0.227932 0.512037 0.037485 0.135185
0 1328 0.188331 0.516204 0.041717 0.139815
0 1329 0.194377 0.481481 0.046554 0.142593
0 1330 0.155381 0.508333 0.039903 0.146296
0 1343 0.364571 0.190741 0.031439 0.129630
0 1344 0.387545 0.188889 0.027811 0.124074
0 1444 0.282346 0.418519 0.044740 0.142593
0 1445 0.272370 0.434259 0.035671 0.140741
0 1501 0.197703 0.931019 0.054414 0.139815
0 1549 0.310157 0.744907 0.042322 0.154630
0 1567 0.340992 0.556481 0.041112 0.144444
0 1592 0.340992 0.668981 0.049577 0.156481
0 1594 0.353990 0.699074 0.041717 0.174074
0 1638 0.715538 0.960185 0.047763 0.079630
0 1640 0.764813 0.966667 0.038694 0.066667
0 1650 0.423216 0.700463 0.049577 0.149074
0 1653 0.638755 0.743519 0.046554 0.150000
0 1655 0.442563 0.500000 0.035067 0.140741
0 1657 0.431378 0.473611 0.034462 0.132407
0 1676 0.100665 0.334722 0.044135 0.150926
0 1716 0.421403 0.552778 0.037485 0.148148
0 1717 0.433797 0.525000 0.032044 0.146296
0 1776 0.241536 0.587963 0.036880 0.140741
0 1777 0.286276 0.563426 0.047763 0.162037
0 1778 0.291415 0.611111 0.039903 0.168519
0 1779 0.403265 0.341667 0.037485 0.137037
0 1780 0.319831 0.371296 0.044740 0.142593
0 1781 0.348247 0.350000 0.039903 0.131481
0 1782 0.307739 0.339815 0.042322 0.151852
0 1799 0.407195 0.422685 0.039299 0.143519
0 1856 0.648126 0.077315 0.032648 0.125000
0 1857 0.619407 0.062037 0.032044 0.112963
0 1862 0.484281 0.517130 0.035067 0.143519
0 1863 0.483978 0.533333 0.036880 0.151852
0 1897 0.982467 0.936574 0.033857 0.128704
0 1899 0.274486 0.326389 0.037485 0.143519
0 1900 0.550786 0.674074 0.051995 0.164815
0 1901 0.525091 0.670370 0.041717 0.162963
0 1906 0.269045 0.365278 0.032648 0.126852
