0 793 0.496070 0.348148 0.039299 0.140741
0 794 0.504232 0.325463 0.035067 0.126852
0 797 0.639057 0.907407 0.050786 0.148148
0 798 0.585248 0.907870 0.055623 0.169444
0 801 0.562273 0.461111 0.050786 0.153704
0 802 0.588271 0.522685 0.044740 0.149074
0 809 0.912636 0.544444 0.056227 0.170370
0 810 0.626965 0.482407 0.035067 0.129630
0 814 0.976723 0.593981 0.045345 0.156481
0 819 0.561669 0.325000 0.042322 0.157407
0 820 0.456469 0.229167 0.042322 0.154630
0 824 0.635429 0.537500 0.038694 0.173148
0 825 0.653265 0.494907 0.034462 0.139815
0 826 0.633918 0.549074 0.041717 0.151852
0 827 0.674728 0.422222 0.042322 0.146296
0 828 0.854293 0.942593 0.056832 0.112963
0 829 0.686820 0.603241 0.049577 0.165741
0 830 0.623640 0.612963 0.048972 0.185185
0 831 0.679262 0.502778 0.036880 0.151852
0 832 0.814994 0.966667 0.035067 0.064815
0 833 0.536880 0.547222 0.047158 0.155556
0 834 0.727630 0.562500 0.044135 0.156481
0 835 0.487304 0.242130 0.044740 0.156481
0 836 0.701935 0.400463 0.051995 0.162037
0 837 0.757557 0.595370 0.050786 0.172222
0 841 0.814994 0.671759 0.047158 0.169444
0 842 0.790206 0.607407 0.043531 0.146296
0 844 0.694075 0.561574 0.039903 0.154630
0 846 0.972491 0.657870 0.044135 0.152778
0 847 0.952237 0.559259 0.042322 0.146296
0 848 0.659008 0.581481 0.044740 0.151852
0 851 0.861245 0.558796 0.046554 0.149074
0 852 0.866989 0.663889 0.048368 0.174074
0 853 0.713724 0.492130 0.041717 0.156481
0 856 0.532044 0.477778 0.030230 0.114815
0 857 0.599456 0.396296 0.039299 0.140741
0 861 0.088573 0.332407 0.039299 0.109259
0 862 0.576179 0.549537 0.044740 0.171296
0 863 0.563180 0.507407 0.032044 0.124074
0 864 0.646312 0.396296 0.035067 0.135185
0 866 0.832527 0.558796 0.037485 0.119444
0 869 0.392382 0.775463 0.043531 0.171296
0 870 0.347944 0.786574 0.036880 0.167593
0 881 0.019045 0.493056 0.036880 0.145370
0 882 0.048670 0.488426 0.045345 0.160185
0 884 0.007255 0.200000 0.013301 0.129630
0 885 0.291415 0.220370 0.032648 0.124074
0 886 0.357618 0.162963 0.032044 0.116667
0 887 0.004232 0.273611 0.007255 0.126852
0 888 0.033253 0.223148 0.039903 0.129630
0 889 0.128476 0.156944 0.048972 0.137963
0 890 0.032648 0.268981 0.043531 0.134259
0 891 0.104897 0.136574 0.035671 0.132407
0 893 0.220677 0.156019 0.042322 0.145370
0 894 0.200121 0.231019 0.042322 0.150926
0 895 0.266626 0.168519 0.037485 0.135185
0 896 0.496675 0.285185 0.041717 0.146296
0 898 0.427449 0.113426 0.039903 0.132407
0 899 0.421403 0.195370 0.037485 0.129630
0 900 0.576179 0.231019 0.033857 0.137963
0 901 0.583434 0.205556 0.043531 0.146296
0 902 0.560459 0.169907 0.036276 0.134259
0 903 0.590085 0.158333 0.035067 0.127778
0 904 0.471886 0.190741 0.032044 0.124074
0 905 0.639661 0.150926 0.041112 0.140741
0 906 0.668077 0.161574 0.037485 0.149074
0 907 0.662031 0.058796 0.032648 0.115741
0 908 0.495163 0.198148 0.039903 0.135185
0 909 0.512696 0.231481 0.039903 0.162963
0 910 0.547461 0.228704 0.036880 0.129630
0 911 0.548065 0.255093 0.041717 0.139815
0 912 0.573761 0.268519 0.039903 0.140741
0 913 0.658404 0.261111 0.043531 0.144444
0 914 0.684401 0.273611 0.036276 0.128704
0 915 0.717956 0.288426 0.039299 0.137963
0 916 0.894498 0.281019 0.041717 0.152778
0 917 0.713724 0.327315 0.041717 0.143519
0 918 0.772672 0.511111 0.042322 0.144444
0 919 0.792019 0.498611 0.043531 0.163889
0 920 0.769952 0.347222 0.038089 0.142593
0 921 0.830713 0.442130 0.039903 0.150926
0 922 0.785067 0.404167 0.044135 0.165741
0 924 0.978235 0.199537 0.038694 0.150926
0 925 0.952539 0.156481 0.044135 0.131481
0 926 0.950726 0.206019 0.032044 0.115741
0 928 0.889964 0.562037 0.038694 0.142593
0 931 0.982467 0.451852 0.033857 0.153704
0 932 0.879988 0.241667 0.036880 0.129630
0 933 0.914148 0.251389 0.037485 0.115741
0 934 0.951028 0.458796 0.047158 0.137963
0 936 0.952539 0.388426 0.044135 0.145370
0 937 0.919589 0.397685 0.048368 0.167593
0 938 0.887545 0.216667 0.039903 0.146296
0 939 0.893591 0.203241 0.029021 0.113889
0 940 0.949819 0.639352 0.032648 0.095370
0 941 0.884522 0.091204 0.039903 0.121296
0 942 0.435913 0.075926 0.042322 0.135185
0 943 0.427751 0.081944 0.032044 0.110185
0 944 0.866385 0.208796 0.029021 0.115741
0 945 0.863059 0.226852 0.029625 0.101852
0 946 0.925635 0.237500 0.031439 0.121296
0 947 0.914148 0.212500 0.031439 0.121296
0 948 0.836155 0.420833 0.042322 0.149074
0 949 0.792926 0.433796 0.036880 0.150926
0 951 0.925937 0.445833 0.079202 0.199074
0 955 0.013603 0.774074 0.025998 0.162963
0 956 0.308948 0.101389 0.041112 0.137963
0 957 0.578900 0.114352 0.046554 0.149074
0 958 0.646312 0.108333 0.035067 0.112963
0 959 0.868803 0.078704 0.036276 0.122222
0 960 0.928053 0.066204 0.035067 0.121296
0 961 0.959492 0.082407 0.042322 0.135185
0 963 0.978839 0.054167 0.041112 0.106481
0 964 0.933495 0.043981 0.035067 0.086111
0 977 0.145707 0.053241 0.037485 0.104630
0 978 0.256651 0.063889 0.041717 0.124074
0 979 0.218259 0.054630 0.035067 0.107407
0 981 0.174123 0.060648 0.035067 0.119444
0 999 0.342503 0.031481 0.024788 0.061111
0 1000 0.399335 0.072222 0.039299 0.131481
0 1001 0.600665 0.093981 0.036880 0.139815
0 1002 0.622128 0.095370 0.033857 0.138889
0 1003 0.444982 0.053704 0.039903 0.105556
0 1004 0.583132 0.028241 0.039299 0.054630
0 1005 0.678960 0.031944 0.039903 0.062037
0 1006 0.897219 0.039815 0.032648 0.077778
0 1007 0.669589 0.043056 0.032044 0.084259
0 1008 0.666264 0.050463 0.035067 0.099074
0 1009 0.640871 0.051389 0.035067 0.100926
0 1027 0.064087 0.048611 0.037485 0.095370
0 1028 0.082830 0.084259 0.039903 0.140741
0 1029 0.037183 0.072222 0.034462 0.129630
0 1030 0.016324 0.069907 0.031439 0.125000
0 1031 0.013603 0.046296 0.025998 0.090741
0 1036 0.593108 0.085185 0.029021 0.087037
0 1037 0.907497 0.072685 0.030230 0.102778
0 1175 0.369407 0.519907 0.039903 0.149074
0 1197 0.133011 0.384259 0.042322 0.140741
0 1198 0.090085 0.731019 0.047158 0.165741
0 1200 0.055320 0.664352 0.045345 0.173148
0 1206 0.131197 0.712037 0.053204 0.161111
0 1284 0.813180 0.323611 0.042322 0.134259
0 1285 0.839178 0.318519 0.033857 0.124074
0 1306 0.255744 0.628704 0.047158 0.168519
0 1307 0.230955 0.607407 0.039903 0.168519
0 1308 0.354897 0.615278 0.035067 0.149074
0 1325 0.228839 0.543056 0.041717 0.149074
0 1326 0.227932 0.515741 0.037485 0.135185
0 1328 0.188331 0.518981 0.041717 0.139815
0 1329 0.194377 0.484259 0.046554 0.142593
0 1330 0.154172 0.511111 0.039903 0.144444
0 1343 0.364571 0.193519 0.031439 0.129630
0 1344 0.389359 0.190741 0.027811 0.124074
0 1444 0.280230 0.420833 0.044135 0.143519
0 1445 0.272672 0.437963 0.035067 0.140741
0 1501 0.197098 0.931481 0.055623 0.137037
0 1549 0.310157 0.746759 0.042322 0.154630
0 1567 0.333736 0.559259 0.039903 0.146296
0 1592 0.340387 0.670833 0.050786 0.156481
0 1594 0.352781 0.700926 0.041717 0.174074
0 1638 0.703748 0.952778 0.053204 0.094444
0 1640 0.764813 0.957870 0.038694 0.084259
0 1650 0.422612 0.703241 0.049577 0.149074
0 1653 0.637243 0.746759 0.044740 0.147222
0 1655 0.444680 0.504630 0.034462 0.140741
0 1657 0.431378 0.473611 0.034462 0.132407
0 1676 0.117896 0.320370 0.044740 0.151852
0 1716 0.420798 0.553704 0.037485 0.148148
0 1717 0.433797 0.528704 0.032044 0.146296
0 1776 0.241536 0.589815 0.036880 0.140741
0 1777 0.286880 0.565278 0.046554 0.162037
0 1778 0.290810 0.613889 0.039903 0.168519
0 1779 0.385429 0.337963 0.036880 0.137037
0 1780 0.317412 0.373148 0.044740 0.142593
0 1781 0.342201 0.358333 0.039903 0.131481
0 1782 0.308343 0.343519 0.042322 0.151852
0 1799 0.407195 0.425463 0.039299 0.143519
0 1856 0.661125 0.083333 0.033253 0.124074
0 1857 0.629081 0.066667 0.032044 0.114815
0 1862 0.483676 0.519444 0.035067 0.142593
0 1863 0.482467 0.535185 0.037485 0.151852
0 1897 0.971886 0.916204 0.048972 0.158333
0 1899 0.267231 0.329167 0.037485 0.143519
0 1900 0.545042 0.651389 0.052600 0.165741
0 1901 0.522975 0.645833 0.042322 0.165741
0 1906 0.269045 0.373611 0.032648 0.126852
0 1913 0.668077 0.973611 0.045949 0.052778
