0 793 0.507860 0.362037 0.039903 0.140741
0 794 0.521161 0.344907 0.035067 0.126852
0 797 0.648730 0.948611 0.047158 0.102778
0 798 0.589782 0.943519 0.058646 0.112963
0 801 0.577690 0.503704 0.046554 0.161111
0 802 0.589480 0.557870 0.044740 0.149074
0 809 0.923519 0.604167 0.048972 0.178704
0 810 0.626058 0.513889 0.034462 0.135185
0 819 0.571342 0.350926 0.042322 0.157407
0 820 0.454051 0.244907 0.041112 0.154630
0 824 0.641475 0.552778 0.038694 0.159259
0 825 0.650242 0.518056 0.034462 0.139815
0 826 0.642080 0.576852 0.042322 0.151852
0 827 0.668682 0.449537 0.042322 0.149074
0 829 0.666868 0.633333 0.048368 0.174074
0 830 0.592503 0.646296 0.049577 0.185185
0 831 0.681983 0.525000 0.037485 0.151852
0 833 0.531741 0.581019 0.046554 0.160185
0 834 0.729444 0.593519 0.048972 0.159259
0 835 0.487001 0.254630 0.044135 0.157407
0 836 0.703446 0.420370 0.053809 0.162963
0 837 0.756348 0.650463 0.054414 0.171296
0 841 0.835550 0.746759 0.047158 0.176852
0 842 0.786276 0.661574 0.046554 0.149074
0 844 0.693470 0.591204 0.039903 0.154630
0 847 0.970979 0.608796 0.042322 0.145370
0 848 0.639661 0.611574 0.044740 0.154630
0 851 0.859734 0.595833 0.045949 0.149074
0 852 0.888150 0.735185 0.048368 0.174074
0 853 0.717050 0.517130 0.042322 0.156481
0 856 0.555623 0.508333 0.029021 0.114815
0 857 0.600363 0.413889 0.038694 0.140741
0 861 0.047461 0.365278 0.041717 0.110185
0 862 0.568924 0.576852 0.043531 0.172222
0 863 0.572249 0.547222 0.032044 0.124074
0 864 0.645103 0.443056 0.035067 0.150926
0 866 0.834946 0.610185 0.042322 0.120370
0 869 0.543229 0.786574 0.059855 0.173148
0 870 0.484281 0.819907 0.077388 0.167593
0 881 0.018440 0.540741 0.035671 0.146296
0 882 0.043229 0.534722 0.044135 0.160185
0 885 0.342503 0.218519 0.036880 0.129630
0 886 0.425635 0.153704 0.029021 0.101852
0 888 0.013603 0.248148 0.025998 0.131481
0 889 0.118501 0.198611 0.047158 0.141667
0 890 0.004232 0.300463 0.007255 0.139815
0 891 0.075272 0.152315 0.040508 0.132407
0 893 0.190447 0.177315 0.042322 0.145370
0 894 0.164752 0.272222 0.041717 0.157407
0 895 0.228537 0.187963 0.037485 0.135185
0 896 0.535369 0.313426 0.041717 0.149074
0 898 0.447400 0.134722 0.039903 0.132407
0 899 0.427751 0.226852 0.036880 0.129630
0 900 0.568017 0.255093 0.034462 0.141667
0 901 0.593108 0.234259 0.043531 0.150000
0 902 0.568017 0.194907 0.036880 0.141667
0 903 0.596735 0.201389 0.033857 0.132407
0 904 0.473700 0.206481 0.032044 0.124074
0 905 0.659915 0.201852 0.041717 0.157407
0 906 0.690145 0.200926 0.036880 0.150000
0 907 0.677449 0.070370 0.032044 0.116667
0 908 0.500000 0.215741 0.039903 0.135185
0 909 0.510883 0.248148 0.039903 0.162963
0 910 0.544740 0.246296 0.037485 0.133333
0 911 0.543833 0.271296 0.041717 0.140741
0 912 0.562273 0.286574 0.039903 0.134259
0 913 0.653567 0.296759 0.043531 0.150926
0 914 0.683192 0.313426 0.035067 0.128704
0 915 0.710097 0.319444 0.039299 0.140741
0 916 0.912334 0.323148 0.043531 0.151852
0 917 0.717352 0.358796 0.041717 0.143519
0 918 0.769649 0.584722 0.042322 0.160185
0 919 0.790810 0.563889 0.044740 0.164815
0 920 0.782950 0.387037 0.041112 0.144444
0 921 0.854293 0.470370 0.048368 0.151852
0 922 0.779323 0.444444 0.043531 0.164815
0 924 0.983676 0.236574 0.031439 0.150926
0 925 0.973096 0.187500 0.042926 0.132407
0 926 0.959190 0.243981 0.032044 0.115741
0 928 0.887243 0.614815 0.044135 0.148148
0 931 0.982769 0.498148 0.033253 0.153704
0 932 0.884522 0.259259 0.037485 0.133333
0 933 0.924728 0.274537 0.036880 0.115741
0 934 0.955865 0.506019 0.045949 0.137963
0 936 0.953446 0.446759 0.044740 0.154630
0 937 0.919891 0.447685 0.046554 0.167593
0 938 0.901149 0.238889 0.039299 0.146296
0 939 0.906590 0.226389 0.029625 0.115741
0 940 0.963724 0.694907 0.032648 0.095370
0 941 0.880895 0.116667 0.038694 0.120370
0 942 0.469166 0.083333 0.042322 0.135185
0 943 0.452237 0.107870 0.032648 0.115741
0 944 0.880593 0.227315 0.029625 0.115741
0 945 0.874547 0.237963 0.029625 0.101852
0 946 0.930169 0.256481 0.033253 0.120370
0 947 0.933495 0.232407 0.032648 0.124074
0 948 0.853083 0.462500 0.042322 0.149074
0 949 0.798368 0.464352 0.036880 0.150926
0 951 0.939541 0.505556 0.074970 0.179630
0 954 0.027509 0.778241 0.053809 0.171296
0 955 0.092201 0.831019 0.052600 0.167593
0 956 0.294438 0.136574 0.041112 0.137963
0 957 0.611245 0.157870 0.045949 0.149074
0 958 0.664148 0.131944 0.034462 0.115741
0 959 0.858525 0.097685 0.037485 0.126852
0 960 0.922914 0.090741 0.038089 0.124074
0 961 0.957678 0.106481 0.042322 0.138889
0 963 0.976421 0.068519 0.041112 0.135185
0 964 0.940145 0.053704 0.035067 0.103704
0 965 0.963724 0.031481 0.035067 0.061111
0 967 0.926542 0.040278 0.036880 0.078704
0 977 0.116989 0.072685 0.036880 0.115741
0 978 0.236397 0.090741 0.042322 0.129630
0 979 0.190750 0.074537 0.034462 0.126852
0 981 0.149335 0.077778 0.035067 0.135185
0 993 0.316505 0.052778 0.036880 0.103704
0 994 0.360641 0.045833 0.036880 0.089815
0 999 0.340085 0.043056 0.024788 0.082407
0 1000 0.413543 0.106944 0.037485 0.143519
0 1001 0.632104 0.118056 0.039299 0.139815
0 1002 0.642987 0.114815 0.033253 0.138889
0 1003 0.441959 0.073148 0.039903 0.124074
0 1004 0.571947 0.045370 0.038694 0.088889
0 1005 0.653567 0.042593 0.039903 0.083333
0 1006 0.880290 0.060648 0.032648 0.113889
0 1007 0.677751 0.059722 0.032648 0.117593
0 1008 0.678960 0.061111 0.035067 0.114815
0 1009 0.651149 0.067593 0.035067 0.120370
0 1011 0.678053 0.029630 0.041717 0.057407
0 1015 0.535973 0.042130 0.036880 0.082407
0 1027 0.028718 0.061111 0.036880 0.120370
0 1028 0.052297 0.129167 0.040508 0.139815
0 1029 0.013301 0.106481 0.025393 0.129630
0 1032 0.978235 0.039352 0.035067 0.076852
0 1036 0.619710 0.095833 0.029021 0.087963
0 1037 0.899033 0.095833 0.030230 0.102778
0 1175 0.370012 0.515278 0.039903 0.149074
0 1197 0.154776 0.350000 0.042322 0.140741
0 1198 0.112757 0.762963 0.048972 0.164815
0 1200 0.078597 0.697685 0.048368 0.176852
0 1206 0.153567 0.730556 0.045949 0.168519
0 1284 0.812576 0.319907 0.042322 0.134259
0 1285 0.842805 0.312500 0.033857 0.123148
0 1306 0.255139 0.623148 0.047158 0.168519
0 1307 0.227932 0.607407 0.041112 0.168519
0 1308 0.356106 0.611111 0.035067 0.151852
0 1325 0.228537 0.537963 0.042322 0.148148
0 1326 0.227932 0.509259 0.037485 0.135185
0 1328 0.188331 0.514352 0.041717 0.139815
0 1329 0.196191 0.476852 0.046554 0.142593
0 1330 0.153567 0.505093 0.041112 0.149074
0 1343 0.364571 0.186111 0.031439 0.129630
0 1344 0.386941 0.185185 0.026602 0.124074
0 1444 0.282950 0.412963 0.044740 0.142593
0 1445 0.272068 0.430556 0.036276 0.140741
0 1501 0.198005 0.931019 0.056227 0.139815
0 1549 0.310762 0.742130 0.042322 0.154630
0 1567 0.353386 0.552778 0.044135 0.140741
0 1592 0.341898 0.667130 0.047763 0.156481
0 1594 0.353990 0.699537 0.041717 0.171296
0 1638 0.725212 0.969907 0.042926 0.058333
0 1650 0.423216 0.695833 0.049577 0.149074
0 1653 0.641173 0.737500 0.046554 0.154630
0 1655 0.441959 0.498148 0.035067 0.140741
0 1657 0.431378 0.470833 0.034462 0.132407
0 1676 0.082225 0.350463 0.050786 0.150926
0 1716 0.422007 0.551852 0.038694 0.148148
0 1717 0.433797 0.523148 0.032044 0.146296
0 1776 0.241536 0.586111 0.036880 0.140741
0 1777 0.286276 0.561574 0.048972 0.162037
0 1778 0.291415 0.609259 0.039903 0.168519
0 1779 0.428356 0.358333 0.038089 0.142593
0 1780 0.316203 0.369444 0.042322 0.142593
0 1781 0.354897 0.340741 0.039903 0.131481
0 1782 0.306832 0.337963 0.041717 0.151852
0 1799 0.407195 0.419907 0.039299 0.143519
0 1856 0.634220 0.070833 0.032648 0.125000
0 1857 0.609129 0.055556 0.032044 0.109259
0 1862 0.486397 0.511574 0.034462 0.143519
0 1863 0.486397 0.530556 0.036880 0.151852
0 1899 0.277509 0.323611 0.037485 0.143519
0 1900 0.563482 0.697685 0.050786 0.165741
0 1901 0.537787 0.702778 0.044135 0.168519
0 1906 0.260883 0.352315 0.032044 0.126852
