0 793 0.495466 0.346296 0.039299 0.140741
0 794 0.502418 0.322685 0.035067 0.126852
0 797 0.638452 0.900926 0.050786 0.150000
0 798 0.583736 0.902315 0.055018 0.171296
0 801 0.560157 0.457407 0.051391 0.153704
0 802 0.587666 0.518981 0.044740 0.149074
0 809 0.911427 0.538426 0.057437 0.169444
0 810 0.627570 0.479630 0.035067 0.129630
0 814 0.975816 0.588426 0.045949 0.156481
0 819 0.559855 0.322222 0.042322 0.157407
0 820 0.457678 0.227315 0.042322 0.154630
0 824 0.634220 0.534722 0.038694 0.173148
0 825 0.653869 0.493056 0.034462 0.139815
0 826 0.633313 0.546296 0.041717 0.151852
0 827 0.675333 0.419907 0.042322 0.145370
0 828 0.851874 0.937963 0.055623 0.122222
0 829 0.687424 0.600463 0.049577 0.165741
0 830 0.626058 0.609259 0.048972 0.185185
0 831 0.679565 0.499074 0.037485 0.151852
0 832 0.813180 0.962037 0.036276 0.075926
0 833 0.537485 0.543981 0.047158 0.154630
0 834 0.727328 0.558796 0.044740 0.156481
0 835 0.487001 0.238889 0.044135 0.155556
0 836 0.701330 0.398611 0.051995 0.162037
0 837 0.759371 0.591204 0.050786 0.171296
0 841 0.813180 0.664815 0.047158 0.168519
0 842 0.791415 0.601852 0.043531 0.146296
0 844 0.693470 0.557870 0.039903 0.154630
0 846 0.970677 0.651389 0.044135 0.149074
0 847 0.950423 0.554630 0.042322 0.146296
0 848 0.660822 0.579630 0.044740 0.151852
0 851 0.859432 0.553241 0.046554 0.149074
0 852 0.863966 0.656944 0.048368 0.171296
0 853 0.713120 0.489352 0.041717 0.156481
0 856 0.530230 0.473148 0.030230 0.114815
0 857 0.600060 0.393519 0.039299 0.140741
0 861 0.093410 0.329630 0.038089 0.109259
0 862 0.576784 0.548611 0.044740 0.171296
0 863 0.561971 0.502778 0.032044 0.124074
0 864 0.646917 0.389815 0.035067 0.135185
0 866 0.832527 0.554167 0.037485 0.117593
0 869 0.377267 0.774074 0.055623 0.172222
0 870 0.334643 0.784722 0.051391 0.167593
0 881 0.019347 0.486574 0.037485 0.145370
0 882 0.048670 0.482870 0.045345 0.160185
0 884 0.009069 0.197222 0.016929 0.129630
0 885 0.285067 0.222222 0.035671 0.124074
0 886 0.350967 0.164815 0.033253 0.120370
0 887 0.007255 0.270833 0.013301 0.126852
0 888 0.036880 0.219444 0.039903 0.129630
0 889 0.131802 0.154167 0.048368 0.137963
0 890 0.036880 0.267130 0.043531 0.134259
0 891 0.110036 0.133333 0.035067 0.133333
0 893 0.221886 0.154167 0.042322 0.145370
0 894 0.204051 0.226852 0.041717 0.148148
0 895 0.270254 0.167593 0.037485 0.135185
0 896 0.492443 0.280556 0.041717 0.144444
0 898 0.427449 0.109722 0.039903 0.132407
0 899 0.420193 0.191667 0.037485 0.129630
0 900 0.575574 0.228241 0.033857 0.137963
0 901 0.582225 0.202778 0.043531 0.146296
0 902 0.560459 0.168981 0.036276 0.134259
0 903 0.589480 0.154167 0.035067 0.126852
0 904 0.471282 0.189815 0.032044 0.124074
0 905 0.639057 0.145370 0.041112 0.140741
0 906 0.666868 0.156019 0.037485 0.149074
0 907 0.659613 0.058333 0.032648 0.114815
0 908 0.495163 0.197222 0.039903 0.135185
0 909 0.512696 0.229630 0.039903 0.162963
0 910 0.547461 0.227778 0.036880 0.129630
0 911 0.548972 0.252315 0.042322 0.139815
0 912 0.573156 0.268519 0.039903 0.140741
0 913 0.658404 0.256481 0.043531 0.144444
0 914 0.684099 0.269444 0.036880 0.129630
0 915 0.718863 0.283796 0.038694 0.137963
0 916 0.891778 0.276852 0.041112 0.153704
0 917 0.712515 0.324537 0.041717 0.143519
0 918 0.770556 0.505093 0.041717 0.143519
0 919 0.791415 0.491204 0.043531 0.162037
0 920 0.767836 0.344444 0.037485 0.142593
0 921 0.829504 0.438426 0.039903 0.150926
0 922 0.784462 0.400463 0.044135 0.165741
0 924 0.977630 0.196296 0.038694 0.150000
0 925 0.950726 0.151852 0.044135 0.131481
0 926 0.949516 0.202315 0.032044 0.115741
0 928 0.891173 0.556481 0.036276 0.142593
0 931 0.981862 0.447222 0.035067 0.153704
0 932 0.879383 0.238889 0.036880 0.129630
0 933 0.912938 0.248611 0.037485 0.115741
0 934 0.949214 0.455093 0.047158 0.137963
0 935 0.985187 0.391204 0.029625 0.143519
0 936 0.952237 0.382407 0.043531 0.144444
0 937 0.920798 0.392593 0.048368 0.166667
0 938 0.886336 0.214815 0.039903 0.146296
0 939 0.891778 0.200926 0.029021 0.112963
0 940 0.948005 0.632870 0.032648 0.095370
0 941 0.885732 0.088426 0.039903 0.121296
0 942 0.432285 0.074074 0.042322 0.135185
0 943 0.424426 0.080093 0.032648 0.110185
0 944 0.864268 0.206944 0.029625 0.115741
0 945 0.861245 0.226852 0.029625 0.101852
0 946 0.924426 0.235648 0.031439 0.121296
0 947 0.911125 0.211574 0.031439 0.121296
0 948 0.834341 0.417130 0.042322 0.149074
0 949 0.791717 0.430093 0.036880 0.150926
0 951 0.925030 0.440278 0.079807 0.200926
0 955 0.008162 0.769444 0.015115 0.162963
0 956 0.310157 0.097685 0.041112 0.137963
0 957 0.574970 0.111574 0.045949 0.149074
0 958 0.642684 0.105556 0.035067 0.112963
0 959 0.870314 0.076852 0.035671 0.122222
0 960 0.928053 0.065278 0.035067 0.121296
0 961 0.960097 0.080556 0.042322 0.135185
0 963 0.979141 0.052315 0.040508 0.102778
0 964 0.933495 0.041667 0.035067 0.081481
0 977 0.148126 0.052315 0.037485 0.102778
0 978 0.257255 0.061111 0.041717 0.120370
0 979 0.221282 0.052778 0.035067 0.103704
0 981 0.177146 0.058796 0.035067 0.115741
0 1000 0.399033 0.067130 0.039903 0.126852
0 1001 0.596131 0.092130 0.037485 0.139815
0 1002 0.619105 0.093519 0.033857 0.138889
0 1003 0.445586 0.052315 0.039903 0.102778
0 1004 0.584341 0.025926 0.039299 0.050000
0 1006 0.898428 0.037500 0.032648 0.073148
0 1007 0.667170 0.040741 0.032044 0.079630
0 1008 0.665054 0.048611 0.035067 0.095370
0 1009 0.639057 0.050926 0.035067 0.100000
0 1027 0.068319 0.047222 0.037485 0.092593
0 1028 0.085248 0.079630 0.039903 0.140741
0 1029 0.041112 0.068981 0.035067 0.126852
0 1030 0.017836 0.066667 0.034462 0.124074
0 1031 0.015115 0.045370 0.029021 0.088889
0 1036 0.591596 0.081481 0.029625 0.085185
0 1037 0.908102 0.069907 0.030230 0.102778
0 1175 0.369407 0.519907 0.039903 0.149074
0 1197 0.128779 0.386111 0.042322 0.140741
0 1198 0.086457 0.728241 0.047158 0.165741
0 1200 0.055623 0.660648 0.045949 0.169444
0 1206 0.126965 0.707407 0.051995 0.159259
0 1284 0.813180 0.324537 0.042322 0.134259
0 1285 0.838573 0.319444 0.033857 0.124074
0 1306 0.255744 0.629630 0.047158 0.168519
0 1307 0.230955 0.607407 0.039903 0.168519
0 1308 0.354897 0.615278 0.035067 0.149074
0 1325 0.228839 0.543981 0.041717 0.149074
0 1326 0.227932 0.515741 0.037485 0.135185
0 1328 0.188331 0.518981 0.041717 0.139815
0 1329 0.194377 0.484259 0.046554 0.142593
0 1330 0.154172 0.512500 0.039903 0.143519
0 1343 0.364571 0.194444 0.031439 0.129630
0 1344 0.389359 0.190741 0.027811 0.124074
0 1444 0.279625 0.420833 0.044135 0.143519
0 1445 0.272068 0.437037 0.035067 0.140741
0 1501 0.196796 0.931944 0.055018 0.136111
0 1549 0.310157 0.746759 0.042322 0.154630
0 1567 0.332830 0.558333 0.039299 0.146296
0 1592 0.340085 0.670833 0.051391 0.156481
0 1594 0.352177 0.701852 0.041717 0.174074
0 1638 0.702842 0.950926 0.053809 0.098148
0 1640 0.764813 0.955556 0.038694 0.088889
0 1650 0.422612 0.704167 0.049577 0.149074
0 1653 0.636638 0.746759 0.043531 0.147222
0 1655 0.445284 0.505556 0.034462 0.140741
0 1657 0.431378 0.473611 0.034462 0.132407
0 1676 0.122128 0.317130 0.044740 0.150926
0 1716 0.420798 0.553704 0.037485 0.148148
0 1717 0.433797 0.529630 0.032044 0.146296
0 1776 0.241536 0.590741 0.036880 0.140741
0 1777 0.287183 0.565278 0.045949 0.162037
0 1778 0.290206 0.613889 0.039903 0.168519
0 1779 0.379988 0.336574 0.036880 0.136111
0 1780 0.316808 0.373148 0.044740 0.142593
0 1781 0.341596 0.360185 0.039903 0.131481
0 1782 0.308343 0.344444 0.042322 0.151852
0 1799 0.407195 0.425463 0.039299 0.143519
0 1856 0.665357 0.085648 0.033253 0.125000
0 1857 0.633313 0.067593 0.032044 0.114815
0 1862 0.483676 0.519444 0.035067 0.142593
0 1863 0.482467 0.536111 0.037485 0.151852
0 1897 0.967050 0.907407 0.051391 0.161111
0 1899 0.265417 0.329167 0.037485 0.143519
0 1900 0.544740 0.648148 0.051995 0.166667
0 1901 0.521765 0.640278 0.042322 0.165741
0 1906 0.269045 0.375463 0.032648 0.126852
0 1913 0.665659 0.969444 0.047158 0.061111
