0 793 0.509674 0.363889 0.039903 0.140741
0 794 0.522370 0.347685 0.035067 0.126852
0 797 0.649940 0.952315 0.047158 0.095370
0 798 0.590992 0.946759 0.058646 0.106481
0 801 0.579202 0.508796 0.047158 0.162037
0 802 0.589480 0.562500 0.044740 0.149074
0 809 0.923821 0.610648 0.049577 0.180556
0 810 0.626058 0.517593 0.034462 0.135185
0 819 0.571342 0.353704 0.042322 0.157407
0 820 0.454051 0.244907 0.041112 0.154630
0 824 0.643289 0.555093 0.038694 0.156481
0 825 0.651451 0.520833 0.034462 0.139815
0 826 0.643289 0.579630 0.042322 0.151852
0 827 0.668077 0.453241 0.042322 0.149074
0 829 0.663241 0.636111 0.048368 0.174074
0 830 0.588573 0.652315 0.048972 0.186111
0 831 0.682588 0.527778 0.037485 0.151852
0 833 0.531741 0.585648 0.046554 0.160185
0 834 0.729746 0.598148 0.049577 0.159259
0 835 0.487908 0.256481 0.044740 0.157407
0 836 0.703446 0.423611 0.053809 0.163889
0 837 0.756953 0.656944 0.054414 0.171296
0 841 0.837969 0.749537 0.047158 0.176852
0 842 0.787183 0.668519 0.047158 0.150000
0 844 0.692866 0.594907 0.039903 0.154630
0 847 0.973096 0.614352 0.041717 0.145370
0 848 0.637848 0.614815 0.044740 0.153704
0 851 0.859734 0.600463 0.045949 0.149074
0 852 0.891173 0.742130 0.049577 0.173148
0 853 0.716747 0.519907 0.042926 0.156481
0 856 0.558041 0.512963 0.029021 0.114815
0 857 0.600363 0.413889 0.038694 0.140741
0 861 0.043229 0.366204 0.041717 0.110185
0 862 0.567715 0.579630 0.043531 0.172222
0 863 0.572249 0.550926 0.032044 0.124074
0 864 0.642684 0.445833 0.035067 0.150926
0 866 0.834946 0.614815 0.042322 0.120370
0 869 0.557739 0.788426 0.070738 0.171296
0 870 0.497279 0.819907 0.062273 0.167593
0 881 0.018138 0.546759 0.035067 0.147222
0 882 0.042019 0.539352 0.044135 0.160185
0 885 0.347944 0.218519 0.036880 0.129630
0 886 0.432890 0.157407 0.029021 0.105556
0 888 0.012092 0.251389 0.022975 0.132407
0 889 0.117896 0.203704 0.045949 0.144444
0 890 0.003325 0.303704 0.005441 0.137037
0 891 0.070133 0.154630 0.038694 0.133333
0 893 0.186820 0.178241 0.042322 0.145370
0 894 0.160520 0.276852 0.041717 0.157407
0 895 0.224305 0.190741 0.037485 0.135185
0 896 0.538089 0.317130 0.041112 0.149074
0 898 0.452842 0.136574 0.039903 0.132407
0 899 0.425937 0.230556 0.038089 0.129630
0 900 0.566808 0.257407 0.035671 0.142593
0 901 0.594317 0.237037 0.043531 0.150000
0 902 0.569528 0.199537 0.037485 0.143519
0 903 0.596735 0.206944 0.033857 0.132407
0 904 0.473700 0.207407 0.032044 0.124074
0 905 0.662031 0.207407 0.042322 0.159259
0 906 0.693168 0.205556 0.036880 0.151852
0 907 0.678658 0.073148 0.032044 0.116667
0 908 0.499395 0.218519 0.039903 0.135185
0 909 0.510278 0.250000 0.039903 0.162963
0 910 0.544135 0.249074 0.037485 0.135185
0 911 0.542019 0.274074 0.041717 0.140741
0 912 0.561064 0.287963 0.039903 0.133333
0 913 0.653567 0.300463 0.043531 0.150926
0 914 0.682588 0.318981 0.035067 0.128704
0 915 0.710399 0.324537 0.039903 0.141667
0 916 0.912334 0.327778 0.043531 0.151852
0 917 0.718561 0.361574 0.041717 0.143519
0 918 0.769649 0.593056 0.042322 0.160185
0 919 0.790206 0.571296 0.044740 0.164815
0 920 0.783555 0.392593 0.041112 0.146296
0 921 0.856106 0.473611 0.048368 0.152778
0 922 0.779323 0.449074 0.043531 0.164815
0 924 0.983676 0.240278 0.031439 0.150926
0 925 0.974607 0.191204 0.042322 0.132407
0 926 0.959794 0.247685 0.032044 0.115741
0 928 0.887243 0.622222 0.044135 0.148148
0 931 0.982769 0.501852 0.033253 0.153704
0 932 0.885732 0.261574 0.037485 0.134259
0 933 0.925937 0.277315 0.036880 0.115741
0 934 0.954655 0.514815 0.045949 0.137037
0 936 0.952842 0.453241 0.044740 0.154630
0 937 0.918380 0.454167 0.048368 0.167593
0 938 0.902056 0.240741 0.039903 0.146296
0 939 0.908404 0.228241 0.029625 0.115741
0 940 0.964631 0.700463 0.032044 0.095370
0 941 0.880895 0.119444 0.038694 0.120370
0 942 0.471584 0.084259 0.042322 0.135185
0 943 0.454655 0.109722 0.032648 0.115741
0 944 0.881802 0.229167 0.029625 0.115741
0 945 0.875453 0.240741 0.030230 0.101852
0 946 0.930169 0.257870 0.033253 0.121296
0 947 0.934704 0.235185 0.032648 0.124074
0 948 0.852177 0.466204 0.041717 0.149074
0 949 0.797763 0.468981 0.036880 0.150926
0 951 0.941354 0.512963 0.074970 0.177778
0 954 0.031137 0.781944 0.053809 0.171296
0 955 0.103688 0.835648 0.051391 0.169444
0 956 0.292322 0.141204 0.041717 0.139815
0 957 0.614873 0.163426 0.045949 0.149074
0 958 0.665054 0.135648 0.035067 0.115741
0 959 0.856711 0.101389 0.037485 0.126852
0 960 0.922007 0.094444 0.038694 0.124074
0 961 0.958283 0.108796 0.042322 0.139815
0 963 0.974607 0.070833 0.041112 0.136111
0 964 0.939541 0.055556 0.035067 0.105556
0 965 0.963724 0.033796 0.035067 0.065741
0 967 0.928356 0.041667 0.036880 0.081481
0 977 0.113362 0.075000 0.036880 0.116667
0 978 0.234583 0.093519 0.042322 0.129630
0 979 0.187727 0.076389 0.034462 0.126852
0 981 0.147521 0.081481 0.035067 0.135185
0 993 0.317412 0.054630 0.037485 0.107407
0 994 0.359129 0.043519 0.037485 0.085185
0 999 0.340085 0.043981 0.024788 0.084259
0 1000 0.415961 0.111574 0.037485 0.143519
0 1001 0.636638 0.120370 0.039903 0.140741
0 1002 0.644196 0.115741 0.033253 0.138889
0 1003 0.441959 0.075000 0.039903 0.124074
0 1004 0.570738 0.047222 0.038694 0.092593
0 1005 0.651149 0.044907 0.039903 0.087963
0 1006 0.878476 0.062963 0.032648 0.116667
0 1007 0.678960 0.061111 0.032648 0.120370
0 1008 0.678960 0.064815 0.035067 0.116667
0 1009 0.651149 0.070370 0.035067 0.120370
0 1011 0.676844 0.031481 0.041717 0.061111
0 1015 0.535369 0.043519 0.036880 0.085185
0 1016 0.438936 0.028704 0.037485 0.055556
0 1027 0.025091 0.062037 0.036880 0.122222
0 1028 0.048065 0.133796 0.041717 0.139815
0 1029 0.011790 0.110185 0.022370 0.129630
0 1032 0.977025 0.040741 0.035067 0.079630
0 1036 0.622733 0.097685 0.029021 0.087963
0 1037 0.897823 0.099537 0.030230 0.102778
0 1175 0.370012 0.514352 0.039903 0.149074
0 1197 0.158404 0.347222 0.042322 0.140741
0 1198 0.115780 0.762963 0.051391 0.162963
0 1200 0.079807 0.700463 0.048368 0.176852
0 1206 0.154776 0.731019 0.045949 0.167593
0 1284 0.812576 0.319907 0.042322 0.134259
0 1285 0.842805 0.311574 0.033857 0.123148
0 1306 0.255139 0.623148 0.047158 0.168519
0 1307 0.227630 0.607407 0.041717 0.168519
0 1308 0.356711 0.611111 0.035067 0.151852
0 1325 0.228537 0.537963 0.042322 0.148148
0 1326 0.227932 0.509259 0.037485 0.135185
0 1328 0.188331 0.514352 0.041717 0.139815
0 1329 0.196191 0.475926 0.046554 0.142593
0 1330 0.152660 0.504630 0.041717 0.148148
0 1343 0.364571 0.186111 0.031439 0.129630
0 1344 0.387545 0.185185 0.026602 0.124074
0 1444 0.282950 0.411111 0.044740 0.142593
0 1445 0.272068 0.430093 0.036276 0.139815
0 1501 0.197703 0.931019 0.055623 0.139815
0 1549 0.311366 0.742130 0.042322 0.154630
0 1567 0.355804 0.554630 0.044135 0.140741
0 1592 0.342201 0.666204 0.047158 0.156481
0 1594 0.353990 0.699537 0.041717 0.171296
0 1638 0.726421 0.972222 0.042926 0.053704
0 1650 0.422612 0.695833 0.049577 0.149074
0 1653 0.641778 0.736574 0.046554 0.154630
0 1655 0.441959 0.498148 0.035067 0.140741
0 1657 0.431378 0.470833 0.034462 0.132407
0 1676 0.078597 0.353704 0.051995 0.151852
0 1716 0.422007 0.551852 0.038694 0.148148
0 1717 0.433797 0.523148 0.032044 0.146296
0 1776 0.241536 0.586111 0.036880 0.140741
0 1777 0.286578 0.562500 0.049577 0.162037
0 1778 0.291415 0.609259 0.039903 0.168519
0 1779 0.435006 0.361111 0.039299 0.146296
0 1780 0.314994 0.368519 0.042322 0.142593
0 1781 0.356106 0.338889 0.039903 0.131481
0 1782 0.306832 0.337963 0.041717 0.151852
0 1799 0.407195 0.418981 0.039299 0.143519
0 1856 0.631499 0.069444 0.032044 0.124074
0 1857 0.605502 0.055093 0.032044 0.108333
0 1862 0.486397 0.510648 0.034462 0.143519
0 1863 0.486397 0.530093 0.036880 0.150926
0 1899 0.278114 0.322685 0.037485 0.143519
0 1900 0.566505 0.703704 0.050786 0.166667
0 1901 0.538996 0.704630 0.044135 0.168519
0 1906 0.259069 0.349537 0.032044 0.126852
