0 793 0.496070 0.347222 0.039299 0.140741
0 794 0.503628 0.324537 0.035067 0.126852
0 797 0.639057 0.905093 0.050786 0.149074
0 798 0.584946 0.906944 0.055018 0.171296
0 801 0.561669 0.460185 0.050786 0.153704
0 802 0.587969 0.521759 0.044135 0.149074
0 809 0.912334 0.542593 0.056832 0.170370
0 810 0.626965 0.481481 0.035067 0.129630
0 814 0.976421 0.592130 0.045949 0.156481
0 819 0.561064 0.324074 0.042322 0.157407
0 820 0.457074 0.229167 0.042322 0.154630
0 824 0.634825 0.536574 0.038694 0.173148
0 825 0.653869 0.494907 0.034462 0.139815
0 826 0.633918 0.548148 0.041717 0.151852
0 827 0.675333 0.421759 0.042322 0.145370
0 828 0.853386 0.941204 0.056227 0.115741
0 829 0.686820 0.602315 0.049577 0.165741
0 830 0.624244 0.612037 0.048972 0.185185
0 831 0.679262 0.501852 0.036880 0.151852
0 832 0.814087 0.964815 0.035671 0.068519
0 833 0.536880 0.545833 0.047158 0.154630
0 834 0.727630 0.561574 0.044135 0.156481
0 835 0.487001 0.241204 0.044135 0.156481
0 836 0.701935 0.400463 0.051995 0.162037
0 837 0.758162 0.593981 0.050786 0.171296
0 841 0.814389 0.668981 0.047158 0.169444
0 842 0.790810 0.605556 0.043531 0.146296
0 844 0.694075 0.560648 0.039903 0.154630
0 846 0.971886 0.656019 0.044135 0.150926
0 847 0.951632 0.557870 0.042322 0.145370
0 848 0.659613 0.581481 0.044740 0.151852
0 851 0.860641 0.556944 0.046554 0.149074
0 852 0.866385 0.661574 0.048368 0.173148
0 853 0.713724 0.491204 0.041717 0.156481
0 856 0.531439 0.476852 0.030230 0.114815
0 857 0.599758 0.395370 0.039903 0.140741
0 861 0.090085 0.331481 0.038694 0.109259
0 862 0.576784 0.549537 0.044740 0.171296
0 863 0.562576 0.505556 0.032044 0.124074
0 864 0.646312 0.394444 0.035067 0.135185
0 866 0.832527 0.556944 0.037485 0.119444
0 869 0.387243 0.774537 0.047763 0.171296
0 870 0.343108 0.785648 0.041717 0.167593
0 881 0.019347 0.491204 0.037485 0.145370
0 882 0.048670 0.486574 0.045345 0.160185
0 884 0.007860 0.199074 0.014510 0.129630
0 885 0.289299 0.221296 0.033253 0.124074
0 886 0.355502 0.163889 0.032648 0.118519
0 887 0.005139 0.272685 0.009069 0.126852
0 888 0.034462 0.222222 0.039903 0.129630
0 889 0.129686 0.156019 0.048972 0.137963
0 890 0.034462 0.268981 0.043531 0.134259
0 891 0.106711 0.135648 0.035671 0.132407
0 893 0.221282 0.156019 0.042322 0.145370
0 894 0.201330 0.229630 0.042322 0.150000
0 895 0.267836 0.167593 0.037485 0.135185
0 896 0.495466 0.283796 0.041717 0.145370
0 898 0.427449 0.112500 0.039903 0.132407
0 899 0.420798 0.193519 0.037485 0.129630
0 900 0.575877 0.230093 0.034462 0.137963
0 901 0.582830 0.204630 0.043531 0.146296
0 902 0.560459 0.169907 0.036276 0.134259
0 903 0.590085 0.156944 0.035067 0.126852
0 904 0.471282 0.190741 0.032044 0.124074
0 905 0.639661 0.149074 0.041112 0.140741
0 906 0.668077 0.159722 0.037485 0.149074
0 907 0.661427 0.058796 0.032648 0.115741
0 908 0.495163 0.198148 0.039903 0.135185
0 909 0.512696 0.231481 0.039903 0.162963
0 910 0.547461 0.227778 0.036880 0.129630
0 911 0.548368 0.254167 0.042322 0.139815
0 912 0.573761 0.268519 0.039903 0.140741
0 913 0.658404 0.259259 0.043531 0.144444
0 914 0.684401 0.272222 0.036276 0.129630
0 915 0.718561 0.286574 0.039299 0.137963
0 916 0.893289 0.279630 0.041717 0.153704
0 917 0.713120 0.326389 0.041717 0.143519
0 918 0.771765 0.509259 0.041717 0.144444
0 919 0.791717 0.496296 0.044135 0.162963
0 920 0.769649 0.346296 0.037485 0.142593
0 921 0.830109 0.440278 0.039903 0.150926
0 922 0.785067 0.403241 0.044135 0.165741
0 924 0.977932 0.198611 0.039299 0.150926
0 925 0.951935 0.154630 0.044135 0.131481
0 926 0.950121 0.205093 0.032044 0.115741
0 928 0.890568 0.560185 0.037485 0.142593
0 931 0.982164 0.450000 0.034462 0.153704
0 932 0.879988 0.240741 0.036880 0.129630
0 933 0.914148 0.250463 0.037485 0.115741
0 934 0.950423 0.456944 0.047158 0.137963
0 936 0.952539 0.386574 0.044135 0.145370
0 937 0.919589 0.395833 0.048368 0.167593
0 938 0.886941 0.216667 0.039903 0.146296
0 939 0.892987 0.202315 0.029021 0.113889
0 940 0.949214 0.637037 0.032648 0.096296
0 941 0.884522 0.090278 0.039903 0.121296
0 942 0.434704 0.075000 0.042322 0.135185
0 943 0.426844 0.081019 0.032648 0.110185
0 944 0.865780 0.207870 0.029021 0.115741
0 945 0.862455 0.226852 0.029625 0.101852
0 946 0.925030 0.236574 0.031439 0.121296
0 947 0.912938 0.212037 0.031439 0.122222
0 948 0.835550 0.419907 0.042322 0.149074
0 949 0.792624 0.432870 0.036276 0.150926
0 951 0.925635 0.443519 0.079807 0.200000
0 955 0.011185 0.772222 0.021161 0.162963
0 956 0.308948 0.099537 0.041112 0.137963
0 957 0.577388 0.113426 0.045949 0.149074
0 958 0.645103 0.107407 0.035067 0.112963
0 959 0.869407 0.078241 0.036276 0.123148
0 960 0.928053 0.066204 0.035067 0.121296
0 961 0.959492 0.081481 0.042322 0.135185
0 963 0.978839 0.053704 0.041112 0.105556
0 964 0.933495 0.043056 0.035067 0.084259
0 977 0.146917 0.052778 0.037485 0.103704
0 978 0.256651 0.062963 0.041717 0.122222
0 979 0.219468 0.054167 0.035067 0.106481
0 981 0.175030 0.060185 0.034462 0.118519
0 999 0.342503 0.031019 0.024788 0.060185
0 1000 0.399335 0.070370 0.039299 0.129630
0 1001 0.599154 0.093981 0.037485 0.139815
0 1002 0.621221 0.094444 0.033253 0.138889
0 1003 0.445284 0.053241 0.039299 0.104630
0 1004 0.583132 0.027778 0.039299 0.053704
0 1005 0.679565 0.031944 0.039903 0.062037
0 1006 0.898428 0.039352 0.032648 0.076852
0 1007 0.668380 0.042130 0.032044 0.082407
0 1008 0.665659 0.050000 0.035067 0.098148
0 1009 0.640266 0.051389 0.035067 0.100926
0 1027 0.065296 0.048148 0.037485 0.094444
0 1028 0.083434 0.082407 0.039903 0.140741
0 1029 0.038392 0.070833 0.034462 0.128704
0 1030 0.016626 0.068981 0.032044 0.125000
0 1031 0.014208 0.045833 0.027207 0.089815
0 1036 0.592503 0.083796 0.029021 0.086111
0 1037 0.907497 0.071759 0.030230 0.102778
0 1175 0.369407 0.519907 0.039903 0.149074
0 1197 0.131802 0.385185 0.042322 0.140741
0 1198 0.088875 0.730093 0.047158 0.165741
0 1200 0.055320 0.663426 0.045345 0.171296
0 1206 0.129686 0.710648 0.052600 0.160185
0 1284 0.813180 0.323611 0.042322 0.134259
0 1285 0.838573 0.318981 0.033857 0.123148
0 1306 0.255744 0.628704 0.047158 0.168519
0 1307 0.230955 0.607407 0.039903 0.168519
0 1308 0.354897 0.615278 0.035067 0.149074
0 1325 0.228839 0.543519 0.041717 0.148148
0 1326 0.227932 0.515741 0.037485 0.135185
0 1328 0.188331 0.518981 0.041717 0.139815
0 1329 0.194377 0.484259 0.046554 0.142593
0 1330 0.154172 0.511574 0.039903 0.143519
0 1343 0.364571 0.194444 0.031439 0.129630
0 1344 0.389359 0.190741 0.027811 0.124074
0 1444 0.280230 0.420833 0.044135 0.143519
0 1445 0.272068 0.437037 0.035067 0.140741
0 1501 0.196796 0.931944 0.055018 0.136111
0 1549 0.310157 0.746759 0.042322 0.154630
0 1567 0.333434 0.559259 0.039299 0.146296
0 1592 0.340387 0.670833 0.050786 0.156481
0 1594 0.352781 0.700926 0.041717 0.174074
0 1638 0.703446 0.952315 0.053809 0.095370
0 1640 0.764813 0.956944 0.038694 0.086111
0 1650 0.422612 0.703241 0.049577 0.149074
0 1653 0.636941 0.746759 0.044135 0.147222
0 1655 0.444680 0.504630 0.034462 0.140741
0 1657 0.431378 0.473611 0.034462 0.132407
0 1676 0.119105 0.319444 0.044740 0.151852
0 1716 0.420798 0.553704 0.037485 0.148148
0 1717 0.433797 0.528704 0.032044 0.146296
0 1776 0.241536 0.590741 0.036880 0.140741
0 1777 0.286880 0.565278 0.046554 0.162037
0 1778 0.290810 0.613889 0.039903 0.168519
0 1779 0.384220 0.337963 0.036880 0.137037
0 1780 0.316808 0.373148 0.044740 0.142593
0 1781 0.342201 0.359259 0.039903 0.131481
0 1782 0.308343 0.344444 0.042322 0.151852
0 1799 0.407195 0.425463 0.039299 0.143519
0 1856 0.662334 0.084259 0.033253 0.124074
0 1857 0.630290 0.066667 0.032044 0.114815
0 1862 0.483676 0.519444 0.035067 0.142593
0 1863 0.482467 0.535185 0.037485 0.151852
0 1897 0.970375 0.913426 0.049577 0.158333
0 1899 0.266626 0.329167 0.037485 0.143519
0 1900 0.544740 0.650926 0.051995 0.166667
0 1901 0.522975 0.643981 0.042322 0.165741
0 1906 0.269045 0.374537 0.032648 0.126852
0 1913 0.667170 0.972222 0.046554 0.055556
