0 793 0.516929 0.391667 0.039903 0.140741
0 794 0.538089 0.372685 0.035067 0.126852
0 801 0.587969 0.549074 0.048972 0.164815
0 802 0.584039 0.594444 0.043531 0.148148
0 809 0.934704 0.671296 0.051995 0.181481
0 810 0.623640 0.545370 0.034462 0.137037
0 819 0.578597 0.381481 0.042322 0.157407
0 820 0.452237 0.257870 0.041112 0.158333
0 824 0.639057 0.580556 0.038694 0.155556
0 825 0.645405 0.550000 0.038089 0.140741
0 826 0.638452 0.614815 0.042322 0.151852
0 827 0.645405 0.485648 0.044135 0.149074
0 829 0.636638 0.669907 0.049577 0.178704
0 830 0.544438 0.701389 0.047763 0.187963
0 831 0.675333 0.556481 0.037485 0.151852
0 833 0.522672 0.629167 0.046554 0.160185
0 834 0.717352 0.632870 0.048972 0.165741
0 835 0.484583 0.276852 0.044135 0.157407
0 836 0.704655 0.458333 0.056227 0.168519
0 837 0.766324 0.717130 0.053809 0.178704
0 841 0.862757 0.823611 0.047158 0.182407
0 842 0.799274 0.730556 0.049577 0.155556
0 844 0.682890 0.628241 0.039299 0.154630
0 847 0.982164 0.664815 0.034462 0.146296
0 848 0.620314 0.641667 0.049577 0.157407
0 851 0.860036 0.650463 0.046554 0.149074
0 852 0.905079 0.806944 0.054414 0.175000
0 853 0.711004 0.547222 0.044740 0.157407
0 856 0.571644 0.548148 0.030834 0.116667
0 857 0.611548 0.436111 0.039299 0.144444
0 861 0.014208 0.402778 0.027207 0.118519
0 862 0.558343 0.618519 0.044135 0.172222
0 863 0.572854 0.579630 0.032044 0.124074
0 864 0.630895 0.475463 0.034462 0.150926
0 866 0.830713 0.664815 0.042322 0.129630
0 869 0.692866 0.812963 0.079807 0.170370
0 870 0.620012 0.848611 0.061064 0.156481
0 881 0.016022 0.607870 0.030834 0.156481
0 882 0.041717 0.592593 0.047158 0.164815
0 885 0.403567 0.230556 0.032044 0.129630
0 886 0.481862 0.186574 0.031439 0.115741
0 889 0.108827 0.239815 0.044740 0.146296
0 891 0.042322 0.176852 0.037485 0.137037
0 893 0.143591 0.187963 0.041717 0.151852
0 894 0.127872 0.321296 0.041717 0.157407
0 895 0.195586 0.214815 0.036880 0.135185
0 896 0.577388 0.327315 0.042322 0.143519
0 898 0.489722 0.156944 0.039903 0.132407
0 899 0.417170 0.251852 0.043531 0.129630
0 900 0.564389 0.282870 0.039299 0.147222
0 901 0.610641 0.263889 0.042322 0.151852
0 902 0.571644 0.245370 0.036880 0.151852
0 903 0.599758 0.248611 0.033857 0.132407
0 904 0.477025 0.219444 0.032648 0.124074
0 905 0.681076 0.256944 0.041717 0.162037
0 906 0.721282 0.255556 0.038694 0.153704
0 907 0.687727 0.092593 0.032044 0.116667
0 908 0.501814 0.233333 0.039903 0.135185
0 909 0.509069 0.267593 0.041112 0.162963
0 910 0.540810 0.268056 0.036880 0.137963
0 911 0.528718 0.300000 0.041717 0.140741
0 912 0.550181 0.314352 0.039903 0.132407
0 913 0.650544 0.331481 0.043531 0.151852
0 914 0.675937 0.356944 0.035067 0.128704
0 915 0.711004 0.365741 0.039903 0.142593
0 916 0.905381 0.369444 0.044135 0.153704
0 917 0.721584 0.393981 0.042926 0.143519
0 918 0.751511 0.658796 0.042322 0.160185
0 919 0.774184 0.643519 0.050181 0.177778
0 920 0.793531 0.443056 0.041717 0.156481
0 921 0.863059 0.511574 0.047763 0.162037
0 922 0.768138 0.488889 0.044135 0.162963
0 924 0.981862 0.275000 0.032648 0.151852
0 926 0.963422 0.287037 0.036880 0.120370
0 928 0.894196 0.681481 0.043531 0.146296
0 931 0.981258 0.558796 0.036276 0.154630
0 932 0.885732 0.287500 0.039903 0.134259
0 933 0.923216 0.300926 0.037485 0.124074
0 934 0.948307 0.572685 0.047763 0.143519
0 936 0.942563 0.504167 0.045949 0.154630
0 937 0.909613 0.512037 0.053809 0.170370
0 938 0.906288 0.262037 0.039903 0.146296
0 939 0.916868 0.251852 0.029625 0.116667
0 940 0.978839 0.760648 0.031439 0.095370
0 941 0.880593 0.150463 0.038089 0.125000
0 942 0.496977 0.111111 0.042322 0.138889
0 943 0.483071 0.127315 0.032648 0.115741
0 944 0.890871 0.257407 0.029625 0.124074
0 945 0.879686 0.263889 0.030230 0.101852
0 946 0.931983 0.279167 0.032044 0.121296
0 947 0.938936 0.260185 0.032648 0.124074
0 948 0.834946 0.502778 0.042322 0.151852
0 949 0.786578 0.511111 0.038694 0.151852
0 951 0.953748 0.571296 0.075574 0.175926
0 954 0.097340 0.828241 0.050786 0.167593
0 955 0.186518 0.879630 0.067110 0.164815
0 956 0.275091 0.182407 0.041112 0.148148
0 957 0.643894 0.210185 0.045949 0.151852
0 958 0.686215 0.162963 0.035067 0.120370
0 959 0.854897 0.130093 0.037485 0.126852
0 960 0.923216 0.122222 0.038694 0.129630
0 961 0.960399 0.131944 0.042926 0.139815
0 963 0.966747 0.093981 0.041112 0.139815
0 964 0.935611 0.072685 0.034462 0.110185
0 965 0.957376 0.051389 0.034462 0.100926
0 967 0.934099 0.064815 0.037485 0.118519
0 968 0.895405 0.040741 0.037485 0.079630
0 969 0.910520 0.039352 0.032648 0.076852
0 970 0.935611 0.039815 0.034462 0.077778
0 977 0.090387 0.098148 0.036880 0.124074
0 978 0.211911 0.117593 0.041717 0.129630
0 979 0.166566 0.094907 0.034462 0.126852
0 980 0.201632 0.044444 0.032044 0.087037
0 981 0.132406 0.106481 0.035067 0.135185
0 984 0.103990 0.050463 0.037485 0.099074
0 985 0.131197 0.051389 0.041112 0.099074
0 993 0.316203 0.075926 0.037485 0.124074
0 994 0.346735 0.059259 0.036880 0.111111
0 995 0.307134 0.034722 0.030230 0.067593
0 996 0.411729 0.030093 0.037485 0.058333
0 997 0.335550 0.039352 0.037485 0.076852
0 998 0.340387 0.050463 0.032648 0.099074
0 999 0.329504 0.064352 0.025393 0.087963
0 1000 0.441959 0.144907 0.037485 0.143519
0 1001 0.656892 0.156944 0.041717 0.139815
0 1002 0.658706 0.143981 0.033253 0.137963
0 1003 0.443773 0.100926 0.039903 0.124074
0 1004 0.564087 0.060185 0.038694 0.114815
0 1005 0.649033 0.067130 0.039299 0.123148
0 1006 0.857316 0.083796 0.037485 0.121296
0 1007 0.688029 0.073148 0.032648 0.135185
0 1008 0.687424 0.092593 0.035067 0.124074
0 1009 0.657497 0.090741 0.034462 0.120370
0 1010 0.662938 0.027778 0.032044 0.053704
0 1011 0.656892 0.044907 0.041717 0.087963
0 1012 0.638452 0.028241 0.039903 0.054630
0 1015 0.531137 0.057870 0.036880 0.113889
0 1016 0.437727 0.048611 0.037485 0.095370
0 1018 0.490931 0.029630 0.037485 0.057407
0 1019 0.474305 0.039352 0.033253 0.076852
0 1020 0.515719 0.033333 0.032648 0.064815
0 1027 0.012999 0.094444 0.024788 0.140741
0 1028 0.013603 0.163426 0.025998 0.141667
0 1032 0.980048 0.060648 0.038694 0.108333
0 1036 0.635429 0.132870 0.029021 0.091667
0 1037 0.891173 0.123611 0.030230 0.102778
0 1175 0.368803 0.511574 0.039903 0.149074
0 1197 0.181378 0.337037 0.042322 0.140741
0 1198 0.136638 0.769444 0.067715 0.162963
0 1200 0.110339 0.728241 0.055018 0.162037
0 1206 0.156892 0.736574 0.048972 0.167593
0 1284 0.812273 0.319907 0.041717 0.134259
0 1285 0.842201 0.312037 0.033857 0.120370
0 1306 0.255139 0.624074 0.047158 0.168519
0 1307 0.225514 0.607407 0.042322 0.168519
0 1308 0.359734 0.610185 0.035067 0.151852
0 1325 0.223398 0.535648 0.044135 0.149074
0 1326 0.224909 0.517593 0.037485 0.135185
0 1328 0.187424 0.514352 0.042322 0.139815
0 1329 0.198005 0.476389 0.041717 0.143519
0 1330 0.146010 0.501389 0.044135 0.149074
0 1343 0.367291 0.187963 0.032044 0.129630
0 1344 0.388755 0.186111 0.026602 0.124074
0 1444 0.282346 0.413889 0.044740 0.142593
0 1445 0.271463 0.425463 0.037485 0.139815
0 1501 0.199214 0.931019 0.058646 0.137963
0 1549 0.311971 0.738426 0.042322 0.154630
0 1567 0.377267 0.564815 0.041112 0.140741
0 1592 0.346735 0.662963 0.039299 0.159259
0 1594 0.353083 0.700926 0.042322 0.168519
0 1650 0.420193 0.697685 0.049577 0.149074
0 1653 0.639057 0.739352 0.049577 0.154630
0 1655 0.439541 0.498148 0.035067 0.140741
0 1657 0.430774 0.468056 0.034462 0.132407
0 1676 0.039903 0.390741 0.042322 0.157407
0 1716 0.422612 0.550463 0.039903 0.149074
0 1717 0.433797 0.524074 0.032044 0.146296
0 1776 0.240931 0.583333 0.036880 0.140741
0 1777 0.288996 0.567130 0.050786 0.162037
0 1778 0.290206 0.607870 0.039903 0.167593
0 1779 0.469770 0.402315 0.039903 0.149074
0 1780 0.299274 0.376389 0.050786 0.143519
0 1781 0.386941 0.351852 0.042322 0.135185
0 1782 0.295949 0.345370 0.041717 0.151852
0 1799 0.406288 0.418056 0.039903 0.143519
0 1856 0.607013 0.062500 0.032648 0.123148
0 1857 0.579202 0.045370 0.031439 0.088889
0 1862 0.483978 0.503241 0.034462 0.143519
0 1863 0.483978 0.528241 0.036880 0.150926
0 1899 0.276300 0.322685 0.037485 0.143519
0 1900 0.587364 0.757870 0.051391 0.178704
0 1901 0.554716 0.760648 0.044135 0.167593
0 1906 0.257557 0.349537 0.032648 0.132407
