0 793 0.526602 0.426852 0.039903 0.140741
0 794 0.550181 0.421759 0.035067 0.132407
0 801 0.596131 0.598611 0.051995 0.165741
0 802 0.579504 0.627778 0.044135 0.138889
0 809 0.955260 0.757407 0.051995 0.181481
0 810 0.615478 0.579167 0.035067 0.137963
0 819 0.584039 0.418056 0.042322 0.158333
0 820 0.449516 0.293981 0.041717 0.160185
0 824 0.633011 0.618519 0.039903 0.162963
0 825 0.637243 0.591667 0.039903 0.146296
0 826 0.626360 0.658333 0.042322 0.151852
0 827 0.609432 0.535185 0.044740 0.150000
0 829 0.603386 0.713889 0.049577 0.179630
0 830 0.486699 0.768519 0.053204 0.187037
0 831 0.662636 0.599537 0.037485 0.150926
0 833 0.500605 0.688889 0.047158 0.159259
0 834 0.706469 0.675463 0.048972 0.171296
0 835 0.480048 0.304630 0.044740 0.157407
0 836 0.700121 0.506944 0.055623 0.176852
0 837 0.773881 0.814352 0.058041 0.187963
0 841 0.896917 0.915278 0.044135 0.163889
0 842 0.815296 0.829167 0.051391 0.163889
0 844 0.671403 0.683796 0.039299 0.160185
0 848 0.582830 0.672685 0.051995 0.156481
0 851 0.861548 0.726852 0.045949 0.157407
0 852 0.934099 0.904630 0.053204 0.168519
0 853 0.697400 0.588889 0.044135 0.157407
0 856 0.574970 0.601852 0.031439 0.125926
0 857 0.617896 0.481944 0.038694 0.154630
0 862 0.536276 0.685648 0.045949 0.176852
0 863 0.569226 0.615741 0.032044 0.124074
0 864 0.595526 0.520833 0.036276 0.150926
0 866 0.828597 0.725926 0.042926 0.129630
0 869 0.878476 0.846296 0.072551 0.162963
0 870 0.789903 0.889352 0.070738 0.167593
0 881 0.019649 0.685648 0.038089 0.162037
0 882 0.044135 0.673611 0.049577 0.171296
0 885 0.480048 0.241667 0.032648 0.129630
0 886 0.542322 0.218981 0.035067 0.121296
0 889 0.066808 0.284259 0.044135 0.146296
0 891 0.013603 0.200000 0.025998 0.135185
0 893 0.098549 0.218519 0.042322 0.151852
0 894 0.096131 0.381481 0.042322 0.157407
0 895 0.150242 0.242593 0.039299 0.135185
0 896 0.621524 0.345833 0.039903 0.143519
0 898 0.539299 0.192130 0.044740 0.137963
0 899 0.409915 0.291667 0.043531 0.137037
0 900 0.585852 0.325463 0.039903 0.154630
0 901 0.626058 0.296296 0.034462 0.153704
0 902 0.569528 0.296296 0.037485 0.151852
0 903 0.595526 0.295833 0.033857 0.132407
0 904 0.474607 0.245370 0.032648 0.124074
0 905 0.711306 0.321296 0.041717 0.164815
0 906 0.738210 0.319444 0.039903 0.153704
0 907 0.707678 0.116667 0.033253 0.116667
0 908 0.495768 0.259722 0.039903 0.134259
0 909 0.505139 0.292593 0.041717 0.162963
0 910 0.537485 0.288426 0.036276 0.137963
0 911 0.517836 0.332407 0.041717 0.140741
0 912 0.543833 0.346759 0.039299 0.132407
0 913 0.636336 0.380556 0.044135 0.159259
0 914 0.663845 0.399074 0.039903 0.129630
0 915 0.701330 0.412500 0.037485 0.143519
0 916 0.893591 0.428241 0.043531 0.154630
0 917 0.724909 0.432870 0.044740 0.143519
0 918 0.707376 0.750926 0.044740 0.159259
0 919 0.736397 0.747685 0.049577 0.187963
0 920 0.777509 0.514352 0.037485 0.156481
0 921 0.839480 0.568519 0.044135 0.168519
0 922 0.743047 0.541667 0.043531 0.157407
0 924 0.982467 0.325463 0.033857 0.154630
0 926 0.961306 0.337037 0.037485 0.120370
0 928 0.912938 0.764352 0.041112 0.154630
0 931 0.977630 0.637963 0.038694 0.168519
0 932 0.874849 0.324537 0.039903 0.134259
0 933 0.909311 0.327315 0.037485 0.123148
0 934 0.945586 0.654630 0.049577 0.148148
0 936 0.910822 0.576389 0.046554 0.154630
0 937 0.879686 0.591667 0.054414 0.174074
0 938 0.899033 0.291667 0.039903 0.146296
0 939 0.914148 0.283333 0.030230 0.120370
0 941 0.889661 0.188426 0.039299 0.128704
0 942 0.532044 0.150926 0.043531 0.148148
0 943 0.509371 0.159722 0.033253 0.115741
0 944 0.892382 0.283796 0.030230 0.126852
0 945 0.879686 0.295370 0.030230 0.101852
0 946 0.928658 0.314352 0.035067 0.121296
0 947 0.940447 0.293519 0.032044 0.124074
0 948 0.811669 0.554167 0.041717 0.150926
0 949 0.759976 0.568519 0.042322 0.157407
0 951 0.961911 0.654630 0.074970 0.212963
0 954 0.213422 0.876852 0.059250 0.168519
0 955 0.325272 0.887963 0.053204 0.159259
0 956 0.227328 0.237963 0.042322 0.153704
0 957 0.672007 0.274537 0.051391 0.158333
0 958 0.720677 0.213426 0.035067 0.121296
0 959 0.862757 0.169907 0.037485 0.128704
0 960 0.925937 0.161111 0.039299 0.129630
0 961 0.975212 0.162963 0.044740 0.142593
0 962 0.992745 0.093981 0.014510 0.132407
0 963 0.953446 0.130093 0.038694 0.139815
0 964 0.931681 0.098611 0.036276 0.115741
0 965 0.950726 0.081481 0.034462 0.122222
0 967 0.901753 0.097222 0.036880 0.118519
0 968 0.876058 0.060185 0.037485 0.118519
0 969 0.901753 0.067130 0.032044 0.106481
0 970 0.922612 0.062963 0.035067 0.107407
0 971 0.953144 0.029630 0.034462 0.057407
0 972 0.926239 0.040741 0.032648 0.079630
0 977 0.060459 0.135648 0.037485 0.123148
0 978 0.166264 0.147222 0.041112 0.129630
0 979 0.136336 0.129630 0.036880 0.129630
0 980 0.171403 0.060185 0.032044 0.118519
0 981 0.098549 0.145833 0.035067 0.134259
0 982 0.067412 0.056481 0.032044 0.111111
0 983 0.034764 0.057407 0.036880 0.112963
0 984 0.070738 0.081944 0.037485 0.126852
0 985 0.111245 0.092593 0.041112 0.135185
0 986 0.130290 0.054167 0.036880 0.106481
0 993 0.295949 0.110185 0.036880 0.124074
0 994 0.326481 0.088426 0.037485 0.123148
0 995 0.279625 0.056481 0.029625 0.103704
0 996 0.397823 0.062963 0.036276 0.124074
0 997 0.307134 0.062037 0.037485 0.120370
0 998 0.322249 0.078704 0.032648 0.124074
0 999 0.307134 0.087963 0.024184 0.087037
0 1000 0.475514 0.193056 0.036880 0.143519
0 1001 0.667170 0.207870 0.044135 0.139815
0 1002 0.668984 0.188426 0.033253 0.137963
0 1003 0.467352 0.148148 0.038694 0.124074
0 1004 0.590689 0.092130 0.038694 0.126852
0 1005 0.647823 0.106019 0.039299 0.132407
0 1006 0.815901 0.124537 0.036880 0.125000
0 1007 0.704353 0.097222 0.035067 0.135185
0 1008 0.708585 0.121296 0.035067 0.124074
0 1009 0.663241 0.125000 0.033857 0.120370
0 1010 0.668077 0.045370 0.032648 0.088889
0 1011 0.643289 0.066204 0.042322 0.125000
0 1012 0.636034 0.045833 0.039903 0.089815
0 1013 0.602781 0.041667 0.032648 0.081481
0 1014 0.574063 0.041204 0.034462 0.080556
0 1015 0.526602 0.105093 0.037485 0.132407
0 1016 0.435913 0.077315 0.037485 0.128704
0 1017 0.340387 0.042593 0.032648 0.083333
0 1018 0.486094 0.049537 0.037485 0.097222
0 1019 0.475816 0.063426 0.035067 0.115741
0 1020 0.510883 0.056944 0.032648 0.108333
0 1021 0.420496 0.038426 0.034462 0.075000
0 1022 0.384220 0.028704 0.034462 0.055556
0 1032 0.972189 0.101389 0.038694 0.132407
0 1036 0.645707 0.187500 0.029021 0.093519
0 1037 0.895707 0.166204 0.029625 0.102778
0 1175 0.365175 0.514352 0.039903 0.149074
0 1197 0.200121 0.325000 0.042322 0.140741
0 1198 0.147219 0.780093 0.050181 0.158333
0 1200 0.110339 0.730556 0.056227 0.164815
0 1206 0.147521 0.739352 0.050786 0.167593
0 1284 0.810459 0.320370 0.041717 0.135185
0 1285 0.839178 0.311574 0.031439 0.121296
0 1306 0.255139 0.626852 0.047158 0.168519
0 1307 0.223700 0.605556 0.042322 0.168519
0 1308 0.360943 0.610185 0.035067 0.151852
0 1325 0.217654 0.536574 0.044740 0.149074
0 1326 0.221584 0.522222 0.036880 0.135185
0 1328 0.185611 0.514352 0.042322 0.139815
0 1329 0.192261 0.477315 0.041112 0.143519
0 1330 0.140871 0.502315 0.043531 0.147222
0 1343 0.364571 0.186111 0.032648 0.129630
0 1344 0.387545 0.185185 0.027811 0.129630
0 1444 0.279323 0.415741 0.044740 0.142593
0 1445 0.271463 0.429167 0.037485 0.139815
0 1501 0.194377 0.930093 0.053809 0.137963
0 1549 0.309250 0.739352 0.041717 0.154630
0 1567 0.393591 0.583333 0.041112 0.140741
0 1592 0.344619 0.661574 0.039903 0.160185
0 1594 0.347037 0.700926 0.042322 0.168519
0 1650 0.420193 0.697685 0.049577 0.149074
0 1653 0.637243 0.744907 0.048368 0.158333
0 1655 0.440750 0.501852 0.035067 0.140741
0 1657 0.427146 0.469907 0.034462 0.132407
0 1676 0.002116 0.440278 0.003023 0.156481
0 1716 0.419589 0.550463 0.039903 0.149074
0 1717 0.429565 0.525000 0.032044 0.146296
0 1776 0.238815 0.582407 0.037485 0.140741
0 1777 0.283857 0.565278 0.046554 0.162037
0 1778 0.287485 0.607870 0.039299 0.167593
0 1779 0.510580 0.471296 0.039299 0.151852
0 1780 0.275393 0.377778 0.045345 0.142593
0 1781 0.443168 0.379630 0.041112 0.140741
0 1782 0.281741 0.354630 0.042322 0.151852
0 1799 0.404172 0.417130 0.040508 0.143519
0 1856 0.549879 0.052315 0.032044 0.102778
0 1862 0.471584 0.467130 0.035067 0.143519
0 1863 0.476119 0.533333 0.035671 0.151852
0 1899 0.272068 0.325463 0.037485 0.143519
0 1900 0.628174 0.836574 0.050786 0.178704
0 1901 0.595828 0.836111 0.046554 0.174074
0 1906 0.266626 0.346296 0.032648 0.131481
