0 793 0.472793 0.272222 0.037485 0.140741
0 794 0.498489 0.248148 0.034462 0.124074
0 797 0.575272 0.739815 0.046554 0.151852
0 798 0.538694 0.747685 0.054414 0.176852
0 801 0.531439 0.344444 0.045949 0.144444
0 802 0.566808 0.412500 0.041717 0.149074
0 803 0.895405 0.804630 0.047158 0.157407
0 804 0.866989 0.806019 0.050786 0.176852
0 805 0.820435 0.805556 0.042322 0.140741
0 809 0.895707 0.375000 0.042926 0.157407
0 810 0.606106 0.383796 0.032044 0.126852
0 814 0.937727 0.461574 0.043531 0.163889
0 816 0.985187 0.440741 0.028416 0.157407
0 818 0.964933 0.404630 0.035067 0.135185
0 819 0.532950 0.251852 0.041717 0.146296
0 820 0.475212 0.192130 0.042322 0.154630
0 824 0.604293 0.423148 0.039299 0.157407
0 825 0.640568 0.419907 0.034462 0.137963
0 826 0.607618 0.440741 0.042322 0.138889
0 827 0.655985 0.327778 0.042322 0.140741
0 828 0.787485 0.726852 0.052600 0.187037
0 829 0.720677 0.507407 0.047158 0.168519
0 830 0.674123 0.522222 0.048368 0.177778
0 831 0.669287 0.419444 0.037485 0.146296
0 832 0.744559 0.751389 0.036880 0.143519
0 833 0.548368 0.446296 0.044740 0.151852
0 834 0.699214 0.454167 0.044135 0.156481
0 835 0.503930 0.193981 0.044135 0.149074
0 836 0.685006 0.308796 0.047158 0.154630
0 837 0.755441 0.427778 0.044135 0.164815
0 838 0.982467 0.749074 0.033857 0.159259
0 839 0.939541 0.731481 0.044740 0.162963
0 840 0.915357 0.727778 0.051995 0.185185
0 841 0.796554 0.505093 0.041717 0.156481
0 842 0.781439 0.444907 0.036880 0.137963
0 844 0.669891 0.453241 0.039903 0.143519
0 845 0.961608 0.438426 0.044135 0.154630
0 846 0.915961 0.505093 0.044740 0.143519
0 847 0.928053 0.431481 0.042322 0.146296
0 848 0.704655 0.501852 0.041717 0.144444
0 851 0.827086 0.435648 0.047158 0.149074
0 852 0.829504 0.498611 0.045949 0.163889
0 853 0.682588 0.380093 0.042322 0.143519
0 854 0.957678 0.686111 0.044740 0.159259
0 856 0.515719 0.347222 0.029021 0.101852
0 857 0.569226 0.294907 0.039299 0.134259
0 858 0.959492 0.500926 0.032648 0.107407
0 859 0.954655 0.856481 0.061669 0.181481
0 861 0.217352 0.251389 0.036880 0.106481
0 862 0.578900 0.439352 0.041717 0.160185
0 863 0.538694 0.390741 0.031439 0.118519
0 864 0.638452 0.315741 0.035067 0.135185
0 866 0.803507 0.436111 0.037485 0.107407
0 867 0.366385 0.984259 0.029021 0.033333
0 869 0.006046 0.726852 0.010883 0.170370
0 870 0.007557 0.689815 0.013906 0.159259
0 880 0.012696 0.131019 0.024184 0.139815
0 881 0.048065 0.337500 0.039299 0.136111
0 882 0.077086 0.334722 0.041717 0.150926
0 883 0.024184 0.099537 0.039903 0.126852
0 884 0.074365 0.115741 0.039903 0.129630
0 885 0.113362 0.246296 0.041717 0.124074
0 886 0.173519 0.210185 0.047158 0.125926
0 887 0.105804 0.180556 0.036276 0.124074
0 888 0.124849 0.130556 0.036880 0.118519
0 889 0.199516 0.067130 0.039903 0.132407
0 890 0.149033 0.183333 0.041717 0.131481
0 891 0.170496 0.055556 0.032648 0.109259
0 892 0.065901 0.436111 0.047158 0.151852
0 893 0.284764 0.073611 0.042322 0.139815
0 894 0.295042 0.125000 0.037485 0.135185
0 895 0.313785 0.090278 0.036276 0.123148
0 896 0.419891 0.182407 0.034462 0.135185
0 898 0.450423 0.041204 0.039903 0.080556
0 899 0.391475 0.108333 0.036880 0.129630
0 900 0.480351 0.111111 0.034462 0.129630
0 901 0.541717 0.107407 0.039903 0.135185
0 902 0.561064 0.074537 0.037485 0.130556
0 903 0.580109 0.075000 0.034462 0.118519
0 904 0.466747 0.139352 0.032648 0.126852
0 905 0.623337 0.051852 0.033857 0.101852
0 906 0.649033 0.053241 0.039299 0.104630
0 907 0.624244 0.029630 0.033253 0.057407
0 908 0.493349 0.150926 0.039903 0.135185
0 909 0.508464 0.180556 0.039903 0.162963
0 910 0.545042 0.174074 0.036880 0.129630
0 911 0.573761 0.189815 0.038694 0.131481
0 912 0.600060 0.186574 0.039299 0.134259
0 913 0.636941 0.152315 0.041717 0.134259
0 914 0.659613 0.171759 0.037485 0.121296
0 915 0.682285 0.181481 0.035671 0.131481
0 916 0.795345 0.147685 0.036880 0.132407
0 917 0.687122 0.247222 0.036880 0.142593
0 918 0.724305 0.362500 0.041112 0.139815
0 919 0.747884 0.347222 0.038694 0.140741
0 920 0.742745 0.292593 0.036880 0.142593
0 921 0.787183 0.313426 0.036276 0.136111
0 922 0.771765 0.272685 0.042926 0.160185
0 923 0.989722 0.098611 0.019347 0.134259
0 924 0.960701 0.100000 0.041112 0.138889
0 925 0.951028 0.062963 0.039903 0.114815
0 926 0.927146 0.100463 0.032044 0.110185
0 927 0.949819 0.133796 0.037485 0.132407
0 928 0.863059 0.392593 0.035671 0.135185
0 931 0.964027 0.316667 0.039299 0.148148
0 932 0.855502 0.181944 0.033857 0.126852
0 933 0.889964 0.190278 0.037485 0.112037
0 934 0.936518 0.322685 0.038694 0.126852
0 935 0.960399 0.272685 0.038089 0.143519
0 936 0.947400 0.241204 0.039903 0.137963
0 937 0.916264 0.242130 0.046554 0.156481
0 938 0.871221 0.158796 0.039903 0.143519
0 939 0.883918 0.144444 0.030230 0.112963
0 940 0.897219 0.488889 0.030230 0.092593
0 941 0.891475 0.041667 0.034462 0.081481
0 942 0.288996 0.045833 0.042322 0.089815
0 943 0.263603 0.043981 0.032648 0.086111
0 944 0.857920 0.141204 0.030230 0.110185
0 945 0.845828 0.175000 0.030230 0.096296
0 946 0.900846 0.172685 0.032648 0.110185
0 947 0.901753 0.146296 0.032044 0.118519
0 948 0.784160 0.314352 0.038694 0.137963
0 949 0.750605 0.314815 0.036880 0.142593
0 951 0.913845 0.308796 0.064692 0.173148
0 956 0.359129 0.031944 0.041112 0.062037
0 958 0.585248 0.037963 0.035067 0.074074
0 959 0.858525 0.033796 0.035067 0.065741
0 1002 0.561971 0.018981 0.033253 0.036111
0 1029 0.121524 0.024537 0.029021 0.047222
0 1037 0.901149 0.028704 0.029625 0.055556
0 1175 0.366082 0.530093 0.039299 0.149074
0 1197 0.084643 0.466204 0.042322 0.149074
0 1198 0.049577 0.592130 0.042322 0.154630
0 1200 0.024184 0.530093 0.047158 0.165741
0 1206 0.092805 0.587037 0.050181 0.162963
0 1284 0.813482 0.335648 0.038089 0.134259
0 1285 0.832830 0.330556 0.034462 0.124074
0 1306 0.251511 0.644444 0.047158 0.168519
0 1307 0.224305 0.624074 0.039903 0.162963
0 1308 0.353083 0.622222 0.035067 0.148148
0 1325 0.223700 0.557870 0.042322 0.149074
0 1326 0.221886 0.533333 0.037485 0.135185
0 1328 0.185913 0.530093 0.041717 0.139815
0 1329 0.192261 0.496296 0.044740 0.142593
0 1330 0.154776 0.519907 0.039903 0.143519
0 1343 0.362757 0.205093 0.035067 0.126852
0 1344 0.386638 0.202778 0.027207 0.124074
0 1444 0.273881 0.423611 0.051995 0.143519
0 1445 0.268138 0.443056 0.036880 0.139815
0 1501 0.220073 0.937500 0.047158 0.126852
0 1549 0.306832 0.753241 0.041717 0.154630
0 1567 0.324970 0.558333 0.039299 0.146296
0 1592 0.341898 0.680093 0.039299 0.156481
0 1594 0.349456 0.714815 0.042322 0.164815
0 1638 0.664752 0.893981 0.053809 0.187963
0 1639 0.728839 0.920370 0.050181 0.159259
0 1640 0.727932 0.879167 0.039903 0.137963
0 1650 0.423216 0.712963 0.049577 0.148148
0 1653 0.629988 0.718519 0.053204 0.153704
0 1655 0.438634 0.514815 0.034462 0.140741
0 1657 0.430774 0.483796 0.034462 0.132407
0 1676 0.240931 0.237500 0.040508 0.147222
0 1716 0.420496 0.566667 0.036880 0.148148
0 1717 0.433495 0.536111 0.037485 0.148148
0 1776 0.237304 0.598148 0.036880 0.140741
0 1777 0.285973 0.575000 0.045949 0.162963
0 1778 0.289601 0.624074 0.039903 0.168519
0 1779 0.326179 0.352315 0.036880 0.132407
0 1780 0.305320 0.383333 0.038694 0.142593
0 1781 0.331318 0.370370 0.037485 0.131481
0 1782 0.304414 0.357870 0.036880 0.150926
0 1799 0.404776 0.438426 0.039299 0.143519
0 1806 0.785973 0.974074 0.041112 0.053704
0 1856 0.765719 0.172222 0.034462 0.142593
0 1857 0.732164 0.118981 0.032648 0.123148
0 1862 0.481862 0.530556 0.033857 0.140741
0 1863 0.482467 0.548148 0.037485 0.151852
0 1865 0.909915 0.967593 0.048368 0.064815
0 1866 0.849456 0.951389 0.067715 0.097222
0 1896 0.621826 0.841204 0.051391 0.173148
0 1897 0.879686 0.722222 0.041112 0.164815
0 1899 0.244861 0.353241 0.037485 0.143519
0 1900 0.523881 0.537037 0.044135 0.155556
0 1901 0.532346 0.504167 0.041717 0.162037
0 1906 0.251511 0.379167 0.032648 0.125000
0 1913 0.673216 0.827778 0.048972 0.174074
