0 793 0.491233 0.336111 0.039299 0.140741
0 794 0.501511 0.312500 0.034462 0.126852
0 797 0.635127 0.876852 0.050181 0.151852
0 798 0.576179 0.879630 0.055623 0.172222
0 801 0.553809 0.443519 0.051995 0.153704
0 802 0.585550 0.506019 0.044135 0.149074
0 803 0.978235 0.962037 0.035067 0.075926
0 804 0.940145 0.959259 0.044740 0.079630
0 805 0.889661 0.967130 0.040508 0.065741
0 809 0.906892 0.518981 0.051995 0.165741
0 810 0.629988 0.470370 0.035067 0.129630
0 814 0.973700 0.573148 0.046554 0.157407
0 819 0.556227 0.312037 0.041112 0.157407
0 820 0.459492 0.219907 0.042322 0.154630
0 824 0.629988 0.523611 0.038694 0.173148
0 825 0.654474 0.487500 0.034462 0.139815
0 826 0.630290 0.537037 0.041717 0.151852
0 827 0.677146 0.410185 0.042322 0.142593
0 828 0.841596 0.923148 0.055623 0.151852
0 829 0.696493 0.589352 0.049577 0.165741
0 830 0.636941 0.596296 0.048972 0.183333
0 831 0.680169 0.487963 0.037485 0.151852
0 832 0.805925 0.946296 0.039903 0.109259
0 833 0.541112 0.531944 0.045949 0.154630
0 834 0.727328 0.548611 0.044740 0.156481
0 835 0.488513 0.233796 0.043531 0.154630
0 836 0.697400 0.385648 0.051391 0.162037
0 837 0.766324 0.571296 0.051391 0.166667
0 841 0.810459 0.640741 0.046554 0.164815
0 842 0.794740 0.586111 0.042926 0.146296
0 844 0.693470 0.548611 0.039903 0.154630
0 845 0.981862 0.537037 0.035067 0.153704
0 846 0.964631 0.632870 0.044135 0.143519
0 847 0.946796 0.538889 0.042322 0.146296
0 848 0.668077 0.571296 0.044740 0.151852
0 851 0.855804 0.538426 0.046554 0.149074
0 852 0.852479 0.636574 0.048368 0.165741
0 853 0.711004 0.478241 0.041112 0.156481
0 856 0.524184 0.459259 0.030230 0.114815
0 857 0.600967 0.384259 0.039903 0.140741
0 861 0.103990 0.317593 0.037485 0.109259
0 862 0.573761 0.532870 0.042322 0.171296
0 863 0.557739 0.487963 0.032044 0.124074
0 864 0.647521 0.371296 0.035067 0.135185
0 866 0.832527 0.539352 0.037485 0.113889
0 869 0.330109 0.772685 0.055623 0.175000
0 870 0.288996 0.766667 0.054414 0.170370
0 881 0.020859 0.467130 0.040508 0.145370
0 882 0.049879 0.462037 0.042926 0.159259
0 884 0.014813 0.190741 0.028416 0.129630
0 885 0.269347 0.228704 0.034462 0.124074
0 886 0.331016 0.173611 0.038089 0.123148
0 887 0.017231 0.259722 0.033253 0.126852
0 888 0.045345 0.209259 0.039903 0.129630
0 889 0.142080 0.143981 0.048368 0.136111
0 890 0.049879 0.252778 0.044135 0.133333
0 891 0.122733 0.125000 0.035067 0.131481
0 893 0.231560 0.144907 0.042322 0.145370
0 894 0.214631 0.210648 0.042322 0.147222
0 895 0.283555 0.163889 0.037485 0.135185
0 896 0.477025 0.266204 0.042322 0.139815
0 898 0.430472 0.094907 0.039903 0.126852
0 899 0.417170 0.180556 0.037485 0.129630
0 900 0.571644 0.217130 0.034462 0.137963
0 901 0.578900 0.193519 0.044135 0.146296
0 902 0.560762 0.158796 0.036880 0.134259
0 903 0.588271 0.139352 0.035067 0.126852
0 904 0.468863 0.184259 0.032044 0.124074
0 905 0.637243 0.129167 0.041112 0.141667
0 906 0.660520 0.138889 0.036880 0.144444
0 907 0.652056 0.057407 0.032044 0.112963
0 908 0.496977 0.192593 0.039903 0.135185
0 909 0.512092 0.225000 0.039903 0.162963
0 910 0.546554 0.217593 0.036276 0.129630
0 911 0.551995 0.243056 0.041112 0.139815
0 912 0.575877 0.261111 0.039299 0.140741
0 913 0.657799 0.242130 0.043531 0.141667
0 914 0.683797 0.257407 0.036276 0.124074
0 915 0.721282 0.270833 0.038694 0.137963
0 916 0.876058 0.261111 0.039903 0.148148
0 917 0.709190 0.314352 0.042322 0.143519
0 918 0.764813 0.482407 0.041112 0.140741
0 919 0.785369 0.468519 0.044740 0.162963
0 920 0.760580 0.336111 0.037485 0.142593
0 921 0.827086 0.425463 0.039903 0.150926
0 922 0.783253 0.387500 0.044135 0.165741
0 924 0.977630 0.185185 0.038694 0.142593
0 925 0.946493 0.141667 0.044135 0.131481
0 926 0.944075 0.189352 0.032044 0.115741
0 927 0.985490 0.208796 0.027811 0.130556
0 928 0.889359 0.537500 0.035067 0.143519
0 931 0.980048 0.431481 0.038694 0.153704
0 932 0.876360 0.229167 0.035671 0.128704
0 933 0.908102 0.239352 0.037485 0.115741
0 934 0.944377 0.443056 0.047158 0.137963
0 935 0.980351 0.376389 0.038089 0.143519
0 936 0.953144 0.363426 0.039299 0.143519
0 937 0.926844 0.375926 0.048368 0.162963
0 938 0.883313 0.208333 0.039903 0.146296
0 939 0.889964 0.194444 0.029021 0.112963
0 940 0.940750 0.611111 0.032648 0.096296
0 941 0.895405 0.082407 0.038694 0.120370
0 942 0.418077 0.069444 0.041717 0.131481
0 943 0.406288 0.081944 0.032648 0.110185
0 944 0.857013 0.200463 0.029625 0.115741
0 945 0.855804 0.226852 0.029625 0.101852
0 946 0.920193 0.226389 0.031439 0.121296
0 947 0.908102 0.202315 0.031439 0.121296
0 948 0.826481 0.412500 0.042322 0.149074
0 949 0.787183 0.418981 0.036276 0.150926
0 951 0.921705 0.423611 0.080411 0.200926
0 956 0.315599 0.084259 0.041112 0.137037
0 957 0.559553 0.093519 0.046554 0.144444
0 958 0.631197 0.096296 0.035067 0.112963
0 959 0.874244 0.072222 0.035067 0.120370
0 960 0.928053 0.059259 0.035067 0.114815
0 961 0.959492 0.073148 0.042322 0.135185
0 963 0.980048 0.047222 0.038694 0.092593
0 964 0.933797 0.034259 0.034462 0.066667
0 977 0.153265 0.049074 0.036880 0.096296
0 978 0.261487 0.055093 0.041717 0.108333
0 979 0.230955 0.046296 0.035067 0.090741
0 981 0.187727 0.053704 0.034462 0.105556
0 1000 0.399637 0.056481 0.039903 0.111111
0 1001 0.585248 0.083333 0.037485 0.137037
0 1002 0.608827 0.084259 0.033857 0.138889
0 1003 0.448609 0.047222 0.039903 0.092593
0 1006 0.898428 0.030093 0.032648 0.058333
0 1007 0.660520 0.033796 0.032044 0.065741
0 1008 0.659008 0.041667 0.035067 0.081481
0 1009 0.633011 0.048611 0.035067 0.095370
0 1027 0.077690 0.041204 0.036880 0.080556
0 1028 0.093108 0.067593 0.039903 0.127778
0 1029 0.054414 0.060648 0.035067 0.119444
0 1030 0.030230 0.059259 0.035067 0.116667
0 1031 0.021765 0.041667 0.035067 0.081481
0 1036 0.585550 0.068981 0.029625 0.078704
0 1037 0.909311 0.063426 0.030230 0.102778
0 1175 0.368803 0.520833 0.039903 0.149074
0 1197 0.124849 0.397222 0.041717 0.140741
0 1198 0.080109 0.710185 0.046554 0.162963
0 1200 0.052902 0.648148 0.046554 0.170370
0 1206 0.122128 0.701852 0.051995 0.170370
0 1284 0.813180 0.325463 0.042322 0.134259
0 1285 0.837364 0.321296 0.033857 0.124074
0 1306 0.256348 0.631481 0.047158 0.168519
0 1307 0.230653 0.609259 0.039299 0.168519
0 1308 0.354293 0.617593 0.035067 0.148148
0 1325 0.228839 0.545833 0.041717 0.149074
0 1326 0.227932 0.517593 0.037485 0.135185
0 1328 0.188331 0.520833 0.041717 0.139815
0 1329 0.194377 0.486111 0.046554 0.142593
0 1330 0.154172 0.513426 0.039903 0.143519
0 1343 0.365478 0.197222 0.032044 0.129630
0 1344 0.388452 0.190741 0.027207 0.124074
0 1444 0.279021 0.421759 0.044135 0.143519
0 1445 0.270859 0.437037 0.036276 0.140741
0 1501 0.195284 0.933796 0.054414 0.132407
0 1549 0.310459 0.746759 0.041717 0.154630
0 1567 0.329807 0.557407 0.039299 0.146296
0 1592 0.339480 0.672685 0.051391 0.156481
0 1594 0.351572 0.703704 0.041717 0.174074
0 1638 0.700726 0.943519 0.054414 0.112963
0 1639 0.763906 0.968056 0.041717 0.060185
0 1640 0.760580 0.948611 0.038694 0.102778
0 1650 0.422007 0.705093 0.049577 0.149074
0 1653 0.636034 0.745370 0.041112 0.148148
0 1655 0.444075 0.507407 0.034462 0.140741
0 1657 0.431983 0.475463 0.034462 0.132407
0 1676 0.135429 0.306019 0.042322 0.147222
0 1716 0.419589 0.555556 0.037485 0.148148
0 1717 0.433797 0.530556 0.032044 0.146296
0 1776 0.241536 0.593519 0.036880 0.140741
0 1777 0.287183 0.567130 0.044740 0.162037
0 1778 0.289601 0.615741 0.039903 0.168519
0 1779 0.363059 0.332407 0.038089 0.131481
0 1780 0.315599 0.375000 0.047158 0.142593
0 1781 0.340387 0.366667 0.039903 0.131481
0 1782 0.308343 0.348148 0.042322 0.151852
0 1799 0.407195 0.428241 0.039299 0.143519
0 1856 0.679565 0.093519 0.035067 0.124074
0 1857 0.648126 0.071296 0.032648 0.114815
0 1862 0.483978 0.520370 0.034462 0.140741
0 1863 0.482467 0.537963 0.037485 0.151852
0 1896 0.645707 0.973611 0.039903 0.052778
0 1897 0.953748 0.881944 0.052600 0.165741
0 1899 0.261185 0.333796 0.037485 0.143519
0 1900 0.542624 0.633333 0.051391 0.162963
0 1901 0.521161 0.623611 0.042322 0.165741
0 1906 0.267231 0.377315 0.032648 0.126852
0 1913 0.656288 0.955556 0.050181 0.085185
