0 793 0.475212 0.296296 0.039903 0.140741
0 794 0.504837 0.274074 0.033857 0.124074
0 797 0.611548 0.792130 0.048972 0.150926
0 798 0.555018 0.799074 0.054414 0.161111
0 801 0.543229 0.386574 0.050181 0.145370
0 802 0.575574 0.449537 0.042322 0.149074
0 803 0.938331 0.898148 0.045949 0.159259
0 804 0.899033 0.902315 0.050786 0.182407
0 805 0.845828 0.892593 0.042322 0.140741
0 809 0.900242 0.437500 0.043531 0.160185
0 810 0.618803 0.427778 0.032044 0.129630
0 814 0.954051 0.514815 0.047158 0.157407
0 818 0.981862 0.448611 0.033857 0.134259
0 819 0.539903 0.281944 0.042322 0.150926
0 820 0.460097 0.203241 0.042322 0.154630
0 824 0.615478 0.459259 0.038694 0.159259
0 825 0.648428 0.451852 0.034462 0.137037
0 826 0.615478 0.490741 0.042322 0.151852
0 827 0.665961 0.366204 0.041717 0.141667
0 828 0.811366 0.828704 0.062878 0.192593
0 829 0.711911 0.545370 0.042926 0.172222
0 830 0.665357 0.558333 0.047763 0.177778
0 831 0.675333 0.454630 0.037485 0.151852
0 832 0.776602 0.850463 0.044135 0.160185
0 833 0.543531 0.485185 0.043531 0.151852
0 834 0.716143 0.500463 0.044135 0.156481
0 835 0.498186 0.213889 0.043531 0.150000
0 836 0.693168 0.342593 0.046554 0.162963
0 837 0.775393 0.498611 0.048972 0.165741
0 839 0.975816 0.801389 0.039903 0.165741
0 840 0.953748 0.808333 0.051391 0.185185
0 841 0.801995 0.562500 0.041717 0.156481
0 842 0.806530 0.504167 0.041112 0.134259
0 844 0.679262 0.494907 0.039299 0.145370
0 845 0.966747 0.480093 0.044740 0.154630
0 846 0.942563 0.567130 0.044740 0.143519
0 847 0.936820 0.477778 0.041717 0.146296
0 848 0.683192 0.537500 0.042322 0.150926
0 851 0.848851 0.483796 0.047158 0.149074
0 852 0.842503 0.568056 0.048972 0.165741
0 853 0.696493 0.419907 0.042322 0.143519
0 856 0.520254 0.398611 0.029625 0.110185
0 857 0.588271 0.330556 0.037485 0.140741
0 858 0.973700 0.549074 0.032044 0.101852
0 861 0.156590 0.280093 0.039903 0.099074
0 862 0.577086 0.486111 0.041717 0.168519
0 863 0.545345 0.435185 0.031439 0.122222
0 864 0.640266 0.333333 0.035067 0.135185
0 866 0.821644 0.478704 0.037485 0.111111
0 869 0.150544 0.750926 0.045949 0.170370
0 870 0.133615 0.727315 0.053204 0.156481
0 881 0.033253 0.399537 0.041112 0.145370
0 882 0.064389 0.394444 0.040508 0.157407
0 883 0.005744 0.141204 0.010278 0.137963
0 884 0.045949 0.152778 0.039903 0.129630
0 885 0.189843 0.235648 0.036276 0.123148
0 886 0.253325 0.193519 0.047158 0.125926
0 887 0.063785 0.217130 0.039299 0.126852
0 888 0.084643 0.158796 0.036276 0.125000
0 889 0.170496 0.097222 0.044740 0.131481
0 890 0.102177 0.208333 0.042322 0.131481
0 891 0.148126 0.080556 0.032648 0.129630
0 892 0.021765 0.508796 0.042322 0.160185
0 893 0.252418 0.109259 0.041717 0.146296
0 894 0.250907 0.160185 0.041112 0.135185
0 895 0.297763 0.125926 0.036880 0.135185
0 896 0.430774 0.226852 0.034462 0.135185
0 898 0.441354 0.061111 0.039903 0.120370
0 899 0.396312 0.142593 0.036880 0.129630
0 900 0.526300 0.158333 0.034462 0.129630
0 901 0.568017 0.140278 0.039299 0.137963
0 902 0.556227 0.113889 0.037485 0.129630
0 903 0.578900 0.098148 0.034462 0.125926
0 904 0.466143 0.147222 0.031439 0.129630
0 905 0.620012 0.082407 0.039299 0.148148
0 906 0.647823 0.083333 0.032044 0.135185
0 907 0.632709 0.038889 0.033253 0.075926
0 908 0.492745 0.171296 0.039903 0.135185
0 909 0.512394 0.197222 0.039299 0.162963
0 910 0.545345 0.194444 0.036276 0.129630
0 911 0.563180 0.209259 0.039299 0.133333
0 912 0.588573 0.228704 0.039299 0.140741
0 913 0.651149 0.194444 0.043531 0.135185
0 914 0.674426 0.209259 0.036880 0.120370
0 915 0.703748 0.218981 0.038694 0.132407
0 916 0.818017 0.201852 0.037485 0.135185
0 917 0.697703 0.271759 0.041112 0.143519
0 918 0.745163 0.412037 0.041717 0.144444
0 919 0.764510 0.393981 0.039299 0.149074
0 920 0.743047 0.320370 0.036276 0.142593
0 921 0.806530 0.367130 0.039903 0.143519
0 922 0.777207 0.328241 0.044135 0.165741
0 923 0.991536 0.150463 0.016929 0.137963
0 924 0.961911 0.140741 0.042322 0.142593
0 925 0.945586 0.102778 0.042322 0.129630
0 926 0.931378 0.139352 0.032044 0.110185
0 927 0.964933 0.173611 0.037485 0.132407
0 928 0.877267 0.461574 0.033857 0.143519
0 931 0.970979 0.370370 0.039903 0.148148
0 932 0.863664 0.205556 0.034462 0.127778
0 933 0.897823 0.206944 0.037485 0.115741
0 934 0.941052 0.374074 0.036880 0.125926
0 935 0.974305 0.322685 0.044135 0.143519
0 936 0.949214 0.293056 0.039903 0.137963
0 937 0.918984 0.299074 0.049577 0.157407
0 938 0.873337 0.180556 0.039299 0.144444
0 939 0.882104 0.162963 0.030230 0.112963
0 940 0.915054 0.545833 0.029625 0.089815
0 941 0.908102 0.055556 0.035067 0.107407
0 942 0.363059 0.054630 0.041717 0.107407
0 943 0.335852 0.056944 0.032044 0.110185
0 944 0.848247 0.165741 0.030230 0.111111
0 945 0.842805 0.200463 0.030230 0.099074
0 946 0.908404 0.194907 0.033253 0.117593
0 947 0.906590 0.165741 0.032044 0.118519
0 948 0.804111 0.358333 0.042322 0.146296
0 949 0.769347 0.366204 0.036880 0.143519
0 951 0.911125 0.356019 0.072551 0.184259
0 956 0.332527 0.055093 0.041112 0.108333
0 957 0.524788 0.054630 0.045949 0.107407
0 958 0.607013 0.053704 0.035067 0.105556
0 959 0.888452 0.050000 0.034462 0.098148
0 960 0.931378 0.042130 0.034462 0.082407
0 961 0.962515 0.050000 0.042322 0.098148
0 979 0.257557 0.032870 0.035067 0.063889
0 981 0.218259 0.035185 0.035067 0.068519
0 1001 0.573761 0.045370 0.037485 0.088889
0 1002 0.588875 0.048611 0.033857 0.093519
0 1009 0.613664 0.023611 0.035067 0.045370
0 1028 0.119105 0.041204 0.039903 0.080556
0 1029 0.091898 0.040741 0.035067 0.079630
0 1030 0.070133 0.042130 0.035067 0.082407
0 1037 0.912938 0.044907 0.030230 0.087963
0 1175 0.366687 0.525463 0.039299 0.149074
0 1197 0.107920 0.431019 0.041717 0.149074
0 1198 0.064692 0.653241 0.044740 0.162037
0 1200 0.037485 0.581944 0.047158 0.167593
0 1206 0.102479 0.641667 0.048972 0.170370
0 1284 0.813180 0.326389 0.042322 0.134259
0 1285 0.834039 0.325926 0.034462 0.124074
0 1306 0.255139 0.637963 0.047158 0.168519
0 1307 0.226723 0.614815 0.039903 0.168519
0 1308 0.353083 0.619444 0.035067 0.148148
0 1325 0.226723 0.551389 0.042322 0.149074
0 1326 0.224305 0.524074 0.037485 0.135185
0 1328 0.187122 0.524537 0.041717 0.139815
0 1329 0.192866 0.489815 0.044740 0.142593
0 1330 0.154776 0.514352 0.039903 0.143519
0 1343 0.365780 0.196296 0.033857 0.131481
0 1344 0.386638 0.195370 0.027207 0.124074
0 1444 0.280834 0.419907 0.044135 0.143519
0 1445 0.268742 0.438426 0.036880 0.139815
0 1501 0.197400 0.933333 0.050181 0.133333
0 1549 0.310459 0.747685 0.041717 0.154630
0 1567 0.324970 0.551852 0.039299 0.146296
0 1592 0.343108 0.674537 0.041717 0.156481
0 1594 0.351270 0.708333 0.042322 0.166667
0 1638 0.681378 0.919907 0.054414 0.160185
0 1639 0.741838 0.944907 0.045949 0.112037
0 1640 0.740629 0.910185 0.039903 0.137037
0 1650 0.419891 0.706481 0.063482 0.148148
0 1653 0.628779 0.732870 0.044740 0.150926
0 1655 0.440447 0.505556 0.034462 0.140741
0 1657 0.433797 0.484722 0.034462 0.132407
0 1676 0.194377 0.271296 0.046554 0.146296
0 1716 0.419287 0.559259 0.036880 0.148148
0 1717 0.436215 0.529167 0.036880 0.145370
0 1776 0.239420 0.588889 0.037485 0.140741
0 1777 0.287183 0.572222 0.042322 0.162963
0 1778 0.289601 0.621296 0.039903 0.168519
0 1779 0.322551 0.340741 0.039299 0.131481
0 1780 0.305320 0.379630 0.038694 0.142593
0 1781 0.339782 0.371759 0.039903 0.132407
0 1782 0.306832 0.346296 0.040508 0.151852
0 1799 0.405985 0.433796 0.039299 0.143519
0 1856 0.729141 0.131944 0.033857 0.132407
0 1857 0.700121 0.097685 0.032648 0.123148
0 1862 0.486094 0.521296 0.033857 0.140741
0 1863 0.482467 0.539815 0.037485 0.151852
0 1896 0.614873 0.923148 0.048368 0.153704
0 1897 0.910822 0.790278 0.045345 0.165741
0 1899 0.252116 0.348611 0.037485 0.143519
0 1900 0.543229 0.579167 0.048972 0.154630
0 1901 0.536276 0.557407 0.042322 0.162963
0 1906 0.251511 0.374537 0.032648 0.126852
0 1913 0.654474 0.900000 0.048972 0.168519
