0 793 0.473096 0.272222 0.036880 0.140741
0 794 0.498489 0.249074 0.034462 0.124074
0 797 0.576179 0.741667 0.047158 0.151852
0 798 0.538392 0.749074 0.053809 0.174074
0 801 0.531439 0.345370 0.045949 0.144444
0 802 0.566808 0.413426 0.041717 0.149074
0 803 0.896614 0.806481 0.047158 0.157407
0 804 0.867594 0.808796 0.050786 0.176852
0 805 0.821040 0.808333 0.042322 0.140741
0 809 0.896010 0.376389 0.043531 0.156481
0 810 0.606711 0.385185 0.032044 0.127778
0 814 0.938029 0.462500 0.044135 0.163889
0 816 0.985792 0.443519 0.027207 0.157407
0 818 0.965538 0.405556 0.035067 0.135185
0 819 0.532950 0.251852 0.041717 0.146296
0 820 0.475212 0.192130 0.042322 0.154630
0 824 0.604293 0.424074 0.039299 0.157407
0 825 0.640871 0.420833 0.033857 0.137963
0 826 0.607618 0.441667 0.042322 0.138889
0 827 0.655985 0.328704 0.042322 0.140741
0 828 0.788089 0.729630 0.053809 0.187037
0 829 0.720073 0.508333 0.047158 0.168519
0 830 0.673821 0.524074 0.047763 0.177778
0 831 0.669891 0.421296 0.037485 0.146296
0 832 0.745466 0.754167 0.036276 0.143519
0 833 0.548368 0.447222 0.044740 0.151852
0 834 0.699819 0.456019 0.044135 0.156481
0 835 0.503628 0.194907 0.044740 0.149074
0 836 0.685006 0.308796 0.047158 0.154630
0 837 0.756046 0.428704 0.044135 0.164815
0 838 0.983071 0.751852 0.032648 0.159259
0 839 0.940750 0.733796 0.044740 0.162037
0 840 0.915961 0.729630 0.051995 0.185185
0 841 0.796856 0.506481 0.041112 0.157407
0 842 0.782648 0.447222 0.036880 0.138889
0 844 0.670496 0.454167 0.039903 0.143519
0 845 0.962213 0.439352 0.044135 0.154630
0 846 0.916566 0.506944 0.044740 0.143519
0 847 0.928053 0.432407 0.042322 0.146296
0 848 0.704655 0.502315 0.041717 0.143519
0 851 0.827690 0.436574 0.047158 0.149074
0 852 0.830109 0.500463 0.045949 0.163889
0 853 0.683192 0.381019 0.042322 0.143519
0 854 0.958283 0.687963 0.044740 0.159259
0 856 0.515719 0.348148 0.029021 0.101852
0 857 0.569528 0.294907 0.038694 0.134259
0 858 0.960097 0.502778 0.032648 0.107407
0 859 0.956469 0.858333 0.061669 0.181481
0 861 0.216143 0.252315 0.036880 0.106481
0 862 0.578900 0.440278 0.041717 0.160185
0 863 0.538694 0.392593 0.031439 0.118519
0 864 0.638452 0.316667 0.035067 0.135185
0 866 0.803507 0.437037 0.037485 0.107407
0 867 0.369105 0.984259 0.029625 0.033333
0 869 0.009976 0.729630 0.018742 0.170370
0 870 0.009674 0.690741 0.018138 0.159259
0 880 0.012696 0.132870 0.024184 0.139815
0 881 0.047763 0.339352 0.039903 0.136111
0 882 0.076481 0.336574 0.041717 0.150926
0 883 0.022975 0.100463 0.039903 0.126852
0 884 0.073761 0.116667 0.039903 0.129630
0 885 0.115780 0.245370 0.041717 0.124074
0 886 0.176542 0.210185 0.044740 0.125926
0 887 0.105200 0.182407 0.036276 0.124074
0 888 0.123640 0.131481 0.036880 0.118519
0 889 0.198912 0.067130 0.039903 0.132407
0 890 0.147823 0.184722 0.041717 0.132407
0 891 0.169891 0.056944 0.032648 0.112037
0 892 0.064692 0.437037 0.047158 0.151852
0 893 0.284160 0.075463 0.042322 0.139815
0 894 0.293531 0.125926 0.038089 0.135185
0 895 0.312878 0.091204 0.036880 0.123148
0 896 0.419891 0.183333 0.034462 0.135185
0 898 0.450423 0.041667 0.039903 0.081481
0 899 0.390871 0.109259 0.036880 0.129630
0 900 0.481560 0.112037 0.034462 0.129630
0 901 0.543531 0.109259 0.039903 0.135185
0 902 0.560459 0.077315 0.037485 0.130556
0 903 0.579504 0.075000 0.034462 0.118519
0 904 0.466143 0.139352 0.032648 0.126852
0 905 0.623035 0.053241 0.034462 0.104630
0 906 0.648730 0.054167 0.038694 0.106481
0 907 0.624244 0.030093 0.033253 0.058333
0 908 0.493349 0.150926 0.039903 0.135185
0 909 0.507860 0.180556 0.039903 0.162963
0 910 0.545042 0.175000 0.036880 0.129630
0 911 0.573156 0.189815 0.038694 0.131481
0 912 0.599154 0.187500 0.039903 0.134259
0 913 0.636941 0.153241 0.041717 0.134259
0 914 0.660218 0.173611 0.037485 0.121296
0 915 0.682890 0.182407 0.035671 0.131481
0 916 0.795345 0.149537 0.036880 0.132407
0 917 0.687122 0.248148 0.036880 0.142593
0 918 0.725212 0.364352 0.041717 0.139815
0 919 0.747884 0.348148 0.038694 0.140741
0 920 0.743349 0.293519 0.036880 0.142593
0 921 0.787183 0.315278 0.036276 0.136111
0 922 0.771161 0.273611 0.042926 0.160185
0 923 0.989722 0.099537 0.019347 0.136111
0 924 0.960097 0.101852 0.041112 0.138889
0 925 0.951028 0.064352 0.039903 0.115741
0 926 0.927146 0.101389 0.032044 0.110185
0 927 0.950423 0.135648 0.037485 0.132407
0 928 0.863059 0.394444 0.035671 0.135185
0 931 0.964027 0.317593 0.039299 0.148148
0 932 0.855502 0.182870 0.033857 0.126852
0 933 0.889964 0.190278 0.037485 0.112037
0 934 0.936215 0.323611 0.038089 0.126852
0 935 0.961004 0.274537 0.038089 0.143519
0 936 0.947400 0.243056 0.039903 0.137963
0 937 0.915961 0.243056 0.045949 0.156481
0 938 0.871221 0.159722 0.039903 0.143519
0 939 0.883918 0.144444 0.030230 0.112963
0 940 0.897823 0.490278 0.030230 0.093519
0 941 0.892080 0.042130 0.034462 0.082407
0 942 0.290810 0.046296 0.042322 0.090741
0 943 0.265417 0.044444 0.032648 0.087037
0 944 0.857316 0.142130 0.030230 0.110185
0 945 0.845828 0.175926 0.030230 0.096296
0 946 0.900846 0.172685 0.032648 0.110185
0 947 0.901753 0.147222 0.032044 0.118519
0 948 0.784160 0.315278 0.038694 0.137963
0 949 0.751209 0.316667 0.036880 0.142593
0 951 0.913845 0.310648 0.064692 0.173148
0 956 0.357618 0.032407 0.041717 0.062963
0 958 0.585852 0.038426 0.035067 0.075000
0 959 0.859129 0.034722 0.035067 0.067593
0 960 0.925635 0.026852 0.035067 0.051852
0 1001 0.557437 0.022685 0.037485 0.043519
0 1002 0.562576 0.019907 0.033253 0.037963
0 1029 0.120919 0.025000 0.030230 0.048148
0 1037 0.901753 0.029167 0.029625 0.056481
0 1175 0.366082 0.530093 0.039299 0.149074
0 1197 0.085248 0.466204 0.042322 0.149074
0 1198 0.049577 0.593056 0.042322 0.154630
0 1200 0.024486 0.531019 0.046554 0.165741
0 1206 0.093712 0.587963 0.050786 0.162963
0 1284 0.813482 0.335648 0.038089 0.134259
0 1285 0.832830 0.330556 0.034462 0.124074
0 1306 0.251511 0.644444 0.047158 0.168519
0 1307 0.224305 0.624074 0.039903 0.162963
0 1308 0.353083 0.622222 0.035067 0.148148
0 1325 0.223700 0.557870 0.042322 0.149074
0 1326 0.221886 0.533333 0.037485 0.135185
0 1328 0.185913 0.530093 0.041717 0.139815
0 1329 0.192261 0.495370 0.044740 0.142593
0 1330 0.154776 0.518981 0.039903 0.143519
0 1343 0.362757 0.204167 0.035067 0.126852
0 1344 0.386638 0.202778 0.027207 0.124074
0 1444 0.273881 0.423148 0.051995 0.142593
0 1445 0.268138 0.443056 0.036880 0.139815
0 1501 0.218863 0.937037 0.047158 0.127778
0 1549 0.306832 0.753241 0.041717 0.154630
0 1567 0.324970 0.558333 0.039299 0.146296
0 1592 0.341898 0.680093 0.039299 0.156481
0 1594 0.349456 0.714815 0.042322 0.164815
0 1638 0.664752 0.895833 0.053809 0.187963
0 1639 0.729746 0.921296 0.050786 0.157407
0 1640 0.727932 0.880093 0.039903 0.137963
0 1650 0.423216 0.712963 0.049577 0.148148
0 1653 0.629988 0.720370 0.053204 0.153704
0 1655 0.438634 0.513889 0.034462 0.140741
0 1657 0.430472 0.483796 0.035067 0.132407
0 1676 0.239117 0.238426 0.040508 0.147222
0 1716 0.420496 0.566667 0.036880 0.148148
0 1717 0.433495 0.536111 0.037485 0.148148
0 1776 0.237606 0.598148 0.037485 0.140741
0 1777 0.285973 0.575000 0.045949 0.162963
0 1778 0.289601 0.624074 0.039903 0.168519
0 1779 0.326179 0.351389 0.036880 0.132407
0 1780 0.305320 0.383333 0.038694 0.142593
0 1781 0.331923 0.370370 0.037485 0.131481
0 1782 0.304414 0.356944 0.036880 0.150926
0 1799 0.404776 0.438426 0.039299 0.143519
0 1806 0.787183 0.975463 0.041112 0.050926
0 1856 0.764510 0.171296 0.034462 0.142593
0 1857 0.731862 0.118981 0.032044 0.123148
0 1862 0.481862 0.529630 0.033857 0.140741
0 1863 0.482467 0.548148 0.037485 0.151852
0 1865 0.911427 0.968981 0.046554 0.062037
0 1866 0.851270 0.953241 0.066505 0.093519
0 1896 0.620617 0.843519 0.052600 0.172222
0 1897 0.880290 0.725000 0.041112 0.164815
0 1899 0.244861 0.353241 0.037485 0.143519
0 1900 0.524184 0.538426 0.043531 0.156481
0 1901 0.532648 0.506019 0.042322 0.162037
0 1906 0.251511 0.378704 0.032648 0.125926
0 1913 0.672310 0.829630 0.049577 0.174074
