0 793 0.475212 0.294444 0.039903 0.140741
0 794 0.504232 0.272222 0.033857 0.124074
0 797 0.609129 0.788426 0.048972 0.150926
0 798 0.554111 0.793981 0.055018 0.158333
0 801 0.542624 0.382870 0.050181 0.145370
0 802 0.575574 0.446759 0.042322 0.149074
0 803 0.935611 0.892130 0.046554 0.162037
0 804 0.896614 0.894907 0.050786 0.182407
0 805 0.844619 0.886111 0.042322 0.140741
0 809 0.900242 0.433796 0.043531 0.158333
0 810 0.618803 0.425926 0.032044 0.129630
0 814 0.953446 0.512037 0.047158 0.157407
0 818 0.980955 0.445833 0.034462 0.134259
0 819 0.539903 0.280093 0.042322 0.150926
0 820 0.460097 0.202315 0.042322 0.154630
0 824 0.614873 0.455093 0.038694 0.158333
0 825 0.647823 0.450000 0.034462 0.137037
0 826 0.614873 0.487500 0.042322 0.150926
0 827 0.664752 0.363426 0.041717 0.141667
0 828 0.809553 0.822685 0.062878 0.191667
0 829 0.713120 0.542593 0.044135 0.170370
0 830 0.665961 0.557407 0.047763 0.177778
0 831 0.674426 0.452778 0.036880 0.151852
0 832 0.774788 0.844444 0.044135 0.159259
0 833 0.543531 0.483333 0.043531 0.151852
0 834 0.715538 0.497685 0.044135 0.156481
0 835 0.498791 0.212963 0.043531 0.150000
0 836 0.692563 0.340741 0.046554 0.162963
0 837 0.774788 0.494907 0.048972 0.165741
0 839 0.973398 0.797685 0.042322 0.167593
0 840 0.951330 0.803704 0.051391 0.185185
0 841 0.801693 0.558796 0.041112 0.156481
0 842 0.805623 0.500463 0.040508 0.134259
0 844 0.678658 0.492130 0.039299 0.145370
0 845 0.966143 0.477315 0.044740 0.154630
0 846 0.941959 0.562500 0.044740 0.143519
0 847 0.936215 0.474074 0.041717 0.146296
0 848 0.684401 0.534722 0.042322 0.150926
0 851 0.848247 0.481019 0.047158 0.149074
0 852 0.842503 0.563426 0.048972 0.165741
0 853 0.695889 0.416204 0.042322 0.143519
0 856 0.519649 0.394907 0.029625 0.110185
0 857 0.587062 0.327778 0.037485 0.140741
0 858 0.972793 0.545370 0.032648 0.101852
0 861 0.160822 0.278241 0.039903 0.099074
0 862 0.576481 0.482407 0.041717 0.168519
0 863 0.544740 0.432407 0.031439 0.122222
0 864 0.640266 0.331481 0.035067 0.135185
0 866 0.820738 0.475000 0.036880 0.109259
0 869 0.140871 0.749074 0.045949 0.170370
0 870 0.122128 0.726852 0.059250 0.157407
0 881 0.033253 0.395833 0.041112 0.145370
0 882 0.064994 0.390741 0.040508 0.157407
0 883 0.006953 0.139352 0.012696 0.137963
0 884 0.048368 0.150926 0.039903 0.129630
0 885 0.185308 0.235648 0.035671 0.123148
0 886 0.250302 0.193519 0.045949 0.125926
0 887 0.067110 0.215278 0.039903 0.126852
0 888 0.086457 0.156019 0.036276 0.125000
0 889 0.171705 0.095370 0.044740 0.131481
0 890 0.106106 0.206481 0.044135 0.131481
0 891 0.149033 0.078241 0.032044 0.130556
0 892 0.023579 0.505093 0.045949 0.160185
0 893 0.254837 0.108333 0.041717 0.146296
0 894 0.253023 0.157407 0.040508 0.135185
0 895 0.297763 0.122222 0.036880 0.135185
0 896 0.428960 0.225000 0.034462 0.135185
0 898 0.441959 0.060185 0.039903 0.118519
0 899 0.395707 0.140741 0.036880 0.129630
0 900 0.522672 0.155556 0.034462 0.129630
0 901 0.567110 0.137037 0.038694 0.137037
0 902 0.556227 0.112037 0.037485 0.131481
0 903 0.578597 0.096759 0.035067 0.125000
0 904 0.466143 0.145833 0.031439 0.132407
0 905 0.619105 0.079167 0.038694 0.145370
0 906 0.647521 0.080556 0.031439 0.135185
0 907 0.631499 0.037963 0.033253 0.074074
0 908 0.493349 0.170370 0.039903 0.135185
0 909 0.512696 0.196296 0.039903 0.162963
0 910 0.545345 0.193519 0.036276 0.129630
0 911 0.563785 0.207870 0.039299 0.132407
0 912 0.589782 0.226852 0.039299 0.140741
0 913 0.651149 0.192593 0.043531 0.135185
0 914 0.673519 0.207407 0.036276 0.120370
0 915 0.702237 0.217130 0.039299 0.132407
0 916 0.814994 0.199074 0.037485 0.133333
0 917 0.697400 0.269907 0.040508 0.143519
0 918 0.743349 0.408796 0.041717 0.143519
0 919 0.763301 0.391667 0.039299 0.148148
0 920 0.742745 0.318981 0.035671 0.143519
0 921 0.805925 0.364352 0.039903 0.143519
0 922 0.776602 0.324537 0.044135 0.165741
0 923 0.990931 0.146759 0.016929 0.137963
0 924 0.961911 0.137963 0.042322 0.142593
0 925 0.946191 0.100463 0.041112 0.128704
0 926 0.931378 0.137500 0.032044 0.110185
0 927 0.964933 0.171759 0.037485 0.132407
0 928 0.876058 0.456944 0.033857 0.143519
0 931 0.970979 0.366667 0.039903 0.148148
0 932 0.862455 0.203704 0.034462 0.127778
0 933 0.896614 0.206019 0.037485 0.115741
0 934 0.941052 0.369444 0.035671 0.125926
0 935 0.973700 0.318981 0.044135 0.143519
0 936 0.948912 0.289352 0.039299 0.137963
0 937 0.918682 0.296296 0.048972 0.157407
0 938 0.872733 0.178704 0.039299 0.144444
0 939 0.882104 0.161111 0.030230 0.112963
0 940 0.913845 0.542130 0.029625 0.089815
0 941 0.908102 0.054167 0.035067 0.106481
0 942 0.359432 0.054630 0.041717 0.107407
0 943 0.331620 0.056944 0.032044 0.110185
0 944 0.848247 0.164352 0.030230 0.110185
0 945 0.842503 0.198611 0.029625 0.099074
0 946 0.906288 0.192130 0.032648 0.117593
0 947 0.906590 0.163889 0.032044 0.118519
0 948 0.803507 0.354167 0.042322 0.145370
0 949 0.768138 0.363426 0.036880 0.143519
0 951 0.909915 0.351389 0.072551 0.182407
0 956 0.332527 0.054167 0.041112 0.106481
0 957 0.524486 0.052778 0.046554 0.103704
0 958 0.606409 0.052778 0.035067 0.103704
0 959 0.887848 0.048611 0.034462 0.095370
0 960 0.931378 0.041204 0.034462 0.080556
0 961 0.962515 0.049074 0.042322 0.096296
0 979 0.258767 0.031944 0.035067 0.062037
0 981 0.220677 0.034259 0.035067 0.066667
0 1001 0.572854 0.041667 0.036880 0.081481
0 1002 0.587969 0.046296 0.034462 0.090741
0 1009 0.612455 0.021759 0.035067 0.041667
0 1028 0.121524 0.039352 0.039903 0.076852
0 1029 0.094317 0.039815 0.035067 0.077778
0 1030 0.071947 0.041204 0.035067 0.080556
0 1037 0.913543 0.044444 0.030230 0.087037
0 1175 0.366687 0.526389 0.039299 0.149074
0 1197 0.104897 0.431944 0.041717 0.149074
0 1198 0.062878 0.648611 0.044740 0.162037
0 1200 0.036880 0.577778 0.047158 0.166667
0 1206 0.102177 0.638426 0.048368 0.171296
0 1284 0.813180 0.327315 0.042322 0.134259
0 1285 0.834039 0.325926 0.034462 0.124074
0 1306 0.254534 0.638889 0.047158 0.168519
0 1307 0.226119 0.615741 0.039903 0.168519
0 1308 0.353083 0.619444 0.035067 0.148148
0 1325 0.226723 0.551389 0.042322 0.149074
0 1326 0.224305 0.524074 0.037485 0.135185
0 1328 0.187122 0.524537 0.041717 0.139815
0 1329 0.192563 0.489815 0.044135 0.142593
0 1330 0.154776 0.514352 0.039903 0.143519
0 1343 0.365780 0.197222 0.033857 0.131481
0 1344 0.386638 0.195370 0.027207 0.124074
0 1444 0.280834 0.419907 0.044135 0.143519
0 1445 0.268742 0.439352 0.036880 0.139815
0 1501 0.197703 0.932870 0.049577 0.134259
0 1549 0.309855 0.748611 0.041717 0.154630
0 1567 0.324970 0.551852 0.039299 0.146296
0 1592 0.343410 0.674537 0.041112 0.156481
0 1594 0.351270 0.708333 0.042322 0.166667
0 1638 0.681378 0.918981 0.054414 0.162037
0 1639 0.742140 0.942593 0.046554 0.116667
0 1640 0.740024 0.907407 0.039903 0.137037
0 1650 0.419891 0.707407 0.062273 0.148148
0 1653 0.628174 0.732870 0.045949 0.150926
0 1655 0.440447 0.505556 0.034462 0.140741
0 1657 0.433192 0.483796 0.034462 0.132407
0 1676 0.197703 0.269444 0.045949 0.146296
0 1716 0.419589 0.559259 0.037485 0.148148
0 1717 0.436215 0.529167 0.036880 0.145370
0 1776 0.239420 0.589815 0.037485 0.140741
0 1777 0.287183 0.572222 0.042322 0.162963
0 1778 0.289601 0.621296 0.039903 0.168519
0 1779 0.323761 0.340741 0.036880 0.131481
0 1780 0.305320 0.380556 0.038694 0.142593
0 1781 0.339480 0.370833 0.039299 0.132407
0 1782 0.306530 0.346296 0.039903 0.151852
0 1799 0.405381 0.433796 0.039299 0.143519
0 1856 0.731560 0.133333 0.033857 0.133333
0 1857 0.702237 0.098611 0.032044 0.123148
0 1862 0.486699 0.522222 0.033857 0.140741
0 1863 0.482467 0.539815 0.037485 0.151852
0 1896 0.614268 0.919444 0.048368 0.157407
0 1897 0.909311 0.786574 0.044740 0.165741
0 1899 0.250907 0.348611 0.037485 0.143519
0 1900 0.543833 0.576389 0.048972 0.154630
0 1901 0.537485 0.554630 0.042322 0.162963
0 1906 0.251511 0.374537 0.032648 0.126852
0 1913 0.655381 0.895370 0.048368 0.170370
