0 793 0.474305 0.287037 0.038089 0.140741
0 794 0.501209 0.266667 0.033857 0.124074
0 797 0.600060 0.771759 0.048972 0.150926
0 798 0.548065 0.779630 0.055018 0.157407
0 801 0.539601 0.368981 0.048972 0.145370
0 802 0.573761 0.437500 0.042322 0.149074
0 803 0.924426 0.865741 0.047158 0.168519
0 804 0.886941 0.863426 0.050786 0.182407
0 805 0.837969 0.858333 0.042322 0.140741
0 809 0.897823 0.417593 0.043531 0.157407
0 810 0.614873 0.414815 0.032648 0.129630
0 814 0.947400 0.496296 0.047158 0.157407
0 818 0.977025 0.434259 0.035067 0.135185
0 819 0.537787 0.271759 0.041717 0.149074
0 820 0.460701 0.193981 0.042322 0.154630
0 824 0.611245 0.445370 0.038694 0.157407
0 825 0.645103 0.441204 0.033857 0.137963
0 826 0.611850 0.472685 0.042322 0.147222
0 827 0.661125 0.351852 0.041717 0.140741
0 828 0.802600 0.795370 0.063482 0.187037
0 829 0.715236 0.530556 0.045949 0.168519
0 830 0.668380 0.550000 0.047763 0.179630
0 831 0.670496 0.444907 0.037485 0.150926
0 832 0.766324 0.815278 0.044135 0.150926
0 833 0.544740 0.474074 0.043531 0.151852
0 834 0.714027 0.485648 0.044740 0.156481
0 835 0.501209 0.206481 0.043531 0.148148
0 836 0.689541 0.331019 0.046554 0.158333
0 837 0.770254 0.477315 0.049577 0.165741
0 839 0.967050 0.778704 0.044135 0.168519
0 840 0.939238 0.781481 0.051391 0.185185
0 841 0.799879 0.544907 0.041112 0.156481
0 842 0.801088 0.483796 0.038694 0.134259
0 844 0.676239 0.478241 0.039299 0.143519
0 845 0.964027 0.465278 0.044135 0.154630
0 846 0.935308 0.546759 0.044740 0.143519
0 847 0.934099 0.461111 0.042322 0.146296
0 848 0.691052 0.522685 0.042322 0.150926
0 851 0.844015 0.468056 0.047158 0.149074
0 852 0.839178 0.546759 0.047158 0.165741
0 853 0.691657 0.404167 0.042322 0.143519
0 854 0.977025 0.737037 0.041112 0.159259
0 856 0.517533 0.381944 0.029021 0.108333
0 857 0.581620 0.314815 0.037485 0.140741
0 858 0.969166 0.529630 0.032648 0.101852
0 861 0.179565 0.271759 0.039903 0.099074
0 862 0.577690 0.468519 0.041717 0.168519
0 863 0.541717 0.419444 0.031439 0.120370
0 864 0.640266 0.326852 0.035067 0.135185
0 866 0.816203 0.460185 0.037485 0.107407
0 869 0.100363 0.744444 0.049577 0.170370
0 870 0.081620 0.713889 0.058041 0.157407
0 880 0.005139 0.166667 0.009069 0.138889
0 881 0.035671 0.378241 0.041112 0.145370
0 882 0.068017 0.373611 0.040508 0.152778
0 883 0.008464 0.126389 0.015719 0.134259
0 884 0.056530 0.142593 0.039299 0.129630
0 885 0.168077 0.235648 0.041112 0.123148
0 886 0.232467 0.194444 0.044135 0.125926
0 887 0.080109 0.206481 0.039299 0.124074
0 888 0.096735 0.148611 0.036276 0.121296
0 889 0.181076 0.089815 0.044135 0.131481
0 890 0.116687 0.200463 0.042322 0.132407
0 891 0.156590 0.068981 0.032648 0.130556
0 892 0.034462 0.481481 0.045949 0.155556
0 893 0.262092 0.100000 0.041717 0.146296
0 894 0.263301 0.146296 0.039299 0.135185
0 895 0.298972 0.111111 0.036880 0.135185
0 896 0.425030 0.211111 0.035067 0.135185
0 898 0.444377 0.055093 0.039903 0.108333
0 899 0.392684 0.130556 0.036880 0.129630
0 900 0.511185 0.139815 0.034462 0.129630
0 901 0.563785 0.127778 0.039299 0.135185
0 902 0.556832 0.099537 0.037485 0.130556
0 903 0.577388 0.088889 0.035067 0.124074
0 904 0.467956 0.143981 0.031439 0.132407
0 905 0.616385 0.068981 0.038089 0.132407
0 906 0.647521 0.068981 0.031439 0.130556
0 907 0.627267 0.034722 0.033253 0.067593
0 908 0.495163 0.164815 0.039903 0.135185
0 909 0.509674 0.190741 0.039903 0.162963
0 910 0.545345 0.188889 0.036276 0.129630
0 911 0.566505 0.200926 0.038694 0.131481
0 912 0.590992 0.212963 0.039299 0.140741
0 913 0.645405 0.181019 0.042926 0.134259
0 914 0.669589 0.199074 0.036880 0.120370
0 915 0.696191 0.206019 0.039299 0.132407
0 916 0.807134 0.188426 0.037485 0.132407
0 917 0.695586 0.259722 0.038089 0.143519
0 918 0.735792 0.392130 0.042322 0.139815
0 919 0.757557 0.380093 0.038694 0.143519
0 920 0.743349 0.312963 0.034462 0.142593
0 921 0.800786 0.350463 0.039299 0.143519
0 922 0.774486 0.310648 0.044740 0.165741
0 923 0.990024 0.132407 0.018742 0.137037
0 924 0.963724 0.125926 0.042322 0.142593
0 925 0.948005 0.089815 0.036276 0.124074
0 926 0.930169 0.127315 0.032044 0.110185
0 927 0.963724 0.163426 0.037485 0.132407
0 928 0.871826 0.438426 0.033857 0.141667
0 931 0.969166 0.351852 0.039903 0.148148
0 932 0.858525 0.195833 0.033857 0.126852
0 933 0.892684 0.201389 0.036880 0.113889
0 934 0.939238 0.355556 0.034462 0.125926
0 935 0.970677 0.304167 0.044135 0.143519
0 936 0.948912 0.275463 0.039299 0.137963
0 937 0.916868 0.282407 0.048972 0.157407
0 938 0.870617 0.172685 0.038694 0.143519
0 939 0.882104 0.156481 0.030230 0.112963
0 940 0.909008 0.524537 0.029625 0.091667
0 941 0.905683 0.050000 0.035067 0.098148
0 942 0.340689 0.052315 0.041717 0.102778
0 943 0.311669 0.056019 0.032044 0.110185
0 944 0.850060 0.156944 0.030230 0.110185
0 945 0.841294 0.189352 0.029625 0.097222
0 946 0.903265 0.185648 0.031439 0.115741
0 947 0.903567 0.158333 0.032044 0.118519
0 948 0.799577 0.336111 0.041717 0.140741
0 949 0.764208 0.350926 0.037485 0.142593
0 951 0.910822 0.341204 0.070738 0.178704
0 956 0.332225 0.049074 0.041717 0.096296
0 957 0.524486 0.044907 0.044135 0.087963
0 958 0.602177 0.047222 0.035067 0.092593
0 959 0.882709 0.043981 0.035067 0.086111
0 960 0.931983 0.037037 0.034462 0.072222
0 961 0.962213 0.043981 0.041717 0.086111
0 979 0.268742 0.027315 0.034462 0.052778
0 1001 0.565296 0.035185 0.037485 0.068519
0 1002 0.580411 0.039815 0.033857 0.077778
0 1029 0.104595 0.034259 0.035067 0.066667
0 1030 0.080411 0.035648 0.035067 0.069444
0 1037 0.909915 0.039815 0.030230 0.077778
0 1175 0.366385 0.527315 0.039903 0.149074
0 1197 0.098247 0.446759 0.041717 0.149074
0 1198 0.056832 0.631944 0.042322 0.162037
0 1200 0.035067 0.566204 0.047158 0.165741
0 1206 0.097642 0.620833 0.046554 0.165741
0 1284 0.813180 0.329167 0.041112 0.134259
0 1285 0.833736 0.326852 0.033857 0.124074
0 1306 0.253930 0.640741 0.047158 0.168519
0 1307 0.225514 0.618056 0.039903 0.167593
0 1308 0.353083 0.619444 0.035067 0.148148
0 1325 0.225514 0.552315 0.042322 0.149074
0 1326 0.223700 0.526852 0.037485 0.135185
0 1328 0.186518 0.526389 0.041717 0.139815
0 1329 0.191657 0.491667 0.044740 0.142593
0 1330 0.154776 0.514352 0.039903 0.143519
0 1343 0.365175 0.199074 0.033857 0.131481
0 1344 0.386638 0.196296 0.027207 0.124074
0 1444 0.278114 0.418981 0.047158 0.143519
0 1445 0.268742 0.440278 0.036880 0.139815
0 1501 0.199819 0.931481 0.047763 0.137037
0 1549 0.309250 0.749537 0.041717 0.154630
0 1567 0.324970 0.553704 0.039299 0.146296
0 1592 0.343712 0.675463 0.039299 0.156481
0 1594 0.350665 0.709259 0.042322 0.164815
0 1638 0.680169 0.913426 0.054414 0.171296
0 1639 0.743047 0.934259 0.050786 0.133333
0 1640 0.734583 0.898611 0.039903 0.137963
0 1650 0.420496 0.709259 0.058646 0.148148
0 1653 0.624244 0.726389 0.051391 0.145370
0 1655 0.439238 0.506481 0.034462 0.140741
0 1657 0.431378 0.482870 0.034462 0.132407
0 1676 0.207074 0.257870 0.042926 0.143519
0 1716 0.420496 0.559259 0.036880 0.148148
0 1717 0.435006 0.531944 0.036880 0.145370
0 1776 0.238815 0.592593 0.037485 0.140741
0 1777 0.286578 0.572222 0.042322 0.162963
0 1778 0.289601 0.622222 0.039903 0.168519
0 1779 0.325574 0.343519 0.036880 0.131481
0 1780 0.305320 0.381481 0.038694 0.142593
0 1781 0.338271 0.367593 0.036880 0.131481
0 1782 0.304716 0.346759 0.037485 0.150926
0 1799 0.405381 0.435648 0.039299 0.143519
0 1856 0.742140 0.143519 0.034462 0.140741
0 1857 0.711911 0.101389 0.032044 0.123148
0 1862 0.486699 0.524074 0.033857 0.140741
0 1863 0.482467 0.539815 0.037485 0.151852
0 1896 0.613059 0.902778 0.048368 0.174074
0 1897 0.901753 0.770833 0.042926 0.165741
0 1899 0.246675 0.351389 0.037485 0.143519
0 1900 0.544438 0.565278 0.048972 0.154630
0 1901 0.540206 0.539815 0.041717 0.162963
0 1906 0.250302 0.374537 0.032648 0.126852
0 1913 0.659311 0.873611 0.046554 0.173148
