0 793 0.477025 0.300926 0.039903 0.140741
0 794 0.505139 0.277778 0.034462 0.124074
0 797 0.615780 0.803241 0.048972 0.150926
0 798 0.557437 0.811111 0.053204 0.166667
0 801 0.545042 0.394907 0.051391 0.145370
0 802 0.575272 0.456944 0.041717 0.149074
0 803 0.944377 0.912037 0.045949 0.151852
0 804 0.903265 0.913426 0.050786 0.175000
0 805 0.851874 0.906019 0.042322 0.137963
0 809 0.900242 0.446759 0.043531 0.162037
0 810 0.619105 0.433333 0.032648 0.129630
0 814 0.955865 0.521296 0.047158 0.157407
0 818 0.982769 0.457870 0.033253 0.134259
0 819 0.540206 0.286574 0.041717 0.150926
0 820 0.460097 0.205093 0.042322 0.154630
0 824 0.616385 0.469444 0.039299 0.161111
0 825 0.650242 0.457407 0.034462 0.137037
0 826 0.617291 0.498148 0.042322 0.151852
0 827 0.668984 0.374074 0.041717 0.142593
0 828 0.815599 0.844907 0.062878 0.195370
0 829 0.709492 0.552778 0.041717 0.174074
0 830 0.663543 0.562037 0.047763 0.177778
0 831 0.677449 0.459259 0.036880 0.151852
0 832 0.780230 0.868981 0.044135 0.160185
0 833 0.542926 0.488889 0.043531 0.151852
0 834 0.717956 0.506944 0.044135 0.156481
0 835 0.496977 0.217593 0.043531 0.151852
0 836 0.694982 0.347222 0.046554 0.162963
0 837 0.776904 0.507870 0.048368 0.165741
0 839 0.981258 0.811111 0.033857 0.161111
0 840 0.960097 0.819444 0.050786 0.185185
0 841 0.803809 0.572222 0.042926 0.155556
0 842 0.805925 0.517130 0.041112 0.137963
0 844 0.681076 0.503241 0.039299 0.147222
0 845 0.969166 0.487500 0.044740 0.154630
0 846 0.944982 0.577315 0.044740 0.143519
0 847 0.938029 0.487037 0.041717 0.146296
0 848 0.680169 0.542130 0.042322 0.150926
0 851 0.850665 0.491204 0.047158 0.149074
0 852 0.843410 0.578704 0.048368 0.164815
0 853 0.698912 0.427315 0.042322 0.143519
0 856 0.522068 0.406019 0.029625 0.110185
0 857 0.591294 0.337963 0.037485 0.140741
0 858 0.976723 0.558796 0.032044 0.102778
0 861 0.148730 0.282870 0.039903 0.099074
0 862 0.578597 0.494907 0.042322 0.169444
0 863 0.547158 0.442130 0.031439 0.123148
0 864 0.640871 0.336111 0.035067 0.135185
0 866 0.823761 0.487500 0.036880 0.112037
0 869 0.174728 0.764352 0.082225 0.171296
0 870 0.156590 0.731019 0.059250 0.156481
0 881 0.032044 0.408796 0.041112 0.145370
0 882 0.062273 0.404167 0.041112 0.158333
0 883 0.003325 0.145833 0.005441 0.137963
0 884 0.040508 0.157407 0.039903 0.129630
0 885 0.200121 0.235648 0.037485 0.123148
0 886 0.263603 0.192130 0.048368 0.125000
0 887 0.055925 0.221759 0.039299 0.126852
0 888 0.079504 0.166204 0.036880 0.126852
0 889 0.168077 0.105093 0.045949 0.132407
0 890 0.093410 0.212500 0.039299 0.132407
0 891 0.145405 0.086574 0.032044 0.128704
0 892 0.018138 0.518981 0.035067 0.160185
0 893 0.246977 0.112037 0.041717 0.146296
0 894 0.245466 0.167593 0.042322 0.135185
0 895 0.298972 0.135185 0.036880 0.135185
0 896 0.435308 0.233333 0.035067 0.135185
0 898 0.440145 0.063426 0.039903 0.125000
0 899 0.397823 0.148148 0.037485 0.129630
0 900 0.535369 0.166667 0.034462 0.129630
0 901 0.569831 0.148611 0.040508 0.139815
0 902 0.555925 0.118981 0.036880 0.126852
0 903 0.579504 0.101852 0.034462 0.125926
0 904 0.466445 0.151852 0.032044 0.124074
0 905 0.621221 0.087037 0.039299 0.148148
0 906 0.648428 0.090741 0.032044 0.135185
0 907 0.635429 0.040741 0.032648 0.079630
0 908 0.490931 0.175000 0.039903 0.135185
0 909 0.511487 0.200000 0.039903 0.162963
0 910 0.545949 0.197222 0.036276 0.129630
0 911 0.561669 0.214352 0.039903 0.134259
0 912 0.587062 0.233333 0.038694 0.140741
0 913 0.652358 0.200000 0.043531 0.135185
0 914 0.676542 0.213889 0.036276 0.120370
0 915 0.707376 0.224537 0.038694 0.132407
0 916 0.825877 0.209722 0.037485 0.137963
0 917 0.700121 0.277315 0.042322 0.143519
0 918 0.748186 0.423148 0.041717 0.146296
0 919 0.767836 0.404167 0.039903 0.154630
0 920 0.742745 0.324074 0.036880 0.142593
0 921 0.808948 0.375463 0.039903 0.143519
0 922 0.780230 0.336574 0.044135 0.165741
0 923 0.991233 0.158796 0.017533 0.137963
0 924 0.961306 0.147222 0.042322 0.142593
0 925 0.944982 0.108796 0.044740 0.132407
0 926 0.932285 0.144907 0.031439 0.110185
0 927 0.967352 0.178241 0.037485 0.132407
0 928 0.879988 0.471759 0.034462 0.143519
0 931 0.970677 0.380556 0.039299 0.148148
0 932 0.866687 0.210648 0.034462 0.128704
0 933 0.899637 0.211574 0.037485 0.115741
0 934 0.940750 0.385185 0.039903 0.125926
0 935 0.975816 0.331019 0.043531 0.143519
0 936 0.949214 0.301389 0.039903 0.137963
0 937 0.920193 0.306481 0.049577 0.157407
0 938 0.874849 0.184722 0.039903 0.145370
0 939 0.883313 0.167593 0.030230 0.112963
0 940 0.917775 0.554167 0.029021 0.089815
0 941 0.907497 0.062037 0.035067 0.111111
0 942 0.372128 0.055556 0.041717 0.109259
0 943 0.348247 0.060648 0.032648 0.110185
0 944 0.848851 0.170833 0.030230 0.112037
0 945 0.843712 0.206019 0.029625 0.100926
0 946 0.910218 0.197685 0.032044 0.119444
0 947 0.907497 0.171759 0.031439 0.119444
0 948 0.806530 0.368056 0.042322 0.149074
0 949 0.771161 0.372685 0.036880 0.143519
0 951 0.913543 0.367130 0.072551 0.187963
0 956 0.330713 0.057870 0.041112 0.113889
0 957 0.525695 0.059722 0.046554 0.117593
0 958 0.610641 0.058333 0.035067 0.111111
0 959 0.889661 0.052778 0.034462 0.103704
0 960 0.931076 0.044444 0.035067 0.087037
0 961 0.962515 0.053241 0.042322 0.104630
0 978 0.286578 0.041204 0.042322 0.080556
0 979 0.254534 0.035648 0.035067 0.069444
0 981 0.212213 0.037500 0.035067 0.073148
0 1000 0.404474 0.035648 0.039903 0.069444
0 1001 0.575574 0.054167 0.037485 0.106481
0 1002 0.590992 0.053704 0.034462 0.101852
0 1009 0.616082 0.028241 0.035067 0.054630
0 1028 0.113059 0.045370 0.039903 0.088889
0 1029 0.086457 0.043981 0.035067 0.086111
0 1030 0.065296 0.044907 0.035067 0.087963
0 1036 0.581620 0.018981 0.029021 0.036111
0 1037 0.912334 0.047222 0.030230 0.092593
0 1175 0.366989 0.525463 0.039903 0.149074
0 1197 0.113664 0.427315 0.042322 0.149074
0 1198 0.065599 0.659722 0.042926 0.156481
0 1200 0.039601 0.592593 0.046554 0.172222
0 1206 0.103990 0.649537 0.049577 0.169444
0 1284 0.813180 0.326389 0.042322 0.134259
0 1285 0.834341 0.325000 0.033857 0.124074
0 1306 0.255744 0.637037 0.047158 0.168519
0 1307 0.227328 0.613889 0.039903 0.168519
0 1308 0.353688 0.618519 0.035067 0.148148
0 1325 0.227328 0.550463 0.042322 0.149074
0 1326 0.224909 0.522222 0.037485 0.135185
0 1328 0.187122 0.524537 0.041717 0.139815
0 1329 0.193168 0.488889 0.044135 0.142593
0 1330 0.154776 0.514352 0.039903 0.143519
0 1343 0.365780 0.196296 0.033857 0.131481
0 1344 0.386638 0.194444 0.027207 0.124074
0 1444 0.280834 0.419907 0.044135 0.143519
0 1445 0.269045 0.438426 0.037485 0.139815
0 1501 0.195889 0.934259 0.050786 0.131481
0 1549 0.311064 0.747685 0.041717 0.154630
0 1567 0.324970 0.551852 0.039299 0.146296
0 1592 0.342503 0.674537 0.042926 0.156481
0 1594 0.351270 0.707407 0.042322 0.168519
0 1638 0.681378 0.922685 0.054414 0.154630
0 1639 0.744256 0.948611 0.045949 0.104630
0 1640 0.743047 0.918519 0.039903 0.137037
0 1650 0.419891 0.706481 0.061064 0.148148
0 1653 0.629988 0.734722 0.042322 0.150926
0 1655 0.441052 0.505556 0.034462 0.140741
0 1657 0.434401 0.482870 0.034462 0.132407
0 1676 0.184704 0.274074 0.047763 0.146296
0 1716 0.418984 0.559259 0.037485 0.148148
0 1717 0.436215 0.527315 0.036880 0.145370
0 1776 0.240024 0.588889 0.037485 0.140741
0 1777 0.287787 0.571296 0.042322 0.162963
0 1778 0.289601 0.620370 0.039903 0.168519
0 1779 0.321342 0.340741 0.045345 0.131481
0 1780 0.305320 0.379630 0.038694 0.142593
0 1781 0.340387 0.371759 0.039903 0.132407
0 1782 0.307437 0.346296 0.041717 0.151852
0 1799 0.405985 0.432870 0.039299 0.143519
0 1856 0.722491 0.127315 0.033857 0.132407
0 1857 0.693773 0.093981 0.032044 0.123148
0 1862 0.486094 0.521296 0.033857 0.140741
0 1863 0.482467 0.539815 0.037485 0.151852
0 1896 0.619105 0.930556 0.048368 0.138889
0 1897 0.915961 0.801852 0.045949 0.164815
0 1899 0.253325 0.347685 0.037485 0.143519
0 1900 0.542624 0.585648 0.048972 0.154630
0 1901 0.532044 0.564815 0.042322 0.162963
0 1906 0.252116 0.374537 0.032648 0.126852
0 1913 0.652358 0.911111 0.050786 0.164815
