0 793 0.473700 0.284259 0.036880 0.140741
0 794 0.500605 0.262963 0.033857 0.124074
0 797 0.595828 0.764352 0.048972 0.150926
0 798 0.544740 0.775926 0.054414 0.159259
0 801 0.537485 0.365278 0.048368 0.145370
0 802 0.571947 0.433796 0.042322 0.149074
0 803 0.919891 0.855093 0.046554 0.165741
0 804 0.882709 0.850926 0.050786 0.177778
0 805 0.834341 0.850000 0.042322 0.140741
0 809 0.896917 0.411111 0.044135 0.157407
0 810 0.612455 0.410185 0.032648 0.129630
0 814 0.944377 0.488889 0.047158 0.157407
0 818 0.975212 0.428704 0.035067 0.135185
0 819 0.536578 0.267593 0.041717 0.148148
0 820 0.461004 0.189352 0.041717 0.154630
0 824 0.609129 0.441667 0.039299 0.157407
0 825 0.643894 0.437500 0.033857 0.137963
0 826 0.610641 0.466204 0.042322 0.145370
0 827 0.659915 0.348148 0.041717 0.140741
0 828 0.800181 0.785185 0.063482 0.187037
0 829 0.715236 0.526389 0.045949 0.167593
0 830 0.668984 0.546759 0.047763 0.180556
0 831 0.670496 0.440741 0.037485 0.150000
0 832 0.762394 0.803704 0.043531 0.148148
0 833 0.545042 0.468519 0.044135 0.151852
0 834 0.713422 0.481019 0.044740 0.156481
0 835 0.501209 0.203704 0.043531 0.148148
0 836 0.688331 0.326389 0.046554 0.156481
0 837 0.767836 0.468056 0.049577 0.165741
0 839 0.964329 0.770370 0.044740 0.168519
0 840 0.933797 0.772222 0.051391 0.185185
0 841 0.799274 0.538426 0.041112 0.156481
0 842 0.798972 0.476389 0.038089 0.134259
0 844 0.675635 0.474537 0.039299 0.143519
0 845 0.963422 0.459722 0.044135 0.154630
0 846 0.931681 0.540278 0.044740 0.143519
0 847 0.933192 0.456481 0.041717 0.146296
0 848 0.694075 0.518056 0.042322 0.150926
0 851 0.840992 0.462500 0.047158 0.149074
0 852 0.837666 0.539352 0.046554 0.165741
0 853 0.689843 0.400463 0.042322 0.143519
0 854 0.974305 0.726852 0.044135 0.159259
0 856 0.516929 0.376852 0.029021 0.105556
0 857 0.579202 0.310648 0.037485 0.139815
0 858 0.967352 0.524537 0.032648 0.102778
0 861 0.186820 0.266204 0.039903 0.099074
0 862 0.578900 0.462037 0.041717 0.168519
0 863 0.539903 0.414352 0.031439 0.119444
0 864 0.639661 0.325000 0.035067 0.135185
0 866 0.813785 0.456481 0.037485 0.107407
0 869 0.078597 0.739815 0.064087 0.170370
0 870 0.063785 0.711574 0.069528 0.156481
0 880 0.006348 0.156944 0.011487 0.136111
0 881 0.037485 0.371296 0.041112 0.144444
0 882 0.069528 0.366204 0.039903 0.150926
0 883 0.010883 0.120833 0.020556 0.132407
0 884 0.059855 0.137963 0.039903 0.129630
0 885 0.159311 0.236111 0.041717 0.124074
0 886 0.221886 0.196296 0.042322 0.125926
0 887 0.084946 0.201852 0.039299 0.120370
0 888 0.100967 0.145833 0.036276 0.119444
0 889 0.184704 0.084259 0.042926 0.131481
0 890 0.120919 0.196759 0.042322 0.132407
0 891 0.160822 0.065278 0.032648 0.128704
0 892 0.039299 0.469907 0.045949 0.152778
0 893 0.264813 0.096296 0.042322 0.146296
0 894 0.267836 0.142593 0.038694 0.135185
0 895 0.300786 0.108333 0.036880 0.135185
0 896 0.424123 0.205556 0.034462 0.135185
0 898 0.444982 0.051389 0.039903 0.100926
0 899 0.390871 0.126852 0.036880 0.129630
0 900 0.506348 0.132407 0.034462 0.129630
0 901 0.562576 0.124074 0.039299 0.135185
0 902 0.557134 0.092130 0.036880 0.126852
0 903 0.577388 0.086111 0.035067 0.124074
0 904 0.467956 0.143519 0.031439 0.131481
0 905 0.615478 0.064352 0.037485 0.126852
0 906 0.646917 0.064352 0.031439 0.126852
0 907 0.626663 0.033796 0.033253 0.065741
0 908 0.494559 0.162037 0.039903 0.135185
0 909 0.507255 0.187963 0.039903 0.162963
0 910 0.545042 0.186111 0.036880 0.129630
0 911 0.567715 0.199074 0.038694 0.131481
0 912 0.591898 0.207407 0.039903 0.140741
0 913 0.642987 0.175926 0.042926 0.135185
0 914 0.668077 0.195370 0.036276 0.120370
0 915 0.694377 0.201389 0.039299 0.132407
0 916 0.805320 0.183796 0.037485 0.132407
0 917 0.694982 0.255556 0.036880 0.142593
0 918 0.733374 0.386574 0.042322 0.139815
0 919 0.755139 0.373611 0.038694 0.143519
0 920 0.743349 0.309259 0.034462 0.142593
0 921 0.795949 0.345833 0.039299 0.143519
0 922 0.773277 0.304630 0.044740 0.164815
0 923 0.989722 0.125926 0.019347 0.137037
0 924 0.963120 0.121759 0.042322 0.143519
0 925 0.948609 0.084722 0.035067 0.123148
0 926 0.929565 0.123611 0.032044 0.110185
0 927 0.961306 0.158796 0.037485 0.132407
0 928 0.870012 0.431481 0.033857 0.138889
0 931 0.967956 0.346296 0.039903 0.148148
0 932 0.857920 0.193981 0.033857 0.126852
0 933 0.890871 0.199074 0.036880 0.112963
0 934 0.938029 0.350000 0.034462 0.125926
0 935 0.969166 0.298611 0.044740 0.143519
0 936 0.948912 0.270833 0.039299 0.137963
0 937 0.915357 0.275463 0.048368 0.156481
0 938 0.870617 0.170833 0.038694 0.143519
0 939 0.882104 0.154630 0.030230 0.112963
0 940 0.906590 0.516667 0.029625 0.092593
0 941 0.905079 0.048148 0.035067 0.094444
0 942 0.331318 0.050463 0.042322 0.099074
0 943 0.303507 0.054630 0.032648 0.107407
0 944 0.851270 0.154167 0.030230 0.110185
0 945 0.840992 0.185185 0.030230 0.096296
0 946 0.901149 0.180093 0.032044 0.115741
0 947 0.901753 0.156481 0.032044 0.118519
0 948 0.794740 0.333796 0.040508 0.139815
0 949 0.761790 0.345370 0.037485 0.142593
0 951 0.911427 0.337500 0.069528 0.176852
0 956 0.332225 0.046759 0.041717 0.091667
0 957 0.525393 0.042130 0.042322 0.082407
0 958 0.599758 0.045833 0.035067 0.089815
0 959 0.878476 0.042593 0.035067 0.083333
0 960 0.931983 0.035185 0.034462 0.068519
0 961 0.961608 0.041667 0.041717 0.081481
0 1001 0.561669 0.032870 0.037485 0.063889
0 1002 0.576784 0.037037 0.033857 0.072222
0 1029 0.107618 0.032407 0.035067 0.062963
0 1030 0.084039 0.033333 0.035067 0.064815
0 1037 0.908706 0.037963 0.030230 0.074074
0 1175 0.366082 0.527315 0.039299 0.149074
0 1197 0.096735 0.450463 0.042322 0.149074
0 1198 0.056832 0.626852 0.042322 0.162963
0 1200 0.033857 0.560648 0.047158 0.165741
0 1206 0.094921 0.610648 0.045949 0.158333
0 1284 0.812878 0.330093 0.040508 0.134259
0 1285 0.833434 0.327778 0.034462 0.124074
0 1306 0.253325 0.641667 0.047158 0.168519
0 1307 0.225514 0.618981 0.039903 0.165741
0 1308 0.353083 0.619444 0.035067 0.148148
0 1325 0.225514 0.552315 0.042322 0.149074
0 1326 0.223700 0.527778 0.037485 0.135185
0 1328 0.185913 0.526389 0.041717 0.139815
0 1329 0.191657 0.491667 0.044740 0.142593
0 1330 0.154776 0.514352 0.039903 0.143519
0 1343 0.364571 0.200000 0.033857 0.131481
0 1344 0.386638 0.197222 0.027207 0.124074
0 1444 0.276300 0.418519 0.049577 0.142593
0 1445 0.268742 0.440278 0.036880 0.139815
0 1501 0.201330 0.931019 0.047158 0.137963
0 1549 0.308646 0.750463 0.041717 0.154630
0 1567 0.324970 0.553704 0.039299 0.146296
0 1592 0.343108 0.676389 0.039299 0.156481
0 1594 0.350665 0.710185 0.042322 0.164815
0 1638 0.676542 0.911111 0.054414 0.175926
0 1639 0.740629 0.932407 0.050786 0.137037
0 1640 0.732164 0.894907 0.039903 0.137963
0 1650 0.420496 0.710185 0.057437 0.148148
0 1653 0.622733 0.724537 0.053204 0.143519
0 1655 0.438634 0.507407 0.034462 0.140741
0 1657 0.430774 0.481944 0.034462 0.132407
0 1676 0.212817 0.256019 0.042322 0.143519
0 1716 0.420496 0.561111 0.036880 0.148148
0 1717 0.434401 0.533796 0.036880 0.145370
0 1776 0.238815 0.593519 0.037485 0.140741
0 1777 0.285973 0.573148 0.042322 0.162963
0 1778 0.289601 0.622222 0.039903 0.168519
0 1779 0.326179 0.344907 0.036880 0.132407
0 1780 0.305320 0.381481 0.038694 0.142593
0 1781 0.337062 0.367593 0.036880 0.131481
0 1782 0.304414 0.347685 0.036880 0.150926
0 1799 0.405381 0.435648 0.039299 0.143519
0 1856 0.745768 0.148148 0.034462 0.142593
0 1857 0.716143 0.104167 0.032044 0.123148
0 1862 0.486699 0.525926 0.033857 0.140741
0 1863 0.482467 0.540741 0.037485 0.151852
0 1866 0.876058 0.981019 0.043531 0.039815
0 1896 0.612455 0.895370 0.048368 0.181481
0 1897 0.897219 0.765278 0.042322 0.165741
0 1899 0.244861 0.352315 0.037485 0.143519
0 1900 0.542926 0.560648 0.048368 0.154630
0 1901 0.538392 0.535185 0.041717 0.162963
0 1906 0.250302 0.374537 0.032648 0.126852
0 1913 0.660520 0.863889 0.046554 0.174074
