0 791 0.450726 0.925463 0.038089 0.130556
0 792 0.006046 0.321296 0.010883 0.135185
0 793 0.487304 0.210185 0.035067 0.129630
0 794 0.495768 0.194444 0.029021 0.118519
0 795 0.923519 0.528241 0.039299 0.149074
0 796 0.413241 0.905093 0.055018 0.167593
0 797 0.580411 0.566204 0.036276 0.152778
0 798 0.538694 0.566204 0.050786 0.154630
0 799 0.947400 0.679630 0.044740 0.153704
0 801 0.537485 0.252778 0.041112 0.137037
0 802 0.556530 0.293056 0.034462 0.126852
0 803 0.798368 0.563426 0.041717 0.143519
0 804 0.767231 0.561111 0.042322 0.164815
0 805 0.734281 0.550463 0.036880 0.134259
0 808 0.966445 0.260185 0.036880 0.135185
0 809 0.877872 0.241667 0.043531 0.144444
0 810 0.558948 0.244907 0.030834 0.112037
0 814 0.922612 0.362037 0.039903 0.159259
0 816 0.964329 0.342130 0.035067 0.145370
0 818 0.944377 0.312963 0.037485 0.135185
0 819 0.530834 0.181481 0.035067 0.135185
0 820 0.504534 0.144907 0.030834 0.137963
0 824 0.592503 0.292593 0.032648 0.135185
0 825 0.605804 0.297685 0.032648 0.145370
0 826 0.593712 0.318519 0.036276 0.135185
0 827 0.702539 0.265278 0.036276 0.126852
0 828 0.749698 0.465278 0.066505 0.162037
0 829 0.801088 0.382407 0.044740 0.146296
0 830 0.724305 0.379630 0.041112 0.159259
0 831 0.627872 0.277315 0.032044 0.115741
0 832 0.679262 0.492593 0.034462 0.135185
0 833 0.626360 0.352315 0.045949 0.143519
0 834 0.668380 0.336574 0.044135 0.139815
0 835 0.540206 0.150000 0.040508 0.148148
0 836 0.649637 0.200000 0.046554 0.135185
0 837 0.728235 0.263426 0.038089 0.145370
0 838 0.871826 0.537963 0.038694 0.157407
0 839 0.846433 0.505556 0.037485 0.140741
0 840 0.822854 0.504630 0.038694 0.151852
0 841 0.743954 0.322222 0.032044 0.131481
0 842 0.752418 0.279167 0.032044 0.126852
0 844 0.641475 0.336111 0.037485 0.142593
0 845 0.932588 0.341204 0.038089 0.136111
0 846 0.889057 0.383333 0.036880 0.135185
0 847 0.899033 0.325000 0.037485 0.118519
0 848 0.779021 0.373148 0.041717 0.140741
0 851 0.770254 0.303241 0.033857 0.128704
0 852 0.775695 0.329630 0.039903 0.151852
0 853 0.657799 0.288889 0.039903 0.135185
0 854 0.858827 0.467130 0.032044 0.132407
0 856 0.527811 0.248611 0.024184 0.087963
0 857 0.568622 0.208333 0.033253 0.125926
0 858 0.941052 0.395370 0.034462 0.107407
0 859 0.755139 0.617593 0.044740 0.170370
0 860 0.808948 0.621296 0.039903 0.151852
0 861 0.378779 0.153241 0.028416 0.100926
0 862 0.654172 0.357870 0.044740 0.147222
0 863 0.550786 0.286111 0.029021 0.111111
0 864 0.685611 0.254167 0.027811 0.121296
0 866 0.761790 0.311111 0.035067 0.101852
0 867 0.026300 0.985185 0.036880 0.029630
0 871 0.109129 0.853241 0.052600 0.171296
0 875 0.131499 0.222685 0.041717 0.145370
0 876 0.040206 0.116204 0.039299 0.143519
0 877 0.070435 0.137963 0.039299 0.142593
0 878 0.101572 0.143056 0.036276 0.139815
0 879 0.116687 0.112037 0.042322 0.135185
0 881 0.121524 0.181944 0.037485 0.128704
0 882 0.145707 0.179167 0.037485 0.143519
0 884 0.162938 0.039815 0.032044 0.077778
0 887 0.263603 0.076389 0.031439 0.115741
0 888 0.199214 0.040278 0.035671 0.078704
0 890 0.292019 0.075463 0.035067 0.126852
0 892 0.279927 0.260185 0.044740 0.137037
0 895 0.374849 0.032407 0.032648 0.062963
0 896 0.333434 0.080093 0.029625 0.126852
0 899 0.440750 0.078241 0.039903 0.123148
0 900 0.369407 0.039815 0.030230 0.077778
0 901 0.423216 0.036574 0.035067 0.071296
0 904 0.485490 0.092130 0.031439 0.137963
0 908 0.511487 0.101852 0.033857 0.131481
0 909 0.524788 0.118981 0.035067 0.143519
0 910 0.555018 0.121759 0.035067 0.132407
0 911 0.555018 0.067130 0.041112 0.123148
0 912 0.582527 0.069444 0.032044 0.122222
0 913 0.648126 0.051852 0.032648 0.101852
0 914 0.666264 0.055093 0.031439 0.106481
0 915 0.688634 0.063889 0.031439 0.118519
0 916 0.677751 0.033796 0.033857 0.065741
0 917 0.662334 0.178704 0.027207 0.120370
0 918 0.720979 0.229167 0.032044 0.126852
0 919 0.733978 0.230556 0.032648 0.135185
0 920 0.709190 0.165278 0.033857 0.121296
0 921 0.748489 0.213426 0.033857 0.137963
0 922 0.876058 0.157407 0.032648 0.124074
0 927 0.951028 0.039352 0.032648 0.076852
0 928 0.845526 0.250926 0.027207 0.120370
0 929 0.970073 0.229630 0.034462 0.138889
0 930 0.970979 0.150463 0.037485 0.132407
0 931 0.946493 0.176389 0.036880 0.132407
0 932 0.888452 0.102778 0.032044 0.129630
0 933 0.919589 0.098148 0.035067 0.127778
0 934 0.923216 0.182870 0.032648 0.123148
0 935 0.932588 0.125463 0.030834 0.128704
0 936 0.983071 0.091204 0.032648 0.130556
0 937 0.961004 0.093056 0.034462 0.121296
0 938 0.905683 0.066667 0.032648 0.125926
0 939 0.883011 0.056481 0.029625 0.109259
0 940 0.893894 0.382407 0.029625 0.090741
0 944 0.866989 0.049537 0.030230 0.089815
0 945 0.877570 0.088889 0.028416 0.087037
0 946 0.921100 0.080556 0.032044 0.107407
0 947 0.911729 0.054630 0.030230 0.098148
0 948 0.757255 0.199074 0.034462 0.124074
0 949 0.731560 0.167593 0.035067 0.112963
0 950 0.086759 0.029630 0.023579 0.057407
0 951 0.892684 0.201852 0.064692 0.168519
0 1175 0.369105 0.564815 0.036880 0.148148
0 1197 0.073761 0.468519 0.039903 0.151852
0 1198 0.052902 0.517593 0.039299 0.151852
0 1200 0.025998 0.494907 0.035067 0.162037
0 1206 0.094921 0.512037 0.043531 0.155556
0 1284 0.834643 0.381019 0.039299 0.128704
0 1285 0.844015 0.359722 0.031439 0.126852
0 1306 0.253930 0.674537 0.044740 0.165741
0 1307 0.224909 0.664352 0.037485 0.160185
0 1308 0.354595 0.651852 0.039299 0.137037
0 1325 0.222793 0.581944 0.032044 0.134259
0 1326 0.229141 0.574074 0.033857 0.153704
0 1328 0.185308 0.565741 0.040508 0.148148
0 1329 0.190447 0.532870 0.044740 0.154630
0 1330 0.152963 0.549074 0.037485 0.142593
0 1343 0.367291 0.237037 0.032044 0.129630
0 1344 0.388150 0.234722 0.032648 0.126852
0 1412 0.503023 0.922685 0.051995 0.141667
0 1413 0.548368 0.931019 0.054414 0.137963
0 1444 0.278416 0.452315 0.038089 0.128704
0 1445 0.271463 0.475463 0.036276 0.143519
0 1501 0.261790 0.944444 0.042322 0.112963
0 1549 0.311064 0.789352 0.041717 0.154630
0 1567 0.300484 0.580093 0.035067 0.147222
0 1592 0.343712 0.709722 0.036880 0.152778
0 1594 0.352177 0.744444 0.044135 0.168519
0 1638 0.637243 0.786574 0.047158 0.184259
0 1639 0.679867 0.815278 0.045345 0.165741
0 1640 0.688331 0.783333 0.035671 0.146296
0 1650 0.423821 0.746296 0.049577 0.146296
0 1653 0.642684 0.661574 0.054414 0.149074
0 1655 0.451028 0.537963 0.038694 0.135185
0 1657 0.425635 0.515278 0.032648 0.137963
0 1676 0.396010 0.151852 0.035067 0.137037
0 1716 0.421705 0.597222 0.032044 0.148148
0 1717 0.430169 0.569907 0.033253 0.150926
0 1776 0.235187 0.638426 0.032648 0.145370
0 1777 0.288694 0.602778 0.041717 0.151852
0 1778 0.289299 0.653241 0.032044 0.173148
0 1779 0.331620 0.383796 0.034462 0.126852
0 1780 0.311064 0.418981 0.044135 0.154630
0 1781 0.339178 0.404630 0.037485 0.129630
0 1782 0.296252 0.382870 0.037485 0.143519
0 1798 0.843410 0.745833 0.051995 0.171296
0 1799 0.404474 0.469907 0.037485 0.143519
0 1800 0.849758 0.666667 0.042926 0.151852
0 1806 0.694680 0.736574 0.042322 0.137963
0 1824 0.807739 0.953704 0.054414 0.092593
0 1838 0.841294 0.953704 0.041717 0.094444
0 1856 0.948005 0.282870 0.033857 0.128704
0 1857 0.800786 0.211111 0.028416 0.129630
0 1858 0.746675 0.841667 0.058041 0.190741
0 1862 0.489117 0.547222 0.033857 0.129630
0 1863 0.487908 0.577315 0.036276 0.152778
0 1865 0.808041 0.741204 0.042926 0.176852
0 1866 0.765115 0.718056 0.058646 0.182407
0 1868 0.053809 0.845833 0.062878 0.173148
0 1869 0.019045 0.853241 0.036880 0.150926
0 1893 0.703144 0.848611 0.054414 0.160185
0 1894 0.772068 0.905556 0.042322 0.142593
0 1895 0.811366 0.905556 0.055623 0.170370
0 1896 0.729141 0.643981 0.043531 0.149074
0 1897 0.787183 0.500000 0.033857 0.146296
0 1898 0.842503 0.860648 0.048972 0.187963
0 1899 0.294740 0.354630 0.039299 0.140741
0 1900 0.429565 0.408796 0.040508 0.162037
0 1901 0.487304 0.370833 0.032648 0.154630
0 1906 0.303809 0.373611 0.034462 0.117593
0 1912 0.895103 0.512963 0.039299 0.155556
0 1913 0.766022 0.651852 0.043531 0.146296
0 1914 0.969770 0.472685 0.035067 0.156481
0 1915 0.885732 0.819907 0.042322 0.150926
0 1916 0.793229 0.818519 0.056832 0.174074
0 1920 0.857920 0.865278 0.037485 0.134259
