0 791 0.434704 0.950926 0.038694 0.098148
0 793 0.481862 0.216667 0.035067 0.129630
0 794 0.493954 0.204630 0.029021 0.118519
0 795 0.935913 0.544444 0.042322 0.151852
0 796 0.395707 0.934259 0.056227 0.131481
0 797 0.583434 0.584259 0.037485 0.140741
0 798 0.544135 0.594444 0.049577 0.157407
0 799 0.979444 0.699074 0.037485 0.148148
0 801 0.536276 0.263889 0.041112 0.138889
0 802 0.555018 0.306481 0.035067 0.127778
0 803 0.811366 0.595370 0.042322 0.148148
0 804 0.779927 0.587037 0.042322 0.164815
0 805 0.745163 0.582870 0.036880 0.134259
0 808 0.974909 0.277778 0.036880 0.135185
0 809 0.882709 0.262037 0.043531 0.138889
0 810 0.561366 0.261574 0.032044 0.115741
0 814 0.919589 0.371296 0.039903 0.161111
0 816 0.966747 0.346759 0.036276 0.145370
0 818 0.939541 0.330556 0.037485 0.135185
0 819 0.530230 0.192593 0.035067 0.135185
0 820 0.498186 0.152315 0.030230 0.137963
0 824 0.591898 0.308333 0.032648 0.135185
0 825 0.606106 0.313426 0.032044 0.145370
0 826 0.596131 0.337500 0.036276 0.139815
0 827 0.695284 0.277315 0.037485 0.130556
0 828 0.751511 0.493981 0.060459 0.162037
0 829 0.800181 0.400926 0.044135 0.146296
0 830 0.714933 0.397685 0.042926 0.160185
0 831 0.630593 0.297685 0.031439 0.115741
0 832 0.681076 0.531944 0.034462 0.143519
0 833 0.605502 0.362500 0.046554 0.143519
0 834 0.671705 0.347685 0.044740 0.139815
0 835 0.532648 0.163426 0.042322 0.149074
0 836 0.654474 0.213889 0.045345 0.135185
0 837 0.723700 0.287963 0.038694 0.146296
0 838 0.883615 0.562037 0.040508 0.157407
0 839 0.858827 0.530556 0.036880 0.140741
0 840 0.831620 0.527778 0.039299 0.151852
0 841 0.749093 0.349537 0.031439 0.132407
0 842 0.746977 0.296759 0.032044 0.126852
0 844 0.642987 0.351852 0.036880 0.142593
0 845 0.939541 0.362037 0.037485 0.135185
0 846 0.889964 0.395370 0.036276 0.135185
0 847 0.900242 0.337037 0.037485 0.118519
0 848 0.775695 0.388889 0.042322 0.140741
0 851 0.769649 0.319444 0.035067 0.129630
0 852 0.781439 0.349074 0.040508 0.151852
0 853 0.656288 0.303704 0.039299 0.135185
0 854 0.869105 0.493981 0.034462 0.132407
0 856 0.525998 0.261574 0.024184 0.087963
0 857 0.569831 0.219444 0.030834 0.125926
0 858 0.940447 0.404630 0.034462 0.107407
0 859 0.784764 0.650926 0.047158 0.170370
0 860 0.827993 0.654167 0.042926 0.150926
0 861 0.360339 0.170833 0.031439 0.100926
0 862 0.640266 0.370370 0.044740 0.148148
0 863 0.548972 0.300000 0.029021 0.112963
0 864 0.679565 0.261111 0.026602 0.120370
0 866 0.761790 0.324074 0.035067 0.101852
0 867 0.061669 0.982870 0.037485 0.036111
0 871 0.064692 0.803241 0.047158 0.154630
0 875 0.108222 0.244907 0.041112 0.145370
0 876 0.019045 0.131944 0.036880 0.143519
0 877 0.058041 0.155556 0.039903 0.142593
0 878 0.084643 0.162500 0.036276 0.139815
0 879 0.103990 0.128704 0.042322 0.135185
0 880 0.084643 0.038426 0.035067 0.075000
0 881 0.107618 0.204167 0.037485 0.128704
0 882 0.133011 0.199537 0.037485 0.143519
0 884 0.146312 0.046296 0.035067 0.090741
0 887 0.242443 0.090278 0.031439 0.115741
0 888 0.185913 0.050463 0.036880 0.099074
0 890 0.269347 0.092130 0.034462 0.126852
0 892 0.256348 0.289352 0.045949 0.139815
0 894 0.414752 0.049537 0.037485 0.097222
0 895 0.376663 0.036574 0.032648 0.071296
0 896 0.343712 0.086574 0.029625 0.126852
0 899 0.422612 0.083796 0.039903 0.123148
0 900 0.383011 0.041667 0.032044 0.081481
0 901 0.439541 0.041667 0.035067 0.081481
0 904 0.485490 0.100926 0.031439 0.137037
0 908 0.510883 0.107407 0.035067 0.131481
0 909 0.522068 0.123611 0.035671 0.136111
0 910 0.550181 0.131944 0.035067 0.132407
0 911 0.551391 0.077778 0.048368 0.125926
0 912 0.582830 0.088426 0.032648 0.125000
0 913 0.640871 0.057870 0.032648 0.113889
0 914 0.660520 0.067593 0.030834 0.111111
0 915 0.681378 0.078704 0.031439 0.118519
0 916 0.674426 0.047222 0.036880 0.092593
0 917 0.660218 0.189815 0.031439 0.116667
0 918 0.715840 0.246759 0.031439 0.126852
0 919 0.736397 0.242593 0.032648 0.135185
0 920 0.722491 0.177315 0.033857 0.121296
0 921 0.753325 0.225463 0.033857 0.137963
0 922 0.864268 0.174074 0.032044 0.124074
0 927 0.944982 0.047222 0.032648 0.092593
0 928 0.852177 0.264815 0.027207 0.120370
0 929 0.970979 0.250000 0.035067 0.140741
0 930 0.966143 0.173611 0.037485 0.132407
0 931 0.944075 0.190741 0.036880 0.131481
0 932 0.880593 0.111111 0.032044 0.129630
0 933 0.912938 0.111111 0.036276 0.129630
0 934 0.918682 0.196759 0.032044 0.123148
0 935 0.931983 0.143056 0.029625 0.128704
0 936 0.980653 0.112500 0.033857 0.128704
0 937 0.954353 0.107870 0.034462 0.121296
0 938 0.906590 0.080556 0.032044 0.125926
0 939 0.899033 0.073611 0.030230 0.121296
0 940 0.894800 0.394444 0.030230 0.092593
0 944 0.879081 0.069444 0.030230 0.096296
0 945 0.874244 0.108796 0.030230 0.093519
0 946 0.921705 0.100000 0.032044 0.107407
0 947 0.918984 0.068056 0.030230 0.104630
0 948 0.767533 0.219444 0.034462 0.124074
0 949 0.737606 0.196296 0.035067 0.112963
0 950 0.067110 0.036111 0.029021 0.070370
0 951 0.892684 0.207407 0.064692 0.168519
0 1175 0.368501 0.560185 0.035671 0.148148
0 1197 0.073761 0.469444 0.039903 0.153704
0 1198 0.048065 0.521296 0.039299 0.153704
0 1200 0.027811 0.494907 0.035067 0.162037
0 1206 0.094921 0.512500 0.042322 0.154630
0 1284 0.834039 0.377315 0.040508 0.128704
0 1285 0.841596 0.356019 0.031439 0.126852
0 1306 0.253325 0.672685 0.044740 0.165741
0 1307 0.224305 0.659722 0.037485 0.160185
0 1308 0.354595 0.647222 0.039299 0.137037
0 1325 0.221886 0.580093 0.031439 0.134259
0 1326 0.228235 0.570833 0.034462 0.154630
0 1328 0.181983 0.562500 0.042322 0.145370
0 1329 0.190447 0.529167 0.044740 0.154630
0 1330 0.151149 0.544444 0.037485 0.142593
0 1343 0.364873 0.233333 0.032044 0.129630
0 1344 0.386336 0.230093 0.031439 0.126852
0 1412 0.495768 0.943056 0.051995 0.115741
0 1413 0.539903 0.949537 0.053204 0.102778
0 1444 0.278416 0.450463 0.038089 0.128704
0 1445 0.270859 0.475463 0.036276 0.143519
0 1501 0.259674 0.943056 0.041717 0.115741
0 1549 0.308948 0.785648 0.042322 0.154630
0 1567 0.309553 0.586574 0.035067 0.145370
0 1592 0.342201 0.710185 0.037485 0.151852
0 1594 0.351572 0.740278 0.044135 0.167593
0 1638 0.636336 0.803704 0.051391 0.177778
0 1639 0.688634 0.827315 0.047158 0.162037
0 1640 0.689843 0.795370 0.037485 0.146296
0 1650 0.423216 0.742130 0.049577 0.145370
0 1653 0.647521 0.659259 0.039903 0.148148
0 1655 0.448307 0.535648 0.036880 0.134259
0 1657 0.425030 0.512500 0.032648 0.137963
0 1676 0.377872 0.163889 0.035067 0.137037
0 1716 0.420496 0.593519 0.032044 0.148148
0 1717 0.426239 0.568981 0.032648 0.150926
0 1776 0.233978 0.632870 0.031439 0.141667
0 1777 0.288392 0.601852 0.042322 0.151852
0 1778 0.288996 0.652315 0.032648 0.173148
0 1779 0.328900 0.383796 0.033857 0.126852
0 1780 0.308343 0.418056 0.044740 0.156481
0 1781 0.337364 0.402778 0.036276 0.129630
0 1782 0.295647 0.381944 0.037485 0.143519
0 1798 0.873942 0.758333 0.051391 0.170370
0 1799 0.403869 0.467130 0.037485 0.143519
0 1800 0.870012 0.681019 0.051995 0.150926
0 1806 0.716143 0.757870 0.044135 0.137963
0 1824 0.827993 0.971296 0.036880 0.059259
0 1838 0.856409 0.970833 0.035671 0.060185
0 1856 0.924728 0.264352 0.030834 0.128704
0 1857 0.788392 0.202315 0.030230 0.128704
0 1858 0.740629 0.872222 0.056832 0.194444
0 1862 0.483071 0.558333 0.031439 0.129630
0 1863 0.484583 0.577778 0.036880 0.153704
0 1865 0.814692 0.774537 0.041717 0.176852
0 1866 0.772068 0.750000 0.059250 0.181481
0 1868 0.057437 0.885648 0.062878 0.175000
0 1869 0.015115 0.894444 0.029021 0.153704
0 1893 0.693470 0.878241 0.054414 0.162037
0 1894 0.766929 0.937963 0.042926 0.122222
0 1895 0.811064 0.931019 0.056227 0.139815
0 1896 0.718863 0.666667 0.044740 0.151852
0 1897 0.799577 0.526852 0.034462 0.148148
0 1898 0.829202 0.883333 0.048972 0.162963
0 1899 0.286578 0.355556 0.038694 0.140741
0 1900 0.442563 0.426852 0.042322 0.162963
0 1901 0.496372 0.386574 0.032648 0.154630
0 1906 0.275091 0.383796 0.036276 0.121296
0 1912 0.905985 0.529630 0.039299 0.153704
0 1913 0.753325 0.668519 0.043531 0.146296
0 1914 0.977025 0.489352 0.035067 0.156481
0 1915 0.874547 0.854630 0.041717 0.151852
0 1916 0.790206 0.846296 0.056832 0.174074
0 1920 0.850060 0.903704 0.036276 0.135185
