0 793 0.466143 0.232407 0.035067 0.129630
0 794 0.493954 0.223148 0.029021 0.118519
0 795 0.974305 0.593519 0.038089 0.153704
0 797 0.578597 0.649537 0.037485 0.149074
0 798 0.533555 0.654167 0.053809 0.158333
0 801 0.534462 0.294444 0.042322 0.146296
0 802 0.556832 0.344444 0.036276 0.131481
0 803 0.847340 0.685648 0.041717 0.160185
0 804 0.810157 0.671759 0.044740 0.165741
0 805 0.770556 0.669444 0.039299 0.138889
0 808 0.982769 0.325926 0.034462 0.140741
0 809 0.899637 0.288889 0.038694 0.140741
0 810 0.582225 0.303241 0.031439 0.115741
0 814 0.923216 0.398148 0.039903 0.168519
0 816 0.972793 0.359259 0.038694 0.146296
0 818 0.941354 0.355556 0.037485 0.142593
0 819 0.534160 0.211111 0.034462 0.135185
0 820 0.485490 0.169907 0.030230 0.137963
0 824 0.593108 0.348148 0.032648 0.135185
0 825 0.615780 0.352778 0.033253 0.146296
0 826 0.603990 0.367593 0.036276 0.140741
0 827 0.664450 0.300926 0.037485 0.137037
0 828 0.759371 0.570370 0.056832 0.151852
0 829 0.769045 0.448148 0.044740 0.157407
0 830 0.698307 0.464815 0.045949 0.179630
0 831 0.637848 0.331944 0.031439 0.115741
0 832 0.693470 0.620370 0.033857 0.135185
0 833 0.572854 0.399074 0.044135 0.151852
0 834 0.678658 0.382870 0.044135 0.145370
0 835 0.518742 0.177315 0.042322 0.149074
0 836 0.670193 0.250926 0.040508 0.135185
0 837 0.717654 0.333796 0.038694 0.145370
0 838 0.922007 0.637963 0.043531 0.162963
0 839 0.890871 0.593981 0.032044 0.134259
0 840 0.862152 0.594907 0.042322 0.150926
0 841 0.762092 0.400926 0.034462 0.140741
0 842 0.740326 0.340278 0.032044 0.115741
0 844 0.640568 0.393519 0.038089 0.142593
0 845 0.948609 0.369444 0.038694 0.129630
0 846 0.896614 0.426852 0.036276 0.142593
0 847 0.904474 0.365278 0.037485 0.117593
0 848 0.748791 0.431019 0.039299 0.145370
0 851 0.781137 0.357407 0.035067 0.129630
0 852 0.802600 0.396759 0.041717 0.150926
0 853 0.659311 0.327778 0.039299 0.135185
0 854 0.900242 0.564352 0.037485 0.132407
0 856 0.520556 0.293519 0.024184 0.090741
0 857 0.565901 0.237500 0.032648 0.126852
0 858 0.945284 0.428704 0.034462 0.107407
0 859 0.848247 0.742593 0.056832 0.170370
0 860 0.887848 0.738889 0.046554 0.157407
0 861 0.287787 0.197685 0.037485 0.104630
0 862 0.606409 0.395370 0.042322 0.155556
0 863 0.544135 0.333796 0.030230 0.117593
0 864 0.649335 0.280556 0.032648 0.120370
0 866 0.764813 0.368056 0.033857 0.100926
0 867 0.188029 0.974537 0.037485 0.052778
0 875 0.052902 0.308796 0.044135 0.154630
0 877 0.009069 0.196296 0.016929 0.142593
0 878 0.028114 0.205093 0.035671 0.139815
0 879 0.047158 0.169444 0.041112 0.135185
0 880 0.040508 0.062963 0.042322 0.124074
0 881 0.076179 0.250926 0.039903 0.129630
0 882 0.105804 0.248148 0.042322 0.142593
0 883 0.084946 0.053704 0.034462 0.105556
0 884 0.100363 0.060185 0.033857 0.118519
0 885 0.012999 0.262037 0.024788 0.129630
0 886 0.040508 0.220833 0.036276 0.134259
0 887 0.185006 0.122222 0.032648 0.124074
0 888 0.163241 0.079167 0.036276 0.121296
0 889 0.248186 0.037037 0.024788 0.072222
0 890 0.215538 0.125926 0.033253 0.127778
0 892 0.178356 0.346759 0.049577 0.143519
0 893 0.315599 0.044444 0.042322 0.087037
0 894 0.370617 0.064352 0.037485 0.125000
0 895 0.345828 0.050926 0.031439 0.100000
0 896 0.395405 0.124074 0.032648 0.135185
0 899 0.398428 0.093519 0.035067 0.120370
0 900 0.414148 0.056019 0.032648 0.110185
0 901 0.472491 0.066204 0.034462 0.130556
0 902 0.563482 0.034722 0.030230 0.067593
0 903 0.585248 0.034722 0.032648 0.067593
0 904 0.477025 0.112500 0.032648 0.128704
0 908 0.498489 0.115741 0.034462 0.131481
0 909 0.510278 0.138889 0.036276 0.125926
0 910 0.551995 0.154630 0.032648 0.135185
0 911 0.562576 0.119444 0.040508 0.127778
0 912 0.596735 0.126389 0.031439 0.126852
0 913 0.633615 0.084722 0.032648 0.130556
0 914 0.652660 0.108796 0.029625 0.115741
0 915 0.674123 0.116204 0.030230 0.117593
0 916 0.697098 0.081019 0.036276 0.139815
0 917 0.674728 0.222685 0.032648 0.115741
0 918 0.713120 0.284259 0.032044 0.125926
0 919 0.733374 0.277778 0.032648 0.135185
0 920 0.727328 0.214815 0.042322 0.120370
0 921 0.768138 0.260648 0.033253 0.139815
0 922 0.816808 0.205556 0.032648 0.124074
0 923 0.990024 0.050463 0.018742 0.099074
0 924 0.956167 0.056481 0.035671 0.109259
0 926 0.928053 0.038889 0.030230 0.075926
0 927 0.932285 0.067130 0.032648 0.121296
0 928 0.871826 0.306481 0.031439 0.133333
0 929 0.970677 0.293981 0.034462 0.139815
0 930 0.974607 0.210648 0.037485 0.132407
0 931 0.949819 0.237037 0.037485 0.131481
0 932 0.860641 0.137963 0.032044 0.129630
0 933 0.886638 0.146296 0.036880 0.120370
0 934 0.921403 0.247685 0.032648 0.123148
0 935 0.945889 0.196296 0.034462 0.129630
0 936 0.959492 0.157407 0.031439 0.129630
0 937 0.933797 0.153241 0.034462 0.121296
0 938 0.883615 0.108796 0.032044 0.126852
0 939 0.896917 0.112500 0.030834 0.121296
0 940 0.892684 0.426852 0.029625 0.096296
0 944 0.880290 0.107870 0.030230 0.099074
0 945 0.856106 0.131019 0.030230 0.093519
0 946 0.910520 0.130556 0.032648 0.107407
0 947 0.920193 0.108333 0.030230 0.107407
0 948 0.769952 0.243519 0.034462 0.124074
0 949 0.742745 0.237500 0.034462 0.112037
0 950 0.021765 0.056481 0.031439 0.111111
0 951 0.904776 0.254630 0.064692 0.168519
0 1175 0.365780 0.540278 0.035067 0.149074
0 1197 0.074970 0.474074 0.041112 0.151852
0 1198 0.039601 0.526389 0.039299 0.147222
0 1200 0.024184 0.494907 0.035067 0.162037
0 1206 0.088573 0.519907 0.048972 0.156481
0 1284 0.824365 0.352315 0.036880 0.128704
0 1285 0.835852 0.342593 0.032044 0.125926
0 1306 0.251511 0.654167 0.044740 0.165741
0 1307 0.220375 0.641667 0.038089 0.161111
0 1308 0.353688 0.634259 0.037485 0.140741
0 1325 0.217352 0.563889 0.034462 0.135185
0 1326 0.224305 0.548611 0.033857 0.147222
0 1328 0.184401 0.543981 0.038694 0.149074
0 1329 0.190447 0.513426 0.044740 0.154630
0 1330 0.149033 0.525000 0.036880 0.142593
0 1343 0.363059 0.214815 0.032044 0.129630
0 1344 0.383918 0.213889 0.031439 0.125926
0 1444 0.270254 0.432407 0.037485 0.129630
0 1445 0.269045 0.458796 0.036276 0.141667
0 1501 0.256953 0.937500 0.041112 0.125000
0 1549 0.306832 0.769444 0.040508 0.153704
0 1567 0.322854 0.568056 0.035067 0.149074
0 1592 0.343712 0.692593 0.038089 0.151852
0 1594 0.351572 0.726852 0.044135 0.164815
0 1638 0.643894 0.832407 0.051995 0.181481
0 1639 0.697703 0.865741 0.047158 0.161111
0 1640 0.696493 0.828241 0.037485 0.145370
0 1650 0.420496 0.729167 0.048972 0.145370
0 1653 0.640568 0.665741 0.051391 0.144444
0 1655 0.445889 0.508796 0.032044 0.126852
0 1657 0.425937 0.498611 0.033253 0.136111
0 1676 0.318319 0.189815 0.034462 0.137037
0 1716 0.419589 0.580556 0.033857 0.148148
0 1717 0.426239 0.547222 0.036276 0.151852
0 1776 0.234583 0.613426 0.032648 0.145370
0 1777 0.287183 0.586574 0.047158 0.156481
0 1778 0.288694 0.639352 0.035671 0.171296
0 1779 0.327690 0.369444 0.035067 0.129630
0 1780 0.307134 0.404167 0.043531 0.154630
0 1781 0.332830 0.384722 0.036880 0.130556
0 1782 0.299274 0.371759 0.037485 0.147222
0 1798 0.947400 0.789352 0.056832 0.165741
0 1799 0.402963 0.449537 0.038089 0.143519
0 1800 0.956771 0.712963 0.046554 0.157407
0 1806 0.748791 0.851852 0.044135 0.137037
0 1856 0.857920 0.218981 0.029021 0.128704
0 1857 0.748186 0.169907 0.033253 0.128704
0 1858 0.707376 0.931944 0.064087 0.137963
0 1862 0.480653 0.540741 0.031439 0.129630
0 1863 0.481862 0.557870 0.038694 0.145370
0 1865 0.851874 0.874074 0.047158 0.183333
0 1866 0.804716 0.848148 0.062878 0.181481
0 1868 0.058646 0.952315 0.056832 0.097222
0 1869 0.005744 0.966204 0.010278 0.069444
0 1893 0.654474 0.927315 0.062273 0.143519
0 1896 0.680169 0.722685 0.045949 0.160185
0 1897 0.831318 0.592130 0.037485 0.152778
0 1898 0.808343 0.945833 0.047158 0.110185
0 1899 0.243047 0.362500 0.038694 0.139815
0 1900 0.476421 0.462037 0.042322 0.162963
0 1901 0.507255 0.426389 0.035067 0.154630
0 1906 0.249698 0.393056 0.033857 0.121296
0 1912 0.942261 0.600463 0.044135 0.165741
0 1913 0.720073 0.721759 0.043531 0.145370
0 1915 0.854293 0.935185 0.038694 0.129630
0 1916 0.767836 0.925463 0.058041 0.150926
0 1920 0.828900 0.969444 0.031439 0.062963
