0 791 0.428053 0.962037 0.036276 0.075926
0 793 0.477025 0.219444 0.035067 0.129630
0 794 0.493954 0.208333 0.029021 0.118519
0 795 0.941657 0.554167 0.041717 0.152778
0 796 0.388755 0.945833 0.056832 0.104630
0 797 0.582225 0.596296 0.037485 0.140741
0 798 0.543833 0.608796 0.042926 0.154630
0 801 0.535671 0.269907 0.041112 0.139815
0 802 0.556832 0.312500 0.035067 0.126852
0 803 0.819226 0.612963 0.042322 0.151852
0 804 0.784462 0.601852 0.041717 0.164815
0 805 0.748791 0.596759 0.036880 0.134259
0 808 0.979141 0.286111 0.036880 0.135185
0 809 0.885732 0.271759 0.043531 0.136111
0 810 0.564087 0.268981 0.031439 0.115741
0 814 0.918984 0.375463 0.039903 0.162037
0 816 0.968259 0.349537 0.036880 0.145370
0 818 0.939541 0.336111 0.037485 0.135185
0 819 0.529625 0.198148 0.035067 0.135185
0 820 0.495163 0.155093 0.030230 0.137963
0 824 0.591898 0.316667 0.032648 0.135185
0 825 0.606106 0.321759 0.032044 0.145370
0 826 0.597340 0.344444 0.036276 0.140741
0 827 0.688634 0.282407 0.037485 0.131481
0 828 0.753628 0.507870 0.056227 0.162037
0 829 0.799274 0.410185 0.043531 0.146296
0 830 0.711608 0.410185 0.043531 0.162963
0 831 0.631802 0.304167 0.031439 0.115741
0 832 0.681983 0.552778 0.033857 0.148148
0 833 0.595224 0.368056 0.046554 0.145370
0 834 0.673216 0.353704 0.044135 0.142593
0 835 0.529625 0.165278 0.042322 0.149074
0 836 0.656892 0.220833 0.045345 0.134259
0 837 0.720677 0.290278 0.038694 0.145370
0 838 0.890266 0.575926 0.041717 0.157407
0 839 0.864268 0.545370 0.036880 0.140741
0 840 0.837364 0.539352 0.039903 0.150926
0 841 0.749698 0.366204 0.032648 0.137963
0 842 0.745163 0.306019 0.032044 0.126852
0 844 0.641475 0.357407 0.037485 0.142593
0 845 0.939238 0.356019 0.038089 0.136111
0 846 0.891778 0.401852 0.036276 0.135185
0 847 0.903265 0.340741 0.037485 0.118519
0 848 0.772068 0.397222 0.042322 0.140741
0 851 0.770254 0.325926 0.035067 0.129630
0 852 0.784462 0.358333 0.040508 0.151852
0 853 0.656288 0.310185 0.039299 0.135185
0 854 0.874849 0.505093 0.035067 0.132407
0 856 0.524184 0.268056 0.024184 0.087963
0 857 0.569226 0.223148 0.030834 0.125926
0 858 0.940447 0.409259 0.034462 0.107407
0 859 0.792926 0.669444 0.052600 0.170370
0 860 0.837969 0.673611 0.044740 0.152778
0 861 0.348851 0.179630 0.032648 0.101852
0 862 0.632104 0.376852 0.044135 0.148148
0 863 0.548368 0.304630 0.029021 0.112963
0 864 0.676239 0.264352 0.025998 0.121296
0 866 0.762092 0.330556 0.034462 0.101852
0 867 0.083736 0.979167 0.036880 0.043519
0 871 0.039903 0.780093 0.059250 0.154630
0 875 0.098247 0.255093 0.042926 0.145370
0 876 0.011790 0.138426 0.022370 0.143519
0 877 0.050181 0.165741 0.043531 0.142593
0 878 0.074063 0.170833 0.034462 0.139815
0 879 0.094921 0.137037 0.042322 0.135185
0 880 0.075877 0.042130 0.036880 0.082407
0 881 0.100967 0.212500 0.037485 0.128704
0 882 0.128779 0.209722 0.039903 0.143519
0 883 0.123337 0.038889 0.035067 0.075926
0 884 0.137243 0.048148 0.035067 0.094444
0 887 0.230351 0.095833 0.031439 0.115741
0 888 0.179262 0.055556 0.036880 0.109259
0 890 0.256953 0.097685 0.033857 0.126852
0 892 0.247279 0.302778 0.047158 0.142593
0 893 0.323761 0.037037 0.038089 0.072222
0 894 0.403567 0.053241 0.036880 0.104630
0 895 0.372430 0.038889 0.032648 0.075926
0 896 0.351270 0.093981 0.030230 0.126852
0 899 0.413241 0.086574 0.039299 0.123148
0 900 0.390266 0.042593 0.032044 0.083333
0 901 0.448609 0.044444 0.035067 0.087037
0 904 0.484281 0.104630 0.031439 0.137037
0 908 0.509069 0.107407 0.035067 0.131481
0 909 0.520859 0.124537 0.035671 0.132407
0 910 0.548368 0.138426 0.035067 0.132407
0 911 0.552297 0.084259 0.046554 0.125926
0 912 0.582830 0.098611 0.032648 0.126852
0 913 0.637243 0.062037 0.032648 0.120370
0 914 0.658102 0.075463 0.030834 0.112037
0 915 0.678356 0.085185 0.031439 0.118519
0 916 0.673216 0.054630 0.036880 0.107407
0 917 0.664148 0.195833 0.032044 0.115741
0 918 0.715236 0.254167 0.031439 0.126852
0 919 0.737606 0.248148 0.032648 0.135185
0 920 0.728235 0.183796 0.034462 0.121296
0 921 0.755744 0.231944 0.033857 0.137963
0 922 0.858222 0.182407 0.032044 0.124074
0 927 0.942563 0.048611 0.032648 0.095370
0 928 0.855804 0.272222 0.027207 0.120370
0 929 0.969770 0.258333 0.035067 0.140741
0 930 0.966747 0.179167 0.037485 0.132407
0 931 0.942866 0.199074 0.036880 0.131481
0 932 0.876360 0.114815 0.032044 0.129630
0 933 0.906892 0.117593 0.036276 0.129630
0 934 0.916264 0.204167 0.032044 0.123148
0 935 0.931983 0.152315 0.029625 0.128704
0 936 0.978235 0.121759 0.035067 0.128704
0 937 0.950726 0.117130 0.034462 0.121296
0 938 0.902963 0.087500 0.032044 0.126852
0 939 0.900544 0.080556 0.029625 0.120370
0 940 0.895405 0.400463 0.030230 0.093519
0 944 0.885127 0.079167 0.030230 0.099074
0 945 0.872430 0.108796 0.030230 0.093519
0 946 0.922007 0.110185 0.032648 0.107407
0 947 0.918984 0.075926 0.030230 0.105556
0 948 0.768138 0.224074 0.034462 0.124074
0 949 0.738815 0.207407 0.035067 0.112963
0 950 0.059250 0.040278 0.030230 0.078704
0 951 0.890871 0.214815 0.064692 0.168519
0 1175 0.367896 0.556019 0.035671 0.149074
0 1197 0.074365 0.470370 0.039903 0.153704
0 1198 0.046252 0.523611 0.039299 0.154630
0 1200 0.028416 0.494907 0.035067 0.162037
0 1206 0.094015 0.510648 0.044135 0.150926
0 1284 0.831620 0.373611 0.040508 0.128704
0 1285 0.840387 0.354167 0.031439 0.126852
0 1306 0.253325 0.668981 0.044740 0.165741
0 1307 0.223700 0.656019 0.037485 0.160185
0 1308 0.354293 0.644444 0.038694 0.137037
0 1325 0.220979 0.577315 0.032044 0.134259
0 1326 0.228235 0.567130 0.034462 0.154630
0 1328 0.178960 0.560185 0.044740 0.142593
0 1329 0.190447 0.526389 0.044740 0.154630
0 1330 0.150544 0.542593 0.037485 0.142593
0 1343 0.364873 0.228704 0.032044 0.129630
0 1344 0.386336 0.228241 0.031439 0.126852
0 1412 0.493349 0.952778 0.050786 0.096296
0 1413 0.533253 0.957870 0.053204 0.086111
0 1444 0.277509 0.448611 0.037485 0.128704
0 1445 0.270254 0.473611 0.036276 0.143519
0 1501 0.257557 0.940741 0.041112 0.120370
0 1549 0.307739 0.783796 0.042322 0.154630
0 1567 0.315901 0.584722 0.034462 0.149074
0 1592 0.342201 0.706944 0.037485 0.150926
0 1594 0.351572 0.738426 0.044135 0.165741
0 1638 0.639964 0.808333 0.051391 0.172222
0 1639 0.685006 0.832870 0.047158 0.162037
0 1640 0.688936 0.801852 0.036880 0.146296
0 1650 0.422612 0.740278 0.049577 0.145370
0 1653 0.647823 0.654630 0.038089 0.148148
0 1655 0.447703 0.530556 0.035671 0.133333
0 1657 0.424426 0.511574 0.032648 0.137963
0 1676 0.366385 0.168519 0.035067 0.137037
0 1716 0.419891 0.590741 0.032044 0.148148
0 1717 0.426239 0.564352 0.032648 0.150926
0 1776 0.233978 0.629630 0.031439 0.140741
0 1777 0.288392 0.598611 0.042322 0.150926
0 1778 0.288996 0.652315 0.032648 0.173148
0 1779 0.327690 0.383796 0.033857 0.126852
0 1780 0.308343 0.415278 0.044740 0.156481
0 1781 0.336759 0.399074 0.036276 0.129630
0 1782 0.295647 0.379167 0.037485 0.143519
0 1798 0.887848 0.765741 0.052600 0.170370
0 1799 0.403265 0.463426 0.037485 0.143519
0 1800 0.883615 0.687500 0.053809 0.150926
0 1806 0.727630 0.771759 0.044135 0.137963
0 1824 0.833736 0.979630 0.031439 0.042593
0 1838 0.861850 0.981019 0.032044 0.039815
0 1856 0.912334 0.255093 0.029021 0.128704
0 1857 0.779323 0.197685 0.033857 0.128704
0 1858 0.737606 0.885648 0.058041 0.195370
0 1862 0.481862 0.555556 0.031439 0.129630
0 1863 0.483676 0.575000 0.037485 0.151852
0 1865 0.821040 0.790741 0.045949 0.175926
0 1866 0.777811 0.766667 0.058646 0.181481
0 1868 0.059855 0.903704 0.062878 0.172222
0 1869 0.013301 0.916204 0.025393 0.156481
0 1893 0.685308 0.891204 0.053809 0.165741
0 1894 0.759976 0.949074 0.044740 0.101852
0 1895 0.811669 0.941204 0.055018 0.117593
0 1896 0.713120 0.676389 0.045345 0.150926
0 1897 0.805925 0.539815 0.035067 0.150000
0 1898 0.824667 0.895833 0.048368 0.156481
0 1899 0.282346 0.356481 0.038694 0.140741
0 1900 0.449214 0.435185 0.042322 0.162963
0 1901 0.496070 0.393981 0.034462 0.154630
0 1906 0.258464 0.391667 0.036880 0.122222
0 1912 0.914148 0.545370 0.039903 0.162963
0 1913 0.747279 0.676852 0.043531 0.146296
0 1914 0.981258 0.497685 0.035067 0.156481
0 1915 0.870919 0.871759 0.041717 0.156481
0 1916 0.786578 0.862500 0.056832 0.173148
0 1920 0.848247 0.923148 0.035067 0.135185
