0 791 0.443773 0.939352 0.038694 0.121296
0 793 0.486094 0.213889 0.035067 0.129630
0 794 0.493954 0.199074 0.029021 0.118519
0 795 0.928356 0.535648 0.040508 0.150926
0 796 0.405985 0.920833 0.056227 0.160185
0 797 0.581923 0.573611 0.036880 0.147222
0 798 0.540206 0.578704 0.048972 0.153704
0 799 0.967654 0.688889 0.044135 0.148148
0 801 0.536880 0.257407 0.041112 0.137037
0 802 0.554716 0.298611 0.034462 0.128704
0 803 0.802297 0.575926 0.042322 0.144444
0 804 0.773881 0.572222 0.042322 0.164815
0 805 0.739722 0.564352 0.036880 0.134259
0 808 0.970073 0.267593 0.036880 0.135185
0 809 0.879081 0.250926 0.043531 0.142593
0 810 0.558948 0.254167 0.032044 0.115741
0 814 0.920798 0.366667 0.039903 0.159259
0 816 0.965236 0.343981 0.035671 0.145370
0 818 0.942563 0.320370 0.037485 0.135185
0 819 0.530230 0.186111 0.035067 0.135185
0 820 0.501814 0.149537 0.030230 0.137963
0 824 0.592503 0.299074 0.032648 0.135185
0 825 0.605804 0.304167 0.032648 0.145370
0 826 0.594317 0.326389 0.036276 0.136111
0 827 0.702237 0.271296 0.036880 0.127778
0 828 0.749395 0.478241 0.065901 0.162037
0 829 0.801693 0.391667 0.044740 0.146296
0 830 0.720375 0.387037 0.041717 0.159259
0 831 0.629383 0.287500 0.031439 0.115741
0 832 0.679867 0.508796 0.034462 0.139815
0 833 0.620314 0.356944 0.047158 0.143519
0 834 0.669589 0.341204 0.044135 0.139815
0 835 0.536880 0.155093 0.041112 0.149074
0 836 0.651451 0.205556 0.046554 0.135185
0 837 0.726119 0.273148 0.038694 0.146296
0 838 0.875756 0.547222 0.039299 0.157407
0 839 0.851874 0.514815 0.037485 0.140741
0 840 0.826481 0.513889 0.038694 0.151852
0 841 0.746070 0.333333 0.031439 0.131481
0 842 0.750000 0.286574 0.032044 0.126852
0 844 0.643894 0.343519 0.037485 0.142593
0 845 0.935913 0.352778 0.037485 0.135185
0 846 0.888452 0.387963 0.036880 0.135185
0 847 0.902358 0.331019 0.038089 0.119444
0 848 0.777811 0.379630 0.041717 0.140741
0 851 0.769045 0.311111 0.035067 0.129630
0 852 0.778114 0.338889 0.039903 0.151852
0 853 0.657195 0.294444 0.039903 0.135185
0 854 0.863059 0.478241 0.033253 0.132407
0 856 0.527207 0.254167 0.024184 0.087963
0 857 0.568924 0.212963 0.032648 0.125926
0 858 0.940447 0.399074 0.034462 0.107407
0 859 0.769045 0.631481 0.044740 0.170370
0 860 0.816808 0.632870 0.039903 0.150926
0 861 0.373337 0.161574 0.029625 0.100926
0 862 0.649335 0.363889 0.044740 0.148148
0 863 0.550181 0.292130 0.029021 0.112037
0 864 0.683192 0.256944 0.026602 0.121296
0 866 0.761790 0.316667 0.035067 0.101852
0 867 0.039299 0.985185 0.037485 0.031481
0 871 0.091898 0.831944 0.056832 0.158333
0 875 0.120919 0.232870 0.041112 0.145370
0 876 0.031137 0.122685 0.039299 0.143519
0 877 0.066808 0.146296 0.039299 0.142593
0 878 0.094317 0.150463 0.036276 0.139815
0 879 0.112455 0.118519 0.042322 0.135185
0 880 0.093108 0.034259 0.030230 0.066667
0 881 0.116082 0.192130 0.037485 0.128704
0 882 0.140871 0.186574 0.037485 0.143519
0 884 0.155985 0.042593 0.033857 0.083333
0 887 0.254534 0.081944 0.031439 0.115741
0 888 0.194075 0.044444 0.037485 0.087037
0 890 0.282950 0.082870 0.035067 0.126852
0 892 0.269045 0.273611 0.045949 0.137963
0 894 0.427449 0.045833 0.037485 0.089815
0 895 0.379686 0.034259 0.032648 0.066667
0 896 0.337666 0.082870 0.029625 0.126852
0 899 0.433192 0.080093 0.039299 0.123148
0 900 0.375151 0.040278 0.030834 0.078704
0 901 0.429867 0.038426 0.035067 0.075000
0 904 0.485490 0.095833 0.031439 0.137963
0 908 0.511790 0.105556 0.034462 0.131481
0 909 0.523579 0.122685 0.035067 0.141667
0 910 0.553204 0.126389 0.035067 0.132407
0 911 0.553507 0.071296 0.044135 0.124074
0 912 0.582527 0.077315 0.032044 0.123148
0 913 0.645103 0.054167 0.032648 0.106481
0 914 0.663241 0.059259 0.031439 0.109259
0 915 0.685611 0.069444 0.031439 0.118519
0 916 0.675937 0.038889 0.036276 0.075926
0 917 0.662334 0.183796 0.028416 0.119444
0 918 0.718863 0.236574 0.031439 0.126852
0 919 0.735187 0.235185 0.032648 0.135185
0 920 0.714631 0.169907 0.033857 0.121296
0 921 0.750302 0.218056 0.033857 0.137963
0 922 0.871221 0.165741 0.032648 0.124074
0 927 0.948609 0.042593 0.032648 0.083333
0 928 0.848549 0.256481 0.027207 0.120370
0 929 0.971282 0.238889 0.034462 0.140741
0 930 0.967352 0.162500 0.037485 0.132407
0 931 0.945586 0.182407 0.037485 0.131481
0 932 0.885429 0.105556 0.032044 0.129630
0 933 0.918984 0.104630 0.036276 0.129630
0 934 0.921403 0.188426 0.032648 0.123148
0 935 0.932285 0.132407 0.030230 0.129630
0 936 0.983071 0.101389 0.032648 0.128704
0 937 0.957981 0.097685 0.034462 0.121296
0 938 0.906892 0.072222 0.032648 0.125926
0 939 0.890266 0.063889 0.029625 0.114815
0 940 0.894498 0.387037 0.029625 0.090741
0 944 0.872430 0.057407 0.030230 0.092593
0 945 0.876360 0.098611 0.029625 0.089815
0 946 0.921403 0.087963 0.032648 0.107407
0 947 0.917170 0.059722 0.030230 0.102778
0 948 0.761487 0.207407 0.034462 0.124074
0 949 0.733978 0.179630 0.035067 0.112963
0 950 0.080109 0.033333 0.025998 0.064815
0 951 0.892684 0.204630 0.064692 0.168519
0 1175 0.369407 0.564815 0.036276 0.148148
0 1197 0.073761 0.468981 0.039903 0.152778
0 1198 0.051088 0.518981 0.039299 0.152778
0 1200 0.026602 0.494907 0.035067 0.162037
0 1206 0.095526 0.512500 0.042322 0.156481
0 1284 0.834341 0.379167 0.039903 0.128704
0 1285 0.843108 0.357870 0.032044 0.126852
0 1306 0.253325 0.675463 0.044740 0.165741
0 1307 0.224909 0.662500 0.037485 0.160185
0 1308 0.354595 0.650000 0.039299 0.137037
0 1325 0.222491 0.581944 0.031439 0.134259
0 1326 0.228839 0.572685 0.034462 0.154630
0 1328 0.185006 0.565278 0.039903 0.149074
0 1329 0.190447 0.532870 0.044740 0.154630
0 1330 0.152358 0.547222 0.037485 0.142593
0 1343 0.365478 0.237037 0.032044 0.129630
0 1344 0.388150 0.234722 0.032648 0.126852
0 1412 0.500000 0.931481 0.051995 0.131481
0 1413 0.545949 0.940278 0.054414 0.119444
0 1444 0.278416 0.451389 0.038089 0.128704
0 1445 0.271161 0.475463 0.036880 0.143519
0 1501 0.261790 0.944907 0.042322 0.112037
0 1549 0.310157 0.787500 0.042322 0.154630
0 1567 0.304111 0.582407 0.035067 0.146296
0 1592 0.342805 0.710185 0.037485 0.151852
0 1594 0.352177 0.742593 0.044135 0.168519
0 1638 0.636638 0.793056 0.048368 0.182407
0 1639 0.685611 0.820833 0.045949 0.163889
0 1640 0.689541 0.788889 0.036880 0.146296
0 1650 0.423821 0.744444 0.049577 0.146296
0 1653 0.645103 0.661574 0.047158 0.149074
0 1655 0.450726 0.537037 0.039299 0.135185
0 1657 0.425635 0.514352 0.032648 0.137963
0 1676 0.389964 0.158333 0.035067 0.137037
0 1716 0.421100 0.596296 0.032044 0.148148
0 1717 0.428658 0.569907 0.032648 0.150926
0 1776 0.234583 0.636111 0.032648 0.144444
0 1777 0.288392 0.601852 0.042322 0.151852
0 1778 0.288996 0.653241 0.032648 0.173148
0 1779 0.330411 0.383796 0.034462 0.126852
0 1780 0.309553 0.419444 0.044740 0.155556
0 1781 0.338271 0.404630 0.036880 0.129630
0 1782 0.295647 0.383796 0.037485 0.143519
0 1798 0.856106 0.750926 0.051995 0.170370
0 1799 0.404474 0.469907 0.037485 0.143519
0 1800 0.854595 0.671759 0.046554 0.150926
0 1806 0.703144 0.744907 0.043531 0.137963
0 1824 0.813482 0.961574 0.048972 0.076852
0 1838 0.847944 0.960648 0.039299 0.080556
0 1856 0.938331 0.275463 0.032648 0.128704
0 1857 0.797763 0.207407 0.027207 0.129630
0 1858 0.743349 0.855556 0.058646 0.192593
0 1862 0.486699 0.551852 0.032648 0.129630
0 1863 0.486699 0.577315 0.036276 0.152778
0 1865 0.809855 0.755093 0.041717 0.176852
0 1866 0.769649 0.731481 0.059250 0.181481
0 1868 0.054414 0.862500 0.062878 0.173148
0 1869 0.017231 0.869907 0.033253 0.150926
0 1893 0.700121 0.861574 0.054414 0.160185
0 1894 0.772068 0.922222 0.042322 0.138889
0 1895 0.810762 0.918981 0.056832 0.163889
0 1896 0.724909 0.654167 0.043531 0.150926
0 1897 0.792019 0.511111 0.033857 0.146296
0 1898 0.837666 0.875000 0.048972 0.185185
0 1899 0.291112 0.355556 0.039299 0.140741
0 1900 0.435006 0.416667 0.040508 0.162963
0 1901 0.492140 0.377315 0.032648 0.154630
0 1906 0.295345 0.376389 0.034462 0.117593
0 1912 0.898428 0.516667 0.038694 0.150000
0 1913 0.759976 0.659259 0.043531 0.146296
0 1914 0.972793 0.479167 0.035067 0.156481
0 1915 0.880895 0.834722 0.042322 0.150926
0 1916 0.792019 0.829630 0.056832 0.174074
0 1920 0.854293 0.882870 0.037485 0.134259
