0 791 0.439541 0.944907 0.038694 0.110185
0 793 0.484281 0.215741 0.035067 0.129630
0 794 0.493954 0.201852 0.029021 0.118519
0 795 0.932285 0.539815 0.041112 0.151852
0 796 0.400242 0.927778 0.055623 0.146296
0 797 0.583132 0.578704 0.036880 0.142593
0 798 0.542322 0.586574 0.049577 0.156481
0 799 0.972793 0.694907 0.047158 0.149074
0 801 0.536276 0.260648 0.041112 0.137963
0 802 0.553809 0.303241 0.035067 0.128704
0 803 0.807134 0.586111 0.042322 0.146296
0 804 0.777509 0.579630 0.042322 0.164815
0 805 0.742140 0.573611 0.036880 0.134259
0 808 0.972491 0.272222 0.036880 0.135185
0 809 0.880895 0.256481 0.043531 0.140741
0 810 0.559855 0.257870 0.032648 0.115741
0 814 0.920193 0.369444 0.039903 0.159259
0 816 0.966143 0.345833 0.036276 0.145370
0 818 0.940750 0.325000 0.037485 0.135185
0 819 0.530230 0.189815 0.035067 0.135185
0 820 0.500000 0.150463 0.030230 0.137963
0 824 0.592503 0.303704 0.032648 0.135185
0 825 0.606106 0.308796 0.032044 0.145370
0 826 0.594921 0.331944 0.036276 0.137963
0 827 0.699516 0.274537 0.037485 0.128704
0 828 0.750302 0.485648 0.062878 0.162037
0 829 0.801088 0.396296 0.044740 0.146296
0 830 0.717654 0.392130 0.042322 0.160185
0 831 0.629988 0.293981 0.031439 0.115741
0 832 0.680472 0.520370 0.034462 0.140741
0 833 0.613362 0.359722 0.046554 0.143519
0 834 0.670496 0.344907 0.044740 0.139815
0 835 0.534764 0.158796 0.041717 0.149074
0 836 0.652963 0.209722 0.045949 0.134259
0 837 0.724909 0.280556 0.038694 0.146296
0 838 0.879081 0.554630 0.039903 0.157407
0 839 0.855804 0.521296 0.036880 0.140741
0 840 0.828900 0.521296 0.038694 0.151852
0 841 0.747884 0.340741 0.031439 0.131481
0 842 0.748791 0.291204 0.032044 0.126852
0 844 0.643894 0.348148 0.037485 0.142593
0 845 0.939541 0.368519 0.037485 0.135185
0 846 0.889057 0.391667 0.036880 0.135185
0 847 0.903265 0.334259 0.037485 0.118519
0 848 0.776602 0.384259 0.041717 0.140741
0 851 0.769045 0.315741 0.035067 0.129630
0 852 0.779927 0.344444 0.039903 0.151852
0 853 0.656590 0.299074 0.039903 0.135185
0 854 0.866082 0.487500 0.033253 0.132407
0 856 0.526602 0.257870 0.024184 0.087963
0 857 0.569528 0.215741 0.031439 0.125926
0 858 0.940447 0.401852 0.034462 0.107407
0 859 0.778718 0.640741 0.044740 0.170370
0 860 0.822249 0.643056 0.041112 0.150926
0 861 0.366687 0.166204 0.030834 0.100926
0 862 0.644800 0.367593 0.044135 0.148148
0 863 0.549577 0.296296 0.029021 0.112963
0 864 0.681378 0.258796 0.026602 0.121296
0 866 0.761790 0.320370 0.035067 0.101852
0 867 0.049577 0.985185 0.037485 0.031481
0 871 0.078597 0.818056 0.051995 0.156481
0 875 0.114268 0.239352 0.041112 0.145370
0 876 0.024486 0.127315 0.039299 0.143519
0 877 0.062273 0.150926 0.039903 0.142593
0 878 0.089480 0.156019 0.036276 0.139815
0 879 0.108827 0.124074 0.042322 0.135185
0 880 0.089178 0.036574 0.034462 0.071296
0 881 0.111850 0.198611 0.037485 0.128704
0 882 0.137243 0.193056 0.037485 0.143519
0 884 0.150846 0.044907 0.034462 0.087963
0 887 0.248489 0.085648 0.031439 0.115741
0 888 0.189843 0.047222 0.037485 0.092593
0 890 0.276300 0.088426 0.035067 0.126852
0 892 0.261790 0.281944 0.045949 0.137963
0 894 0.421100 0.047685 0.036880 0.093519
0 895 0.379081 0.035648 0.032648 0.069444
0 896 0.340689 0.084722 0.029625 0.126852
0 899 0.428053 0.081944 0.039903 0.123148
0 900 0.379081 0.041204 0.031439 0.080556
0 901 0.434704 0.040278 0.035067 0.078704
0 904 0.485490 0.098148 0.031439 0.137037
0 908 0.511487 0.107407 0.035067 0.131481
0 909 0.522672 0.123148 0.035671 0.138889
0 910 0.551391 0.129167 0.035067 0.132407
0 911 0.552297 0.074537 0.046554 0.125000
0 912 0.582830 0.082870 0.032648 0.125000
0 913 0.642684 0.056019 0.032648 0.110185
0 914 0.662031 0.063426 0.031439 0.110185
0 915 0.683192 0.074074 0.031439 0.118519
0 916 0.675030 0.043056 0.036880 0.084259
0 917 0.661125 0.186574 0.029625 0.117593
0 918 0.717352 0.241204 0.032044 0.126852
0 919 0.735792 0.238889 0.032648 0.135185
0 920 0.718259 0.173611 0.033857 0.121296
0 921 0.751814 0.221759 0.034462 0.137963
0 922 0.867594 0.170370 0.032648 0.124074
0 927 0.946796 0.044907 0.032648 0.087963
0 928 0.850363 0.261111 0.027207 0.120370
0 929 0.971584 0.245370 0.035067 0.140741
0 930 0.965538 0.169907 0.037485 0.132407
0 931 0.944680 0.186574 0.036880 0.132407
0 932 0.883011 0.108333 0.032044 0.129630
0 933 0.915961 0.108333 0.036276 0.129630
0 934 0.920193 0.192130 0.032648 0.123148
0 935 0.932285 0.137500 0.030230 0.128704
0 936 0.981560 0.106944 0.033253 0.128704
0 937 0.956167 0.103241 0.034462 0.121296
0 938 0.907497 0.076852 0.032648 0.125926
0 939 0.895405 0.068981 0.030230 0.119444
0 940 0.894498 0.390741 0.029625 0.092593
0 944 0.875453 0.063426 0.030230 0.095370
0 945 0.875453 0.105556 0.030230 0.092593
0 946 0.921705 0.094444 0.032044 0.107407
0 947 0.918984 0.063426 0.030230 0.104630
0 948 0.764510 0.212963 0.034462 0.124074
0 949 0.735792 0.187963 0.035067 0.112963
0 950 0.075574 0.036111 0.029021 0.070370
0 951 0.892684 0.205556 0.064692 0.168519
0 1175 0.368803 0.562037 0.036276 0.148148
0 1197 0.073761 0.469444 0.039903 0.153704
0 1198 0.049879 0.519907 0.039299 0.152778
0 1200 0.027207 0.494907 0.035067 0.162037
0 1206 0.096131 0.513889 0.041112 0.157407
0 1284 0.834039 0.378241 0.040508 0.128704
0 1285 0.842201 0.356944 0.031439 0.126852
0 1306 0.253325 0.675463 0.044740 0.165741
0 1307 0.224305 0.660648 0.037485 0.160185
0 1308 0.354595 0.648148 0.039299 0.137037
0 1325 0.222491 0.581944 0.031439 0.134259
0 1326 0.228235 0.571759 0.034462 0.154630
0 1328 0.183495 0.564352 0.041717 0.147222
0 1329 0.190447 0.531019 0.044740 0.154630
0 1330 0.151753 0.545370 0.037485 0.142593
0 1343 0.364873 0.235185 0.032044 0.129630
0 1344 0.386638 0.231944 0.032044 0.126852
0 1412 0.497582 0.937500 0.051995 0.125000
0 1413 0.543229 0.945370 0.053809 0.111111
0 1444 0.278416 0.451389 0.038089 0.128704
0 1445 0.270859 0.475463 0.036276 0.143519
0 1501 0.261487 0.944444 0.041717 0.112963
0 1549 0.309553 0.786574 0.042322 0.154630
0 1567 0.306530 0.584259 0.035067 0.146296
0 1592 0.342503 0.710185 0.036880 0.151852
0 1594 0.351572 0.741204 0.044135 0.167593
0 1638 0.636336 0.798148 0.050181 0.179630
0 1639 0.689238 0.824537 0.047158 0.162037
0 1640 0.689843 0.792593 0.037485 0.146296
0 1650 0.423216 0.743519 0.049577 0.146296
0 1653 0.647219 0.661574 0.042926 0.149074
0 1655 0.449214 0.537037 0.037485 0.135185
0 1657 0.425030 0.513426 0.032648 0.137963
0 1676 0.383918 0.161111 0.035067 0.137037
0 1716 0.421100 0.594444 0.032044 0.148148
0 1717 0.427146 0.569907 0.032044 0.150926
0 1776 0.234281 0.634259 0.032044 0.142593
0 1777 0.288392 0.601852 0.042322 0.151852
0 1778 0.288996 0.653241 0.032648 0.173148
0 1779 0.329504 0.383796 0.033857 0.126852
0 1780 0.308948 0.419907 0.044740 0.156481
0 1781 0.337969 0.404630 0.036276 0.129630
0 1782 0.295647 0.383796 0.037485 0.143519
0 1798 0.864873 0.754630 0.051391 0.170370
0 1799 0.403869 0.469907 0.037485 0.143519
0 1800 0.862455 0.676389 0.048972 0.150926
0 1806 0.709492 0.751389 0.044135 0.137963
0 1824 0.818622 0.967130 0.044740 0.067593
0 1838 0.852479 0.965278 0.037485 0.071296
0 1856 0.931681 0.269907 0.031439 0.128704
0 1857 0.793531 0.204630 0.028416 0.129630
0 1858 0.741536 0.864352 0.058646 0.193519
0 1862 0.484885 0.554630 0.032648 0.129630
0 1863 0.485792 0.577778 0.036880 0.153704
0 1865 0.811366 0.765278 0.039903 0.176852
0 1866 0.770859 0.740741 0.059250 0.181481
0 1868 0.056227 0.874074 0.062878 0.174074
0 1869 0.016324 0.882870 0.031439 0.150926
0 1893 0.697703 0.870833 0.054414 0.160185
0 1894 0.770859 0.931944 0.042322 0.132407
0 1895 0.811064 0.925000 0.056227 0.151852
0 1896 0.721886 0.661111 0.044740 0.151852
0 1897 0.796252 0.520370 0.033857 0.146296
0 1898 0.833434 0.879167 0.048972 0.175000
0 1899 0.288996 0.355556 0.038694 0.140741
0 1900 0.438634 0.421759 0.041717 0.162037
0 1901 0.495163 0.381944 0.032648 0.154630
0 1906 0.286276 0.379630 0.034462 0.118519
0 1912 0.901753 0.520370 0.039299 0.148148
0 1913 0.756953 0.663889 0.043531 0.146296
0 1914 0.975212 0.483796 0.035067 0.156481
0 1915 0.877570 0.844907 0.041717 0.150926
0 1916 0.792019 0.837963 0.056832 0.174074
0 1920 0.851572 0.893056 0.036880 0.134259
