0 791 0.423216 0.972685 0.032648 0.054630
0 793 0.472793 0.221296 0.035067 0.129630
0 794 0.493954 0.212963 0.029021 0.118519
0 795 0.947400 0.562500 0.042322 0.152778
0 796 0.385429 0.957870 0.055018 0.080556
0 797 0.581620 0.607407 0.037485 0.140741
0 798 0.545345 0.612037 0.044740 0.164815
0 801 0.534462 0.275000 0.041112 0.140741
0 802 0.558041 0.318056 0.035067 0.126852
0 803 0.825877 0.628241 0.042322 0.154630
0 804 0.791717 0.618519 0.041717 0.164815
0 805 0.752721 0.609722 0.036276 0.134259
0 808 0.981560 0.294444 0.036880 0.135185
0 809 0.888452 0.278241 0.042926 0.134259
0 810 0.567412 0.276389 0.032044 0.115741
0 814 0.918380 0.378241 0.039903 0.163889
0 816 0.969770 0.352315 0.037485 0.145370
0 818 0.940750 0.337963 0.036276 0.135185
0 819 0.529625 0.203704 0.035067 0.135185
0 820 0.492745 0.156944 0.030230 0.137963
0 824 0.591294 0.324074 0.032648 0.135185
0 825 0.607920 0.329167 0.032044 0.145370
0 826 0.598549 0.349074 0.036276 0.140741
0 827 0.682588 0.286574 0.037485 0.132407
0 828 0.755139 0.519907 0.053204 0.160185
0 829 0.795647 0.418519 0.043531 0.148148
0 830 0.708585 0.421759 0.043531 0.167593
0 831 0.633011 0.308796 0.031439 0.115741
0 832 0.683192 0.568519 0.033857 0.146296
0 833 0.591898 0.374074 0.047158 0.151852
0 834 0.674728 0.359259 0.043531 0.144444
0 835 0.527207 0.167130 0.042322 0.149074
0 836 0.659311 0.226852 0.044135 0.135185
0 837 0.719468 0.298611 0.038694 0.145370
0 838 0.893894 0.588426 0.042926 0.156481
0 839 0.869407 0.550000 0.037485 0.140741
0 840 0.842201 0.549537 0.041112 0.150926
0 841 0.750907 0.375926 0.033857 0.140741
0 842 0.741838 0.313426 0.031439 0.126852
0 844 0.640266 0.363889 0.037485 0.142593
0 845 0.938634 0.356944 0.039299 0.137963
0 846 0.892987 0.408333 0.036276 0.135185
0 847 0.904474 0.342593 0.037485 0.118519
0 848 0.766022 0.404630 0.042322 0.140741
0 851 0.771463 0.331481 0.035067 0.129630
0 852 0.787183 0.366667 0.041112 0.151852
0 853 0.656892 0.313889 0.039299 0.135185
0 854 0.879686 0.515278 0.036276 0.132407
0 856 0.522975 0.274537 0.024184 0.087963
0 857 0.568622 0.225926 0.030834 0.125926
0 858 0.940447 0.412963 0.034462 0.107407
0 859 0.805320 0.685185 0.054414 0.170370
0 860 0.847340 0.687500 0.044135 0.156481
0 861 0.336759 0.182870 0.032648 0.102778
0 862 0.625453 0.379630 0.044135 0.148148
0 863 0.547763 0.309259 0.029021 0.112963
0 864 0.672914 0.267593 0.025393 0.120370
0 866 0.762092 0.336111 0.034462 0.101852
0 867 0.103688 0.975926 0.036880 0.050000
0 871 0.018742 0.765741 0.036276 0.166667
0 875 0.090387 0.265741 0.044135 0.146296
0 876 0.005139 0.144907 0.009069 0.145370
0 877 0.043229 0.175926 0.046554 0.142593
0 878 0.064389 0.177315 0.033253 0.139815
0 879 0.086759 0.141667 0.041717 0.135185
0 880 0.067715 0.047222 0.039903 0.092593
0 881 0.094317 0.219907 0.037485 0.128704
0 882 0.124547 0.218056 0.042322 0.143519
0 883 0.116082 0.041204 0.035067 0.080556
0 884 0.129081 0.050000 0.034462 0.098148
0 887 0.220073 0.100463 0.031439 0.115741
0 888 0.175937 0.059259 0.036276 0.112963
0 890 0.247884 0.101852 0.038694 0.125926
0 892 0.235187 0.312963 0.047158 0.142593
0 893 0.324063 0.038889 0.039903 0.075926
0 894 0.397219 0.053704 0.037485 0.105556
0 895 0.367594 0.041204 0.032648 0.080556
0 896 0.358525 0.101389 0.030230 0.126852
0 899 0.406288 0.091667 0.035067 0.124074
0 900 0.395707 0.045370 0.032044 0.088889
0 901 0.455260 0.047222 0.035067 0.092593
0 903 0.584341 0.026852 0.032044 0.051852
0 904 0.481560 0.104630 0.032044 0.137037
0 908 0.507860 0.107407 0.035067 0.131481
0 909 0.519347 0.125000 0.036276 0.127778
0 910 0.549577 0.142130 0.035067 0.132407
0 911 0.553809 0.089815 0.043531 0.125926
0 912 0.586155 0.105093 0.032044 0.126852
0 913 0.634825 0.066667 0.032648 0.125926
0 914 0.655985 0.082407 0.030230 0.112963
0 915 0.676844 0.088889 0.030834 0.118519
0 916 0.672310 0.061111 0.036276 0.120370
0 917 0.669589 0.201389 0.032044 0.115741
0 918 0.715236 0.260185 0.031439 0.125926
0 919 0.738210 0.253704 0.032648 0.135185
0 920 0.727932 0.190278 0.036276 0.121296
0 921 0.757860 0.238426 0.034462 0.137963
0 922 0.850967 0.187037 0.032044 0.124074
0 924 0.961911 0.041667 0.033857 0.081481
0 927 0.937122 0.053241 0.032648 0.104630
0 928 0.860641 0.276852 0.027207 0.120370
0 929 0.969166 0.266204 0.035067 0.139815
0 930 0.967352 0.184722 0.037485 0.132407
0 931 0.943470 0.206481 0.036880 0.131481
0 932 0.872733 0.119444 0.032044 0.129630
0 933 0.901753 0.122222 0.036880 0.129630
0 934 0.916868 0.212500 0.032044 0.123148
0 935 0.931983 0.160648 0.029625 0.128704
0 936 0.976421 0.131019 0.036276 0.128704
0 937 0.947703 0.125463 0.034462 0.121296
0 938 0.899940 0.093056 0.032044 0.126852
0 939 0.901753 0.086574 0.029625 0.121296
0 940 0.895405 0.406481 0.030230 0.094444
0 944 0.885732 0.086574 0.030230 0.099074
0 945 0.870617 0.108796 0.030230 0.093519
0 946 0.920798 0.115741 0.032648 0.107407
0 947 0.919589 0.083333 0.030230 0.105556
0 948 0.768742 0.228704 0.034462 0.124074
0 949 0.738815 0.212037 0.035067 0.112963
0 950 0.052902 0.043981 0.030834 0.086111
0 951 0.889057 0.224074 0.064692 0.168519
0 1175 0.367291 0.552778 0.035671 0.148148
0 1197 0.074365 0.471296 0.039903 0.153704
0 1198 0.043833 0.525463 0.039299 0.154630
0 1200 0.027811 0.494907 0.035067 0.162037
0 1206 0.092805 0.509259 0.046554 0.148148
0 1284 0.829504 0.369907 0.039903 0.128704
0 1285 0.839782 0.351389 0.031439 0.126852
0 1306 0.252116 0.666204 0.044740 0.165741
0 1307 0.223096 0.654167 0.037485 0.160185
0 1308 0.354293 0.642593 0.038694 0.137037
0 1325 0.220073 0.574074 0.032648 0.135185
0 1326 0.228537 0.564352 0.035067 0.154630
0 1328 0.178658 0.556944 0.042926 0.145370
0 1329 0.190447 0.523611 0.044740 0.154630
0 1330 0.149940 0.537963 0.037485 0.142593
0 1343 0.364873 0.225926 0.032044 0.129630
0 1344 0.384522 0.225463 0.031439 0.126852
0 1412 0.490024 0.960648 0.048972 0.080556
0 1413 0.530230 0.966204 0.053204 0.069444
0 1444 0.275998 0.444907 0.036880 0.128704
0 1445 0.270254 0.470370 0.036276 0.142593
0 1501 0.255744 0.938426 0.041112 0.125000
0 1549 0.307437 0.781019 0.041717 0.154630
0 1567 0.321644 0.581944 0.035067 0.149074
0 1592 0.342805 0.704167 0.037485 0.150926
0 1594 0.351572 0.736574 0.044135 0.165741
0 1638 0.644196 0.811111 0.051391 0.166667
0 1639 0.681681 0.837500 0.046554 0.162037
0 1640 0.689541 0.806481 0.036880 0.146296
0 1650 0.422007 0.738426 0.049577 0.145370
0 1653 0.649033 0.654630 0.042926 0.148148
0 1655 0.447400 0.525926 0.035067 0.131481
0 1657 0.424426 0.509722 0.032648 0.137963
0 1676 0.356409 0.173148 0.034462 0.137037
0 1716 0.419287 0.588889 0.032044 0.148148
0 1717 0.426239 0.560648 0.033857 0.150926
0 1776 0.233978 0.626389 0.031439 0.141667
0 1777 0.288392 0.594907 0.042322 0.150926
0 1778 0.288694 0.650463 0.033253 0.173148
0 1779 0.327086 0.381944 0.033857 0.126852
0 1780 0.308041 0.413426 0.044135 0.156481
0 1781 0.336155 0.396296 0.036276 0.129630
0 1782 0.295647 0.377315 0.037485 0.143519
0 1798 0.899637 0.771296 0.054414 0.170370
0 1799 0.403265 0.460648 0.037485 0.143519
0 1800 0.894800 0.691204 0.053204 0.150926
0 1806 0.732769 0.782870 0.044740 0.137963
0 1856 0.901451 0.245833 0.029021 0.128704
0 1857 0.772370 0.192130 0.033253 0.128704
0 1858 0.731560 0.899074 0.066505 0.196296
0 1862 0.480653 0.552778 0.031439 0.129630
0 1863 0.483374 0.570833 0.038089 0.149074
0 1865 0.827086 0.806481 0.047158 0.175926
0 1866 0.785067 0.782407 0.058646 0.181481
0 1868 0.060459 0.916667 0.061669 0.166667
0 1869 0.011487 0.929167 0.021765 0.141667
0 1893 0.678356 0.901852 0.055623 0.166667
0 1894 0.753930 0.959259 0.045949 0.083333
0 1895 0.810762 0.951389 0.053204 0.095370
0 1896 0.708283 0.684722 0.045345 0.150926
0 1897 0.811366 0.551389 0.036276 0.152778
0 1898 0.822551 0.908796 0.047763 0.156481
0 1899 0.278718 0.357407 0.038694 0.140741
0 1900 0.454655 0.441667 0.042322 0.162963
0 1901 0.496070 0.397685 0.038089 0.154630
0 1906 0.250302 0.397685 0.033857 0.119444
0 1912 0.920193 0.557407 0.039903 0.164815
0 1913 0.742443 0.684259 0.043531 0.146296
0 1914 0.983374 0.503241 0.030834 0.156481
0 1915 0.865175 0.887037 0.041112 0.157407
0 1916 0.783555 0.874537 0.054414 0.173148
0 1920 0.844619 0.937500 0.033857 0.126852
