0 786 0.009674 0.254167 0.018138 0.143519
0 787 0.023579 0.253241 0.036276 0.137963
0 788 0.003628 0.215741 0.006046 0.135185
0 789 0.038392 0.229167 0.038089 0.145370
0 790 0.066505 0.183333 0.043531 0.129630
0 791 0.543229 0.675000 0.034462 0.135185
0 792 0.125453 0.211111 0.040508 0.131481
0 793 0.498791 0.122685 0.033857 0.126852
0 794 0.518742 0.112037 0.030230 0.118519
0 795 0.721584 0.459722 0.039299 0.143519
0 796 0.511487 0.653704 0.045949 0.159259
0 797 0.554716 0.405093 0.039299 0.152778
0 798 0.513906 0.412500 0.049577 0.160185
0 799 0.813482 0.507407 0.036880 0.148148
0 800 0.857013 0.494444 0.038089 0.148148
0 801 0.531741 0.164815 0.041717 0.129630
0 802 0.566505 0.196296 0.033857 0.124074
0 803 0.718863 0.384722 0.037485 0.143519
0 804 0.688936 0.381944 0.040508 0.167593
0 805 0.645103 0.370370 0.032648 0.118519
0 807 0.977328 0.127315 0.033253 0.123148
0 808 0.949516 0.131944 0.034462 0.132407
0 809 0.899940 0.109722 0.039299 0.143519
0 810 0.578900 0.137963 0.032044 0.107407
0 814 0.945586 0.290278 0.039903 0.154630
0 816 0.946493 0.247685 0.036880 0.145370
0 817 0.966143 0.309722 0.037485 0.143519
0 818 0.915659 0.242130 0.032044 0.134259
0 819 0.549879 0.099074 0.034462 0.135185
0 820 0.558343 0.075000 0.034462 0.135185
0 821 0.929867 0.543056 0.038694 0.136111
0 824 0.599154 0.192593 0.032648 0.124074
0 825 0.602781 0.182407 0.033857 0.146296
0 826 0.606409 0.210648 0.036276 0.125000
0 827 0.743047 0.178241 0.031439 0.121296
0 828 0.767231 0.306944 0.061669 0.162037
0 829 0.801693 0.262500 0.039903 0.139815
0 830 0.782346 0.246759 0.042322 0.160185
0 831 0.628476 0.162500 0.028416 0.106481
0 832 0.743954 0.299537 0.034462 0.130556
0 833 0.701330 0.247685 0.041112 0.126852
0 834 0.662031 0.219907 0.039903 0.137963
0 835 0.588875 0.073148 0.042322 0.144444
0 836 0.645405 0.115278 0.046554 0.134259
0 837 0.704958 0.141204 0.035067 0.145370
0 838 0.814692 0.376389 0.036880 0.147222
0 839 0.787787 0.361111 0.035067 0.138889
0 840 0.767231 0.355093 0.038694 0.145370
0 841 0.739117 0.201389 0.032044 0.132407
0 842 0.732467 0.153241 0.032044 0.126852
0 843 0.959492 0.525463 0.042322 0.162037
0 844 0.629686 0.218981 0.036880 0.132407
0 845 0.910218 0.274074 0.039299 0.148148
0 846 0.899033 0.318519 0.036276 0.129630
0 847 0.886034 0.256481 0.034462 0.120370
0 848 0.828900 0.233333 0.031439 0.124074
0 851 0.769649 0.194444 0.027811 0.114815
0 852 0.778416 0.214352 0.036880 0.145370
0 853 0.657195 0.171296 0.037485 0.135185
0 854 0.794135 0.329167 0.034462 0.132407
0 856 0.523277 0.158796 0.024788 0.087963
0 857 0.577086 0.115278 0.034462 0.117593
0 858 0.966747 0.312963 0.030230 0.107407
0 859 0.611245 0.421759 0.048368 0.156481
0 860 0.638150 0.416204 0.032044 0.139815
0 861 0.421705 0.045833 0.024788 0.089815
0 862 0.730955 0.247222 0.039903 0.142593
0 863 0.566808 0.192130 0.029625 0.106481
0 864 0.714329 0.174537 0.032044 0.121296
0 866 0.758767 0.200463 0.031439 0.104630
0 873 0.009976 0.923611 0.018742 0.152778
0 875 0.262999 0.075000 0.042322 0.133333
0 876 0.130593 0.032407 0.026602 0.062963
0 877 0.152358 0.036574 0.030230 0.071296
0 878 0.168682 0.025463 0.035067 0.049074
0 879 0.218259 0.023611 0.037485 0.045370
0 881 0.165054 0.060648 0.037485 0.119444
0 882 0.194075 0.060185 0.038694 0.118519
0 892 0.407195 0.119907 0.039299 0.126852
0 904 0.484885 0.045833 0.032648 0.089815
0 908 0.513301 0.042130 0.035067 0.082407
0 917 0.652963 0.085648 0.032648 0.121296
0 918 0.689843 0.116667 0.030230 0.109259
0 919 0.715236 0.094907 0.029021 0.104630
0 920 0.651149 0.048611 0.032648 0.095370
0 921 0.672007 0.072222 0.036880 0.122222
0 922 0.912031 0.051389 0.032044 0.100926
0 928 0.870012 0.124074 0.026602 0.114815
0 929 0.951632 0.098611 0.032648 0.132407
0 930 0.972189 0.044907 0.037485 0.087963
0 931 0.943773 0.058796 0.037485 0.113889
0 934 0.941052 0.061574 0.032044 0.115741
0 940 0.908706 0.317130 0.030230 0.087963
0 948 0.671705 0.063889 0.035067 0.118519
0 949 0.681378 0.047222 0.035067 0.092593
0 951 0.902056 0.102315 0.059250 0.152778
0 1175 0.373035 0.555556 0.037485 0.148148
0 1197 0.075574 0.461111 0.039903 0.146296
0 1198 0.058041 0.505093 0.041112 0.150926
0 1200 0.032044 0.480093 0.035067 0.162037
0 1206 0.098247 0.471296 0.040508 0.150000
0 1284 0.839178 0.371759 0.039903 0.128704
0 1285 0.851270 0.353241 0.032648 0.126852
0 1306 0.257255 0.663426 0.044135 0.165741
0 1307 0.227630 0.650000 0.036880 0.162963
0 1308 0.361850 0.653241 0.039299 0.145370
0 1325 0.226119 0.568981 0.035067 0.134259
0 1326 0.230351 0.558796 0.033857 0.154630
0 1328 0.187424 0.560185 0.044740 0.148148
0 1329 0.194075 0.526389 0.044740 0.154630
0 1330 0.153265 0.536574 0.036880 0.149074
0 1343 0.369710 0.227778 0.032044 0.129630
0 1344 0.390568 0.223611 0.032648 0.126852
0 1412 0.535973 0.733333 0.046554 0.142593
0 1413 0.584946 0.738426 0.051391 0.171296
0 1444 0.269649 0.437037 0.037485 0.129630
0 1445 0.272370 0.469444 0.036880 0.146296
0 1501 0.260580 0.937963 0.041112 0.125926
0 1531 0.017231 0.725926 0.033253 0.174074
0 1549 0.311971 0.781019 0.041112 0.152778
0 1567 0.320435 0.484259 0.036276 0.146296
0 1570 0.002721 0.560185 0.004232 0.159259
0 1592 0.350665 0.703241 0.036276 0.154630
0 1594 0.355804 0.737963 0.044135 0.168519
0 1638 0.626965 0.714352 0.042322 0.178704
0 1639 0.671100 0.756019 0.043531 0.171296
0 1640 0.668380 0.718519 0.034462 0.137037
0 1650 0.427449 0.743519 0.049577 0.146296
0 1653 0.654474 0.647685 0.051391 0.149074
0 1655 0.450423 0.528241 0.036276 0.134259
0 1657 0.428658 0.507870 0.032648 0.137963
0 1661 0.911125 0.956481 0.048368 0.088889
0 1676 0.442563 0.053241 0.035067 0.104630
0 1716 0.420496 0.593056 0.038089 0.150926
0 1717 0.445586 0.567130 0.037485 0.150926
0 1741 0.994861 0.359259 0.010278 0.114815
0 1743 0.977630 0.418519 0.042322 0.146296
0 1776 0.239722 0.625926 0.036880 0.146296
0 1777 0.292624 0.600926 0.038694 0.151852
0 1778 0.289903 0.651852 0.032044 0.174074
0 1779 0.336759 0.379167 0.033857 0.126852
0 1780 0.321040 0.410648 0.043531 0.149074
0 1781 0.341294 0.395370 0.036880 0.129630
0 1782 0.302902 0.375463 0.037485 0.143519
0 1798 0.666868 0.617130 0.047158 0.160185
0 1799 0.409311 0.463426 0.037485 0.143519
0 1800 0.685611 0.582407 0.037485 0.151852
0 1806 0.638452 0.668056 0.042322 0.137963
0 1809 0.121524 0.928704 0.053204 0.144444
0 1824 0.763603 0.773611 0.049577 0.173148
0 1833 0.066203 0.948148 0.051391 0.105556
0 1838 0.797461 0.767130 0.041112 0.165741
0 1848 0.920798 0.872222 0.049577 0.177778
0 1850 0.870314 0.932870 0.056227 0.130556
0 1852 0.955562 0.825926 0.046554 0.168519
0 1856 0.988815 0.284259 0.021161 0.148148
0 1857 0.840992 0.191204 0.031439 0.128704
0 1858 0.792624 0.649074 0.060459 0.168519
0 1859 0.725816 0.850463 0.046554 0.176852
0 1860 0.759069 0.847222 0.048972 0.172222
0 1862 0.475816 0.443519 0.037485 0.129630
0 1863 0.503930 0.485185 0.036880 0.148148
0 1865 0.717956 0.536574 0.035671 0.160185
0 1866 0.675030 0.517130 0.053809 0.163889
0 1868 0.087666 0.620370 0.059250 0.159259
0 1869 0.040810 0.632407 0.050181 0.146296
0 1893 0.733978 0.660185 0.054414 0.153704
0 1894 0.864268 0.677778 0.046554 0.138889
0 1895 0.894196 0.681481 0.041112 0.159259
0 1896 0.792624 0.520370 0.041112 0.140741
0 1897 0.736397 0.351389 0.035067 0.134259
0 1898 0.933192 0.667130 0.046554 0.169444
0 1899 0.298368 0.345833 0.039299 0.139815
0 1900 0.335852 0.324074 0.034462 0.142593
0 1901 0.319528 0.310185 0.029625 0.151852
0 1904 0.969468 0.365741 0.035671 0.131481
0 1906 0.324365 0.350000 0.035671 0.118519
0 1912 0.735490 0.437500 0.038089 0.154630
0 1913 0.834341 0.531481 0.044740 0.146296
0 1914 0.943773 0.379630 0.036276 0.140741
0 1915 0.947400 0.623148 0.036276 0.129630
0 1916 0.837062 0.625000 0.053809 0.159259
0 1920 0.911729 0.665741 0.035067 0.118519
0 1922 0.636638 0.978704 0.033857 0.044444
0 1932 0.420798 0.958796 0.041112 0.082407
0 1933 0.470979 0.930556 0.048368 0.140741
0 1934 0.496372 0.925000 0.048368 0.150000
