0 787 0.006651 0.296296 0.012092 0.151852
0 790 0.029323 0.226389 0.045345 0.134259
0 791 0.516626 0.748148 0.034462 0.135185
0 792 0.082830 0.248611 0.041112 0.139815
0 793 0.500000 0.155556 0.035067 0.129630
0 794 0.513603 0.139815 0.029625 0.118519
0 795 0.802600 0.486574 0.040508 0.143519
0 796 0.487908 0.731944 0.039903 0.162037
0 797 0.559855 0.458796 0.038694 0.154630
0 798 0.526300 0.464815 0.048972 0.157407
0 799 0.841596 0.556944 0.044740 0.150926
0 800 0.896010 0.551852 0.047158 0.153704
0 801 0.539601 0.193981 0.041717 0.132407
0 802 0.564087 0.227778 0.033857 0.124074
0 803 0.741838 0.432870 0.039903 0.143519
0 804 0.711004 0.437500 0.038694 0.169444
0 805 0.666868 0.429167 0.032648 0.134259
0 807 0.986397 0.176852 0.027207 0.124074
0 808 0.942866 0.173611 0.034462 0.134259
0 809 0.884522 0.150926 0.039903 0.148148
0 810 0.572249 0.165741 0.030834 0.107407
0 814 0.938634 0.318056 0.039299 0.160185
0 816 0.951028 0.276389 0.035067 0.145370
0 818 0.921403 0.268981 0.030230 0.134259
0 819 0.546252 0.129630 0.034462 0.135185
0 820 0.538996 0.095370 0.034462 0.137037
0 821 0.969468 0.600926 0.040508 0.142593
0 824 0.595828 0.218519 0.032044 0.124074
0 825 0.607013 0.217593 0.033857 0.146296
0 826 0.603990 0.245833 0.036276 0.130556
0 827 0.723398 0.209259 0.032044 0.120370
0 828 0.761185 0.350926 0.062878 0.162963
0 829 0.792926 0.307407 0.039299 0.146296
0 830 0.760580 0.288426 0.042322 0.160185
0 831 0.624849 0.196296 0.029625 0.111111
0 832 0.720073 0.352315 0.035067 0.134259
0 833 0.681378 0.280556 0.041112 0.131481
0 834 0.662031 0.253241 0.039903 0.139815
0 835 0.574365 0.103241 0.038694 0.147222
0 836 0.641173 0.147685 0.046554 0.134259
0 837 0.728235 0.182407 0.036880 0.146296
0 838 0.836155 0.418519 0.036276 0.148148
0 839 0.805018 0.405093 0.034462 0.139815
0 840 0.782346 0.395833 0.038694 0.145370
0 841 0.734281 0.224537 0.032044 0.132407
0 842 0.756348 0.198611 0.031439 0.126852
0 844 0.630290 0.254630 0.036880 0.133333
0 845 0.918682 0.303704 0.039299 0.148148
0 846 0.899637 0.343519 0.037485 0.135185
0 847 0.885732 0.272222 0.037485 0.118519
0 848 0.790206 0.301852 0.039903 0.140741
0 851 0.782044 0.228241 0.029625 0.121296
0 852 0.763603 0.248611 0.037485 0.150926
0 853 0.653567 0.204630 0.038694 0.135185
0 854 0.811366 0.376389 0.035067 0.132407
0 856 0.524788 0.187500 0.024184 0.087963
0 857 0.571040 0.141667 0.034462 0.124074
0 858 0.962515 0.343519 0.030230 0.107407
0 859 0.645707 0.485648 0.048368 0.156481
0 860 0.679262 0.474074 0.039299 0.140741
0 861 0.419589 0.075000 0.025393 0.101852
0 862 0.710399 0.285648 0.041112 0.145370
0 863 0.555623 0.222222 0.030230 0.107407
0 864 0.703748 0.198611 0.031439 0.121296
0 866 0.770254 0.232407 0.032648 0.107407
0 872 0.081620 0.946759 0.036276 0.108333
0 873 0.110641 0.945833 0.037485 0.110185
0 875 0.232769 0.124074 0.042322 0.137037
0 876 0.109129 0.053704 0.036880 0.105556
0 877 0.128779 0.060185 0.039903 0.118519
0 878 0.152358 0.056019 0.036276 0.110185
0 879 0.186820 0.042593 0.037485 0.083333
0 881 0.157799 0.101852 0.037485 0.129630
0 882 0.188634 0.088889 0.039903 0.133333
0 890 0.370012 0.032870 0.031439 0.063889
0 892 0.368198 0.166204 0.039903 0.126852
0 896 0.300786 0.042130 0.029625 0.082407
0 904 0.484281 0.054167 0.032648 0.106481
0 908 0.510278 0.058796 0.033857 0.113889
0 910 0.582225 0.072685 0.035067 0.128704
0 915 0.735187 0.024537 0.031439 0.047222
0 917 0.648730 0.112500 0.032648 0.121296
0 918 0.707376 0.156944 0.026602 0.110185
0 919 0.733676 0.133333 0.029625 0.109259
0 920 0.659008 0.082870 0.036276 0.121296
0 921 0.703748 0.120833 0.037485 0.137963
0 922 0.910520 0.084259 0.032648 0.124074
0 928 0.857316 0.161111 0.027811 0.120370
0 929 0.956469 0.137500 0.032648 0.132407
0 930 0.975212 0.075463 0.037485 0.132407
0 931 0.947400 0.095833 0.037485 0.132407
0 932 0.861245 0.035648 0.033253 0.069444
0 933 0.889964 0.032870 0.031439 0.063889
0 934 0.928053 0.095370 0.032648 0.118519
0 935 0.935308 0.060185 0.032648 0.118519
0 940 0.908706 0.343056 0.030230 0.087963
0 945 0.842201 0.024074 0.024184 0.046296
0 948 0.702539 0.103704 0.035067 0.124074
0 949 0.683495 0.078704 0.034462 0.118519
0 951 0.891778 0.142130 0.059250 0.160185
0 1175 0.371826 0.556481 0.037485 0.148148
0 1197 0.074063 0.463889 0.039299 0.146296
0 1198 0.058041 0.511574 0.041112 0.150926
0 1200 0.028416 0.484722 0.035067 0.162037
0 1206 0.098247 0.487963 0.042926 0.153704
0 1284 0.840387 0.376389 0.039903 0.128704
0 1285 0.849456 0.356019 0.032648 0.126852
0 1306 0.256348 0.666204 0.044740 0.165741
0 1307 0.226421 0.656481 0.036880 0.164815
0 1308 0.359432 0.653704 0.039299 0.142593
0 1325 0.225816 0.574537 0.034462 0.134259
0 1326 0.230351 0.563426 0.033857 0.152778
0 1328 0.186820 0.562963 0.044740 0.148148
0 1329 0.192866 0.526389 0.044740 0.154630
0 1330 0.153567 0.539352 0.037485 0.143519
0 1343 0.368198 0.233333 0.032648 0.129630
0 1344 0.389964 0.228241 0.032648 0.126852
0 1412 0.526904 0.789815 0.050181 0.142593
0 1413 0.584946 0.803704 0.051391 0.170370
0 1444 0.277811 0.448148 0.036880 0.129630
0 1445 0.273579 0.473148 0.036880 0.144444
0 1501 0.261185 0.939815 0.042322 0.122222
0 1549 0.311366 0.783796 0.039903 0.150926
0 1567 0.301391 0.507870 0.039299 0.141667
0 1592 0.349154 0.705093 0.036880 0.154630
0 1594 0.354595 0.740741 0.044135 0.166667
0 1638 0.635732 0.738426 0.041717 0.178704
0 1639 0.673821 0.769444 0.044135 0.168519
0 1640 0.678356 0.745370 0.033857 0.140741
0 1650 0.427449 0.746296 0.049577 0.146296
0 1653 0.642382 0.657870 0.051391 0.149074
0 1655 0.449516 0.532870 0.032044 0.134259
0 1657 0.426844 0.513426 0.032648 0.137963
0 1676 0.432588 0.078704 0.034462 0.120370
0 1716 0.422914 0.594444 0.032044 0.150000
0 1717 0.444680 0.570833 0.036880 0.150926
0 1743 0.976421 0.458796 0.044740 0.154630
0 1776 0.237606 0.624074 0.037485 0.146296
0 1777 0.291112 0.602778 0.040508 0.151852
0 1778 0.289903 0.652315 0.032044 0.173148
0 1779 0.334341 0.379167 0.033857 0.126852
0 1780 0.319831 0.413426 0.043531 0.149074
0 1781 0.340992 0.398148 0.037485 0.129630
0 1782 0.301693 0.374537 0.037485 0.143519
0 1798 0.717050 0.657407 0.047158 0.166667
0 1799 0.408102 0.465278 0.037485 0.143519
0 1800 0.752721 0.638426 0.037485 0.150926
0 1806 0.659613 0.696759 0.042322 0.137963
0 1809 0.114571 0.971296 0.048972 0.059259
0 1824 0.779927 0.843056 0.049577 0.175000
0 1833 0.051391 0.985185 0.033857 0.031481
0 1838 0.810157 0.833333 0.043531 0.157407
0 1848 0.934099 0.935185 0.048368 0.131481
0 1852 0.950121 0.876852 0.046554 0.142593
0 1856 0.985792 0.284259 0.027207 0.148148
0 1857 0.834341 0.203241 0.036276 0.128704
0 1858 0.775091 0.708333 0.054414 0.168519
0 1859 0.737606 0.927778 0.045949 0.137037
0 1860 0.774486 0.928241 0.043531 0.139815
0 1862 0.487304 0.482407 0.036276 0.129630
0 1863 0.510883 0.531481 0.037485 0.150000
0 1865 0.747884 0.607870 0.038694 0.176852
0 1866 0.700423 0.579630 0.056227 0.168519
0 1868 0.077993 0.684259 0.060459 0.159259
0 1869 0.028416 0.697222 0.050786 0.148148
0 1893 0.721584 0.718519 0.053809 0.153704
0 1894 0.833736 0.750926 0.041112 0.142593
0 1895 0.863059 0.749074 0.046554 0.155556
0 1896 0.771161 0.562037 0.041717 0.144444
0 1897 0.756651 0.400926 0.034462 0.144444
0 1898 0.916264 0.736574 0.046554 0.182407
0 1899 0.297763 0.349074 0.039299 0.140741
0 1900 0.359734 0.342130 0.037485 0.137963
0 1901 0.366082 0.322685 0.029625 0.150926
0 1904 0.976723 0.392593 0.034462 0.131481
0 1906 0.328295 0.356481 0.035067 0.118519
0 1912 0.803507 0.470370 0.026602 0.162963
0 1913 0.817412 0.564815 0.043531 0.153704
0 1914 0.949214 0.400926 0.037485 0.146296
0 1915 0.929262 0.686574 0.039903 0.150926
0 1916 0.827388 0.690741 0.053809 0.168519
0 1920 0.899637 0.727778 0.035067 0.122222
0 1932 0.519347 0.978704 0.041112 0.044444
0 1933 0.564087 0.959722 0.041112 0.082407
0 1934 0.589782 0.943519 0.039299 0.114815
