0 786 0.002418 0.272685 0.003628 0.143519
0 787 0.016022 0.269907 0.030834 0.143519
0 789 0.016929 0.243056 0.032648 0.145370
0 790 0.052297 0.201389 0.044135 0.134259
0 791 0.531741 0.706481 0.034462 0.135185
0 792 0.106711 0.226852 0.040508 0.135185
0 793 0.499093 0.137963 0.034462 0.129630
0 794 0.516929 0.123148 0.030230 0.118519
0 795 0.756651 0.473148 0.039299 0.142593
0 796 0.506046 0.687963 0.037485 0.159259
0 797 0.557134 0.429630 0.039299 0.153704
0 798 0.519045 0.434259 0.045345 0.159259
0 799 0.826179 0.533333 0.036880 0.151852
0 800 0.870617 0.521759 0.045949 0.149074
0 801 0.534160 0.178704 0.041717 0.129630
0 802 0.565296 0.211111 0.033857 0.124074
0 803 0.729141 0.410185 0.039903 0.144444
0 804 0.700423 0.404167 0.039299 0.167593
0 805 0.653567 0.397222 0.032648 0.127778
0 807 0.982164 0.149537 0.029625 0.123148
0 808 0.947703 0.149537 0.034462 0.134259
0 809 0.892684 0.125463 0.039299 0.149074
0 810 0.575877 0.149074 0.032044 0.107407
0 814 0.942261 0.304167 0.039299 0.158333
0 816 0.948609 0.259722 0.036276 0.145370
0 817 0.979746 0.317593 0.030834 0.135185
0 818 0.918380 0.253241 0.031439 0.134259
0 819 0.549274 0.110185 0.034462 0.135185
0 820 0.551088 0.082407 0.034462 0.137037
0 821 0.948005 0.568056 0.037485 0.139815
0 824 0.598247 0.202778 0.032044 0.124074
0 825 0.605200 0.198148 0.033857 0.146296
0 826 0.603990 0.226852 0.036276 0.127778
0 827 0.733374 0.193056 0.032648 0.121296
0 828 0.764208 0.323611 0.061669 0.162037
0 829 0.795647 0.280556 0.039903 0.142593
0 830 0.773277 0.263426 0.042322 0.160185
0 831 0.626360 0.176852 0.027811 0.107407
0 832 0.732769 0.320833 0.035067 0.134259
0 833 0.692866 0.259722 0.041112 0.126852
0 834 0.662031 0.237500 0.039903 0.139815
0 835 0.582225 0.086111 0.041112 0.146296
0 836 0.643591 0.128241 0.046554 0.134259
0 837 0.716445 0.157870 0.035067 0.145370
0 838 0.824063 0.395370 0.037485 0.148148
0 839 0.795647 0.375463 0.035067 0.139815
0 840 0.773579 0.372685 0.039299 0.145370
0 841 0.736699 0.210648 0.032044 0.132407
0 842 0.743652 0.171759 0.031439 0.126852
0 843 0.976421 0.540741 0.036276 0.166667
0 844 0.629686 0.233796 0.036880 0.132407
0 845 0.914450 0.288889 0.039299 0.148148
0 846 0.899335 0.330093 0.036880 0.132407
0 847 0.885732 0.262500 0.036276 0.119444
0 848 0.810157 0.250463 0.035067 0.130556
0 851 0.777207 0.207407 0.027207 0.114815
0 852 0.770859 0.230556 0.037485 0.151852
0 853 0.655985 0.185185 0.037485 0.135185
0 854 0.801693 0.349537 0.035067 0.132407
0 856 0.522975 0.169907 0.024184 0.087963
0 857 0.574667 0.126852 0.034462 0.120370
0 858 0.966747 0.327778 0.030230 0.107407
0 859 0.626663 0.451389 0.048972 0.156481
0 860 0.656288 0.442130 0.035671 0.139815
0 861 0.422612 0.047685 0.025393 0.093519
0 862 0.720677 0.257407 0.041112 0.146296
0 863 0.563482 0.207407 0.030230 0.107407
0 864 0.709492 0.184722 0.032044 0.121296
0 866 0.765115 0.208796 0.032044 0.106481
0 872 0.021161 0.933333 0.041112 0.135185
0 873 0.046554 0.929630 0.043531 0.142593
0 875 0.251814 0.095833 0.041717 0.137963
0 876 0.121524 0.041667 0.031439 0.081481
0 877 0.142684 0.047222 0.031439 0.092593
0 878 0.163845 0.037037 0.035067 0.072222
0 879 0.205562 0.028241 0.037485 0.054630
0 881 0.163845 0.075000 0.037485 0.124074
0 882 0.192261 0.070833 0.039903 0.126852
0 890 0.385429 0.020833 0.032044 0.039815
0 892 0.390266 0.139352 0.039299 0.126852
0 896 0.300786 0.030093 0.029625 0.058333
0 904 0.484885 0.045370 0.032648 0.088889
0 908 0.509976 0.048611 0.034462 0.095370
0 917 0.651149 0.096759 0.032648 0.121296
0 918 0.698609 0.135648 0.028416 0.110185
0 919 0.724305 0.109722 0.029021 0.104630
0 920 0.652660 0.059722 0.035671 0.110185
0 921 0.686215 0.093981 0.037485 0.130556
0 922 0.913543 0.060185 0.032648 0.109259
0 928 0.861850 0.138426 0.027207 0.119444
0 929 0.952842 0.113426 0.032648 0.132407
0 930 0.975212 0.054630 0.037485 0.105556
0 931 0.944982 0.074537 0.037485 0.123148
0 932 0.849154 0.024074 0.029625 0.046296
0 933 0.877872 0.023611 0.032648 0.045370
0 934 0.935611 0.075926 0.032044 0.116667
0 935 0.941959 0.049537 0.032648 0.097222
0 940 0.908706 0.328241 0.030230 0.087963
0 948 0.683192 0.075926 0.035067 0.124074
0 949 0.678053 0.057870 0.034462 0.108333
0 951 0.896312 0.121296 0.058646 0.153704
0 1175 0.373035 0.554630 0.037485 0.148148
0 1197 0.074667 0.462963 0.039299 0.146296
0 1198 0.058041 0.506944 0.041112 0.150926
0 1200 0.030230 0.481019 0.035067 0.162037
0 1206 0.097642 0.479630 0.041717 0.155556
0 1284 0.839782 0.373611 0.039903 0.128704
0 1285 0.850665 0.354167 0.032648 0.126852
0 1306 0.256651 0.663426 0.044135 0.165741
0 1307 0.227932 0.652315 0.037485 0.162037
0 1308 0.360641 0.653704 0.039299 0.144444
0 1325 0.226119 0.571759 0.035067 0.134259
0 1326 0.230351 0.560185 0.033857 0.153704
0 1328 0.187424 0.561111 0.044740 0.148148
0 1329 0.193470 0.526389 0.044740 0.154630
0 1330 0.153265 0.537963 0.036880 0.146296
0 1343 0.369710 0.229630 0.032044 0.129630
0 1344 0.390871 0.224537 0.032044 0.126852
0 1412 0.532950 0.757870 0.050181 0.143519
0 1413 0.587364 0.767130 0.051391 0.171296
0 1444 0.276300 0.442593 0.037485 0.129630
0 1445 0.272975 0.471296 0.036880 0.146296
0 1501 0.260883 0.938889 0.041717 0.124074
0 1531 0.005441 0.744907 0.009674 0.180556
0 1549 0.311669 0.781481 0.040508 0.151852
0 1567 0.311064 0.490741 0.036880 0.146296
0 1592 0.350665 0.703241 0.036276 0.154630
0 1594 0.355200 0.738889 0.044135 0.166667
0 1638 0.635732 0.724537 0.041717 0.178704
0 1639 0.675635 0.763426 0.044135 0.169444
0 1640 0.675333 0.729630 0.033857 0.140741
0 1650 0.427449 0.744444 0.049577 0.146296
0 1653 0.649335 0.652315 0.051995 0.149074
0 1655 0.450121 0.530093 0.034462 0.134259
0 1657 0.427751 0.510648 0.032044 0.137963
0 1661 0.939541 0.968981 0.047158 0.063889
0 1676 0.440145 0.062037 0.035067 0.114815
0 1716 0.421705 0.593056 0.034462 0.150926
0 1717 0.445284 0.568981 0.036880 0.150926
0 1743 0.973700 0.433796 0.041717 0.150926
0 1776 0.238513 0.625926 0.036880 0.146296
0 1777 0.291717 0.601852 0.039299 0.151852
0 1778 0.289903 0.651852 0.032044 0.174074
0 1779 0.335550 0.379167 0.033857 0.126852
0 1780 0.320435 0.411574 0.043531 0.149074
0 1781 0.340992 0.397222 0.037485 0.129630
0 1782 0.302902 0.373611 0.037485 0.143519
0 1798 0.686820 0.631944 0.047158 0.160185
0 1799 0.409311 0.464352 0.037485 0.143519
0 1800 0.715236 0.605556 0.037485 0.151852
0 1806 0.649335 0.683796 0.042322 0.137963
0 1809 0.118501 0.949074 0.053204 0.103704
0 1824 0.770254 0.797685 0.049577 0.173148
0 1833 0.060762 0.961574 0.050181 0.078704
0 1838 0.801391 0.800463 0.041717 0.165741
0 1848 0.927751 0.900463 0.051391 0.167593
0 1850 0.864268 0.957407 0.056227 0.087037
0 1852 0.952842 0.843981 0.047158 0.162037
0 1856 0.986699 0.284259 0.025393 0.148148
0 1857 0.838875 0.194907 0.033253 0.128704
0 1858 0.785369 0.678241 0.062878 0.167593
0 1859 0.728537 0.892130 0.045949 0.176852
0 1860 0.762999 0.881944 0.048368 0.163889
0 1862 0.480955 0.460185 0.036880 0.129630
0 1863 0.508162 0.503704 0.036880 0.144444
0 1865 0.727630 0.568519 0.034462 0.170370
0 1866 0.682890 0.543056 0.053809 0.167593
0 1868 0.084039 0.646296 0.060459 0.157407
0 1869 0.035067 0.661574 0.049577 0.149074
0 1893 0.725816 0.684259 0.053809 0.153704
0 1894 0.854897 0.710185 0.042322 0.142593
0 1895 0.882104 0.711111 0.043531 0.159259
0 1896 0.783253 0.537963 0.041717 0.142593
0 1897 0.744256 0.370833 0.035067 0.136111
0 1898 0.926542 0.696759 0.046554 0.173148
0 1899 0.298972 0.347222 0.039299 0.140741
0 1900 0.343410 0.335185 0.035067 0.142593
0 1901 0.337666 0.314815 0.029625 0.151852
0 1904 0.971584 0.376852 0.033857 0.131481
0 1906 0.326179 0.352778 0.035671 0.118519
0 1912 0.765417 0.451389 0.032648 0.158333
0 1913 0.824667 0.547222 0.043531 0.146296
0 1914 0.945889 0.388889 0.036880 0.142593
0 1915 0.940750 0.649537 0.039903 0.141667
0 1916 0.834341 0.653241 0.054414 0.160185
0 1920 0.909311 0.696759 0.035067 0.121296
0 1932 0.458585 0.967130 0.045345 0.065741
0 1933 0.512092 0.943519 0.044740 0.114815
0 1934 0.536880 0.932407 0.043531 0.137037
