0 786 0.012696 0.247222 0.024184 0.142593
0 787 0.031137 0.245833 0.036880 0.137963
0 788 0.009371 0.208333 0.017533 0.135185
0 789 0.054111 0.222222 0.042926 0.144444
0 790 0.071947 0.175463 0.043531 0.128704
0 791 0.547461 0.658333 0.033253 0.135185
0 792 0.133313 0.203704 0.039299 0.131481
0 793 0.498489 0.116204 0.033253 0.125000
0 794 0.519347 0.107407 0.030230 0.118519
0 795 0.706469 0.451389 0.039299 0.143519
0 796 0.512696 0.640278 0.047158 0.160185
0 797 0.553507 0.394444 0.038089 0.150000
0 798 0.514510 0.403241 0.049577 0.160185
0 799 0.808041 0.494907 0.036880 0.147222
0 800 0.848851 0.483333 0.036276 0.148148
0 801 0.530834 0.159259 0.042322 0.129630
0 802 0.566505 0.193519 0.033857 0.124074
0 803 0.715538 0.372222 0.036880 0.142593
0 804 0.685006 0.372685 0.041112 0.167593
0 805 0.641475 0.357407 0.032648 0.114815
0 807 0.974909 0.117130 0.034462 0.123148
0 808 0.950121 0.124074 0.034462 0.131481
0 809 0.903265 0.103704 0.038694 0.140741
0 810 0.579202 0.130556 0.031439 0.107407
0 814 0.946796 0.283333 0.039903 0.151852
0 816 0.945586 0.241204 0.037485 0.145370
0 817 0.961306 0.308796 0.037485 0.143519
0 818 0.915659 0.237500 0.032044 0.134259
0 819 0.549879 0.094444 0.034462 0.135185
0 820 0.560459 0.071759 0.035067 0.132407
0 821 0.922007 0.531481 0.039903 0.135185
0 824 0.599758 0.187963 0.032648 0.124074
0 825 0.602781 0.174537 0.033857 0.143519
0 826 0.606409 0.205093 0.036276 0.125000
0 827 0.747279 0.171296 0.031439 0.120370
0 828 0.772975 0.300463 0.059855 0.162037
0 829 0.807134 0.256944 0.039903 0.139815
0 830 0.786578 0.239352 0.042322 0.160185
0 831 0.629988 0.156019 0.029021 0.106481
0 832 0.749395 0.290741 0.034462 0.125926
0 833 0.704958 0.242130 0.041112 0.126852
0 834 0.662031 0.211111 0.039903 0.137037
0 835 0.593410 0.069907 0.041717 0.137963
0 836 0.645707 0.109722 0.045949 0.134259
0 837 0.699516 0.132870 0.035067 0.145370
0 838 0.809855 0.365278 0.036880 0.145370
0 839 0.785973 0.352778 0.035067 0.137037
0 840 0.764208 0.347685 0.038694 0.145370
0 841 0.741536 0.199537 0.032044 0.132407
0 842 0.726421 0.144907 0.032044 0.126852
0 843 0.950423 0.514352 0.042322 0.158333
0 844 0.630593 0.214352 0.036276 0.132407
0 845 0.908404 0.268519 0.039299 0.148148
0 846 0.901451 0.314815 0.036276 0.129630
0 847 0.883011 0.251389 0.034462 0.117593
0 848 0.837364 0.225463 0.030230 0.121296
0 851 0.767836 0.189352 0.027811 0.115741
0 852 0.782648 0.206481 0.036880 0.142593
0 853 0.657799 0.165278 0.036276 0.134259
0 854 0.791112 0.320833 0.034462 0.132407
0 856 0.523579 0.153241 0.024184 0.087963
0 857 0.578295 0.110185 0.034462 0.116667
0 858 0.966747 0.305556 0.030230 0.107407
0 859 0.604897 0.410648 0.046554 0.156481
0 860 0.631802 0.404630 0.027811 0.140741
0 861 0.422914 0.043981 0.024788 0.086111
0 862 0.735792 0.243056 0.038694 0.141667
0 863 0.567412 0.188426 0.029625 0.106481
0 864 0.716143 0.169907 0.032044 0.121296
0 866 0.756046 0.196759 0.030834 0.104630
0 873 0.002721 0.920370 0.004232 0.159259
0 874 0.524184 0.987963 0.032648 0.025926
0 875 0.267231 0.065278 0.042322 0.128704
0 878 0.169891 0.023148 0.035067 0.044444
0 879 0.223096 0.021759 0.033857 0.041667
0 881 0.165054 0.057407 0.037485 0.112963
0 882 0.193773 0.057407 0.038089 0.112963
0 892 0.415054 0.112500 0.039299 0.126852
0 904 0.485490 0.040741 0.031439 0.079630
0 908 0.514510 0.039815 0.035067 0.077778
0 917 0.651753 0.081944 0.032648 0.121296
0 918 0.686215 0.106019 0.030230 0.110185
0 919 0.710399 0.088426 0.029021 0.104630
0 920 0.650242 0.044907 0.030834 0.087963
0 921 0.665659 0.062963 0.037485 0.118519
0 922 0.911427 0.044907 0.032044 0.087963
0 928 0.873942 0.117593 0.027207 0.114815
0 930 0.970073 0.042130 0.036880 0.082407
0 931 0.942563 0.053241 0.037485 0.104630
0 934 0.942261 0.054167 0.032044 0.106481
0 940 0.908706 0.312500 0.030230 0.087963
0 948 0.666868 0.059259 0.035067 0.114815
0 949 0.685006 0.043981 0.035067 0.086111
0 951 0.902056 0.090741 0.059250 0.150000
0 1175 0.373035 0.555556 0.037485 0.148148
0 1197 0.075574 0.461111 0.039903 0.146296
0 1198 0.058343 0.506019 0.040508 0.150926
0 1200 0.032648 0.480093 0.035067 0.162037
0 1206 0.098247 0.472222 0.040508 0.148148
0 1284 0.838573 0.370833 0.039903 0.128704
0 1285 0.851874 0.352315 0.032648 0.126852
0 1306 0.257255 0.663426 0.044135 0.165741
0 1307 0.227025 0.650926 0.036880 0.164815
0 1308 0.362455 0.653704 0.039299 0.146296
0 1325 0.226723 0.568981 0.035067 0.134259
0 1326 0.230351 0.560648 0.033857 0.154630
0 1328 0.187424 0.555556 0.044740 0.148148
0 1329 0.194075 0.525463 0.044740 0.154630
0 1330 0.153265 0.536111 0.036880 0.150000
0 1343 0.369710 0.227778 0.032044 0.129630
0 1344 0.389964 0.224537 0.032648 0.126852
0 1412 0.538694 0.722222 0.047158 0.142593
0 1413 0.584039 0.726852 0.050786 0.170370
0 1444 0.266929 0.434259 0.036880 0.129630
0 1445 0.272370 0.468981 0.036880 0.147222
0 1501 0.260580 0.938426 0.041112 0.125000
0 1531 0.021463 0.717130 0.041717 0.176852
0 1549 0.311971 0.780093 0.042322 0.152778
0 1567 0.324365 0.481481 0.035671 0.146296
0 1570 0.003628 0.560648 0.006046 0.160185
0 1573 0.841898 0.975463 0.030834 0.050926
0 1592 0.350665 0.703241 0.036276 0.154630
0 1594 0.356409 0.737963 0.044135 0.168519
0 1638 0.621524 0.708796 0.042322 0.178704
0 1639 0.668682 0.750463 0.043531 0.171296
0 1640 0.664752 0.713426 0.034462 0.136111
0 1650 0.427449 0.742593 0.049577 0.146296
0 1653 0.656892 0.645833 0.051391 0.149074
0 1655 0.450423 0.529167 0.036276 0.134259
0 1657 0.428960 0.506944 0.032044 0.137963
0 1660 0.791112 0.970833 0.039299 0.056481
0 1661 0.897521 0.950926 0.048972 0.100000
0 1667 0.861245 0.979167 0.032044 0.043519
0 1676 0.442563 0.050000 0.035067 0.098148
0 1716 0.419891 0.592130 0.039299 0.150926
0 1717 0.446191 0.567130 0.037485 0.150926
0 1741 0.994559 0.359259 0.010883 0.114815
0 1743 0.974909 0.415741 0.041717 0.146296
0 1776 0.240326 0.625000 0.036880 0.146296
0 1777 0.292926 0.600000 0.038089 0.151852
0 1778 0.290508 0.651852 0.032044 0.174074
0 1779 0.337364 0.379167 0.033857 0.126852
0 1780 0.321644 0.409722 0.043531 0.149074
0 1781 0.341898 0.395370 0.036880 0.129630
0 1782 0.302902 0.375463 0.037485 0.143519
0 1798 0.661427 0.609259 0.047158 0.159259
0 1799 0.409311 0.462500 0.037485 0.143519
0 1800 0.671705 0.573148 0.037485 0.151852
0 1806 0.632406 0.657870 0.042322 0.137963
0 1809 0.121524 0.920370 0.053204 0.161111
0 1824 0.759976 0.760185 0.049577 0.174074
0 1833 0.066505 0.940278 0.050786 0.121296
0 1834 0.104595 0.972685 0.044740 0.056481
0 1838 0.791717 0.754167 0.041717 0.163889
0 1848 0.917170 0.859259 0.048368 0.179630
0 1850 0.873337 0.921759 0.056227 0.143519
0 1852 0.956469 0.818056 0.045949 0.171296
0 1856 0.989722 0.284259 0.019347 0.148148
0 1857 0.840992 0.190278 0.031439 0.128704
0 1858 0.795042 0.636111 0.059250 0.164815
0 1859 0.725212 0.830093 0.046554 0.176852
0 1860 0.759069 0.827315 0.048972 0.169444
0 1862 0.473398 0.436111 0.037485 0.129630
0 1863 0.502116 0.478241 0.036880 0.147222
0 1865 0.714027 0.522685 0.037485 0.156481
0 1866 0.671100 0.502778 0.053204 0.161111
0 1868 0.089178 0.609259 0.058646 0.159259
0 1869 0.043531 0.617130 0.050786 0.143519
0 1893 0.738210 0.648148 0.054414 0.153704
0 1894 0.866989 0.663889 0.047158 0.135185
0 1895 0.896614 0.669444 0.041112 0.159259
0 1896 0.796856 0.515741 0.041112 0.140741
0 1897 0.732769 0.343056 0.035067 0.134259
0 1898 0.936215 0.652778 0.046554 0.168519
0 1899 0.291717 0.345833 0.039299 0.139815
0 1900 0.332225 0.324074 0.034462 0.142593
0 1901 0.311669 0.308333 0.029625 0.151852
0 1904 0.968863 0.361111 0.036880 0.131481
0 1906 0.323458 0.349074 0.036276 0.118519
0 1912 0.720677 0.431944 0.037485 0.154630
0 1913 0.837062 0.524074 0.044135 0.146296
0 1914 0.941959 0.375926 0.036276 0.142593
0 1915 0.951330 0.615741 0.032044 0.129630
0 1916 0.840992 0.611574 0.050786 0.158333
0 1920 0.909915 0.653704 0.035067 0.118519
0 1922 0.620012 0.973611 0.038089 0.054630
0 1932 0.402056 0.959259 0.041112 0.083333
0 1933 0.451330 0.925463 0.052600 0.150926
0 1934 0.476119 0.920370 0.052600 0.155556
