0 791 0.470375 0.878241 0.036276 0.143519
0 792 0.020556 0.300463 0.039903 0.134259
0 793 0.490931 0.199074 0.035067 0.129630
0 794 0.501814 0.180556 0.029021 0.118519
0 795 0.895707 0.511574 0.048972 0.145370
0 796 0.431681 0.853241 0.051995 0.167593
0 797 0.574667 0.533796 0.036880 0.154630
0 798 0.538694 0.537500 0.051995 0.154630
0 799 0.907799 0.643519 0.051391 0.153704
0 800 0.976119 0.626389 0.040508 0.149074
0 801 0.539299 0.237963 0.041112 0.135185
0 802 0.561366 0.275000 0.034462 0.122222
0 803 0.786578 0.529630 0.039903 0.142593
0 804 0.754232 0.524537 0.039299 0.165741
0 805 0.715538 0.514352 0.036880 0.134259
0 807 0.984281 0.232870 0.030230 0.123148
0 808 0.956469 0.237500 0.036276 0.134259
0 809 0.876965 0.214352 0.044135 0.149074
0 810 0.563482 0.221296 0.029021 0.107407
0 814 0.927751 0.350000 0.039299 0.159259
0 816 0.960097 0.323611 0.035067 0.145370
0 818 0.945586 0.304630 0.035067 0.135185
0 819 0.532044 0.169444 0.035067 0.135185
0 820 0.511790 0.133333 0.033253 0.137037
0 824 0.591596 0.267593 0.032044 0.129630
0 825 0.605502 0.275463 0.033253 0.145370
0 826 0.593712 0.299537 0.036276 0.132407
0 827 0.704051 0.248611 0.033253 0.121296
0 828 0.752116 0.430093 0.065296 0.162037
0 829 0.798670 0.358333 0.044740 0.146296
0 830 0.737001 0.353241 0.041112 0.160185
0 831 0.624244 0.251389 0.032044 0.115741
0 832 0.681378 0.445833 0.033857 0.134259
0 833 0.642684 0.341204 0.042322 0.143519
0 834 0.666868 0.313426 0.044740 0.139815
0 835 0.548972 0.135185 0.037485 0.148148
0 836 0.644196 0.184722 0.047763 0.134259
0 837 0.733374 0.236574 0.037485 0.145370
0 838 0.853386 0.503241 0.039299 0.149074
0 839 0.830109 0.470370 0.037485 0.140741
0 840 0.808343 0.474074 0.039903 0.151852
0 841 0.739420 0.292593 0.031439 0.131481
0 842 0.758162 0.257870 0.031439 0.126852
0 844 0.639057 0.315278 0.037485 0.143519
0 845 0.926542 0.331019 0.038089 0.141667
0 846 0.891173 0.370370 0.036276 0.135185
0 847 0.900846 0.310185 0.037485 0.118519
0 848 0.782648 0.349074 0.040508 0.140741
0 851 0.772975 0.281481 0.032044 0.129630
0 852 0.769649 0.303704 0.039903 0.151852
0 853 0.659613 0.260185 0.039903 0.135185
0 854 0.847037 0.434722 0.030230 0.132407
0 856 0.528416 0.232870 0.024184 0.087963
0 857 0.563482 0.191667 0.035067 0.125926
0 858 0.948307 0.380556 0.032044 0.107407
0 859 0.720073 0.571296 0.045949 0.162963
0 860 0.770859 0.581944 0.037485 0.150926
0 861 0.393894 0.131944 0.024788 0.100926
0 862 0.665659 0.340278 0.044740 0.143519
0 863 0.552600 0.270833 0.030230 0.108333
0 864 0.688634 0.240278 0.029021 0.121296
0 866 0.765417 0.287963 0.035067 0.101852
0 867 0.005441 0.988426 0.009674 0.023148
0 871 0.156590 0.906944 0.055623 0.176852
0 875 0.159311 0.192130 0.041717 0.137963
0 876 0.062273 0.093981 0.039903 0.143519
0 877 0.084643 0.112963 0.039903 0.142593
0 878 0.120617 0.122685 0.036880 0.139815
0 879 0.139359 0.085648 0.040508 0.134259
0 881 0.136034 0.157870 0.037485 0.128704
0 882 0.155683 0.160185 0.039299 0.142593
0 884 0.180774 0.032870 0.031439 0.063889
0 887 0.286276 0.060648 0.032044 0.110185
0 890 0.314692 0.060648 0.035671 0.119444
0 892 0.303809 0.235648 0.044135 0.132407
0 896 0.322551 0.067130 0.029625 0.126852
0 899 0.467352 0.059722 0.039903 0.115741
0 904 0.479444 0.083333 0.032648 0.137037
0 908 0.510883 0.091204 0.032648 0.132407
0 909 0.530834 0.104167 0.035067 0.143519
0 910 0.561669 0.109722 0.035067 0.132407
0 911 0.558343 0.054167 0.036880 0.106481
0 912 0.586155 0.054167 0.032044 0.106481
0 914 0.675333 0.046759 0.030230 0.091667
0 915 0.703144 0.050463 0.031439 0.099074
0 917 0.655683 0.161111 0.027207 0.120370
0 918 0.718561 0.207870 0.029625 0.119444
0 919 0.734583 0.209259 0.032648 0.135185
0 920 0.693470 0.143056 0.035067 0.121296
0 921 0.738815 0.188426 0.035067 0.137963
0 922 0.888150 0.129630 0.032648 0.124074
0 928 0.847340 0.225000 0.027207 0.120370
0 929 0.966143 0.203704 0.033857 0.135185
0 930 0.970979 0.127315 0.037485 0.132407
0 931 0.948609 0.156944 0.037485 0.132407
0 932 0.893591 0.082870 0.032648 0.125000
0 933 0.914752 0.078704 0.031439 0.120370
0 934 0.923216 0.158333 0.032648 0.120370
0 935 0.933192 0.105556 0.032044 0.129630
0 936 0.983676 0.063889 0.031439 0.125926
0 937 0.960097 0.058796 0.035067 0.106481
0 938 0.892382 0.057407 0.032648 0.112963
0 939 0.867896 0.047685 0.029625 0.093519
0 940 0.893289 0.368519 0.029625 0.088889
0 944 0.850363 0.037500 0.028416 0.073148
0 945 0.868803 0.065741 0.027811 0.085185
0 946 0.911125 0.056481 0.032648 0.096296
0 947 0.901451 0.040741 0.030230 0.079630
0 948 0.745466 0.175926 0.035067 0.124074
0 949 0.723096 0.137037 0.035067 0.112963
0 950 0.104595 0.015278 0.027811 0.028704
0 951 0.888452 0.177778 0.058646 0.161111
0 1175 0.368803 0.564815 0.037485 0.148148
0 1197 0.073458 0.467130 0.039299 0.149074
0 1198 0.054414 0.515741 0.039903 0.151852
0 1200 0.024184 0.494907 0.035067 0.162037
0 1206 0.093410 0.509722 0.046554 0.150926
0 1284 0.836457 0.381019 0.039299 0.128704
0 1285 0.846131 0.361574 0.032044 0.126852
0 1306 0.254534 0.673611 0.044740 0.165741
0 1307 0.226421 0.663426 0.036880 0.162037
0 1308 0.355804 0.654167 0.039299 0.137963
0 1325 0.223096 0.581481 0.032648 0.135185
0 1326 0.230351 0.572222 0.033857 0.150000
0 1328 0.185611 0.565741 0.042322 0.148148
0 1329 0.191052 0.531019 0.044740 0.154630
0 1330 0.155381 0.553704 0.037485 0.142593
0 1343 0.367291 0.237037 0.032044 0.129630
0 1344 0.387545 0.234722 0.032648 0.126852
0 1412 0.511790 0.890278 0.051391 0.152778
0 1413 0.562273 0.901852 0.053204 0.170370
0 1444 0.278114 0.450926 0.037485 0.129630
0 1445 0.272370 0.475463 0.036880 0.143519
0 1501 0.261790 0.943056 0.042322 0.115741
0 1549 0.311366 0.787963 0.041112 0.153704
0 1567 0.293229 0.566204 0.035067 0.149074
0 1592 0.345526 0.709259 0.036880 0.153704
0 1594 0.352781 0.749074 0.044135 0.170370
0 1638 0.641475 0.773611 0.047158 0.184259
0 1639 0.677146 0.804167 0.043531 0.175000
0 1640 0.687727 0.769907 0.034462 0.145370
0 1650 0.425030 0.749537 0.049577 0.147222
0 1653 0.636638 0.657870 0.051995 0.149074
0 1655 0.448609 0.543056 0.035067 0.136111
0 1657 0.426239 0.518056 0.032648 0.137963
0 1676 0.411125 0.131019 0.035067 0.137963
0 1716 0.422914 0.599537 0.032044 0.149074
0 1717 0.435611 0.570833 0.034462 0.150926
0 1743 0.984583 0.532870 0.028416 0.160185
0 1776 0.236397 0.626852 0.036276 0.146296
0 1777 0.289299 0.603704 0.041717 0.151852
0 1778 0.289299 0.654167 0.032044 0.173148
0 1779 0.333434 0.382870 0.034462 0.126852
0 1780 0.314692 0.417593 0.044135 0.151852
0 1781 0.338573 0.404630 0.036276 0.129630
0 1782 0.297461 0.381019 0.037485 0.143519
0 1798 0.802902 0.726389 0.047158 0.171296
0 1799 0.404474 0.468981 0.037485 0.143519
0 1800 0.837969 0.664352 0.037485 0.150926
0 1806 0.681378 0.721759 0.042322 0.137963
0 1824 0.792019 0.932870 0.053204 0.134259
0 1838 0.827388 0.929167 0.044135 0.143519
0 1852 0.938936 0.960185 0.042322 0.075926
0 1856 0.972491 0.293056 0.033253 0.141667
0 1857 0.809553 0.218056 0.032648 0.128704
0 1858 0.750302 0.795833 0.058041 0.178704
0 1862 0.495466 0.534722 0.035671 0.128704
0 1863 0.491536 0.575000 0.036276 0.151852
0 1865 0.792019 0.703241 0.043531 0.176852
0 1866 0.746070 0.681944 0.056832 0.182407
0 1868 0.056530 0.800463 0.064692 0.165741
0 1869 0.022975 0.807407 0.044740 0.151852
0 1893 0.714631 0.809722 0.054414 0.156481
0 1894 0.778718 0.856019 0.042322 0.145370
0 1895 0.816505 0.857407 0.051391 0.170370
0 1896 0.740024 0.621296 0.042322 0.146296
0 1897 0.777207 0.471296 0.034462 0.146296
0 1898 0.862455 0.825000 0.050181 0.187037
0 1899 0.298368 0.353704 0.039299 0.140741
0 1900 0.412334 0.388426 0.038694 0.162037
0 1901 0.454655 0.352315 0.032648 0.154630
0 1904 0.984885 0.442130 0.029021 0.136111
0 1906 0.326784 0.368056 0.034462 0.117593
0 1912 0.882709 0.499537 0.037485 0.162037
0 1913 0.782950 0.627778 0.043531 0.146296
0 1914 0.959794 0.446759 0.041717 0.156481
0 1915 0.896312 0.781019 0.041717 0.150926
0 1916 0.804716 0.783333 0.056832 0.174074
0 1920 0.868198 0.820370 0.037485 0.124074
0 1934 0.744256 0.974537 0.033857 0.052778
