0 787 0.012696 0.281944 0.024184 0.147222
0 789 0.008162 0.249537 0.015115 0.145370
0 790 0.043229 0.211574 0.044135 0.134259
0 791 0.524486 0.723148 0.034462 0.135185
0 792 0.095828 0.236111 0.039299 0.138889
0 793 0.499395 0.145370 0.035067 0.129630
0 794 0.515417 0.129630 0.029625 0.118519
0 795 0.777207 0.476852 0.039299 0.142593
0 796 0.500000 0.706019 0.037485 0.162037
0 797 0.558343 0.442593 0.039299 0.153704
0 798 0.522975 0.446759 0.043531 0.158333
0 799 0.832225 0.543519 0.040508 0.151852
0 800 0.882104 0.534259 0.045949 0.151852
0 801 0.535067 0.185185 0.041112 0.129630
0 802 0.564692 0.219444 0.033857 0.124074
0 803 0.734583 0.420833 0.039903 0.143519
0 804 0.706771 0.418056 0.038694 0.167593
0 805 0.657799 0.412500 0.032648 0.132407
0 807 0.984885 0.161111 0.027811 0.124074
0 808 0.945889 0.158796 0.034462 0.134259
0 809 0.889359 0.136111 0.039903 0.148148
0 810 0.573156 0.152778 0.031439 0.107407
0 814 0.940447 0.310648 0.039299 0.160185
0 816 0.949516 0.266204 0.035671 0.145370
0 818 0.919287 0.259722 0.030834 0.134259
0 819 0.548065 0.118519 0.034462 0.135185
0 820 0.546252 0.087963 0.034462 0.137037
0 821 0.957678 0.581944 0.037485 0.141667
0 824 0.597037 0.209259 0.032044 0.124074
0 825 0.606409 0.205556 0.033857 0.146296
0 826 0.603990 0.234722 0.036276 0.128704
0 827 0.728537 0.200463 0.032648 0.121296
0 828 0.762696 0.332870 0.061064 0.162037
0 829 0.794135 0.292593 0.039299 0.144444
0 830 0.768440 0.273611 0.042322 0.160185
0 831 0.625756 0.185185 0.029021 0.109259
0 832 0.727328 0.332870 0.035067 0.134259
0 833 0.688029 0.268056 0.041112 0.128704
0 834 0.662031 0.243981 0.039903 0.139815
0 835 0.579202 0.093056 0.039903 0.147222
0 836 0.642987 0.136574 0.046554 0.134259
0 837 0.723096 0.167130 0.035067 0.145370
0 838 0.828900 0.404630 0.036276 0.148148
0 839 0.799879 0.386574 0.035067 0.139815
0 840 0.777207 0.381944 0.039299 0.145370
0 841 0.735490 0.216204 0.032044 0.132407
0 842 0.749093 0.182870 0.031439 0.126852
0 844 0.629686 0.242130 0.036880 0.132407
0 845 0.916868 0.296296 0.039299 0.148148
0 846 0.899637 0.336574 0.037485 0.134259
0 847 0.885732 0.264815 0.037485 0.118519
0 848 0.800181 0.260648 0.036880 0.134259
0 851 0.781439 0.213889 0.027207 0.114815
0 852 0.767836 0.237963 0.037485 0.151852
0 853 0.654776 0.192593 0.038694 0.135185
0 854 0.805320 0.360648 0.035067 0.132407
0 856 0.522975 0.176389 0.024184 0.087963
0 857 0.573458 0.132870 0.034462 0.121296
0 858 0.965538 0.335185 0.030230 0.107407
0 859 0.634825 0.467130 0.048368 0.156481
0 860 0.668380 0.456019 0.034462 0.139815
0 861 0.421403 0.058796 0.025393 0.097222
0 862 0.717050 0.269444 0.041112 0.146296
0 863 0.560459 0.213889 0.030230 0.107407
0 864 0.707074 0.190278 0.032044 0.121296
0 866 0.768440 0.215741 0.032648 0.107407
0 872 0.042926 0.936574 0.036276 0.128704
0 873 0.072551 0.935648 0.043531 0.130556
0 875 0.244559 0.106944 0.041717 0.137963
0 876 0.116687 0.046296 0.033857 0.090741
0 877 0.137243 0.053241 0.037485 0.104630
0 878 0.159915 0.044444 0.034462 0.087037
0 879 0.197703 0.034259 0.037485 0.066667
0 881 0.161427 0.086574 0.037485 0.126852
0 882 0.190750 0.077778 0.039299 0.129630
0 890 0.379686 0.024537 0.031439 0.047222
0 892 0.380290 0.151389 0.039903 0.126852
0 896 0.300786 0.035185 0.029625 0.068519
0 904 0.484281 0.049074 0.032648 0.096296
0 908 0.508464 0.051852 0.033857 0.101852
0 910 0.583132 0.065741 0.034462 0.125926
0 917 0.650544 0.103241 0.032648 0.121296
0 918 0.703446 0.145833 0.027207 0.110185
0 919 0.728537 0.118056 0.029021 0.104630
0 920 0.653869 0.069907 0.035671 0.117593
0 921 0.693773 0.105556 0.036880 0.135185
0 922 0.912334 0.069907 0.032648 0.115741
0 928 0.857618 0.146296 0.027207 0.120370
0 929 0.954051 0.122685 0.032648 0.132407
0 930 0.975212 0.062963 0.037485 0.116667
0 931 0.946191 0.082870 0.037485 0.128704
0 932 0.853083 0.028704 0.032648 0.055556
0 933 0.882709 0.026852 0.031439 0.051852
0 934 0.932588 0.083796 0.032044 0.117593
0 935 0.939541 0.053704 0.032648 0.105556
0 940 0.908706 0.334722 0.030230 0.087963
0 948 0.691052 0.087037 0.035067 0.124074
0 949 0.678053 0.065741 0.034462 0.116667
0 951 0.893894 0.130093 0.058646 0.154630
0 1175 0.373035 0.554630 0.037485 0.148148
0 1197 0.074667 0.462963 0.039299 0.146296
0 1198 0.058041 0.508796 0.041112 0.150926
0 1200 0.029625 0.482870 0.035067 0.162037
0 1206 0.097944 0.483333 0.042322 0.155556
0 1284 0.839782 0.374537 0.039903 0.128704
0 1285 0.850060 0.355093 0.032648 0.126852
0 1306 0.256651 0.664352 0.044135 0.165741
0 1307 0.227932 0.654167 0.037485 0.162037
0 1308 0.360036 0.653241 0.039299 0.143519
0 1325 0.226119 0.572685 0.035067 0.134259
0 1326 0.230351 0.561111 0.033857 0.153704
0 1328 0.186820 0.562037 0.044740 0.148148
0 1329 0.192866 0.526389 0.044740 0.154630
0 1330 0.153265 0.538426 0.036880 0.145370
0 1343 0.369105 0.231481 0.032044 0.129630
0 1344 0.390266 0.225463 0.032044 0.126852
0 1412 0.531137 0.771759 0.051391 0.143519
0 1413 0.587666 0.781481 0.051995 0.170370
0 1444 0.276602 0.444444 0.036880 0.129630
0 1445 0.272975 0.472222 0.036880 0.144444
0 1501 0.260883 0.939352 0.041717 0.123148
0 1549 0.311366 0.782407 0.039903 0.151852
0 1567 0.306530 0.496759 0.037485 0.145370
0 1592 0.350060 0.703241 0.036276 0.154630
0 1594 0.354595 0.739352 0.044135 0.165741
0 1638 0.635732 0.730093 0.041717 0.178704
0 1639 0.675635 0.765741 0.044135 0.168519
0 1640 0.676542 0.736111 0.033857 0.140741
0 1650 0.427449 0.745370 0.049577 0.146296
0 1653 0.646312 0.655093 0.051995 0.149074
0 1655 0.449819 0.531019 0.033857 0.134259
0 1657 0.427449 0.511574 0.032648 0.137963
0 1661 0.951330 0.975463 0.044135 0.050926
0 1676 0.437122 0.068981 0.035067 0.117593
0 1716 0.422310 0.593056 0.033253 0.150926
0 1717 0.444982 0.569907 0.037485 0.150926
0 1743 0.974002 0.442593 0.043531 0.151852
0 1776 0.237908 0.625000 0.036880 0.146296
0 1777 0.291415 0.601852 0.039903 0.151852
0 1778 0.289903 0.651852 0.032044 0.174074
0 1779 0.334946 0.379167 0.033857 0.126852
0 1780 0.320435 0.412500 0.043531 0.149074
0 1781 0.340992 0.397222 0.037485 0.129630
0 1782 0.302297 0.373611 0.037485 0.143519
0 1798 0.698912 0.639352 0.047158 0.160185
0 1799 0.409311 0.464352 0.037485 0.143519
0 1800 0.730955 0.619444 0.037485 0.151852
0 1806 0.653567 0.689352 0.042322 0.137963
0 1809 0.116385 0.959722 0.052600 0.082407
0 1824 0.774788 0.816204 0.048972 0.173148
0 1833 0.051391 0.974074 0.048368 0.053704
0 1838 0.805925 0.813426 0.042322 0.160185
0 1848 0.929565 0.915278 0.050181 0.154630
0 1850 0.865780 0.969907 0.045949 0.062037
0 1852 0.951632 0.857407 0.047158 0.153704
0 1856 0.986397 0.284259 0.025998 0.148148
0 1857 0.837062 0.198611 0.034462 0.128704
0 1858 0.781137 0.690741 0.059250 0.168519
0 1859 0.730955 0.911574 0.045949 0.169444
0 1860 0.767533 0.900926 0.046554 0.153704
0 1862 0.483676 0.469444 0.037485 0.129630
0 1863 0.510883 0.514815 0.037485 0.142593
0 1865 0.734281 0.587037 0.034462 0.174074
0 1866 0.687424 0.555093 0.054414 0.167593
0 1868 0.082225 0.660648 0.060459 0.154630
0 1869 0.032044 0.676389 0.049577 0.149074
0 1893 0.724002 0.698148 0.053809 0.153704
0 1894 0.846131 0.727778 0.041717 0.142593
0 1895 0.872430 0.728241 0.045949 0.160185
0 1896 0.778114 0.548148 0.041112 0.142593
0 1897 0.749395 0.383333 0.034462 0.138889
0 1898 0.922310 0.712963 0.046554 0.177778
0 1899 0.298368 0.348148 0.039299 0.140741
0 1900 0.349154 0.338889 0.035671 0.140741
0 1901 0.349154 0.318056 0.029625 0.150926
0 1904 0.973398 0.383333 0.033857 0.131481
0 1906 0.326784 0.354630 0.035671 0.118519
0 1912 0.781439 0.459259 0.029625 0.161111
0 1913 0.821040 0.554630 0.043531 0.148148
0 1914 0.947098 0.393981 0.036880 0.145370
0 1915 0.937727 0.667130 0.039903 0.150926
0 1916 0.833132 0.668056 0.054414 0.160185
0 1920 0.904474 0.708796 0.035067 0.121296
0 1932 0.483978 0.972222 0.044135 0.057407
0 1933 0.533555 0.950926 0.044135 0.100000
0 1934 0.558343 0.936574 0.040508 0.128704
