0 786 0.004837 0.266204 0.008464 0.143519
0 787 0.017533 0.264352 0.033857 0.141667
0 789 0.021463 0.238426 0.039299 0.145370
0 790 0.057134 0.195833 0.044135 0.134259
0 791 0.535369 0.697222 0.034462 0.135185
0 792 0.112757 0.222222 0.040508 0.133333
0 793 0.498791 0.133333 0.033857 0.129630
0 794 0.517533 0.119444 0.030230 0.118519
0 795 0.744861 0.471296 0.039903 0.142593
0 796 0.507557 0.676852 0.040508 0.159259
0 797 0.556530 0.422222 0.039299 0.153704
0 798 0.516324 0.427315 0.047158 0.160185
0 799 0.822551 0.525463 0.036880 0.150926
0 800 0.865478 0.513889 0.044135 0.148148
0 801 0.533555 0.174074 0.041717 0.129630
0 802 0.565901 0.205556 0.033857 0.124074
0 803 0.726119 0.401852 0.039903 0.144444
0 804 0.696191 0.396759 0.039299 0.167593
0 805 0.651149 0.389352 0.032648 0.125000
0 807 0.980653 0.142593 0.030230 0.124074
0 808 0.948912 0.143981 0.034462 0.134259
0 809 0.894498 0.119907 0.039299 0.149074
0 810 0.577086 0.146296 0.032044 0.107407
0 814 0.943470 0.300000 0.039299 0.157407
0 816 0.948005 0.256019 0.036276 0.145370
0 817 0.974909 0.313889 0.034462 0.138889
0 818 0.917170 0.249537 0.031439 0.134259
0 819 0.549879 0.106481 0.034462 0.135185
0 820 0.554111 0.079630 0.034462 0.137037
0 821 0.942261 0.560648 0.038089 0.137963
0 824 0.598247 0.199074 0.032044 0.124074
0 825 0.604595 0.192593 0.033857 0.146296
0 826 0.604595 0.221759 0.036276 0.126852
0 827 0.736094 0.188426 0.032044 0.121296
0 828 0.765115 0.318981 0.061064 0.162037
0 829 0.796252 0.273611 0.039903 0.141667
0 830 0.776300 0.257870 0.042322 0.160185
0 831 0.626965 0.172222 0.027811 0.107407
0 832 0.735792 0.314352 0.035067 0.134259
0 833 0.695284 0.256019 0.041112 0.126852
0 834 0.662031 0.233796 0.039903 0.139815
0 835 0.584039 0.081944 0.041112 0.145370
0 836 0.644196 0.123611 0.046554 0.134259
0 837 0.712817 0.152315 0.035067 0.145370
0 838 0.821040 0.390741 0.037485 0.148148
0 839 0.793229 0.371759 0.035067 0.139815
0 840 0.771161 0.367130 0.039299 0.145370
0 841 0.737304 0.206944 0.032044 0.132407
0 842 0.740629 0.165278 0.031439 0.126852
0 843 0.971886 0.532870 0.038089 0.163889
0 844 0.629686 0.229167 0.036880 0.132407
0 845 0.913241 0.284259 0.039299 0.148148
0 846 0.899335 0.326389 0.036880 0.132407
0 847 0.886034 0.260185 0.034462 0.120370
0 848 0.815599 0.245833 0.033857 0.128704
0 851 0.774788 0.202778 0.027207 0.114815
0 852 0.772672 0.226852 0.037485 0.151852
0 853 0.655985 0.180556 0.037485 0.135185
0 854 0.799274 0.343056 0.035067 0.132407
0 856 0.522975 0.166204 0.024184 0.087963
0 857 0.575272 0.123148 0.034462 0.120370
0 858 0.966747 0.323148 0.030230 0.107407
0 859 0.621826 0.442130 0.048972 0.156481
0 860 0.649637 0.434722 0.036880 0.139815
0 861 0.422007 0.047222 0.025393 0.092593
0 862 0.724002 0.254167 0.040508 0.145370
0 863 0.564692 0.201852 0.030230 0.107407
0 864 0.711004 0.181944 0.031439 0.121296
0 866 0.763301 0.206019 0.032044 0.106481
0 872 0.014510 0.931019 0.027811 0.139815
0 873 0.029021 0.928241 0.043531 0.145370
0 875 0.256046 0.090278 0.041717 0.137963
0 876 0.124244 0.038889 0.029625 0.075926
0 877 0.146312 0.043981 0.029021 0.086111
0 878 0.165659 0.033333 0.035067 0.064815
0 879 0.209190 0.026389 0.037485 0.050926
0 881 0.165054 0.069907 0.037485 0.123148
0 882 0.193168 0.066667 0.039299 0.125926
0 890 0.388452 0.019907 0.028416 0.037963
0 892 0.395707 0.131944 0.039299 0.126852
0 904 0.485187 0.043056 0.032044 0.084259
0 908 0.511185 0.046759 0.034462 0.091667
0 917 0.651753 0.093056 0.032648 0.121296
0 918 0.695889 0.130093 0.029021 0.110185
0 919 0.721886 0.105093 0.029021 0.104630
0 920 0.652358 0.054167 0.035067 0.106481
0 921 0.681983 0.087500 0.037485 0.128704
0 922 0.914148 0.054630 0.032648 0.105556
0 928 0.864268 0.133796 0.027207 0.117593
0 929 0.952842 0.108796 0.032648 0.132407
0 930 0.975212 0.050000 0.037485 0.098148
0 931 0.944982 0.069444 0.037485 0.120370
0 932 0.847037 0.021296 0.029021 0.040741
0 934 0.937424 0.071296 0.032044 0.116667
0 940 0.908706 0.325463 0.030230 0.087963
0 948 0.679565 0.070833 0.035067 0.123148
0 949 0.678053 0.053241 0.034462 0.102778
0 951 0.898428 0.115741 0.059250 0.153704
0 1175 0.373035 0.554630 0.037485 0.148148
0 1197 0.074970 0.462037 0.039903 0.146296
0 1198 0.058041 0.506019 0.041112 0.150926
0 1200 0.030834 0.480093 0.035067 0.162037
0 1206 0.097944 0.476852 0.041112 0.153704
0 1284 0.839782 0.372685 0.039903 0.128704
0 1285 0.850665 0.354167 0.032648 0.126852
0 1306 0.257255 0.663426 0.044135 0.165741
0 1307 0.227932 0.651389 0.037485 0.162037
0 1308 0.361245 0.653241 0.039299 0.145370
0 1325 0.226119 0.570833 0.035067 0.134259
0 1326 0.230351 0.559259 0.033857 0.153704
0 1328 0.187424 0.561111 0.044740 0.148148
0 1329 0.193470 0.526389 0.044740 0.154630
0 1330 0.153265 0.537500 0.036880 0.147222
0 1343 0.369710 0.228704 0.032044 0.129630
0 1344 0.390871 0.223611 0.032044 0.126852
0 1412 0.533253 0.750000 0.048368 0.142593
0 1413 0.586155 0.757870 0.051391 0.171296
0 1444 0.273881 0.440741 0.037485 0.129630
0 1445 0.272975 0.470833 0.036880 0.145370
0 1501 0.260580 0.938426 0.041112 0.125000
0 1531 0.009069 0.738889 0.016929 0.177778
0 1549 0.311669 0.781481 0.040508 0.151852
0 1567 0.314087 0.488889 0.036880 0.146296
0 1592 0.350665 0.703241 0.036276 0.154630
0 1594 0.355200 0.738426 0.044135 0.167593
0 1638 0.635732 0.720833 0.041717 0.178704
0 1639 0.674426 0.761574 0.044135 0.169444
0 1640 0.673519 0.725463 0.033857 0.139815
0 1650 0.427449 0.744444 0.049577 0.146296
0 1653 0.650846 0.651389 0.051391 0.149074
0 1655 0.450121 0.529167 0.035671 0.134259
0 1657 0.428053 0.509722 0.032648 0.137963
0 1661 0.931681 0.964815 0.048368 0.072222
0 1676 0.441959 0.057870 0.035067 0.113889
0 1716 0.421100 0.593056 0.035671 0.150926
0 1717 0.445586 0.568056 0.037485 0.150926
0 1743 0.974909 0.429167 0.041717 0.149074
0 1776 0.238513 0.625926 0.036880 0.146296
0 1777 0.292322 0.600926 0.039299 0.151852
0 1778 0.289903 0.651852 0.032044 0.174074
0 1779 0.336155 0.379167 0.033857 0.126852
0 1780 0.320738 0.411574 0.044135 0.149074
0 1781 0.340689 0.396296 0.036880 0.129630
0 1782 0.302902 0.374537 0.037485 0.143519
0 1798 0.680774 0.627315 0.047158 0.160185
0 1799 0.409311 0.464352 0.037485 0.143519
0 1800 0.706167 0.598148 0.037485 0.151852
0 1806 0.646917 0.681019 0.042322 0.137963
0 1809 0.120314 0.942130 0.053204 0.117593
0 1824 0.768440 0.790278 0.049577 0.173148
0 1833 0.063785 0.957407 0.051391 0.087037
0 1838 0.799879 0.789352 0.041112 0.165741
0 1848 0.926844 0.892593 0.051995 0.174074
0 1850 0.866082 0.950000 0.056227 0.101852
0 1852 0.953748 0.837963 0.046554 0.164815
0 1856 0.987304 0.284259 0.024184 0.148148
0 1857 0.840387 0.193056 0.032648 0.128704
0 1858 0.787787 0.669907 0.062878 0.167593
0 1859 0.727630 0.879167 0.046554 0.176852
0 1860 0.761487 0.871296 0.048972 0.166667
0 1862 0.479444 0.454630 0.037485 0.129630
0 1863 0.506651 0.498148 0.037485 0.146296
0 1865 0.724002 0.557870 0.034462 0.167593
0 1866 0.680472 0.536574 0.053809 0.167593
0 1868 0.085248 0.638426 0.060459 0.158333
0 1869 0.036880 0.653241 0.049577 0.149074
0 1893 0.728235 0.676852 0.053809 0.153704
0 1894 0.859734 0.700000 0.042322 0.142593
0 1895 0.887848 0.700926 0.041717 0.159259
0 1896 0.785973 0.532870 0.041112 0.141667
0 1897 0.741838 0.364352 0.035067 0.134259
0 1898 0.928960 0.687500 0.046554 0.171296
0 1899 0.298972 0.346296 0.039299 0.140741
0 1900 0.340992 0.331481 0.035067 0.142593
0 1901 0.331016 0.312963 0.029625 0.151852
0 1904 0.970375 0.373148 0.033857 0.131481
0 1906 0.325574 0.351852 0.035671 0.118519
0 1912 0.756046 0.446759 0.034462 0.156481
0 1913 0.827690 0.542593 0.043531 0.146296
0 1914 0.945586 0.385648 0.036276 0.141667
0 1915 0.942563 0.640278 0.039903 0.136111
0 1916 0.834946 0.644907 0.054414 0.160185
0 1920 0.909915 0.687037 0.035067 0.120370
0 1932 0.446796 0.963426 0.043531 0.071296
0 1933 0.500000 0.939352 0.044740 0.123148
0 1934 0.524788 0.930556 0.044740 0.140741
