0 787 0.015115 0.273148 0.029021 0.144444
0 789 0.014510 0.244907 0.027811 0.145370
0 790 0.049879 0.204167 0.044135 0.134259
0 791 0.529323 0.711111 0.034462 0.135185
0 792 0.103386 0.230093 0.039903 0.136111
0 793 0.499093 0.139815 0.034462 0.129630
0 794 0.516324 0.125000 0.030230 0.118519
0 795 0.762394 0.474074 0.039903 0.142593
0 796 0.504232 0.693056 0.037485 0.160185
0 797 0.557437 0.433333 0.039903 0.153704
0 798 0.520254 0.437500 0.044135 0.158333
0 799 0.827993 0.536111 0.038089 0.151852
0 800 0.873640 0.525000 0.045949 0.150000
0 801 0.534462 0.180556 0.041112 0.129630
0 802 0.564692 0.213889 0.033857 0.124074
0 803 0.730955 0.414352 0.039903 0.143519
0 804 0.702237 0.407870 0.039299 0.167593
0 805 0.654776 0.401852 0.032648 0.129630
0 807 0.983071 0.152778 0.029021 0.124074
0 808 0.947098 0.152315 0.034462 0.134259
0 809 0.891475 0.128241 0.039299 0.149074
0 810 0.574667 0.150000 0.032044 0.107407
0 814 0.941657 0.306481 0.039299 0.159259
0 816 0.948609 0.261574 0.036276 0.145370
0 817 0.982164 0.319444 0.029625 0.131481
0 818 0.918380 0.255093 0.031439 0.134259
0 819 0.548670 0.112963 0.034462 0.135185
0 820 0.549879 0.084259 0.034462 0.137037
0 821 0.950726 0.572222 0.038089 0.140741
0 824 0.598247 0.204630 0.032044 0.124074
0 825 0.605804 0.200000 0.033857 0.146296
0 826 0.603990 0.228704 0.036276 0.127778
0 827 0.731862 0.195833 0.032044 0.121296
0 828 0.763906 0.326389 0.061064 0.162037
0 829 0.795042 0.283796 0.039903 0.143519
0 830 0.772068 0.266204 0.042322 0.160185
0 831 0.626058 0.179167 0.028416 0.108333
0 832 0.730955 0.324537 0.035067 0.134259
0 833 0.691657 0.261574 0.041112 0.126852
0 834 0.662031 0.239352 0.039903 0.139815
0 835 0.581318 0.087963 0.040508 0.146296
0 836 0.643591 0.131019 0.046554 0.134259
0 837 0.718259 0.160648 0.035067 0.145370
0 838 0.825574 0.398148 0.036880 0.148148
0 839 0.797461 0.378241 0.035067 0.139815
0 840 0.774486 0.375463 0.038694 0.145370
0 841 0.736094 0.211574 0.032044 0.132407
0 842 0.744861 0.174537 0.031439 0.126852
0 843 0.978537 0.543981 0.034462 0.167593
0 844 0.629686 0.236574 0.036880 0.132407
0 845 0.915054 0.290741 0.039299 0.148148
0 846 0.899335 0.331944 0.036880 0.132407
0 847 0.885429 0.263889 0.036880 0.118519
0 848 0.807134 0.253704 0.035067 0.131481
0 851 0.778416 0.209259 0.027207 0.114815
0 852 0.769649 0.232407 0.037485 0.151852
0 853 0.655381 0.187037 0.037485 0.135185
0 854 0.802600 0.352315 0.034462 0.132407
0 856 0.522975 0.171759 0.024184 0.087963
0 857 0.574063 0.128241 0.034462 0.121296
0 858 0.966747 0.330556 0.030230 0.107407
0 859 0.629081 0.456019 0.048972 0.156481
0 860 0.659613 0.445833 0.035067 0.139815
0 861 0.422007 0.050926 0.025393 0.094444
0 862 0.719468 0.260185 0.041112 0.146296
0 863 0.562878 0.209259 0.030230 0.107407
0 864 0.708888 0.186574 0.032044 0.121296
0 866 0.766022 0.210185 0.032648 0.107407
0 872 0.025695 0.934259 0.042926 0.133333
0 873 0.053809 0.931019 0.043531 0.139815
0 875 0.250000 0.099537 0.041717 0.137963
0 876 0.120012 0.043056 0.032044 0.084259
0 877 0.141173 0.049074 0.033253 0.096296
0 878 0.162938 0.038889 0.034462 0.075926
0 879 0.203144 0.030093 0.037485 0.058333
0 881 0.163241 0.078241 0.037485 0.125000
0 882 0.191959 0.073148 0.039299 0.127778
0 890 0.383918 0.021759 0.032648 0.041667
0 892 0.387243 0.143056 0.039299 0.126852
0 896 0.300786 0.031481 0.029625 0.061111
0 904 0.484885 0.046296 0.032648 0.090741
0 908 0.509674 0.049537 0.033857 0.097222
0 917 0.651149 0.098611 0.032648 0.121296
0 918 0.700121 0.138426 0.027811 0.110185
0 919 0.725514 0.112500 0.029021 0.104630
0 920 0.653265 0.062500 0.035671 0.112037
0 921 0.688331 0.097222 0.036880 0.131481
0 922 0.912938 0.062963 0.032648 0.111111
0 928 0.860641 0.140278 0.027207 0.119444
0 929 0.952842 0.115278 0.032648 0.132407
0 930 0.975212 0.056944 0.037485 0.108333
0 931 0.945586 0.076852 0.037485 0.124074
0 932 0.850060 0.025463 0.030230 0.049074
0 933 0.879383 0.024537 0.032044 0.047222
0 934 0.934704 0.078241 0.032648 0.117593
0 935 0.941354 0.050926 0.032648 0.100000
0 940 0.908706 0.330093 0.030230 0.087963
0 948 0.685611 0.079630 0.035067 0.124074
0 949 0.678053 0.060185 0.034462 0.109259
0 951 0.895103 0.124074 0.058646 0.153704
0 1175 0.373035 0.554630 0.037485 0.148148
0 1197 0.074667 0.462963 0.039299 0.146296
0 1198 0.058041 0.506944 0.041112 0.150926
0 1200 0.030230 0.481019 0.035067 0.162037
0 1206 0.097944 0.481019 0.042322 0.156481
0 1284 0.839782 0.373611 0.039903 0.128704
0 1285 0.850665 0.354167 0.032648 0.126852
0 1306 0.256651 0.663426 0.044135 0.165741
0 1307 0.227932 0.652778 0.037485 0.162963
0 1308 0.360641 0.653704 0.039299 0.144444
0 1325 0.226119 0.571759 0.035067 0.134259
0 1326 0.230351 0.560185 0.033857 0.153704
0 1328 0.187424 0.561111 0.044740 0.148148
0 1329 0.193470 0.526389 0.044740 0.154630
0 1330 0.153265 0.537963 0.036880 0.146296
0 1343 0.369710 0.230556 0.032044 0.129630
0 1344 0.390568 0.224537 0.032648 0.126852
0 1412 0.532648 0.761574 0.050786 0.143519
0 1413 0.587364 0.770833 0.051391 0.171296
0 1444 0.276300 0.442593 0.037485 0.129630
0 1445 0.272975 0.471759 0.036880 0.145370
0 1501 0.260883 0.938889 0.041717 0.124074
0 1531 0.003930 0.748148 0.006651 0.181481
0 1549 0.311669 0.782407 0.040508 0.151852
0 1567 0.309553 0.491667 0.037485 0.146296
0 1592 0.350060 0.703241 0.036276 0.154630
0 1594 0.355200 0.738889 0.044135 0.166667
0 1638 0.635732 0.726389 0.041717 0.178704
0 1639 0.676844 0.764815 0.044135 0.168519
0 1640 0.675333 0.731481 0.033857 0.140741
0 1650 0.427449 0.744444 0.049577 0.146296
0 1653 0.648428 0.653241 0.051391 0.149074
0 1655 0.450121 0.530093 0.034462 0.134259
0 1657 0.427751 0.510648 0.032044 0.137963
0 1661 0.942866 0.970833 0.046554 0.060185
0 1676 0.439238 0.063889 0.034462 0.114815
0 1716 0.422007 0.593056 0.033857 0.150926
0 1717 0.445284 0.568981 0.036880 0.150926
0 1743 0.973096 0.436111 0.041717 0.151852
0 1776 0.238210 0.625000 0.037485 0.146296
0 1777 0.291717 0.601852 0.039299 0.151852
0 1778 0.289903 0.651852 0.032044 0.174074
0 1779 0.335550 0.379167 0.033857 0.126852
0 1780 0.320435 0.411574 0.043531 0.149074
0 1781 0.340992 0.397222 0.037485 0.129630
0 1782 0.302902 0.373611 0.037485 0.143519
0 1798 0.689843 0.634722 0.047158 0.160185
0 1799 0.409311 0.464352 0.037485 0.143519
0 1800 0.720073 0.610185 0.037485 0.151852
0 1806 0.650544 0.685648 0.042322 0.137963
0 1809 0.117896 0.952315 0.053204 0.097222
0 1824 0.771463 0.802315 0.049577 0.173148
0 1833 0.058041 0.965278 0.049577 0.071296
0 1838 0.802600 0.803704 0.041717 0.164815
0 1848 0.928053 0.905093 0.050786 0.163889
0 1850 0.863059 0.961111 0.056227 0.079630
0 1852 0.952842 0.848148 0.047158 0.159259
0 1856 0.986397 0.284259 0.025998 0.148148
0 1857 0.838573 0.195833 0.033857 0.128704
0 1858 0.784160 0.681944 0.061669 0.167593
0 1859 0.728839 0.898611 0.046554 0.176852
0 1860 0.764510 0.887500 0.047763 0.160185
0 1862 0.481862 0.462037 0.037485 0.129630
0 1863 0.509069 0.506944 0.037485 0.143519
0 1865 0.729444 0.573611 0.034462 0.171296
0 1866 0.683797 0.546759 0.054414 0.167593
0 1868 0.083434 0.650463 0.060459 0.156481
0 1869 0.034462 0.666204 0.049577 0.149074
0 1893 0.724607 0.688889 0.053809 0.153704
0 1894 0.852177 0.715741 0.041717 0.142593
0 1895 0.879383 0.715741 0.044135 0.159259
0 1896 0.781741 0.540741 0.041112 0.142593
0 1897 0.745768 0.374074 0.034462 0.137037
0 1898 0.925333 0.701389 0.046554 0.175000
0 1899 0.298368 0.347222 0.039299 0.140741
0 1900 0.344619 0.337037 0.035067 0.142593
0 1901 0.341294 0.315741 0.029625 0.151852
0 1904 0.972189 0.378704 0.033857 0.131481
0 1906 0.326179 0.353704 0.035671 0.118519
0 1912 0.769952 0.453704 0.032044 0.159259
0 1913 0.823458 0.549074 0.043531 0.146296
0 1914 0.946191 0.390278 0.036276 0.143519
0 1915 0.939843 0.654630 0.039299 0.144444
0 1916 0.833736 0.656944 0.054414 0.160185
0 1920 0.908102 0.700463 0.035067 0.121296
0 1932 0.464631 0.968519 0.046554 0.062963
0 1933 0.518440 0.945370 0.044135 0.111111
0 1934 0.542926 0.933796 0.042322 0.134259
