0 785 0.060459 0.184259 0.038694 0.135185
0 786 0.099456 0.193056 0.039299 0.137963
0 787 0.120617 0.191667 0.040508 0.142593
0 788 0.080713 0.151852 0.039299 0.135185
0 789 0.135732 0.152315 0.033253 0.143519
0 790 0.104897 0.106944 0.042926 0.128704
0 791 0.540810 0.524074 0.029625 0.135185
0 792 0.224002 0.166204 0.039299 0.126852
0 793 0.506046 0.069907 0.032648 0.121296
0 794 0.527509 0.070370 0.029625 0.112963
0 795 0.571947 0.395833 0.044740 0.134259
0 796 0.506348 0.510185 0.041717 0.153704
0 797 0.533857 0.312963 0.030230 0.125926
0 798 0.493047 0.329167 0.042926 0.154630
0 799 0.721282 0.400926 0.037485 0.140741
0 800 0.755441 0.387500 0.041717 0.132407
0 801 0.547763 0.114815 0.037485 0.124074
0 802 0.573156 0.151852 0.035067 0.129630
0 803 0.674123 0.286574 0.035067 0.123148
0 804 0.646312 0.286574 0.042322 0.149074
0 805 0.614268 0.282870 0.030230 0.112037
0 806 0.976119 0.053241 0.029625 0.104630
0 807 0.953446 0.060648 0.032648 0.112037
0 808 0.938029 0.063426 0.034462 0.121296
0 809 0.907195 0.062037 0.034462 0.122222
0 810 0.577086 0.110648 0.027207 0.106481
0 811 0.986699 0.324537 0.025393 0.119444
0 814 0.963120 0.233333 0.039903 0.146296
0 815 0.942563 0.285185 0.036276 0.135185
0 816 0.948005 0.197685 0.037485 0.145370
0 817 0.919589 0.278241 0.037485 0.143519
0 818 0.911427 0.196296 0.032044 0.135185
0 819 0.553204 0.064815 0.035067 0.127778
0 820 0.585550 0.046296 0.033253 0.090741
0 821 0.835852 0.443981 0.032044 0.134259
0 822 0.901451 0.431944 0.038694 0.145370
0 823 0.918984 0.431019 0.032648 0.132407
0 824 0.603990 0.148611 0.029021 0.123148
0 825 0.611548 0.126852 0.032044 0.125926
0 826 0.612152 0.163426 0.036880 0.121296
0 827 0.831016 0.143056 0.029625 0.121296
0 828 0.834341 0.249537 0.045949 0.158333
0 829 0.850665 0.212037 0.039903 0.140741
0 830 0.821644 0.178241 0.041112 0.150926
0 831 0.630290 0.114352 0.028416 0.108333
0 832 0.811064 0.238889 0.029625 0.114815
0 833 0.759371 0.206019 0.037485 0.126852
0 834 0.668077 0.157870 0.038694 0.126852
0 835 0.616989 0.049074 0.041717 0.096296
0 836 0.642684 0.077778 0.039903 0.135185
0 837 0.677449 0.075463 0.034462 0.130556
0 838 0.787787 0.303704 0.036276 0.138889
0 839 0.767836 0.289815 0.027811 0.129630
0 840 0.741233 0.281019 0.035067 0.134259
0 841 0.780532 0.182870 0.031439 0.132407
0 842 0.693168 0.087963 0.029625 0.120370
0 843 0.860036 0.431019 0.039299 0.156481
0 844 0.639661 0.165278 0.031439 0.125000
0 845 0.905683 0.232870 0.039903 0.149074
0 846 0.905985 0.259722 0.036880 0.128704
0 847 0.878476 0.210185 0.035067 0.112963
0 848 0.884825 0.168519 0.034462 0.120370
0 851 0.740629 0.171296 0.038694 0.129630
0 852 0.779625 0.154630 0.034462 0.131481
0 853 0.659311 0.119907 0.036880 0.134259
0 854 0.789299 0.275926 0.034462 0.131481
0 856 0.545042 0.125463 0.024788 0.087963
0 857 0.584341 0.075000 0.029625 0.114815
0 858 0.983374 0.267130 0.027207 0.106481
0 859 0.538996 0.344907 0.048972 0.150926
0 860 0.575574 0.334722 0.035067 0.137963
0 861 0.432890 0.026852 0.025393 0.051852
0 862 0.788089 0.207407 0.036880 0.133333
0 863 0.572249 0.153241 0.029625 0.104630
0 864 0.804414 0.146296 0.029625 0.120370
0 866 0.729444 0.160185 0.027207 0.098148
0 875 0.314087 0.033333 0.039299 0.064815
0 881 0.168380 0.031019 0.036880 0.060185
0 882 0.198005 0.029630 0.034462 0.057407
0 892 0.467352 0.051852 0.039903 0.101852
0 917 0.638755 0.042130 0.032044 0.082407
0 918 0.671705 0.051389 0.030230 0.095370
0 919 0.695586 0.042130 0.024788 0.082407
0 928 0.885127 0.063426 0.026602 0.110185
0 940 0.905985 0.259259 0.028416 0.081481
0 948 0.640871 0.025463 0.031439 0.049074
0 949 0.695889 0.016667 0.030230 0.031481
0 951 0.892987 0.046296 0.050786 0.090741
0 1175 0.374849 0.568519 0.037485 0.148148
0 1197 0.073458 0.467593 0.038089 0.146296
0 1198 0.061366 0.514352 0.039299 0.150926
0 1200 0.029323 0.496296 0.039299 0.153704
0 1206 0.091294 0.483796 0.042322 0.150926
0 1284 0.839782 0.381944 0.039903 0.128704
0 1285 0.856106 0.358796 0.032648 0.126852
0 1306 0.259976 0.675463 0.044740 0.165741
0 1307 0.227630 0.655556 0.040508 0.168519
0 1308 0.369710 0.661111 0.039299 0.146296
0 1325 0.227025 0.584259 0.032044 0.135185
0 1326 0.233978 0.571759 0.033857 0.154630
0 1328 0.188331 0.569907 0.044135 0.149074
0 1329 0.195889 0.531019 0.044740 0.154630
0 1330 0.152056 0.548148 0.044135 0.151852
0 1343 0.370617 0.237037 0.032648 0.129630
0 1344 0.392987 0.248148 0.038694 0.116667
0 1412 0.541415 0.633333 0.046554 0.137037
0 1413 0.590085 0.634259 0.050786 0.162963
0 1444 0.249093 0.413889 0.037485 0.129630
0 1445 0.261487 0.458796 0.036880 0.149074
0 1501 0.263301 0.945833 0.041717 0.110185
0 1531 0.078597 0.632870 0.048368 0.180556
0 1549 0.303809 0.776852 0.046554 0.153704
0 1557 0.051693 0.663426 0.044135 0.165741
0 1567 0.330109 0.490741 0.035067 0.146296
0 1570 0.027207 0.607870 0.045949 0.162037
0 1573 0.717352 0.900000 0.036880 0.153704
0 1592 0.353386 0.713426 0.036880 0.154630
0 1594 0.358222 0.747222 0.044135 0.170370
0 1638 0.612757 0.668056 0.041717 0.167593
0 1639 0.644196 0.706019 0.044135 0.167593
0 1640 0.646312 0.682870 0.035067 0.132407
0 1650 0.429867 0.751852 0.049577 0.146296
0 1653 0.675635 0.664815 0.046554 0.146296
0 1654 0.023881 0.867593 0.046554 0.170370
0 1655 0.452539 0.546759 0.032044 0.134259
0 1657 0.432588 0.518981 0.032044 0.137963
0 1660 0.663845 0.891204 0.045949 0.154630
0 1661 0.782648 0.868056 0.056227 0.162037
0 1667 0.735490 0.885648 0.039299 0.123148
0 1668 0.780532 0.940741 0.036276 0.120370
0 1676 0.440447 0.036574 0.034462 0.071296
0 1716 0.425937 0.604630 0.042926 0.148148
0 1717 0.450121 0.579167 0.036880 0.150926
0 1719 0.108827 0.950926 0.049577 0.094444
0 1721 0.651451 0.968056 0.042926 0.065741
0 1722 0.691052 0.971296 0.045949 0.059259
0 1723 0.073156 0.958796 0.043531 0.084259
0 1741 0.990931 0.364352 0.018138 0.117593
0 1742 0.981258 0.411111 0.032648 0.142593
0 1743 0.962817 0.383333 0.039299 0.146296
0 1772 0.564087 0.981481 0.032648 0.038889
0 1776 0.244256 0.637037 0.037485 0.146296
0 1777 0.294740 0.608333 0.039299 0.151852
0 1778 0.294135 0.654630 0.035671 0.170370
0 1779 0.336155 0.385648 0.033857 0.126852
0 1780 0.318622 0.422222 0.043531 0.148148
0 1781 0.339782 0.409259 0.037485 0.129630
0 1782 0.303809 0.381019 0.036880 0.143519
0 1798 0.610036 0.544444 0.045949 0.159259
0 1799 0.410520 0.472685 0.037485 0.143519
0 1800 0.578295 0.507407 0.036880 0.150000
0 1806 0.589480 0.581481 0.044740 0.137037
0 1809 0.132104 0.802778 0.050181 0.175926
0 1821 0.031137 0.429167 0.033253 0.137963
0 1822 0.015417 0.405556 0.029625 0.155556
0 1824 0.724305 0.653241 0.049577 0.165741
0 1831 0.696493 0.950926 0.049577 0.100000
0 1832 0.742443 0.944907 0.045949 0.112037
0 1833 0.081620 0.839352 0.049577 0.163889
0 1834 0.102177 0.885185 0.043531 0.162963
0 1835 0.058646 0.911574 0.042322 0.150926
0 1838 0.756348 0.650463 0.039903 0.156481
0 1842 0.792019 0.965741 0.047158 0.070370
0 1848 0.895405 0.792593 0.039903 0.181481
0 1849 0.858525 0.952315 0.045949 0.097222
0 1850 0.878779 0.857407 0.048972 0.181481
0 1852 0.909311 0.738426 0.045949 0.165741
0 1856 0.992140 0.284259 0.014510 0.148148
0 1857 0.840992 0.193981 0.031439 0.128704
0 1858 0.824365 0.540741 0.048972 0.157407
0 1859 0.724607 0.693519 0.045345 0.168519
0 1860 0.761185 0.703704 0.044740 0.162963
0 1862 0.446191 0.384259 0.036276 0.129630
0 1863 0.481560 0.413889 0.035671 0.142593
0 1864 0.977932 0.662500 0.033253 0.163889
0 1865 0.696191 0.431019 0.039299 0.143519
0 1866 0.657195 0.412963 0.054414 0.151852
0 1868 0.123035 0.515741 0.056227 0.146296
0 1869 0.091294 0.543056 0.051995 0.141667
0 1877 0.002418 0.720370 0.003628 0.164815
0 1878 0.017231 0.739815 0.033253 0.175926
0 1893 0.768742 0.545370 0.046554 0.153704
0 1894 0.882104 0.575000 0.044740 0.129630
0 1895 0.917473 0.579630 0.041717 0.157407
0 1896 0.829807 0.469444 0.041717 0.140741
0 1897 0.724909 0.276852 0.031439 0.131481
0 1898 0.942866 0.547685 0.044135 0.156481
0 1899 0.227932 0.347222 0.038694 0.131481
0 1900 0.284764 0.337037 0.035067 0.155556
0 1901 0.259371 0.315741 0.035067 0.137037
0 1904 0.962213 0.337963 0.035671 0.131481
0 1906 0.285973 0.362037 0.036276 0.118519
0 1912 0.587666 0.385648 0.033857 0.150926
0 1913 0.866082 0.471759 0.041717 0.139815
0 1914 0.942866 0.354167 0.039299 0.143519
0 1915 0.967352 0.538889 0.030230 0.137037
0 1916 0.864268 0.532407 0.048972 0.157407
0 1920 0.912031 0.554630 0.034462 0.118519
0 1922 0.448609 0.941667 0.047158 0.118519
0 1926 0.961911 0.692593 0.036276 0.153704
0 1930 0.426239 0.964815 0.033857 0.066667
0 1932 0.227932 0.951852 0.051995 0.098148
0 1933 0.292019 0.865278 0.059250 0.175000
0 1934 0.336759 0.854167 0.061669 0.158333
