0 785 0.015719 0.220370 0.030230 0.135185
0 786 0.039299 0.224074 0.038694 0.140741
0 787 0.057739 0.218056 0.038089 0.137963
0 788 0.031137 0.182870 0.041717 0.134259
0 789 0.088271 0.195370 0.037485 0.142593
0 790 0.087666 0.147685 0.043531 0.128704
0 791 0.556832 0.605556 0.030230 0.135185
0 792 0.165659 0.184722 0.038694 0.126852
0 793 0.499395 0.093519 0.032648 0.120370
0 794 0.522672 0.092593 0.029625 0.118519
0 795 0.655985 0.427315 0.036276 0.143519
0 796 0.513906 0.582407 0.045949 0.148148
0 797 0.547461 0.362963 0.034462 0.142593
0 798 0.504837 0.374537 0.049577 0.160185
0 799 0.774486 0.458796 0.042322 0.143519
0 800 0.814692 0.444444 0.039299 0.138889
0 801 0.536276 0.143519 0.039903 0.129630
0 802 0.569528 0.174074 0.033857 0.129630
0 803 0.697703 0.329630 0.033857 0.124074
0 804 0.669589 0.339352 0.041717 0.162037
0 805 0.631197 0.325463 0.032648 0.112037
0 806 0.988815 0.090278 0.021161 0.117593
0 807 0.965236 0.093519 0.034462 0.116667
0 808 0.949214 0.100926 0.033857 0.129630
0 809 0.914450 0.081944 0.035671 0.139815
0 810 0.584643 0.118981 0.030230 0.106481
0 814 0.954051 0.264352 0.039903 0.149074
0 815 0.976723 0.301389 0.035671 0.123148
0 816 0.942563 0.221759 0.039903 0.145370
0 817 0.941959 0.304167 0.037485 0.143519
0 818 0.915357 0.221296 0.032648 0.135185
0 819 0.550181 0.078704 0.035067 0.135185
0 820 0.568924 0.062037 0.035067 0.122222
0 821 0.896010 0.496296 0.030230 0.135185
0 822 0.962213 0.469907 0.041717 0.154630
0 824 0.600967 0.172222 0.031439 0.124074
0 825 0.604595 0.144907 0.032648 0.130556
0 826 0.605804 0.189815 0.036276 0.125926
0 827 0.768440 0.151852 0.030230 0.120370
0 828 0.795949 0.281019 0.053809 0.162037
0 829 0.825877 0.238426 0.039903 0.139815
0 830 0.801088 0.217130 0.042322 0.160185
0 831 0.633011 0.134722 0.030230 0.106481
0 832 0.770859 0.265278 0.032648 0.115741
0 833 0.722793 0.218981 0.044135 0.126852
0 834 0.662334 0.188889 0.039299 0.135185
0 835 0.609734 0.058333 0.041717 0.114815
0 836 0.645405 0.095833 0.041717 0.134259
0 837 0.688936 0.113426 0.034462 0.145370
0 838 0.800484 0.339352 0.036276 0.143519
0 839 0.778718 0.326852 0.032648 0.135185
0 840 0.753325 0.318981 0.038694 0.137963
0 841 0.755744 0.195833 0.031439 0.132407
0 842 0.711004 0.121296 0.031439 0.124074
0 843 0.916566 0.477778 0.041112 0.153704
0 844 0.634220 0.199074 0.032648 0.131481
0 845 0.905079 0.254167 0.039903 0.149074
0 846 0.903567 0.298148 0.036880 0.129630
0 847 0.876965 0.231481 0.034462 0.112963
0 848 0.866082 0.202315 0.029625 0.121296
0 851 0.761487 0.175926 0.029625 0.118519
0 852 0.790810 0.182870 0.036276 0.132407
0 853 0.658706 0.145833 0.036880 0.134259
0 854 0.789299 0.303241 0.034462 0.132407
0 856 0.526904 0.141204 0.024788 0.087963
0 857 0.580411 0.094907 0.032648 0.115741
0 858 0.970375 0.287963 0.029021 0.107407
0 859 0.581620 0.380556 0.043531 0.151852
0 860 0.612455 0.372222 0.035067 0.140741
0 861 0.428053 0.037963 0.025393 0.074074
0 862 0.751814 0.224537 0.036880 0.137963
0 863 0.570133 0.174537 0.029021 0.104630
0 864 0.727630 0.154630 0.033253 0.120370
0 866 0.746372 0.182870 0.029625 0.102778
0 874 0.451330 0.981019 0.032044 0.039815
0 875 0.289601 0.053704 0.042322 0.105556
0 881 0.165659 0.046759 0.037485 0.091667
0 882 0.192563 0.046759 0.035671 0.091667
0 892 0.438331 0.081944 0.039903 0.125000
0 904 0.487908 0.028241 0.030230 0.054630
0 908 0.515719 0.036111 0.035067 0.070370
0 917 0.646312 0.068056 0.032648 0.121296
0 918 0.674728 0.080093 0.030230 0.110185
0 919 0.694982 0.065278 0.029625 0.104630
0 920 0.650544 0.033333 0.030230 0.064815
0 921 0.655683 0.040278 0.035671 0.078704
0 922 0.907799 0.025000 0.028416 0.048148
0 928 0.886336 0.095833 0.026602 0.110185
0 940 0.908102 0.294444 0.030230 0.087037
0 948 0.653869 0.048611 0.032044 0.095370
0 949 0.695284 0.033796 0.029021 0.065741
0 951 0.908102 0.066667 0.056832 0.131481
0 1175 0.373035 0.556481 0.037485 0.148148
0 1197 0.076784 0.459259 0.039903 0.146296
0 1198 0.059553 0.508796 0.040508 0.150926
0 1200 0.034462 0.481944 0.035067 0.162037
0 1206 0.098247 0.481944 0.041717 0.152778
0 1284 0.838573 0.370833 0.039903 0.128704
0 1285 0.853688 0.354167 0.032648 0.126852
0 1306 0.258464 0.666204 0.044135 0.165741
0 1307 0.228235 0.652315 0.038089 0.169444
0 1308 0.365175 0.656481 0.038694 0.146296
0 1325 0.227328 0.570833 0.033857 0.134259
0 1326 0.232164 0.564352 0.033857 0.154630
0 1328 0.186820 0.559259 0.044740 0.148148
0 1329 0.194680 0.525463 0.044740 0.154630
0 1330 0.153869 0.539352 0.040508 0.150926
0 1343 0.369710 0.228704 0.032044 0.129630
0 1344 0.389964 0.227315 0.032648 0.128704
0 1412 0.539903 0.683333 0.047158 0.142593
0 1413 0.580411 0.688889 0.050786 0.164815
0 1444 0.257255 0.425926 0.036880 0.129630
0 1445 0.271765 0.466204 0.036880 0.149074
0 1501 0.261790 0.941204 0.041112 0.119444
0 1531 0.044740 0.687963 0.051995 0.181481
0 1549 0.312576 0.778241 0.043531 0.154630
0 1557 0.012696 0.692593 0.024184 0.164815
0 1567 0.326481 0.480556 0.035067 0.146296
0 1570 0.007860 0.570833 0.014510 0.165741
0 1573 0.791415 0.950463 0.033857 0.100926
0 1592 0.351572 0.703241 0.036880 0.154630
0 1594 0.357618 0.737037 0.044135 0.170370
0 1638 0.618501 0.689815 0.042322 0.177778
0 1639 0.666566 0.734259 0.044135 0.170370
0 1640 0.654776 0.698611 0.035067 0.132407
0 1650 0.428053 0.741667 0.049577 0.146296
0 1653 0.662334 0.653241 0.051391 0.149074
0 1655 0.451028 0.534722 0.033857 0.134259
0 1657 0.430169 0.506944 0.032044 0.137963
0 1660 0.746070 0.943981 0.045949 0.112037
0 1661 0.850665 0.929167 0.049577 0.143519
0 1667 0.812576 0.953704 0.035067 0.094444
0 1668 0.863664 0.975926 0.030834 0.048148
0 1676 0.442563 0.039352 0.035067 0.076852
0 1716 0.418380 0.592130 0.044740 0.150926
0 1717 0.448005 0.571759 0.037485 0.150926
0 1741 0.993047 0.361111 0.013906 0.116667
0 1743 0.971886 0.403241 0.040508 0.145370
0 1776 0.242745 0.625926 0.036880 0.146296
0 1777 0.294135 0.599074 0.036880 0.151852
0 1778 0.291112 0.651852 0.032044 0.174074
0 1779 0.338573 0.379167 0.033857 0.126852
0 1780 0.322551 0.411574 0.044135 0.149074
0 1781 0.345526 0.394444 0.036880 0.129630
0 1782 0.303507 0.377315 0.037485 0.143519
0 1798 0.642987 0.583796 0.046554 0.158333
0 1799 0.409311 0.464352 0.037485 0.143519
0 1800 0.628779 0.542593 0.037485 0.151852
0 1806 0.615478 0.627315 0.042322 0.137963
0 1809 0.125151 0.873148 0.054414 0.179630
0 1821 0.004534 0.475000 0.007860 0.137037
0 1824 0.747279 0.715741 0.049577 0.174074
0 1832 0.760278 0.981481 0.033253 0.037037
0 1833 0.074365 0.908333 0.050786 0.164815
0 1834 0.102781 0.942593 0.041112 0.116667
0 1835 0.059855 0.960185 0.041112 0.081481
0 1838 0.775393 0.710648 0.040508 0.156481
0 1848 0.909613 0.818056 0.046554 0.182407
0 1850 0.876058 0.887037 0.056832 0.179630
0 1852 0.946493 0.782870 0.046554 0.171296
0 1856 0.992140 0.284259 0.014510 0.148148
0 1857 0.840992 0.189352 0.031439 0.128704
0 1858 0.802297 0.594907 0.050786 0.154630
0 1859 0.723096 0.772222 0.045949 0.168519
0 1860 0.756348 0.773148 0.044740 0.162963
0 1862 0.464933 0.411111 0.037485 0.129630
0 1863 0.496675 0.453704 0.036880 0.144444
0 1865 0.703748 0.480556 0.039903 0.144444
0 1866 0.663241 0.465278 0.053204 0.156481
0 1868 0.099154 0.568519 0.058041 0.150000
0 1869 0.057134 0.582407 0.051391 0.142593
0 1878 0.003023 0.804630 0.004837 0.175926
0 1893 0.748489 0.603704 0.049577 0.153704
0 1894 0.880593 0.631481 0.034462 0.135185
0 1895 0.902660 0.631019 0.041112 0.160185
0 1896 0.812576 0.499074 0.041112 0.140741
0 1897 0.724002 0.313889 0.033253 0.135185
0 1898 0.938936 0.610185 0.047158 0.168519
0 1899 0.268440 0.346296 0.038694 0.137037
0 1900 0.320133 0.324537 0.034462 0.143519
0 1901 0.290508 0.309722 0.032044 0.150926
0 1904 0.969770 0.351852 0.037485 0.131481
0 1906 0.312576 0.352778 0.036276 0.118519
0 1912 0.668380 0.412963 0.034462 0.153704
0 1913 0.844317 0.500000 0.041717 0.144444
0 1914 0.937122 0.362963 0.037485 0.144444
0 1915 0.956167 0.586111 0.029625 0.129630
0 1916 0.849456 0.580556 0.049577 0.157407
0 1920 0.907799 0.613889 0.034462 0.118519
0 1922 0.553809 0.957870 0.041112 0.086111
0 1930 0.539299 0.974537 0.038694 0.050926
0 1932 0.329504 0.958333 0.041112 0.085185
0 1933 0.386638 0.908333 0.058646 0.181481
0 1934 0.424426 0.902778 0.051995 0.164815
