0 785 0.029021 0.205556 0.039903 0.135185
0 786 0.058948 0.212963 0.038089 0.140741
0 787 0.078597 0.213426 0.044740 0.137963
0 788 0.051088 0.171759 0.039299 0.134259
0 789 0.105502 0.180556 0.042926 0.142593
0 790 0.095526 0.134259 0.043531 0.129630
0 791 0.555623 0.578704 0.030230 0.135185
0 792 0.188029 0.179167 0.038694 0.126852
0 793 0.501814 0.083333 0.032648 0.120370
0 794 0.525091 0.085648 0.029625 0.117593
0 795 0.623942 0.412037 0.043531 0.135185
0 796 0.510883 0.556481 0.044740 0.150000
0 797 0.540508 0.346296 0.033857 0.137037
0 798 0.505139 0.357407 0.045345 0.161111
0 799 0.761185 0.433333 0.041112 0.140741
0 800 0.792926 0.420833 0.041717 0.132407
0 801 0.540810 0.134259 0.038089 0.129630
0 802 0.573156 0.167593 0.035067 0.129630
0 803 0.687424 0.314352 0.033857 0.123148
0 804 0.658706 0.319444 0.041717 0.157407
0 805 0.625151 0.307870 0.032648 0.112037
0 806 0.987001 0.074537 0.024788 0.117593
0 807 0.959794 0.080556 0.034462 0.112963
0 808 0.945889 0.088426 0.034462 0.128704
0 809 0.918077 0.069907 0.034462 0.137963
0 810 0.582830 0.112500 0.027811 0.106481
0 814 0.959794 0.256019 0.039299 0.149074
0 815 0.963422 0.298611 0.036880 0.130556
0 816 0.944075 0.212500 0.039299 0.145370
0 817 0.931076 0.297685 0.037485 0.143519
0 818 0.913543 0.212037 0.032648 0.135185
0 819 0.551391 0.072685 0.035067 0.134259
0 820 0.576481 0.055093 0.034462 0.108333
0 821 0.876965 0.477315 0.030834 0.134259
0 822 0.938634 0.454167 0.045345 0.147222
0 823 0.969468 0.450463 0.039299 0.132407
0 824 0.601572 0.163889 0.030230 0.124074
0 825 0.607920 0.135185 0.032044 0.125926
0 826 0.607618 0.180556 0.037485 0.124074
0 827 0.792322 0.148148 0.029625 0.120370
0 828 0.809855 0.268056 0.050181 0.162037
0 829 0.836759 0.224537 0.039903 0.139815
0 830 0.809855 0.205093 0.041717 0.160185
0 831 0.631802 0.126389 0.030230 0.106481
0 832 0.784764 0.254630 0.031439 0.114815
0 833 0.738210 0.213426 0.039903 0.126852
0 834 0.662334 0.177778 0.039299 0.135185
0 835 0.611548 0.054630 0.041717 0.107407
0 836 0.643289 0.092130 0.039903 0.134259
0 837 0.681681 0.100000 0.034462 0.144444
0 838 0.795949 0.326389 0.036880 0.143519
0 839 0.773881 0.313426 0.030230 0.134259
0 840 0.747582 0.303704 0.038089 0.135185
0 841 0.771463 0.194907 0.031439 0.132407
0 842 0.703748 0.108333 0.030230 0.122222
0 843 0.897521 0.461574 0.041717 0.156481
0 844 0.636336 0.187037 0.032044 0.129630
0 845 0.903869 0.245833 0.039903 0.149074
0 846 0.902056 0.286111 0.037485 0.129630
0 847 0.876663 0.223148 0.035067 0.112963
0 848 0.873942 0.190278 0.030834 0.121296
0 851 0.754232 0.175463 0.033253 0.123148
0 852 0.788392 0.172685 0.035067 0.132407
0 853 0.658404 0.135648 0.037485 0.134259
0 854 0.788089 0.293056 0.034462 0.132407
0 856 0.531741 0.138426 0.024788 0.087963
0 857 0.580713 0.087037 0.030834 0.114815
0 858 0.975212 0.280556 0.029021 0.107407
0 859 0.568924 0.367593 0.043531 0.151852
0 860 0.603386 0.356944 0.035067 0.139815
0 861 0.428053 0.032407 0.025393 0.062963
0 862 0.766022 0.216204 0.036276 0.136111
0 863 0.571947 0.167130 0.029021 0.104630
0 864 0.757255 0.145370 0.029625 0.120370
0 866 0.740024 0.174074 0.029021 0.100000
0 874 0.405683 0.981019 0.031439 0.039815
0 875 0.300484 0.047222 0.042322 0.092593
0 881 0.165659 0.040741 0.037485 0.079630
0 882 0.194680 0.039352 0.035067 0.076852
0 892 0.452237 0.062963 0.039903 0.124074
0 908 0.516324 0.034259 0.035067 0.066667
0 917 0.642987 0.053704 0.032044 0.105556
0 918 0.668077 0.068981 0.030230 0.110185
0 919 0.691657 0.056019 0.027811 0.102778
0 920 0.645103 0.034259 0.030230 0.066667
0 921 0.645707 0.032870 0.032648 0.063889
0 928 0.891778 0.083796 0.026602 0.110185
0 940 0.907195 0.281481 0.029625 0.085185
0 948 0.648126 0.040741 0.031439 0.079630
0 949 0.695284 0.031481 0.029021 0.061111
0 951 0.905381 0.060185 0.056227 0.118519
0 1175 0.373035 0.558333 0.037485 0.148148
0 1197 0.076481 0.460185 0.039299 0.146296
0 1198 0.059855 0.510185 0.039903 0.151852
0 1200 0.033857 0.485648 0.036276 0.160185
0 1206 0.094317 0.479630 0.042322 0.148148
0 1284 0.839178 0.375463 0.039903 0.128704
0 1285 0.854293 0.356019 0.032648 0.126852
0 1306 0.259674 0.668981 0.044135 0.165741
0 1307 0.228839 0.654630 0.039299 0.172222
0 1308 0.366687 0.658333 0.039299 0.146296
0 1325 0.227932 0.573611 0.033857 0.134259
0 1326 0.232769 0.567130 0.033857 0.154630
0 1328 0.186215 0.562037 0.044740 0.148148
0 1329 0.195284 0.525463 0.044740 0.154630
0 1330 0.153869 0.543056 0.040508 0.150926
0 1343 0.370012 0.231481 0.032648 0.129630
0 1344 0.392987 0.239352 0.032648 0.126852
0 1412 0.541717 0.663889 0.047158 0.142593
0 1413 0.580411 0.668519 0.050786 0.162963
0 1444 0.253628 0.420370 0.036880 0.129630
0 1445 0.268440 0.463426 0.037485 0.149074
0 1501 0.262394 0.943056 0.041112 0.115741
0 1531 0.057437 0.668056 0.050786 0.182407
0 1549 0.309553 0.777315 0.044740 0.154630
0 1557 0.025091 0.686111 0.048972 0.164815
0 1567 0.327690 0.484259 0.035067 0.146296
0 1570 0.012999 0.583796 0.024788 0.162037
0 1573 0.762394 0.935185 0.033857 0.131481
0 1592 0.352177 0.706944 0.036880 0.154630
0 1594 0.357618 0.740741 0.044135 0.170370
0 1638 0.615780 0.681944 0.041717 0.175000
0 1639 0.657497 0.718981 0.046554 0.167593
0 1640 0.649940 0.692130 0.035067 0.132407
0 1650 0.428658 0.745370 0.049577 0.146296
0 1653 0.665659 0.658333 0.051995 0.148148
0 1655 0.451632 0.538426 0.032648 0.134259
0 1657 0.431378 0.511574 0.032044 0.137963
0 1660 0.716445 0.928704 0.045949 0.140741
0 1661 0.822249 0.912500 0.048368 0.160185
0 1667 0.786276 0.933796 0.036880 0.123148
0 1668 0.826179 0.965741 0.033253 0.070370
0 1676 0.442866 0.035185 0.034462 0.068519
0 1716 0.422007 0.596296 0.043531 0.150000
0 1717 0.449214 0.574537 0.037485 0.150926
0 1719 0.102781 0.980093 0.033857 0.041667
0 1741 0.992443 0.362037 0.015115 0.116667
0 1743 0.971584 0.393981 0.039903 0.145370
0 1776 0.243954 0.628704 0.036880 0.146296
0 1777 0.294438 0.600926 0.037485 0.151852
0 1778 0.291717 0.651852 0.032044 0.174074
0 1779 0.337969 0.381019 0.033857 0.126852
0 1780 0.322854 0.415741 0.044740 0.148148
0 1781 0.344015 0.400000 0.036276 0.129630
0 1782 0.303809 0.379167 0.036880 0.143519
0 1798 0.631197 0.571296 0.045949 0.159259
0 1799 0.409915 0.467130 0.037485 0.143519
0 1800 0.608222 0.526852 0.037485 0.151852
0 1806 0.607618 0.611574 0.042322 0.137963
0 1809 0.122733 0.847222 0.050786 0.187037
0 1821 0.011790 0.459259 0.022370 0.137037
0 1824 0.738210 0.694444 0.049577 0.168519
0 1832 0.753325 0.968519 0.045949 0.062963
0 1833 0.074970 0.884259 0.051995 0.164815
0 1834 0.100363 0.924537 0.041112 0.139815
0 1835 0.061669 0.944907 0.045949 0.112037
0 1838 0.770254 0.689352 0.039903 0.156481
0 1848 0.900544 0.810185 0.045345 0.181481
0 1849 0.861850 0.978704 0.032044 0.044444
0 1850 0.878174 0.872222 0.056227 0.181481
0 1852 0.935913 0.758796 0.045949 0.171296
0 1856 0.992140 0.284259 0.014510 0.148148
0 1857 0.840992 0.191204 0.031439 0.128704
0 1858 0.813180 0.578241 0.048368 0.160185
0 1859 0.724305 0.742593 0.045949 0.168519
0 1860 0.753930 0.747222 0.044740 0.162963
0 1862 0.457074 0.401852 0.037485 0.129630
0 1863 0.491838 0.438426 0.036880 0.143519
0 1865 0.701935 0.463426 0.039903 0.143519
0 1866 0.660520 0.447222 0.053809 0.155556
0 1868 0.107013 0.550926 0.058041 0.146296
0 1869 0.067110 0.565741 0.051995 0.142593
0 1878 0.009976 0.775926 0.018742 0.175926
0 1893 0.752418 0.578704 0.051391 0.153704
0 1894 0.883313 0.606019 0.043531 0.134259
0 1895 0.910520 0.614352 0.041112 0.160185
0 1896 0.820435 0.488889 0.041112 0.140741
0 1897 0.722793 0.299074 0.032044 0.135185
0 1898 0.939541 0.587037 0.045949 0.161111
0 1899 0.253930 0.346759 0.038694 0.134259
0 1900 0.308041 0.330093 0.034462 0.149074
0 1901 0.280834 0.314352 0.033253 0.145370
0 1904 0.970375 0.346296 0.037485 0.131481
0 1906 0.304716 0.354630 0.036276 0.118519
0 1912 0.637848 0.402778 0.033857 0.153704
0 1913 0.853083 0.488426 0.041112 0.141667
0 1914 0.938331 0.358796 0.038694 0.143519
0 1915 0.960701 0.565741 0.030230 0.129630
0 1916 0.857013 0.562963 0.048972 0.157407
0 1920 0.909008 0.591667 0.034462 0.118519
0 1922 0.517231 0.951389 0.044135 0.099074
0 1930 0.501209 0.968519 0.038694 0.062963
0 1932 0.289299 0.961111 0.041717 0.077778
0 1933 0.348851 0.890741 0.067715 0.175926
0 1934 0.394800 0.885648 0.051995 0.162037
