0 786 0.013301 0.246296 0.025393 0.142593
0 787 0.032346 0.244907 0.036880 0.137963
0 788 0.010278 0.207407 0.019347 0.135185
0 789 0.056530 0.220833 0.044135 0.143519
0 790 0.072551 0.173611 0.043531 0.128704
0 791 0.548065 0.655556 0.033253 0.135185
0 792 0.134522 0.201852 0.039299 0.131481
0 793 0.498489 0.114815 0.033253 0.124074
0 794 0.519347 0.106481 0.030230 0.118519
0 795 0.704051 0.450463 0.039299 0.143519
0 796 0.513301 0.638426 0.047158 0.160185
0 797 0.553507 0.392593 0.038089 0.148148
0 798 0.515115 0.402315 0.049577 0.160185
0 799 0.806832 0.493056 0.036880 0.147222
0 800 0.847340 0.481481 0.036880 0.148148
0 801 0.530230 0.158333 0.042322 0.129630
0 802 0.565901 0.191667 0.033857 0.124074
0 803 0.714631 0.369907 0.036276 0.141667
0 804 0.684099 0.370833 0.040508 0.167593
0 805 0.640871 0.355093 0.032648 0.113889
0 807 0.974607 0.115278 0.035067 0.123148
0 808 0.950423 0.123148 0.033857 0.131481
0 809 0.903869 0.102778 0.038694 0.140741
0 810 0.579202 0.129630 0.031439 0.107407
0 814 0.947098 0.282407 0.039299 0.151852
0 816 0.945586 0.240278 0.037485 0.145370
0 817 0.960701 0.308796 0.037485 0.143519
0 818 0.915659 0.236574 0.032044 0.134259
0 819 0.549879 0.094444 0.034462 0.135185
0 820 0.561064 0.071759 0.035067 0.132407
0 821 0.920798 0.529630 0.039903 0.135185
0 824 0.599758 0.187037 0.032648 0.124074
0 825 0.602781 0.173148 0.033857 0.142593
0 826 0.605804 0.204630 0.036276 0.125926
0 827 0.747884 0.170370 0.031439 0.120370
0 828 0.774184 0.299537 0.059855 0.162037
0 829 0.808343 0.256019 0.039903 0.139815
0 830 0.787485 0.238426 0.041717 0.160185
0 831 0.629988 0.155093 0.029021 0.106481
0 832 0.750605 0.289352 0.034462 0.125000
0 833 0.705562 0.241204 0.041112 0.126852
0 834 0.662031 0.209722 0.039903 0.136111
0 835 0.594317 0.069444 0.042322 0.137037
0 836 0.645707 0.108796 0.045949 0.134259
0 837 0.698912 0.131944 0.035067 0.145370
0 838 0.809250 0.363426 0.036880 0.145370
0 839 0.785671 0.351389 0.034462 0.137963
0 840 0.763906 0.345833 0.039299 0.145370
0 841 0.742140 0.198611 0.032044 0.132407
0 842 0.725514 0.143981 0.032648 0.126852
0 843 0.948609 0.512037 0.042322 0.157407
0 844 0.630895 0.213426 0.035671 0.132407
0 845 0.908404 0.267593 0.039299 0.148148
0 846 0.902056 0.313889 0.036276 0.129630
0 847 0.882406 0.250463 0.034462 0.117593
0 848 0.838573 0.223611 0.030230 0.121296
0 851 0.767836 0.188426 0.027811 0.115741
0 852 0.783253 0.205093 0.036880 0.141667
0 853 0.658102 0.164352 0.036880 0.134259
0 854 0.791112 0.319907 0.034462 0.132407
0 856 0.523881 0.153241 0.024788 0.087963
0 857 0.578900 0.109259 0.034462 0.116667
0 858 0.966747 0.304630 0.030230 0.107407
0 859 0.603990 0.408796 0.045949 0.156481
0 860 0.630290 0.402778 0.028416 0.140741
0 861 0.423519 0.043981 0.024788 0.086111
0 862 0.736397 0.242593 0.038694 0.140741
0 863 0.567715 0.187500 0.029021 0.106481
0 864 0.716747 0.169907 0.032044 0.121296
0 866 0.755441 0.195833 0.030834 0.104630
0 874 0.520556 0.987037 0.032648 0.027778
0 875 0.267836 0.064352 0.042322 0.126852
0 878 0.170193 0.022685 0.035671 0.043519
0 879 0.224002 0.021296 0.033253 0.040741
0 881 0.165054 0.056944 0.037485 0.112037
0 882 0.193773 0.056944 0.038089 0.112037
0 892 0.416264 0.110648 0.039299 0.126852
0 904 0.485792 0.040278 0.032044 0.078704
0 908 0.514510 0.039352 0.035067 0.076852
0 917 0.651149 0.081019 0.032648 0.121296
0 918 0.685611 0.104167 0.030230 0.110185
0 919 0.709794 0.087500 0.029021 0.104630
0 920 0.649940 0.044444 0.030230 0.087037
0 921 0.665054 0.061111 0.037485 0.116667
0 922 0.911427 0.043981 0.032044 0.086111
0 928 0.874547 0.116204 0.027207 0.113889
0 930 0.969468 0.041667 0.036880 0.081481
0 931 0.942563 0.052315 0.037485 0.102778
0 934 0.942261 0.052778 0.032044 0.103704
0 940 0.908706 0.311574 0.030230 0.087963
0 948 0.665659 0.058796 0.035067 0.113889
0 949 0.685611 0.043519 0.035067 0.085185
0 951 0.902056 0.088426 0.059250 0.149074
0 1175 0.373035 0.555556 0.037485 0.148148
0 1197 0.075574 0.461111 0.039903 0.146296
0 1198 0.058343 0.506019 0.040508 0.150926
0 1200 0.032648 0.481019 0.035067 0.162037
0 1206 0.097944 0.471759 0.041112 0.147222
0 1284 0.838573 0.369907 0.039903 0.128704
0 1285 0.851874 0.352315 0.032648 0.126852
0 1306 0.257255 0.663426 0.044135 0.165741
0 1307 0.226723 0.650926 0.036276 0.164815
0 1308 0.362455 0.653704 0.039299 0.146296
0 1325 0.226723 0.568981 0.035067 0.134259
0 1326 0.230955 0.560648 0.033857 0.154630
0 1328 0.187424 0.555556 0.044740 0.148148
0 1329 0.194075 0.525463 0.044740 0.154630
0 1330 0.153265 0.536111 0.036880 0.150000
0 1343 0.369710 0.227778 0.032044 0.129630
0 1344 0.389964 0.224537 0.032648 0.126852
0 1412 0.539299 0.720370 0.047158 0.142593
0 1413 0.583736 0.725000 0.051391 0.170370
0 1444 0.266626 0.434259 0.037485 0.129630
0 1445 0.272370 0.468981 0.036880 0.147222
0 1501 0.260580 0.938426 0.041112 0.125000
0 1531 0.022068 0.715741 0.042926 0.177778
0 1549 0.311971 0.780093 0.042322 0.152778
0 1567 0.325574 0.480556 0.035671 0.146296
0 1570 0.003930 0.560648 0.006651 0.160185
0 1573 0.839480 0.974074 0.032044 0.053704
0 1592 0.350967 0.703241 0.036880 0.154630
0 1594 0.356409 0.737963 0.044135 0.168519
0 1638 0.621524 0.707870 0.042322 0.178704
0 1639 0.668077 0.749537 0.043531 0.171296
0 1640 0.664148 0.712500 0.034462 0.136111
0 1650 0.427449 0.742593 0.049577 0.146296
0 1653 0.657497 0.645833 0.051391 0.149074
0 1655 0.450726 0.530093 0.035671 0.134259
0 1657 0.428960 0.506944 0.032044 0.137963
0 1660 0.789299 0.969444 0.040508 0.059259
0 1661 0.895103 0.950000 0.048972 0.101852
0 1667 0.858525 0.978241 0.032648 0.045370
0 1676 0.442563 0.049537 0.035067 0.097222
0 1716 0.419589 0.592130 0.039903 0.150926
0 1717 0.446191 0.567130 0.037485 0.150926
0 1741 0.994559 0.359722 0.010883 0.115741
0 1743 0.974305 0.415741 0.041717 0.146296
0 1776 0.240326 0.624074 0.036880 0.146296
0 1777 0.292926 0.600000 0.038089 0.151852
0 1778 0.290508 0.651852 0.032044 0.174074
0 1779 0.337364 0.379167 0.033857 0.126852
0 1780 0.321644 0.409722 0.043531 0.149074
0 1781 0.342503 0.395370 0.036880 0.129630
0 1782 0.302902 0.375463 0.037485 0.143519
0 1798 0.660822 0.608333 0.047158 0.159259
0 1799 0.409311 0.462500 0.037485 0.143519
0 1800 0.669891 0.571296 0.037485 0.151852
0 1806 0.631197 0.656019 0.042322 0.137963
0 1809 0.121524 0.918981 0.053204 0.163889
0 1824 0.759371 0.757870 0.049577 0.173148
0 1833 0.066505 0.938889 0.050786 0.124074
0 1834 0.105200 0.971296 0.047158 0.059259
0 1838 0.790810 0.751852 0.041112 0.162963
0 1848 0.916868 0.856481 0.047763 0.179630
0 1850 0.873640 0.919907 0.055623 0.147222
0 1852 0.957074 0.817130 0.045949 0.171296
0 1856 0.989722 0.284259 0.019347 0.148148
0 1857 0.840992 0.190278 0.031439 0.128704
0 1858 0.795647 0.634259 0.059250 0.164815
0 1859 0.725212 0.827315 0.046554 0.176852
0 1860 0.759069 0.824074 0.048972 0.168519
0 1862 0.472793 0.434259 0.037485 0.129630
0 1863 0.501511 0.476389 0.036880 0.147222
0 1865 0.713422 0.520370 0.037485 0.155556
0 1866 0.670496 0.500463 0.053204 0.160185
0 1868 0.089178 0.607407 0.058646 0.159259
0 1869 0.044135 0.614352 0.050786 0.143519
0 1893 0.738815 0.646296 0.054414 0.153704
0 1894 0.867594 0.662037 0.045949 0.135185
0 1895 0.896917 0.667593 0.041717 0.159259
0 1896 0.797461 0.514815 0.041112 0.140741
0 1897 0.732164 0.341667 0.035067 0.135185
0 1898 0.936518 0.650926 0.047158 0.168519
0 1899 0.290508 0.345833 0.039299 0.139815
0 1900 0.331620 0.324074 0.034462 0.142593
0 1901 0.310459 0.308333 0.029625 0.151852
0 1904 0.968863 0.361111 0.036880 0.131481
0 1906 0.323458 0.349074 0.036276 0.118519
0 1912 0.718259 0.431019 0.037485 0.154630
0 1913 0.837062 0.523148 0.044135 0.146296
0 1914 0.941354 0.375000 0.036276 0.142593
0 1915 0.952237 0.614815 0.031439 0.129630
0 1916 0.841898 0.609722 0.050181 0.158333
0 1920 0.909311 0.651852 0.035067 0.118519
0 1922 0.617291 0.973148 0.038694 0.055556
0 1932 0.398428 0.959259 0.041112 0.083333
0 1933 0.448307 0.925000 0.053809 0.151852
0 1934 0.472793 0.919444 0.053204 0.157407
