0 782 0.019347 0.306944 0.037485 0.145370
0 783 0.015417 0.167130 0.029625 0.141667
0 784 0.044740 0.303241 0.039903 0.134259
0 785 0.089480 0.165741 0.037485 0.131481
0 786 0.136034 0.172685 0.033857 0.136111
0 787 0.159311 0.167593 0.039299 0.137037
0 788 0.097037 0.129630 0.039299 0.135185
0 789 0.151149 0.123148 0.036276 0.131481
0 790 0.116385 0.084722 0.041717 0.128704
0 791 0.529021 0.475926 0.029021 0.129630
0 792 0.259976 0.156481 0.038694 0.124074
0 793 0.507860 0.059722 0.032648 0.115741
0 794 0.528416 0.052315 0.029021 0.102778
0 795 0.516626 0.382407 0.045345 0.140741
0 796 0.497884 0.462037 0.039299 0.151852
0 797 0.522370 0.291667 0.035067 0.125926
0 798 0.481560 0.297222 0.040508 0.144444
0 799 0.679565 0.365741 0.036276 0.140741
0 800 0.716445 0.360648 0.039903 0.132407
0 801 0.551391 0.101389 0.037485 0.123148
0 802 0.574667 0.141204 0.033253 0.126852
0 803 0.666264 0.259722 0.035067 0.123148
0 804 0.631197 0.257407 0.038694 0.140741
0 805 0.598851 0.254630 0.027207 0.112963
0 806 0.973398 0.046759 0.030230 0.091667
0 807 0.948307 0.050926 0.032044 0.100000
0 808 0.929262 0.053704 0.033857 0.105556
0 809 0.886034 0.047222 0.034462 0.092593
0 810 0.576784 0.106944 0.027811 0.106481
0 811 0.971584 0.318056 0.031439 0.139815
0 814 0.971886 0.224537 0.039299 0.149074
0 815 0.936215 0.272222 0.036880 0.135185
0 816 0.944377 0.185648 0.032648 0.145370
0 817 0.912938 0.267130 0.037485 0.143519
0 818 0.904776 0.182407 0.032044 0.135185
0 819 0.555018 0.057870 0.035067 0.113889
0 820 0.591294 0.042130 0.030230 0.082407
0 821 0.793833 0.412037 0.032648 0.131481
0 822 0.844317 0.414815 0.038089 0.133333
0 823 0.869407 0.413426 0.032648 0.132407
0 824 0.607013 0.134259 0.029021 0.120370
0 825 0.607920 0.118981 0.032044 0.126852
0 826 0.618198 0.149537 0.036880 0.121296
0 827 0.867594 0.138426 0.030230 0.121296
0 828 0.861548 0.236574 0.045949 0.149074
0 829 0.870012 0.212037 0.039903 0.140741
0 830 0.839178 0.163889 0.039903 0.146296
0 831 0.630593 0.105093 0.026602 0.112037
0 832 0.837969 0.233333 0.030230 0.114815
0 833 0.784764 0.202315 0.037485 0.126852
0 834 0.674123 0.146759 0.038694 0.126852
0 835 0.629383 0.043056 0.042322 0.084259
0 836 0.646312 0.067130 0.039903 0.132407
0 837 0.679565 0.058796 0.035067 0.115741
0 838 0.793531 0.286111 0.036880 0.135185
0 839 0.773277 0.269444 0.027811 0.129630
0 840 0.746675 0.267130 0.035067 0.139815
0 841 0.769045 0.161574 0.032648 0.132407
0 842 0.695889 0.075926 0.030230 0.120370
0 843 0.817110 0.401389 0.039299 0.154630
0 844 0.644498 0.151852 0.031439 0.124074
0 845 0.913543 0.221759 0.039903 0.149074
0 846 0.941354 0.245833 0.037485 0.128704
0 847 0.878779 0.200926 0.034462 0.112963
0 848 0.899033 0.145370 0.037485 0.120370
0 851 0.727630 0.156481 0.039299 0.125926
0 852 0.758162 0.132407 0.032648 0.131481
0 853 0.659915 0.111574 0.036880 0.134259
0 854 0.801391 0.262037 0.034462 0.131481
0 856 0.554111 0.109259 0.023579 0.087037
0 857 0.586155 0.082407 0.029625 0.114815
0 858 0.987908 0.247685 0.022975 0.106481
0 859 0.505744 0.319907 0.046554 0.143519
0 860 0.535973 0.325463 0.033253 0.137963
0 861 0.429262 0.028704 0.025393 0.055556
0 862 0.809553 0.200926 0.037485 0.129630
0 863 0.574365 0.141667 0.030230 0.103704
0 864 0.840085 0.146296 0.029625 0.120370
0 866 0.715538 0.158333 0.027207 0.098148
0 882 0.205562 0.022222 0.035067 0.042593
0 892 0.493954 0.042593 0.039903 0.083333
0 917 0.646010 0.032870 0.032044 0.063889
0 918 0.679867 0.032870 0.029625 0.063889
0 919 0.720677 0.033796 0.025393 0.065741
0 928 0.870617 0.048148 0.027811 0.094444
0 940 0.909915 0.240741 0.027811 0.079630
0 951 0.877267 0.039815 0.045949 0.077778
0 1175 0.376058 0.578704 0.037485 0.148148
0 1197 0.070435 0.475000 0.036880 0.146296
0 1198 0.061366 0.522685 0.039299 0.147222
0 1200 0.025393 0.506944 0.042322 0.149074
0 1206 0.092201 0.498148 0.041717 0.153704
0 1284 0.840992 0.390278 0.039903 0.128704
0 1285 0.856711 0.368056 0.032648 0.126852
0 1306 0.261185 0.684722 0.044740 0.165741
0 1307 0.231862 0.668981 0.036880 0.165741
0 1308 0.364571 0.671759 0.048368 0.145370
0 1325 0.228537 0.593519 0.033857 0.135185
0 1326 0.234583 0.581944 0.032648 0.154630
0 1328 0.189238 0.576389 0.043531 0.147222
0 1329 0.196796 0.539352 0.044135 0.154630
0 1330 0.147521 0.562037 0.044740 0.140741
0 1343 0.373035 0.248148 0.032648 0.129630
0 1344 0.391778 0.258796 0.041112 0.115741
0 1412 0.552297 0.598148 0.046554 0.137037
0 1413 0.612152 0.610185 0.051391 0.162963
0 1444 0.246372 0.412963 0.038089 0.129630
0 1445 0.253930 0.454167 0.037485 0.149074
0 1501 0.264510 0.948148 0.041717 0.105556
0 1531 0.098549 0.599537 0.048368 0.175000
0 1549 0.303809 0.788426 0.046554 0.158333
0 1557 0.085550 0.641204 0.042926 0.165741
0 1567 0.333132 0.500000 0.035067 0.146296
0 1570 0.050181 0.629167 0.041112 0.158333
0 1573 0.672914 0.854630 0.036276 0.144444
0 1592 0.354897 0.719907 0.036276 0.154630
0 1594 0.360036 0.754630 0.044135 0.170370
0 1638 0.606409 0.657407 0.042322 0.162963
0 1639 0.626663 0.694444 0.044135 0.162963
0 1640 0.649335 0.676389 0.035067 0.132407
0 1650 0.431076 0.758333 0.049577 0.146296
0 1653 0.680472 0.690741 0.046554 0.140741
0 1654 0.077388 0.831944 0.044740 0.165741
0 1655 0.453144 0.556481 0.032044 0.135185
0 1657 0.434401 0.528241 0.032044 0.137963
0 1660 0.614571 0.850463 0.051391 0.154630
0 1661 0.731560 0.830093 0.061669 0.162037
0 1667 0.686215 0.843981 0.039903 0.123148
0 1668 0.727932 0.895833 0.032648 0.139815
0 1676 0.435006 0.035185 0.034462 0.068519
0 1713 0.828900 0.975000 0.041112 0.050000
0 1714 0.858525 0.971296 0.032648 0.057407
0 1716 0.424728 0.612963 0.045345 0.148148
0 1717 0.447703 0.583333 0.035671 0.151852
0 1719 0.119710 0.925000 0.048368 0.144444
0 1721 0.637848 0.932870 0.047158 0.136111
0 1722 0.666566 0.940278 0.048972 0.121296
0 1723 0.079202 0.931019 0.044740 0.139815
0 1737 0.004837 0.525926 0.008464 0.157407
0 1741 0.989420 0.366667 0.021161 0.118519
0 1742 0.981862 0.407407 0.035067 0.142593
0 1743 0.963422 0.376852 0.039299 0.146296
0 1771 0.610641 0.950926 0.049577 0.094444
0 1772 0.564087 0.950463 0.038694 0.100926
0 1776 0.244256 0.647222 0.037485 0.146296
0 1777 0.295345 0.615741 0.041717 0.151852
0 1778 0.295949 0.662963 0.036880 0.170370
0 1779 0.334946 0.394907 0.033857 0.126852
0 1780 0.316808 0.430556 0.042322 0.148148
0 1781 0.345828 0.417593 0.037485 0.129630
0 1782 0.305018 0.388426 0.036880 0.145370
0 1784 0.967956 0.458333 0.037485 0.137037
0 1798 0.585852 0.525000 0.037485 0.159259
0 1799 0.411125 0.479167 0.037485 0.143519
0 1800 0.538996 0.494907 0.039299 0.145370
0 1806 0.579504 0.556019 0.041717 0.137963
0 1809 0.139057 0.781019 0.042322 0.176852
0 1821 0.055623 0.401389 0.032648 0.137963
0 1822 0.037485 0.381944 0.036276 0.147222
0 1824 0.710399 0.613426 0.049577 0.160185
0 1830 0.013603 0.376852 0.025998 0.137037
0 1831 0.692261 0.932870 0.048368 0.136111
0 1832 0.737001 0.926852 0.045949 0.148148
0 1833 0.084039 0.799537 0.044740 0.160185
0 1834 0.110036 0.850463 0.037485 0.162037
0 1835 0.056832 0.870833 0.042322 0.150926
0 1838 0.737304 0.612037 0.039299 0.155556
0 1842 0.799577 0.935648 0.051391 0.130556
0 1848 0.894196 0.795370 0.039903 0.181481
0 1849 0.852479 0.927778 0.047158 0.144444
0 1850 0.870012 0.856019 0.045949 0.189815
0 1852 0.902056 0.734722 0.039903 0.165741
0 1856 0.995466 0.288426 0.007860 0.149074
0 1857 0.841596 0.199537 0.031439 0.128704
0 1858 0.834039 0.514352 0.051391 0.156481
0 1859 0.722793 0.652778 0.041717 0.162963
0 1860 0.765417 0.656481 0.041112 0.157407
0 1862 0.435611 0.392593 0.030834 0.129630
0 1863 0.469166 0.399537 0.033857 0.136111
0 1864 0.920496 0.609722 0.052600 0.156481
0 1865 0.682588 0.402315 0.039903 0.143519
0 1866 0.643894 0.385185 0.054414 0.151852
0 1868 0.132406 0.487963 0.050786 0.146296
0 1869 0.120919 0.518981 0.050786 0.137963
0 1873 0.005441 0.469444 0.009674 0.148148
0 1877 0.009371 0.678704 0.017533 0.164815
0 1878 0.023579 0.693519 0.044740 0.157407
0 1885 0.008162 0.422685 0.015115 0.143519
0 1893 0.782648 0.510185 0.044135 0.146296
0 1894 0.884825 0.540741 0.042926 0.129630
0 1895 0.921100 0.547222 0.038089 0.157407
0 1896 0.843108 0.457407 0.041717 0.140741
0 1897 0.731258 0.258796 0.029625 0.128704
0 1898 0.944075 0.516204 0.044135 0.156481
0 1899 0.194982 0.350926 0.039299 0.129630
0 1900 0.255744 0.343519 0.043531 0.140741
0 1901 0.225514 0.327778 0.032648 0.137037
0 1904 0.950423 0.327778 0.035067 0.131481
0 1906 0.244861 0.375926 0.036276 0.118519
0 1912 0.537485 0.365278 0.033857 0.145370
0 1913 0.873640 0.455093 0.042322 0.139815
0 1914 0.937727 0.350000 0.039903 0.138889
0 1915 0.976119 0.516667 0.032044 0.135185
0 1916 0.869105 0.507870 0.047763 0.145370
0 1920 0.906892 0.519907 0.035067 0.115741
0 1922 0.367896 0.947685 0.046554 0.106481
0 1926 0.891475 0.636574 0.040508 0.154630
0 1930 0.335852 0.976852 0.029625 0.048148
0 1932 0.162031 0.941204 0.051995 0.119444
0 1933 0.230351 0.866667 0.064087 0.168519
0 1934 0.269347 0.831019 0.056227 0.154630
