0 785 0.014208 0.222222 0.027207 0.135185
0 786 0.036276 0.225926 0.039903 0.140741
0 787 0.055320 0.218981 0.036880 0.137963
0 788 0.027811 0.185648 0.042322 0.134259
0 789 0.085852 0.197222 0.036276 0.142593
0 790 0.085852 0.150000 0.043531 0.129630
0 791 0.557437 0.610185 0.030230 0.135185
0 792 0.162636 0.185648 0.038694 0.126852
0 793 0.499395 0.095370 0.032648 0.120370
0 794 0.522370 0.093519 0.030230 0.118519
0 795 0.659915 0.429630 0.036880 0.142593
0 796 0.514510 0.587037 0.045949 0.148148
0 797 0.548065 0.364815 0.034462 0.142593
0 798 0.504837 0.377315 0.049577 0.160185
0 799 0.779323 0.460648 0.041112 0.143519
0 800 0.817715 0.448148 0.039299 0.140741
0 801 0.535369 0.144444 0.040508 0.129630
0 802 0.568924 0.175463 0.033857 0.128704
0 803 0.699214 0.333796 0.034462 0.125000
0 804 0.671403 0.342593 0.041717 0.162963
0 805 0.631802 0.328241 0.032648 0.112037
0 806 0.988815 0.093056 0.021161 0.117593
0 807 0.966143 0.095370 0.035067 0.116667
0 808 0.949516 0.102778 0.034462 0.129630
0 809 0.913241 0.083796 0.035671 0.139815
0 810 0.584946 0.119907 0.030834 0.106481
0 814 0.953144 0.266204 0.039299 0.149074
0 815 0.977630 0.301389 0.033857 0.121296
0 816 0.942866 0.223611 0.039299 0.145370
0 817 0.943773 0.305093 0.037485 0.143519
0 818 0.915357 0.222222 0.032648 0.135185
0 819 0.550181 0.080556 0.035067 0.135185
0 820 0.567715 0.062963 0.035067 0.124074
0 821 0.897219 0.499074 0.030230 0.135185
0 822 0.964631 0.471759 0.041717 0.154630
0 824 0.600967 0.174074 0.031439 0.124074
0 825 0.604595 0.147685 0.032648 0.130556
0 826 0.605804 0.191667 0.036276 0.125926
0 827 0.764813 0.152778 0.030230 0.120370
0 828 0.793229 0.282870 0.054414 0.162037
0 829 0.824667 0.240278 0.039903 0.139815
0 830 0.799577 0.218981 0.041717 0.160185
0 831 0.633011 0.135648 0.030230 0.106481
0 832 0.768742 0.266667 0.033253 0.114815
0 833 0.720979 0.220833 0.044135 0.126852
0 834 0.662334 0.189815 0.039299 0.135185
0 835 0.607920 0.059259 0.041717 0.116667
0 836 0.645707 0.096759 0.042322 0.134259
0 837 0.690145 0.115278 0.034462 0.145370
0 838 0.801088 0.341204 0.036276 0.143519
0 839 0.779625 0.328704 0.033253 0.135185
0 840 0.754534 0.321296 0.038694 0.138889
0 841 0.752418 0.194907 0.032044 0.132407
0 842 0.712213 0.123611 0.031439 0.125000
0 843 0.919891 0.480093 0.041717 0.152778
0 844 0.633918 0.200926 0.033253 0.131481
0 845 0.905381 0.255556 0.039299 0.148148
0 846 0.903869 0.300000 0.037485 0.129630
0 847 0.876965 0.233333 0.034462 0.112963
0 848 0.863362 0.204167 0.030230 0.121296
0 851 0.762696 0.176389 0.028416 0.117593
0 852 0.791415 0.183796 0.036276 0.132407
0 853 0.658706 0.146759 0.036880 0.134259
0 854 0.789299 0.305093 0.034462 0.132407
0 856 0.526300 0.141204 0.024788 0.087963
0 857 0.580411 0.096296 0.032648 0.114815
0 858 0.969468 0.288889 0.029625 0.107407
0 859 0.584039 0.382870 0.043531 0.152778
0 860 0.613664 0.374074 0.035067 0.140741
0 861 0.428053 0.038889 0.025393 0.075926
0 862 0.750302 0.226389 0.037485 0.137963
0 863 0.569831 0.175926 0.029625 0.105556
0 864 0.726421 0.156481 0.033253 0.120370
0 866 0.746977 0.183796 0.029625 0.102778
0 874 0.458585 0.981019 0.032044 0.039815
0 875 0.286578 0.054167 0.042322 0.106481
0 881 0.165659 0.047685 0.037485 0.093519
0 882 0.192866 0.047685 0.036276 0.093519
0 892 0.436215 0.085185 0.039299 0.125926
0 904 0.487908 0.028241 0.030230 0.054630
0 908 0.515719 0.036574 0.035067 0.071296
0 917 0.646312 0.068981 0.032648 0.121296
0 918 0.675333 0.081944 0.030230 0.110185
0 919 0.696191 0.067130 0.029625 0.104630
0 920 0.651753 0.033333 0.030230 0.064815
0 921 0.656590 0.043056 0.037485 0.084259
0 922 0.908102 0.026389 0.029021 0.050926
0 928 0.885732 0.097685 0.026602 0.110185
0 940 0.908102 0.296296 0.030230 0.087037
0 948 0.654474 0.049537 0.033253 0.097222
0 949 0.695284 0.034259 0.029021 0.066667
0 951 0.907195 0.068519 0.057437 0.133333
0 1175 0.373035 0.556481 0.037485 0.148148
0 1197 0.076784 0.459259 0.039903 0.146296
0 1198 0.059250 0.508333 0.039903 0.151852
0 1200 0.034462 0.481944 0.035067 0.162037
0 1206 0.098247 0.478704 0.041717 0.148148
0 1284 0.838573 0.370833 0.039903 0.128704
0 1285 0.853083 0.354167 0.032648 0.126852
0 1306 0.257860 0.665278 0.044135 0.165741
0 1307 0.228235 0.651852 0.038089 0.168519
0 1308 0.364873 0.656481 0.039299 0.146296
0 1325 0.227025 0.570833 0.034462 0.134259
0 1326 0.231560 0.564352 0.033857 0.154630
0 1328 0.186820 0.559259 0.044740 0.148148
0 1329 0.194680 0.525463 0.044740 0.154630
0 1330 0.153869 0.538426 0.040508 0.150926
0 1343 0.369710 0.227778 0.032044 0.129630
0 1344 0.389964 0.225463 0.032648 0.126852
0 1412 0.539903 0.687037 0.047158 0.142593
0 1413 0.581016 0.692130 0.050786 0.165741
0 1444 0.257860 0.426852 0.036880 0.129630
0 1445 0.271765 0.466204 0.036880 0.149074
0 1501 0.261790 0.941204 0.041112 0.119444
0 1531 0.042322 0.690741 0.051995 0.181481
0 1549 0.312576 0.778241 0.043531 0.154630
0 1557 0.011185 0.694444 0.021161 0.164815
0 1567 0.326481 0.480556 0.035067 0.146296
0 1570 0.007860 0.568981 0.014510 0.165741
0 1573 0.796252 0.952315 0.033857 0.097222
0 1592 0.350967 0.703241 0.036880 0.154630
0 1594 0.357618 0.737037 0.044135 0.170370
0 1638 0.619105 0.691204 0.042322 0.178704
0 1639 0.668077 0.737500 0.043531 0.171296
0 1640 0.655381 0.699537 0.035067 0.132407
0 1650 0.427449 0.741667 0.049577 0.146296
0 1653 0.661729 0.652315 0.051391 0.149074
0 1655 0.451028 0.534722 0.033857 0.134259
0 1657 0.430169 0.506019 0.032044 0.137963
0 1660 0.750302 0.946296 0.045949 0.107407
0 1661 0.855200 0.931019 0.048972 0.139815
0 1667 0.816505 0.956481 0.034462 0.088889
0 1668 0.869407 0.977315 0.030230 0.043519
0 1676 0.442563 0.040741 0.035067 0.079630
0 1716 0.418077 0.592130 0.044135 0.150926
0 1717 0.448005 0.570833 0.037485 0.150926
0 1741 0.993349 0.361111 0.013301 0.116667
0 1743 0.972491 0.404630 0.040508 0.146296
0 1776 0.242140 0.625926 0.036880 0.146296
0 1777 0.294135 0.599074 0.036880 0.151852
0 1778 0.291112 0.651852 0.032044 0.174074
0 1779 0.338573 0.379167 0.033857 0.126852
0 1780 0.322249 0.411111 0.043531 0.148148
0 1781 0.344921 0.394444 0.036880 0.129630
0 1782 0.303507 0.377315 0.037485 0.143519
0 1798 0.645405 0.585648 0.046554 0.158333
0 1799 0.409311 0.463426 0.037485 0.143519
0 1800 0.632406 0.545370 0.037485 0.151852
0 1806 0.616687 0.630093 0.042322 0.137963
0 1809 0.124547 0.877315 0.054414 0.178704
0 1821 0.003325 0.477778 0.005441 0.137037
0 1824 0.748489 0.719444 0.049577 0.174074
0 1832 0.761790 0.984259 0.031439 0.033333
0 1833 0.073761 0.911111 0.050786 0.162963
0 1834 0.103386 0.945370 0.041112 0.111111
0 1835 0.058646 0.962037 0.041112 0.077778
0 1838 0.776300 0.714815 0.041112 0.157407
0 1848 0.911427 0.819907 0.046554 0.182407
0 1850 0.876058 0.890278 0.056832 0.176852
0 1852 0.947098 0.785648 0.046554 0.171296
0 1856 0.992140 0.284259 0.014510 0.148148
0 1857 0.840992 0.189352 0.031439 0.128704
0 1858 0.801693 0.598148 0.051995 0.155556
0 1859 0.722491 0.776852 0.045949 0.168519
0 1860 0.756651 0.776852 0.045345 0.162963
0 1862 0.466143 0.412037 0.037485 0.129630
0 1863 0.496675 0.456019 0.036880 0.145370
0 1865 0.704353 0.483796 0.039903 0.145370
0 1866 0.663543 0.468056 0.053809 0.156481
0 1868 0.097944 0.570833 0.058041 0.150926
0 1869 0.055623 0.585185 0.051995 0.142593
0 1893 0.747884 0.608333 0.050786 0.153704
0 1894 0.879383 0.635185 0.034462 0.135185
0 1895 0.902056 0.634722 0.041112 0.160185
0 1896 0.810762 0.500926 0.041112 0.140741
0 1897 0.724909 0.316667 0.033857 0.135185
0 1898 0.938936 0.613889 0.047158 0.168519
0 1899 0.270556 0.346296 0.039299 0.137037
0 1900 0.322249 0.324074 0.033857 0.142593
0 1901 0.292019 0.308796 0.031439 0.150926
0 1904 0.969166 0.351852 0.037485 0.131481
0 1906 0.313785 0.351852 0.036276 0.118519
0 1912 0.673519 0.414815 0.035067 0.153704
0 1913 0.843108 0.501389 0.041717 0.145370
0 1914 0.937122 0.363426 0.037485 0.145370
0 1915 0.955562 0.588889 0.029625 0.129630
0 1916 0.848851 0.584259 0.049577 0.157407
0 1920 0.907195 0.617593 0.034462 0.118519
0 1922 0.560459 0.959259 0.041112 0.083333
0 1930 0.544135 0.975463 0.038694 0.049074
0 1932 0.336155 0.958333 0.041112 0.085185
0 1933 0.392382 0.910648 0.058041 0.180556
0 1934 0.428960 0.905556 0.051391 0.166667
