0 782 0.015115 0.307870 0.029021 0.145370
0 783 0.011790 0.171296 0.022370 0.142593
0 784 0.034462 0.309722 0.039903 0.134259
0 785 0.084946 0.168056 0.036880 0.132407
0 786 0.132104 0.175926 0.034462 0.137037
0 787 0.153869 0.172222 0.039299 0.138889
0 788 0.094619 0.132407 0.039299 0.135185
0 789 0.150846 0.126852 0.036880 0.131481
0 790 0.113966 0.087500 0.041717 0.128704
0 791 0.530834 0.482407 0.029021 0.129630
0 792 0.253930 0.157407 0.038694 0.124074
0 793 0.508464 0.061574 0.032648 0.117593
0 794 0.529021 0.054167 0.030230 0.104630
0 795 0.523881 0.384259 0.047763 0.137037
0 796 0.498186 0.469444 0.038694 0.151852
0 797 0.524184 0.294444 0.035067 0.125926
0 798 0.482769 0.304167 0.041717 0.149074
0 799 0.683797 0.371296 0.036276 0.140741
0 800 0.723096 0.364352 0.039903 0.132407
0 801 0.550786 0.103241 0.037485 0.123148
0 802 0.573761 0.143519 0.033857 0.127778
0 803 0.666868 0.263426 0.035067 0.123148
0 804 0.633011 0.262500 0.038694 0.141667
0 805 0.601874 0.260185 0.027207 0.112963
0 806 0.974002 0.047685 0.030230 0.093519
0 807 0.949214 0.051852 0.032648 0.101852
0 808 0.930472 0.055093 0.033857 0.108333
0 809 0.889057 0.049537 0.034462 0.097222
0 810 0.576784 0.107870 0.027811 0.106481
0 811 0.974909 0.318981 0.030834 0.139815
0 814 0.970677 0.225926 0.039299 0.148148
0 815 0.937122 0.273148 0.037485 0.135185
0 816 0.944680 0.187500 0.033253 0.145370
0 817 0.913543 0.267130 0.037485 0.143519
0 818 0.905985 0.185185 0.032044 0.135185
0 819 0.555018 0.058796 0.035067 0.115741
0 820 0.590387 0.043056 0.030834 0.084259
0 821 0.798972 0.418056 0.032044 0.132407
0 822 0.854897 0.422685 0.037485 0.141667
0 823 0.876663 0.414815 0.032648 0.131481
0 824 0.606409 0.136574 0.029021 0.121296
0 825 0.607920 0.119907 0.032044 0.126852
0 826 0.616989 0.151389 0.036880 0.121296
0 827 0.862152 0.139352 0.030230 0.121296
0 828 0.856711 0.236574 0.045949 0.150926
0 829 0.866385 0.212037 0.039903 0.140741
0 830 0.836155 0.164815 0.039903 0.146296
0 831 0.630593 0.106019 0.026602 0.112037
0 832 0.834341 0.232407 0.030230 0.114815
0 833 0.781137 0.203241 0.037485 0.126852
0 834 0.673519 0.148611 0.038694 0.126852
0 835 0.627267 0.043981 0.041717 0.086111
0 836 0.645707 0.068981 0.039903 0.132407
0 837 0.680169 0.059722 0.035067 0.117593
0 838 0.791415 0.287963 0.036276 0.135185
0 839 0.770859 0.271296 0.027811 0.129630
0 840 0.745163 0.268519 0.034462 0.138889
0 841 0.771463 0.165278 0.032648 0.132407
0 842 0.693470 0.078704 0.030230 0.120370
0 843 0.823458 0.406944 0.039903 0.156481
0 844 0.643894 0.153704 0.031439 0.124074
0 845 0.911729 0.223611 0.039903 0.149074
0 846 0.937727 0.247222 0.037485 0.127778
0 847 0.878174 0.202778 0.034462 0.112963
0 848 0.896312 0.149074 0.036880 0.120370
0 851 0.730048 0.159259 0.039299 0.127778
0 852 0.761487 0.135185 0.033253 0.131481
0 853 0.659915 0.112500 0.036880 0.134259
0 854 0.799274 0.263889 0.033857 0.131481
0 856 0.553204 0.112037 0.024184 0.087037
0 857 0.586155 0.081481 0.029625 0.114815
0 858 0.987606 0.251389 0.023579 0.106481
0 859 0.510580 0.322685 0.046554 0.143519
0 860 0.542019 0.327315 0.034462 0.137963
0 861 0.431076 0.027778 0.025393 0.053704
0 862 0.805925 0.202315 0.037485 0.130556
0 863 0.573761 0.143056 0.030230 0.104630
0 864 0.834643 0.146296 0.029625 0.120370
0 866 0.717956 0.160185 0.027207 0.098148
0 881 0.173216 0.022685 0.036880 0.043519
0 882 0.203446 0.023611 0.034462 0.045370
0 892 0.487908 0.043981 0.039903 0.086111
0 917 0.644196 0.034259 0.032044 0.066667
0 918 0.678658 0.035648 0.029625 0.069444
0 919 0.715840 0.034722 0.025393 0.067593
0 928 0.873337 0.050000 0.028416 0.098148
0 940 0.908706 0.243519 0.027811 0.079630
0 951 0.879383 0.042593 0.046554 0.083333
0 1175 0.376058 0.576852 0.037485 0.148148
0 1197 0.071040 0.474074 0.036880 0.146296
0 1198 0.061366 0.521296 0.039299 0.146296
0 1200 0.025393 0.506481 0.042322 0.148148
0 1206 0.091898 0.495370 0.042322 0.153704
0 1284 0.840992 0.388426 0.039903 0.128704
0 1285 0.856711 0.366204 0.032648 0.126852
0 1306 0.261185 0.681944 0.044740 0.165741
0 1307 0.231258 0.667130 0.036880 0.165741
0 1308 0.366385 0.669444 0.045949 0.146296
0 1325 0.228235 0.592593 0.033253 0.135185
0 1326 0.234583 0.579167 0.032648 0.154630
0 1328 0.189238 0.575463 0.043531 0.147222
0 1329 0.196191 0.537500 0.044135 0.154630
0 1330 0.148126 0.559259 0.044740 0.142593
0 1343 0.372430 0.245370 0.032648 0.129630
0 1344 0.390568 0.257870 0.041112 0.112037
0 1412 0.549274 0.602778 0.046554 0.137037
0 1413 0.609432 0.612963 0.051995 0.162963
0 1444 0.244256 0.412963 0.037485 0.129630
0 1445 0.255139 0.455093 0.037485 0.149074
0 1501 0.264510 0.947685 0.041717 0.106481
0 1531 0.094921 0.603704 0.048368 0.175926
0 1549 0.302902 0.784722 0.047158 0.156481
0 1557 0.079807 0.643981 0.043531 0.165741
0 1567 0.332527 0.498148 0.035067 0.146296
0 1570 0.045345 0.625463 0.041112 0.156481
0 1573 0.679565 0.861574 0.036276 0.147222
0 1592 0.354897 0.718981 0.036276 0.154630
0 1594 0.359432 0.752778 0.044135 0.170370
0 1638 0.607618 0.657870 0.042322 0.163889
0 1639 0.629686 0.695370 0.046554 0.162963
0 1640 0.649335 0.677315 0.035067 0.132407
0 1650 0.430472 0.757407 0.049577 0.146296
0 1653 0.679867 0.687037 0.046554 0.140741
0 1654 0.071040 0.836574 0.046554 0.165741
0 1655 0.453144 0.554630 0.032044 0.135185
0 1657 0.434401 0.526389 0.032044 0.137963
0 1660 0.621826 0.855093 0.051391 0.154630
0 1661 0.738815 0.834722 0.061669 0.162037
0 1667 0.694075 0.849537 0.039903 0.123148
0 1668 0.735792 0.903241 0.033857 0.139815
0 1676 0.435006 0.035185 0.034462 0.068519
0 1714 0.863362 0.975926 0.030230 0.048148
0 1716 0.425030 0.611111 0.044740 0.148148
0 1717 0.448005 0.582407 0.036276 0.151852
0 1719 0.119105 0.929167 0.048368 0.141667
0 1721 0.640871 0.937037 0.047158 0.127778
0 1722 0.670798 0.944907 0.048972 0.112037
0 1723 0.078900 0.934722 0.044135 0.132407
0 1737 0.004232 0.532407 0.007255 0.157407
0 1741 0.989420 0.365741 0.021161 0.118519
0 1742 0.982467 0.407407 0.033857 0.142593
0 1743 0.964631 0.377778 0.039299 0.146296
0 1771 0.610036 0.956019 0.048368 0.086111
0 1772 0.564692 0.954630 0.038694 0.090741
0 1776 0.244256 0.645370 0.037485 0.146296
0 1777 0.295042 0.614815 0.041112 0.151852
0 1778 0.295949 0.660648 0.036880 0.169444
0 1779 0.334946 0.393981 0.033857 0.126852
0 1780 0.315901 0.428704 0.042926 0.148148
0 1781 0.344317 0.416667 0.036880 0.129630
0 1782 0.304716 0.387037 0.037485 0.144444
0 1784 0.973398 0.465741 0.037485 0.137037
0 1798 0.590689 0.526852 0.037485 0.159259
0 1799 0.411125 0.478241 0.037485 0.143519
0 1800 0.547461 0.494907 0.041717 0.145370
0 1806 0.582225 0.560648 0.042322 0.137963
0 1809 0.137243 0.784722 0.042322 0.176852
0 1821 0.051995 0.405093 0.032648 0.137963
0 1822 0.033555 0.385185 0.036880 0.148148
0 1824 0.712817 0.620370 0.049577 0.162963
0 1830 0.011185 0.381019 0.021161 0.137963
0 1831 0.692261 0.935648 0.048368 0.130556
0 1832 0.738210 0.929167 0.045949 0.143519
0 1833 0.084039 0.802315 0.044740 0.160185
0 1834 0.113059 0.850463 0.037485 0.162037
0 1835 0.056832 0.874537 0.042322 0.150926
0 1838 0.740629 0.618519 0.039903 0.155556
0 1842 0.798670 0.938889 0.051995 0.124074
0 1848 0.894196 0.791667 0.039903 0.181481
0 1849 0.853688 0.931019 0.047158 0.137963
0 1850 0.871221 0.856019 0.045949 0.189815
0 1852 0.905079 0.733796 0.039903 0.165741
0 1856 0.995768 0.285648 0.007255 0.149074
0 1857 0.840992 0.197685 0.031439 0.128704
0 1858 0.831620 0.518056 0.051391 0.156481
0 1859 0.723096 0.656944 0.041112 0.163889
0 1860 0.764510 0.662963 0.041717 0.157407
0 1862 0.437424 0.391667 0.032044 0.129630
0 1863 0.471584 0.399074 0.033857 0.137037
0 1864 0.931681 0.614352 0.048368 0.156481
0 1865 0.686215 0.406944 0.039903 0.143519
0 1866 0.645707 0.388889 0.054414 0.151852
0 1868 0.130593 0.492130 0.050786 0.145370
0 1869 0.117291 0.523148 0.050786 0.138889
0 1873 0.003325 0.473148 0.005441 0.148148
0 1877 0.009069 0.683796 0.016929 0.165741
0 1878 0.023579 0.698611 0.044740 0.154630
0 1885 0.006046 0.426389 0.010883 0.143519
0 1893 0.780230 0.514352 0.044135 0.145370
0 1894 0.883615 0.542593 0.044135 0.129630
0 1895 0.918984 0.551852 0.039903 0.157407
0 1896 0.840689 0.458333 0.041717 0.140741
0 1897 0.729141 0.260648 0.030230 0.128704
0 1898 0.944680 0.519907 0.044135 0.156481
0 1899 0.200423 0.349074 0.039299 0.129630
0 1900 0.261185 0.341667 0.042322 0.142593
0 1901 0.230653 0.325926 0.033253 0.137037
0 1904 0.952842 0.329630 0.035067 0.131481
0 1906 0.251511 0.373148 0.036276 0.118519
0 1912 0.544740 0.367130 0.033857 0.145370
0 1913 0.873035 0.457870 0.042322 0.139815
0 1914 0.937727 0.350926 0.039903 0.140741
0 1915 0.975212 0.521296 0.032648 0.137037
0 1916 0.867594 0.512963 0.049577 0.148148
0 1920 0.907799 0.525000 0.034462 0.116667
0 1922 0.380895 0.945833 0.047158 0.110185
0 1926 0.902056 0.646759 0.039903 0.154630
0 1930 0.350665 0.974537 0.030230 0.052778
0 1932 0.168984 0.942593 0.055018 0.116667
0 1933 0.238815 0.862500 0.065296 0.163889
0 1934 0.279021 0.835648 0.056227 0.156481
