0 785 0.032950 0.201852 0.039299 0.135185
0 786 0.063482 0.211111 0.038694 0.140741
0 787 0.084946 0.212500 0.044135 0.139815
0 788 0.055320 0.170833 0.039299 0.134259
0 789 0.109734 0.177778 0.041717 0.142593
0 790 0.096735 0.131481 0.043531 0.129630
0 791 0.555623 0.573148 0.030230 0.135185
0 792 0.193470 0.178241 0.038694 0.126852
0 793 0.502418 0.081481 0.032648 0.120370
0 794 0.525393 0.083796 0.030230 0.117593
0 795 0.616082 0.410648 0.044740 0.134259
0 796 0.510278 0.551389 0.044740 0.150926
0 797 0.539299 0.342130 0.032648 0.134259
0 798 0.503628 0.355093 0.044740 0.160185
0 799 0.756348 0.428704 0.041112 0.140741
0 800 0.787787 0.415278 0.041112 0.132407
0 801 0.542322 0.132407 0.037485 0.129630
0 802 0.573156 0.164815 0.035067 0.129630
0 803 0.685006 0.311574 0.033857 0.123148
0 804 0.656288 0.314815 0.041717 0.157407
0 805 0.623942 0.304167 0.032648 0.112037
0 806 0.986397 0.070833 0.025998 0.117593
0 807 0.958888 0.077778 0.033857 0.112963
0 808 0.944680 0.085185 0.034462 0.127778
0 809 0.916868 0.068981 0.034462 0.136111
0 810 0.582527 0.111574 0.027207 0.106481
0 814 0.961004 0.253241 0.039299 0.149074
0 815 0.959794 0.297222 0.036880 0.131481
0 816 0.944680 0.210648 0.039299 0.145370
0 817 0.929262 0.295833 0.037485 0.143519
0 818 0.913241 0.210185 0.032044 0.135185
0 819 0.551995 0.071759 0.035067 0.134259
0 820 0.578295 0.053241 0.034462 0.104630
0 821 0.871826 0.472685 0.031439 0.134259
0 822 0.933797 0.450926 0.045345 0.146296
0 823 0.963120 0.448611 0.037485 0.132407
0 824 0.601874 0.162037 0.029625 0.124074
0 825 0.609734 0.135185 0.032044 0.125926
0 826 0.608222 0.178704 0.037485 0.124074
0 827 0.797763 0.147685 0.029625 0.121296
0 828 0.812878 0.265278 0.048972 0.162037
0 829 0.839178 0.221296 0.039903 0.140741
0 830 0.811971 0.202315 0.042322 0.160185
0 831 0.631197 0.124537 0.030230 0.106481
0 832 0.788089 0.252778 0.030834 0.114815
0 833 0.741838 0.212500 0.038694 0.126852
0 834 0.663241 0.173611 0.038694 0.132407
0 835 0.611548 0.053704 0.041717 0.105556
0 836 0.642987 0.089815 0.039299 0.135185
0 837 0.681076 0.096759 0.034462 0.143519
0 838 0.794740 0.323611 0.036880 0.143519
0 839 0.772672 0.310185 0.030230 0.133333
0 840 0.746675 0.300000 0.037485 0.135185
0 841 0.774486 0.193981 0.031439 0.132407
0 842 0.702237 0.106019 0.029625 0.121296
0 843 0.893289 0.457870 0.041717 0.156481
0 844 0.636638 0.184722 0.032648 0.128704
0 845 0.903869 0.243981 0.039903 0.149074
0 846 0.902056 0.282407 0.037485 0.129630
0 847 0.876058 0.222222 0.035067 0.112963
0 848 0.875453 0.187500 0.031439 0.121296
0 851 0.752116 0.175000 0.033857 0.124074
0 852 0.787787 0.170370 0.035067 0.131481
0 853 0.658404 0.133796 0.037485 0.134259
0 854 0.788089 0.291204 0.034462 0.132407
0 856 0.532950 0.137500 0.024788 0.087963
0 857 0.581016 0.085185 0.030230 0.114815
0 858 0.976119 0.278704 0.028416 0.107407
0 859 0.565901 0.364815 0.043531 0.151852
0 860 0.600363 0.353704 0.035067 0.138889
0 861 0.428053 0.031019 0.025393 0.060185
0 862 0.769649 0.214352 0.036276 0.136111
0 863 0.571947 0.166204 0.029021 0.104630
0 864 0.763906 0.144444 0.029625 0.120370
0 866 0.738513 0.172222 0.028416 0.100000
0 874 0.395405 0.981019 0.031439 0.039815
0 875 0.302297 0.045370 0.042322 0.088889
0 881 0.165659 0.039352 0.037485 0.076852
0 882 0.195284 0.037963 0.035067 0.074074
0 892 0.454051 0.061111 0.039903 0.120370
0 908 0.516324 0.033796 0.035067 0.065741
0 917 0.641778 0.051852 0.032044 0.101852
0 918 0.666868 0.067130 0.030230 0.110185
0 919 0.691657 0.055093 0.026602 0.102778
0 920 0.644800 0.030556 0.030834 0.059259
0 928 0.892987 0.081019 0.026602 0.110185
0 940 0.907195 0.278704 0.029625 0.085185
0 948 0.646312 0.038426 0.031439 0.075000
0 949 0.695586 0.031019 0.029625 0.060185
0 951 0.904172 0.058796 0.056227 0.115741
0 1175 0.373035 0.560185 0.037485 0.148148
0 1197 0.076179 0.461111 0.039903 0.146296
0 1198 0.060459 0.510648 0.039903 0.150926
0 1200 0.033253 0.487037 0.036276 0.159259
0 1206 0.093108 0.478704 0.042322 0.146296
0 1284 0.839178 0.376389 0.039903 0.128704
0 1285 0.854897 0.356019 0.032648 0.126852
0 1306 0.259674 0.669907 0.044135 0.165741
0 1307 0.228839 0.655093 0.039299 0.173148
0 1308 0.367291 0.658333 0.039299 0.146296
0 1325 0.227932 0.574537 0.033857 0.134259
0 1326 0.232769 0.568056 0.033857 0.154630
0 1328 0.186215 0.562963 0.044740 0.148148
0 1329 0.195284 0.525463 0.044740 0.154630
0 1330 0.153869 0.543056 0.040508 0.150926
0 1343 0.370617 0.232407 0.032648 0.129630
0 1344 0.392987 0.240278 0.033857 0.125000
0 1412 0.541112 0.660185 0.047158 0.140741
0 1413 0.581016 0.663889 0.050786 0.162963
0 1444 0.253628 0.419444 0.036880 0.129630
0 1445 0.267533 0.463426 0.036880 0.149074
0 1501 0.262394 0.943519 0.041112 0.114815
0 1531 0.060459 0.663426 0.050786 0.182407
0 1549 0.308646 0.777315 0.045345 0.154630
0 1557 0.028114 0.683333 0.050181 0.164815
0 1567 0.327690 0.484259 0.035067 0.146296
0 1570 0.014813 0.584722 0.028416 0.160185
0 1573 0.756046 0.930556 0.034462 0.135185
0 1592 0.352177 0.706944 0.036880 0.154630
0 1594 0.357618 0.741667 0.044135 0.170370
0 1638 0.615175 0.679630 0.041717 0.174074
0 1639 0.655683 0.718981 0.046554 0.167593
0 1640 0.648730 0.691204 0.035067 0.132407
0 1650 0.428658 0.746296 0.049577 0.146296
0 1653 0.667170 0.659259 0.051391 0.148148
0 1655 0.451935 0.539352 0.032044 0.134259
0 1657 0.431378 0.512500 0.032044 0.137963
0 1660 0.709794 0.925000 0.045949 0.146296
0 1661 0.816203 0.907407 0.048368 0.162963
0 1667 0.780834 0.925926 0.036880 0.124074
0 1668 0.818017 0.963426 0.033857 0.075000
0 1676 0.443168 0.035185 0.035067 0.068519
0 1716 0.422914 0.597685 0.042926 0.149074
0 1717 0.449214 0.574537 0.037485 0.150926
0 1719 0.104595 0.977315 0.041112 0.047222
0 1723 0.059855 0.979630 0.029021 0.042593
0 1741 0.992140 0.362963 0.015719 0.116667
0 1743 0.969770 0.392130 0.039903 0.145370
0 1776 0.243954 0.629630 0.036880 0.146296
0 1777 0.294740 0.601852 0.038089 0.151852
0 1778 0.291717 0.651852 0.032044 0.174074
0 1779 0.337969 0.381019 0.033857 0.126852
0 1780 0.322854 0.416667 0.044740 0.148148
0 1781 0.342805 0.401852 0.036276 0.129630
0 1782 0.303809 0.379167 0.036880 0.143519
0 1798 0.629383 0.568519 0.045949 0.159259
0 1799 0.409915 0.468056 0.037485 0.143519
0 1800 0.604595 0.524074 0.037485 0.151852
0 1806 0.605804 0.607870 0.042322 0.137963
0 1809 0.124547 0.841667 0.050786 0.187037
0 1821 0.013603 0.456481 0.025998 0.137037
0 1822 0.003023 0.429630 0.004837 0.157407
0 1824 0.736397 0.689815 0.049577 0.166667
0 1832 0.752721 0.965741 0.045949 0.068519
0 1833 0.074970 0.878704 0.051995 0.164815
0 1834 0.100060 0.919907 0.041717 0.143519
0 1835 0.060459 0.940741 0.045949 0.120370
0 1838 0.769045 0.684722 0.039903 0.156481
0 1848 0.899940 0.807407 0.044135 0.181481
0 1849 0.860036 0.975463 0.035671 0.050926
0 1850 0.878476 0.868519 0.055623 0.181481
0 1852 0.933495 0.753241 0.045949 0.171296
0 1856 0.992140 0.284259 0.014510 0.148148
0 1857 0.840992 0.192130 0.031439 0.128704
0 1858 0.814692 0.573148 0.048972 0.159259
0 1859 0.724002 0.736111 0.046554 0.168519
0 1860 0.755139 0.740741 0.044740 0.162963
0 1862 0.455260 0.400000 0.037485 0.129630
0 1863 0.490629 0.435648 0.036880 0.143519
0 1865 0.701330 0.459722 0.039903 0.143519
0 1866 0.659311 0.443519 0.053809 0.153704
0 1868 0.109432 0.545370 0.058041 0.146296
0 1869 0.070133 0.562963 0.051995 0.142593
0 1878 0.011185 0.773611 0.021161 0.178704
0 1893 0.754534 0.574074 0.050786 0.153704
0 1894 0.883313 0.601852 0.043531 0.131481
0 1895 0.912334 0.610648 0.041112 0.160185
0 1896 0.821644 0.487037 0.041112 0.140741
0 1897 0.723398 0.296296 0.032044 0.135185
0 1898 0.939541 0.581481 0.045949 0.159259
0 1899 0.250907 0.346759 0.038694 0.134259
0 1900 0.305320 0.331481 0.035067 0.150000
0 1901 0.278718 0.315278 0.033857 0.143519
0 1904 0.970375 0.345370 0.037485 0.131481
0 1906 0.302902 0.355556 0.036276 0.118519
0 1912 0.631197 0.400926 0.033857 0.153704
0 1913 0.854897 0.486111 0.041112 0.140741
0 1914 0.939541 0.358333 0.038694 0.142593
0 1915 0.961911 0.561111 0.030230 0.129630
0 1916 0.857013 0.558333 0.048972 0.157407
0 1920 0.909613 0.586111 0.034462 0.118519
0 1922 0.509069 0.950000 0.044740 0.101852
0 1930 0.492745 0.967130 0.038694 0.065741
0 1932 0.280230 0.960185 0.040508 0.079630
0 1933 0.341294 0.887500 0.064692 0.176852
0 1934 0.387848 0.882407 0.050181 0.164815
