0 785 0.007860 0.231019 0.014510 0.134259
0 786 0.021765 0.235185 0.039903 0.140741
0 787 0.044135 0.232870 0.037485 0.137963
0 788 0.017836 0.198148 0.034462 0.135185
0 789 0.072854 0.208333 0.039299 0.142593
0 790 0.078597 0.161574 0.043531 0.128704
0 791 0.554414 0.631481 0.031439 0.135185
0 792 0.148126 0.193519 0.038694 0.129630
0 793 0.498489 0.104630 0.033253 0.122222
0 794 0.521161 0.099074 0.030230 0.118519
0 795 0.681076 0.440278 0.038089 0.143519
0 796 0.516324 0.606481 0.045949 0.148148
0 797 0.551693 0.376389 0.035671 0.143519
0 798 0.509674 0.389352 0.049577 0.160185
0 799 0.798368 0.474537 0.036880 0.143519
0 800 0.833132 0.466204 0.037485 0.147222
0 801 0.532044 0.150926 0.041112 0.129630
0 802 0.565901 0.182407 0.033857 0.125926
0 803 0.707074 0.351852 0.035671 0.133333
0 804 0.678053 0.357407 0.041717 0.168519
0 805 0.636034 0.341204 0.032648 0.112037
0 807 0.970375 0.105556 0.035067 0.120370
0 808 0.951028 0.111111 0.033857 0.129630
0 809 0.908706 0.093519 0.037485 0.140741
0 810 0.581620 0.122222 0.030230 0.107407
0 814 0.949214 0.272685 0.039903 0.149074
0 815 0.983071 0.301852 0.027811 0.111111
0 816 0.944377 0.231944 0.038694 0.145370
0 817 0.953446 0.307870 0.037485 0.143519
0 818 0.915357 0.229630 0.032648 0.135185
0 819 0.550181 0.087037 0.035067 0.135185
0 820 0.564389 0.067130 0.034462 0.128704
0 821 0.908706 0.512963 0.036276 0.135185
0 822 0.976421 0.483796 0.041112 0.154630
0 824 0.600363 0.179630 0.032648 0.124074
0 825 0.603688 0.160185 0.033253 0.137037
0 826 0.604595 0.199074 0.036276 0.129630
0 827 0.754534 0.160185 0.030230 0.120370
0 828 0.783857 0.291204 0.057437 0.162037
0 829 0.816203 0.248611 0.039903 0.139815
0 830 0.793531 0.227315 0.041717 0.160185
0 831 0.631499 0.144907 0.029625 0.106481
0 832 0.759371 0.275926 0.033857 0.118519
0 833 0.712817 0.231019 0.042322 0.126852
0 834 0.662334 0.197222 0.039299 0.135185
0 835 0.601270 0.064352 0.041717 0.126852
0 836 0.646312 0.101389 0.044740 0.134259
0 837 0.694680 0.123611 0.035067 0.145370
0 838 0.803507 0.349537 0.036276 0.143519
0 839 0.783253 0.338889 0.034462 0.135185
0 840 0.759371 0.333796 0.038694 0.143519
0 841 0.745768 0.195833 0.032044 0.132407
0 842 0.717352 0.132407 0.032044 0.125926
0 843 0.934704 0.492130 0.042322 0.150926
0 844 0.632104 0.207407 0.034462 0.131481
0 845 0.906892 0.261574 0.039903 0.149074
0 846 0.904776 0.309259 0.036880 0.129630
0 847 0.876965 0.242130 0.034462 0.113889
0 848 0.851270 0.212500 0.030230 0.121296
0 851 0.766022 0.181019 0.027811 0.115741
0 852 0.789601 0.193519 0.036276 0.135185
0 853 0.659008 0.155093 0.036276 0.134259
0 854 0.790508 0.312500 0.034462 0.132407
0 856 0.523881 0.144907 0.024788 0.087963
0 857 0.579807 0.102315 0.033857 0.115741
0 858 0.966747 0.294444 0.030230 0.107407
0 859 0.594317 0.393519 0.043531 0.155556
0 860 0.620919 0.387963 0.032648 0.140741
0 861 0.425635 0.041204 0.025393 0.080556
0 862 0.743652 0.235648 0.037485 0.137963
0 863 0.568924 0.181944 0.029021 0.106481
0 864 0.720677 0.162500 0.032648 0.121296
0 866 0.751511 0.189815 0.030230 0.103704
0 874 0.490024 0.982407 0.032044 0.037037
0 875 0.276300 0.058796 0.042322 0.115741
0 878 0.172612 0.019907 0.035671 0.037963
0 879 0.230351 0.017593 0.031439 0.033333
0 881 0.165054 0.052315 0.037485 0.102778
0 882 0.193168 0.052315 0.036880 0.102778
0 892 0.427146 0.098611 0.039299 0.126852
0 904 0.487001 0.032870 0.030834 0.063889
0 908 0.515115 0.037963 0.035067 0.074074
0 917 0.648730 0.074537 0.032648 0.121296
0 918 0.680169 0.090278 0.030230 0.110185
0 919 0.703144 0.077315 0.029021 0.104630
0 920 0.652056 0.038889 0.029625 0.075926
0 921 0.660822 0.052315 0.037485 0.100926
0 922 0.908706 0.043056 0.032648 0.084259
0 928 0.880290 0.106481 0.026602 0.111111
0 934 0.941354 0.039352 0.032648 0.076852
0 940 0.908706 0.304167 0.030230 0.087963
0 948 0.657799 0.053704 0.035067 0.105556
0 949 0.690750 0.038889 0.033253 0.075926
0 951 0.902963 0.075000 0.058646 0.142593
0 1175 0.373035 0.555556 0.037485 0.148148
0 1197 0.076179 0.460185 0.039903 0.146296
0 1198 0.058948 0.506944 0.040508 0.150926
0 1200 0.033857 0.481019 0.035067 0.162037
0 1206 0.097642 0.472685 0.041717 0.143519
0 1284 0.838573 0.368981 0.039903 0.128704
0 1285 0.852479 0.352315 0.032648 0.126852
0 1306 0.257255 0.664352 0.044135 0.165741
0 1307 0.227932 0.650463 0.037485 0.165741
0 1308 0.363664 0.654630 0.039299 0.146296
0 1325 0.226723 0.568981 0.035067 0.134259
0 1326 0.230955 0.562500 0.033857 0.154630
0 1328 0.187424 0.557407 0.044740 0.148148
0 1329 0.194680 0.525463 0.044740 0.154630
0 1330 0.153567 0.537500 0.038694 0.150926
0 1343 0.369710 0.227778 0.032044 0.129630
0 1344 0.389964 0.224537 0.032648 0.126852
0 1412 0.539903 0.703704 0.047158 0.142593
0 1413 0.582225 0.707407 0.050786 0.168519
0 1444 0.262394 0.430556 0.037485 0.129630
0 1445 0.271765 0.467593 0.036880 0.148148
0 1501 0.261185 0.939815 0.041112 0.122222
0 1531 0.030834 0.702778 0.051995 0.181481
0 1549 0.312273 0.778704 0.042926 0.153704
0 1557 0.005744 0.704630 0.010278 0.164815
0 1567 0.328900 0.477778 0.035067 0.146296
0 1570 0.006651 0.562963 0.012092 0.164815
0 1573 0.818622 0.962500 0.035067 0.076852
0 1592 0.350967 0.703241 0.036880 0.154630
0 1594 0.357013 0.737037 0.044135 0.170370
0 1638 0.620314 0.699537 0.042322 0.178704
0 1639 0.668077 0.741204 0.043531 0.171296
0 1640 0.659008 0.705556 0.035067 0.133333
0 1650 0.427449 0.741667 0.049577 0.146296
0 1653 0.659311 0.648611 0.051391 0.149074
0 1655 0.451028 0.531944 0.035067 0.134259
0 1657 0.429565 0.505093 0.032044 0.137963
0 1660 0.769347 0.956481 0.046554 0.083333
0 1661 0.875151 0.940741 0.048972 0.120370
0 1667 0.837062 0.968056 0.034462 0.065741
0 1676 0.442563 0.044907 0.035067 0.087963
0 1716 0.418984 0.592130 0.042322 0.150926
0 1717 0.446796 0.568981 0.037485 0.150926
0 1741 0.993954 0.360648 0.012092 0.115741
0 1743 0.973398 0.410185 0.041112 0.146296
0 1776 0.241536 0.624074 0.036880 0.146296
0 1777 0.293531 0.600000 0.038089 0.151852
0 1778 0.290508 0.651852 0.032044 0.174074
0 1779 0.337969 0.379167 0.033857 0.126852
0 1780 0.322249 0.408796 0.043531 0.149074
0 1781 0.343712 0.394444 0.036880 0.129630
0 1782 0.303204 0.376389 0.036880 0.143519
0 1798 0.654172 0.596296 0.047158 0.157407
0 1799 0.409311 0.462500 0.037485 0.143519
0 1800 0.648730 0.557407 0.037485 0.151852
0 1806 0.622128 0.641204 0.042322 0.137963
0 1809 0.122733 0.898611 0.053204 0.173148
0 1824 0.753930 0.737963 0.049577 0.174074
0 1833 0.069528 0.925463 0.050786 0.143519
0 1834 0.105502 0.957407 0.041717 0.087037
0 1835 0.054414 0.970370 0.038694 0.059259
0 1838 0.782648 0.733333 0.041717 0.159259
0 1848 0.912636 0.837963 0.046554 0.181481
0 1850 0.876663 0.904167 0.055623 0.165741
0 1852 0.951935 0.801389 0.046554 0.171296
0 1856 0.991233 0.284259 0.016324 0.148148
0 1857 0.840992 0.189352 0.031439 0.128704
0 1858 0.798972 0.615741 0.057437 0.159259
0 1859 0.723700 0.800463 0.045949 0.173148
0 1860 0.758464 0.794907 0.048972 0.162037
0 1862 0.469166 0.423148 0.037485 0.129630
0 1863 0.499093 0.466667 0.036880 0.146296
0 1865 0.707981 0.499537 0.039903 0.149074
0 1866 0.665054 0.481019 0.053204 0.156481
0 1868 0.093108 0.588889 0.058041 0.155556
0 1869 0.049577 0.598148 0.051995 0.142593
0 1893 0.744256 0.628704 0.054414 0.153704
0 1894 0.873942 0.649074 0.034462 0.135185
0 1895 0.898730 0.650926 0.041717 0.159259
0 1896 0.804111 0.507407 0.041112 0.140741
0 1897 0.728235 0.329630 0.034462 0.135185
0 1898 0.938936 0.631944 0.047158 0.167593
0 1899 0.280532 0.346296 0.038694 0.138889
0 1900 0.326784 0.324074 0.034462 0.142593
0 1901 0.299274 0.305556 0.030230 0.151852
0 1904 0.968561 0.355556 0.037485 0.131481
0 1906 0.319226 0.350000 0.036276 0.118519
0 1912 0.695889 0.422685 0.036276 0.154630
0 1913 0.839480 0.512037 0.042926 0.146296
0 1914 0.938936 0.368981 0.036276 0.145370
0 1915 0.954353 0.601852 0.029625 0.129630
0 1916 0.845224 0.595370 0.049577 0.157407
0 1920 0.906892 0.634259 0.035067 0.118519
0 1922 0.589782 0.966204 0.041717 0.069444
0 1930 0.560762 0.981481 0.039299 0.037037
0 1932 0.368198 0.959722 0.041112 0.082407
0 1933 0.419589 0.917593 0.058041 0.166667
0 1934 0.449819 0.913426 0.053204 0.163889
