0 785 0.005744 0.234259 0.010278 0.135185
0 786 0.018440 0.239352 0.035671 0.141667
0 787 0.040508 0.237500 0.037485 0.137963
0 788 0.015417 0.200926 0.029625 0.135185
0 789 0.068319 0.212963 0.042322 0.142593
0 790 0.076784 0.165278 0.043531 0.128704
0 791 0.552297 0.639815 0.032044 0.135185
0 792 0.143289 0.195833 0.038694 0.130556
0 793 0.498489 0.107870 0.033253 0.123148
0 794 0.520556 0.101852 0.030230 0.118519
0 795 0.688936 0.443981 0.038089 0.143519
0 796 0.515719 0.616204 0.045949 0.150926
0 797 0.552297 0.381944 0.036880 0.145370
0 798 0.511487 0.393981 0.049577 0.160185
0 799 0.801391 0.480556 0.036880 0.144444
0 800 0.837969 0.471296 0.037485 0.148148
0 801 0.531137 0.152778 0.041717 0.129630
0 802 0.565296 0.184722 0.033857 0.125000
0 803 0.709492 0.357870 0.035671 0.136111
0 804 0.680169 0.362037 0.041112 0.168519
0 805 0.637243 0.344907 0.032648 0.112037
0 807 0.971886 0.108796 0.034462 0.121296
0 808 0.951028 0.115278 0.033857 0.130556
0 809 0.906892 0.096296 0.037485 0.140741
0 810 0.579807 0.123148 0.030230 0.107407
0 814 0.948609 0.275926 0.039903 0.150000
0 815 0.984583 0.301389 0.025998 0.108333
0 816 0.944680 0.234722 0.038089 0.145370
0 817 0.955865 0.307870 0.037485 0.143519
0 818 0.915357 0.231944 0.032648 0.134259
0 819 0.550181 0.089815 0.035067 0.135185
0 820 0.563180 0.068519 0.034462 0.129630
0 821 0.912938 0.517593 0.038694 0.135185
0 824 0.600363 0.182407 0.032648 0.124074
0 825 0.603688 0.164815 0.033253 0.138889
0 826 0.605200 0.200926 0.036276 0.127778
0 827 0.752418 0.163426 0.030834 0.121296
0 828 0.780532 0.293981 0.058041 0.162037
0 829 0.813785 0.251389 0.039903 0.139815
0 830 0.791717 0.231019 0.041717 0.160185
0 831 0.631197 0.148148 0.029021 0.107407
0 832 0.756348 0.280556 0.033857 0.120370
0 833 0.710097 0.234722 0.041717 0.126852
0 834 0.662031 0.200926 0.039903 0.135185
0 835 0.598851 0.066204 0.041717 0.130556
0 836 0.646010 0.104167 0.045345 0.134259
0 837 0.695889 0.126389 0.035067 0.145370
0 838 0.804716 0.352315 0.036276 0.143519
0 839 0.783857 0.343056 0.034462 0.136111
0 840 0.761185 0.337963 0.038694 0.144444
0 841 0.744559 0.196759 0.032044 0.132407
0 842 0.719468 0.135648 0.032648 0.126852
0 843 0.938936 0.498611 0.042322 0.152778
0 844 0.631802 0.209259 0.035067 0.131481
0 845 0.907195 0.263889 0.039299 0.148148
0 846 0.904474 0.311111 0.036276 0.129630
0 847 0.878779 0.244907 0.034462 0.115741
0 848 0.847037 0.215278 0.030230 0.121296
0 851 0.766626 0.183796 0.027811 0.115741
0 852 0.787485 0.197222 0.036880 0.137037
0 853 0.658706 0.157870 0.036880 0.134259
0 854 0.790508 0.315278 0.034462 0.132407
0 856 0.523881 0.147685 0.024788 0.087963
0 857 0.579807 0.104167 0.033857 0.115741
0 858 0.966747 0.297222 0.030230 0.107407
0 859 0.597944 0.397685 0.043531 0.156481
0 860 0.624244 0.392593 0.030834 0.140741
0 861 0.424728 0.042130 0.024788 0.082407
0 862 0.740931 0.237963 0.038089 0.138889
0 863 0.568319 0.183796 0.029021 0.106481
0 864 0.719166 0.165278 0.032044 0.121296
0 866 0.752721 0.191667 0.030230 0.103704
0 874 0.501209 0.985185 0.032648 0.031481
0 875 0.273277 0.060648 0.042322 0.119444
0 878 0.171705 0.020833 0.035067 0.039815
0 879 0.228537 0.018981 0.031439 0.036111
0 881 0.165054 0.053704 0.037485 0.105556
0 882 0.193470 0.053704 0.037485 0.105556
0 892 0.424123 0.103241 0.039299 0.126852
0 904 0.486397 0.035185 0.030834 0.068519
0 908 0.514510 0.038426 0.035067 0.075000
0 917 0.649940 0.077315 0.032648 0.121296
0 918 0.681983 0.093056 0.030230 0.110185
0 919 0.705260 0.080093 0.029625 0.104630
0 920 0.651753 0.040741 0.029021 0.079630
0 921 0.662031 0.055093 0.037485 0.106481
0 922 0.911427 0.038889 0.032044 0.075926
0 928 0.878476 0.109722 0.026602 0.112037
0 930 0.967654 0.038889 0.036880 0.075926
0 934 0.941657 0.043519 0.032044 0.085185
0 940 0.908706 0.306944 0.030230 0.087963
0 948 0.660520 0.055093 0.034462 0.108333
0 949 0.689238 0.040741 0.035067 0.079630
0 951 0.902056 0.077778 0.059250 0.146296
0 1175 0.373035 0.555556 0.037485 0.148148
0 1197 0.076179 0.460185 0.039903 0.146296
0 1198 0.058646 0.506944 0.041112 0.150926
0 1200 0.033253 0.481019 0.035067 0.162037
0 1206 0.097944 0.472685 0.041112 0.145370
0 1284 0.838573 0.368981 0.039903 0.128704
0 1285 0.852479 0.352315 0.032648 0.126852
0 1306 0.257255 0.663426 0.044135 0.165741
0 1307 0.227025 0.650463 0.036880 0.165741
0 1308 0.363664 0.654630 0.039299 0.146296
0 1325 0.226723 0.568981 0.035067 0.134259
0 1326 0.230955 0.561574 0.033857 0.154630
0 1328 0.187424 0.556481 0.044740 0.148148
0 1329 0.194075 0.525463 0.044740 0.154630
0 1330 0.153265 0.536574 0.038089 0.150926
0 1343 0.369710 0.227778 0.032044 0.129630
0 1344 0.389964 0.224537 0.032648 0.126852
0 1412 0.539903 0.709259 0.047158 0.142593
0 1413 0.582830 0.713426 0.050786 0.169444
0 1444 0.263603 0.431481 0.037485 0.129630
0 1445 0.271765 0.468056 0.036880 0.147222
0 1501 0.261185 0.939352 0.041112 0.123148
0 1531 0.026602 0.706944 0.051995 0.180556
0 1549 0.312273 0.779630 0.042926 0.153704
0 1557 0.003930 0.708333 0.006651 0.164815
0 1567 0.329504 0.477778 0.035067 0.146296
0 1570 0.005744 0.562037 0.010278 0.162963
0 1573 0.826179 0.965741 0.035671 0.070370
0 1592 0.350967 0.703241 0.036880 0.154630
0 1594 0.356409 0.737500 0.044135 0.169444
0 1638 0.620919 0.702315 0.042322 0.178704
0 1639 0.668077 0.743981 0.043531 0.171296
0 1640 0.660822 0.707870 0.035067 0.134259
0 1650 0.427449 0.742593 0.049577 0.146296
0 1653 0.658706 0.647685 0.051391 0.149074
0 1655 0.450726 0.531019 0.035671 0.134259
0 1657 0.429565 0.506019 0.032044 0.137963
0 1660 0.775998 0.960185 0.046554 0.075926
0 1661 0.881802 0.943519 0.048972 0.114815
0 1667 0.844015 0.972222 0.035067 0.057407
0 1676 0.442563 0.046759 0.035067 0.091667
0 1716 0.419287 0.592130 0.041717 0.150926
0 1717 0.446796 0.568056 0.037485 0.150926
0 1741 0.993954 0.360185 0.012092 0.114815
0 1743 0.973398 0.412037 0.041112 0.146296
0 1776 0.241536 0.624074 0.036880 0.146296
0 1777 0.293531 0.600000 0.038089 0.151852
0 1778 0.290508 0.651852 0.032044 0.174074
0 1779 0.337364 0.379167 0.033857 0.126852
0 1780 0.321644 0.408796 0.043531 0.149074
0 1781 0.343108 0.395370 0.036880 0.129630
0 1782 0.303204 0.376389 0.036880 0.143519
0 1798 0.655985 0.600463 0.047158 0.158333
0 1799 0.409311 0.462500 0.037485 0.143519
0 1800 0.655985 0.562037 0.037485 0.151852
0 1806 0.625151 0.645833 0.042322 0.137963
0 1809 0.122128 0.905556 0.053204 0.170370
0 1824 0.755744 0.744444 0.049577 0.174074
0 1833 0.068319 0.929630 0.050786 0.137037
0 1834 0.105200 0.962037 0.043531 0.077778
0 1835 0.053809 0.974074 0.036276 0.051852
0 1838 0.785369 0.739352 0.042322 0.160185
0 1848 0.913241 0.843519 0.046554 0.181481
0 1850 0.876663 0.908796 0.055623 0.160185
0 1852 0.953446 0.806019 0.045949 0.171296
0 1856 0.990629 0.284259 0.017533 0.148148
0 1857 0.840992 0.189352 0.031439 0.128704
0 1858 0.798368 0.621296 0.058646 0.161111
0 1859 0.724305 0.808796 0.045949 0.175000
0 1860 0.759069 0.804167 0.048972 0.163889
0 1862 0.470375 0.426852 0.037485 0.129630
0 1863 0.500302 0.469907 0.036880 0.147222
0 1865 0.709492 0.506019 0.039299 0.150926
0 1866 0.666868 0.487037 0.053204 0.157407
0 1868 0.091294 0.595370 0.058041 0.157407
0 1869 0.047461 0.602778 0.051391 0.142593
0 1893 0.742443 0.635185 0.054414 0.153704
0 1894 0.871524 0.652778 0.038089 0.135185
0 1895 0.897521 0.656481 0.041717 0.159259
0 1896 0.801693 0.510185 0.041112 0.140741
0 1897 0.729141 0.333333 0.035067 0.135185
0 1898 0.938936 0.637500 0.047158 0.167593
0 1899 0.283857 0.346296 0.039299 0.138889
0 1900 0.328597 0.324074 0.034462 0.142593
0 1901 0.302902 0.306481 0.030230 0.151852
0 1904 0.968561 0.356481 0.037485 0.131481
0 1906 0.321040 0.349074 0.036276 0.118519
0 1912 0.703144 0.425463 0.036276 0.154630
0 1913 0.838875 0.515741 0.042926 0.146296
0 1914 0.939541 0.370833 0.036276 0.143519
0 1915 0.953748 0.606481 0.029625 0.129630
0 1916 0.844619 0.600000 0.049577 0.157407
0 1920 0.908102 0.639815 0.035067 0.118519
0 1922 0.600060 0.968056 0.041717 0.065741
0 1932 0.379081 0.960648 0.041112 0.080556
0 1933 0.428658 0.919907 0.058041 0.162037
0 1934 0.456771 0.915278 0.053809 0.162037
