0 785 0.011185 0.225926 0.021161 0.135185
0 786 0.030834 0.230093 0.041112 0.139815
0 787 0.050181 0.224537 0.037485 0.137963
0 788 0.021765 0.191667 0.042322 0.135185
0 789 0.080713 0.201852 0.034462 0.142593
0 790 0.082830 0.155093 0.043531 0.128704
0 791 0.558041 0.618519 0.030230 0.135185
0 792 0.155985 0.188889 0.038694 0.127778
0 793 0.498791 0.099074 0.032648 0.120370
0 794 0.521765 0.095370 0.030230 0.118519
0 795 0.668682 0.434722 0.037485 0.143519
0 796 0.515115 0.595370 0.045949 0.148148
0 797 0.550181 0.368519 0.035067 0.142593
0 798 0.507255 0.382870 0.049577 0.160185
0 799 0.788996 0.466204 0.038694 0.143519
0 800 0.824667 0.456019 0.038694 0.143519
0 801 0.534160 0.147222 0.040508 0.129630
0 802 0.567715 0.178704 0.033857 0.127778
0 803 0.702842 0.341667 0.034462 0.129630
0 804 0.674426 0.349074 0.041717 0.166667
0 805 0.633615 0.333796 0.032648 0.112037
0 806 0.988815 0.098611 0.021161 0.117593
0 807 0.967956 0.100000 0.035067 0.118519
0 808 0.950423 0.106481 0.033857 0.129630
0 809 0.911125 0.087963 0.036276 0.140741
0 810 0.584341 0.120833 0.030834 0.106481
0 814 0.951330 0.268981 0.039299 0.149074
0 815 0.980048 0.301389 0.031439 0.115741
0 816 0.943470 0.227315 0.039299 0.145370
0 817 0.948005 0.306019 0.037485 0.143519
0 818 0.915357 0.225463 0.032648 0.134259
0 819 0.550181 0.083333 0.035067 0.135185
0 820 0.566505 0.064815 0.035067 0.127778
0 821 0.901753 0.504630 0.032044 0.135185
0 822 0.969770 0.477315 0.041112 0.154630
0 824 0.600665 0.176852 0.032044 0.124074
0 825 0.603990 0.153241 0.032648 0.134259
0 826 0.605200 0.195370 0.036276 0.127778
0 827 0.758162 0.154630 0.030230 0.120370
0 828 0.788996 0.286574 0.055623 0.162037
0 829 0.821040 0.243981 0.039903 0.139815
0 830 0.797158 0.222685 0.041717 0.160185
0 831 0.632709 0.139352 0.029625 0.106481
0 832 0.764208 0.269907 0.033857 0.115741
0 833 0.717352 0.225463 0.042926 0.126852
0 834 0.662334 0.193519 0.039299 0.135185
0 835 0.604897 0.061574 0.041717 0.121296
0 836 0.646614 0.097685 0.044135 0.134259
0 837 0.692563 0.118981 0.034462 0.145370
0 838 0.802297 0.344907 0.036276 0.143519
0 839 0.781137 0.333333 0.033857 0.135185
0 840 0.756348 0.326852 0.038694 0.140741
0 841 0.747582 0.194907 0.032044 0.132407
0 842 0.714329 0.127315 0.032044 0.125000
0 843 0.926542 0.484722 0.041717 0.150926
0 844 0.633313 0.203704 0.033253 0.131481
0 845 0.905985 0.258333 0.039299 0.148148
0 846 0.904172 0.304630 0.036880 0.129630
0 847 0.876058 0.237037 0.033857 0.112963
0 848 0.857920 0.207870 0.030230 0.121296
0 851 0.764813 0.176852 0.027811 0.116667
0 852 0.792019 0.187500 0.036276 0.132407
0 853 0.659008 0.150463 0.036276 0.134259
0 854 0.789903 0.308796 0.034462 0.132407
0 856 0.525091 0.142130 0.024788 0.087963
0 857 0.580109 0.098611 0.033253 0.115741
0 858 0.968259 0.290741 0.029625 0.107407
0 859 0.588875 0.387500 0.043531 0.154630
0 860 0.616082 0.379630 0.035067 0.140741
0 861 0.426844 0.039815 0.025393 0.077778
0 862 0.747279 0.231019 0.037485 0.137963
0 863 0.569528 0.178704 0.029021 0.105556
0 864 0.724002 0.159259 0.033253 0.120370
0 866 0.749093 0.186574 0.030230 0.102778
0 874 0.472189 0.980556 0.031439 0.040741
0 875 0.281741 0.056019 0.042322 0.110185
0 879 0.233978 0.015278 0.031439 0.028704
0 881 0.165659 0.050000 0.037485 0.098148
0 882 0.192866 0.049537 0.036276 0.097222
0 892 0.431983 0.090741 0.039299 0.125926
0 904 0.487908 0.029167 0.030230 0.056481
0 908 0.515115 0.037037 0.035067 0.072222
0 917 0.647521 0.071759 0.032648 0.121296
0 918 0.677751 0.085648 0.030230 0.110185
0 919 0.699214 0.071759 0.029625 0.104630
0 920 0.652358 0.035185 0.030230 0.068519
0 921 0.658404 0.046759 0.037485 0.091667
0 922 0.908404 0.031944 0.030834 0.062037
0 928 0.883313 0.101389 0.026602 0.110185
0 940 0.908706 0.299537 0.030230 0.087963
0 948 0.655381 0.051389 0.033857 0.100926
0 949 0.693168 0.036111 0.030834 0.070370
0 951 0.905381 0.071296 0.057437 0.137037
0 1175 0.373035 0.556481 0.037485 0.148148
0 1197 0.076179 0.460185 0.039903 0.146296
0 1198 0.058948 0.507870 0.040508 0.150926
0 1200 0.033857 0.481944 0.035067 0.162037
0 1206 0.097642 0.473611 0.041717 0.141667
0 1284 0.838573 0.368981 0.039903 0.128704
0 1285 0.853083 0.353241 0.032648 0.126852
0 1306 0.257860 0.665278 0.044135 0.165741
0 1307 0.227932 0.651389 0.037485 0.167593
0 1308 0.364268 0.655556 0.039299 0.146296
0 1325 0.227025 0.569907 0.034462 0.134259
0 1326 0.231560 0.563426 0.033857 0.154630
0 1328 0.186820 0.558333 0.044740 0.148148
0 1329 0.194680 0.525463 0.044740 0.154630
0 1330 0.153869 0.537500 0.039299 0.150926
0 1343 0.369710 0.227778 0.032044 0.129630
0 1344 0.389964 0.224537 0.032648 0.126852
0 1412 0.539903 0.694444 0.047158 0.142593
0 1413 0.581620 0.698611 0.050786 0.167593
0 1444 0.259976 0.428704 0.037485 0.129630
0 1445 0.271765 0.466667 0.036880 0.148148
0 1501 0.261185 0.940278 0.041112 0.121296
0 1531 0.036880 0.696296 0.051995 0.181481
0 1549 0.312576 0.778704 0.043531 0.153704
0 1557 0.008767 0.699074 0.016324 0.164815
0 1567 0.326481 0.479630 0.035067 0.146296
0 1570 0.007860 0.565278 0.014510 0.165741
0 1573 0.806227 0.956944 0.034462 0.087963
0 1592 0.350967 0.703241 0.036880 0.154630
0 1594 0.357013 0.737037 0.044135 0.170370
0 1638 0.619710 0.694907 0.042322 0.178704
0 1639 0.668077 0.738426 0.043531 0.171296
0 1640 0.656590 0.701389 0.035067 0.132407
0 1650 0.427449 0.741667 0.049577 0.146296
0 1653 0.660822 0.650926 0.051995 0.148148
0 1655 0.451330 0.533796 0.034462 0.134259
0 1657 0.430169 0.505093 0.032044 0.137963
0 1660 0.758767 0.950926 0.045949 0.096296
0 1661 0.863966 0.935185 0.049577 0.131481
0 1667 0.825272 0.961574 0.033857 0.078704
0 1668 0.881197 0.981481 0.029625 0.035185
0 1676 0.442563 0.042593 0.035067 0.083333
0 1716 0.418380 0.592130 0.043531 0.150926
0 1717 0.447400 0.569907 0.037485 0.150926
0 1741 0.993652 0.360648 0.012696 0.115741
0 1743 0.972793 0.407407 0.041112 0.146296
0 1776 0.242140 0.625000 0.036880 0.146296
0 1777 0.293833 0.599074 0.037485 0.151852
0 1778 0.291112 0.651852 0.032044 0.174074
0 1779 0.337969 0.379167 0.033857 0.126852
0 1780 0.322249 0.409722 0.043531 0.149074
0 1781 0.344317 0.394444 0.036880 0.129630
0 1782 0.303204 0.377315 0.036880 0.143519
0 1798 0.649940 0.589815 0.047158 0.157407
0 1799 0.409311 0.462500 0.037485 0.143519
0 1800 0.639057 0.550000 0.037485 0.151852
0 1806 0.619105 0.634722 0.042322 0.137963
0 1809 0.123640 0.887037 0.053809 0.175926
0 1824 0.750907 0.727778 0.049577 0.174074
0 1833 0.071947 0.917593 0.050786 0.153704
0 1834 0.104595 0.950463 0.041112 0.100926
0 1835 0.056227 0.965278 0.041112 0.071296
0 1838 0.778416 0.722222 0.041717 0.157407
0 1848 0.912031 0.827315 0.046554 0.182407
0 1850 0.876360 0.896296 0.056227 0.172222
0 1852 0.949516 0.793056 0.046554 0.171296
0 1856 0.992140 0.284259 0.014510 0.148148
0 1857 0.840992 0.189352 0.031439 0.128704
0 1858 0.800484 0.606019 0.054414 0.156481
0 1859 0.722491 0.787500 0.045949 0.169444
0 1860 0.757557 0.785185 0.047158 0.162963
0 1862 0.467352 0.416667 0.037485 0.129630
0 1863 0.497884 0.460648 0.036880 0.145370
0 1865 0.705562 0.490278 0.039903 0.147222
0 1866 0.664450 0.473611 0.053204 0.156481
0 1868 0.095526 0.578241 0.058041 0.152778
0 1869 0.052902 0.590741 0.051391 0.142593
0 1893 0.746070 0.617593 0.051995 0.153704
0 1894 0.876965 0.640741 0.034462 0.135185
0 1895 0.900544 0.641667 0.041717 0.159259
0 1896 0.807739 0.503704 0.041112 0.140741
0 1897 0.726119 0.322222 0.033857 0.135185
0 1898 0.938936 0.621759 0.047158 0.167593
0 1899 0.275091 0.346296 0.038694 0.137037
0 1900 0.324063 0.324074 0.033857 0.142593
0 1901 0.294740 0.306481 0.030834 0.151852
0 1904 0.969166 0.353704 0.037485 0.131481
0 1906 0.316203 0.350926 0.036276 0.118519
0 1912 0.683192 0.418519 0.035067 0.153704
0 1913 0.840689 0.505556 0.041717 0.146296
0 1914 0.937727 0.365741 0.036276 0.146296
0 1915 0.954958 0.594444 0.029625 0.129630
0 1916 0.847037 0.588889 0.049577 0.157407
0 1920 0.906892 0.625000 0.035067 0.118519
0 1922 0.573458 0.962500 0.041717 0.076852
0 1930 0.551391 0.978241 0.038694 0.043519
0 1932 0.350665 0.958796 0.041112 0.084259
0 1933 0.404474 0.913889 0.058041 0.174074
0 1934 0.438331 0.909722 0.051995 0.165741
