0 782 0.038089 0.294444 0.044740 0.146296
0 783 0.022370 0.151852 0.043531 0.140741
0 784 0.077690 0.284259 0.039299 0.138889
0 785 0.102479 0.159259 0.036880 0.131481
0 786 0.150544 0.160648 0.033857 0.128704
0 787 0.172612 0.151852 0.039299 0.135185
0 788 0.102781 0.116667 0.038694 0.135185
0 789 0.154172 0.111111 0.035067 0.131481
0 790 0.124547 0.069907 0.042322 0.128704
0 791 0.524184 0.448611 0.029021 0.128704
0 792 0.282950 0.150463 0.039903 0.123148
0 793 0.506651 0.055093 0.032648 0.108333
0 794 0.525998 0.049074 0.027811 0.096296
0 795 0.486397 0.369444 0.044135 0.137037
0 796 0.496675 0.438889 0.039299 0.151852
0 797 0.515115 0.277778 0.033857 0.125926
0 798 0.474909 0.280093 0.036880 0.136111
0 799 0.661125 0.347222 0.036880 0.140741
0 800 0.692563 0.345833 0.038089 0.132407
0 801 0.549274 0.090278 0.036880 0.121296
0 802 0.577690 0.135185 0.029625 0.122222
0 803 0.662031 0.243519 0.035067 0.122222
0 804 0.623337 0.238426 0.038694 0.137963
0 805 0.587666 0.236111 0.027811 0.112963
0 806 0.972491 0.044444 0.029625 0.087037
0 807 0.944982 0.046296 0.032648 0.090741
0 808 0.922612 0.046759 0.033857 0.091667
0 809 0.876965 0.041204 0.033253 0.080556
0 810 0.576784 0.104167 0.027811 0.106481
0 811 0.961608 0.308333 0.032044 0.140741
0 812 0.975212 0.295370 0.032648 0.120370
0 814 0.972189 0.213426 0.039903 0.149074
0 815 0.935611 0.270833 0.032044 0.134259
0 816 0.941959 0.177315 0.030230 0.143519
0 817 0.914148 0.257870 0.037485 0.143519
0 818 0.905985 0.175926 0.032044 0.135185
0 819 0.556530 0.050926 0.034462 0.100000
0 820 0.594317 0.037500 0.029021 0.073148
0 821 0.776300 0.390741 0.032648 0.131481
0 822 0.817715 0.398148 0.039299 0.125926
0 823 0.840689 0.406944 0.030834 0.132407
0 824 0.607618 0.125926 0.029021 0.120370
0 825 0.608222 0.116204 0.031439 0.126852
0 826 0.620314 0.141667 0.037485 0.120370
0 827 0.885732 0.135185 0.032648 0.120370
0 828 0.877267 0.236574 0.045949 0.143519
0 829 0.882104 0.214815 0.039903 0.140741
0 830 0.851270 0.160185 0.039903 0.146296
0 831 0.632406 0.105093 0.026602 0.112037
0 832 0.851270 0.237037 0.030230 0.114815
0 833 0.795647 0.198611 0.037485 0.126852
0 834 0.674123 0.137500 0.038694 0.125000
0 835 0.635429 0.038889 0.042322 0.075926
0 836 0.648126 0.062037 0.039903 0.122222
0 837 0.680169 0.055093 0.035067 0.108333
0 838 0.800484 0.279630 0.036276 0.135185
0 839 0.781137 0.261111 0.027811 0.129630
0 840 0.751511 0.262963 0.035067 0.146296
0 841 0.757860 0.147685 0.029625 0.132407
0 842 0.704353 0.066667 0.030230 0.120370
0 843 0.795042 0.381019 0.038694 0.149074
0 844 0.642382 0.142593 0.032044 0.124074
0 845 0.920798 0.217130 0.039903 0.149074
0 846 0.943773 0.240278 0.035067 0.121296
0 847 0.879081 0.189815 0.035067 0.112963
0 848 0.909311 0.132407 0.037485 0.120370
0 851 0.719166 0.147685 0.039299 0.121296
0 852 0.737606 0.125000 0.032648 0.131481
0 853 0.659915 0.106944 0.036880 0.134259
0 854 0.808343 0.253704 0.033857 0.131481
0 856 0.556530 0.100000 0.023579 0.085185
0 857 0.586457 0.084259 0.030230 0.114815
0 858 0.991536 0.240741 0.016929 0.107407
0 859 0.488815 0.311574 0.045345 0.143519
0 860 0.516324 0.312500 0.031439 0.132407
0 861 0.425030 0.031944 0.025393 0.062037
0 862 0.823156 0.192593 0.036880 0.129630
0 863 0.574063 0.130093 0.029625 0.100926
0 864 0.857618 0.145370 0.029625 0.120370
0 866 0.707074 0.151852 0.027207 0.098148
0 917 0.659613 0.028241 0.032648 0.054630
0 919 0.735187 0.031944 0.025393 0.062037
0 928 0.860943 0.040741 0.026602 0.079630
0 940 0.912334 0.233333 0.027811 0.079630
0 951 0.874849 0.028241 0.045949 0.054630
0 1175 0.377267 0.584259 0.037485 0.148148
0 1197 0.068622 0.479630 0.035671 0.146296
0 1198 0.061669 0.525463 0.039903 0.149074
0 1200 0.026904 0.505556 0.039299 0.151852
0 1206 0.093410 0.507870 0.041717 0.154630
0 1284 0.841596 0.393519 0.039903 0.129630
0 1285 0.856711 0.374537 0.032648 0.126852
0 1306 0.263301 0.691204 0.044135 0.165741
0 1307 0.233374 0.674537 0.037485 0.165741
0 1308 0.362757 0.677315 0.050786 0.145370
0 1325 0.229141 0.599074 0.035067 0.135185
0 1326 0.234281 0.588426 0.032044 0.154630
0 1328 0.189238 0.579167 0.043531 0.145370
0 1329 0.198005 0.541204 0.044135 0.154630
0 1330 0.153567 0.569444 0.044740 0.144444
0 1343 0.373942 0.256944 0.032044 0.126852
0 1344 0.396614 0.261574 0.041112 0.126852
0 1412 0.561669 0.582407 0.047158 0.137037
0 1413 0.621524 0.599074 0.050786 0.162963
0 1444 0.250907 0.412037 0.039903 0.129630
0 1445 0.249698 0.451389 0.037485 0.149074
0 1501 0.264510 0.949537 0.041717 0.102778
0 1531 0.103688 0.582870 0.048972 0.173148
0 1549 0.306530 0.800463 0.047158 0.162037
0 1557 0.098549 0.631944 0.042322 0.165741
0 1567 0.333132 0.500926 0.035067 0.146296
0 1570 0.068924 0.642130 0.043531 0.160185
0 1573 0.651149 0.833333 0.036276 0.140741
0 1592 0.355502 0.722222 0.036276 0.153704
0 1594 0.360036 0.756944 0.044135 0.171296
0 1638 0.599456 0.659259 0.041717 0.162963
0 1639 0.620919 0.695370 0.041112 0.162963
0 1640 0.647219 0.669907 0.034462 0.132407
0 1650 0.431681 0.762963 0.049577 0.146296
0 1653 0.683797 0.697222 0.047158 0.140741
0 1654 0.112152 0.824537 0.044135 0.165741
0 1655 0.453748 0.562037 0.032044 0.135185
0 1657 0.435006 0.531019 0.032044 0.137963
0 1660 0.587364 0.824074 0.047763 0.153704
0 1661 0.707376 0.814352 0.061669 0.162037
0 1667 0.659613 0.825463 0.039903 0.123148
0 1668 0.706469 0.875463 0.035671 0.139815
0 1676 0.431378 0.035648 0.034462 0.069444
0 1713 0.823761 0.960648 0.047763 0.078704
0 1714 0.847944 0.960648 0.035671 0.080556
0 1716 0.424123 0.617593 0.046554 0.148148
0 1717 0.446191 0.585185 0.035067 0.151852
0 1719 0.121524 0.908796 0.048368 0.154630
0 1721 0.621524 0.920370 0.045949 0.161111
0 1722 0.652660 0.922685 0.048972 0.150926
0 1723 0.078597 0.919907 0.044740 0.152778
0 1737 0.010278 0.516204 0.019347 0.156481
0 1741 0.987304 0.357870 0.025393 0.119444
0 1742 0.980048 0.407407 0.038694 0.142593
0 1743 0.959794 0.372222 0.039299 0.146296
0 1771 0.606106 0.936111 0.047763 0.127778
0 1772 0.564087 0.936111 0.038694 0.129630
0 1776 0.243954 0.651852 0.036880 0.146296
0 1777 0.295345 0.620370 0.042926 0.151852
0 1778 0.296856 0.668519 0.035067 0.172222
0 1779 0.333132 0.400463 0.033857 0.128704
0 1780 0.320133 0.436111 0.042926 0.148148
0 1781 0.348851 0.422222 0.037485 0.129630
0 1782 0.305320 0.391667 0.037485 0.146296
0 1784 0.955865 0.446296 0.037485 0.137037
0 1785 0.984583 0.443056 0.029625 0.132407
0 1798 0.566505 0.518056 0.039903 0.156481
0 1799 0.411729 0.482870 0.037485 0.143519
0 1800 0.509674 0.491667 0.037485 0.151852
0 1806 0.571342 0.542593 0.039903 0.140741
0 1809 0.139057 0.770370 0.043531 0.172222
0 1821 0.068622 0.386111 0.032044 0.133333
0 1822 0.051693 0.368056 0.036880 0.143519
0 1823 0.003628 0.352315 0.006046 0.160185
0 1824 0.702237 0.588426 0.048972 0.154630
0 1828 0.754232 0.987037 0.030834 0.027778
0 1829 0.706771 0.968519 0.043531 0.064815
0 1830 0.024184 0.362037 0.036276 0.133333
0 1831 0.691657 0.919907 0.048368 0.150926
0 1832 0.734583 0.912037 0.045949 0.161111
0 1833 0.082830 0.790278 0.044740 0.160185
0 1834 0.100665 0.847685 0.036880 0.162037
0 1835 0.056832 0.852315 0.042322 0.150926
0 1838 0.726421 0.591204 0.039299 0.154630
0 1842 0.802297 0.924074 0.050786 0.153704
0 1848 0.892382 0.804167 0.041112 0.180556
0 1849 0.848247 0.914815 0.045949 0.166667
0 1850 0.865780 0.853241 0.045949 0.184259
0 1852 0.892684 0.736574 0.039299 0.165741
0 1856 0.992443 0.296759 0.013906 0.149074
0 1857 0.842805 0.205093 0.031439 0.128704
0 1858 0.839782 0.498148 0.051995 0.148148
0 1859 0.723096 0.633796 0.041112 0.160185
0 1860 0.763906 0.629167 0.044135 0.156481
0 1862 0.431681 0.392593 0.029021 0.127778
0 1863 0.460097 0.398611 0.035067 0.132407
0 1864 0.883313 0.585648 0.042322 0.156481
0 1865 0.676542 0.387500 0.039903 0.143519
0 1866 0.634220 0.371296 0.054414 0.151852
0 1868 0.139057 0.472685 0.050786 0.145370
0 1869 0.127570 0.506019 0.049577 0.137963
0 1873 0.013301 0.456481 0.025393 0.148148
0 1877 0.010580 0.660648 0.019952 0.165741
0 1878 0.024788 0.677315 0.043531 0.163889
0 1885 0.015719 0.411574 0.030230 0.143519
0 1893 0.789299 0.494444 0.044135 0.146296
0 1894 0.887545 0.529167 0.041112 0.128704
0 1895 0.923216 0.530556 0.035067 0.157407
0 1896 0.851572 0.453704 0.041717 0.140741
0 1897 0.737304 0.244444 0.029625 0.125926
0 1898 0.942866 0.503241 0.044135 0.156481
0 1899 0.176844 0.355556 0.039299 0.129630
0 1900 0.233978 0.351852 0.044740 0.140741
0 1901 0.206167 0.333333 0.030230 0.137037
0 1904 0.943773 0.321759 0.035067 0.132407
0 1906 0.221886 0.384259 0.036276 0.118519
0 1912 0.512092 0.356019 0.033857 0.145370
0 1913 0.883313 0.442593 0.042322 0.140741
0 1914 0.934099 0.344444 0.037485 0.137037
0 1915 0.979141 0.499537 0.032044 0.132407
0 1916 0.873640 0.491204 0.043531 0.139815
0 1920 0.911729 0.504167 0.035067 0.115741
0 1921 0.667170 0.977778 0.034462 0.046296
0 1922 0.326481 0.955556 0.047158 0.090741
0 1926 0.859734 0.602778 0.039903 0.148148
0 1930 0.286276 0.983333 0.029625 0.035185
0 1932 0.132406 0.938426 0.045949 0.125000
0 1933 0.201330 0.878241 0.059250 0.182407
0 1934 0.241233 0.835648 0.053204 0.147222
