0 781 0.003325 0.302778 0.005441 0.140741
0 782 0.040810 0.292130 0.044135 0.145370
0 783 0.024486 0.148148 0.042926 0.140741
0 784 0.081923 0.281944 0.039299 0.139815
0 785 0.104293 0.156019 0.036880 0.128704
0 786 0.151753 0.157870 0.033857 0.130556
0 787 0.174123 0.149074 0.038694 0.135185
0 788 0.103386 0.114815 0.038694 0.135185
0 789 0.154474 0.109259 0.034462 0.131481
0 790 0.125151 0.068519 0.042322 0.125926
0 791 0.524184 0.444444 0.029021 0.127778
0 792 0.285973 0.149537 0.039903 0.123148
0 793 0.506651 0.054630 0.032648 0.107407
0 794 0.525998 0.048611 0.027811 0.095370
0 795 0.482769 0.367593 0.044135 0.135185
0 796 0.496675 0.436111 0.039299 0.151852
0 797 0.513906 0.274537 0.033857 0.126852
0 798 0.473700 0.276389 0.036880 0.136111
0 799 0.656892 0.344444 0.036880 0.140741
0 800 0.688936 0.343981 0.038089 0.132407
0 801 0.548972 0.088426 0.036276 0.121296
0 802 0.577993 0.133796 0.029021 0.121296
0 803 0.661427 0.240741 0.035067 0.122222
0 804 0.622128 0.235648 0.038694 0.137963
0 805 0.586457 0.233333 0.027811 0.112963
0 806 0.972189 0.043056 0.030230 0.084259
0 807 0.943470 0.045370 0.032044 0.088889
0 808 0.921403 0.045370 0.033857 0.088889
0 809 0.876058 0.040278 0.032648 0.078704
0 810 0.576784 0.103241 0.027811 0.106481
0 811 0.959794 0.307407 0.032044 0.140741
0 812 0.975212 0.293519 0.032648 0.120370
0 814 0.972189 0.211574 0.039903 0.149074
0 815 0.936215 0.269907 0.032044 0.134259
0 816 0.941354 0.175000 0.030230 0.142593
0 817 0.914148 0.256019 0.037485 0.143519
0 818 0.906288 0.175000 0.032648 0.135185
0 819 0.556530 0.049537 0.034462 0.097222
0 820 0.594921 0.036574 0.029021 0.071296
0 821 0.773277 0.387037 0.032648 0.129630
0 822 0.814389 0.396296 0.038694 0.125926
0 823 0.836759 0.406019 0.030230 0.132407
0 824 0.607618 0.125000 0.029021 0.120370
0 825 0.608222 0.115278 0.031439 0.126852
0 826 0.620314 0.140278 0.037485 0.119444
0 827 0.888150 0.134722 0.032648 0.121296
0 828 0.878779 0.235648 0.045345 0.143519
0 829 0.882406 0.212037 0.039299 0.140741
0 830 0.853083 0.160185 0.039903 0.146296
0 831 0.632406 0.104167 0.026602 0.112037
0 832 0.852177 0.236111 0.029625 0.114815
0 833 0.797461 0.198611 0.037485 0.126852
0 834 0.673519 0.136111 0.038694 0.125926
0 835 0.636034 0.037500 0.042322 0.073148
0 836 0.648428 0.061111 0.039299 0.120370
0 837 0.681378 0.054630 0.035067 0.107407
0 838 0.801391 0.278704 0.036880 0.135185
0 839 0.782346 0.259259 0.027811 0.129630
0 840 0.751511 0.259722 0.035067 0.145370
0 841 0.756046 0.145833 0.029625 0.132407
0 842 0.705562 0.064815 0.030230 0.120370
0 843 0.792624 0.377315 0.038694 0.149074
0 844 0.642382 0.140741 0.032044 0.124074
0 845 0.921100 0.215278 0.039299 0.149074
0 846 0.944982 0.239352 0.036276 0.121296
0 847 0.879081 0.188889 0.035067 0.112963
0 848 0.910520 0.130556 0.037485 0.120370
0 851 0.717956 0.146296 0.039299 0.120370
0 852 0.735187 0.124074 0.032648 0.131481
0 853 0.659915 0.105093 0.036880 0.134259
0 854 0.808948 0.252778 0.033857 0.131481
0 856 0.556530 0.098611 0.023579 0.086111
0 857 0.586457 0.085185 0.030230 0.114815
0 858 0.991536 0.238889 0.016929 0.107407
0 859 0.486397 0.309259 0.045345 0.142593
0 860 0.513301 0.309259 0.031439 0.131481
0 861 0.422914 0.031944 0.024788 0.062037
0 862 0.824970 0.190741 0.036880 0.129630
0 863 0.574063 0.128704 0.029625 0.100000
0 864 0.860036 0.145370 0.029625 0.120370
0 866 0.705865 0.150926 0.027207 0.098148
0 917 0.661427 0.028241 0.032648 0.054630
0 919 0.737606 0.031481 0.025393 0.061111
0 928 0.859432 0.039815 0.027207 0.077778
0 940 0.912938 0.232407 0.027811 0.079630
0 951 0.874244 0.027315 0.045949 0.052778
0 1175 0.377267 0.585185 0.037485 0.148148
0 1197 0.068319 0.479630 0.036276 0.146296
0 1198 0.061669 0.525926 0.039903 0.148148
0 1200 0.026904 0.505093 0.039299 0.152778
0 1206 0.094015 0.509722 0.041717 0.154630
0 1284 0.841898 0.393519 0.039299 0.129630
0 1285 0.856711 0.375463 0.032648 0.126852
0 1306 0.263301 0.691204 0.044135 0.165741
0 1307 0.233374 0.674537 0.037485 0.165741
0 1308 0.363059 0.677315 0.050181 0.145370
0 1325 0.229141 0.600000 0.035067 0.135185
0 1326 0.234281 0.589352 0.032044 0.154630
0 1328 0.189238 0.579167 0.043531 0.145370
0 1329 0.198609 0.542130 0.044135 0.154630
0 1330 0.153869 0.569444 0.044135 0.146296
0 1343 0.373640 0.257870 0.032648 0.126852
0 1344 0.396917 0.261574 0.041717 0.126852
0 1412 0.562273 0.580556 0.047158 0.137037
0 1413 0.622733 0.597222 0.049577 0.162963
0 1444 0.250907 0.411574 0.039903 0.130556
0 1445 0.249093 0.450463 0.037485 0.149074
0 1501 0.264510 0.950000 0.041717 0.101852
0 1531 0.103386 0.581019 0.049577 0.173148
0 1549 0.306530 0.800926 0.047158 0.162963
0 1557 0.099758 0.630093 0.042322 0.165741
0 1567 0.333132 0.500926 0.035067 0.146296
0 1570 0.071644 0.643981 0.044135 0.160185
0 1573 0.648126 0.830556 0.036276 0.140741
0 1592 0.355502 0.722222 0.036276 0.153704
0 1594 0.360036 0.757870 0.044135 0.171296
0 1638 0.598549 0.658333 0.042322 0.162963
0 1639 0.621221 0.694444 0.041717 0.162963
0 1640 0.646917 0.668981 0.035067 0.132407
0 1650 0.431681 0.762963 0.049577 0.146296
0 1653 0.684401 0.698148 0.047158 0.140741
0 1654 0.118198 0.823611 0.044135 0.165741
0 1655 0.454353 0.562963 0.032044 0.135185
0 1657 0.435006 0.531944 0.032044 0.137963
0 1660 0.583434 0.820370 0.047158 0.153704
0 1661 0.703144 0.812500 0.060459 0.162037
0 1667 0.655985 0.822685 0.039903 0.123148
0 1668 0.703446 0.872685 0.035671 0.139815
0 1676 0.430774 0.035648 0.034462 0.069444
0 1713 0.823156 0.958796 0.048972 0.082407
0 1714 0.846433 0.958796 0.036276 0.084259
0 1716 0.424123 0.618519 0.046554 0.148148
0 1717 0.445889 0.586111 0.034462 0.151852
0 1719 0.121524 0.906944 0.048368 0.154630
0 1721 0.619710 0.917130 0.045949 0.162037
0 1722 0.650544 0.918519 0.048368 0.153704
0 1723 0.078597 0.916667 0.044740 0.151852
0 1737 0.010883 0.511574 0.020556 0.156481
0 1741 0.987001 0.356481 0.025998 0.120370
0 1742 0.979746 0.407407 0.039299 0.142593
0 1743 0.959190 0.372222 0.039299 0.146296
0 1771 0.605200 0.933796 0.047158 0.132407
0 1772 0.564087 0.933796 0.038694 0.134259
0 1776 0.243954 0.652778 0.036880 0.146296
0 1777 0.295345 0.620370 0.042926 0.151852
0 1778 0.296856 0.669444 0.035067 0.172222
0 1779 0.333132 0.401389 0.033857 0.128704
0 1780 0.320133 0.437037 0.042926 0.148148
0 1781 0.348851 0.422222 0.037485 0.129630
0 1782 0.305320 0.392593 0.037485 0.146296
0 1784 0.952237 0.443519 0.037485 0.137037
0 1785 0.983374 0.442130 0.032044 0.134259
0 1798 0.563482 0.516667 0.041112 0.153704
0 1799 0.411729 0.482870 0.037485 0.143519
0 1800 0.505441 0.490741 0.037485 0.153704
0 1806 0.570133 0.540741 0.039903 0.140741
0 1809 0.138452 0.768981 0.043531 0.171296
0 1821 0.070435 0.383796 0.032044 0.132407
0 1822 0.054111 0.365741 0.036880 0.142593
0 1823 0.004837 0.350463 0.008464 0.160185
0 1824 0.700121 0.584722 0.049577 0.154630
0 1828 0.753325 0.983796 0.032648 0.034259
0 1829 0.705562 0.966204 0.044740 0.069444
0 1830 0.026602 0.360185 0.036276 0.133333
0 1831 0.691354 0.916204 0.048972 0.150926
0 1832 0.734583 0.907870 0.045949 0.162037
0 1833 0.082225 0.789352 0.044740 0.160185
0 1834 0.100060 0.844907 0.036880 0.162037
0 1835 0.056832 0.848611 0.042322 0.150926
0 1838 0.724607 0.587500 0.039299 0.154630
0 1842 0.802600 0.921296 0.051391 0.157407
0 1848 0.890871 0.804630 0.041717 0.179630
0 1849 0.847642 0.912500 0.045949 0.167593
0 1850 0.865175 0.852778 0.045949 0.183333
0 1852 0.891475 0.736574 0.039299 0.165741
0 1856 0.991838 0.298611 0.015115 0.149074
0 1857 0.842805 0.206019 0.031439 0.128704
0 1858 0.840387 0.496296 0.051995 0.148148
0 1859 0.723398 0.631019 0.041717 0.160185
0 1860 0.763603 0.625463 0.044740 0.156481
0 1862 0.431681 0.392593 0.029021 0.127778
0 1863 0.458888 0.397222 0.035067 0.131481
0 1864 0.878476 0.581019 0.042322 0.156481
0 1865 0.675333 0.384722 0.039903 0.143519
0 1866 0.633011 0.369444 0.054414 0.151852
0 1868 0.139661 0.470370 0.050786 0.146296
0 1869 0.128476 0.504167 0.050181 0.137963
0 1873 0.014510 0.454630 0.027811 0.148148
0 1877 0.010883 0.657870 0.020556 0.165741
0 1878 0.024788 0.675000 0.043531 0.164815
0 1885 0.016626 0.409722 0.032044 0.143519
0 1893 0.789299 0.490741 0.044135 0.146296
0 1894 0.888150 0.527315 0.041112 0.128704
0 1895 0.923216 0.527778 0.035067 0.157407
0 1896 0.852781 0.452778 0.041717 0.140741
0 1897 0.737908 0.242130 0.029625 0.125000
0 1898 0.942866 0.501389 0.044135 0.156481
0 1899 0.173821 0.356481 0.039299 0.129630
0 1900 0.231560 0.350926 0.044740 0.140741
0 1901 0.203144 0.333333 0.030230 0.137037
0 1904 0.942563 0.320833 0.035067 0.132407
0 1906 0.218259 0.383796 0.036276 0.117593
0 1912 0.508162 0.353241 0.034462 0.145370
0 1913 0.883918 0.440741 0.042322 0.140741
0 1914 0.933797 0.343519 0.036880 0.137037
0 1915 0.979141 0.497685 0.032044 0.132407
0 1916 0.873640 0.489352 0.043531 0.139815
0 1920 0.911729 0.500463 0.035067 0.115741
0 1921 0.665659 0.975000 0.037485 0.051852
0 1922 0.320435 0.956481 0.047158 0.088889
0 1926 0.855804 0.599074 0.039299 0.146296
0 1930 0.279625 0.983796 0.029625 0.034259
0 1932 0.127570 0.937963 0.045949 0.125926
0 1933 0.198005 0.878241 0.057437 0.182407
0 1934 0.237606 0.837037 0.053204 0.146296
