0 785 0.016626 0.219444 0.032044 0.135185
0 786 0.040508 0.223148 0.038694 0.140741
0 787 0.059250 0.217593 0.038694 0.137037
0 788 0.032950 0.181019 0.041717 0.134259
0 789 0.089782 0.193519 0.038089 0.142593
0 790 0.088271 0.146296 0.043531 0.129630
0 791 0.556832 0.603704 0.030230 0.135185
0 792 0.167473 0.183796 0.038694 0.126852
0 793 0.499395 0.092593 0.032648 0.120370
0 794 0.522975 0.091667 0.030230 0.118519
0 795 0.653567 0.425926 0.036276 0.142593
0 796 0.513906 0.580556 0.045949 0.148148
0 797 0.546856 0.361111 0.034462 0.142593
0 798 0.505139 0.373611 0.048972 0.160185
0 799 0.773277 0.456481 0.042322 0.142593
0 800 0.812878 0.442593 0.039299 0.138889
0 801 0.536578 0.142593 0.039299 0.129630
0 802 0.569528 0.174074 0.033857 0.129630
0 803 0.697098 0.328241 0.033857 0.123148
0 804 0.668984 0.337500 0.041717 0.160185
0 805 0.630593 0.324537 0.032648 0.112037
0 806 0.988815 0.089352 0.021161 0.117593
0 807 0.964631 0.092130 0.034462 0.115741
0 808 0.948912 0.100000 0.034462 0.129630
0 809 0.915054 0.081019 0.035671 0.139815
0 810 0.584643 0.118056 0.030230 0.106481
0 814 0.954353 0.264352 0.039299 0.149074
0 815 0.976119 0.301389 0.035671 0.123148
0 816 0.942563 0.220833 0.039903 0.145370
0 817 0.940750 0.304167 0.037485 0.143519
0 818 0.914752 0.220370 0.032648 0.135185
0 819 0.550181 0.077778 0.035067 0.135185
0 820 0.569528 0.061574 0.035067 0.121296
0 821 0.895405 0.495370 0.030230 0.135185
0 822 0.960097 0.468519 0.042322 0.153704
0 824 0.600967 0.172222 0.031439 0.124074
0 825 0.604897 0.143519 0.032044 0.129630
0 826 0.606409 0.189352 0.036276 0.125000
0 827 0.770254 0.151852 0.030230 0.120370
0 828 0.796856 0.279167 0.053204 0.162037
0 829 0.827086 0.237500 0.039903 0.139815
0 830 0.801693 0.216204 0.042322 0.160185
0 831 0.633011 0.133796 0.030230 0.106481
0 832 0.772068 0.264352 0.032648 0.115741
0 833 0.723700 0.218056 0.044740 0.126852
0 834 0.662334 0.187963 0.039299 0.135185
0 835 0.610339 0.057870 0.041717 0.113889
0 836 0.645405 0.095833 0.041717 0.134259
0 837 0.688331 0.112500 0.034462 0.145370
0 838 0.800484 0.338426 0.036276 0.143519
0 839 0.778416 0.325926 0.032044 0.135185
0 840 0.752721 0.317593 0.038694 0.137037
0 841 0.757255 0.195833 0.032044 0.132407
0 842 0.710399 0.120370 0.031439 0.124074
0 843 0.915054 0.476852 0.041717 0.153704
0 844 0.634825 0.199074 0.032648 0.131481
0 845 0.905079 0.253241 0.039903 0.149074
0 846 0.903265 0.297222 0.037485 0.129630
0 847 0.876965 0.230556 0.034462 0.112963
0 848 0.867291 0.201389 0.029625 0.121296
0 851 0.760883 0.175926 0.029625 0.118519
0 852 0.790810 0.181944 0.036276 0.132407
0 853 0.658706 0.144907 0.036880 0.134259
0 854 0.789299 0.303241 0.034462 0.132407
0 856 0.527509 0.140278 0.024788 0.087963
0 857 0.580411 0.094444 0.032648 0.114815
0 858 0.970677 0.287037 0.029625 0.107407
0 859 0.581016 0.379630 0.043531 0.151852
0 860 0.612455 0.371296 0.035067 0.140741
0 861 0.428053 0.037500 0.025393 0.073148
0 862 0.752418 0.223611 0.036880 0.137963
0 863 0.570133 0.174074 0.029021 0.105556
0 864 0.728537 0.154630 0.033857 0.120370
0 866 0.745768 0.181944 0.029625 0.102778
0 874 0.448307 0.981481 0.032044 0.038889
0 875 0.290810 0.053241 0.042322 0.104630
0 881 0.165659 0.046296 0.037485 0.090741
0 882 0.192563 0.046296 0.035671 0.090741
0 892 0.439541 0.080556 0.039903 0.125926
0 904 0.487908 0.027778 0.030230 0.053704
0 908 0.515719 0.036111 0.035067 0.070370
0 917 0.645707 0.066667 0.032648 0.120370
0 918 0.674123 0.079167 0.030230 0.110185
0 919 0.694075 0.063426 0.029021 0.104630
0 920 0.649940 0.033333 0.030230 0.064815
0 921 0.654776 0.038889 0.033857 0.075926
0 922 0.907799 0.024074 0.028416 0.046296
0 928 0.886941 0.094907 0.026602 0.110185
0 940 0.908102 0.293519 0.030230 0.087037
0 948 0.653567 0.048148 0.032648 0.094444
0 949 0.695284 0.033796 0.029021 0.065741
0 951 0.908706 0.066204 0.056832 0.130556
0 1175 0.373035 0.556481 0.037485 0.148148
0 1197 0.076784 0.459259 0.039903 0.146296
0 1198 0.059553 0.508796 0.040508 0.150926
0 1200 0.035067 0.481944 0.035067 0.162037
0 1206 0.098851 0.483796 0.041717 0.154630
0 1284 0.838573 0.371759 0.039903 0.128704
0 1285 0.853688 0.354167 0.032648 0.126852
0 1306 0.258464 0.666204 0.044135 0.165741
0 1307 0.228235 0.652315 0.038089 0.169444
0 1308 0.365478 0.656481 0.039299 0.146296
0 1325 0.227328 0.570833 0.033857 0.134259
0 1326 0.232164 0.565278 0.033857 0.154630
0 1328 0.186820 0.560185 0.044740 0.148148
0 1329 0.194680 0.525463 0.044740 0.154630
0 1330 0.153869 0.539352 0.040508 0.150926
0 1343 0.369710 0.228704 0.032044 0.129630
0 1344 0.389964 0.228704 0.032648 0.129630
0 1412 0.539903 0.681481 0.047158 0.142593
0 1413 0.580411 0.687037 0.050786 0.164815
0 1444 0.256651 0.425926 0.036880 0.129630
0 1445 0.271765 0.466204 0.036880 0.149074
0 1501 0.261790 0.941667 0.041112 0.118519
0 1531 0.046554 0.687037 0.051995 0.181481
0 1549 0.312878 0.778241 0.044135 0.154630
0 1557 0.013603 0.692593 0.025998 0.164815
0 1567 0.326481 0.481481 0.035067 0.146296
0 1570 0.008162 0.572685 0.015115 0.165741
0 1573 0.788996 0.949074 0.033857 0.103704
0 1592 0.351572 0.703241 0.036880 0.154630
0 1594 0.357618 0.737963 0.044135 0.170370
0 1638 0.618501 0.688889 0.042322 0.177778
0 1639 0.665961 0.732407 0.044135 0.170370
0 1640 0.654172 0.697685 0.035067 0.132407
0 1650 0.428053 0.741667 0.049577 0.146296
0 1653 0.662636 0.653704 0.051995 0.148148
0 1655 0.451028 0.534722 0.033857 0.134259
0 1657 0.430169 0.506944 0.032044 0.137963
0 1660 0.743652 0.942593 0.045949 0.114815
0 1661 0.848851 0.928241 0.049577 0.145370
0 1667 0.810762 0.952315 0.035067 0.097222
0 1668 0.860943 0.975000 0.031439 0.050000
0 1676 0.442563 0.038889 0.035067 0.075926
0 1716 0.418682 0.592130 0.044135 0.150926
0 1717 0.448005 0.571759 0.037485 0.150926
0 1741 0.993047 0.361574 0.013906 0.115741
0 1743 0.971886 0.402778 0.040508 0.146296
0 1776 0.242745 0.625926 0.036880 0.146296
0 1777 0.294135 0.599074 0.036880 0.151852
0 1778 0.291112 0.651852 0.032044 0.174074
0 1779 0.338573 0.379167 0.033857 0.126852
0 1780 0.322551 0.412037 0.044135 0.148148
0 1781 0.345526 0.394444 0.036880 0.129630
0 1782 0.303507 0.378241 0.037485 0.143519
0 1798 0.641778 0.582870 0.046554 0.158333
0 1799 0.409311 0.464352 0.037485 0.143519
0 1800 0.627570 0.540741 0.037485 0.151852
0 1806 0.614873 0.626389 0.042322 0.137963
0 1809 0.124547 0.870833 0.054414 0.180556
0 1821 0.005139 0.474074 0.009069 0.137037
0 1824 0.746070 0.713889 0.049577 0.174074
0 1832 0.759674 0.980556 0.034462 0.038889
0 1833 0.074365 0.906481 0.050786 0.164815
0 1834 0.102177 0.941667 0.041112 0.118519
0 1835 0.060157 0.959259 0.041717 0.083333
0 1838 0.774788 0.708796 0.040508 0.156481
0 1848 0.909008 0.817593 0.046554 0.181481
0 1850 0.876058 0.885648 0.056832 0.180556
0 1852 0.945284 0.781019 0.046554 0.171296
0 1856 0.992140 0.284259 0.014510 0.148148
0 1857 0.840992 0.190278 0.031439 0.128704
0 1858 0.802902 0.593056 0.050786 0.154630
0 1859 0.723096 0.770370 0.045949 0.168519
0 1860 0.756348 0.771296 0.044740 0.162963
0 1862 0.464329 0.410185 0.037485 0.129630
0 1863 0.496070 0.452778 0.036880 0.144444
0 1865 0.703144 0.478704 0.039903 0.144444
0 1866 0.662938 0.463426 0.053809 0.156481
0 1868 0.099758 0.566667 0.058041 0.150000
0 1869 0.058041 0.580556 0.051995 0.142593
0 1878 0.003628 0.802778 0.006046 0.175926
0 1893 0.749093 0.601852 0.049577 0.153704
0 1894 0.881197 0.630556 0.034462 0.135185
0 1895 0.903265 0.629167 0.041112 0.160185
0 1896 0.813180 0.498148 0.041112 0.140741
0 1897 0.724002 0.312963 0.033253 0.135185
0 1898 0.938936 0.607870 0.047158 0.167593
0 1899 0.267231 0.346296 0.038694 0.137037
0 1900 0.319226 0.325000 0.033857 0.144444
0 1901 0.289903 0.310185 0.032044 0.151852
0 1904 0.969770 0.350926 0.037485 0.131481
0 1906 0.311971 0.352778 0.036276 0.118519
0 1912 0.665961 0.412037 0.034462 0.153704
0 1913 0.844921 0.499074 0.041717 0.144444
0 1914 0.937122 0.362963 0.037485 0.144444
0 1915 0.956167 0.584259 0.029625 0.129630
0 1916 0.850060 0.579630 0.049577 0.157407
0 1920 0.907799 0.612037 0.034462 0.118519
0 1922 0.550786 0.957407 0.041112 0.087037
0 1930 0.536276 0.974074 0.038694 0.051852
0 1932 0.326481 0.958796 0.041112 0.084259
0 1933 0.383918 0.906944 0.059250 0.180556
0 1934 0.422007 0.901852 0.051995 0.164815
