0 782 0.004837 0.318981 0.008464 0.145370
0 783 0.002418 0.184722 0.003628 0.145370
0 784 0.009976 0.328241 0.018742 0.134259
0 785 0.069226 0.177778 0.036880 0.135185
0 786 0.113362 0.186574 0.039299 0.137963
0 787 0.133918 0.184259 0.039299 0.142593
0 788 0.086759 0.143519 0.039299 0.135185
0 789 0.142080 0.142593 0.033857 0.138889
0 790 0.107316 0.095833 0.041717 0.128704
0 791 0.536276 0.506944 0.029021 0.130556
0 792 0.235187 0.161574 0.039903 0.126852
0 793 0.507860 0.066204 0.032648 0.121296
0 794 0.528114 0.063889 0.029625 0.109259
0 795 0.550786 0.391204 0.047158 0.134259
0 796 0.503325 0.492593 0.039299 0.153704
0 797 0.530532 0.304630 0.032044 0.125926
0 798 0.488815 0.316204 0.044135 0.156481
0 799 0.707074 0.389815 0.036880 0.140741
0 800 0.743047 0.377778 0.041112 0.131481
0 801 0.549577 0.108796 0.037485 0.123148
0 802 0.573156 0.149074 0.035067 0.129630
0 803 0.669891 0.276389 0.035067 0.123148
0 804 0.640871 0.277315 0.039903 0.145370
0 805 0.610036 0.275000 0.029021 0.112963
0 806 0.974002 0.050000 0.030230 0.098148
0 807 0.951935 0.056019 0.032044 0.110185
0 808 0.935006 0.060185 0.034462 0.116667
0 809 0.900544 0.057407 0.034462 0.112963
0 810 0.576784 0.109722 0.027811 0.106481
0 811 0.985187 0.322685 0.028416 0.136111
0 814 0.965840 0.230556 0.039299 0.148148
0 815 0.940447 0.280556 0.036880 0.135185
0 816 0.947098 0.193981 0.035671 0.145370
0 817 0.915961 0.270833 0.037485 0.143519
0 818 0.909008 0.191667 0.032044 0.135185
0 819 0.553809 0.062500 0.035067 0.123148
0 820 0.587364 0.044907 0.032044 0.087963
0 821 0.820133 0.433796 0.032044 0.134259
0 822 0.885732 0.425463 0.038694 0.145370
0 823 0.900242 0.422222 0.032648 0.131481
0 824 0.604595 0.144444 0.029021 0.122222
0 825 0.610339 0.122222 0.032044 0.125926
0 826 0.613664 0.157407 0.036276 0.120370
0 827 0.842805 0.141204 0.030230 0.121296
0 828 0.842805 0.244444 0.045949 0.155556
0 829 0.855502 0.210185 0.039903 0.140741
0 830 0.825272 0.167593 0.039903 0.146296
0 831 0.630290 0.111111 0.028416 0.109259
0 832 0.820738 0.234259 0.029625 0.114815
0 833 0.767836 0.205093 0.037485 0.126852
0 834 0.669891 0.154167 0.038694 0.126852
0 835 0.620919 0.047222 0.042322 0.092593
0 836 0.643289 0.073611 0.039903 0.134259
0 837 0.678960 0.065741 0.035067 0.122222
0 838 0.785369 0.295370 0.036276 0.135185
0 839 0.767836 0.282407 0.027811 0.129630
0 840 0.741536 0.274537 0.034462 0.134259
0 841 0.779625 0.177315 0.032044 0.132407
0 842 0.691657 0.083333 0.030230 0.120370
0 843 0.846131 0.420833 0.039299 0.156481
0 844 0.640871 0.160185 0.031439 0.124074
0 845 0.906288 0.228241 0.039903 0.149074
0 846 0.925030 0.253241 0.037485 0.125000
0 847 0.879081 0.206481 0.035067 0.112963
0 848 0.888452 0.161111 0.035671 0.120370
0 851 0.736699 0.166667 0.039299 0.129630
0 852 0.772672 0.147222 0.033857 0.131481
0 853 0.659915 0.117130 0.036880 0.134259
0 854 0.792926 0.271296 0.034462 0.131481
0 856 0.549879 0.120833 0.024788 0.087963
0 857 0.586155 0.073611 0.029625 0.115741
0 858 0.985187 0.261574 0.025998 0.106481
0 859 0.527509 0.335185 0.048972 0.146296
0 860 0.565599 0.331019 0.034462 0.137963
0 861 0.434704 0.025000 0.025393 0.048148
0 862 0.795042 0.205556 0.037485 0.131481
0 863 0.570738 0.145833 0.030230 0.104630
0 864 0.818319 0.147222 0.029625 0.120370
0 866 0.724607 0.160185 0.027207 0.098148
0 875 0.318924 0.027778 0.035671 0.053704
0 881 0.170193 0.027778 0.036880 0.053704
0 882 0.198609 0.027778 0.034462 0.053704
0 892 0.474002 0.048611 0.039903 0.095370
0 917 0.640568 0.038426 0.032044 0.075000
0 918 0.674123 0.045370 0.030230 0.088889
0 919 0.700423 0.036574 0.024788 0.071296
0 928 0.881197 0.056019 0.027207 0.110185
0 940 0.905683 0.251852 0.027811 0.079630
0 948 0.642080 0.020370 0.031439 0.038889
0 951 0.888452 0.043981 0.046554 0.086111
0 1175 0.374849 0.571296 0.037485 0.148148
0 1197 0.072551 0.469444 0.037485 0.146296
0 1198 0.061366 0.517130 0.039299 0.149074
0 1200 0.027811 0.500000 0.039903 0.151852
0 1206 0.090689 0.486111 0.042322 0.151852
0 1284 0.840387 0.384722 0.039903 0.128704
0 1285 0.856711 0.360648 0.032648 0.126852
0 1306 0.260580 0.677315 0.044740 0.165741
0 1307 0.227630 0.656944 0.040508 0.165741
0 1308 0.370617 0.662037 0.038694 0.146296
0 1325 0.227630 0.587963 0.033253 0.135185
0 1326 0.234583 0.573611 0.033857 0.154630
0 1328 0.189238 0.573148 0.043531 0.148148
0 1329 0.196191 0.532870 0.044135 0.154630
0 1330 0.150544 0.551389 0.044740 0.149074
0 1343 0.370617 0.237963 0.032648 0.129630
0 1344 0.391475 0.252315 0.039299 0.112037
0 1412 0.543833 0.621296 0.046554 0.137037
0 1413 0.598247 0.625000 0.051391 0.162963
0 1444 0.244256 0.412037 0.037485 0.129630
0 1445 0.258767 0.457870 0.037485 0.149074
0 1501 0.263906 0.946759 0.041717 0.108333
0 1531 0.084643 0.620833 0.048368 0.178704
0 1549 0.301693 0.776852 0.047158 0.153704
0 1557 0.061971 0.654167 0.044135 0.165741
0 1567 0.330713 0.493519 0.035067 0.146296
0 1570 0.031137 0.612500 0.044135 0.158333
0 1573 0.702237 0.885185 0.036880 0.153704
0 1592 0.353990 0.715278 0.036880 0.154630
0 1594 0.358827 0.750000 0.044135 0.170370
0 1638 0.611245 0.663426 0.042322 0.165741
0 1639 0.639359 0.700463 0.039299 0.167593
0 1640 0.647521 0.681019 0.035067 0.132407
0 1650 0.429867 0.753704 0.049577 0.146296
0 1653 0.677146 0.673148 0.047158 0.144444
0 1654 0.041112 0.850463 0.048368 0.165741
0 1655 0.452539 0.549537 0.032044 0.134259
0 1657 0.433192 0.522685 0.032044 0.137963
0 1660 0.647521 0.875463 0.048368 0.154630
0 1661 0.767533 0.851389 0.061064 0.162037
0 1667 0.719468 0.869907 0.039903 0.123148
0 1668 0.761185 0.927315 0.036276 0.137963
0 1676 0.436820 0.035648 0.034462 0.069444
0 1716 0.425635 0.607407 0.043531 0.148148
0 1717 0.449214 0.580093 0.036276 0.150926
0 1719 0.113362 0.942593 0.048972 0.112963
0 1721 0.647823 0.955093 0.046554 0.091667
0 1722 0.682890 0.960648 0.048972 0.080556
0 1723 0.076784 0.950000 0.043531 0.101852
0 1737 0.002116 0.545370 0.003023 0.157407
0 1741 0.990326 0.364815 0.019347 0.118519
0 1742 0.980351 0.409259 0.034462 0.142593
0 1743 0.964027 0.381481 0.039299 0.146296
0 1771 0.611850 0.970370 0.045949 0.061111
0 1772 0.567110 0.969907 0.036276 0.060185
0 1776 0.244256 0.640741 0.037485 0.146296
0 1777 0.294740 0.610185 0.040508 0.151852
0 1778 0.294740 0.656019 0.036880 0.169444
0 1779 0.336155 0.388426 0.033857 0.126852
0 1780 0.316505 0.424074 0.042926 0.148148
0 1781 0.339782 0.411111 0.037485 0.129630
0 1782 0.304414 0.383333 0.036880 0.144444
0 1784 0.983374 0.485185 0.032044 0.137037
0 1798 0.601572 0.536111 0.043531 0.159259
0 1799 0.410520 0.475463 0.037485 0.143519
0 1800 0.567412 0.500926 0.036880 0.148148
0 1806 0.589480 0.574074 0.044740 0.137037
0 1809 0.133011 0.796759 0.044740 0.176852
0 1821 0.039299 0.418981 0.032648 0.137963
0 1822 0.021161 0.396296 0.037485 0.153704
0 1824 0.719468 0.641204 0.049577 0.165741
0 1830 0.003930 0.396759 0.006651 0.139815
0 1831 0.692563 0.944907 0.048972 0.112037
0 1832 0.739420 0.938889 0.045949 0.124074
0 1833 0.082527 0.823611 0.047763 0.162037
0 1834 0.107013 0.870833 0.041112 0.162037
0 1835 0.054414 0.896759 0.042322 0.150926
0 1838 0.750907 0.638426 0.039903 0.156481
0 1842 0.793229 0.954630 0.051995 0.092593
0 1848 0.894800 0.789815 0.039903 0.181481
0 1849 0.858827 0.943519 0.046554 0.114815
0 1850 0.877570 0.854167 0.046554 0.182407
0 1852 0.909008 0.735648 0.042926 0.165741
0 1856 0.992140 0.284259 0.014510 0.148148
0 1857 0.840992 0.194907 0.031439 0.128704
0 1858 0.826179 0.530556 0.050181 0.157407
0 1859 0.724002 0.675463 0.042926 0.167593
0 1860 0.762092 0.687500 0.044135 0.160185
0 1862 0.442866 0.387037 0.034462 0.129630
0 1863 0.477932 0.408333 0.035671 0.140741
0 1864 0.963724 0.640741 0.041112 0.159259
0 1865 0.693470 0.421759 0.039903 0.143519
0 1866 0.651753 0.402778 0.054414 0.151852
0 1868 0.126058 0.506944 0.053809 0.145370
0 1869 0.101270 0.535648 0.051391 0.139815
0 1877 0.005441 0.705556 0.009674 0.164815
0 1878 0.019347 0.726389 0.037485 0.173148
0 1893 0.773277 0.533796 0.045949 0.152778
0 1894 0.882104 0.560185 0.044740 0.129630
0 1895 0.917473 0.568519 0.041717 0.157407
0 1896 0.832830 0.462037 0.041717 0.140741
0 1897 0.724909 0.268981 0.031439 0.130556
0 1898 0.944075 0.535648 0.044135 0.156481
0 1899 0.217654 0.346759 0.038694 0.130556
0 1900 0.275695 0.337500 0.035067 0.156481
0 1901 0.248489 0.319444 0.035067 0.137037
0 1904 0.959492 0.335185 0.035067 0.131481
0 1906 0.272672 0.365741 0.036276 0.118519
0 1912 0.570738 0.377778 0.033857 0.148148
0 1913 0.870617 0.466204 0.042322 0.139815
0 1914 0.939843 0.353241 0.039299 0.143519
0 1915 0.970375 0.532407 0.031439 0.137037
0 1916 0.866687 0.524074 0.048972 0.155556
0 1920 0.910218 0.542593 0.034462 0.118519
0 1922 0.423216 0.940741 0.047158 0.120370
0 1926 0.939843 0.676852 0.038089 0.153704
0 1930 0.396917 0.966667 0.030834 0.062963
0 1932 0.204655 0.948148 0.053809 0.105556
0 1933 0.272068 0.859259 0.065296 0.166667
0 1934 0.313180 0.847222 0.058041 0.159259
