0 778 0.030230 0.227778 0.037485 0.127778
0 779 0.057739 0.227315 0.039299 0.143519
0 780 0.072551 0.194444 0.036276 0.135185
0 781 0.112455 0.189352 0.042322 0.132407
0 782 0.163241 0.170833 0.041112 0.145370
0 783 0.085248 0.042593 0.032648 0.083333
0 784 0.223096 0.100000 0.033857 0.138889
0 785 0.167170 0.040741 0.034462 0.079630
0 786 0.202539 0.053704 0.033857 0.105556
0 787 0.226723 0.043056 0.037485 0.084259
0 788 0.152963 0.033796 0.035067 0.065741
0 791 0.513603 0.269444 0.032044 0.120370
0 792 0.359734 0.075926 0.032648 0.118519
0 795 0.305623 0.266204 0.036880 0.141667
0 796 0.470375 0.241204 0.042322 0.134259
0 797 0.482467 0.141204 0.032648 0.115741
0 798 0.438936 0.141204 0.039903 0.132407
0 799 0.491536 0.211111 0.032648 0.125926
0 800 0.537485 0.214352 0.037485 0.128704
0 801 0.547461 0.027315 0.032044 0.052778
0 802 0.583736 0.057870 0.029625 0.113889
0 803 0.610036 0.118981 0.027811 0.115741
0 804 0.580411 0.115741 0.035067 0.131481
0 805 0.550181 0.114352 0.032648 0.104630
0 811 0.951330 0.200463 0.034462 0.123148
0 812 0.963724 0.191204 0.030230 0.126852
0 814 0.980048 0.099074 0.038694 0.135185
0 815 0.931681 0.170370 0.032648 0.112963
0 816 0.946796 0.080093 0.032648 0.125000
0 817 0.905683 0.171759 0.035067 0.134259
0 818 0.922612 0.090278 0.037485 0.132407
0 821 0.666566 0.227315 0.036880 0.123148
0 822 0.699214 0.261574 0.039299 0.152778
0 823 0.722491 0.261574 0.030230 0.121296
0 826 0.623942 0.068981 0.032648 0.108333
0 828 0.915961 0.156481 0.042322 0.146296
0 829 0.912636 0.125463 0.035671 0.126852
0 833 0.871221 0.132407 0.033857 0.135185
0 834 0.667170 0.056019 0.033253 0.104630
0 838 0.830411 0.180556 0.034462 0.129630
0 839 0.817412 0.181481 0.031439 0.135185
0 840 0.794740 0.167130 0.032044 0.139815
0 841 0.707981 0.041204 0.030230 0.080556
0 843 0.697400 0.220833 0.036880 0.134259
0 844 0.649335 0.056944 0.032648 0.112037
0 845 0.941959 0.117593 0.037485 0.135185
0 846 0.969166 0.138889 0.036276 0.118519
0 847 0.904172 0.101852 0.032044 0.124074
0 849 0.986699 0.265741 0.022975 0.142593
0 850 0.988513 0.194444 0.021765 0.135185
0 851 0.684401 0.080093 0.037485 0.110185
0 852 0.709492 0.032407 0.034462 0.062963
0 853 0.664450 0.030556 0.035067 0.059259
0 854 0.841596 0.159722 0.031439 0.110185
0 856 0.569528 0.038889 0.022975 0.075926
0 859 0.370314 0.163889 0.035671 0.125926
0 860 0.411125 0.159722 0.038694 0.123148
0 861 0.411125 0.025000 0.021765 0.048148
0 862 0.895405 0.122222 0.032648 0.112963
0 863 0.570133 0.042130 0.022975 0.082407
0 864 0.912031 0.044907 0.032044 0.087963
0 865 0.671100 0.081944 0.025393 0.087963
0 866 0.669287 0.079630 0.026602 0.090741
0 1175 0.376663 0.576852 0.036276 0.153704
0 1197 0.063785 0.487963 0.035671 0.142593
0 1198 0.060762 0.525463 0.040508 0.141667
0 1200 0.032346 0.500463 0.036880 0.156481
0 1206 0.097037 0.491204 0.036880 0.149074
0 1284 0.835852 0.377778 0.036880 0.133333
0 1285 0.840992 0.359722 0.036276 0.121296
0 1306 0.259069 0.687963 0.044135 0.170370
0 1307 0.237001 0.670833 0.048368 0.167593
0 1308 0.372128 0.667130 0.036880 0.145370
0 1325 0.230955 0.600463 0.035067 0.149074
0 1326 0.234885 0.573611 0.029625 0.139815
0 1328 0.191657 0.571759 0.042322 0.134259
0 1329 0.198005 0.533796 0.046554 0.156481
0 1330 0.148126 0.556944 0.043531 0.149074
0 1343 0.373337 0.244907 0.034462 0.126852
0 1344 0.394800 0.255556 0.032648 0.129630
0 1412 0.610339 0.472685 0.044135 0.126852
0 1413 0.663845 0.493056 0.043531 0.141667
0 1444 0.240629 0.384259 0.037485 0.142593
0 1445 0.252418 0.400926 0.034462 0.146296
0 1501 0.270254 0.946296 0.041112 0.109259
0 1531 0.214027 0.499537 0.039903 0.141667
0 1549 0.308041 0.787963 0.052600 0.164815
0 1557 0.126058 0.495833 0.039299 0.156481
0 1567 0.338271 0.496296 0.036880 0.140741
0 1570 0.185913 0.662037 0.036880 0.153704
0 1573 0.535067 0.698148 0.037485 0.135185
0 1592 0.357013 0.715741 0.040508 0.157407
0 1594 0.357920 0.754630 0.038694 0.168519
0 1638 0.580109 0.624074 0.044135 0.157407
0 1639 0.618803 0.655093 0.044135 0.162037
0 1640 0.639057 0.632870 0.029021 0.134259
0 1650 0.429262 0.756944 0.047158 0.149074
0 1653 0.684704 0.689352 0.051391 0.149074
0 1654 0.350060 0.691667 0.043531 0.153704
0 1655 0.452842 0.554630 0.033857 0.137037
0 1657 0.444075 0.515741 0.044135 0.107407
0 1660 0.496977 0.661574 0.050786 0.154630
0 1661 0.568622 0.683796 0.045345 0.167593
0 1667 0.530230 0.668519 0.035067 0.125926
0 1668 0.581318 0.726852 0.036880 0.125926
0 1676 0.411125 0.031944 0.031439 0.062037
0 1703 0.985490 0.334259 0.026602 0.114815
0 1713 0.762999 0.851389 0.044740 0.165741
0 1714 0.795042 0.861111 0.042322 0.151852
0 1716 0.426239 0.608796 0.045949 0.149074
0 1717 0.458283 0.593519 0.037485 0.137037
0 1719 0.093108 0.788889 0.048368 0.162963
0 1721 0.542019 0.748148 0.044135 0.168519
0 1722 0.577086 0.755093 0.046554 0.165741
0 1723 0.051391 0.781019 0.043531 0.154630
0 1736 0.015719 0.383796 0.030230 0.128704
0 1737 0.044740 0.388426 0.042322 0.143519
0 1741 0.974305 0.293056 0.032044 0.126852
0 1742 0.948609 0.329630 0.039903 0.142593
0 1743 0.951330 0.296759 0.036880 0.123148
0 1771 0.605804 0.797222 0.044740 0.174074
0 1772 0.567715 0.795370 0.039903 0.159259
0 1776 0.245768 0.657407 0.041717 0.168519
0 1777 0.293229 0.614352 0.051995 0.165741
0 1778 0.292019 0.656481 0.036276 0.162963
0 1779 0.333736 0.385185 0.035067 0.124074
0 1780 0.310762 0.431019 0.043531 0.150926
0 1781 0.343410 0.413426 0.039903 0.134259
0 1782 0.301088 0.396296 0.032648 0.142593
0 1784 0.865780 0.307407 0.035067 0.131481
0 1785 0.894196 0.305093 0.039903 0.149074
0 1788 0.145103 0.870833 0.039903 0.165741
0 1794 0.108827 0.857870 0.048368 0.187963
0 1798 0.439843 0.460185 0.045345 0.148148
0 1799 0.424728 0.465741 0.039299 0.146296
0 1800 0.417775 0.434722 0.031439 0.137963
0 1801 0.924728 0.882870 0.044135 0.180556
0 1802 0.895405 0.918519 0.051995 0.164815
0 1803 0.983071 0.800926 0.032648 0.164815
0 1804 0.946191 0.780093 0.055623 0.165741
0 1805 0.589480 0.868981 0.060459 0.182407
0 1806 0.535671 0.387037 0.038694 0.133333
0 1809 0.124547 0.673611 0.045949 0.182407
0 1818 0.908706 0.641667 0.044740 0.174074
0 1819 0.944680 0.633796 0.042926 0.156481
0 1821 0.192866 0.263889 0.033857 0.120370
0 1822 0.163241 0.253704 0.039903 0.137037
0 1823 0.098549 0.224074 0.037485 0.140741
0 1824 0.642684 0.443981 0.045949 0.139815
0 1827 0.545042 0.863889 0.041717 0.129630
0 1828 0.739420 0.794907 0.041112 0.134259
0 1829 0.703748 0.786111 0.049577 0.164815
0 1830 0.117291 0.248148 0.033857 0.131481
0 1831 0.721584 0.726389 0.041717 0.160185
0 1832 0.755139 0.715741 0.043531 0.168519
0 1833 0.090387 0.713426 0.048972 0.149074
0 1834 0.111245 0.722685 0.043531 0.162037
0 1835 0.044740 0.725000 0.036276 0.157407
0 1837 0.629383 0.802315 0.032648 0.128704
0 1838 0.672007 0.448611 0.036880 0.136111
0 1842 0.797461 0.799074 0.051995 0.185185
0 1843 0.765719 0.977778 0.039299 0.046296
0 1848 0.861850 0.754630 0.042926 0.179630
0 1849 0.811971 0.765741 0.044740 0.168519
0 1850 0.840992 0.775000 0.039903 0.177778
0 1852 0.880895 0.694444 0.039903 0.174074
0 1856 0.876663 0.259722 0.031439 0.136111
0 1857 0.859129 0.217593 0.037485 0.124074
0 1858 0.866989 0.409722 0.044740 0.147222
0 1859 0.704958 0.453241 0.038694 0.147222
0 1860 0.724909 0.432407 0.041112 0.148148
0 1862 0.415961 0.314352 0.035067 0.128704
0 1863 0.439541 0.315278 0.031439 0.137963
0 1864 0.707981 0.358333 0.036276 0.148148
0 1865 0.625756 0.240741 0.037485 0.129630
0 1866 0.588271 0.233796 0.049577 0.143519
0 1868 0.192261 0.357870 0.042322 0.143519
0 1869 0.181378 0.388889 0.042322 0.146296
0 1872 0.013603 0.421759 0.025998 0.154630
0 1873 0.100363 0.319444 0.038694 0.138889
0 1878 0.013603 0.528704 0.025998 0.142593
0 1885 0.102479 0.288889 0.036880 0.140741
0 1890 0.005441 0.305556 0.009674 0.157407
0 1891 0.054111 0.286574 0.039299 0.143519
0 1893 0.822551 0.399074 0.035671 0.140741
0 1894 0.938331 0.405093 0.033857 0.115741
0 1895 0.960701 0.403241 0.037485 0.137963
0 1896 0.889057 0.362963 0.036880 0.140741
0 1897 0.767836 0.166204 0.031439 0.128704
0 1898 0.941354 0.362500 0.037485 0.150926
0 1899 0.090085 0.369907 0.035067 0.132407
0 1900 0.126360 0.361574 0.035067 0.139815
0 1901 0.115478 0.345370 0.032648 0.140741
0 1904 0.925030 0.245833 0.035067 0.128704
0 1906 0.102781 0.400926 0.033857 0.120370
0 1912 0.324970 0.236574 0.036880 0.137963
0 1913 0.903869 0.348148 0.035067 0.135185
0 1914 0.935913 0.275926 0.038694 0.124074
0 1915 0.979141 0.387500 0.034462 0.126852
0 1916 0.896917 0.393519 0.042926 0.137037
0 1920 0.920798 0.364815 0.030230 0.107407
0 1921 0.662031 0.796759 0.044740 0.156481
0 1922 0.055623 0.931481 0.053204 0.138889
0 1923 0.308343 0.964815 0.037485 0.072222
0 1925 0.984583 0.414815 0.029625 0.146296
0 1926 0.683797 0.379630 0.036276 0.140741
0 1927 0.264813 0.980556 0.041112 0.040741
0 1929 0.196191 0.983333 0.033253 0.035185
0 1930 0.013906 0.971759 0.026602 0.058333
0 1933 0.025998 0.846296 0.050786 0.181481
0 1934 0.067110 0.828704 0.044740 0.161111
