0 781 0.007557 0.295370 0.013906 0.138889
0 782 0.049879 0.285648 0.044135 0.145370
0 783 0.030230 0.139352 0.041112 0.139815
0 784 0.094619 0.273611 0.039299 0.141667
0 785 0.110036 0.147222 0.036276 0.124074
0 786 0.155683 0.150463 0.034462 0.134259
0 787 0.178658 0.142130 0.039299 0.134259
0 788 0.105200 0.107407 0.038694 0.135185
0 789 0.156288 0.101389 0.034462 0.132407
0 790 0.127570 0.063889 0.042322 0.120370
0 791 0.523579 0.431481 0.029021 0.125926
0 792 0.294740 0.144907 0.039299 0.123148
0 793 0.506046 0.052315 0.032648 0.102778
0 794 0.525998 0.047222 0.027811 0.092593
0 795 0.469770 0.362500 0.039903 0.137963
0 796 0.496372 0.423148 0.038694 0.148148
0 797 0.509976 0.265278 0.033253 0.126852
0 798 0.470375 0.265278 0.037485 0.136111
0 799 0.645103 0.334722 0.036276 0.139815
0 800 0.679565 0.336574 0.037485 0.134259
0 801 0.547461 0.083796 0.035671 0.121296
0 802 0.578597 0.129167 0.027811 0.121296
0 803 0.658706 0.232870 0.034462 0.121296
0 804 0.617896 0.226852 0.038694 0.137037
0 805 0.582225 0.225463 0.027811 0.112037
0 807 0.939541 0.042593 0.031439 0.083333
0 810 0.575574 0.100463 0.027811 0.106481
0 811 0.956469 0.301389 0.031439 0.139815
0 812 0.975212 0.287037 0.032648 0.120370
0 813 0.992140 0.284722 0.014510 0.106481
0 814 0.971886 0.205556 0.040508 0.148148
0 815 0.937122 0.265741 0.032648 0.133333
0 816 0.941052 0.168519 0.030834 0.140741
0 817 0.914450 0.250926 0.036880 0.142593
0 818 0.907497 0.171296 0.032648 0.135185
0 820 0.596131 0.034722 0.029021 0.067593
0 821 0.764208 0.375926 0.032648 0.127778
0 822 0.803809 0.390741 0.039299 0.129630
0 823 0.825877 0.400926 0.030230 0.131481
0 824 0.607920 0.121296 0.029625 0.118519
0 826 0.620012 0.135648 0.036880 0.119444
0 827 0.895103 0.131481 0.033253 0.120370
0 828 0.882406 0.231019 0.045345 0.143519
0 829 0.884825 0.205556 0.038089 0.138889
0 830 0.855804 0.154167 0.039299 0.145370
0 831 0.631499 0.098611 0.028416 0.112037
0 832 0.855502 0.232870 0.030230 0.115741
0 833 0.802902 0.193981 0.037485 0.126852
0 834 0.673821 0.130556 0.036880 0.129630
0 836 0.649033 0.059259 0.039299 0.116667
0 837 0.685006 0.051852 0.035067 0.101852
0 838 0.805925 0.269907 0.033857 0.123148
0 839 0.785369 0.254167 0.027811 0.130556
0 840 0.752721 0.251852 0.035067 0.144444
0 841 0.750605 0.139352 0.028416 0.132407
0 842 0.708888 0.060648 0.030834 0.117593
0 843 0.788089 0.368519 0.038089 0.148148
0 844 0.641475 0.139352 0.032648 0.117593
0 845 0.922914 0.210185 0.039299 0.148148
0 846 0.946796 0.233796 0.037485 0.119444
0 847 0.879686 0.184259 0.035067 0.112963
0 848 0.912636 0.122222 0.036880 0.118519
0 851 0.714329 0.141204 0.039299 0.117593
0 852 0.726723 0.118056 0.032648 0.128704
0 853 0.660822 0.099074 0.037485 0.133333
0 854 0.811669 0.248148 0.033253 0.129630
0 856 0.557739 0.094444 0.023579 0.085185
0 857 0.586457 0.084259 0.030230 0.114815
0 858 0.991233 0.230556 0.016324 0.107407
0 859 0.478235 0.300926 0.044740 0.142593
0 860 0.505441 0.301389 0.031439 0.128704
0 861 0.420798 0.031481 0.024184 0.061111
0 862 0.829504 0.186574 0.036276 0.126852
0 863 0.574063 0.124537 0.029625 0.099074
0 864 0.866687 0.139352 0.030834 0.117593
0 866 0.701632 0.147685 0.027207 0.097222
0 917 0.664148 0.026389 0.032044 0.050926
0 919 0.743652 0.030556 0.025393 0.059259
0 928 0.855200 0.037037 0.027207 0.072222
0 940 0.913543 0.228704 0.027811 0.079630
0 951 0.871826 0.024074 0.045949 0.046296
0 1175 0.377267 0.586111 0.037485 0.148148
0 1197 0.067715 0.481481 0.035067 0.146296
0 1198 0.061971 0.526852 0.040508 0.148148
0 1200 0.027509 0.504630 0.038089 0.153704
0 1206 0.092805 0.507870 0.041717 0.154630
0 1284 0.842503 0.393056 0.039299 0.128704
0 1285 0.857013 0.376852 0.033253 0.125926
0 1306 0.262999 0.692130 0.044740 0.165741
0 1307 0.233374 0.675000 0.037485 0.166667
0 1308 0.364268 0.676852 0.047763 0.146296
0 1325 0.229746 0.601389 0.035067 0.136111
0 1326 0.234281 0.588889 0.032044 0.153704
0 1328 0.189541 0.581944 0.042926 0.141667
0 1329 0.198912 0.542130 0.044740 0.154630
0 1330 0.151753 0.570370 0.044740 0.146296
0 1343 0.373337 0.257870 0.033253 0.126852
0 1344 0.394800 0.262037 0.032648 0.129630
0 1412 0.566203 0.573611 0.046554 0.137963
0 1413 0.626058 0.589352 0.046554 0.162037
0 1444 0.249395 0.409259 0.039299 0.131481
0 1445 0.247279 0.449074 0.037485 0.148148
0 1501 0.264510 0.950463 0.041717 0.100926
0 1531 0.104293 0.572685 0.048972 0.171296
0 1549 0.306227 0.800463 0.047763 0.163889
0 1557 0.101270 0.620370 0.041717 0.162963
0 1567 0.333434 0.500926 0.035671 0.146296
0 1570 0.081620 0.644444 0.043531 0.159259
0 1573 0.639661 0.821759 0.037485 0.139815
0 1592 0.357316 0.731481 0.041112 0.164815
0 1594 0.359734 0.757870 0.043531 0.171296
0 1638 0.596131 0.657870 0.042322 0.162037
0 1639 0.622128 0.692593 0.042322 0.162963
0 1640 0.643289 0.668981 0.029021 0.134259
0 1650 0.431983 0.764815 0.048972 0.146296
0 1653 0.685308 0.699537 0.047763 0.141667
0 1654 0.136638 0.817593 0.043531 0.162963
0 1655 0.453748 0.562037 0.032044 0.135185
0 1657 0.435006 0.531481 0.032044 0.137037
0 1660 0.572551 0.807870 0.048368 0.152778
0 1661 0.689541 0.805556 0.053809 0.164815
0 1667 0.643289 0.812500 0.038694 0.123148
0 1668 0.692261 0.860185 0.036276 0.137037
0 1676 0.428960 0.036111 0.034462 0.070370
0 1713 0.815901 0.953241 0.048972 0.093519
0 1714 0.842201 0.954167 0.037485 0.093519
0 1716 0.424426 0.617593 0.047158 0.148148
0 1717 0.445889 0.586574 0.034462 0.150926
0 1719 0.121221 0.898611 0.048972 0.152778
0 1721 0.614268 0.902315 0.045949 0.162037
0 1722 0.644800 0.906481 0.047763 0.161111
0 1723 0.078295 0.906019 0.042926 0.147222
0 1737 0.012394 0.500463 0.023579 0.156481
0 1741 0.985792 0.353704 0.028416 0.120370
0 1742 0.977630 0.405556 0.039903 0.142593
0 1743 0.958585 0.368519 0.039299 0.142593
0 1771 0.601874 0.927778 0.047763 0.142593
0 1772 0.563785 0.927778 0.039299 0.146296
0 1776 0.243652 0.654167 0.037485 0.147222
0 1777 0.295345 0.621759 0.044135 0.152778
0 1778 0.296554 0.671296 0.034462 0.170370
0 1779 0.332225 0.403241 0.034462 0.130556
0 1780 0.318924 0.437500 0.042926 0.149074
0 1781 0.348247 0.421759 0.037485 0.130556
0 1782 0.305320 0.393981 0.037485 0.147222
0 1784 0.943773 0.433796 0.037485 0.136111
0 1785 0.976421 0.435648 0.035067 0.137963
0 1798 0.553204 0.512037 0.043531 0.151852
0 1799 0.412334 0.483796 0.037485 0.143519
0 1800 0.494256 0.487037 0.036880 0.151852
0 1805 0.579807 0.972685 0.045949 0.056481
0 1806 0.568319 0.535185 0.039903 0.142593
0 1809 0.136638 0.765741 0.044740 0.168519
0 1821 0.076481 0.376852 0.032044 0.129630
0 1822 0.060459 0.358333 0.037485 0.142593
0 1823 0.008767 0.343056 0.016324 0.158333
0 1824 0.693773 0.573611 0.048972 0.152778
0 1828 0.750302 0.975000 0.037485 0.050000
0 1829 0.701935 0.959259 0.045949 0.083333
0 1830 0.033253 0.353241 0.036276 0.132407
0 1831 0.691354 0.905556 0.048972 0.151852
0 1832 0.733978 0.896296 0.045949 0.164815
0 1833 0.084039 0.781019 0.041112 0.149074
0 1834 0.098549 0.837963 0.037485 0.162963
0 1835 0.055925 0.839815 0.042926 0.151852
0 1838 0.720073 0.577315 0.038694 0.152778
0 1842 0.803809 0.912037 0.051391 0.164815
0 1848 0.887545 0.804630 0.043531 0.177778
0 1849 0.846131 0.902315 0.046554 0.167593
0 1850 0.863059 0.850463 0.045345 0.182407
0 1852 0.887848 0.736111 0.039299 0.166667
0 1856 0.990024 0.299074 0.018742 0.144444
0 1857 0.843410 0.207407 0.031439 0.127778
0 1858 0.842201 0.490741 0.051995 0.148148
0 1859 0.723096 0.620833 0.041112 0.160185
0 1860 0.761487 0.611574 0.044135 0.156481
0 1862 0.430169 0.390278 0.029625 0.126852
0 1863 0.456167 0.394907 0.034462 0.134259
0 1864 0.863664 0.567130 0.041717 0.156481
0 1865 0.670496 0.375926 0.039903 0.140741
0 1866 0.628476 0.361111 0.052600 0.151852
0 1868 0.142080 0.463889 0.049577 0.144444
0 1869 0.131197 0.499074 0.049577 0.138889
0 1873 0.017836 0.447222 0.034462 0.148148
0 1877 0.010278 0.647685 0.019347 0.163889
0 1878 0.025393 0.668056 0.043531 0.165741
0 1885 0.019347 0.403704 0.037485 0.142593
0 1893 0.789601 0.481944 0.043531 0.145370
0 1894 0.890266 0.519444 0.040508 0.127778
0 1895 0.923216 0.518056 0.036276 0.154630
0 1896 0.854897 0.447222 0.041112 0.140741
0 1897 0.740024 0.234722 0.030230 0.123148
0 1898 0.941657 0.489815 0.042926 0.155556
0 1899 0.166264 0.358333 0.038694 0.129630
0 1900 0.223700 0.350000 0.044740 0.140741
0 1901 0.194982 0.332870 0.029625 0.137963
0 1904 0.939541 0.318056 0.035067 0.132407
0 1906 0.207678 0.382870 0.035671 0.117593
0 1912 0.495466 0.345370 0.034462 0.144444
0 1913 0.886034 0.435185 0.041717 0.140741
0 1914 0.932890 0.340278 0.036276 0.136111
0 1915 0.978537 0.488889 0.032044 0.142593
0 1916 0.874547 0.483796 0.042926 0.139815
0 1920 0.912938 0.490278 0.033857 0.115741
0 1921 0.663543 0.967130 0.041717 0.065741
0 1922 0.301391 0.958333 0.047763 0.085185
0 1926 0.840689 0.586574 0.040508 0.145370
0 1930 0.259976 0.984722 0.030230 0.032407
0 1932 0.113059 0.935648 0.045949 0.130556
0 1933 0.187122 0.877778 0.055018 0.181481
0 1934 0.226723 0.840741 0.053204 0.151852
