0 781 0.019952 0.272685 0.038694 0.132407
0 782 0.072249 0.267593 0.042926 0.148148
0 783 0.043833 0.114815 0.039299 0.137037
0 784 0.123942 0.242593 0.039903 0.146296
0 785 0.122733 0.124074 0.037485 0.120370
0 786 0.167170 0.125463 0.034462 0.134259
0 787 0.190447 0.119444 0.038694 0.133333
0 788 0.107316 0.084722 0.036880 0.134259
0 789 0.162031 0.079167 0.035067 0.128704
0 790 0.136336 0.053241 0.040508 0.102778
0 791 0.526602 0.403704 0.030230 0.124074
0 792 0.313482 0.131944 0.032044 0.117593
0 793 0.501814 0.044907 0.032648 0.087963
0 794 0.525998 0.043056 0.027811 0.084259
0 795 0.438331 0.344444 0.031439 0.135185
0 796 0.493047 0.379630 0.036880 0.138889
0 797 0.501209 0.241204 0.033857 0.128704
0 798 0.466143 0.237963 0.039903 0.131481
0 799 0.615780 0.306019 0.034462 0.128704
0 800 0.655985 0.321759 0.038694 0.149074
0 801 0.542926 0.069444 0.033857 0.118519
0 802 0.577388 0.108796 0.030230 0.128704
0 803 0.652056 0.215741 0.028416 0.120370
0 804 0.607618 0.206944 0.039903 0.132407
0 805 0.575574 0.201852 0.029021 0.109259
0 810 0.569226 0.085185 0.029625 0.107407
0 811 0.951330 0.279167 0.029625 0.125000
0 812 0.977025 0.268519 0.031439 0.124074
0 813 0.993349 0.271759 0.012092 0.106481
0 814 0.972491 0.185648 0.048972 0.141667
0 815 0.937727 0.248611 0.032648 0.125000
0 816 0.941354 0.149537 0.031439 0.134259
0 817 0.914752 0.237963 0.035067 0.135185
0 818 0.909311 0.154167 0.036276 0.132407
0 821 0.744256 0.350000 0.032648 0.124074
0 822 0.774486 0.368519 0.042322 0.142593
0 823 0.801693 0.376852 0.030230 0.131481
0 824 0.607316 0.110648 0.032044 0.108333
0 826 0.622128 0.128241 0.032648 0.126852
0 827 0.907497 0.114815 0.032648 0.120370
0 828 0.887545 0.215741 0.044740 0.144444
0 829 0.891778 0.186111 0.037485 0.129630
0 830 0.867291 0.136574 0.038089 0.139815
0 831 0.630895 0.086574 0.029625 0.117593
0 832 0.863966 0.225000 0.033857 0.120370
0 833 0.818622 0.180093 0.036276 0.128704
0 834 0.671403 0.113426 0.036880 0.128704
0 836 0.651753 0.057870 0.041112 0.113889
0 837 0.692261 0.042130 0.032648 0.082407
0 838 0.811366 0.249537 0.033857 0.123148
0 839 0.790810 0.238889 0.029021 0.131481
0 840 0.760580 0.234722 0.033857 0.143519
0 841 0.732769 0.117130 0.029021 0.132407
0 842 0.717956 0.047685 0.032044 0.093519
0 843 0.772068 0.338889 0.042322 0.140741
0 844 0.643289 0.123611 0.032648 0.117593
0 845 0.929262 0.193056 0.037485 0.137963
0 846 0.949819 0.222685 0.036276 0.117593
0 847 0.880290 0.174537 0.033857 0.110185
0 848 0.915961 0.099074 0.030230 0.103704
0 851 0.707678 0.124074 0.036880 0.107407
0 852 0.707376 0.088889 0.033857 0.112963
0 853 0.661427 0.079630 0.035067 0.129630
0 854 0.814994 0.229167 0.031439 0.117593
0 856 0.561366 0.081481 0.022370 0.083333
0 857 0.583434 0.070370 0.031439 0.112963
0 858 0.990931 0.202778 0.015719 0.107407
0 859 0.454958 0.277315 0.041717 0.143519
0 860 0.486397 0.276389 0.033253 0.126852
0 861 0.419287 0.029167 0.024788 0.056481
0 862 0.838875 0.167593 0.032044 0.112963
0 863 0.577086 0.115741 0.027207 0.096296
0 864 0.884522 0.121759 0.033857 0.112037
0 866 0.691657 0.134259 0.026602 0.090741
0 897 0.976421 0.297685 0.031439 0.137963
0 917 0.663543 0.023148 0.032044 0.044444
0 919 0.753930 0.021759 0.025393 0.041667
0 940 0.916566 0.220370 0.027811 0.079630
0 951 0.862757 0.013889 0.045949 0.025926
0 1175 0.377267 0.584722 0.037485 0.149074
0 1197 0.068017 0.482407 0.033253 0.144444
0 1198 0.061971 0.526389 0.040508 0.147222
0 1200 0.029021 0.502778 0.037485 0.155556
0 1206 0.093108 0.502315 0.039903 0.150926
0 1284 0.842503 0.392130 0.039299 0.125000
0 1285 0.856711 0.375926 0.037485 0.120370
0 1306 0.262394 0.691667 0.044740 0.166667
0 1307 0.235490 0.675926 0.038089 0.168519
0 1308 0.369407 0.674074 0.038694 0.146296
0 1325 0.230351 0.601389 0.035067 0.139815
0 1326 0.234885 0.584259 0.030834 0.148148
0 1328 0.191657 0.583796 0.042322 0.134259
0 1329 0.198912 0.540741 0.044740 0.155556
0 1330 0.153567 0.568056 0.044740 0.147222
0 1343 0.373640 0.253241 0.033857 0.126852
0 1344 0.394800 0.261111 0.032648 0.129630
0 1412 0.579807 0.555556 0.043531 0.137037
0 1413 0.635127 0.566667 0.045345 0.155556
0 1444 0.244559 0.404167 0.040508 0.139815
0 1445 0.244861 0.440278 0.033857 0.145370
0 1501 0.265719 0.950926 0.041717 0.100000
0 1531 0.116082 0.546759 0.043531 0.149074
0 1549 0.307134 0.798611 0.049577 0.163889
0 1557 0.105200 0.599537 0.041112 0.160185
0 1567 0.334946 0.499537 0.036276 0.143519
0 1570 0.108222 0.646296 0.042322 0.153704
0 1573 0.615478 0.792130 0.044740 0.132407
0 1592 0.357316 0.728704 0.041112 0.161111
0 1594 0.359432 0.757407 0.042926 0.170370
0 1638 0.591294 0.654167 0.043531 0.163889
0 1639 0.621826 0.683333 0.042926 0.162963
0 1640 0.642684 0.662500 0.029021 0.134259
0 1650 0.431378 0.765741 0.047763 0.148148
0 1653 0.683495 0.698611 0.051391 0.147222
0 1654 0.191959 0.796296 0.045345 0.157407
0 1655 0.453748 0.560648 0.032044 0.136111
0 1657 0.437122 0.527778 0.035067 0.129630
0 1660 0.549577 0.771759 0.053204 0.147222
0 1661 0.664752 0.786574 0.048972 0.167593
0 1667 0.607013 0.787963 0.033857 0.129630
0 1668 0.663241 0.824074 0.037485 0.118519
0 1676 0.422007 0.036574 0.032648 0.071296
0 1713 0.800484 0.938889 0.045949 0.122222
0 1714 0.831923 0.940278 0.038694 0.119444
0 1716 0.424426 0.615741 0.047158 0.148148
0 1717 0.448307 0.587963 0.035671 0.148148
0 1719 0.120012 0.875926 0.050181 0.155556
0 1721 0.595526 0.868056 0.044740 0.167593
0 1722 0.630593 0.869907 0.044740 0.165741
0 1723 0.078295 0.879167 0.041717 0.143519
0 1737 0.013906 0.479630 0.026602 0.150000
0 1741 0.982164 0.349537 0.035671 0.123148
0 1742 0.966445 0.390741 0.039299 0.146296
0 1743 0.959794 0.350463 0.041717 0.123148
0 1771 0.599154 0.905556 0.048368 0.155556
0 1772 0.565296 0.907407 0.043531 0.168519
0 1776 0.243652 0.656944 0.038694 0.154630
0 1777 0.295345 0.620370 0.046554 0.155556
0 1778 0.294740 0.671759 0.036880 0.156481
0 1779 0.332830 0.408333 0.036880 0.131481
0 1780 0.316203 0.442593 0.042322 0.153704
0 1781 0.346131 0.423148 0.039299 0.133333
0 1782 0.305320 0.400000 0.037485 0.150000
0 1784 0.928658 0.403241 0.038694 0.134259
0 1785 0.955562 0.409722 0.038089 0.143519
0 1788 0.128779 0.969444 0.043531 0.062963
0 1794 0.088271 0.952315 0.048368 0.097222
0 1798 0.527811 0.498148 0.048368 0.155556
0 1799 0.413543 0.483333 0.038694 0.144444
0 1800 0.463724 0.476852 0.044740 0.148148
0 1801 0.980351 0.970370 0.033253 0.059259
0 1805 0.581318 0.950000 0.051391 0.101852
0 1806 0.568319 0.515741 0.039903 0.144444
0 1809 0.132709 0.755556 0.047763 0.162963
0 1821 0.092503 0.357407 0.030230 0.120370
0 1822 0.077993 0.340278 0.036276 0.139815
0 1823 0.019347 0.314815 0.037485 0.142593
0 1824 0.677751 0.543981 0.045949 0.143519
0 1827 0.529021 0.969907 0.030230 0.060185
0 1828 0.736397 0.951389 0.041112 0.099074
0 1829 0.698307 0.935185 0.048368 0.129630
0 1830 0.050181 0.332407 0.033857 0.131481
0 1831 0.694680 0.877315 0.045949 0.158333
0 1832 0.734281 0.860185 0.045345 0.168519
0 1833 0.081620 0.771759 0.041112 0.149074
0 1834 0.100363 0.813426 0.042322 0.165741
0 1835 0.052902 0.817130 0.045345 0.156481
0 1837 0.625453 0.963889 0.040508 0.070370
0 1838 0.707074 0.544907 0.034462 0.149074
0 1842 0.807134 0.881944 0.051995 0.167593
0 1848 0.877872 0.804167 0.045949 0.176852
0 1849 0.840992 0.873611 0.044740 0.167593
0 1850 0.859734 0.834722 0.039903 0.182407
0 1852 0.883918 0.734259 0.038694 0.170370
0 1856 0.976421 0.290741 0.026602 0.133333
0 1857 0.845224 0.208333 0.031439 0.124074
0 1858 0.842503 0.472222 0.051391 0.150000
0 1859 0.720073 0.591667 0.037485 0.159259
0 1860 0.753930 0.570370 0.045949 0.153704
0 1862 0.425635 0.375926 0.031439 0.127778
0 1863 0.452842 0.383333 0.031439 0.140741
0 1864 0.827086 0.524074 0.037485 0.157407
0 1865 0.658404 0.350926 0.036276 0.142593
0 1866 0.620919 0.339815 0.049577 0.148148
0 1868 0.146010 0.444907 0.041717 0.128704
0 1869 0.139057 0.487500 0.045949 0.145370
0 1873 0.032044 0.425463 0.045949 0.150926
0 1877 0.008162 0.615278 0.015115 0.160185
0 1878 0.027207 0.648148 0.042322 0.162963
0 1885 0.032044 0.381481 0.037485 0.140741
0 1891 0.007860 0.383333 0.014510 0.142593
0 1893 0.792322 0.459722 0.044135 0.143519
0 1894 0.901149 0.495833 0.038089 0.123148
0 1895 0.928053 0.493981 0.041112 0.145370
0 1896 0.860943 0.425000 0.038694 0.140741
0 1897 0.741838 0.218519 0.032648 0.125926
0 1898 0.941354 0.461111 0.039903 0.153704
0 1899 0.147823 0.362500 0.035671 0.132407
0 1900 0.201632 0.345833 0.040508 0.139815
0 1901 0.172310 0.324074 0.032648 0.140741
0 1904 0.934099 0.303704 0.035067 0.131481
0 1906 0.177751 0.382407 0.035067 0.118519
0 1912 0.460097 0.324074 0.029021 0.137037
0 1913 0.891475 0.416667 0.039299 0.138889
0 1914 0.933495 0.325463 0.037485 0.130556
0 1915 0.973096 0.463889 0.032044 0.142593
0 1916 0.878174 0.465278 0.039299 0.137963
0 1920 0.917473 0.463426 0.030834 0.110185
0 1921 0.660218 0.947222 0.047158 0.105556
0 1922 0.248186 0.962500 0.048972 0.076852
0 1926 0.797461 0.549537 0.049577 0.143519
0 1930 0.208283 0.986111 0.029625 0.029630
0 1932 0.075574 0.925000 0.048368 0.151852
0 1933 0.154474 0.879167 0.052600 0.178704
0 1934 0.199516 0.853241 0.049577 0.167593
