0 778 0.027811 0.230556 0.037485 0.129630
0 779 0.055925 0.230093 0.039299 0.143519
0 780 0.070133 0.197685 0.036276 0.136111
0 781 0.110036 0.191204 0.042322 0.132407
0 782 0.160822 0.174537 0.041112 0.145370
0 783 0.085248 0.044444 0.032648 0.087037
0 784 0.219468 0.103704 0.033857 0.138889
0 785 0.166264 0.042130 0.035067 0.082407
0 786 0.202539 0.054630 0.033857 0.107407
0 787 0.227328 0.044907 0.037485 0.087963
0 788 0.151451 0.034722 0.035671 0.067593
0 791 0.514813 0.272222 0.032044 0.120370
0 792 0.358525 0.075926 0.032648 0.118519
0 795 0.308948 0.268519 0.037485 0.140741
0 796 0.470677 0.243056 0.041717 0.134259
0 797 0.483676 0.143056 0.032648 0.115741
0 798 0.439843 0.143056 0.039299 0.132407
0 799 0.494559 0.213889 0.032648 0.125926
0 800 0.541112 0.215741 0.037485 0.127778
0 801 0.547461 0.028241 0.032044 0.054630
0 802 0.583736 0.058796 0.029625 0.115741
0 803 0.610641 0.121759 0.027811 0.115741
0 804 0.581016 0.117593 0.035067 0.131481
0 805 0.551088 0.116204 0.032044 0.104630
0 811 0.951632 0.203241 0.035067 0.123148
0 812 0.964329 0.193981 0.030230 0.126852
0 814 0.979746 0.101852 0.039299 0.135185
0 815 0.932285 0.172222 0.032648 0.112963
0 816 0.946796 0.081944 0.032648 0.125000
0 817 0.905683 0.173611 0.035067 0.134259
0 818 0.922612 0.092130 0.037485 0.132407
0 821 0.668984 0.230093 0.036880 0.123148
0 822 0.701028 0.264352 0.039299 0.152778
0 823 0.724305 0.264352 0.030230 0.121296
0 826 0.623942 0.070833 0.032648 0.110185
0 828 0.912938 0.159259 0.042322 0.146296
0 829 0.912031 0.126852 0.035671 0.125926
0 833 0.870012 0.133333 0.033857 0.135185
0 834 0.667170 0.057407 0.033253 0.105556
0 838 0.829807 0.181481 0.034462 0.129630
0 839 0.816505 0.182407 0.032044 0.135185
0 840 0.793531 0.168056 0.032044 0.139815
0 841 0.705865 0.044907 0.030834 0.087963
0 843 0.699214 0.222685 0.036880 0.134259
0 844 0.649335 0.057870 0.032648 0.113889
0 845 0.941354 0.119444 0.037485 0.135185
0 846 0.968561 0.141667 0.036276 0.118519
0 847 0.904172 0.104630 0.032044 0.124074
0 849 0.988513 0.268519 0.021765 0.142593
0 850 0.988210 0.193519 0.022370 0.135185
0 851 0.685006 0.081944 0.037485 0.110185
0 852 0.707376 0.033796 0.033857 0.065741
0 853 0.663845 0.031019 0.035067 0.060185
0 854 0.840085 0.161111 0.032044 0.111111
0 856 0.569528 0.039815 0.022975 0.077778
0 859 0.373035 0.168519 0.036276 0.127778
0 860 0.412334 0.163889 0.041112 0.124074
0 861 0.411125 0.025000 0.021765 0.048148
0 862 0.894196 0.123148 0.032648 0.112963
0 863 0.570133 0.043519 0.022975 0.085185
0 864 0.911729 0.045833 0.032648 0.089815
0 865 0.671705 0.084722 0.025393 0.087963
0 866 0.669589 0.080556 0.027207 0.090741
0 1175 0.376663 0.576852 0.036276 0.153704
0 1197 0.063785 0.487963 0.035671 0.142593
0 1198 0.060762 0.525463 0.040508 0.141667
0 1200 0.032346 0.500463 0.036880 0.156481
0 1206 0.097037 0.491204 0.036880 0.149074
0 1284 0.835852 0.378704 0.036880 0.135185
0 1285 0.840992 0.359722 0.036276 0.121296
0 1306 0.259069 0.687963 0.044135 0.170370
0 1307 0.237001 0.670833 0.048368 0.167593
0 1308 0.372128 0.667130 0.036880 0.145370
0 1325 0.230955 0.600463 0.035067 0.149074
0 1326 0.234885 0.573611 0.029625 0.139815
0 1328 0.191657 0.571759 0.042322 0.134259
0 1329 0.198005 0.533796 0.046554 0.156481
0 1330 0.148730 0.557870 0.043531 0.149074
0 1343 0.373337 0.244907 0.034462 0.126852
0 1344 0.394800 0.255556 0.032648 0.129630
0 1412 0.609734 0.474074 0.044135 0.127778
0 1413 0.662636 0.495370 0.043531 0.142593
0 1444 0.241233 0.384259 0.037485 0.142593
0 1445 0.252418 0.401389 0.034462 0.145370
0 1501 0.270254 0.946759 0.041112 0.108333
0 1531 0.211004 0.499537 0.039903 0.139815
0 1549 0.308343 0.788889 0.051995 0.164815
0 1557 0.125453 0.498611 0.039299 0.156481
0 1567 0.338271 0.496296 0.036880 0.140741
0 1570 0.184401 0.659259 0.037485 0.153704
0 1573 0.536276 0.700000 0.037485 0.135185
0 1592 0.357013 0.716667 0.040508 0.157407
0 1594 0.357920 0.754630 0.038694 0.168519
0 1638 0.580411 0.624074 0.044740 0.157407
0 1639 0.618803 0.656019 0.044135 0.162037
0 1640 0.639057 0.634722 0.029021 0.134259
0 1650 0.429867 0.756944 0.047158 0.149074
0 1653 0.684704 0.689815 0.051391 0.150000
0 1654 0.347340 0.693056 0.042926 0.154630
0 1655 0.452842 0.554630 0.033857 0.137037
0 1657 0.444075 0.515741 0.044135 0.107407
0 1660 0.497582 0.662963 0.050786 0.153704
0 1661 0.570435 0.686574 0.045345 0.167593
0 1667 0.530834 0.670370 0.035067 0.125926
0 1668 0.583132 0.728704 0.036880 0.125926
0 1676 0.411729 0.031944 0.031439 0.062037
0 1703 0.986699 0.335185 0.025393 0.114815
0 1713 0.763603 0.853241 0.044740 0.165741
0 1714 0.794740 0.861111 0.041717 0.151852
0 1716 0.425937 0.608796 0.045345 0.149074
0 1717 0.458283 0.592593 0.037485 0.137037
0 1719 0.094921 0.792593 0.047158 0.162963
0 1721 0.542322 0.750000 0.044740 0.168519
0 1722 0.578295 0.756944 0.046554 0.165741
0 1723 0.052600 0.783333 0.043531 0.153704
0 1736 0.015115 0.387500 0.029021 0.128704
0 1737 0.044740 0.391204 0.042322 0.143519
0 1741 0.974909 0.293981 0.032044 0.126852
0 1742 0.949819 0.331481 0.039903 0.142593
0 1743 0.951632 0.298611 0.037485 0.123148
0 1771 0.604897 0.800000 0.045345 0.174074
0 1772 0.567110 0.797222 0.039903 0.159259
0 1776 0.245768 0.657407 0.041717 0.168519
0 1777 0.293229 0.614352 0.051995 0.165741
0 1778 0.292019 0.657407 0.036276 0.162963
0 1779 0.333736 0.385185 0.035067 0.124074
0 1780 0.311971 0.431019 0.043531 0.150926
0 1781 0.343410 0.413426 0.039903 0.134259
0 1782 0.301088 0.397222 0.032648 0.142593
0 1784 0.867594 0.309259 0.036276 0.131481
0 1785 0.896614 0.306944 0.039903 0.149074
0 1788 0.146010 0.874537 0.040508 0.165741
0 1794 0.110036 0.861574 0.048368 0.187963
0 1798 0.439541 0.460185 0.045949 0.148148
0 1799 0.424426 0.466667 0.039903 0.146296
0 1800 0.417775 0.435648 0.031439 0.137963
0 1801 0.925937 0.885648 0.044135 0.180556
0 1802 0.896614 0.919907 0.051995 0.162037
0 1803 0.983374 0.804630 0.032044 0.164815
0 1804 0.948609 0.785648 0.055623 0.167593
0 1805 0.588875 0.871759 0.060459 0.182407
0 1806 0.536276 0.390741 0.038694 0.135185
0 1809 0.124244 0.675463 0.046554 0.180556
0 1818 0.910520 0.645370 0.044740 0.174074
0 1819 0.947400 0.638426 0.043531 0.158333
0 1821 0.189843 0.266667 0.033857 0.120370
0 1822 0.160218 0.255556 0.039903 0.137037
0 1823 0.096131 0.225926 0.037485 0.140741
0 1824 0.642684 0.445370 0.045949 0.140741
0 1827 0.544438 0.865741 0.041717 0.129630
0 1828 0.738210 0.798611 0.041112 0.134259
0 1829 0.703144 0.790741 0.049577 0.164815
0 1830 0.114873 0.250463 0.033857 0.132407
0 1831 0.720979 0.730093 0.041717 0.160185
0 1832 0.755139 0.719907 0.043531 0.167593
0 1833 0.089782 0.715278 0.048972 0.149074
0 1834 0.110641 0.725463 0.043531 0.162037
0 1835 0.044135 0.727778 0.037485 0.157407
0 1837 0.628779 0.807870 0.032648 0.128704
0 1838 0.672612 0.449537 0.036880 0.136111
0 1842 0.797461 0.801852 0.050786 0.185185
0 1843 0.772370 0.979630 0.038089 0.042593
0 1848 0.863362 0.756481 0.043531 0.179630
0 1849 0.813180 0.767593 0.044740 0.168519
0 1850 0.840992 0.775463 0.039903 0.176852
0 1852 0.881499 0.697222 0.039903 0.174074
0 1856 0.880895 0.260648 0.031439 0.136111
0 1857 0.860036 0.217593 0.036880 0.124074
0 1858 0.865780 0.411111 0.044740 0.146296
0 1859 0.704958 0.456481 0.038694 0.146296
0 1860 0.726119 0.435648 0.041112 0.149074
0 1862 0.416264 0.316204 0.034462 0.128704
0 1863 0.439541 0.316667 0.031439 0.138889
0 1864 0.710399 0.362963 0.036276 0.148148
0 1865 0.626965 0.242593 0.037485 0.129630
0 1866 0.588875 0.236574 0.049577 0.143519
0 1868 0.191657 0.361574 0.042322 0.143519
0 1869 0.180169 0.390741 0.042322 0.146296
0 1872 0.012999 0.424537 0.024788 0.154630
0 1873 0.097340 0.321759 0.038694 0.139815
0 1878 0.014208 0.531019 0.027207 0.147222
0 1885 0.100060 0.291667 0.036880 0.140741
0 1890 0.004232 0.307407 0.007255 0.157407
0 1891 0.052297 0.288426 0.039299 0.143519
0 1893 0.820738 0.399074 0.035671 0.140741
0 1894 0.937122 0.407870 0.033857 0.115741
0 1895 0.960701 0.406019 0.037485 0.137963
0 1896 0.889057 0.364815 0.036880 0.140741
0 1897 0.766929 0.167593 0.032044 0.129630
0 1898 0.941354 0.365278 0.037485 0.150926
0 1899 0.090689 0.368981 0.035067 0.132407
0 1900 0.127570 0.360648 0.035067 0.139815
0 1901 0.116687 0.344444 0.032648 0.140741
0 1904 0.925030 0.246759 0.035067 0.128704
0 1906 0.103990 0.400000 0.033857 0.120370
0 1912 0.327690 0.239352 0.037485 0.137963
0 1913 0.904474 0.350000 0.035067 0.135185
0 1914 0.935913 0.276852 0.038694 0.124074
0 1915 0.979141 0.389352 0.034462 0.126852
0 1916 0.896010 0.395370 0.043531 0.137037
0 1920 0.921403 0.367593 0.030230 0.107407
0 1921 0.661427 0.802315 0.044740 0.158333
0 1922 0.059855 0.933333 0.053204 0.135185
0 1923 0.314994 0.966204 0.037485 0.069444
0 1925 0.983978 0.416667 0.030834 0.146296
0 1926 0.687727 0.384722 0.036880 0.141667
0 1927 0.271463 0.981944 0.041112 0.037963
0 1929 0.204958 0.985185 0.031439 0.031481
0 1930 0.016929 0.970370 0.032648 0.061111
0 1933 0.028416 0.846759 0.050786 0.180556
0 1934 0.069831 0.829167 0.044135 0.162037
