0 778 0.015417 0.255556 0.029625 0.129630
0 779 0.037787 0.257407 0.039299 0.148148
0 780 0.045949 0.223148 0.036276 0.137037
0 781 0.086759 0.211574 0.041717 0.132407
0 782 0.136336 0.199537 0.041717 0.143519
0 783 0.076784 0.055556 0.032648 0.109259
0 784 0.195284 0.142130 0.035067 0.139815
0 785 0.155381 0.053704 0.037485 0.101852
0 786 0.197098 0.066204 0.033857 0.121296
0 787 0.225514 0.062963 0.037485 0.124074
0 788 0.138452 0.046296 0.037485 0.090741
0 789 0.183495 0.039815 0.032044 0.077778
0 791 0.523579 0.300926 0.032648 0.120370
0 792 0.349758 0.091667 0.032044 0.118519
0 795 0.343712 0.288889 0.034462 0.135185
0 796 0.482164 0.276852 0.048972 0.135185
0 797 0.489722 0.169444 0.032648 0.118519
0 798 0.446191 0.168981 0.039903 0.132407
0 799 0.527207 0.240741 0.032648 0.125926
0 800 0.574063 0.234259 0.039299 0.124074
0 801 0.547158 0.040278 0.032648 0.078704
0 802 0.581923 0.067593 0.029625 0.127778
0 803 0.617291 0.144907 0.027811 0.115741
0 804 0.584643 0.138889 0.035067 0.131481
0 805 0.558343 0.133796 0.032044 0.104630
0 810 0.559250 0.045833 0.030230 0.089815
0 811 0.954353 0.221759 0.034462 0.123148
0 812 0.969770 0.215278 0.030230 0.126852
0 814 0.977630 0.126389 0.043531 0.137963
0 815 0.934704 0.195370 0.032648 0.112963
0 816 0.944377 0.100000 0.032648 0.125926
0 817 0.908706 0.191204 0.035067 0.134259
0 818 0.918984 0.109722 0.037485 0.132407
0 821 0.692866 0.262500 0.035067 0.123148
0 822 0.717352 0.294444 0.039299 0.151852
0 823 0.740326 0.296759 0.029625 0.125000
0 824 0.607316 0.065278 0.028416 0.102778
0 826 0.622733 0.086111 0.032648 0.124074
0 827 0.932285 0.063889 0.032648 0.118519
0 828 0.903265 0.172222 0.042322 0.146296
0 829 0.905683 0.141667 0.037485 0.125926
0 830 0.897219 0.076852 0.037485 0.135185
0 833 0.860943 0.143519 0.033857 0.135185
0 834 0.667473 0.068519 0.036276 0.116667
0 838 0.824063 0.192593 0.035067 0.129630
0 839 0.807134 0.193981 0.032648 0.134259
0 840 0.783555 0.184259 0.032648 0.140741
0 841 0.691052 0.061111 0.029021 0.120370
0 843 0.720073 0.252315 0.037485 0.136111
0 844 0.649335 0.076852 0.032648 0.118519
0 845 0.936820 0.137963 0.036880 0.135185
0 846 0.963120 0.164815 0.036276 0.118519
0 847 0.898428 0.129167 0.032648 0.119444
0 848 0.918682 0.037500 0.029625 0.073148
0 850 0.987304 0.197685 0.024184 0.134259
0 851 0.691052 0.095833 0.037485 0.110185
0 852 0.694680 0.041667 0.033857 0.081481
0 853 0.663845 0.048148 0.035067 0.094444
0 854 0.828597 0.177315 0.032044 0.117593
0 856 0.570435 0.051389 0.022370 0.080556
0 857 0.583434 0.035185 0.032648 0.068519
0 858 0.993652 0.146296 0.010278 0.081481
0 859 0.396917 0.204167 0.040508 0.137963
0 860 0.442563 0.198611 0.035067 0.123148
0 861 0.413241 0.025926 0.023579 0.050000
0 862 0.883918 0.135185 0.032648 0.112963
0 863 0.571947 0.058796 0.027811 0.093519
0 864 0.907195 0.060648 0.032044 0.108333
0 865 0.675030 0.102315 0.024788 0.087963
0 866 0.671100 0.091667 0.026602 0.090741
0 1175 0.376965 0.579167 0.036880 0.152778
0 1197 0.064087 0.489815 0.038694 0.142593
0 1198 0.061366 0.525463 0.041717 0.141667
0 1200 0.031741 0.500463 0.036880 0.156481
0 1206 0.095224 0.491204 0.036880 0.147222
0 1284 0.836155 0.382407 0.036276 0.135185
0 1285 0.842201 0.360648 0.037485 0.121296
0 1306 0.259976 0.689352 0.044740 0.169444
0 1307 0.239420 0.672685 0.047158 0.167593
0 1308 0.370919 0.671759 0.033253 0.145370
0 1325 0.231560 0.600926 0.035067 0.148148
0 1326 0.235490 0.575463 0.029625 0.139815
0 1328 0.191657 0.572685 0.042322 0.134259
0 1329 0.198307 0.536111 0.045949 0.155556
0 1330 0.153567 0.560648 0.043531 0.149074
0 1343 0.373640 0.245833 0.035067 0.126852
0 1344 0.394800 0.257407 0.032648 0.129630
0 1412 0.604293 0.493056 0.044135 0.132407
0 1413 0.651753 0.514352 0.044740 0.147222
0 1444 0.245768 0.387037 0.040508 0.142593
0 1445 0.251511 0.406481 0.033857 0.146296
0 1501 0.270859 0.948611 0.042322 0.104630
0 1531 0.188029 0.503704 0.039903 0.137037
0 1549 0.309553 0.792130 0.053204 0.165741
0 1557 0.116989 0.529167 0.042926 0.156481
0 1567 0.338271 0.496296 0.036880 0.140741
0 1570 0.170496 0.650000 0.042322 0.153704
0 1573 0.551693 0.725926 0.036880 0.135185
0 1592 0.357013 0.720370 0.040508 0.157407
0 1594 0.358222 0.754630 0.039299 0.168519
0 1638 0.581016 0.629630 0.048368 0.161111
0 1639 0.620314 0.658796 0.044740 0.162037
0 1640 0.639057 0.643981 0.029021 0.134259
0 1650 0.430472 0.757870 0.047158 0.149074
0 1653 0.686518 0.693056 0.051391 0.149074
0 1654 0.317715 0.715741 0.041717 0.159259
0 1655 0.452842 0.556019 0.033857 0.136111
0 1657 0.442866 0.515741 0.044135 0.107407
0 1660 0.509674 0.686574 0.050786 0.154630
0 1661 0.589480 0.714352 0.049577 0.167593
0 1667 0.546856 0.709722 0.034462 0.143519
0 1668 0.599154 0.751389 0.037485 0.126852
0 1676 0.412334 0.032870 0.031439 0.063889
0 1713 0.771765 0.875463 0.050181 0.169444
0 1714 0.800786 0.875000 0.041717 0.153704
0 1716 0.425635 0.610648 0.045949 0.149074
0 1717 0.455562 0.591204 0.036880 0.139815
0 1719 0.111245 0.809722 0.044740 0.162037
0 1721 0.555018 0.779630 0.044740 0.168519
0 1722 0.591294 0.776389 0.047158 0.165741
0 1723 0.061669 0.807407 0.043531 0.153704
0 1736 0.011185 0.417593 0.021161 0.129630
0 1737 0.042322 0.412500 0.042322 0.143519
0 1741 0.976723 0.309259 0.032044 0.125926
0 1742 0.959492 0.346296 0.039903 0.142593
0 1743 0.953144 0.314352 0.039299 0.123148
0 1771 0.599758 0.826852 0.048368 0.174074
0 1772 0.562878 0.821296 0.038694 0.159259
0 1776 0.244256 0.660185 0.041112 0.168519
0 1777 0.295042 0.616204 0.051995 0.165741
0 1778 0.293229 0.662500 0.036276 0.160185
0 1779 0.334341 0.387963 0.037485 0.129630
0 1780 0.320435 0.434259 0.042322 0.153704
0 1781 0.344317 0.425000 0.039299 0.135185
0 1782 0.301088 0.400926 0.032648 0.142593
0 1784 0.885127 0.331481 0.037485 0.131481
0 1785 0.914148 0.332870 0.039903 0.149074
0 1788 0.148126 0.908333 0.043531 0.168519
0 1794 0.114268 0.893056 0.048368 0.186111
0 1798 0.460399 0.470833 0.048972 0.149074
0 1799 0.420798 0.473611 0.039903 0.145370
0 1800 0.418077 0.448611 0.033253 0.141667
0 1801 0.939238 0.916667 0.044135 0.168519
0 1802 0.908706 0.937500 0.051995 0.126852
0 1804 0.962515 0.834259 0.055623 0.181481
0 1805 0.583736 0.896296 0.061064 0.179630
0 1806 0.551088 0.423148 0.040508 0.146296
0 1809 0.125151 0.699537 0.047158 0.167593
0 1818 0.936820 0.686111 0.046554 0.174074
0 1819 0.975816 0.686111 0.042322 0.175926
0 1821 0.159311 0.287037 0.034462 0.120370
0 1822 0.133313 0.275463 0.034462 0.139815
0 1823 0.074365 0.249074 0.037485 0.140741
0 1824 0.649335 0.464352 0.047158 0.143519
0 1827 0.540508 0.894444 0.041112 0.129630
0 1828 0.727932 0.844444 0.042322 0.144444
0 1829 0.696493 0.836574 0.051995 0.175000
0 1830 0.096131 0.275000 0.033857 0.131481
0 1831 0.713120 0.768056 0.042926 0.160185
0 1832 0.749395 0.757870 0.044135 0.167593
0 1833 0.084643 0.731944 0.048368 0.149074
0 1834 0.108222 0.749537 0.043531 0.165741
0 1835 0.043229 0.752315 0.041717 0.156481
0 1837 0.627267 0.861574 0.032044 0.132407
0 1838 0.676542 0.462037 0.037485 0.144444
0 1842 0.804111 0.823148 0.050786 0.185185
0 1848 0.875151 0.773148 0.046554 0.187037
0 1849 0.821040 0.794444 0.044740 0.168519
0 1850 0.850665 0.785185 0.039903 0.181481
0 1852 0.888150 0.721296 0.039903 0.174074
0 1856 0.915357 0.268056 0.027811 0.132407
0 1857 0.866989 0.212963 0.033857 0.124074
0 1858 0.857920 0.424074 0.044740 0.140741
0 1859 0.705260 0.488889 0.040508 0.148148
0 1860 0.735490 0.467593 0.044135 0.148148
0 1862 0.417775 0.333796 0.035067 0.128704
0 1863 0.439541 0.335185 0.031439 0.140741
0 1864 0.743047 0.406019 0.037485 0.154630
0 1865 0.635429 0.276389 0.037485 0.137963
0 1866 0.597944 0.260648 0.049577 0.143519
0 1868 0.181378 0.377315 0.045949 0.130556
0 1869 0.172612 0.417593 0.041717 0.146296
0 1872 0.005744 0.453704 0.010278 0.153704
0 1873 0.074970 0.339815 0.038694 0.140741
0 1878 0.019952 0.562037 0.038694 0.164815
0 1885 0.077690 0.315741 0.036880 0.140741
0 1891 0.036880 0.311574 0.039903 0.143519
0 1893 0.808343 0.409259 0.037485 0.140741
0 1894 0.928053 0.431944 0.033857 0.115741
0 1895 0.955865 0.425926 0.036276 0.140741
0 1896 0.883615 0.381481 0.036880 0.140741
0 1897 0.756651 0.178704 0.033253 0.129630
0 1898 0.941354 0.386574 0.037485 0.150926
0 1899 0.101270 0.366204 0.034462 0.132407
0 1900 0.145707 0.350463 0.035067 0.139815
0 1901 0.124244 0.335185 0.032044 0.140741
0 1904 0.923821 0.263426 0.035067 0.128704
0 1906 0.117896 0.393981 0.033857 0.121296
0 1912 0.362757 0.268056 0.039903 0.134259
0 1913 0.903869 0.367593 0.035067 0.135185
0 1914 0.935308 0.289815 0.038694 0.124074
0 1915 0.971282 0.399074 0.034462 0.125926
0 1916 0.890568 0.410648 0.047158 0.137963
0 1920 0.923216 0.392593 0.030230 0.107407
0 1921 0.658404 0.843519 0.043531 0.162963
0 1922 0.103688 0.941667 0.053809 0.114815
0 1923 0.381499 0.976852 0.037485 0.048148
0 1925 0.982164 0.444907 0.034462 0.149074
0 1926 0.718259 0.425463 0.035067 0.143519
0 1930 0.073156 0.972685 0.035067 0.056481
0 1932 0.014510 0.891667 0.027811 0.185185
0 1933 0.060157 0.853241 0.062273 0.178704
0 1934 0.103386 0.843981 0.043531 0.160185
