0 778 0.003023 0.288889 0.004837 0.129630
0 779 0.016929 0.291204 0.032648 0.149074
0 780 0.012092 0.254167 0.022975 0.137963
0 781 0.053809 0.241204 0.042322 0.132407
0 782 0.103688 0.233796 0.041717 0.147222
0 783 0.064087 0.077315 0.037485 0.130556
0 784 0.159915 0.193519 0.036880 0.140741
0 785 0.142080 0.080556 0.037485 0.120370
0 786 0.178960 0.094907 0.033857 0.134259
0 787 0.207376 0.087963 0.037485 0.131481
0 788 0.123337 0.062037 0.037485 0.122222
0 789 0.171705 0.059259 0.035067 0.116667
0 790 0.150544 0.037037 0.039903 0.072222
0 791 0.530230 0.353241 0.029021 0.121296
0 792 0.335248 0.109722 0.032044 0.117593
0 793 0.502116 0.032870 0.028416 0.063889
0 795 0.390871 0.315278 0.032044 0.134259
0 796 0.485490 0.329167 0.041112 0.139815
0 797 0.493652 0.206481 0.033253 0.125926
0 798 0.454051 0.200926 0.039903 0.131481
0 799 0.570133 0.272685 0.036276 0.126852
0 800 0.623640 0.286111 0.038089 0.153704
0 801 0.547158 0.052778 0.032648 0.103704
0 802 0.577993 0.087037 0.030230 0.129630
0 803 0.639057 0.180093 0.027811 0.115741
0 804 0.593108 0.170370 0.033857 0.131481
0 805 0.565901 0.168056 0.031439 0.104630
0 810 0.562273 0.059259 0.030230 0.103704
0 811 0.954051 0.249537 0.032648 0.123148
0 812 0.976421 0.242130 0.030230 0.126852
0 814 0.974607 0.156944 0.049577 0.137963
0 815 0.938331 0.224074 0.032648 0.112963
0 816 0.941959 0.122685 0.032648 0.126852
0 817 0.912334 0.214352 0.035067 0.134259
0 818 0.913845 0.131944 0.036880 0.132407
0 821 0.721282 0.306019 0.032648 0.123148
0 822 0.739117 0.335185 0.041717 0.146296
0 823 0.767836 0.341667 0.030230 0.129630
0 824 0.607316 0.088426 0.030834 0.106481
0 826 0.622128 0.106944 0.032648 0.126852
0 827 0.922914 0.090741 0.032044 0.120370
0 828 0.895103 0.192130 0.042926 0.145370
0 829 0.899033 0.162963 0.037485 0.125926
0 830 0.882709 0.109259 0.037485 0.135185
0 831 0.634220 0.066204 0.030230 0.119444
0 832 0.867594 0.191667 0.035067 0.120370
0 833 0.841596 0.160648 0.035067 0.132407
0 834 0.668682 0.089352 0.037485 0.125000
0 838 0.818319 0.221759 0.034462 0.125000
0 839 0.798972 0.217130 0.030834 0.132407
0 840 0.771765 0.210185 0.033253 0.142593
0 841 0.705865 0.092130 0.029625 0.132407
0 842 0.721282 0.033333 0.032648 0.064815
0 843 0.748186 0.295833 0.039299 0.139815
0 844 0.646312 0.100000 0.032648 0.118519
0 845 0.932890 0.164815 0.037485 0.135185
0 846 0.955865 0.193981 0.036276 0.117593
0 847 0.887545 0.153241 0.033857 0.110185
0 848 0.918077 0.059259 0.027207 0.098148
0 851 0.695889 0.109722 0.036276 0.110185
0 852 0.688029 0.060185 0.033857 0.107407
0 853 0.662031 0.061111 0.035067 0.120370
0 854 0.818924 0.198148 0.032044 0.118519
0 856 0.570738 0.066204 0.021765 0.082407
0 857 0.581016 0.053241 0.032648 0.104630
0 858 0.992140 0.165741 0.013301 0.090741
0 859 0.425333 0.237500 0.041717 0.141667
0 860 0.462213 0.233796 0.034462 0.123148
0 861 0.418077 0.027778 0.024788 0.053704
0 862 0.864571 0.149074 0.032648 0.112963
0 863 0.577993 0.083796 0.027811 0.093519
0 864 0.901451 0.092130 0.032648 0.112037
0 866 0.678960 0.117593 0.026602 0.090741
0 1175 0.376965 0.581944 0.036880 0.150926
0 1197 0.066203 0.487500 0.036880 0.143519
0 1198 0.061669 0.525926 0.041112 0.144444
0 1200 0.031137 0.500463 0.036880 0.156481
0 1206 0.093410 0.494907 0.038089 0.147222
0 1284 0.845224 0.386574 0.037485 0.126852
0 1285 0.848247 0.364815 0.037485 0.120370
0 1306 0.261185 0.690278 0.044740 0.167593
0 1307 0.237908 0.675463 0.040508 0.169444
0 1308 0.371826 0.672685 0.032648 0.145370
0 1325 0.230955 0.601389 0.035067 0.145370
0 1326 0.236699 0.578241 0.029625 0.139815
0 1328 0.191657 0.578241 0.042322 0.134259
0 1329 0.198609 0.537963 0.045345 0.155556
0 1330 0.156590 0.565278 0.043531 0.149074
0 1343 0.373640 0.246759 0.035067 0.126852
0 1344 0.394800 0.259259 0.032648 0.129630
0 1412 0.594317 0.522685 0.043531 0.132407
0 1413 0.644498 0.538426 0.044740 0.149074
0 1444 0.245163 0.394907 0.041717 0.143519
0 1445 0.247884 0.423611 0.033857 0.145370
0 1501 0.271765 0.951852 0.041717 0.098148
0 1531 0.147219 0.521296 0.040508 0.137037
0 1549 0.308646 0.795370 0.051391 0.164815
0 1557 0.109432 0.566204 0.041112 0.167593
0 1567 0.337364 0.497222 0.036276 0.140741
0 1570 0.141475 0.650000 0.042322 0.153704
0 1573 0.579807 0.754167 0.038694 0.134259
0 1592 0.357013 0.724537 0.040508 0.156481
0 1594 0.358827 0.756019 0.040508 0.169444
0 1638 0.586457 0.638889 0.044740 0.164815
0 1639 0.621221 0.669907 0.044135 0.162037
0 1640 0.640871 0.653241 0.029021 0.134259
0 1650 0.431076 0.761574 0.047158 0.149074
0 1653 0.685308 0.699074 0.052600 0.150000
0 1654 0.266022 0.763889 0.049577 0.162963
0 1655 0.453446 0.558796 0.032648 0.136111
0 1657 0.439843 0.521759 0.039299 0.119444
0 1660 0.529021 0.731481 0.051995 0.164815
0 1661 0.620919 0.748611 0.049577 0.167593
0 1667 0.571342 0.750000 0.033857 0.133333
0 1668 0.633011 0.787500 0.037485 0.126852
0 1676 0.414148 0.036111 0.031439 0.070370
0 1713 0.782044 0.911111 0.046554 0.162963
0 1714 0.821644 0.911574 0.042322 0.163889
0 1716 0.425030 0.613426 0.045949 0.149074
0 1717 0.451935 0.589352 0.035671 0.143519
0 1719 0.117594 0.835185 0.048972 0.162963
0 1721 0.575574 0.824074 0.044740 0.168519
0 1722 0.615478 0.818981 0.047158 0.165741
0 1723 0.070435 0.834722 0.041717 0.143519
0 1736 0.005744 0.444444 0.010278 0.129630
0 1737 0.028416 0.443056 0.042322 0.143519
0 1741 0.979444 0.328704 0.032648 0.125926
0 1742 0.958283 0.367593 0.039903 0.142593
0 1743 0.955865 0.333796 0.041112 0.123148
0 1771 0.596735 0.864815 0.048368 0.172222
0 1772 0.559250 0.853241 0.043531 0.160185
0 1776 0.243349 0.660185 0.040508 0.164815
0 1777 0.295345 0.618519 0.048972 0.161111
0 1778 0.294740 0.669907 0.036880 0.156481
0 1779 0.333736 0.400000 0.037485 0.129630
0 1780 0.321040 0.438426 0.042322 0.154630
0 1781 0.344619 0.422222 0.039903 0.135185
0 1782 0.302902 0.402315 0.035067 0.147222
0 1784 0.906892 0.359259 0.039903 0.131481
0 1785 0.931076 0.372685 0.039903 0.149074
0 1788 0.142080 0.936111 0.043531 0.129630
0 1794 0.103990 0.922685 0.048368 0.156481
0 1798 0.493954 0.485648 0.054414 0.154630
0 1799 0.415961 0.481944 0.039903 0.145370
0 1800 0.434704 0.465741 0.036276 0.148148
0 1801 0.961911 0.944907 0.043531 0.108333
0 1802 0.929262 0.963889 0.049577 0.074074
0 1804 0.976119 0.887500 0.046554 0.163889
0 1805 0.577993 0.924074 0.056832 0.153704
0 1806 0.565296 0.467593 0.041112 0.146296
0 1809 0.130290 0.736111 0.047763 0.168519
0 1818 0.967050 0.750926 0.050181 0.181481
0 1821 0.121221 0.314352 0.032044 0.121296
0 1822 0.101270 0.303241 0.032044 0.139815
0 1823 0.047763 0.278704 0.037485 0.140741
0 1824 0.662636 0.500463 0.047158 0.143519
0 1827 0.536880 0.936574 0.042322 0.126852
0 1828 0.729141 0.909259 0.042322 0.151852
0 1829 0.697098 0.897685 0.051995 0.178704
0 1830 0.074970 0.301852 0.033857 0.131481
0 1831 0.699516 0.825463 0.044740 0.160185
0 1832 0.735187 0.806019 0.043531 0.167593
0 1833 0.083434 0.753241 0.043531 0.149074
0 1834 0.105502 0.778241 0.044135 0.165741
0 1835 0.047461 0.779167 0.042926 0.156481
0 1837 0.623035 0.922685 0.036880 0.134259
0 1838 0.687424 0.503704 0.035067 0.155556
0 1842 0.801693 0.845833 0.050786 0.180556
0 1848 0.880895 0.793056 0.047158 0.184259
0 1849 0.830713 0.833796 0.044740 0.167593
0 1850 0.858222 0.811574 0.039299 0.182407
0 1852 0.884220 0.732870 0.039299 0.173148
0 1856 0.950423 0.276389 0.027811 0.132407
0 1857 0.858222 0.209722 0.032044 0.123148
0 1858 0.846131 0.446759 0.048972 0.149074
0 1859 0.715840 0.534722 0.042322 0.149074
0 1860 0.744861 0.518981 0.045949 0.149074
0 1862 0.419891 0.356019 0.034462 0.128704
0 1863 0.446191 0.359259 0.031439 0.140741
0 1864 0.788996 0.467593 0.041112 0.153704
0 1865 0.643289 0.312963 0.037485 0.140741
0 1866 0.610339 0.302315 0.048972 0.145370
0 1868 0.163241 0.405093 0.045949 0.128704
0 1869 0.154776 0.456481 0.044740 0.146296
0 1873 0.056530 0.389815 0.044135 0.151852
0 1877 0.005139 0.566204 0.009069 0.154630
0 1878 0.029323 0.605093 0.039299 0.162037
0 1885 0.053507 0.342593 0.036880 0.140741
0 1891 0.017231 0.345833 0.033253 0.143519
0 1893 0.797763 0.431481 0.042926 0.140741
0 1894 0.916264 0.462500 0.034462 0.115741
0 1895 0.938936 0.459259 0.041112 0.146296
0 1896 0.871524 0.400000 0.036880 0.140741
0 1897 0.744256 0.194444 0.035067 0.129630
0 1898 0.941657 0.421759 0.036880 0.150926
0 1899 0.121221 0.366204 0.034462 0.132407
0 1900 0.170193 0.339352 0.035671 0.139815
0 1901 0.146917 0.332407 0.032648 0.140741
0 1904 0.926239 0.283796 0.035067 0.128704
0 1906 0.144800 0.386574 0.034462 0.125000
0 1912 0.410520 0.297685 0.035067 0.126852
0 1913 0.899033 0.390741 0.035067 0.135185
0 1914 0.934099 0.305556 0.038694 0.124074
0 1915 0.968863 0.429167 0.033253 0.136111
0 1916 0.883918 0.437963 0.041112 0.137037
0 1920 0.923216 0.430093 0.030230 0.106481
0 1921 0.654776 0.899537 0.044740 0.143519
0 1922 0.175030 0.953241 0.048972 0.095370
0 1925 0.984583 0.482870 0.028416 0.158333
0 1926 0.748489 0.485185 0.042322 0.142593
0 1930 0.141475 0.983796 0.029021 0.034259
0 1931 0.052297 0.984259 0.040508 0.033333
0 1932 0.030532 0.913426 0.051391 0.173148
0 1933 0.110943 0.869907 0.053809 0.178704
0 1934 0.153567 0.857407 0.049577 0.159259
