0 778 0.041112 0.215278 0.036276 0.121296
0 779 0.067412 0.212963 0.040508 0.138889
0 780 0.084039 0.178241 0.036276 0.132407
0 781 0.124547 0.178241 0.042322 0.130556
0 782 0.177146 0.156944 0.041112 0.145370
0 783 0.085248 0.033333 0.032648 0.064815
0 784 0.240024 0.082407 0.033857 0.137037
0 785 0.173519 0.035648 0.029021 0.069444
0 786 0.203144 0.049537 0.033857 0.097222
0 787 0.224002 0.037037 0.036880 0.072222
0 788 0.160218 0.028241 0.032648 0.054630
0 791 0.508767 0.254630 0.032044 0.120370
0 792 0.364571 0.073148 0.032648 0.118519
0 795 0.289601 0.251852 0.038694 0.135185
0 796 0.468561 0.229167 0.042322 0.134259
0 797 0.475816 0.132870 0.032648 0.115741
0 798 0.434704 0.130093 0.038694 0.130556
0 799 0.475816 0.197222 0.032648 0.125926
0 800 0.518440 0.201389 0.034462 0.121296
0 801 0.546554 0.021759 0.029021 0.041667
0 802 0.582830 0.052315 0.030230 0.102778
0 803 0.607013 0.106944 0.027811 0.115741
0 804 0.578597 0.104630 0.035067 0.131481
0 805 0.546856 0.106944 0.032044 0.104630
0 811 0.949819 0.190278 0.035067 0.123148
0 812 0.961911 0.180556 0.030230 0.125926
0 814 0.980955 0.086574 0.036880 0.134259
0 815 0.928658 0.163889 0.032648 0.112963
0 816 0.948005 0.070370 0.032648 0.124074
0 817 0.903869 0.162500 0.035067 0.134259
0 818 0.924426 0.081019 0.037485 0.132407
0 821 0.657497 0.211574 0.036880 0.123148
0 822 0.690750 0.246759 0.039299 0.150926
0 823 0.713422 0.245833 0.030230 0.121296
0 826 0.625151 0.061574 0.032648 0.100926
0 828 0.926542 0.149074 0.041717 0.146296
0 829 0.916566 0.118056 0.035067 0.126852
0 833 0.876058 0.127778 0.033857 0.135185
0 834 0.667170 0.050463 0.032044 0.099074
0 838 0.833434 0.175000 0.034462 0.129630
0 839 0.822551 0.176389 0.032044 0.134259
0 840 0.801088 0.164352 0.032648 0.139815
0 841 0.720073 0.032407 0.030230 0.062963
0 843 0.688331 0.208796 0.036880 0.134259
0 844 0.649335 0.052778 0.032648 0.103704
0 845 0.944982 0.108333 0.037485 0.135185
0 846 0.971584 0.127778 0.036276 0.118519
0 847 0.905079 0.086111 0.032648 0.124074
0 849 0.980048 0.251852 0.027811 0.142593
0 850 0.989722 0.203704 0.019347 0.135185
0 851 0.683797 0.069444 0.036276 0.107407
0 852 0.718561 0.025463 0.034462 0.049074
0 853 0.667775 0.028241 0.033253 0.054630
0 854 0.848851 0.153704 0.031439 0.109259
0 856 0.568622 0.034722 0.022370 0.067593
0 859 0.360339 0.151852 0.038694 0.127778
0 860 0.398730 0.144444 0.036880 0.116667
0 861 0.412334 0.025000 0.021765 0.048148
0 862 0.900242 0.117593 0.032648 0.112963
0 863 0.567715 0.037037 0.025393 0.072222
0 864 0.915357 0.040278 0.032648 0.078704
0 865 0.669891 0.074537 0.025393 0.087963
0 866 0.668380 0.074074 0.027207 0.090741
0 1175 0.376663 0.575463 0.036276 0.154630
0 1197 0.063785 0.487037 0.034462 0.142593
0 1198 0.060459 0.525000 0.039903 0.142593
0 1200 0.032346 0.500463 0.036880 0.156481
0 1206 0.098247 0.491204 0.036880 0.150926
0 1284 0.833132 0.377315 0.037485 0.132407
0 1285 0.840992 0.360185 0.036276 0.120370
0 1306 0.258464 0.687500 0.044135 0.171296
0 1307 0.235187 0.670833 0.048368 0.167593
0 1308 0.373035 0.664352 0.038694 0.145370
0 1325 0.230653 0.600463 0.034462 0.149074
0 1326 0.234281 0.572685 0.029625 0.139815
0 1328 0.191657 0.570833 0.042322 0.134259
0 1329 0.198005 0.533796 0.046554 0.156481
0 1330 0.145707 0.556019 0.043531 0.149074
0 1343 0.373337 0.244444 0.034462 0.127778
0 1344 0.394800 0.254630 0.032648 0.129630
0 1412 0.611548 0.466204 0.044135 0.125000
0 1413 0.671705 0.484722 0.043531 0.139815
0 1444 0.238513 0.383333 0.035671 0.142593
0 1445 0.253023 0.399074 0.034462 0.146296
0 1501 0.269649 0.946296 0.041112 0.109259
0 1531 0.227630 0.498611 0.039299 0.147222
0 1549 0.307739 0.787037 0.051995 0.164815
0 1557 0.129686 0.484722 0.039299 0.156481
0 1567 0.338271 0.495370 0.036880 0.140741
0 1570 0.195586 0.673148 0.036880 0.153704
0 1573 0.529625 0.687963 0.037485 0.135185
0 1592 0.357316 0.716667 0.039903 0.157407
0 1594 0.357618 0.754630 0.039299 0.168519
0 1638 0.581318 0.624074 0.044135 0.157407
0 1639 0.617896 0.653241 0.044740 0.162037
0 1640 0.638452 0.630093 0.029021 0.134259
0 1650 0.429262 0.756019 0.047158 0.149074
0 1653 0.684099 0.687963 0.051391 0.150000
0 1654 0.363966 0.687963 0.044740 0.151852
0 1655 0.453748 0.553704 0.035671 0.137037
0 1657 0.444680 0.515741 0.044135 0.107407
0 1660 0.494256 0.653704 0.050181 0.153704
0 1661 0.558948 0.669444 0.041717 0.168519
0 1667 0.527207 0.659259 0.035067 0.125926
0 1668 0.574667 0.719444 0.036880 0.125926
0 1676 0.411125 0.031019 0.031439 0.060185
0 1703 0.983676 0.328704 0.030230 0.109259
0 1713 0.758464 0.846296 0.047763 0.164815
0 1714 0.795647 0.857407 0.042322 0.151852
0 1716 0.426542 0.607870 0.045345 0.149074
0 1717 0.459492 0.594444 0.037485 0.137037
0 1719 0.087666 0.766667 0.048368 0.155556
0 1721 0.540508 0.741204 0.044740 0.167593
0 1722 0.571644 0.747222 0.046554 0.164815
0 1723 0.050786 0.767130 0.042322 0.145370
0 1736 0.018440 0.369444 0.035671 0.129630
0 1737 0.050181 0.374537 0.042322 0.143519
0 1741 0.973096 0.286574 0.032044 0.126852
0 1742 0.950121 0.323148 0.039299 0.142593
0 1743 0.950726 0.290278 0.036880 0.123148
0 1771 0.610036 0.783796 0.043531 0.171296
0 1772 0.571947 0.785185 0.041112 0.159259
0 1776 0.246372 0.656481 0.041717 0.168519
0 1777 0.292624 0.612500 0.051995 0.165741
0 1778 0.291717 0.655556 0.036880 0.164815
0 1779 0.334946 0.385185 0.035067 0.124074
0 1780 0.316505 0.431019 0.041717 0.154630
0 1781 0.343410 0.413426 0.039903 0.134259
0 1782 0.301088 0.395370 0.032648 0.142593
0 1784 0.856409 0.296296 0.034462 0.131481
0 1785 0.882709 0.294907 0.039903 0.149074
0 1788 0.140266 0.854167 0.038694 0.165741
0 1794 0.103386 0.841667 0.048368 0.187037
0 1798 0.440145 0.460185 0.044740 0.148148
0 1799 0.426844 0.462037 0.039903 0.146296
0 1800 0.418984 0.434722 0.031439 0.137963
0 1801 0.919891 0.868056 0.044135 0.178704
0 1802 0.886034 0.898611 0.055018 0.162037
0 1803 0.980351 0.783333 0.038089 0.164815
0 1804 0.935308 0.760648 0.055623 0.154630
0 1805 0.592503 0.857870 0.059250 0.182407
0 1806 0.531439 0.370833 0.038694 0.125000
0 1809 0.123942 0.659722 0.045949 0.187963
0 1817 0.003930 0.744907 0.006651 0.154630
0 1818 0.897823 0.623148 0.044740 0.174074
0 1819 0.931378 0.613889 0.042926 0.157407
0 1821 0.207678 0.256481 0.032044 0.120370
0 1822 0.177751 0.246296 0.037485 0.137037
0 1823 0.109432 0.215741 0.037485 0.140741
0 1824 0.644498 0.442130 0.044740 0.139815
0 1827 0.549577 0.854630 0.042322 0.129630
0 1828 0.745466 0.775926 0.041112 0.135185
0 1829 0.708585 0.764815 0.049577 0.164815
0 1830 0.124849 0.237963 0.034462 0.125926
0 1831 0.719770 0.709722 0.040508 0.156481
0 1832 0.753325 0.699074 0.043531 0.168519
0 1833 0.091898 0.703241 0.048368 0.149074
0 1834 0.113059 0.712500 0.043531 0.160185
0 1835 0.045345 0.711574 0.037485 0.156481
0 1837 0.629988 0.783796 0.032648 0.128704
0 1838 0.670798 0.443981 0.036880 0.132407
0 1842 0.797763 0.794444 0.052600 0.185185
0 1843 0.732164 0.971296 0.042322 0.059259
0 1848 0.855502 0.746296 0.041112 0.175926
0 1849 0.807739 0.752778 0.044740 0.168519
0 1850 0.841898 0.775000 0.040508 0.177778
0 1852 0.878174 0.682407 0.039299 0.174074
0 1853 0.361548 0.975463 0.045949 0.050926
0 1856 0.857013 0.255556 0.034462 0.138889
0 1857 0.855502 0.220370 0.038694 0.124074
0 1858 0.871221 0.403241 0.044740 0.149074
0 1859 0.704353 0.439815 0.038694 0.146296
0 1860 0.719770 0.417130 0.039299 0.149074
0 1862 0.415357 0.305093 0.035067 0.128704
0 1863 0.442563 0.306481 0.031439 0.137037
0 1864 0.694982 0.338889 0.036880 0.148148
0 1865 0.622128 0.234259 0.036276 0.129630
0 1866 0.584946 0.221759 0.047763 0.143519
0 1868 0.195889 0.343056 0.042322 0.143519
0 1869 0.186215 0.376852 0.042322 0.146296
0 1872 0.015719 0.406944 0.030230 0.149074
0 1873 0.114571 0.307870 0.039299 0.134259
0 1878 0.009069 0.515278 0.016929 0.139815
0 1885 0.113664 0.277778 0.036276 0.140741
0 1890 0.011487 0.293519 0.021765 0.157407
0 1891 0.060762 0.272222 0.038089 0.142593
0 1893 0.831923 0.400000 0.037485 0.140741
0 1894 0.940750 0.393981 0.033857 0.115741
0 1895 0.960701 0.393056 0.037485 0.137963
0 1896 0.889057 0.353704 0.036880 0.140741
0 1897 0.773579 0.160648 0.030834 0.128704
0 1898 0.940750 0.351389 0.037485 0.150926
0 1899 0.086457 0.374537 0.035067 0.132407
0 1900 0.122128 0.368981 0.035067 0.141667
0 1901 0.111850 0.350926 0.032648 0.140741
0 1904 0.922310 0.238426 0.034462 0.128704
0 1906 0.096735 0.404167 0.033857 0.121296
0 1912 0.312576 0.227315 0.035067 0.137963
0 1913 0.901451 0.338889 0.035067 0.135185
0 1914 0.933495 0.267593 0.038694 0.124074
0 1915 0.980351 0.380093 0.034462 0.126852
0 1916 0.899637 0.386111 0.041112 0.137037
0 1920 0.920193 0.352778 0.030230 0.107407
0 1921 0.668077 0.775000 0.044740 0.151852
0 1922 0.027207 0.929630 0.053204 0.142593
0 1923 0.277509 0.958333 0.036276 0.085185
0 1925 0.986699 0.402778 0.025393 0.146296
0 1926 0.665961 0.356019 0.034462 0.137963
0 1927 0.231560 0.975000 0.042322 0.051852
0 1929 0.155079 0.976389 0.041717 0.049074
0 1933 0.018742 0.844907 0.036276 0.184259
0 1934 0.053507 0.825463 0.044135 0.163889
