0 777 0.043229 0.121759 0.044135 0.137963
0 778 0.132406 0.102315 0.036276 0.115741
0 779 0.155381 0.101852 0.039903 0.135185
0 780 0.188029 0.079167 0.035067 0.128704
0 781 0.226421 0.081944 0.038089 0.123148
0 782 0.266626 0.061574 0.042322 0.119444
0 791 0.462213 0.145833 0.032044 0.112037
0 792 0.447098 0.036111 0.034462 0.070370
0 795 0.204353 0.137963 0.035067 0.135185
0 796 0.441657 0.124074 0.036880 0.122222
0 797 0.381499 0.045833 0.039903 0.089815
0 798 0.345526 0.051389 0.034462 0.100926
0 799 0.353386 0.126852 0.032044 0.125926
0 800 0.379988 0.106944 0.032044 0.121296
0 804 0.557437 0.031944 0.035067 0.062037
0 805 0.529927 0.033333 0.027207 0.064815
0 811 0.956469 0.104630 0.035067 0.133333
0 812 0.984281 0.099537 0.029021 0.110185
0 815 0.928658 0.089352 0.036276 0.112037
0 817 0.897219 0.068519 0.033857 0.112963
0 821 0.623942 0.097222 0.026602 0.124074
0 822 0.646614 0.113889 0.035671 0.135185
0 823 0.668682 0.125926 0.029021 0.118519
0 838 0.901451 0.130556 0.031439 0.129630
0 839 0.879686 0.118981 0.030230 0.134259
0 840 0.862455 0.126852 0.032044 0.131481
0 843 0.649033 0.087963 0.033253 0.124074
0 849 0.963724 0.142130 0.037485 0.143519
0 851 0.730048 0.026389 0.027207 0.050926
0 854 0.897823 0.109722 0.031439 0.110185
0 855 0.985187 0.166204 0.028416 0.121296
0 859 0.228537 0.046296 0.037485 0.090741
0 860 0.248489 0.043056 0.032648 0.084259
0 861 0.424426 0.025463 0.021765 0.049074
0 862 0.944680 0.051389 0.032044 0.100926
0 865 0.714933 0.024537 0.024788 0.047222
0 866 0.713422 0.026852 0.026602 0.051852
0 1175 0.382709 0.569907 0.037485 0.156481
0 1197 0.071947 0.457407 0.035067 0.142593
0 1198 0.063482 0.514352 0.036276 0.145370
0 1200 0.037787 0.487500 0.033253 0.156481
0 1206 0.104897 0.487963 0.038089 0.157407
0 1284 0.828295 0.377778 0.038694 0.129630
0 1285 0.844921 0.354630 0.034462 0.124074
0 1306 0.268138 0.682870 0.044135 0.171296
0 1307 0.244559 0.664352 0.045345 0.173148
0 1308 0.378174 0.660648 0.034462 0.145370
0 1325 0.228839 0.592130 0.034462 0.149074
0 1326 0.238513 0.565741 0.029625 0.140741
0 1328 0.192866 0.567130 0.042322 0.134259
0 1329 0.200121 0.533796 0.042322 0.156481
0 1330 0.159613 0.546759 0.043531 0.149074
0 1343 0.379988 0.238889 0.034462 0.129630
0 1344 0.402056 0.244444 0.032648 0.129630
0 1412 0.653567 0.397685 0.044740 0.121296
0 1413 0.736094 0.424537 0.042926 0.137963
0 1444 0.244559 0.381481 0.035671 0.142593
0 1445 0.243349 0.421759 0.033253 0.145370
0 1490 0.959492 0.940741 0.044740 0.116667
0 1501 0.257557 0.955093 0.049577 0.091667
0 1531 0.308343 0.454630 0.038694 0.157407
0 1549 0.311971 0.781481 0.051995 0.164815
0 1555 0.981862 0.957407 0.033857 0.085185
0 1556 0.958585 0.967593 0.033253 0.064815
0 1557 0.208283 0.408333 0.033253 0.157407
0 1567 0.340992 0.482870 0.037485 0.132407
0 1570 0.289601 0.715741 0.038694 0.168519
0 1573 0.521765 0.643519 0.037485 0.135185
0 1592 0.359734 0.712037 0.039903 0.157407
0 1594 0.363059 0.747222 0.039299 0.168519
0 1638 0.585852 0.624074 0.044740 0.162963
0 1639 0.620919 0.644444 0.044740 0.162963
0 1640 0.640266 0.625926 0.029021 0.131481
0 1650 0.437424 0.747685 0.046554 0.149074
0 1653 0.688936 0.696759 0.051391 0.143519
0 1654 0.492745 0.622685 0.038694 0.154630
0 1655 0.458888 0.543981 0.041112 0.143519
0 1657 0.448609 0.508333 0.044740 0.107407
0 1660 0.506046 0.600000 0.042322 0.153704
0 1661 0.547158 0.626852 0.042322 0.151852
0 1667 0.541717 0.608333 0.030230 0.125926
0 1668 0.552297 0.686574 0.036880 0.126852
0 1676 0.409915 0.026852 0.031439 0.051852
0 1702 0.709794 0.977315 0.037485 0.047222
0 1703 0.970979 0.256944 0.032648 0.104630
0 1713 0.748489 0.794444 0.044740 0.164815
0 1714 0.785067 0.812037 0.041717 0.151852
0 1716 0.428356 0.598148 0.044135 0.150000
0 1717 0.462817 0.589352 0.036880 0.137963
0 1719 0.088875 0.671759 0.044740 0.154630
0 1721 0.536578 0.699537 0.044135 0.165741
0 1722 0.565296 0.708333 0.047158 0.164815
0 1723 0.048368 0.657407 0.039903 0.140741
0 1736 0.119710 0.271759 0.033857 0.125000
0 1737 0.161729 0.280556 0.039299 0.140741
0 1741 0.957074 0.217593 0.030230 0.125926
0 1742 0.931681 0.257407 0.039903 0.129630
0 1743 0.938936 0.227778 0.036276 0.124074
0 1771 0.662636 0.672222 0.042322 0.175926
0 1772 0.625756 0.689815 0.041112 0.151852
0 1776 0.243349 0.644444 0.041717 0.168519
0 1777 0.297461 0.611111 0.044740 0.164815
0 1778 0.300484 0.661111 0.037485 0.175926
0 1779 0.331318 0.384259 0.035067 0.129630
0 1780 0.312576 0.433333 0.042322 0.151852
0 1781 0.346433 0.418981 0.038694 0.126852
0 1782 0.291717 0.388426 0.038089 0.143519
0 1784 0.743047 0.250000 0.036276 0.131481
0 1785 0.753023 0.242593 0.034462 0.148148
0 1788 0.116082 0.731019 0.037485 0.162037
0 1792 0.745768 0.977315 0.039299 0.045370
0 1794 0.090085 0.711574 0.043531 0.178704
0 1797 0.980351 0.871296 0.038089 0.190741
0 1798 0.501814 0.415278 0.039903 0.154630
0 1799 0.472793 0.404630 0.032648 0.146296
0 1800 0.464027 0.381481 0.039299 0.142593
0 1801 0.922310 0.747222 0.044135 0.174074
0 1802 0.893591 0.776389 0.049577 0.156481
0 1803 0.920798 0.635185 0.050786 0.157407
0 1804 0.877872 0.625000 0.051995 0.168519
0 1805 0.647521 0.764352 0.054414 0.171296
0 1806 0.479444 0.286111 0.035067 0.129630
0 1807 0.003023 0.539815 0.004837 0.170370
0 1809 0.137243 0.479167 0.039903 0.165741
0 1817 0.012999 0.598611 0.024788 0.143519
0 1818 0.804716 0.468056 0.042322 0.165741
0 1819 0.830109 0.447685 0.043531 0.147222
0 1821 0.269649 0.202315 0.032648 0.115741
0 1822 0.254837 0.185648 0.024788 0.137963
0 1823 0.176542 0.147685 0.032648 0.134259
0 1824 0.645103 0.431481 0.043531 0.140741
0 1825 0.026300 0.681944 0.048972 0.149074
0 1826 0.008162 0.659259 0.015115 0.185185
0 1827 0.609129 0.759722 0.038089 0.128704
0 1828 0.762999 0.611111 0.041112 0.129630
0 1829 0.726723 0.602315 0.042322 0.160185
0 1830 0.212213 0.171759 0.035067 0.121296
0 1831 0.668380 0.583796 0.041717 0.143519
0 1832 0.704353 0.571296 0.038694 0.168519
0 1833 0.111245 0.600926 0.048368 0.151852
0 1834 0.136034 0.607407 0.039903 0.159259
0 1835 0.067110 0.610185 0.039903 0.148148
0 1837 0.690750 0.658796 0.032044 0.115741
0 1838 0.671705 0.430556 0.036276 0.135185
0 1842 0.689238 0.773611 0.065296 0.160185
0 1843 0.456771 0.936111 0.053809 0.125926
0 1846 0.355502 0.968519 0.041112 0.064815
0 1848 0.785067 0.743519 0.042926 0.175926
0 1849 0.760278 0.716204 0.044135 0.150926
0 1850 0.831620 0.738426 0.046554 0.182407
0 1852 0.839178 0.562037 0.039903 0.153704
0 1853 0.228235 0.831481 0.053809 0.175926
0 1855 0.321644 0.939352 0.048368 0.123148
0 1856 0.799879 0.220833 0.037485 0.141667
0 1857 0.816203 0.204630 0.036276 0.124074
0 1858 0.915659 0.332870 0.047763 0.145370
0 1859 0.638150 0.306019 0.039299 0.143519
0 1860 0.655381 0.293981 0.035067 0.134259
0 1861 0.796252 0.389352 0.045949 0.139815
0 1862 0.446493 0.200463 0.034462 0.125000
0 1863 0.469166 0.206944 0.035067 0.130556
0 1864 0.611245 0.208333 0.037485 0.142593
0 1865 0.607316 0.143519 0.034462 0.137037
0 1866 0.575272 0.115278 0.044135 0.126852
0 1867 0.009976 0.451389 0.018742 0.139815
0 1868 0.257860 0.250463 0.041717 0.132407
0 1869 0.224305 0.258333 0.041112 0.116667
0 1870 0.022975 0.273148 0.033857 0.140741
0 1871 0.055320 0.291204 0.042926 0.150926
0 1872 0.092201 0.288889 0.038089 0.140741
0 1873 0.224002 0.209722 0.036880 0.123148
0 1878 0.019649 0.397685 0.034462 0.149074
0 1884 0.007255 0.212500 0.013301 0.143519
0 1885 0.156892 0.195370 0.036880 0.140741
0 1890 0.076179 0.192593 0.043531 0.146296
0 1891 0.129686 0.178241 0.039299 0.134259
0 1892 0.986397 0.332407 0.025998 0.146296
0 1893 0.884522 0.353704 0.042322 0.135185
0 1894 0.917473 0.298611 0.034462 0.115741
0 1895 0.954353 0.297685 0.034462 0.137963
0 1896 0.863362 0.252778 0.037485 0.140741
0 1897 0.832527 0.147222 0.030230 0.129630
0 1898 0.909311 0.241204 0.032648 0.132407
0 1899 0.047763 0.418981 0.036276 0.139815
0 1900 0.075877 0.398148 0.034462 0.146296
0 1901 0.076179 0.375000 0.032648 0.140741
0 1902 0.971282 0.333333 0.036880 0.122222
0 1904 0.899637 0.180093 0.031439 0.128704
0 1906 0.066505 0.431944 0.033857 0.121296
0 1909 0.055925 0.234259 0.044135 0.148148
0 1910 0.007557 0.169444 0.013906 0.135185
0 1912 0.240326 0.112037 0.038089 0.133333
0 1913 0.888755 0.232870 0.035067 0.134259
0 1914 0.912636 0.189352 0.036880 0.123148
0 1915 0.932285 0.287500 0.030230 0.126852
0 1916 0.912031 0.308796 0.039299 0.137963
0 1918 0.044135 0.290278 0.032648 0.149074
0 1920 0.910520 0.242593 0.030230 0.103704
0 1921 0.699819 0.625000 0.036880 0.151852
0 1923 0.013301 0.931019 0.025393 0.139815
0 1926 0.557134 0.209722 0.033253 0.128704
0 1945 0.026602 0.372685 0.032648 0.154630
