0 777 0.009069 0.183796 0.016929 0.137963
0 778 0.083434 0.158796 0.037485 0.115741
0 779 0.107013 0.156019 0.039903 0.134259
0 780 0.139661 0.135648 0.037485 0.132407
0 781 0.181378 0.134259 0.042322 0.124074
0 782 0.227932 0.107870 0.041112 0.134259
0 784 0.299577 0.038426 0.032044 0.075000
0 786 0.171705 0.029167 0.035067 0.056481
0 787 0.186820 0.025000 0.035067 0.048148
0 791 0.479141 0.202315 0.032044 0.112037
0 792 0.416264 0.050926 0.034462 0.100000
0 795 0.240931 0.203241 0.038089 0.134259
0 796 0.454655 0.185185 0.037485 0.131481
0 797 0.447703 0.090278 0.032044 0.115741
0 798 0.410822 0.086111 0.036880 0.120370
0 799 0.402358 0.156019 0.032044 0.126852
0 800 0.442866 0.156481 0.032044 0.120370
0 803 0.600967 0.065741 0.027811 0.111111
0 804 0.571040 0.060648 0.034462 0.119444
0 805 0.544740 0.068981 0.027811 0.104630
0 811 0.950423 0.146759 0.035067 0.126852
0 812 0.968259 0.135648 0.029625 0.110185
0 814 0.987606 0.042593 0.023579 0.083333
0 815 0.922612 0.132870 0.032648 0.113889
0 817 0.902358 0.121759 0.034462 0.130556
0 821 0.643894 0.157407 0.032648 0.124074
0 822 0.659008 0.182870 0.039903 0.145370
0 823 0.680774 0.194444 0.029021 0.124074
0 826 0.633615 0.033796 0.032648 0.065741
0 828 0.964027 0.120370 0.041717 0.146296
0 829 0.925937 0.081019 0.032044 0.117593
0 838 0.863059 0.152778 0.033253 0.129630
0 839 0.845828 0.153241 0.030230 0.134259
0 840 0.829504 0.151389 0.032648 0.139815
0 843 0.665961 0.153704 0.036880 0.133333
0 844 0.651753 0.032407 0.032648 0.062963
0 845 0.951028 0.071296 0.037485 0.122222
0 846 0.981862 0.093981 0.033857 0.117593
0 849 0.961306 0.188426 0.037485 0.143519
0 851 0.694075 0.048611 0.030230 0.095370
0 854 0.874244 0.144444 0.031439 0.114815
0 859 0.295042 0.096296 0.039903 0.131481
0 860 0.322854 0.085185 0.033857 0.118519
0 861 0.423216 0.023611 0.021765 0.045370
0 862 0.923821 0.095370 0.032648 0.112963
0 863 0.572249 0.025926 0.025998 0.050000
0 865 0.682890 0.046759 0.025998 0.076852
0 866 0.687727 0.048148 0.027207 0.083333
0 1175 0.379686 0.572685 0.036276 0.154630
0 1197 0.064994 0.474074 0.034462 0.142593
0 1198 0.060459 0.522685 0.036276 0.145370
0 1200 0.034764 0.495833 0.035671 0.156481
0 1206 0.103083 0.490741 0.036880 0.155556
0 1284 0.828597 0.380093 0.036880 0.132407
0 1285 0.841596 0.362037 0.035067 0.120370
0 1306 0.269952 0.691204 0.044135 0.171296
0 1307 0.238210 0.667593 0.048368 0.168519
0 1308 0.373942 0.668056 0.034462 0.145370
0 1325 0.229444 0.596759 0.034462 0.149074
0 1326 0.236094 0.568981 0.029625 0.139815
0 1328 0.192261 0.568981 0.042322 0.134259
0 1329 0.199214 0.533796 0.044135 0.156481
0 1330 0.152963 0.551389 0.043531 0.149074
0 1343 0.376663 0.243981 0.033857 0.128704
0 1344 0.397823 0.250000 0.032648 0.129630
0 1412 0.617291 0.431019 0.044740 0.121296
0 1413 0.717050 0.460648 0.044740 0.139815
0 1444 0.242140 0.390741 0.040508 0.142593
0 1445 0.241233 0.416204 0.035067 0.145370
0 1490 0.982164 0.977315 0.034462 0.045370
0 1501 0.265719 0.950000 0.048972 0.101852
0 1531 0.278718 0.488889 0.038694 0.157407
0 1549 0.308948 0.787037 0.051995 0.164815
0 1557 0.171403 0.441204 0.036880 0.156481
0 1567 0.339782 0.489352 0.037485 0.136111
0 1570 0.244861 0.723148 0.044740 0.159259
0 1573 0.515719 0.655556 0.037485 0.135185
0 1592 0.357316 0.716667 0.039903 0.157407
0 1594 0.359432 0.752778 0.039299 0.168519
0 1638 0.585248 0.630556 0.044740 0.162963
0 1639 0.620919 0.653704 0.044740 0.162963
0 1640 0.639057 0.633796 0.029021 0.134259
0 1650 0.429565 0.756019 0.046554 0.149074
0 1653 0.675937 0.690741 0.051995 0.146296
0 1654 0.451632 0.653704 0.038694 0.157407
0 1655 0.458888 0.550926 0.041112 0.137037
0 1657 0.447703 0.515741 0.044135 0.107407
0 1660 0.495466 0.623148 0.042926 0.153704
0 1661 0.545949 0.640278 0.041112 0.160185
0 1667 0.527811 0.630556 0.032648 0.125926
0 1668 0.556832 0.697685 0.037485 0.126852
0 1676 0.408102 0.028704 0.031439 0.055556
0 1703 0.981862 0.296759 0.033857 0.106481
0 1713 0.751209 0.826852 0.044135 0.164815
0 1714 0.790810 0.847222 0.042322 0.151852
0 1716 0.427449 0.602778 0.044740 0.150000
0 1717 0.462515 0.595370 0.037485 0.137037
0 1719 0.081923 0.731944 0.044135 0.154630
0 1721 0.535067 0.713426 0.043531 0.165741
0 1722 0.564087 0.724074 0.047158 0.162963
0 1723 0.038392 0.725463 0.041717 0.152778
0 1736 0.062878 0.324537 0.037485 0.128704
0 1737 0.106106 0.321759 0.041717 0.141667
0 1741 0.964329 0.263426 0.032648 0.126852
0 1742 0.946796 0.300463 0.038694 0.137963
0 1743 0.944982 0.262037 0.036276 0.124074
0 1771 0.637545 0.727315 0.044135 0.165741
0 1772 0.600060 0.743056 0.041717 0.160185
0 1776 0.245768 0.650926 0.041717 0.168519
0 1777 0.292926 0.610648 0.048972 0.165741
0 1778 0.292322 0.672222 0.036880 0.164815
0 1779 0.336759 0.389815 0.037485 0.124074
0 1780 0.312576 0.431481 0.042322 0.148148
0 1781 0.345828 0.416667 0.039903 0.135185
0 1782 0.301391 0.392593 0.032044 0.142593
0 1784 0.809855 0.260185 0.032044 0.131481
0 1785 0.829504 0.260185 0.038694 0.148148
0 1788 0.112757 0.790278 0.040508 0.162037
0 1794 0.090689 0.769444 0.045949 0.181481
0 1798 0.460701 0.450926 0.039903 0.148148
0 1799 0.437727 0.444907 0.039903 0.145370
0 1800 0.441052 0.426389 0.038089 0.137963
0 1801 0.913845 0.820370 0.044135 0.175926
0 1802 0.879686 0.837037 0.053204 0.151852
0 1803 0.952237 0.705093 0.050786 0.160185
0 1804 0.905683 0.693519 0.053204 0.162963
0 1805 0.611245 0.820833 0.054414 0.171296
0 1806 0.513906 0.334722 0.036276 0.130556
0 1809 0.114268 0.574537 0.047158 0.184259
0 1817 0.008464 0.671759 0.015719 0.143519
0 1818 0.849758 0.541204 0.042926 0.163889
0 1819 0.878779 0.531944 0.042926 0.152778
0 1821 0.255441 0.230093 0.032044 0.115741
0 1822 0.224002 0.220370 0.039299 0.137037
0 1823 0.146614 0.177778 0.036880 0.135185
0 1824 0.646312 0.438889 0.043531 0.140741
0 1825 0.010883 0.742593 0.020556 0.155556
0 1827 0.571644 0.820370 0.041717 0.129630
0 1828 0.772975 0.685648 0.041717 0.128704
0 1829 0.740629 0.685185 0.038694 0.159259
0 1830 0.163845 0.202315 0.035067 0.121296
0 1831 0.699819 0.643981 0.042926 0.143519
0 1832 0.731862 0.634259 0.039299 0.168519
0 1833 0.098851 0.657407 0.050181 0.148148
0 1834 0.126058 0.666204 0.041717 0.160185
0 1835 0.055018 0.668056 0.037485 0.149074
0 1837 0.689843 0.732870 0.036276 0.115741
0 1838 0.669891 0.438426 0.036276 0.134259
0 1842 0.769045 0.792593 0.049577 0.179630
0 1843 0.583736 0.948148 0.040508 0.105556
0 1848 0.813785 0.748611 0.049577 0.169444
0 1849 0.807739 0.712963 0.044740 0.157407
0 1850 0.846433 0.773611 0.044740 0.180556
0 1852 0.865780 0.624074 0.038694 0.166667
0 1853 0.323156 0.916204 0.052600 0.160185
0 1856 0.800786 0.233333 0.039299 0.146296
0 1857 0.824667 0.220833 0.032648 0.123148
0 1858 0.898428 0.379167 0.044740 0.149074
0 1859 0.677449 0.379630 0.039299 0.146296
0 1860 0.693168 0.351852 0.036880 0.137037
0 1861 0.903265 0.504630 0.053204 0.157407
0 1862 0.436518 0.254167 0.035067 0.128704
0 1863 0.462213 0.268056 0.034462 0.134259
0 1864 0.648730 0.276389 0.039903 0.149074
0 1865 0.608222 0.197222 0.035067 0.137037
0 1866 0.581923 0.169444 0.040508 0.135185
0 1867 0.006651 0.514352 0.012092 0.143519
0 1868 0.228537 0.305093 0.042322 0.143519
0 1869 0.200121 0.318981 0.042322 0.126852
0 1871 0.015115 0.359259 0.029021 0.157407
0 1872 0.038089 0.351389 0.032648 0.139815
0 1873 0.179565 0.260185 0.039903 0.124074
0 1878 0.016929 0.457870 0.032648 0.149074
0 1885 0.144196 0.237963 0.035671 0.140741
0 1890 0.048065 0.245370 0.044135 0.146296
0 1891 0.094317 0.226852 0.041112 0.142593
0 1893 0.863059 0.384259 0.040508 0.137037
0 1894 0.933495 0.349537 0.033857 0.115741
0 1895 0.957678 0.342130 0.036276 0.134259
0 1896 0.887243 0.310185 0.036880 0.140741
0 1897 0.800786 0.156481 0.029625 0.129630
0 1898 0.920193 0.303241 0.037485 0.150926
0 1899 0.062273 0.395833 0.035067 0.137963
0 1900 0.103688 0.387037 0.034462 0.146296
0 1901 0.094921 0.372222 0.032648 0.140741
0 1902 0.985187 0.396296 0.028416 0.135185
0 1904 0.909613 0.207870 0.032044 0.128704
0 1906 0.084643 0.420833 0.033857 0.121296
0 1909 0.012394 0.287963 0.023579 0.148148
0 1912 0.259371 0.177315 0.035067 0.132407
0 1913 0.892987 0.291667 0.035067 0.135185
0 1914 0.916566 0.227315 0.037485 0.123148
0 1915 0.955260 0.342130 0.030230 0.126852
0 1916 0.912938 0.357870 0.039903 0.137963
0 1918 0.005744 0.356019 0.010278 0.149074
0 1920 0.917473 0.299074 0.029625 0.107407
0 1921 0.711911 0.705556 0.044135 0.151852
0 1923 0.135732 0.938426 0.046554 0.125000
0 1926 0.606409 0.282407 0.035067 0.135185
0 1927 0.073156 0.957870 0.041112 0.086111
0 1929 0.008162 0.976389 0.015115 0.049074
0 1934 0.013603 0.819907 0.025998 0.165741
0 1945 0.006953 0.436574 0.012696 0.154630
