0 777 0.036880 0.129167 0.044740 0.137963
0 778 0.125756 0.109722 0.037485 0.115741
0 779 0.148126 0.108333 0.039903 0.135185
0 780 0.182588 0.087037 0.036276 0.131481
0 781 0.222491 0.089352 0.038694 0.123148
0 782 0.260580 0.067130 0.041112 0.123148
0 791 0.464027 0.154167 0.032044 0.112037
0 792 0.443470 0.038426 0.034462 0.075000
0 795 0.211004 0.142593 0.035067 0.135185
0 796 0.443470 0.132407 0.038089 0.122222
0 797 0.394196 0.050000 0.039903 0.098148
0 798 0.354897 0.055093 0.032648 0.108333
0 799 0.360036 0.131019 0.032044 0.126852
0 800 0.390871 0.112500 0.032044 0.121296
0 803 0.586457 0.036574 0.025393 0.071296
0 804 0.561064 0.035185 0.035067 0.068519
0 805 0.533555 0.037963 0.027207 0.074074
0 811 0.955865 0.110185 0.035067 0.133333
0 812 0.985490 0.106019 0.029021 0.110185
0 815 0.928356 0.096759 0.035671 0.112037
0 817 0.898428 0.076852 0.033857 0.116667
0 821 0.625756 0.104630 0.025393 0.124074
0 822 0.647521 0.124074 0.036276 0.137037
0 823 0.670496 0.135185 0.029021 0.120370
0 838 0.897823 0.136111 0.031439 0.129630
0 839 0.874849 0.123611 0.030230 0.134259
0 840 0.858222 0.130093 0.032044 0.132407
0 843 0.651451 0.095370 0.036880 0.124074
0 849 0.963120 0.148611 0.037485 0.143519
0 851 0.727025 0.029630 0.028416 0.057407
0 854 0.891475 0.116204 0.032044 0.115741
0 855 0.987304 0.161574 0.024184 0.121296
0 859 0.237908 0.050000 0.036880 0.098148
0 860 0.261185 0.045370 0.032648 0.088889
0 861 0.424426 0.025000 0.021765 0.048148
0 862 0.943470 0.053704 0.032044 0.105556
0 865 0.710701 0.027315 0.025998 0.052778
0 866 0.711004 0.029167 0.026602 0.056481
0 1175 0.382406 0.570833 0.036880 0.154630
0 1197 0.070738 0.460185 0.035067 0.142593
0 1198 0.063482 0.515278 0.036276 0.145370
0 1200 0.037183 0.489352 0.033253 0.156481
0 1206 0.104595 0.488889 0.037485 0.157407
0 1284 0.827690 0.376852 0.038694 0.129630
0 1285 0.845828 0.356481 0.035067 0.124074
0 1306 0.268138 0.683796 0.044135 0.171296
0 1307 0.244559 0.664815 0.046554 0.170370
0 1308 0.378174 0.662500 0.034462 0.145370
0 1325 0.228839 0.592130 0.034462 0.149074
0 1326 0.238513 0.566204 0.029625 0.139815
0 1328 0.192866 0.567130 0.042322 0.134259
0 1329 0.200121 0.533796 0.042322 0.156481
0 1330 0.159008 0.546759 0.043531 0.149074
0 1343 0.379383 0.239815 0.034462 0.129630
0 1344 0.402056 0.244444 0.032648 0.129630
0 1412 0.648126 0.399537 0.044740 0.121296
0 1413 0.734583 0.430093 0.043531 0.137963
0 1444 0.244256 0.382407 0.036276 0.142593
0 1445 0.242140 0.421759 0.033253 0.145370
0 1490 0.958585 0.944907 0.046554 0.110185
0 1501 0.255744 0.953704 0.049577 0.094444
0 1531 0.303809 0.459259 0.039299 0.157407
0 1549 0.311366 0.782407 0.051995 0.164815
0 1555 0.984885 0.960648 0.029021 0.078704
0 1556 0.959190 0.973148 0.032044 0.053704
0 1557 0.204353 0.412037 0.032648 0.157407
0 1567 0.341596 0.483796 0.037485 0.132407
0 1570 0.286276 0.722685 0.039299 0.167593
0 1573 0.519952 0.644444 0.037485 0.135185
0 1592 0.359129 0.712037 0.039903 0.157407
0 1594 0.362455 0.748148 0.039299 0.168519
0 1638 0.585248 0.625463 0.044740 0.165741
0 1639 0.620919 0.645370 0.044740 0.162963
0 1640 0.640266 0.627315 0.029021 0.132407
0 1650 0.436215 0.748611 0.046554 0.149074
0 1653 0.687122 0.696296 0.051391 0.142593
0 1654 0.488513 0.623611 0.038694 0.154630
0 1655 0.458888 0.545370 0.041112 0.142593
0 1657 0.448609 0.509259 0.044740 0.107407
0 1660 0.503628 0.602778 0.042322 0.153704
0 1661 0.547158 0.626852 0.042322 0.151852
0 1667 0.541717 0.611111 0.030230 0.125926
0 1668 0.552902 0.687500 0.036880 0.126852
0 1676 0.409311 0.027315 0.031439 0.052778
0 1702 0.707376 0.978704 0.037485 0.044444
0 1703 0.972793 0.262037 0.033857 0.105556
0 1713 0.748186 0.799074 0.044135 0.164815
0 1714 0.785067 0.817593 0.041717 0.151852
0 1716 0.428356 0.598148 0.044135 0.150000
0 1717 0.462515 0.589815 0.037485 0.137037
0 1719 0.085852 0.681019 0.044740 0.154630
0 1721 0.536578 0.700463 0.044135 0.165741
0 1722 0.564994 0.708333 0.046554 0.164815
0 1723 0.047158 0.664815 0.039903 0.140741
0 1736 0.111850 0.276852 0.033857 0.124074
0 1737 0.154474 0.285648 0.040508 0.139815
0 1741 0.957074 0.224074 0.030230 0.125926
0 1742 0.932285 0.260185 0.039903 0.129630
0 1743 0.938936 0.232407 0.036276 0.124074
0 1771 0.656288 0.679630 0.042926 0.175926
0 1772 0.621524 0.691667 0.041112 0.151852
0 1776 0.243652 0.645370 0.042322 0.168519
0 1777 0.297158 0.611111 0.045345 0.164815
0 1778 0.299577 0.662500 0.036880 0.175000
0 1779 0.333132 0.384722 0.035067 0.130556
0 1780 0.315599 0.432407 0.042322 0.153704
0 1781 0.345828 0.419907 0.038694 0.126852
0 1782 0.293833 0.389352 0.037485 0.143519
0 1784 0.753930 0.250926 0.035067 0.131481
0 1785 0.764813 0.244444 0.035067 0.148148
0 1788 0.114268 0.737500 0.038694 0.162037
0 1792 0.741838 0.981944 0.032648 0.036111
0 1794 0.088875 0.718519 0.044740 0.179630
0 1797 0.983676 0.887037 0.031439 0.187037
0 1798 0.497582 0.425463 0.039903 0.156481
0 1799 0.467352 0.410185 0.033857 0.146296
0 1800 0.461004 0.390278 0.039299 0.139815
0 1801 0.920496 0.758333 0.044135 0.175926
0 1802 0.891778 0.784722 0.051995 0.156481
0 1803 0.924728 0.643981 0.051391 0.158333
0 1804 0.881197 0.634259 0.052600 0.168519
0 1805 0.643289 0.775463 0.054414 0.171296
0 1806 0.484281 0.291667 0.035067 0.129630
0 1809 0.134522 0.489352 0.041717 0.165741
0 1817 0.012999 0.607870 0.024788 0.143519
0 1818 0.810157 0.476389 0.042322 0.165741
0 1819 0.834946 0.460648 0.043531 0.150926
0 1821 0.267231 0.204167 0.032648 0.115741
0 1822 0.251511 0.189352 0.026602 0.137963
0 1823 0.171705 0.152315 0.033857 0.134259
0 1824 0.645103 0.433333 0.043531 0.140741
0 1825 0.023881 0.692130 0.046554 0.149074
0 1826 0.006953 0.665741 0.012696 0.185185
0 1827 0.604595 0.768981 0.039903 0.128704
0 1828 0.768440 0.624074 0.041112 0.129630
0 1829 0.729746 0.613426 0.042322 0.160185
0 1830 0.206167 0.175463 0.035067 0.121296
0 1831 0.672612 0.590278 0.041717 0.143519
0 1832 0.708888 0.579630 0.038089 0.168519
0 1833 0.111245 0.609722 0.049577 0.150926
0 1834 0.134825 0.615741 0.039903 0.159259
0 1835 0.063785 0.617593 0.041717 0.148148
0 1837 0.696796 0.671296 0.032044 0.114815
0 1838 0.671705 0.430556 0.036276 0.135185
0 1842 0.701330 0.771759 0.065296 0.160185
0 1843 0.470677 0.932870 0.057437 0.132407
0 1846 0.361245 0.975926 0.038089 0.050000
0 1848 0.786276 0.743519 0.044135 0.175926
0 1849 0.763301 0.716204 0.044135 0.150926
0 1850 0.836155 0.746759 0.045949 0.182407
0 1852 0.842503 0.568519 0.038089 0.157407
0 1853 0.245466 0.842593 0.055623 0.175926
0 1855 0.322249 0.945833 0.050786 0.110185
0 1856 0.800484 0.217593 0.037485 0.142593
0 1857 0.817412 0.206944 0.036276 0.123148
0 1858 0.915054 0.337037 0.047763 0.144444
0 1859 0.644196 0.315741 0.039299 0.144444
0 1860 0.661427 0.300463 0.035067 0.134259
0 1861 0.808948 0.401852 0.045949 0.140741
0 1862 0.445586 0.207870 0.033857 0.125000
0 1863 0.468561 0.216204 0.035067 0.130556
0 1864 0.616989 0.221296 0.036880 0.142593
0 1865 0.607013 0.150926 0.035067 0.137037
0 1866 0.575272 0.120833 0.044135 0.126852
0 1867 0.011185 0.458796 0.021161 0.139815
0 1868 0.255441 0.256944 0.041717 0.132407
0 1869 0.221282 0.264352 0.041112 0.115741
0 1870 0.017836 0.286111 0.033253 0.140741
0 1871 0.047763 0.298148 0.043531 0.151852
0 1872 0.085550 0.297222 0.039299 0.140741
0 1873 0.219770 0.217130 0.036880 0.123148
0 1878 0.019347 0.404167 0.035067 0.149074
0 1884 0.004534 0.221759 0.007860 0.143519
0 1885 0.155079 0.200926 0.036880 0.140741
0 1890 0.073761 0.199537 0.044740 0.145370
0 1891 0.123942 0.183796 0.039903 0.134259
0 1893 0.882406 0.359259 0.041717 0.135185
0 1894 0.921705 0.306019 0.034462 0.115741
0 1895 0.956167 0.304167 0.034462 0.137963
0 1896 0.867896 0.261111 0.036880 0.140741
0 1897 0.827388 0.150000 0.029625 0.129630
0 1898 0.909915 0.252778 0.033857 0.140741
0 1899 0.048972 0.415278 0.036276 0.139815
0 1900 0.080109 0.397222 0.034462 0.146296
0 1901 0.078597 0.375000 0.032648 0.140741
0 1902 0.971282 0.341667 0.036880 0.125926
0 1904 0.900846 0.183796 0.031439 0.128704
0 1906 0.069528 0.431019 0.033857 0.121296
0 1909 0.049879 0.241667 0.045345 0.148148
0 1910 0.005139 0.177778 0.009069 0.135185
0 1912 0.241838 0.119907 0.036276 0.132407
0 1913 0.889964 0.240741 0.035067 0.135185
0 1914 0.913241 0.194907 0.036880 0.123148
0 1915 0.935308 0.295370 0.030230 0.125926
0 1916 0.912636 0.314352 0.039299 0.137963
0 1918 0.034462 0.297685 0.032648 0.149074
0 1920 0.913543 0.252315 0.030230 0.106481
0 1921 0.703446 0.636111 0.036880 0.151852
0 1923 0.022370 0.930093 0.043531 0.141667
0 1926 0.561669 0.216204 0.032648 0.128704
0 1945 0.021765 0.381944 0.032648 0.154630
