0 778 0.050786 0.203241 0.036276 0.115741
0 779 0.075877 0.200000 0.042926 0.135185
0 780 0.095224 0.169907 0.036880 0.132407
0 781 0.138150 0.167130 0.041717 0.125000
0 782 0.188634 0.147685 0.041112 0.139815
0 783 0.079807 0.028241 0.032648 0.054630
0 784 0.253023 0.069444 0.034462 0.133333
0 786 0.199516 0.045370 0.033857 0.088889
0 787 0.220979 0.036111 0.034462 0.070370
0 788 0.160218 0.021759 0.032648 0.041667
0 791 0.503325 0.242593 0.032044 0.120370
0 792 0.370617 0.069907 0.032648 0.117593
0 795 0.279323 0.240741 0.035067 0.135185
0 796 0.466143 0.220833 0.042322 0.132407
0 797 0.469166 0.127315 0.032648 0.115741
0 798 0.430774 0.118981 0.038089 0.125000
0 799 0.461911 0.188889 0.032648 0.125926
0 800 0.502116 0.195833 0.033253 0.121296
0 801 0.541717 0.019907 0.030230 0.037963
0 802 0.581016 0.045370 0.030230 0.088889
0 803 0.603990 0.096759 0.027811 0.115741
0 804 0.577086 0.094444 0.034462 0.131481
0 805 0.546554 0.099537 0.031439 0.104630
0 811 0.948609 0.181019 0.035067 0.123148
0 812 0.962817 0.171296 0.029625 0.122222
0 814 0.981862 0.075463 0.035067 0.132407
0 815 0.925635 0.157870 0.032648 0.113889
0 817 0.902660 0.154167 0.035067 0.134259
0 821 0.654474 0.201389 0.035671 0.123148
0 822 0.682890 0.233796 0.039299 0.149074
0 823 0.705562 0.236111 0.030230 0.122222
0 826 0.625756 0.054630 0.032648 0.094444
0 828 0.934099 0.143519 0.042322 0.146296
0 829 0.919287 0.111111 0.034462 0.125926
0 833 0.880593 0.123148 0.034462 0.135185
0 834 0.669589 0.046296 0.032044 0.090741
0 838 0.836457 0.169444 0.034462 0.129630
0 839 0.827086 0.171759 0.031439 0.134259
0 840 0.806530 0.161574 0.032648 0.139815
0 841 0.731258 0.026389 0.029625 0.050926
0 843 0.683495 0.197685 0.036880 0.134259
0 844 0.649335 0.049074 0.032648 0.096296
0 845 0.947400 0.100000 0.037485 0.135185
0 846 0.972793 0.121296 0.036276 0.118519
0 847 0.905079 0.084259 0.032648 0.124074
0 849 0.973700 0.238889 0.032044 0.142593
0 850 0.990629 0.212037 0.017533 0.135185
0 851 0.684401 0.064352 0.035067 0.106481
0 852 0.721282 0.020833 0.029021 0.039815
0 854 0.856711 0.153241 0.031439 0.108333
0 856 0.568017 0.029167 0.022370 0.056481
0 859 0.347944 0.140741 0.039299 0.129630
0 860 0.381499 0.133796 0.037485 0.112037
0 861 0.413543 0.025000 0.021765 0.048148
0 862 0.905079 0.112963 0.032648 0.112963
0 863 0.567110 0.035185 0.027811 0.068519
0 864 0.919589 0.032407 0.032648 0.062963
0 865 0.669891 0.070833 0.025393 0.087963
0 866 0.670193 0.069444 0.027207 0.090741
0 1175 0.376663 0.574537 0.036276 0.154630
0 1197 0.063785 0.484259 0.034462 0.142593
0 1198 0.060157 0.525463 0.038089 0.143519
0 1200 0.032950 0.500463 0.036880 0.156481
0 1206 0.099456 0.491204 0.036880 0.150926
0 1284 0.830713 0.378241 0.037485 0.132407
0 1285 0.841294 0.361111 0.035671 0.120370
0 1306 0.259069 0.687500 0.044135 0.171296
0 1307 0.233374 0.669907 0.048368 0.167593
0 1308 0.373035 0.665278 0.038694 0.145370
0 1325 0.230653 0.600463 0.034462 0.149074
0 1326 0.234281 0.571759 0.029625 0.139815
0 1328 0.191657 0.570833 0.042322 0.134259
0 1329 0.198307 0.533796 0.045949 0.156481
0 1330 0.146917 0.555093 0.043531 0.149074
0 1343 0.373942 0.244444 0.034462 0.127778
0 1344 0.394800 0.253704 0.032648 0.129630
0 1412 0.612757 0.463889 0.044135 0.129630
0 1413 0.682588 0.481944 0.043531 0.139815
0 1444 0.236699 0.382407 0.034462 0.142593
0 1445 0.253325 0.397685 0.035067 0.145370
0 1501 0.269347 0.946296 0.041717 0.109259
0 1531 0.239722 0.497685 0.039299 0.152778
0 1549 0.307739 0.787037 0.051995 0.164815
0 1557 0.132709 0.474537 0.039299 0.156481
0 1567 0.338271 0.493981 0.036880 0.139815
0 1570 0.207074 0.680093 0.036880 0.154630
0 1573 0.524184 0.679630 0.037485 0.135185
0 1592 0.357316 0.718519 0.039903 0.157407
0 1594 0.357618 0.754630 0.039299 0.168519
0 1638 0.581923 0.626389 0.045345 0.158333
0 1639 0.617594 0.652315 0.044135 0.162037
0 1640 0.637243 0.631019 0.029021 0.134259
0 1650 0.429262 0.756019 0.047158 0.149074
0 1653 0.680774 0.691667 0.051995 0.150000
0 1654 0.383918 0.689815 0.044740 0.155556
0 1655 0.454655 0.552778 0.036276 0.137037
0 1657 0.445284 0.515741 0.044135 0.107407
0 1660 0.492443 0.647222 0.048972 0.153704
0 1661 0.555320 0.664815 0.041717 0.168519
0 1667 0.525998 0.649537 0.033857 0.126852
0 1668 0.569226 0.715741 0.036880 0.125926
0 1676 0.410520 0.030556 0.031439 0.059259
0 1703 0.984281 0.321759 0.029021 0.108333
0 1713 0.756046 0.841667 0.048972 0.164815
0 1714 0.794438 0.856481 0.042322 0.151852
0 1716 0.426542 0.606944 0.045345 0.149074
0 1717 0.460097 0.595370 0.037485 0.137037
0 1719 0.082830 0.766204 0.048368 0.154630
0 1721 0.538996 0.735185 0.044135 0.166667
0 1722 0.573458 0.740741 0.046554 0.164815
0 1723 0.047763 0.756019 0.042322 0.139815
0 1736 0.022370 0.359259 0.039903 0.129630
0 1737 0.056530 0.362500 0.041717 0.143519
0 1741 0.971282 0.282870 0.032044 0.126852
0 1742 0.954051 0.323148 0.039903 0.142593
0 1743 0.950423 0.284722 0.036276 0.123148
0 1771 0.616082 0.771759 0.043531 0.165741
0 1772 0.575574 0.776389 0.042322 0.160185
0 1776 0.246977 0.655556 0.041717 0.168519
0 1777 0.291415 0.611574 0.051995 0.165741
0 1778 0.291717 0.659722 0.036880 0.165741
0 1779 0.335550 0.387037 0.035067 0.124074
0 1780 0.315901 0.430093 0.041717 0.149074
0 1781 0.343410 0.416204 0.039903 0.134259
0 1782 0.301088 0.394444 0.032648 0.142593
0 1784 0.848247 0.286111 0.033857 0.131481
0 1785 0.871826 0.286111 0.039903 0.148148
0 1788 0.133615 0.841667 0.041112 0.164815
0 1794 0.096735 0.826389 0.048368 0.184259
0 1798 0.442261 0.460185 0.042926 0.148148
0 1799 0.428960 0.459259 0.039299 0.146296
0 1800 0.421100 0.435648 0.032044 0.137963
0 1801 0.917170 0.858333 0.044740 0.172222
0 1802 0.882104 0.882870 0.055623 0.162037
0 1803 0.976119 0.769444 0.046554 0.164815
0 1804 0.929262 0.743981 0.055623 0.154630
0 1805 0.594317 0.851389 0.055623 0.182407
0 1806 0.527811 0.361574 0.038694 0.126852
0 1809 0.122733 0.645833 0.045949 0.187963
0 1817 0.004534 0.730556 0.007860 0.148148
0 1818 0.888755 0.608333 0.044740 0.174074
0 1819 0.922007 0.599074 0.043531 0.159259
0 1821 0.219166 0.252315 0.030834 0.119444
0 1822 0.189843 0.244444 0.037485 0.137037
0 1823 0.119105 0.208333 0.037485 0.140741
0 1824 0.646312 0.439815 0.043531 0.140741
0 1827 0.553809 0.846296 0.042322 0.129630
0 1828 0.750907 0.757407 0.041112 0.135185
0 1829 0.716445 0.747222 0.049577 0.164815
0 1830 0.132406 0.229167 0.035067 0.121296
0 1831 0.716445 0.696296 0.039903 0.151852
0 1832 0.749093 0.687963 0.043531 0.168519
0 1833 0.090085 0.694444 0.047158 0.148148
0 1834 0.116687 0.706019 0.043531 0.160185
0 1835 0.045345 0.701389 0.038694 0.156481
0 1837 0.634825 0.772222 0.032648 0.129630
0 1838 0.669287 0.439815 0.036276 0.129630
0 1842 0.798368 0.796296 0.048972 0.185185
0 1843 0.701935 0.966204 0.042322 0.069444
0 1848 0.850967 0.747222 0.041717 0.175926
0 1849 0.807134 0.745370 0.044740 0.166667
0 1850 0.842805 0.774537 0.041112 0.178704
0 1852 0.876360 0.671296 0.039299 0.174074
0 1853 0.351572 0.965741 0.056227 0.070370
0 1856 0.838875 0.251389 0.036880 0.141667
0 1857 0.850363 0.223148 0.036880 0.124074
0 1858 0.876663 0.398611 0.044740 0.149074
0 1859 0.700423 0.429630 0.039299 0.146296
0 1860 0.714631 0.404167 0.038694 0.147222
0 1861 0.976421 0.595370 0.038694 0.157407
0 1862 0.418380 0.294907 0.035067 0.128704
0 1863 0.444982 0.299074 0.031439 0.135185
0 1864 0.682890 0.325926 0.036880 0.148148
0 1865 0.618198 0.228241 0.035671 0.128704
0 1866 0.581923 0.212963 0.045345 0.142593
0 1867 0.003325 0.570370 0.005441 0.140741
0 1868 0.201935 0.335648 0.042322 0.143519
0 1869 0.187424 0.367593 0.042322 0.146296
0 1871 0.002721 0.406944 0.004232 0.156481
0 1872 0.016324 0.391667 0.031439 0.140741
0 1873 0.127267 0.297222 0.039299 0.129630
0 1878 0.006953 0.501852 0.012696 0.142593
0 1885 0.122733 0.271296 0.033857 0.140741
0 1890 0.016929 0.286111 0.032648 0.157407
0 1891 0.066808 0.259722 0.036880 0.143519
0 1893 0.840085 0.400926 0.039299 0.140741
0 1894 0.940145 0.385648 0.033857 0.115741
0 1895 0.960701 0.383796 0.037485 0.137963
0 1896 0.888452 0.344444 0.036880 0.140741
0 1897 0.778718 0.156019 0.030230 0.128704
0 1898 0.936518 0.342130 0.037485 0.150926
0 1899 0.083132 0.378241 0.034462 0.132407
0 1900 0.118501 0.375463 0.035067 0.143519
0 1901 0.108222 0.358333 0.032648 0.140741
0 1904 0.919589 0.232870 0.033857 0.128704
0 1906 0.093712 0.407870 0.033857 0.121296
0 1912 0.301995 0.218981 0.034462 0.137963
0 1913 0.899033 0.330556 0.035067 0.135185
0 1914 0.930169 0.259259 0.038089 0.124074
0 1915 0.980351 0.372685 0.034462 0.126852
0 1916 0.902660 0.379630 0.039903 0.137037
0 1920 0.918984 0.342593 0.030230 0.107407
0 1921 0.677751 0.762037 0.044740 0.151852
0 1922 0.011790 0.930093 0.022370 0.141667
0 1923 0.246372 0.955093 0.038089 0.091667
0 1926 0.652963 0.339352 0.035067 0.137963
0 1927 0.199819 0.970370 0.041717 0.061111
0 1929 0.121524 0.974074 0.043531 0.053704
0 1933 0.014208 0.846759 0.027207 0.187963
0 1934 0.041717 0.823148 0.044740 0.164815
0 1945 0.003325 0.480093 0.005441 0.154630
