0 777 0.019649 0.156019 0.038089 0.137963
0 778 0.103990 0.134722 0.037485 0.115741
0 779 0.125756 0.131481 0.039903 0.135185
0 780 0.161427 0.111574 0.037485 0.132407
0 781 0.204958 0.112037 0.041112 0.124074
0 782 0.242745 0.087500 0.041717 0.130556
0 791 0.470677 0.178241 0.032044 0.112037
0 792 0.431983 0.045370 0.034462 0.088889
0 795 0.217654 0.171296 0.035067 0.135185
0 796 0.448307 0.161574 0.036880 0.125000
0 797 0.427751 0.067593 0.036880 0.114815
0 798 0.387243 0.072685 0.032044 0.119444
0 799 0.379383 0.145833 0.032044 0.126852
0 800 0.415659 0.131944 0.032044 0.121296
0 803 0.596433 0.049537 0.027207 0.097222
0 804 0.568924 0.050000 0.035067 0.098148
0 805 0.541112 0.053704 0.027811 0.094444
0 811 0.953446 0.128241 0.035067 0.130556
0 812 0.979444 0.119907 0.030230 0.110185
0 815 0.926844 0.118519 0.032648 0.112963
0 817 0.902056 0.103241 0.033857 0.126852
0 821 0.633918 0.129630 0.032044 0.124074
0 822 0.651451 0.156019 0.039299 0.143519
0 823 0.674123 0.165278 0.029021 0.123148
0 828 0.975816 0.102778 0.036276 0.146296
0 829 0.924426 0.062963 0.032648 0.105556
0 838 0.880593 0.144444 0.032044 0.129630
0 839 0.859432 0.139352 0.029625 0.134259
0 840 0.843712 0.141204 0.032044 0.136111
0 843 0.658706 0.124537 0.036880 0.128704
0 846 0.980048 0.086574 0.033857 0.117593
0 849 0.961911 0.167130 0.037485 0.143519
0 851 0.709794 0.039815 0.030230 0.077778
0 854 0.880895 0.130556 0.032648 0.118519
0 855 0.988513 0.148611 0.020556 0.121296
0 859 0.269649 0.069907 0.038694 0.126852
0 860 0.293229 0.060185 0.033857 0.109259
0 861 0.423821 0.024537 0.021765 0.047222
0 862 0.934401 0.072685 0.032044 0.112037
0 865 0.696796 0.036111 0.027207 0.066667
0 866 0.698912 0.036111 0.026602 0.070370
0 1175 0.381197 0.571759 0.036880 0.154630
0 1197 0.066203 0.468519 0.034462 0.142593
0 1198 0.061669 0.518981 0.036276 0.145370
0 1200 0.035973 0.492130 0.034462 0.156481
0 1206 0.104595 0.489815 0.037485 0.157407
0 1284 0.825877 0.377778 0.038694 0.129630
0 1285 0.844015 0.359259 0.035067 0.120370
0 1306 0.268742 0.687500 0.044135 0.171296
0 1307 0.242443 0.665741 0.048368 0.168519
0 1308 0.376360 0.666204 0.034462 0.145370
0 1325 0.228839 0.593981 0.034462 0.149074
0 1326 0.237304 0.567593 0.029625 0.140741
0 1328 0.192866 0.568056 0.042322 0.134259
0 1329 0.199516 0.533796 0.043531 0.156481
0 1330 0.155985 0.548611 0.043531 0.149074
0 1343 0.378174 0.242593 0.034462 0.129630
0 1344 0.400242 0.247222 0.032648 0.129630
0 1412 0.632406 0.413426 0.044740 0.121296
0 1413 0.725212 0.447685 0.044135 0.139815
0 1444 0.243047 0.386111 0.038694 0.142593
0 1445 0.239117 0.421759 0.034462 0.145370
0 1490 0.970375 0.961574 0.045949 0.078704
0 1501 0.257557 0.951389 0.049577 0.099074
0 1531 0.291415 0.473148 0.038694 0.157407
0 1549 0.310157 0.787037 0.051995 0.164815
0 1557 0.189238 0.422685 0.032648 0.156481
0 1567 0.340387 0.486574 0.037485 0.134259
0 1570 0.265719 0.728241 0.044135 0.167593
0 1573 0.515719 0.646296 0.037485 0.135185
0 1592 0.357316 0.712963 0.039903 0.157407
0 1594 0.361245 0.750926 0.039299 0.168519
0 1638 0.585550 0.628241 0.044135 0.163889
0 1639 0.620919 0.649074 0.044740 0.162963
0 1640 0.639661 0.630556 0.029021 0.133333
0 1650 0.433192 0.753241 0.046554 0.149074
0 1653 0.680169 0.693519 0.051995 0.142593
0 1654 0.472189 0.633796 0.038694 0.154630
0 1655 0.458888 0.548611 0.041112 0.139815
0 1657 0.448307 0.512963 0.044135 0.107407
0 1660 0.498791 0.612037 0.042322 0.153704
0 1661 0.543531 0.624074 0.041112 0.151852
0 1667 0.535067 0.621296 0.031439 0.125926
0 1668 0.555018 0.692130 0.037485 0.126852
0 1676 0.408102 0.027778 0.031439 0.053704
0 1703 0.978839 0.278704 0.037485 0.107407
0 1713 0.748791 0.813889 0.044135 0.164815
0 1714 0.788392 0.829630 0.042322 0.151852
0 1716 0.427751 0.600463 0.044135 0.149074
0 1717 0.462515 0.592593 0.037485 0.137037
0 1719 0.084039 0.708796 0.044740 0.154630
0 1721 0.535671 0.706944 0.043531 0.165741
0 1722 0.564389 0.715741 0.046554 0.164815
0 1723 0.042926 0.690741 0.039903 0.140741
0 1736 0.086759 0.301852 0.034462 0.127778
0 1737 0.130290 0.300463 0.038089 0.139815
0 1741 0.959794 0.245833 0.032044 0.126852
0 1742 0.943470 0.281944 0.039299 0.136111
0 1743 0.940145 0.249074 0.036276 0.124074
0 1771 0.646614 0.712037 0.044135 0.175926
0 1772 0.614268 0.714815 0.041112 0.157407
0 1776 0.244559 0.648148 0.041717 0.168519
0 1777 0.295042 0.611111 0.047158 0.164815
0 1778 0.295647 0.668056 0.036276 0.167593
0 1779 0.338271 0.386574 0.039299 0.123148
0 1780 0.316808 0.428704 0.041112 0.153704
0 1781 0.345224 0.412963 0.039903 0.133333
0 1782 0.300484 0.391667 0.032648 0.142593
0 1784 0.786880 0.252778 0.032044 0.131481
0 1785 0.801693 0.251852 0.036276 0.148148
0 1788 0.115175 0.761574 0.035671 0.162037
0 1794 0.088271 0.743519 0.047158 0.181481
0 1798 0.481862 0.437963 0.039903 0.150000
0 1799 0.452539 0.430556 0.035671 0.146296
0 1800 0.447098 0.410648 0.039299 0.137963
0 1801 0.916566 0.790278 0.044740 0.176852
0 1802 0.888755 0.814352 0.053204 0.156481
0 1803 0.936215 0.672685 0.051391 0.160185
0 1804 0.891173 0.663889 0.053204 0.168519
0 1805 0.620919 0.796759 0.054414 0.171296
0 1806 0.501209 0.313889 0.033857 0.131481
0 1809 0.119105 0.530556 0.047158 0.174074
0 1817 0.010580 0.640278 0.019952 0.143519
0 1818 0.828597 0.508333 0.041717 0.164815
0 1819 0.853083 0.500463 0.043531 0.160185
0 1821 0.261790 0.213426 0.032648 0.115741
0 1822 0.238513 0.202315 0.036880 0.137963
0 1823 0.156590 0.164352 0.037485 0.134259
0 1824 0.646312 0.437963 0.043531 0.140741
0 1825 0.016626 0.717130 0.032044 0.149074
0 1826 0.003325 0.690278 0.005441 0.186111
0 1827 0.584341 0.794907 0.038089 0.128704
0 1828 0.776904 0.656019 0.041112 0.128704
0 1829 0.737001 0.646759 0.042322 0.160185
0 1830 0.181983 0.186574 0.035067 0.121296
0 1831 0.690145 0.614352 0.044135 0.143519
0 1832 0.718561 0.607407 0.036880 0.168519
0 1833 0.107920 0.634722 0.051391 0.150926
0 1834 0.129988 0.641667 0.039903 0.159259
0 1835 0.063785 0.642130 0.038089 0.149074
0 1837 0.705260 0.712963 0.027207 0.114815
0 1838 0.671100 0.434259 0.036276 0.135185
0 1842 0.736397 0.775000 0.061669 0.164815
0 1843 0.517533 0.935648 0.056832 0.130556
0 1848 0.789299 0.743519 0.045345 0.175926
0 1849 0.782044 0.715741 0.048972 0.151852
0 1850 0.846433 0.769907 0.045949 0.182407
0 1852 0.854595 0.599074 0.036880 0.164815
0 1853 0.293833 0.878704 0.054414 0.175926
0 1855 0.322551 0.964815 0.046554 0.070370
0 1856 0.796554 0.224074 0.038089 0.146296
0 1857 0.821342 0.213889 0.034462 0.124074
0 1858 0.908102 0.356481 0.047158 0.146296
0 1859 0.662334 0.348148 0.039299 0.146296
0 1860 0.680472 0.322685 0.034462 0.134259
0 1861 0.856106 0.451852 0.045949 0.151852
0 1862 0.443168 0.231481 0.035067 0.127778
0 1863 0.467352 0.245370 0.035067 0.133333
0 1864 0.634522 0.241204 0.042926 0.143519
0 1865 0.607013 0.175926 0.035067 0.137037
0 1866 0.579807 0.148611 0.043531 0.132407
0 1867 0.007255 0.480093 0.013301 0.139815
0 1868 0.243652 0.283333 0.042322 0.140741
0 1869 0.210701 0.288426 0.041717 0.117593
0 1870 0.009371 0.320370 0.017533 0.140741
0 1871 0.025998 0.325000 0.041112 0.157407
0 1872 0.061064 0.323611 0.038694 0.139815
0 1873 0.199819 0.240741 0.039299 0.124074
0 1878 0.017836 0.431019 0.034462 0.149074
0 1885 0.149033 0.218519 0.036880 0.140741
0 1890 0.059855 0.223148 0.042322 0.146296
0 1891 0.111245 0.200463 0.042322 0.136111
0 1893 0.874547 0.375000 0.040508 0.135185
0 1894 0.928053 0.327315 0.033857 0.115741
0 1895 0.957074 0.324074 0.035067 0.137037
0 1896 0.881802 0.288889 0.036880 0.140741
0 1897 0.812273 0.156481 0.029625 0.129630
0 1898 0.913845 0.281481 0.035671 0.151852
0 1899 0.054414 0.405093 0.035067 0.139815
0 1900 0.092201 0.391667 0.034462 0.146296
0 1901 0.087062 0.373148 0.032648 0.140741
0 1902 0.980351 0.369444 0.036880 0.125926
0 1904 0.905079 0.195833 0.031439 0.128704
0 1906 0.079202 0.427315 0.033857 0.121296
0 1909 0.027207 0.262037 0.045949 0.148148
0 1912 0.247582 0.146296 0.034462 0.129630
0 1913 0.891173 0.265741 0.035067 0.135185
0 1914 0.915054 0.210648 0.036880 0.123148
0 1915 0.944982 0.319907 0.030230 0.126852
0 1916 0.912636 0.336574 0.039299 0.137963
0 1918 0.014813 0.326389 0.028416 0.149074
0 1920 0.916566 0.275000 0.030230 0.107407
0 1921 0.713120 0.671296 0.036880 0.151852
0 1923 0.076784 0.933796 0.060459 0.132407
0 1926 0.581620 0.246759 0.033857 0.134259
0 1927 0.012999 0.952315 0.024788 0.097222
0 1934 0.003930 0.821296 0.006651 0.159259
0 1945 0.012092 0.415278 0.022975 0.154630
