0 777 0.010883 0.180093 0.020556 0.137963
0 778 0.086457 0.155093 0.037485 0.115741
0 779 0.110641 0.151389 0.039903 0.134259
0 780 0.143289 0.131944 0.037485 0.132407
0 781 0.185611 0.131481 0.042322 0.124074
0 782 0.229746 0.101852 0.041112 0.133333
0 784 0.304111 0.035648 0.031439 0.069444
0 786 0.167473 0.028241 0.035067 0.054630
0 787 0.178356 0.022222 0.035067 0.042593
0 791 0.477328 0.198611 0.032044 0.112037
0 792 0.419287 0.050463 0.034462 0.099074
0 795 0.237304 0.197685 0.038089 0.134259
0 796 0.454655 0.181944 0.037485 0.130556
0 797 0.444982 0.086574 0.031439 0.115741
0 798 0.409008 0.083333 0.036880 0.120370
0 799 0.398730 0.154167 0.032044 0.126852
0 800 0.438029 0.152778 0.032044 0.120370
0 803 0.600363 0.063426 0.027811 0.108333
0 804 0.570738 0.059259 0.035067 0.116667
0 805 0.544740 0.067130 0.027811 0.104630
0 811 0.951028 0.143519 0.035067 0.127778
0 812 0.970979 0.132870 0.030230 0.110185
0 814 0.987606 0.039815 0.023579 0.077778
0 815 0.923216 0.130556 0.032648 0.112963
0 817 0.902358 0.118981 0.034462 0.130556
0 821 0.642080 0.152778 0.032648 0.124074
0 822 0.657799 0.179167 0.039903 0.145370
0 823 0.679565 0.189815 0.029021 0.124074
0 826 0.634825 0.032407 0.032648 0.062963
0 828 0.966143 0.117593 0.041112 0.146296
0 829 0.925635 0.078241 0.032648 0.115741
0 838 0.865780 0.151852 0.032648 0.129630
0 839 0.847340 0.152315 0.029625 0.134259
0 840 0.831318 0.150463 0.032648 0.139815
0 843 0.664752 0.148611 0.036880 0.132407
0 844 0.652358 0.031019 0.032648 0.060185
0 845 0.951330 0.068981 0.036880 0.121296
0 846 0.981258 0.093056 0.033857 0.117593
0 849 0.961306 0.183796 0.037485 0.143519
0 851 0.695889 0.047222 0.030230 0.092593
0 854 0.876058 0.143519 0.031439 0.116667
0 859 0.290810 0.092130 0.038694 0.132407
0 860 0.318017 0.080556 0.033857 0.118519
0 861 0.423216 0.023611 0.021765 0.045370
0 862 0.925030 0.092593 0.032648 0.112963
0 863 0.572854 0.025463 0.027207 0.049074
0 865 0.685006 0.045370 0.026602 0.075926
0 866 0.688936 0.045370 0.027207 0.081481
0 1175 0.379686 0.572685 0.036276 0.154630
0 1197 0.065599 0.473148 0.034462 0.142593
0 1198 0.060459 0.521759 0.036276 0.145370
0 1200 0.034764 0.495833 0.035671 0.156481
0 1206 0.103083 0.490741 0.036880 0.155556
0 1284 0.827993 0.379630 0.036880 0.131481
0 1285 0.841596 0.362037 0.035067 0.120370
0 1306 0.269952 0.691204 0.044135 0.171296
0 1307 0.238815 0.667130 0.048368 0.167593
0 1308 0.374547 0.668056 0.034462 0.145370
0 1325 0.229444 0.595833 0.034462 0.149074
0 1326 0.236094 0.568981 0.029625 0.139815
0 1328 0.192261 0.568981 0.042322 0.134259
0 1329 0.199214 0.533796 0.044135 0.156481
0 1330 0.152963 0.550463 0.043531 0.149074
0 1343 0.377267 0.243981 0.033857 0.128704
0 1344 0.397823 0.249074 0.032648 0.129630
0 1412 0.619710 0.428241 0.044740 0.121296
0 1413 0.718561 0.458796 0.044135 0.139815
0 1444 0.242140 0.389815 0.040508 0.142593
0 1445 0.240326 0.417130 0.034462 0.145370
0 1490 0.980653 0.975000 0.037485 0.050000
0 1501 0.265417 0.950926 0.049577 0.100000
0 1531 0.280532 0.486111 0.038694 0.157407
0 1549 0.309553 0.787037 0.051995 0.164815
0 1557 0.174123 0.438426 0.036276 0.156481
0 1567 0.339782 0.488426 0.037485 0.136111
0 1570 0.247884 0.724537 0.044740 0.162037
0 1573 0.515719 0.653704 0.037485 0.135185
0 1592 0.357316 0.716667 0.039903 0.157407
0 1594 0.360036 0.751852 0.039299 0.168519
0 1638 0.585550 0.630093 0.044135 0.162037
0 1639 0.620919 0.652778 0.044740 0.162963
0 1640 0.639057 0.633333 0.029021 0.135185
0 1650 0.430169 0.756019 0.046554 0.149074
0 1653 0.675937 0.691204 0.051995 0.145370
0 1654 0.456469 0.650000 0.038694 0.157407
0 1655 0.458888 0.550926 0.041112 0.137037
0 1657 0.447703 0.515741 0.044135 0.107407
0 1660 0.495768 0.621296 0.042322 0.153704
0 1661 0.545345 0.637500 0.041112 0.158333
0 1667 0.527811 0.629630 0.032648 0.125926
0 1668 0.556227 0.696759 0.037485 0.126852
0 1676 0.408102 0.028241 0.031439 0.054630
0 1703 0.981258 0.293981 0.035067 0.106481
0 1713 0.750605 0.826852 0.044135 0.164815
0 1714 0.790206 0.844444 0.042322 0.151852
0 1716 0.427449 0.602315 0.044740 0.149074
0 1717 0.462515 0.594444 0.037485 0.137037
0 1719 0.081923 0.728241 0.044135 0.154630
0 1721 0.535067 0.712500 0.043531 0.165741
0 1722 0.564389 0.723148 0.046554 0.164815
0 1723 0.039299 0.720833 0.041112 0.152778
0 1736 0.066808 0.320833 0.036880 0.128704
0 1737 0.110339 0.318056 0.041717 0.141667
0 1741 0.963724 0.260648 0.032648 0.126852
0 1742 0.948005 0.298611 0.038694 0.137963
0 1743 0.943773 0.260185 0.036276 0.124074
0 1771 0.639359 0.725926 0.044135 0.168519
0 1772 0.602781 0.738426 0.041112 0.160185
0 1776 0.245466 0.650000 0.042322 0.168519
0 1777 0.293229 0.610648 0.049577 0.165741
0 1778 0.292926 0.671759 0.036880 0.165741
0 1779 0.336457 0.389815 0.038089 0.124074
0 1780 0.312576 0.431481 0.042322 0.148148
0 1781 0.345828 0.415741 0.039903 0.135185
0 1782 0.301391 0.392593 0.032044 0.142593
0 1784 0.806227 0.259259 0.032044 0.131481
0 1785 0.826179 0.258333 0.038089 0.148148
0 1788 0.113362 0.785648 0.039299 0.162037
0 1794 0.090387 0.765741 0.046554 0.181481
0 1798 0.462213 0.449074 0.039299 0.148148
0 1799 0.438331 0.443056 0.038694 0.145370
0 1800 0.443773 0.425463 0.038694 0.137963
0 1801 0.914148 0.815741 0.044740 0.175926
0 1802 0.881499 0.833796 0.053204 0.152778
0 1803 0.949214 0.699537 0.050786 0.160185
0 1804 0.905079 0.689352 0.053204 0.162037
0 1805 0.611850 0.817130 0.054414 0.171296
0 1806 0.512394 0.331944 0.035671 0.130556
0 1809 0.114268 0.568519 0.047158 0.183333
0 1817 0.008767 0.667130 0.016324 0.143519
0 1818 0.846433 0.536574 0.042322 0.163889
0 1819 0.873942 0.527315 0.042926 0.152778
0 1821 0.257255 0.227315 0.032044 0.115741
0 1822 0.226119 0.217130 0.039903 0.137963
0 1823 0.147823 0.173611 0.036880 0.134259
0 1824 0.646312 0.437963 0.043531 0.140741
0 1825 0.011487 0.737500 0.021765 0.152778
0 1827 0.573156 0.816667 0.041112 0.129630
0 1828 0.774184 0.680093 0.041717 0.128704
0 1829 0.740629 0.678704 0.039903 0.159259
0 1830 0.166264 0.199537 0.035067 0.121296
0 1831 0.698609 0.639352 0.044135 0.143519
0 1832 0.730048 0.629630 0.038089 0.168519
0 1833 0.099758 0.653704 0.050786 0.150000
0 1834 0.126360 0.662037 0.041112 0.159259
0 1835 0.056227 0.663426 0.037485 0.149074
0 1837 0.693470 0.731481 0.036276 0.114815
0 1838 0.669891 0.437963 0.036276 0.135185
0 1842 0.762999 0.790278 0.050786 0.176852
0 1843 0.571342 0.945370 0.041112 0.111111
0 1848 0.809250 0.747685 0.048972 0.171296
0 1849 0.803204 0.713426 0.045345 0.156481
0 1850 0.846433 0.773148 0.044740 0.181481
0 1852 0.864873 0.620370 0.038089 0.166667
0 1853 0.319226 0.910185 0.051995 0.164815
0 1856 0.799577 0.231944 0.039299 0.147222
0 1857 0.824365 0.219444 0.033253 0.124074
0 1858 0.899637 0.376389 0.044740 0.149074
0 1859 0.674728 0.375000 0.039903 0.146296
0 1860 0.691052 0.347685 0.036276 0.136111
0 1861 0.896614 0.496759 0.053204 0.156481
0 1862 0.438331 0.250463 0.035067 0.128704
0 1863 0.463422 0.265278 0.034462 0.134259
0 1864 0.647521 0.269907 0.038694 0.149074
0 1865 0.608222 0.193519 0.035067 0.137037
0 1866 0.582225 0.166204 0.041112 0.134259
0 1867 0.006651 0.509259 0.012092 0.142593
0 1868 0.230955 0.301389 0.042322 0.143519
0 1869 0.201330 0.314352 0.042322 0.125000
0 1870 0.003023 0.339815 0.004837 0.140741
0 1871 0.016022 0.354630 0.030834 0.157407
0 1872 0.041112 0.347685 0.032648 0.139815
0 1873 0.184401 0.257407 0.039903 0.124074
0 1878 0.017836 0.455093 0.034462 0.149074
0 1885 0.145103 0.235185 0.036276 0.140741
0 1890 0.049879 0.242593 0.044135 0.146296
0 1891 0.097642 0.224074 0.041717 0.142593
0 1893 0.864873 0.383333 0.040508 0.137037
0 1894 0.932588 0.345833 0.034462 0.115741
0 1895 0.957678 0.339352 0.036276 0.134259
0 1896 0.887243 0.307407 0.036880 0.140741
0 1897 0.802600 0.156481 0.029625 0.129630
0 1898 0.918984 0.300463 0.037485 0.150926
0 1899 0.060459 0.397222 0.035067 0.138889
0 1900 0.102479 0.387037 0.034462 0.146296
0 1901 0.094317 0.372222 0.032648 0.140741
0 1902 0.983978 0.392130 0.030834 0.132407
0 1904 0.908706 0.206019 0.031439 0.128704
0 1906 0.084039 0.421759 0.033857 0.121296
0 1909 0.014510 0.283333 0.027811 0.148148
0 1912 0.256348 0.172685 0.035067 0.130556
0 1913 0.892382 0.287037 0.035067 0.135185
0 1914 0.916566 0.224537 0.037485 0.123148
0 1915 0.954051 0.338426 0.030230 0.126852
0 1916 0.912938 0.355093 0.039903 0.137963
0 1918 0.006953 0.352315 0.012696 0.149074
0 1920 0.917473 0.296296 0.029625 0.107407
0 1921 0.714329 0.700000 0.044135 0.151852
0 1923 0.126360 0.937037 0.047158 0.127778
0 1926 0.602177 0.275926 0.035067 0.135185
0 1927 0.061669 0.957870 0.041112 0.086111
0 1929 0.003325 0.976389 0.005441 0.049074
0 1934 0.011790 0.819444 0.022370 0.164815
0 1945 0.007860 0.432870 0.014510 0.154630
