0 777 0.021463 0.151389 0.041717 0.137963
0 778 0.107618 0.130093 0.037485 0.115741
0 779 0.128779 0.127778 0.039903 0.135185
0 780 0.165054 0.107870 0.037485 0.132407
0 781 0.208283 0.108333 0.040508 0.124074
0 782 0.246070 0.086574 0.041112 0.132407
0 791 0.469468 0.174537 0.032044 0.112037
0 792 0.433797 0.044444 0.034462 0.087037
0 795 0.217654 0.165741 0.035067 0.135185
0 796 0.446796 0.157870 0.036276 0.125000
0 797 0.424728 0.063889 0.038089 0.114815
0 798 0.381802 0.069907 0.032044 0.117593
0 799 0.376360 0.143056 0.032044 0.126852
0 800 0.412031 0.129167 0.032044 0.121296
0 803 0.594619 0.047685 0.027207 0.093519
0 804 0.567715 0.047222 0.035067 0.092593
0 805 0.540206 0.050926 0.027207 0.092593
0 811 0.953446 0.125463 0.035067 0.130556
0 812 0.980351 0.118056 0.029625 0.110185
0 815 0.927449 0.116667 0.032648 0.112963
0 817 0.901451 0.099074 0.033857 0.125926
0 821 0.632709 0.125000 0.032044 0.124074
0 822 0.651149 0.150926 0.038694 0.142593
0 823 0.673519 0.160648 0.029021 0.123148
0 828 0.977630 0.100000 0.035067 0.146296
0 829 0.924123 0.060185 0.032044 0.103704
0 838 0.883313 0.143519 0.032648 0.129630
0 839 0.861850 0.137500 0.029625 0.134259
0 840 0.845828 0.139352 0.032648 0.136111
0 843 0.657497 0.119444 0.036880 0.127778
0 846 0.980653 0.083333 0.032648 0.118519
0 849 0.961911 0.164352 0.037485 0.143519
0 851 0.713422 0.037963 0.030230 0.074074
0 854 0.882709 0.128704 0.032648 0.118519
0 855 0.989117 0.150463 0.020556 0.121296
0 859 0.264510 0.065278 0.039299 0.123148
0 860 0.288392 0.056481 0.033857 0.107407
0 861 0.423821 0.024537 0.021765 0.047222
0 862 0.936215 0.069444 0.032044 0.111111
0 865 0.698912 0.035185 0.027811 0.064815
0 866 0.701028 0.034722 0.027207 0.067593
0 1175 0.381197 0.571759 0.036880 0.154630
0 1197 0.066808 0.466667 0.034462 0.142593
0 1198 0.062273 0.518056 0.036276 0.145370
0 1200 0.035973 0.492130 0.034462 0.156481
0 1206 0.104595 0.489815 0.037485 0.157407
0 1284 0.825877 0.376852 0.038694 0.129630
0 1285 0.844317 0.359259 0.034462 0.120370
0 1306 0.268742 0.687500 0.044135 0.171296
0 1307 0.243047 0.665741 0.048368 0.168519
0 1308 0.376360 0.665278 0.034462 0.145370
0 1325 0.228839 0.593981 0.034462 0.149074
0 1326 0.237304 0.567130 0.029625 0.139815
0 1328 0.192866 0.568056 0.042322 0.134259
0 1329 0.199516 0.533796 0.043531 0.156481
0 1330 0.155985 0.548611 0.043531 0.149074
0 1343 0.378476 0.241667 0.033857 0.129630
0 1344 0.400242 0.246296 0.032648 0.129630
0 1412 0.634825 0.410648 0.044740 0.121296
0 1413 0.726421 0.445370 0.044135 0.138889
0 1444 0.243349 0.386111 0.038089 0.142593
0 1445 0.239420 0.421759 0.033857 0.145370
0 1490 0.967654 0.958796 0.046554 0.084259
0 1501 0.256348 0.951852 0.049577 0.098148
0 1531 0.293229 0.471296 0.038694 0.157407
0 1549 0.310157 0.786111 0.051995 0.164815
0 1557 0.191657 0.420833 0.032648 0.156481
0 1567 0.340689 0.485648 0.036880 0.134259
0 1570 0.269347 0.728241 0.044135 0.167593
0 1573 0.515719 0.645370 0.037485 0.135185
0 1592 0.357316 0.712963 0.039903 0.157407
0 1594 0.361850 0.750926 0.039299 0.168519
0 1638 0.585550 0.627315 0.044135 0.163889
0 1639 0.620919 0.649074 0.044740 0.162963
0 1640 0.639661 0.629630 0.029021 0.133333
0 1650 0.433797 0.752315 0.046554 0.149074
0 1653 0.681378 0.694444 0.051995 0.142593
0 1654 0.475212 0.631019 0.038694 0.154630
0 1655 0.458888 0.547685 0.041112 0.139815
0 1657 0.448307 0.512963 0.044135 0.107407
0 1660 0.499395 0.611111 0.042322 0.153704
0 1661 0.544438 0.625000 0.041717 0.151852
0 1667 0.537183 0.619444 0.030834 0.125926
0 1668 0.555018 0.691204 0.037485 0.126852
0 1676 0.408706 0.027778 0.031439 0.053704
0 1703 0.978235 0.275926 0.037485 0.107407
0 1713 0.748791 0.811111 0.044135 0.164815
0 1714 0.787787 0.827778 0.042322 0.151852
0 1716 0.427751 0.600000 0.044135 0.150000
0 1717 0.462515 0.591667 0.037485 0.137037
0 1719 0.084039 0.704167 0.044740 0.154630
0 1721 0.535973 0.706019 0.044135 0.165741
0 1722 0.564389 0.713889 0.046554 0.164815
0 1723 0.043531 0.686111 0.039903 0.140741
0 1736 0.090992 0.297685 0.034462 0.126852
0 1737 0.134220 0.298611 0.039903 0.139815
0 1741 0.959190 0.242130 0.032044 0.126852
0 1742 0.941052 0.277315 0.039299 0.134259
0 1743 0.939541 0.247222 0.036276 0.124074
0 1771 0.647219 0.706481 0.044135 0.175926
0 1772 0.614873 0.710648 0.041112 0.156481
0 1776 0.244559 0.647222 0.041717 0.168519
0 1777 0.295042 0.611111 0.047158 0.164815
0 1778 0.296554 0.667593 0.036880 0.168519
0 1779 0.339480 0.385648 0.039299 0.123148
0 1780 0.319831 0.427778 0.041112 0.153704
0 1781 0.344921 0.414815 0.039299 0.131481
0 1782 0.299274 0.391204 0.033857 0.143519
0 1784 0.783253 0.251852 0.032044 0.131481
0 1785 0.795949 0.250926 0.036880 0.148148
0 1788 0.114873 0.757870 0.036276 0.162037
0 1794 0.087666 0.738889 0.047158 0.181481
0 1798 0.485490 0.436111 0.039903 0.150000
0 1799 0.456771 0.427778 0.035671 0.146296
0 1800 0.449214 0.405093 0.039903 0.137963
0 1801 0.917170 0.785185 0.044740 0.175926
0 1802 0.888755 0.808796 0.053204 0.156481
0 1803 0.934704 0.668056 0.050786 0.160185
0 1804 0.889359 0.659259 0.053204 0.168519
0 1805 0.624547 0.793056 0.054414 0.171296
0 1806 0.498489 0.310648 0.034462 0.130556
0 1809 0.122733 0.520370 0.047158 0.170370
0 1817 0.010883 0.634722 0.020556 0.143519
0 1818 0.825574 0.503241 0.041717 0.165741
0 1819 0.849456 0.494907 0.043531 0.160185
0 1821 0.261790 0.211574 0.032648 0.115741
0 1822 0.240931 0.200000 0.034462 0.137037
0 1823 0.159008 0.162500 0.036276 0.134259
0 1824 0.646312 0.437963 0.043531 0.140741
0 1825 0.017836 0.714352 0.034462 0.149074
0 1826 0.004232 0.685185 0.007255 0.185185
0 1827 0.587666 0.791204 0.038694 0.128704
0 1828 0.776300 0.651389 0.041112 0.128704
0 1829 0.735187 0.641204 0.042322 0.160185
0 1830 0.186215 0.184722 0.035067 0.121296
0 1831 0.688331 0.609722 0.044135 0.143519
0 1832 0.716747 0.602778 0.036880 0.168519
0 1833 0.109734 0.631944 0.051391 0.150926
0 1834 0.130593 0.637037 0.039903 0.159259
0 1835 0.064692 0.639352 0.038694 0.149074
0 1837 0.705260 0.705556 0.028416 0.114815
0 1838 0.671100 0.433333 0.036276 0.135185
0 1842 0.731862 0.771759 0.063482 0.162037
0 1843 0.508464 0.934259 0.060459 0.133333
0 1848 0.788694 0.743519 0.045345 0.175926
0 1849 0.779021 0.715741 0.047763 0.151852
0 1850 0.844619 0.766204 0.045949 0.182407
0 1852 0.852781 0.593981 0.036880 0.163889
0 1853 0.287787 0.873148 0.055623 0.175926
0 1855 0.322854 0.961574 0.045949 0.076852
0 1856 0.797158 0.222685 0.038089 0.145370
0 1857 0.820435 0.212963 0.035067 0.124074
0 1858 0.909915 0.352778 0.047158 0.146296
0 1859 0.660520 0.342593 0.039299 0.146296
0 1860 0.678053 0.318056 0.034462 0.134259
0 1861 0.847340 0.444444 0.046554 0.151852
0 1862 0.443773 0.227778 0.035067 0.127778
0 1863 0.467352 0.240741 0.035067 0.133333
0 1864 0.631499 0.236111 0.044135 0.142593
0 1865 0.607013 0.172222 0.035067 0.137037
0 1866 0.579202 0.144907 0.043531 0.132407
0 1867 0.007557 0.475463 0.013906 0.139815
0 1868 0.245768 0.278704 0.041717 0.138889
0 1869 0.212515 0.283333 0.041717 0.116667
0 1870 0.010580 0.316667 0.019952 0.140741
0 1871 0.029625 0.318981 0.041112 0.156481
0 1872 0.064994 0.319907 0.039299 0.139815
0 1873 0.202237 0.237963 0.039299 0.124074
0 1878 0.017836 0.426389 0.034462 0.149074
0 1885 0.150242 0.215741 0.036880 0.140741
0 1890 0.061971 0.219444 0.041717 0.146296
0 1891 0.114268 0.196296 0.042322 0.135185
0 1893 0.876360 0.373148 0.040508 0.135185
0 1894 0.927146 0.324537 0.034462 0.115741
0 1895 0.956469 0.320370 0.035067 0.137037
0 1896 0.879686 0.284259 0.037485 0.140741
0 1897 0.814087 0.156481 0.029625 0.129630
0 1898 0.913241 0.277778 0.035671 0.151852
0 1899 0.053507 0.406944 0.035671 0.139815
0 1900 0.090387 0.392593 0.034462 0.146296
0 1901 0.085852 0.373148 0.032648 0.140741
0 1902 0.980048 0.363889 0.037485 0.125926
0 1904 0.904474 0.193981 0.031439 0.128704
0 1906 0.077388 0.428241 0.033857 0.121296
0 1909 0.030834 0.259259 0.045949 0.148148
0 1912 0.246372 0.141667 0.034462 0.129630
0 1913 0.891173 0.262037 0.035067 0.135185
0 1914 0.914752 0.207870 0.037485 0.123148
0 1915 0.943168 0.316667 0.030230 0.125926
0 1916 0.912636 0.332870 0.039299 0.137963
0 1918 0.016324 0.321759 0.031439 0.149074
0 1920 0.915961 0.271296 0.030230 0.107407
0 1921 0.711306 0.665741 0.036880 0.151852
0 1923 0.066505 0.932870 0.060459 0.134259
0 1926 0.578295 0.243056 0.033253 0.134259
0 1927 0.007860 0.951389 0.014510 0.099074
0 1934 0.002116 0.820833 0.003023 0.158333
0 1945 0.012999 0.412500 0.024788 0.154630
