0 777 0.021765 0.149537 0.042322 0.137963
0 778 0.108827 0.129167 0.037485 0.115741
0 779 0.129988 0.126852 0.039903 0.135185
0 780 0.165961 0.106944 0.036880 0.132407
0 781 0.209492 0.106944 0.040508 0.123148
0 782 0.246372 0.084259 0.040508 0.131481
0 791 0.469468 0.173611 0.032044 0.112037
0 792 0.434401 0.043981 0.034462 0.086111
0 795 0.217654 0.163889 0.035067 0.135185
0 796 0.446191 0.156944 0.036276 0.125000
0 797 0.423216 0.062500 0.038694 0.115741
0 798 0.380290 0.068981 0.032648 0.117593
0 799 0.375151 0.142130 0.032044 0.126852
0 800 0.410822 0.128241 0.032044 0.121296
0 803 0.594317 0.046759 0.026602 0.091667
0 804 0.567110 0.046296 0.035067 0.090741
0 805 0.540206 0.050000 0.027207 0.092593
0 811 0.953446 0.124537 0.035067 0.130556
0 812 0.980653 0.117130 0.030230 0.110185
0 815 0.927146 0.114815 0.033253 0.112963
0 817 0.900846 0.097685 0.033857 0.125000
0 821 0.632104 0.123148 0.032044 0.124074
0 822 0.650544 0.149074 0.038694 0.142593
0 823 0.673519 0.158796 0.029021 0.123148
0 828 0.978235 0.099074 0.035067 0.146296
0 829 0.924123 0.059259 0.032044 0.103704
0 838 0.884220 0.142593 0.032044 0.129630
0 839 0.862455 0.136574 0.029625 0.134259
0 840 0.846735 0.138889 0.032044 0.135185
0 843 0.656892 0.118056 0.036880 0.126852
0 846 0.980955 0.081944 0.033253 0.117593
0 849 0.961911 0.163426 0.037485 0.143519
0 851 0.714027 0.037500 0.030230 0.073148
0 854 0.883313 0.127778 0.032648 0.118519
0 855 0.988513 0.151389 0.020556 0.121296
0 859 0.262696 0.064352 0.039299 0.121296
0 860 0.287183 0.055093 0.033857 0.106481
0 861 0.423821 0.024537 0.021765 0.047222
0 862 0.936820 0.067593 0.032044 0.111111
0 865 0.699516 0.034259 0.027811 0.064815
0 866 0.701632 0.034259 0.027207 0.066667
0 1175 0.381197 0.571759 0.036880 0.154630
0 1197 0.066808 0.466667 0.034462 0.142593
0 1198 0.062273 0.518056 0.036276 0.145370
0 1200 0.035973 0.492130 0.034462 0.156481
0 1206 0.104595 0.489815 0.037485 0.157407
0 1284 0.825877 0.376852 0.038694 0.129630
0 1285 0.844921 0.359259 0.034462 0.120370
0 1306 0.268742 0.687500 0.044135 0.171296
0 1307 0.243047 0.665741 0.048368 0.168519
0 1308 0.376965 0.665278 0.034462 0.145370
0 1325 0.228839 0.593981 0.034462 0.149074
0 1326 0.237304 0.567130 0.029625 0.139815
0 1328 0.192866 0.568056 0.042322 0.134259
0 1329 0.199516 0.533796 0.043531 0.156481
0 1330 0.156590 0.548611 0.043531 0.149074
0 1343 0.378476 0.241667 0.033857 0.129630
0 1344 0.400242 0.246296 0.032648 0.129630
0 1412 0.635429 0.409722 0.044740 0.121296
0 1413 0.727025 0.444444 0.044135 0.138889
0 1444 0.243349 0.385185 0.038089 0.142593
0 1445 0.240024 0.421759 0.033857 0.145370
0 1490 0.967050 0.957870 0.046554 0.086111
0 1501 0.255744 0.951852 0.049577 0.098148
0 1531 0.293833 0.470370 0.038694 0.157407
0 1549 0.310157 0.786111 0.051995 0.164815
0 1557 0.192261 0.419907 0.032648 0.156481
0 1567 0.340689 0.485648 0.036880 0.134259
0 1570 0.270254 0.727315 0.043531 0.167593
0 1573 0.515719 0.645370 0.037485 0.135185
0 1592 0.357316 0.712963 0.039903 0.157407
0 1594 0.361850 0.750926 0.039299 0.168519
0 1638 0.585550 0.627315 0.044135 0.163889
0 1639 0.620919 0.648148 0.044740 0.162963
0 1640 0.639661 0.629630 0.029021 0.133333
0 1650 0.433797 0.752315 0.046554 0.149074
0 1653 0.681983 0.694444 0.051995 0.142593
0 1654 0.475816 0.630093 0.038694 0.154630
0 1655 0.458888 0.547685 0.041112 0.139815
0 1657 0.448307 0.512037 0.044135 0.107407
0 1660 0.499395 0.610185 0.042322 0.153704
0 1661 0.544740 0.625000 0.041112 0.151852
0 1667 0.537787 0.618519 0.030834 0.125926
0 1668 0.555018 0.691204 0.037485 0.126852
0 1676 0.408706 0.027778 0.031439 0.053704
0 1702 0.700726 0.984259 0.036276 0.033333
0 1703 0.978235 0.275000 0.037485 0.107407
0 1713 0.748186 0.811111 0.044135 0.164815
0 1714 0.787485 0.826852 0.041717 0.151852
0 1716 0.427751 0.600000 0.044135 0.150000
0 1717 0.462515 0.591667 0.037485 0.137037
0 1719 0.084039 0.703241 0.044740 0.154630
0 1721 0.535973 0.705093 0.044135 0.165741
0 1722 0.564389 0.713889 0.046554 0.164815
0 1723 0.044135 0.685185 0.039903 0.140741
0 1736 0.092201 0.295833 0.034462 0.126852
0 1737 0.135429 0.297685 0.039903 0.139815
0 1741 0.959190 0.241204 0.032044 0.126852
0 1742 0.939843 0.275926 0.039299 0.133333
0 1743 0.939541 0.246296 0.036276 0.124074
0 1771 0.647823 0.704630 0.044135 0.175926
0 1772 0.615478 0.709259 0.041112 0.155556
0 1776 0.244559 0.647222 0.041717 0.168519
0 1777 0.295345 0.611111 0.046554 0.164815
0 1778 0.296554 0.667130 0.036880 0.169444
0 1779 0.338875 0.385185 0.039299 0.124074
0 1780 0.321040 0.427778 0.041112 0.153704
0 1781 0.344921 0.415278 0.039299 0.130556
0 1782 0.298972 0.390741 0.033253 0.142593
0 1784 0.781137 0.250926 0.032648 0.131481
0 1785 0.793833 0.250000 0.036276 0.148148
0 1788 0.114873 0.756019 0.036276 0.162037
0 1794 0.087666 0.737963 0.047158 0.181481
0 1798 0.486699 0.435648 0.039903 0.150926
0 1799 0.456771 0.426852 0.035671 0.146296
0 1800 0.449214 0.404167 0.039903 0.137963
0 1801 0.917473 0.783796 0.044135 0.176852
0 1802 0.889359 0.807870 0.053204 0.156481
0 1803 0.934401 0.666204 0.051391 0.160185
0 1804 0.888755 0.657407 0.053204 0.168519
0 1805 0.625756 0.792130 0.054414 0.171296
0 1806 0.497582 0.308796 0.033857 0.130556
0 1809 0.123942 0.516667 0.047158 0.168519
0 1817 0.011185 0.633796 0.021161 0.143519
0 1818 0.824365 0.501389 0.041717 0.165741
0 1819 0.848247 0.493056 0.043531 0.160185
0 1821 0.261790 0.210648 0.032648 0.115741
0 1822 0.241838 0.199074 0.033857 0.137037
0 1823 0.159915 0.161574 0.036880 0.134259
0 1824 0.645707 0.437037 0.043531 0.140741
0 1825 0.018440 0.713426 0.035671 0.149074
0 1826 0.004534 0.684259 0.007860 0.185185
0 1827 0.588875 0.789352 0.038694 0.128704
0 1828 0.776300 0.650463 0.041112 0.128704
0 1829 0.735187 0.639352 0.042322 0.160185
0 1830 0.187424 0.184722 0.035067 0.121296
0 1831 0.687727 0.607870 0.044135 0.143519
0 1832 0.716445 0.601852 0.037485 0.168519
0 1833 0.110339 0.631019 0.051391 0.150926
0 1834 0.131197 0.636111 0.039903 0.159259
0 1835 0.064994 0.638426 0.039299 0.149074
0 1837 0.705260 0.702778 0.029625 0.114815
0 1838 0.671100 0.433333 0.036276 0.135185
0 1842 0.730351 0.770833 0.064087 0.162037
0 1843 0.505441 0.933796 0.061669 0.134259
0 1848 0.788694 0.743519 0.045345 0.175926
0 1849 0.777811 0.715741 0.047763 0.151852
0 1850 0.844015 0.764352 0.045949 0.182407
0 1852 0.852177 0.592130 0.036880 0.163889
0 1853 0.285671 0.871296 0.056227 0.175926
0 1855 0.322854 0.960648 0.045949 0.078704
0 1856 0.797461 0.222685 0.037485 0.145370
0 1857 0.820435 0.212500 0.035067 0.123148
0 1858 0.910218 0.351852 0.047763 0.146296
0 1859 0.659915 0.340741 0.039299 0.146296
0 1860 0.676844 0.317130 0.034462 0.134259
0 1861 0.844317 0.441667 0.046554 0.151852
0 1862 0.443773 0.226852 0.035067 0.127778
0 1863 0.467352 0.238889 0.035067 0.133333
0 1864 0.630593 0.235185 0.044740 0.142593
0 1865 0.607013 0.171296 0.035067 0.137037
0 1866 0.578597 0.143981 0.043531 0.132407
0 1867 0.007557 0.473611 0.013906 0.139815
0 1868 0.246372 0.277315 0.041717 0.137963
0 1869 0.213120 0.281944 0.041717 0.115741
0 1870 0.010883 0.315741 0.020556 0.140741
0 1871 0.030834 0.317130 0.041112 0.156481
0 1872 0.066203 0.318056 0.039299 0.139815
0 1873 0.202842 0.237037 0.039299 0.124074
0 1878 0.017836 0.425463 0.034462 0.149074
0 1885 0.150242 0.214815 0.036880 0.140741
0 1890 0.062878 0.218519 0.042322 0.146296
0 1891 0.114571 0.195370 0.041717 0.135185
0 1893 0.877267 0.373148 0.041112 0.135185
0 1894 0.927146 0.322685 0.034462 0.115741
0 1895 0.956469 0.319444 0.035067 0.137037
0 1896 0.878779 0.283333 0.036880 0.140741
0 1897 0.814692 0.156481 0.029625 0.129630
0 1898 0.912636 0.276852 0.035671 0.151852
0 1899 0.053507 0.407870 0.035671 0.139815
0 1900 0.089782 0.392593 0.034462 0.146296
0 1901 0.085248 0.373148 0.032648 0.140741
0 1902 0.980048 0.362963 0.037485 0.125926
0 1904 0.904172 0.193056 0.032044 0.128704
0 1906 0.077388 0.428241 0.033857 0.121296
0 1909 0.032044 0.258333 0.045949 0.148148
0 1912 0.246070 0.139815 0.033857 0.129630
0 1913 0.891173 0.261111 0.035067 0.135185
0 1914 0.914752 0.206944 0.037485 0.123148
0 1915 0.943168 0.315741 0.030230 0.125926
0 1916 0.912636 0.331944 0.039299 0.137963
0 1918 0.016929 0.319907 0.032648 0.149074
0 1920 0.915961 0.270370 0.030230 0.107407
0 1921 0.710701 0.663889 0.036880 0.151852
0 1923 0.062878 0.932407 0.060459 0.135185
0 1926 0.577086 0.241667 0.033253 0.135185
0 1927 0.006046 0.950926 0.010883 0.100000
0 1945 0.013301 0.411574 0.025393 0.154630
