0 779 0.243349 0.028704 0.034462 0.055556
0 795 0.123035 0.047685 0.032044 0.093519
0 800 0.232769 0.045833 0.033857 0.089815
0 811 0.959492 0.035185 0.031439 0.068519
0 822 0.646614 0.036111 0.033253 0.070370
0 823 0.671705 0.031481 0.030230 0.061111
0 838 0.936820 0.046296 0.032044 0.085185
0 839 0.910218 0.044907 0.028416 0.087963
0 840 0.915961 0.060648 0.031439 0.119444
0 843 0.643591 0.017593 0.032044 0.033333
0 849 0.987001 0.050463 0.024788 0.099074
0 861 0.423216 0.023611 0.021765 0.045370
0 1168 0.903567 0.958796 0.051391 0.084259
0 1175 0.387243 0.559722 0.036880 0.165741
0 1197 0.163845 0.384722 0.035067 0.143519
0 1198 0.073761 0.494907 0.036276 0.145370
0 1200 0.056530 0.465741 0.035671 0.157407
0 1206 0.103990 0.478241 0.039903 0.156481
0 1284 0.850665 0.385185 0.035067 0.131481
0 1285 0.869407 0.344907 0.033857 0.121296
0 1306 0.272975 0.671759 0.044135 0.171296
0 1307 0.270254 0.651852 0.036276 0.181481
0 1308 0.378476 0.645370 0.035067 0.146296
0 1314 0.861850 0.981481 0.032044 0.038889
0 1325 0.229444 0.585648 0.034462 0.149074
0 1326 0.243954 0.555556 0.029625 0.140741
0 1328 0.195284 0.560648 0.042322 0.134259
0 1329 0.204958 0.519907 0.042322 0.156481
0 1330 0.162636 0.543519 0.043531 0.161111
0 1343 0.384522 0.229630 0.035067 0.129630
0 1344 0.405079 0.234259 0.032648 0.129630
0 1412 0.711004 0.378704 0.042322 0.114815
0 1413 0.751209 0.392593 0.041717 0.137037
0 1444 0.246372 0.369444 0.036880 0.142593
0 1445 0.240629 0.383796 0.036276 0.145370
0 1490 0.959794 0.821759 0.039299 0.145370
0 1501 0.312576 0.968981 0.047158 0.063889
0 1531 0.403265 0.437500 0.035067 0.156481
0 1549 0.316505 0.775926 0.046554 0.170370
0 1555 0.966445 0.875000 0.061064 0.164815
0 1556 0.943168 0.878241 0.039903 0.132407
0 1557 0.316808 0.333796 0.035067 0.147222
0 1567 0.343108 0.474074 0.038089 0.131481
0 1570 0.347037 0.675926 0.039903 0.168519
0 1573 0.522672 0.637963 0.029625 0.142593
0 1592 0.367291 0.704630 0.039299 0.159259
0 1594 0.373035 0.734722 0.042322 0.163889
0 1638 0.587062 0.621759 0.044740 0.165741
0 1639 0.628779 0.630556 0.044740 0.162963
0 1640 0.643289 0.609722 0.029021 0.126852
0 1650 0.441354 0.737963 0.041112 0.148148
0 1653 0.684401 0.710185 0.051995 0.150000
0 1654 0.501814 0.548611 0.038694 0.156481
0 1655 0.462515 0.538426 0.042322 0.145370
0 1657 0.449214 0.500000 0.044740 0.107407
0 1660 0.527509 0.578704 0.036880 0.153704
0 1661 0.551995 0.611574 0.039903 0.150926
0 1667 0.542624 0.595833 0.029625 0.126852
0 1668 0.552600 0.675463 0.037485 0.126852
0 1676 0.412938 0.022222 0.031439 0.042593
0 1678 0.652963 0.891204 0.055623 0.156481
0 1696 0.594015 0.946759 0.046554 0.106481
0 1697 0.633011 0.950463 0.039903 0.097222
0 1699 0.983374 0.708796 0.030834 0.156481
0 1702 0.720375 0.949074 0.044135 0.103704
0 1703 0.964027 0.192593 0.033253 0.101852
0 1711 0.492745 0.962037 0.039903 0.077778
0 1712 0.443773 0.978704 0.036276 0.042593
0 1713 0.731862 0.712500 0.045345 0.156481
0 1714 0.766929 0.759259 0.045345 0.151852
0 1716 0.430472 0.587500 0.042322 0.150926
0 1717 0.465236 0.586111 0.032044 0.148148
0 1719 0.117291 0.576389 0.044740 0.154630
0 1720 0.147219 0.910648 0.046554 0.169444
0 1721 0.538694 0.691204 0.044740 0.165741
0 1722 0.570133 0.697685 0.047158 0.160185
0 1723 0.096131 0.561111 0.037485 0.146296
0 1736 0.216143 0.214815 0.034462 0.118519
0 1737 0.249698 0.212037 0.044740 0.137037
0 1741 0.967956 0.153241 0.030230 0.126852
0 1742 0.932890 0.185185 0.039903 0.129630
0 1743 0.966445 0.163889 0.036880 0.124074
0 1771 0.740629 0.543981 0.043531 0.165741
0 1772 0.705562 0.540278 0.036276 0.143519
0 1775 0.711004 0.885648 0.059250 0.173148
0 1776 0.245768 0.628704 0.035671 0.155556
0 1777 0.275695 0.595370 0.048368 0.164815
0 1778 0.300181 0.643056 0.036880 0.165741
0 1779 0.299577 0.406019 0.039299 0.123148
0 1780 0.193470 0.419907 0.035067 0.149074
0 1781 0.241838 0.416667 0.042322 0.131481
0 1782 0.274788 0.391204 0.041717 0.143519
0 1784 0.560762 0.247222 0.038089 0.127778
0 1785 0.577388 0.233796 0.033857 0.132407
0 1788 0.134220 0.609722 0.039903 0.150926
0 1792 0.756046 0.955556 0.047763 0.088889
0 1794 0.102177 0.590278 0.044740 0.169444
0 1795 0.929867 0.918981 0.050786 0.160185
0 1797 0.942563 0.686574 0.068924 0.175000
0 1798 0.554716 0.306019 0.036880 0.149074
0 1799 0.514510 0.298148 0.036276 0.138889
0 1800 0.488210 0.293981 0.039299 0.141667
0 1801 0.904776 0.602778 0.050181 0.168519
0 1802 0.852781 0.618519 0.051391 0.157407
0 1803 0.836155 0.490278 0.048368 0.143519
0 1804 0.798972 0.487963 0.048972 0.157407
0 1805 0.692866 0.614352 0.050786 0.162037
0 1806 0.461306 0.178704 0.032648 0.129630
0 1808 0.004534 0.395370 0.007860 0.151852
0 1809 0.211608 0.314352 0.036276 0.145370
0 1817 0.003628 0.475463 0.006046 0.143519
0 1818 0.734885 0.312963 0.038089 0.151852
0 1819 0.760278 0.302315 0.038089 0.137963
0 1821 0.244861 0.204167 0.029021 0.115741
0 1822 0.245466 0.176852 0.030230 0.137037
0 1823 0.253930 0.113889 0.032648 0.135185
0 1824 0.610339 0.378704 0.044135 0.140741
0 1825 0.042926 0.550926 0.042322 0.159259
0 1826 0.016324 0.523611 0.031439 0.173148
0 1827 0.670798 0.615278 0.030834 0.123148
0 1828 0.680774 0.470370 0.037485 0.118519
0 1829 0.643894 0.475463 0.041112 0.150926
0 1830 0.283555 0.122222 0.027811 0.120370
0 1831 0.588875 0.477778 0.042322 0.137037
0 1832 0.618501 0.446759 0.038694 0.143519
0 1833 0.145103 0.468056 0.042322 0.150926
0 1834 0.152963 0.493981 0.035067 0.154630
0 1835 0.127570 0.524537 0.037485 0.149074
0 1837 0.561064 0.501389 0.029021 0.112037
0 1838 0.632104 0.363426 0.034462 0.123148
0 1842 0.464933 0.829167 0.058041 0.184259
0 1843 0.194075 0.972685 0.041112 0.056481
0 1844 0.075877 0.975000 0.034462 0.051852
0 1845 0.045345 0.975463 0.036276 0.050926
0 1846 0.238210 0.847222 0.042322 0.162963
0 1848 0.649940 0.778241 0.067715 0.169444
0 1849 0.570738 0.781944 0.061669 0.156481
0 1850 0.785369 0.729630 0.045949 0.175926
0 1851 0.119105 0.844444 0.044740 0.162963
0 1852 0.768440 0.683796 0.044740 0.154630
0 1853 0.012394 0.681019 0.023579 0.167593
0 1855 0.195284 0.831944 0.042322 0.167593
0 1856 0.825877 0.350000 0.037485 0.148148
0 1857 0.799879 0.290741 0.039903 0.124074
0 1858 0.918984 0.256481 0.047158 0.140741
0 1859 0.572551 0.192593 0.035067 0.137037
0 1860 0.596735 0.193519 0.035067 0.131481
0 1861 0.633918 0.193981 0.038089 0.139815
0 1862 0.449819 0.094907 0.035067 0.112037
0 1863 0.491536 0.095833 0.032648 0.123148
0 1864 0.548368 0.075000 0.037485 0.129630
0 1865 0.613664 0.050000 0.035067 0.098148
0 1866 0.575272 0.043519 0.035671 0.085185
0 1867 0.066203 0.325463 0.036880 0.134259
0 1868 0.315599 0.168981 0.042322 0.121296
0 1869 0.291415 0.171296 0.042322 0.118519
0 1870 0.115780 0.166204 0.030834 0.132407
0 1871 0.149637 0.176389 0.034462 0.141667
0 1872 0.175333 0.175463 0.033857 0.141667
0 1873 0.225514 0.105093 0.037485 0.115741
0 1874 0.039601 0.318981 0.034462 0.139815
0 1878 0.142684 0.280093 0.033857 0.139815
0 1881 0.003930 0.352315 0.006651 0.154630
0 1882 0.022068 0.319444 0.034462 0.133333
0 1883 0.004534 0.269907 0.007860 0.145370
0 1884 0.074365 0.083333 0.036276 0.125926
0 1885 0.193773 0.097685 0.034462 0.125000
0 1886 0.004232 0.194907 0.007255 0.160185
0 1887 0.020254 0.202315 0.039299 0.137963
0 1888 0.003325 0.138889 0.005441 0.131481
0 1889 0.014208 0.114815 0.027207 0.118519
0 1890 0.124849 0.098611 0.034462 0.145370
0 1891 0.175333 0.074074 0.033857 0.125926
0 1892 0.978839 0.249074 0.031439 0.137037
0 1893 0.877872 0.264815 0.041112 0.135185
0 1894 0.868501 0.181019 0.034462 0.115741
0 1895 0.904474 0.201389 0.030230 0.137963
0 1896 0.853386 0.137963 0.036880 0.135185
0 1897 0.899033 0.085185 0.035067 0.129630
0 1898 0.920496 0.147222 0.032044 0.124074
0 1899 0.014813 0.447685 0.028416 0.149074
0 1900 0.034160 0.426389 0.038089 0.145370
0 1901 0.017836 0.411111 0.033253 0.140741
0 1902 0.958283 0.243056 0.036276 0.121296
0 1904 0.931076 0.113426 0.031439 0.121296
0 1906 0.031439 0.467130 0.035067 0.126852
0 1908 0.036276 0.078241 0.030230 0.121296
0 1909 0.165054 0.132407 0.035067 0.137037
0 1910 0.066808 0.065741 0.030834 0.129630
0 1911 0.029625 0.057407 0.037485 0.112963
0 1912 0.157497 0.044444 0.035671 0.087037
0 1913 0.891778 0.136111 0.035067 0.129630
0 1914 0.924728 0.128241 0.032044 0.123148
0 1915 0.896614 0.168981 0.030230 0.126852
0 1916 0.914752 0.227315 0.039903 0.137963
0 1918 0.137848 0.174537 0.031439 0.132407
0 1920 0.926239 0.151389 0.030230 0.099074
0 1921 0.589480 0.489352 0.039903 0.149074
0 1926 0.508464 0.065741 0.031439 0.114815
0 1944 0.019649 0.381944 0.038089 0.160185
0 1945 0.133313 0.258796 0.032044 0.147222
