0 779 0.236397 0.032870 0.035067 0.063889
0 780 0.273277 0.025463 0.035067 0.049074
0 795 0.130290 0.050463 0.032044 0.099074
0 800 0.242443 0.048148 0.035067 0.094444
0 811 0.957376 0.038889 0.033253 0.075926
0 822 0.640266 0.037963 0.039903 0.074074
0 823 0.670496 0.037037 0.030230 0.072222
0 838 0.936820 0.053241 0.032044 0.093519
0 839 0.913241 0.049537 0.029625 0.097222
0 840 0.915961 0.064352 0.031439 0.126852
0 843 0.640871 0.023148 0.031439 0.044444
0 849 0.987001 0.055093 0.024788 0.108333
0 861 0.423216 0.024537 0.021765 0.047222
0 1168 0.913845 0.965278 0.048972 0.071296
0 1175 0.386638 0.560648 0.036880 0.165741
0 1197 0.155985 0.392130 0.035067 0.143519
0 1198 0.072551 0.496759 0.036276 0.145370
0 1200 0.052297 0.465278 0.034462 0.156481
0 1206 0.104595 0.479167 0.039903 0.156481
0 1284 0.850665 0.387037 0.035067 0.131481
0 1285 0.868803 0.348148 0.033857 0.122222
0 1306 0.272370 0.672685 0.044135 0.171296
0 1307 0.267231 0.652778 0.036276 0.181481
0 1308 0.377872 0.647222 0.035067 0.146296
0 1314 0.873035 0.988426 0.030230 0.025000
0 1325 0.229444 0.585648 0.034462 0.149074
0 1326 0.243349 0.556481 0.029625 0.140741
0 1328 0.194680 0.561574 0.042322 0.134259
0 1329 0.204655 0.520833 0.041717 0.156481
0 1330 0.162636 0.544907 0.043531 0.162037
0 1343 0.384522 0.230556 0.035067 0.129630
0 1344 0.404776 0.235185 0.032044 0.129630
0 1412 0.709190 0.378704 0.042322 0.114815
0 1413 0.750605 0.394444 0.041717 0.137037
0 1444 0.246070 0.371296 0.036276 0.142593
0 1445 0.240326 0.387500 0.036880 0.145370
0 1490 0.961306 0.834722 0.039903 0.145370
0 1501 0.306227 0.967593 0.046554 0.066667
0 1531 0.396614 0.438426 0.035067 0.156481
0 1549 0.316505 0.776852 0.046554 0.170370
0 1555 0.967352 0.886111 0.061669 0.164815
0 1556 0.943470 0.888426 0.039299 0.132407
0 1557 0.303204 0.337037 0.034462 0.148148
0 1567 0.342503 0.475000 0.038089 0.131481
0 1570 0.346433 0.678704 0.039903 0.168519
0 1573 0.522068 0.638889 0.030834 0.140741
0 1592 0.366989 0.706019 0.039903 0.158333
0 1594 0.372128 0.735185 0.041717 0.164815
0 1638 0.586155 0.620833 0.044135 0.165741
0 1639 0.627570 0.632870 0.044740 0.165741
0 1640 0.642684 0.610648 0.029021 0.126852
0 1650 0.441354 0.739815 0.039903 0.148148
0 1653 0.685611 0.707407 0.051995 0.148148
0 1654 0.497884 0.559722 0.039299 0.156481
0 1655 0.461911 0.539352 0.042322 0.145370
0 1657 0.449214 0.500926 0.044740 0.107407
0 1660 0.528114 0.582407 0.036880 0.153704
0 1661 0.553204 0.616204 0.039903 0.150926
0 1667 0.542624 0.598611 0.029625 0.126852
0 1668 0.553204 0.677315 0.037485 0.126852
0 1676 0.412938 0.022685 0.031439 0.043519
0 1678 0.643591 0.906019 0.059855 0.154630
0 1696 0.592503 0.957870 0.045949 0.082407
0 1697 0.629383 0.961574 0.038694 0.073148
0 1699 0.987001 0.722222 0.023579 0.140741
0 1702 0.717352 0.956481 0.044135 0.088889
0 1703 0.961306 0.198148 0.033857 0.103704
0 1711 0.495466 0.970833 0.039299 0.060185
0 1713 0.735187 0.723611 0.045949 0.156481
0 1714 0.770859 0.764815 0.042322 0.151852
0 1716 0.430472 0.588426 0.042322 0.150926
0 1717 0.464933 0.587037 0.031439 0.148148
0 1719 0.117896 0.581944 0.044740 0.154630
0 1720 0.145405 0.919444 0.046554 0.162963
0 1721 0.538694 0.692130 0.044740 0.165741
0 1722 0.569528 0.698611 0.047158 0.160185
0 1723 0.092805 0.568519 0.036880 0.146296
0 1736 0.212817 0.219444 0.035067 0.118519
0 1737 0.248186 0.215741 0.044135 0.138889
0 1741 0.965538 0.156944 0.030230 0.126852
0 1742 0.933495 0.192593 0.039903 0.129630
0 1743 0.963422 0.168519 0.036880 0.124074
0 1771 0.733978 0.554167 0.043531 0.167593
0 1772 0.700121 0.553241 0.037485 0.143519
0 1775 0.699516 0.900463 0.055623 0.173148
0 1776 0.245163 0.630093 0.036880 0.156481
0 1777 0.275393 0.596296 0.046554 0.164815
0 1778 0.299577 0.645833 0.036880 0.165741
0 1779 0.305925 0.404630 0.039903 0.125926
0 1780 0.204958 0.423611 0.035067 0.149074
0 1781 0.254534 0.419444 0.042322 0.131481
0 1782 0.276602 0.391204 0.041717 0.143519
0 1784 0.576481 0.250000 0.039299 0.129630
0 1785 0.591294 0.234722 0.033857 0.132407
0 1788 0.134825 0.621759 0.039903 0.154630
0 1792 0.753023 0.961111 0.045345 0.077778
0 1794 0.106409 0.599537 0.044740 0.171296
0 1795 0.935006 0.930093 0.052600 0.141667
0 1797 0.953446 0.696759 0.060459 0.171296
0 1798 0.550786 0.313426 0.037485 0.149074
0 1799 0.512092 0.309259 0.036276 0.138889
0 1800 0.483071 0.299537 0.039903 0.139815
0 1801 0.910218 0.615741 0.048972 0.168519
0 1802 0.855502 0.631481 0.051995 0.157407
0 1803 0.845828 0.503241 0.045949 0.145370
0 1804 0.807437 0.496296 0.048972 0.157407
0 1805 0.687122 0.630556 0.048972 0.162963
0 1806 0.460701 0.186574 0.032648 0.128704
0 1809 0.203748 0.325463 0.036276 0.147222
0 1817 0.003930 0.484722 0.006651 0.143519
0 1818 0.743652 0.324074 0.038694 0.155556
0 1819 0.771463 0.321296 0.035067 0.151852
0 1821 0.244559 0.206019 0.029625 0.115741
0 1822 0.247279 0.176852 0.027811 0.137037
0 1823 0.252721 0.113889 0.032648 0.135185
0 1824 0.619105 0.387037 0.043531 0.140741
0 1825 0.041112 0.562500 0.042322 0.158333
0 1826 0.016324 0.536574 0.031439 0.173148
0 1827 0.669589 0.628241 0.029625 0.123148
0 1828 0.685006 0.478704 0.037485 0.118519
0 1829 0.654776 0.485648 0.041112 0.150926
0 1830 0.281439 0.125000 0.028416 0.120370
0 1831 0.595526 0.483796 0.042322 0.139815
0 1832 0.626965 0.452778 0.038694 0.148148
0 1833 0.145707 0.475463 0.042322 0.150926
0 1834 0.148730 0.504167 0.036276 0.154630
0 1835 0.121524 0.531019 0.037485 0.149074
0 1837 0.568319 0.514352 0.031439 0.112037
0 1838 0.638755 0.371759 0.034462 0.125000
0 1842 0.482164 0.822222 0.058646 0.181481
0 1843 0.216445 0.977778 0.041112 0.046296
0 1844 0.100060 0.977315 0.032044 0.047222
0 1845 0.067715 0.978241 0.031439 0.045370
0 1846 0.250302 0.861111 0.042322 0.162963
0 1848 0.670193 0.778241 0.068319 0.173148
0 1849 0.591898 0.777315 0.062878 0.156481
0 1850 0.782950 0.725000 0.044740 0.174074
0 1851 0.124244 0.861111 0.044135 0.168519
0 1852 0.766022 0.676389 0.045949 0.154630
0 1853 0.022370 0.693981 0.043531 0.167593
0 1855 0.206167 0.843981 0.041112 0.171296
0 1856 0.815901 0.344444 0.036880 0.148148
0 1857 0.798368 0.282407 0.038089 0.124074
0 1858 0.920798 0.264352 0.047158 0.141667
0 1859 0.574365 0.200926 0.035067 0.137037
0 1860 0.597340 0.200000 0.035067 0.131481
0 1861 0.644800 0.209722 0.042926 0.139815
0 1862 0.450423 0.101852 0.035067 0.112963
0 1863 0.488513 0.103241 0.032648 0.125000
0 1864 0.548368 0.086574 0.039903 0.134259
0 1865 0.610641 0.054167 0.035067 0.106481
0 1866 0.573156 0.046296 0.041112 0.090741
0 1867 0.056530 0.334722 0.036880 0.136111
0 1868 0.312576 0.178241 0.042322 0.121296
0 1869 0.285973 0.179167 0.042322 0.119444
0 1870 0.109129 0.174537 0.032044 0.132407
0 1871 0.144498 0.190741 0.035067 0.146296
0 1872 0.170496 0.183796 0.033857 0.143519
0 1873 0.222793 0.113889 0.038089 0.116667
0 1874 0.029927 0.328241 0.034462 0.139815
0 1876 0.006651 0.175926 0.012092 0.142593
0 1878 0.133615 0.289352 0.033857 0.139815
0 1882 0.015115 0.328704 0.029021 0.135185
0 1884 0.070738 0.094444 0.036276 0.125926
0 1885 0.191354 0.106944 0.034462 0.130556
0 1887 0.019045 0.213426 0.036880 0.137963
0 1889 0.011487 0.123148 0.021765 0.118519
0 1890 0.119105 0.105093 0.035067 0.145370
0 1891 0.172612 0.084722 0.034462 0.128704
0 1892 0.980048 0.257407 0.031439 0.138889
0 1893 0.880290 0.273148 0.041112 0.135185
0 1894 0.870314 0.190278 0.034462 0.115741
0 1895 0.907195 0.208796 0.029625 0.137963
0 1896 0.849154 0.145370 0.036880 0.135185
0 1897 0.895103 0.091667 0.034462 0.129630
0 1898 0.916566 0.155556 0.032648 0.124074
0 1899 0.015417 0.446759 0.029625 0.149074
0 1900 0.036578 0.424074 0.038089 0.146296
0 1901 0.018440 0.410185 0.032044 0.140741
0 1902 0.958283 0.249537 0.036276 0.121296
0 1904 0.928053 0.118056 0.031439 0.121296
0 1906 0.033857 0.465278 0.035067 0.126852
0 1908 0.032950 0.091204 0.030834 0.121296
0 1909 0.159008 0.141204 0.035067 0.137963
0 1910 0.060762 0.072685 0.032044 0.130556
0 1911 0.023881 0.065741 0.036880 0.127778
0 1912 0.165054 0.047685 0.033857 0.093519
0 1913 0.891778 0.141667 0.035067 0.129630
0 1914 0.922007 0.132407 0.032648 0.124074
0 1915 0.896614 0.179167 0.030230 0.126852
0 1916 0.914148 0.235648 0.039903 0.137963
0 1918 0.131499 0.182870 0.032044 0.132407
0 1920 0.921403 0.157870 0.030230 0.099074
0 1921 0.598247 0.502778 0.039299 0.151852
0 1926 0.512999 0.074074 0.032044 0.114815
0 1944 0.013906 0.392130 0.026602 0.160185
0 1945 0.123640 0.262963 0.032044 0.146296
