0 777 0.069528 0.091667 0.042322 0.137037
0 778 0.157497 0.067593 0.032044 0.114815
0 779 0.180472 0.070370 0.038089 0.131481
0 780 0.211608 0.056481 0.032648 0.111111
0 781 0.243047 0.061111 0.037485 0.120370
0 782 0.293229 0.053241 0.039903 0.104630
0 791 0.461911 0.108796 0.031439 0.112037
0 792 0.464027 0.028704 0.033253 0.055556
0 795 0.186820 0.100926 0.035067 0.135185
0 796 0.438331 0.085648 0.036276 0.121296
0 798 0.302297 0.043056 0.039903 0.084259
0 799 0.312878 0.099074 0.032044 0.118519
0 800 0.335852 0.079167 0.032044 0.121296
0 811 0.958283 0.077778 0.035067 0.127778
0 815 0.905985 0.060185 0.034462 0.100000
0 821 0.617291 0.058333 0.029021 0.111111
0 822 0.642080 0.083796 0.038694 0.134259
0 823 0.671100 0.086111 0.030230 0.118519
0 838 0.918682 0.107407 0.032044 0.129630
0 839 0.900846 0.096759 0.030230 0.134259
0 840 0.880895 0.109722 0.031439 0.126852
0 843 0.646614 0.066204 0.029625 0.121296
0 849 0.974305 0.113426 0.036880 0.143519
0 854 0.915961 0.087500 0.032648 0.110185
0 855 0.976723 0.173611 0.032044 0.121296
0 859 0.177751 0.033333 0.035067 0.064815
0 860 0.199516 0.027778 0.032648 0.053704
0 861 0.422612 0.025463 0.021765 0.049074
0 862 0.943773 0.041667 0.032648 0.081481
0 866 0.729141 0.018519 0.026602 0.035185
0 1175 0.382709 0.566667 0.037485 0.162963
0 1197 0.093108 0.441204 0.035067 0.143519
0 1198 0.065296 0.508796 0.036276 0.145370
0 1200 0.039601 0.482870 0.032044 0.156481
0 1206 0.105200 0.486111 0.038694 0.157407
0 1284 0.837364 0.384259 0.038694 0.129630
0 1285 0.847944 0.352778 0.034462 0.124074
0 1306 0.268440 0.680093 0.043531 0.171296
0 1307 0.245466 0.662037 0.038694 0.181481
0 1308 0.378174 0.653704 0.034462 0.146296
0 1325 0.228235 0.589352 0.034462 0.149074
0 1326 0.240326 0.563889 0.029625 0.140741
0 1328 0.193470 0.565278 0.042322 0.134259
0 1329 0.201330 0.530093 0.042322 0.156481
0 1330 0.160822 0.547685 0.043531 0.156481
0 1343 0.381499 0.235185 0.035067 0.129630
0 1344 0.403265 0.242593 0.032648 0.129630
0 1412 0.677146 0.387500 0.044740 0.121296
0 1413 0.740629 0.407407 0.041112 0.137037
0 1444 0.245163 0.377778 0.034462 0.142593
0 1445 0.243349 0.417130 0.033253 0.145370
0 1490 0.962817 0.919907 0.040508 0.137963
0 1501 0.265719 0.960648 0.048972 0.080556
0 1531 0.332527 0.443056 0.036276 0.156481
0 1549 0.314087 0.776852 0.051391 0.164815
0 1555 0.981258 0.937500 0.036276 0.125000
0 1556 0.954051 0.943981 0.039903 0.106481
0 1557 0.214027 0.378241 0.035067 0.156481
0 1567 0.340992 0.481019 0.037485 0.132407
0 1570 0.319831 0.700926 0.038694 0.168519
0 1573 0.518742 0.644444 0.037485 0.135185
0 1592 0.363362 0.711111 0.039903 0.157407
0 1594 0.364571 0.741667 0.039903 0.168519
0 1638 0.583132 0.618519 0.044135 0.162963
0 1639 0.620919 0.638889 0.044740 0.162963
0 1640 0.640871 0.620833 0.029021 0.130556
0 1650 0.437424 0.744907 0.046554 0.149074
0 1653 0.694377 0.698148 0.046554 0.150000
0 1654 0.500000 0.611574 0.038694 0.154630
0 1655 0.459190 0.541204 0.041717 0.145370
0 1657 0.449214 0.506481 0.044740 0.107407
0 1660 0.506953 0.593519 0.041717 0.153704
0 1661 0.548065 0.626852 0.041717 0.151852
0 1667 0.542019 0.596759 0.029625 0.126852
0 1668 0.551693 0.683796 0.036880 0.126852
0 1676 0.411125 0.025926 0.031439 0.050000
0 1702 0.709190 0.976852 0.042322 0.048148
0 1703 0.967654 0.236111 0.034462 0.103704
0 1713 0.741233 0.766204 0.044740 0.160185
0 1714 0.783555 0.795370 0.042322 0.151852
0 1716 0.428960 0.594907 0.042926 0.150926
0 1717 0.462515 0.591204 0.032648 0.143519
0 1719 0.096735 0.641204 0.044740 0.154630
0 1721 0.537183 0.697685 0.044135 0.165741
0 1722 0.565599 0.701389 0.046554 0.165741
0 1723 0.056832 0.624074 0.038694 0.144444
0 1736 0.158706 0.250000 0.034462 0.125926
0 1737 0.190447 0.254630 0.037485 0.133333
0 1741 0.957074 0.190741 0.030230 0.125926
0 1742 0.930472 0.239815 0.039903 0.129630
0 1743 0.937727 0.204630 0.036276 0.124074
0 1771 0.693168 0.635185 0.045345 0.175926
0 1772 0.651149 0.655093 0.039903 0.143519
0 1775 0.668984 0.979167 0.036880 0.043519
0 1776 0.242443 0.640741 0.042322 0.168519
0 1777 0.288089 0.607407 0.041717 0.164815
0 1778 0.300484 0.655093 0.037485 0.176852
0 1779 0.319831 0.381481 0.035067 0.124074
0 1780 0.293531 0.432870 0.040508 0.147222
0 1781 0.333736 0.410185 0.041112 0.125926
0 1782 0.285369 0.386574 0.042322 0.143519
0 1784 0.696191 0.249074 0.041717 0.131481
0 1785 0.703446 0.238889 0.034462 0.148148
0 1788 0.124244 0.700463 0.035671 0.162037
0 1792 0.747582 0.970370 0.039299 0.059259
0 1794 0.099758 0.670833 0.044740 0.173148
0 1797 0.972793 0.809259 0.053204 0.190741
0 1798 0.517231 0.375463 0.039299 0.149074
0 1799 0.486094 0.374074 0.033857 0.142593
0 1800 0.474305 0.358796 0.035671 0.147222
0 1801 0.920193 0.702315 0.043531 0.165741
0 1802 0.885127 0.730556 0.049577 0.157407
0 1803 0.905381 0.593519 0.051391 0.151852
0 1804 0.863362 0.584722 0.051995 0.167593
0 1805 0.658102 0.720833 0.053809 0.171296
0 1806 0.464329 0.255556 0.035067 0.129630
0 1807 0.004837 0.487037 0.008464 0.170370
0 1809 0.145103 0.425926 0.039903 0.164815
0 1817 0.014813 0.556019 0.028416 0.143519
0 1818 0.788996 0.414815 0.044740 0.157407
0 1819 0.814994 0.403241 0.043531 0.143519
0 1821 0.252116 0.200463 0.027811 0.115741
0 1822 0.266324 0.170370 0.029625 0.137037
0 1823 0.200423 0.131944 0.032044 0.134259
0 1824 0.643894 0.425000 0.043531 0.140741
0 1825 0.029927 0.638426 0.048972 0.149074
0 1826 0.010278 0.619444 0.019347 0.174074
0 1827 0.627872 0.718056 0.038089 0.128704
0 1828 0.742745 0.560185 0.036880 0.118519
0 1829 0.710701 0.562500 0.041717 0.160185
0 1830 0.232769 0.154167 0.033857 0.121296
0 1831 0.648428 0.552315 0.041717 0.143519
0 1832 0.678960 0.539352 0.039903 0.167593
0 1833 0.115175 0.559259 0.046554 0.151852
0 1834 0.141778 0.575000 0.039299 0.159259
0 1835 0.074365 0.586111 0.037485 0.148148
0 1837 0.664752 0.611574 0.029625 0.115741
0 1838 0.671100 0.426852 0.036276 0.135185
0 1842 0.624849 0.784722 0.067110 0.169444
0 1843 0.393289 0.957407 0.056227 0.083333
0 1846 0.337969 0.937963 0.043531 0.125926
0 1848 0.772370 0.742130 0.044135 0.173148
0 1849 0.743652 0.718981 0.042322 0.152778
0 1850 0.806832 0.710648 0.046554 0.176852
0 1851 0.195586 0.954630 0.048972 0.092593
0 1852 0.810459 0.575926 0.055018 0.142593
0 1853 0.166264 0.787963 0.054414 0.175926
0 1855 0.295647 0.914815 0.041112 0.170370
0 1856 0.796856 0.243056 0.037485 0.141667
0 1857 0.814692 0.210185 0.040508 0.124074
0 1858 0.918077 0.315278 0.047763 0.143519
0 1859 0.610036 0.266204 0.039903 0.139815
0 1860 0.628779 0.262500 0.035067 0.134259
0 1861 0.740024 0.332870 0.045949 0.143519
0 1862 0.449214 0.167130 0.033857 0.119444
0 1863 0.472491 0.169907 0.034462 0.128704
0 1864 0.590085 0.174074 0.037485 0.142593
0 1865 0.606106 0.108796 0.034462 0.134259
0 1866 0.571342 0.084722 0.044740 0.126852
0 1867 0.008767 0.420370 0.016324 0.140741
0 1868 0.272068 0.224537 0.041112 0.126852
0 1869 0.237001 0.231944 0.041112 0.121296
0 1870 0.042926 0.238889 0.035067 0.140741
0 1871 0.092805 0.257870 0.041717 0.145370
0 1872 0.119105 0.257407 0.037485 0.140741
0 1873 0.227328 0.181944 0.038694 0.123148
0 1876 0.007255 0.257407 0.013301 0.153704
0 1878 0.048368 0.366667 0.035067 0.148148
0 1884 0.015115 0.176389 0.029021 0.143519
0 1885 0.160218 0.167593 0.037485 0.140741
0 1890 0.094921 0.162037 0.042322 0.146296
0 1891 0.148428 0.150463 0.038089 0.134259
0 1892 0.986094 0.305556 0.025393 0.146296
0 1893 0.892382 0.331019 0.043531 0.134259
0 1894 0.897521 0.265278 0.034462 0.115741
0 1895 0.937727 0.268981 0.035067 0.137963
0 1896 0.857013 0.220370 0.036880 0.140741
0 1897 0.854595 0.134259 0.029625 0.129630
0 1898 0.908706 0.207407 0.031439 0.124074
0 1899 0.029927 0.427315 0.036880 0.139815
0 1900 0.058948 0.405556 0.034462 0.146296
0 1901 0.055623 0.384259 0.032648 0.140741
0 1902 0.968561 0.302315 0.037485 0.121296
0 1904 0.903567 0.160648 0.032044 0.123148
0 1906 0.051995 0.443056 0.033857 0.121296
0 1909 0.083434 0.201852 0.038694 0.148148
0 1910 0.019649 0.131481 0.034462 0.135185
0 1912 0.218863 0.090278 0.029021 0.134259
0 1913 0.883313 0.200926 0.033857 0.129630
0 1914 0.911427 0.168981 0.036880 0.123148
0 1915 0.914752 0.251389 0.030230 0.126852
0 1916 0.911729 0.290278 0.039903 0.137963
0 1918 0.072854 0.250926 0.032044 0.142593
0 1920 0.908102 0.211574 0.030230 0.099074
0 1921 0.671705 0.581481 0.037485 0.151852
0 1926 0.536880 0.164815 0.032648 0.129630
0 1945 0.050181 0.338889 0.031439 0.146296
