0 777 0.100363 0.062037 0.039903 0.120370
0 779 0.208888 0.049537 0.036880 0.097222
0 780 0.238815 0.046296 0.032648 0.090741
0 781 0.274486 0.045370 0.037485 0.088889
0 782 0.331620 0.038426 0.034462 0.075000
0 791 0.469166 0.068056 0.031439 0.100926
0 792 0.483676 0.020833 0.030230 0.039815
0 795 0.163543 0.077315 0.033253 0.132407
0 796 0.440750 0.050926 0.037485 0.100000
0 799 0.256348 0.078704 0.026602 0.118519
0 800 0.285973 0.058333 0.037485 0.114815
0 811 0.957074 0.054167 0.035067 0.106481
0 822 0.638452 0.056944 0.039903 0.112037
0 823 0.666868 0.060648 0.030230 0.117593
0 838 0.936820 0.080093 0.032044 0.125000
0 839 0.912334 0.071296 0.030230 0.120370
0 840 0.899033 0.086574 0.031439 0.126852
0 843 0.644196 0.047685 0.032044 0.093519
0 849 0.982164 0.080556 0.033253 0.131481
0 854 0.921100 0.056944 0.032044 0.108333
0 855 0.987606 0.179167 0.023579 0.121296
0 859 0.120314 0.020370 0.031439 0.038889
0 861 0.420798 0.025000 0.021765 0.048148
0 1175 0.384522 0.563426 0.037485 0.165741
0 1197 0.125151 0.419907 0.035067 0.143519
0 1198 0.068319 0.503241 0.036276 0.145370
0 1200 0.043531 0.475000 0.032648 0.157407
0 1206 0.105502 0.483796 0.039299 0.156481
0 1284 0.847642 0.388426 0.037485 0.132407
0 1285 0.863966 0.356481 0.035067 0.124074
0 1306 0.269649 0.676389 0.043531 0.171296
0 1307 0.256953 0.657407 0.037485 0.181481
0 1308 0.376965 0.651852 0.034462 0.146296
0 1325 0.228839 0.587500 0.034462 0.149074
0 1326 0.242140 0.561111 0.029625 0.140741
0 1328 0.193470 0.564352 0.042322 0.134259
0 1329 0.203144 0.525463 0.042322 0.156481
0 1330 0.162636 0.548611 0.043531 0.165741
0 1343 0.382709 0.233333 0.035067 0.129630
0 1344 0.403869 0.240741 0.032648 0.129630
0 1412 0.698912 0.382407 0.044740 0.116667
0 1413 0.746977 0.400000 0.041717 0.137037
0 1444 0.245163 0.375463 0.034462 0.143519
0 1445 0.239117 0.400463 0.036880 0.145370
0 1490 0.964933 0.876852 0.042322 0.142593
0 1501 0.282044 0.963889 0.047763 0.072222
0 1531 0.365478 0.439352 0.034462 0.156481
0 1549 0.315599 0.778704 0.048368 0.168519
0 1555 0.976119 0.915741 0.046554 0.162963
0 1556 0.948912 0.920833 0.038089 0.128704
0 1557 0.246675 0.348148 0.035067 0.150000
0 1567 0.340689 0.479167 0.036880 0.132407
0 1570 0.339178 0.684259 0.039903 0.168519
0 1573 0.519045 0.642130 0.034462 0.137963
0 1592 0.365175 0.708333 0.039903 0.157407
0 1594 0.368198 0.738426 0.041112 0.165741
0 1638 0.587062 0.614815 0.044740 0.162963
0 1639 0.625453 0.636111 0.045345 0.166667
0 1640 0.642080 0.615741 0.029021 0.129630
0 1650 0.438331 0.741667 0.044740 0.148148
0 1653 0.698005 0.703241 0.050181 0.149074
0 1654 0.498186 0.599537 0.038694 0.160185
0 1655 0.460399 0.540278 0.041717 0.145370
0 1657 0.449214 0.505556 0.044740 0.107407
0 1660 0.508162 0.580556 0.041717 0.153704
0 1661 0.552600 0.625000 0.042322 0.151852
0 1667 0.540206 0.603241 0.029625 0.126852
0 1668 0.553809 0.683796 0.037485 0.126852
0 1676 0.412938 0.025000 0.031439 0.048148
0 1678 0.622733 0.957407 0.050786 0.087037
0 1702 0.714329 0.964352 0.039299 0.073148
0 1703 0.961306 0.217593 0.037485 0.103704
0 1713 0.734583 0.745370 0.044740 0.157407
0 1714 0.779927 0.784259 0.042322 0.151852
0 1716 0.429565 0.591667 0.042926 0.150000
0 1717 0.462515 0.592593 0.029021 0.148148
0 1719 0.108525 0.611574 0.044135 0.154630
0 1720 0.141173 0.950000 0.046554 0.101852
0 1721 0.538089 0.695833 0.044740 0.165741
0 1722 0.567110 0.699537 0.047158 0.162037
0 1723 0.071947 0.595833 0.037485 0.149074
0 1736 0.191354 0.232407 0.034462 0.120370
0 1737 0.224305 0.234722 0.049577 0.136111
0 1741 0.957074 0.171759 0.030230 0.126852
0 1742 0.928356 0.213889 0.039299 0.129630
0 1743 0.947400 0.185185 0.036276 0.124074
0 1771 0.711608 0.590278 0.049577 0.162037
0 1772 0.685611 0.607407 0.037485 0.142593
0 1775 0.659613 0.937963 0.053204 0.125926
0 1776 0.243954 0.635185 0.039299 0.162963
0 1777 0.275393 0.602315 0.042926 0.160185
0 1778 0.299577 0.651389 0.036880 0.171296
0 1779 0.318017 0.389815 0.035067 0.124074
0 1780 0.252116 0.432870 0.035067 0.147222
0 1781 0.300484 0.420833 0.043531 0.125000
0 1782 0.283555 0.388426 0.042322 0.143519
0 1784 0.638452 0.256481 0.042322 0.131481
0 1785 0.646917 0.237963 0.033857 0.137037
0 1788 0.133615 0.661574 0.038694 0.162037
0 1789 0.002116 0.616667 0.003023 0.174074
0 1792 0.745466 0.972685 0.038694 0.056481
0 1794 0.113059 0.636574 0.044740 0.173148
0 1795 0.975212 0.968519 0.048368 0.062963
0 1797 0.963422 0.749537 0.071947 0.180556
0 1798 0.531439 0.341204 0.039903 0.149074
0 1799 0.503023 0.343519 0.036276 0.138889
0 1800 0.475212 0.329630 0.033857 0.140741
0 1801 0.922612 0.661111 0.044740 0.164815
0 1802 0.874244 0.677778 0.051995 0.157407
0 1803 0.877570 0.546296 0.048972 0.151852
0 1804 0.834341 0.543056 0.058041 0.167593
0 1805 0.668984 0.676852 0.051391 0.162963
0 1806 0.460097 0.217593 0.033857 0.129630
0 1809 0.171100 0.374537 0.038694 0.154630
0 1817 0.009674 0.515741 0.018138 0.142593
0 1818 0.771765 0.365741 0.044135 0.155556
0 1819 0.801693 0.356944 0.035067 0.145370
0 1821 0.236094 0.203704 0.029625 0.114815
0 1822 0.255441 0.175926 0.025998 0.137037
0 1823 0.233978 0.122222 0.032648 0.135185
0 1824 0.636638 0.409259 0.043531 0.140741
0 1825 0.030834 0.604630 0.042322 0.148148
0 1826 0.015115 0.577315 0.029021 0.169444
0 1827 0.645405 0.675463 0.028416 0.128704
0 1828 0.717050 0.518519 0.037485 0.118519
0 1829 0.679867 0.522222 0.041717 0.157407
0 1830 0.258162 0.140741 0.032648 0.120370
0 1831 0.619105 0.515278 0.042322 0.143519
0 1832 0.649940 0.497685 0.038694 0.149074
0 1833 0.132709 0.512963 0.046554 0.151852
0 1834 0.134220 0.542593 0.039903 0.155556
0 1835 0.096131 0.556944 0.037485 0.149074
0 1837 0.614268 0.565741 0.030230 0.114815
0 1838 0.666264 0.406944 0.036276 0.134259
0 1842 0.543531 0.804167 0.070133 0.165741
0 1843 0.311971 0.985648 0.042322 0.026852
0 1846 0.300484 0.902778 0.042322 0.162963
0 1848 0.743954 0.763426 0.061064 0.173148
0 1849 0.668077 0.749074 0.061669 0.146296
0 1850 0.775091 0.697685 0.047158 0.171296
0 1851 0.165054 0.915741 0.048368 0.170370
0 1852 0.784160 0.631481 0.045949 0.146296
0 1853 0.086457 0.738426 0.050786 0.169444
0 1855 0.253325 0.886111 0.041112 0.175926
0 1856 0.791415 0.298148 0.037485 0.146296
0 1857 0.810157 0.244444 0.042322 0.124074
0 1858 0.921100 0.294444 0.046554 0.142593
0 1859 0.589480 0.228241 0.038694 0.132407
0 1860 0.609432 0.230093 0.035067 0.134259
0 1861 0.692261 0.267593 0.042322 0.144444
0 1862 0.452237 0.128704 0.033857 0.112963
0 1863 0.482467 0.137500 0.031439 0.128704
0 1864 0.558948 0.136111 0.034462 0.135185
0 1865 0.600665 0.072685 0.034462 0.123148
0 1866 0.568622 0.060185 0.042926 0.118519
0 1867 0.019347 0.379630 0.037485 0.140741
0 1868 0.295647 0.204167 0.042322 0.123148
0 1869 0.263301 0.206944 0.041717 0.121296
0 1870 0.075272 0.206944 0.034462 0.139815
0 1871 0.120919 0.221296 0.035067 0.146296
0 1872 0.147521 0.225463 0.033857 0.143519
0 1873 0.221886 0.150926 0.039903 0.124074
0 1874 0.005441 0.368056 0.009674 0.139815
0 1876 0.015417 0.206944 0.029625 0.145370
0 1878 0.094921 0.331481 0.035067 0.135185
0 1884 0.040810 0.137500 0.034462 0.143519
0 1885 0.175333 0.137500 0.033857 0.139815
0 1887 0.005744 0.250463 0.010278 0.137963
0 1890 0.104897 0.130093 0.036880 0.145370
0 1891 0.160218 0.117130 0.035067 0.134259
0 1892 0.983978 0.281481 0.030834 0.146296
0 1893 0.890568 0.310648 0.043531 0.134259
0 1894 0.876360 0.227315 0.034462 0.115741
0 1895 0.919891 0.237500 0.032044 0.137963
0 1896 0.845526 0.179167 0.036880 0.137963
0 1897 0.880290 0.120370 0.030230 0.129630
0 1898 0.909008 0.180556 0.032044 0.124074
0 1899 0.018742 0.440741 0.036276 0.146296
0 1900 0.045647 0.414815 0.035671 0.146296
0 1901 0.026904 0.398148 0.032044 0.140741
0 1902 0.962515 0.278704 0.036276 0.120370
0 1904 0.915054 0.136574 0.032044 0.121296
0 1906 0.038694 0.456481 0.035067 0.122222
0 1908 0.013603 0.142593 0.025998 0.120370
0 1909 0.122733 0.174074 0.037485 0.148148
0 1910 0.038694 0.099074 0.033857 0.135185
0 1911 0.008767 0.115278 0.016324 0.134259
0 1912 0.192563 0.060185 0.029625 0.118519
0 1913 0.887243 0.169444 0.034462 0.129630
0 1914 0.912938 0.150926 0.036276 0.124074
0 1915 0.902660 0.214352 0.030230 0.126852
0 1916 0.912938 0.262500 0.039903 0.137963
0 1918 0.101270 0.213426 0.032044 0.132407
0 1920 0.909915 0.184722 0.030230 0.099074
0 1921 0.636941 0.537500 0.036880 0.150926
0 1926 0.523881 0.116667 0.032044 0.125926
0 1944 0.002418 0.434259 0.003628 0.166667
0 1945 0.086155 0.292130 0.032044 0.141667
