0 779 0.221886 0.041667 0.036276 0.081481
0 780 0.254837 0.039352 0.034462 0.076852
0 781 0.288089 0.037037 0.036880 0.072222
0 791 0.472793 0.050926 0.031439 0.096296
0 795 0.149637 0.066667 0.032044 0.122222
0 796 0.446191 0.039815 0.036276 0.077778
0 799 0.233071 0.068981 0.027207 0.117593
0 800 0.264813 0.053704 0.037485 0.105556
0 811 0.955865 0.046759 0.035067 0.091667
0 822 0.640871 0.051389 0.039903 0.099074
0 823 0.668077 0.050000 0.030230 0.098148
0 838 0.936820 0.068056 0.032044 0.110185
0 839 0.914148 0.060648 0.030230 0.110185
0 840 0.906892 0.075463 0.031439 0.126852
0 843 0.640871 0.048148 0.031439 0.094444
0 849 0.985187 0.067130 0.027207 0.125000
0 854 0.923519 0.047222 0.032044 0.092593
0 859 0.096433 0.015278 0.032044 0.028704
0 861 0.422007 0.025000 0.021765 0.048148
0 1175 0.385429 0.562500 0.036880 0.165741
0 1197 0.139359 0.408796 0.034462 0.143519
0 1198 0.070133 0.500463 0.036276 0.145370
0 1200 0.047763 0.473148 0.032648 0.157407
0 1206 0.105200 0.481944 0.039903 0.156481
0 1284 0.847944 0.389352 0.036880 0.132407
0 1285 0.866989 0.355556 0.035067 0.124074
0 1306 0.270859 0.674537 0.043531 0.171296
0 1307 0.261790 0.654630 0.037485 0.181481
0 1308 0.376663 0.650926 0.035067 0.146296
0 1325 0.228839 0.586574 0.034462 0.149074
0 1326 0.242745 0.559259 0.029625 0.140741
0 1328 0.194075 0.562500 0.042322 0.134259
0 1329 0.203748 0.523611 0.042322 0.156481
0 1330 0.162636 0.546759 0.043531 0.163889
0 1343 0.383313 0.232407 0.035067 0.129630
0 1344 0.404474 0.238889 0.032648 0.129630
0 1412 0.704051 0.381019 0.044135 0.115741
0 1413 0.748791 0.397222 0.041717 0.137037
0 1444 0.245163 0.374537 0.034462 0.143519
0 1445 0.239420 0.393981 0.037485 0.145370
0 1490 0.964631 0.861574 0.041717 0.145370
0 1501 0.292926 0.964352 0.046554 0.071296
0 1531 0.380895 0.439352 0.035067 0.156481
0 1549 0.316203 0.779167 0.047158 0.169444
0 1555 0.971584 0.903241 0.054414 0.167593
0 1556 0.947400 0.909722 0.035067 0.132407
0 1557 0.270859 0.341204 0.035067 0.149074
0 1567 0.340992 0.477315 0.037485 0.132407
0 1570 0.344015 0.684259 0.039903 0.168519
0 1573 0.520556 0.640741 0.032648 0.138889
0 1592 0.366385 0.707407 0.039903 0.157407
0 1594 0.370012 0.737037 0.041112 0.164815
0 1638 0.586457 0.618519 0.044740 0.164815
0 1639 0.625756 0.637037 0.044740 0.170370
0 1640 0.642684 0.613426 0.029021 0.128704
0 1650 0.439843 0.740741 0.042926 0.148148
0 1653 0.695284 0.707407 0.051995 0.148148
0 1654 0.493047 0.584722 0.039299 0.160185
0 1655 0.461306 0.539352 0.042322 0.145370
0 1657 0.449214 0.503704 0.044740 0.107407
0 1660 0.523277 0.588889 0.038089 0.153704
0 1661 0.553204 0.620833 0.041112 0.150926
0 1667 0.542019 0.603241 0.029625 0.126852
0 1668 0.553809 0.681944 0.037485 0.126852
0 1676 0.412938 0.023611 0.031439 0.045370
0 1678 0.631499 0.936574 0.053809 0.123148
0 1702 0.716445 0.962963 0.039903 0.075926
0 1703 0.959492 0.208333 0.035067 0.103704
0 1713 0.740629 0.737963 0.044740 0.157407
0 1714 0.775695 0.772222 0.042322 0.151852
0 1716 0.429867 0.590278 0.042322 0.150926
0 1717 0.463724 0.589815 0.030230 0.148148
0 1719 0.114268 0.596759 0.044740 0.154630
0 1720 0.141173 0.935185 0.046554 0.131481
0 1721 0.538694 0.694907 0.044740 0.165741
0 1722 0.568924 0.700463 0.047158 0.160185
0 1723 0.085248 0.582407 0.036276 0.146296
0 1736 0.204051 0.228704 0.034462 0.118519
0 1737 0.235792 0.225926 0.047158 0.140741
0 1741 0.960701 0.164352 0.030230 0.126852
0 1742 0.933192 0.206481 0.039299 0.129630
0 1743 0.954051 0.177778 0.036276 0.124074
0 1771 0.721282 0.573148 0.047158 0.162963
0 1772 0.688331 0.585185 0.036880 0.142593
0 1775 0.675333 0.923611 0.053204 0.154630
0 1776 0.244559 0.632870 0.038089 0.160185
0 1777 0.272068 0.599537 0.048368 0.158333
0 1778 0.299274 0.650463 0.036276 0.167593
0 1779 0.314087 0.398148 0.035671 0.129630
0 1780 0.229746 0.432870 0.035067 0.149074
0 1781 0.279323 0.421759 0.043531 0.130556
0 1782 0.281137 0.389352 0.042322 0.143519
0 1784 0.610641 0.255556 0.041112 0.131481
0 1785 0.621524 0.237500 0.033857 0.132407
0 1788 0.134522 0.647222 0.039299 0.162963
0 1789 0.002418 0.598611 0.003628 0.173148
0 1792 0.746977 0.969907 0.040508 0.062037
0 1794 0.113664 0.619907 0.044740 0.173148
0 1795 0.955865 0.950926 0.055623 0.098148
0 1797 0.955865 0.725000 0.071342 0.175926
0 1798 0.538996 0.328241 0.039299 0.149074
0 1799 0.505139 0.326852 0.036880 0.138889
0 1800 0.483374 0.319907 0.039299 0.143519
0 1801 0.919589 0.642130 0.044740 0.167593
0 1802 0.863966 0.658333 0.051995 0.157407
0 1803 0.865780 0.527778 0.043531 0.151852
0 1804 0.824365 0.527315 0.051391 0.167593
0 1805 0.673821 0.660185 0.048972 0.162963
0 1806 0.460701 0.203241 0.032648 0.128704
0 1809 0.186215 0.351389 0.037485 0.150926
0 1817 0.007255 0.501389 0.013301 0.143519
0 1818 0.760580 0.346759 0.041112 0.158333
0 1819 0.789601 0.341204 0.035067 0.145370
0 1821 0.239722 0.206481 0.029625 0.114815
0 1822 0.251511 0.177778 0.025393 0.137037
0 1823 0.244861 0.117593 0.032648 0.135185
0 1824 0.631802 0.400926 0.043531 0.140741
0 1825 0.035067 0.587037 0.042322 0.151852
0 1826 0.015417 0.558333 0.029625 0.170370
0 1827 0.659311 0.659259 0.029625 0.127778
0 1828 0.698307 0.499074 0.037485 0.118519
0 1829 0.665961 0.507407 0.041717 0.151852
0 1830 0.269649 0.136111 0.031439 0.120370
0 1831 0.608827 0.499537 0.042322 0.143519
0 1832 0.639661 0.481019 0.038694 0.149074
0 1833 0.138452 0.495370 0.044740 0.151852
0 1834 0.139964 0.524537 0.038089 0.154630
0 1835 0.108525 0.545833 0.036880 0.149074
0 1837 0.590992 0.542593 0.027207 0.114815
0 1838 0.653265 0.390741 0.035671 0.129630
0 1842 0.515115 0.805093 0.066505 0.165741
0 1843 0.269045 0.984722 0.041112 0.028704
0 1844 0.144498 0.985185 0.025393 0.031481
0 1845 0.110036 0.987963 0.021765 0.025926
0 1846 0.278114 0.886111 0.042322 0.162963
0 1848 0.712213 0.772222 0.068924 0.174074
0 1849 0.633313 0.767593 0.056227 0.155556
0 1850 0.778114 0.713889 0.043531 0.170370
0 1851 0.143289 0.895370 0.048368 0.170370
0 1852 0.767836 0.657870 0.045949 0.154630
0 1853 0.058041 0.719907 0.048368 0.167593
0 1855 0.230351 0.868056 0.041112 0.175000
0 1856 0.804716 0.322222 0.036276 0.148148
0 1857 0.803204 0.262963 0.039299 0.124074
0 1858 0.921705 0.280556 0.046554 0.142593
0 1859 0.580109 0.218056 0.035671 0.136111
0 1860 0.604595 0.217593 0.035067 0.133333
0 1861 0.667473 0.243056 0.043531 0.139815
0 1862 0.451330 0.116667 0.034462 0.112963
0 1863 0.487001 0.123611 0.030834 0.128704
0 1864 0.553809 0.113889 0.033857 0.135185
0 1865 0.605200 0.062500 0.035067 0.121296
0 1866 0.570435 0.054167 0.046554 0.106481
0 1867 0.037485 0.360185 0.037485 0.138889
0 1868 0.303809 0.192593 0.041717 0.127778
0 1869 0.274486 0.195833 0.042322 0.121296
0 1870 0.093108 0.191667 0.035067 0.133333
0 1871 0.134522 0.208333 0.034462 0.146296
0 1872 0.159008 0.206019 0.033857 0.143519
0 1873 0.220979 0.136111 0.039299 0.122222
0 1874 0.013906 0.349537 0.026602 0.139815
0 1876 0.012696 0.193981 0.024184 0.143519
0 1878 0.112152 0.317130 0.039299 0.139815
0 1882 0.005139 0.349074 0.009069 0.138889
0 1884 0.056832 0.121296 0.035067 0.138889
0 1885 0.184099 0.126389 0.034462 0.139815
0 1887 0.012696 0.236574 0.024184 0.137963
0 1889 0.006046 0.141667 0.010883 0.118519
0 1890 0.106711 0.118981 0.036880 0.145370
0 1891 0.166264 0.105093 0.035067 0.134259
0 1892 0.983071 0.274537 0.031439 0.145370
0 1893 0.885732 0.293981 0.042322 0.134259
0 1894 0.873337 0.210648 0.034462 0.115741
0 1895 0.913241 0.224537 0.029625 0.137963
0 1896 0.840085 0.161111 0.036880 0.135185
0 1897 0.887243 0.107407 0.032044 0.129630
0 1898 0.909311 0.172222 0.032648 0.124074
0 1899 0.017231 0.443981 0.033253 0.149074
0 1900 0.041415 0.418981 0.036880 0.145370
0 1901 0.023277 0.403704 0.032044 0.140741
0 1902 0.960097 0.265278 0.036276 0.121296
0 1904 0.920798 0.127315 0.031439 0.121296
0 1906 0.036578 0.460648 0.034462 0.125000
0 1908 0.022068 0.119444 0.032044 0.120370
0 1909 0.139964 0.160185 0.036880 0.144444
0 1910 0.048065 0.088426 0.033253 0.134259
0 1911 0.013301 0.093981 0.025393 0.134259
0 1912 0.181378 0.054630 0.030230 0.107407
0 1913 0.889359 0.156481 0.035067 0.129630
0 1914 0.917170 0.142130 0.035067 0.123148
0 1915 0.899033 0.197685 0.030230 0.126852
0 1916 0.913543 0.250463 0.039903 0.137963
0 1918 0.116989 0.200463 0.032044 0.132407
0 1920 0.911729 0.172685 0.030230 0.099074
0 1921 0.620314 0.524537 0.037485 0.150926
0 1926 0.521765 0.096759 0.031439 0.126852
0 1944 0.003628 0.414815 0.006046 0.161111
0 1945 0.103386 0.273148 0.032648 0.137037
