0 795 0.108525 0.038889 0.033253 0.075926
0 800 0.209794 0.035648 0.032648 0.069444
0 822 0.653567 0.024537 0.030230 0.047222
0 823 0.672914 0.024537 0.030230 0.047222
0 838 0.935308 0.034722 0.031439 0.067593
0 839 0.903265 0.035185 0.026602 0.068519
0 840 0.917170 0.053241 0.031439 0.104630
0 843 0.649637 0.014815 0.032044 0.027778
0 849 0.987606 0.040278 0.024788 0.078704
0 861 0.420798 0.022685 0.021765 0.043519
0 1168 0.879686 0.950000 0.049577 0.101852
0 1175 0.388452 0.558796 0.036880 0.165741
0 1197 0.181983 0.368056 0.035067 0.143519
0 1198 0.076179 0.491204 0.036276 0.145370
0 1200 0.059553 0.455093 0.034462 0.156481
0 1206 0.103386 0.474537 0.039903 0.156481
0 1284 0.851270 0.380093 0.035067 0.132407
0 1285 0.869407 0.341204 0.033857 0.121296
0 1306 0.272975 0.669907 0.044135 0.171296
0 1307 0.272975 0.648148 0.039299 0.181481
0 1308 0.380290 0.640741 0.035067 0.146296
0 1314 0.844015 0.965741 0.038694 0.068519
0 1317 0.709794 0.987500 0.024184 0.026852
0 1325 0.230048 0.584722 0.034462 0.149074
0 1326 0.244861 0.553704 0.029021 0.140741
0 1328 0.195889 0.558796 0.042322 0.134259
0 1329 0.206167 0.517130 0.042322 0.156481
0 1330 0.162636 0.541204 0.043531 0.158333
0 1343 0.384825 0.227778 0.034462 0.129630
0 1344 0.405381 0.230556 0.032044 0.129630
0 1412 0.715538 0.378704 0.041717 0.114815
0 1413 0.750302 0.390741 0.042322 0.137037
0 1444 0.247884 0.367130 0.037485 0.143519
0 1445 0.241233 0.379630 0.035067 0.146296
0 1490 0.959492 0.793056 0.039903 0.145370
0 1501 0.326784 0.962500 0.045345 0.076852
0 1531 0.418984 0.435648 0.035067 0.154630
0 1549 0.316808 0.773148 0.047158 0.170370
0 1555 0.972491 0.850000 0.048972 0.164815
0 1556 0.938029 0.851852 0.039299 0.127778
0 1557 0.347944 0.335648 0.035671 0.145370
0 1567 0.344619 0.471296 0.038694 0.131481
0 1570 0.347340 0.670370 0.039299 0.168519
0 1573 0.519952 0.629630 0.031439 0.142593
0 1592 0.367594 0.701852 0.038694 0.161111
0 1594 0.375151 0.732407 0.042926 0.162963
0 1638 0.590085 0.613889 0.043531 0.162963
0 1639 0.628779 0.629630 0.044740 0.162963
0 1640 0.643289 0.607407 0.029021 0.125926
0 1650 0.440145 0.735185 0.043531 0.148148
0 1653 0.683192 0.712037 0.051995 0.148148
0 1654 0.512092 0.523148 0.042322 0.162963
0 1655 0.462515 0.536574 0.042322 0.145370
0 1657 0.449214 0.498148 0.044740 0.107407
0 1660 0.515115 0.571296 0.037485 0.153704
0 1661 0.546252 0.605093 0.042926 0.150926
0 1667 0.543833 0.593981 0.029625 0.126852
0 1668 0.552600 0.670370 0.037485 0.127778
0 1676 0.412938 0.020833 0.031439 0.039815
0 1678 0.676239 0.856481 0.055018 0.157407
0 1696 0.605804 0.916667 0.045949 0.159259
0 1697 0.643894 0.923148 0.045949 0.146296
0 1699 0.980048 0.674537 0.038694 0.156481
0 1702 0.726119 0.930556 0.043531 0.133333
0 1703 0.967654 0.179630 0.032044 0.098148
0 1704 0.981560 0.941204 0.036880 0.115741
0 1711 0.499093 0.944444 0.047763 0.112963
0 1712 0.441959 0.956019 0.044740 0.087963
0 1713 0.722189 0.686574 0.046554 0.156481
0 1714 0.746372 0.731019 0.041717 0.150926
0 1716 0.430774 0.585648 0.041717 0.150926
0 1717 0.466445 0.583333 0.033253 0.148148
0 1718 0.010580 0.691204 0.019952 0.178704
0 1719 0.116989 0.562500 0.044135 0.154630
0 1720 0.151149 0.884259 0.047158 0.174074
0 1721 0.538694 0.689352 0.044740 0.165741
0 1722 0.571342 0.694907 0.047158 0.160185
0 1723 0.109129 0.540741 0.036880 0.146296
0 1736 0.223096 0.209259 0.035067 0.118519
0 1737 0.255744 0.207407 0.044740 0.135185
0 1741 0.973398 0.146759 0.030230 0.126852
0 1742 0.937727 0.175000 0.039903 0.129630
0 1743 0.969166 0.154630 0.037485 0.124074
0 1766 0.807134 0.981944 0.035067 0.037963
0 1771 0.753325 0.521296 0.043531 0.162963
0 1772 0.718561 0.510648 0.033253 0.143519
0 1775 0.735792 0.852315 0.059250 0.173148
0 1776 0.246372 0.625463 0.034462 0.152778
0 1777 0.276904 0.593519 0.051995 0.164815
0 1778 0.301391 0.635648 0.036880 0.165741
0 1779 0.281439 0.416667 0.039299 0.129630
0 1780 0.165659 0.415278 0.035067 0.149074
0 1781 0.214631 0.407407 0.042322 0.131481
0 1782 0.269952 0.393056 0.041717 0.143519
0 1784 0.523277 0.242593 0.035671 0.125926
0 1785 0.536880 0.231944 0.033857 0.132407
0 1788 0.133918 0.593056 0.039299 0.150926
0 1792 0.759976 0.942130 0.050786 0.117593
0 1793 0.977932 0.890741 0.042926 0.170370
0 1794 0.102177 0.572222 0.044740 0.168519
0 1795 0.910218 0.888426 0.052600 0.180556
0 1797 0.931983 0.656944 0.065901 0.171296
0 1798 0.559250 0.287500 0.037485 0.149074
0 1799 0.519347 0.275000 0.036276 0.138889
0 1800 0.496675 0.279630 0.038089 0.138889
0 1801 0.895103 0.578241 0.046554 0.173148
0 1802 0.836457 0.591667 0.051391 0.151852
0 1803 0.815599 0.463426 0.045949 0.139815
0 1804 0.779323 0.462500 0.044740 0.154630
0 1805 0.694075 0.575926 0.047158 0.155556
0 1806 0.467352 0.158333 0.032648 0.125926
0 1808 0.025393 0.372222 0.049577 0.148148
0 1809 0.229746 0.291204 0.036276 0.143519
0 1817 0.002721 0.453241 0.004232 0.143519
0 1818 0.712817 0.287963 0.036276 0.146296
0 1819 0.738210 0.272685 0.039903 0.132407
0 1821 0.245466 0.198611 0.027811 0.115741
0 1822 0.243652 0.175926 0.031439 0.137037
0 1823 0.253325 0.113426 0.032648 0.137963
0 1824 0.590085 0.359259 0.044740 0.140741
0 1825 0.045345 0.525463 0.042322 0.156481
0 1826 0.021161 0.501852 0.041112 0.159259
0 1827 0.665659 0.583796 0.032648 0.123148
0 1828 0.663241 0.445370 0.037485 0.118519
0 1829 0.623035 0.454167 0.041717 0.150926
0 1830 0.284764 0.119444 0.027811 0.120370
0 1831 0.573761 0.457407 0.042322 0.135185
0 1832 0.601874 0.425463 0.038089 0.143519
0 1833 0.143289 0.450926 0.042322 0.151852
0 1834 0.162938 0.477315 0.034462 0.154630
0 1835 0.136941 0.506944 0.036880 0.149074
0 1837 0.538996 0.473611 0.030834 0.112037
0 1838 0.611850 0.341667 0.033857 0.120370
0 1842 0.420496 0.830093 0.070738 0.169444
0 1843 0.143289 0.962037 0.041112 0.077778
0 1844 0.025091 0.970833 0.036880 0.060185
0 1845 0.005441 0.970370 0.009674 0.061111
0 1846 0.213120 0.816667 0.041717 0.161111
0 1848 0.601572 0.791204 0.068924 0.176852
0 1849 0.523881 0.788426 0.063482 0.156481
0 1850 0.778114 0.741667 0.048368 0.162963
0 1851 0.094015 0.823148 0.044135 0.162963
0 1852 0.778718 0.703241 0.043531 0.149074
0 1855 0.166868 0.798148 0.045949 0.155556
0 1856 0.827086 0.380556 0.039903 0.148148
0 1857 0.803507 0.310648 0.043531 0.123148
0 1858 0.914752 0.238426 0.047158 0.137963
0 1859 0.562878 0.177778 0.035067 0.137037
0 1860 0.596735 0.178704 0.035067 0.131481
0 1861 0.616082 0.153241 0.036276 0.139815
0 1862 0.451028 0.080093 0.035067 0.112037
0 1863 0.499395 0.074074 0.032648 0.116667
0 1864 0.542322 0.055556 0.035067 0.109259
0 1865 0.618501 0.041204 0.035067 0.080556
0 1866 0.580411 0.034722 0.033857 0.067593
0 1867 0.088271 0.304167 0.036276 0.130556
0 1868 0.324063 0.148611 0.042322 0.121296
0 1869 0.301088 0.153704 0.041112 0.116667
0 1870 0.128476 0.153241 0.029625 0.132407
0 1871 0.163241 0.155556 0.039903 0.137037
0 1872 0.185006 0.154630 0.032648 0.140741
0 1873 0.237001 0.089352 0.037485 0.115741
0 1874 0.058041 0.298148 0.035067 0.140741
0 1878 0.167473 0.258333 0.033857 0.133333
0 1881 0.012999 0.322685 0.024788 0.152778
0 1882 0.039601 0.292130 0.034462 0.132407
0 1883 0.011487 0.249074 0.021765 0.142593
0 1884 0.085852 0.067593 0.036276 0.124074
0 1885 0.204353 0.083796 0.033857 0.123148
0 1886 0.005441 0.177315 0.009674 0.160185
0 1887 0.020254 0.176389 0.039299 0.137963
0 1888 0.010278 0.129630 0.019347 0.131481
0 1889 0.017533 0.097222 0.033857 0.120370
0 1890 0.137848 0.082407 0.035067 0.142593
0 1891 0.183495 0.061111 0.034462 0.120370
0 1892 0.979141 0.232870 0.032044 0.137963
0 1893 0.874244 0.244444 0.041112 0.135185
0 1894 0.872128 0.165278 0.034462 0.115741
0 1895 0.907799 0.173611 0.029625 0.130556
0 1896 0.869105 0.121296 0.035671 0.135185
0 1897 0.907497 0.069444 0.037485 0.129630
0 1898 0.931681 0.131481 0.032648 0.124074
0 1899 0.012394 0.449537 0.023579 0.149074
0 1900 0.029021 0.432870 0.038694 0.145370
0 1901 0.017231 0.414352 0.033253 0.139815
0 1902 0.958283 0.228704 0.035067 0.120370
0 1904 0.936518 0.102315 0.031439 0.121296
0 1906 0.019347 0.470833 0.035067 0.126852
0 1908 0.046856 0.055093 0.029625 0.108333
0 1909 0.173821 0.113889 0.038089 0.137037
0 1910 0.078597 0.062037 0.030230 0.122222
0 1911 0.044740 0.041204 0.035067 0.080556
0 1912 0.139057 0.036574 0.033857 0.071296
0 1913 0.896010 0.116667 0.035067 0.129630
0 1914 0.929565 0.116204 0.032044 0.123148
0 1915 0.900846 0.150463 0.030230 0.126852
0 1916 0.915961 0.208796 0.039903 0.137963
0 1917 0.003325 0.101852 0.005441 0.135185
0 1918 0.152358 0.153704 0.029021 0.131481
0 1920 0.937122 0.137500 0.030230 0.097222
0 1921 0.570738 0.456019 0.038694 0.137963
0 1926 0.505744 0.047222 0.033253 0.092593
0 1944 0.049577 0.356944 0.041112 0.160185
0 1945 0.154776 0.240278 0.031439 0.134259
