0 777 0.077086 0.081944 0.040508 0.137963
0 778 0.164148 0.061111 0.032044 0.111111
0 779 0.187424 0.065278 0.037485 0.128704
0 780 0.218259 0.053241 0.032648 0.104630
0 781 0.251511 0.056019 0.037485 0.110185
0 782 0.302902 0.050000 0.039903 0.098148
0 791 0.463724 0.099074 0.031439 0.109259
0 792 0.468561 0.026852 0.032648 0.051852
0 795 0.183797 0.089815 0.035067 0.135185
0 796 0.439843 0.075463 0.036880 0.121296
0 798 0.292624 0.039815 0.039903 0.077778
0 799 0.301995 0.092593 0.032044 0.118519
0 800 0.324063 0.074074 0.033857 0.120370
0 811 0.958888 0.070833 0.035067 0.126852
0 815 0.898126 0.052778 0.033253 0.096296
0 821 0.616082 0.052315 0.029021 0.102778
0 822 0.640568 0.076389 0.039299 0.130556
0 823 0.670496 0.079630 0.030230 0.118519
0 838 0.923519 0.101389 0.032044 0.128704
0 839 0.906288 0.090278 0.030230 0.134259
0 840 0.885127 0.104167 0.031439 0.126852
0 843 0.647219 0.062500 0.030834 0.121296
0 849 0.976119 0.105556 0.036880 0.140741
0 854 0.918380 0.079167 0.032648 0.110185
0 855 0.978839 0.176389 0.032648 0.121296
0 859 0.166264 0.031019 0.035067 0.060185
0 860 0.186215 0.023148 0.032648 0.044444
0 861 0.422007 0.025463 0.021765 0.049074
0 862 0.940750 0.037963 0.032648 0.074074
0 1175 0.382709 0.566204 0.037485 0.165741
0 1197 0.100665 0.436111 0.034462 0.142593
0 1198 0.065901 0.507870 0.036276 0.145370
0 1200 0.040508 0.481019 0.032648 0.156481
0 1206 0.105200 0.485648 0.038694 0.156481
0 1284 0.839782 0.386111 0.035067 0.129630
0 1285 0.853083 0.353704 0.035067 0.124074
0 1306 0.268440 0.679167 0.043531 0.171296
0 1307 0.248186 0.661111 0.038089 0.181481
0 1308 0.378174 0.651852 0.034462 0.146296
0 1325 0.228235 0.588426 0.034462 0.149074
0 1326 0.240931 0.562963 0.029625 0.140741
0 1328 0.193470 0.565278 0.042322 0.134259
0 1329 0.201632 0.529167 0.041717 0.156481
0 1330 0.161427 0.548148 0.043531 0.159259
0 1343 0.381499 0.235185 0.035067 0.129630
0 1344 0.403265 0.241667 0.032648 0.129630
0 1412 0.681983 0.382870 0.044740 0.121296
0 1413 0.742443 0.405556 0.041112 0.137037
0 1444 0.245163 0.377315 0.034462 0.143519
0 1445 0.241233 0.413426 0.035067 0.145370
0 1490 0.964027 0.908333 0.041717 0.138889
0 1501 0.268138 0.962037 0.048972 0.077778
0 1531 0.339782 0.441204 0.035067 0.156481
0 1549 0.314389 0.777315 0.050786 0.165741
0 1555 0.980048 0.932407 0.038694 0.133333
0 1556 0.951935 0.937963 0.041717 0.114815
0 1557 0.218259 0.369907 0.035067 0.156481
0 1567 0.340689 0.481019 0.036880 0.132407
0 1570 0.324667 0.698148 0.038694 0.168519
0 1573 0.517231 0.644444 0.036880 0.135185
0 1592 0.363362 0.710185 0.039903 0.157407
0 1594 0.365175 0.741204 0.039903 0.167593
0 1638 0.584946 0.615741 0.044135 0.162963
0 1639 0.622733 0.635185 0.044740 0.162963
0 1640 0.641475 0.619907 0.029021 0.130556
0 1650 0.437424 0.743981 0.046554 0.149074
0 1653 0.696493 0.699537 0.047158 0.152778
0 1654 0.500605 0.608333 0.038694 0.155556
0 1655 0.459492 0.541204 0.041112 0.145370
0 1657 0.449214 0.506481 0.044740 0.107407
0 1660 0.506953 0.589815 0.041717 0.153704
0 1661 0.548065 0.626852 0.041717 0.151852
0 1667 0.542019 0.594907 0.029625 0.126852
0 1668 0.552297 0.683796 0.036880 0.126852
0 1676 0.411729 0.025926 0.031439 0.050000
0 1702 0.707981 0.976852 0.044740 0.048148
0 1703 0.963120 0.230556 0.036276 0.103704
0 1713 0.737606 0.757407 0.044740 0.157407
0 1714 0.782950 0.793519 0.042322 0.151852
0 1716 0.429262 0.594444 0.043531 0.150000
0 1717 0.462515 0.591667 0.031439 0.144444
0 1719 0.099758 0.633796 0.044740 0.154630
0 1720 0.141475 0.979630 0.033857 0.040741
0 1721 0.537485 0.696759 0.044740 0.165741
0 1722 0.565599 0.699074 0.046554 0.164815
0 1723 0.060762 0.616667 0.038089 0.146296
0 1736 0.168380 0.244444 0.034462 0.125926
0 1737 0.198912 0.249537 0.041112 0.132407
0 1741 0.957074 0.184259 0.030230 0.125926
0 1742 0.932285 0.233333 0.039903 0.129630
0 1743 0.937727 0.198148 0.036276 0.124074
0 1771 0.703144 0.627315 0.048368 0.176852
0 1772 0.660822 0.643519 0.038694 0.142593
0 1775 0.662636 0.968981 0.049577 0.063889
0 1776 0.242745 0.639815 0.041717 0.166667
0 1777 0.284462 0.606481 0.040508 0.164815
0 1778 0.300484 0.653241 0.037485 0.176852
0 1779 0.319226 0.381481 0.035067 0.124074
0 1780 0.286578 0.434722 0.038694 0.143519
0 1781 0.325877 0.409259 0.041112 0.124074
0 1782 0.284764 0.387500 0.042322 0.143519
0 1784 0.683192 0.249074 0.042322 0.131481
0 1785 0.690145 0.237500 0.034462 0.147222
0 1788 0.127267 0.690278 0.036880 0.162037
0 1792 0.746372 0.971296 0.039299 0.059259
0 1794 0.102781 0.662500 0.044740 0.173148
0 1797 0.969468 0.791204 0.059855 0.187963
0 1798 0.519045 0.365278 0.039299 0.149074
0 1799 0.489420 0.369444 0.033253 0.142593
0 1800 0.476119 0.352315 0.035671 0.143519
0 1801 0.920496 0.692593 0.044135 0.166667
0 1802 0.883313 0.719444 0.049577 0.157407
0 1803 0.899637 0.582870 0.050786 0.150926
0 1804 0.856711 0.574537 0.050786 0.167593
0 1805 0.659311 0.710185 0.053809 0.170370
0 1806 0.462515 0.247222 0.035067 0.129630
0 1807 0.003628 0.474074 0.006046 0.170370
0 1809 0.150544 0.413889 0.039903 0.162963
0 1817 0.014510 0.544907 0.027811 0.143519
0 1818 0.785973 0.403241 0.044740 0.154630
0 1819 0.811669 0.389352 0.040508 0.143519
0 1821 0.246372 0.200463 0.028416 0.115741
0 1822 0.263906 0.171296 0.028416 0.137037
0 1823 0.207074 0.126852 0.032044 0.135185
0 1824 0.643894 0.423148 0.043531 0.140741
0 1825 0.028416 0.628241 0.048368 0.149074
0 1826 0.012394 0.611111 0.023579 0.174074
0 1827 0.631499 0.706019 0.033253 0.128704
0 1828 0.739722 0.549074 0.036880 0.118519
0 1829 0.706469 0.550463 0.041717 0.160185
0 1830 0.238815 0.150000 0.033857 0.120370
0 1831 0.642987 0.543981 0.041717 0.143519
0 1832 0.671705 0.531019 0.039903 0.167593
0 1833 0.118198 0.546296 0.046554 0.151852
0 1834 0.137243 0.569444 0.039903 0.159259
0 1835 0.076179 0.579167 0.037485 0.149074
0 1837 0.653869 0.600000 0.030834 0.114815
0 1838 0.670496 0.422222 0.036276 0.135185
0 1842 0.609129 0.787963 0.068319 0.166667
0 1843 0.377872 0.964352 0.054414 0.069444
0 1846 0.332527 0.930556 0.043531 0.140741
0 1848 0.769347 0.747685 0.044135 0.175000
0 1849 0.727932 0.721296 0.042322 0.153704
0 1850 0.796554 0.704167 0.046554 0.173148
0 1851 0.186518 0.943981 0.046554 0.113889
0 1852 0.805320 0.588889 0.049577 0.142593
0 1853 0.148428 0.775926 0.057437 0.175926
0 1855 0.287183 0.909259 0.041112 0.175926
0 1856 0.795647 0.253241 0.037485 0.143519
0 1857 0.815296 0.217130 0.041717 0.123148
0 1858 0.918984 0.310648 0.047158 0.143519
0 1859 0.603386 0.256944 0.039903 0.139815
0 1860 0.621826 0.253241 0.034462 0.134259
0 1861 0.728839 0.315278 0.046554 0.143519
0 1862 0.450423 0.158333 0.033857 0.118519
0 1863 0.475212 0.162500 0.033857 0.128704
0 1864 0.582830 0.162963 0.037485 0.138889
0 1865 0.604293 0.100000 0.034462 0.131481
0 1866 0.570738 0.075463 0.044740 0.126852
0 1867 0.008767 0.412037 0.016324 0.140741
0 1868 0.276904 0.218056 0.041112 0.123148
0 1869 0.243047 0.226389 0.041112 0.121296
0 1870 0.049577 0.230556 0.035067 0.140741
0 1871 0.100967 0.246759 0.041112 0.143519
0 1872 0.126360 0.251852 0.035067 0.140741
0 1873 0.225816 0.174537 0.039299 0.123148
0 1876 0.011487 0.244444 0.021765 0.153704
0 1878 0.059250 0.350926 0.039903 0.140741
0 1884 0.017231 0.165278 0.033253 0.143519
0 1885 0.163845 0.159722 0.036276 0.139815
0 1890 0.098247 0.154630 0.040508 0.146296
0 1891 0.150846 0.142130 0.036880 0.134259
0 1892 0.985187 0.297222 0.027207 0.146296
0 1893 0.891778 0.326389 0.043531 0.134259
0 1894 0.892080 0.256944 0.034462 0.115741
0 1895 0.932890 0.261574 0.035067 0.137963
0 1896 0.855804 0.211111 0.036880 0.140741
0 1897 0.860339 0.131481 0.030230 0.129630
0 1898 0.908706 0.200000 0.031439 0.124074
0 1899 0.025393 0.430093 0.037485 0.139815
0 1900 0.054716 0.407407 0.034462 0.146296
0 1901 0.048065 0.387037 0.032044 0.140741
0 1902 0.967352 0.295370 0.037485 0.124074
0 1904 0.905985 0.155093 0.032044 0.121296
0 1906 0.048065 0.446759 0.034462 0.121296
0 1909 0.091294 0.192593 0.037485 0.148148
0 1910 0.023881 0.122222 0.034462 0.135185
0 1911 0.002721 0.156019 0.004232 0.134259
0 1912 0.212213 0.081944 0.029021 0.132407
0 1913 0.883918 0.193519 0.033857 0.129630
0 1914 0.911427 0.165278 0.036880 0.123148
0 1915 0.909311 0.242130 0.030230 0.126852
0 1916 0.911729 0.283796 0.039903 0.137963
0 1918 0.079807 0.239815 0.031439 0.140741
0 1920 0.908706 0.205093 0.030230 0.099074
0 1921 0.663845 0.570370 0.037485 0.151852
0 1926 0.531137 0.150926 0.032044 0.129630
0 1945 0.058041 0.327315 0.031439 0.143519
