0 1168 0.830713 0.927778 0.048368 0.142593
0 1175 0.387545 0.552778 0.037485 0.155556
0 1197 0.230653 0.348611 0.035671 0.145370
0 1198 0.077086 0.490278 0.039299 0.149074
0 1200 0.083736 0.430556 0.045345 0.144444
0 1206 0.101572 0.463889 0.045949 0.146296
0 1284 0.853083 0.382870 0.039903 0.132407
0 1285 0.861245 0.351852 0.042926 0.127778
0 1306 0.277207 0.671759 0.044135 0.160185
0 1307 0.279625 0.632870 0.039299 0.152778
0 1308 0.381499 0.638889 0.035067 0.142593
0 1314 0.811971 0.960185 0.041112 0.081481
0 1317 0.651753 0.973611 0.045949 0.054630
0 1325 0.232164 0.585648 0.033857 0.147222
0 1326 0.244559 0.552778 0.032044 0.137037
0 1328 0.198005 0.558333 0.039299 0.135185
0 1329 0.206469 0.517593 0.042926 0.153704
0 1330 0.165054 0.539815 0.043531 0.157407
0 1343 0.384220 0.226852 0.033253 0.129630
0 1344 0.405683 0.230093 0.031439 0.130556
0 1412 0.716747 0.379630 0.045345 0.118519
0 1413 0.750605 0.388889 0.041717 0.137037
0 1444 0.266626 0.373148 0.047158 0.146296
0 1445 0.244256 0.385648 0.033857 0.152778
0 1490 0.963422 0.752778 0.041717 0.131481
0 1501 0.360036 0.965278 0.044135 0.071296
0 1531 0.454051 0.436574 0.037485 0.143519
0 1549 0.318017 0.772222 0.048368 0.168519
0 1555 0.974607 0.816667 0.043531 0.151852
0 1556 0.937122 0.807870 0.038694 0.128704
0 1557 0.410520 0.356019 0.047158 0.139815
0 1567 0.348851 0.471759 0.038694 0.130556
0 1570 0.353688 0.669907 0.049577 0.160185
0 1573 0.503325 0.613889 0.032044 0.151852
0 1592 0.365780 0.700000 0.036276 0.159259
0 1594 0.380593 0.733333 0.044135 0.166667
0 1638 0.587364 0.611111 0.042926 0.159259
0 1639 0.627267 0.631481 0.044135 0.164815
0 1640 0.637243 0.616204 0.037485 0.126852
0 1650 0.438634 0.731944 0.044135 0.147222
0 1653 0.680774 0.716667 0.051995 0.138889
0 1654 0.511790 0.468519 0.038089 0.142593
0 1655 0.464027 0.531944 0.040508 0.141667
0 1657 0.453144 0.496296 0.046554 0.107407
0 1660 0.509976 0.556019 0.044135 0.156481
0 1661 0.532044 0.602315 0.044740 0.162037
0 1667 0.551995 0.590278 0.033857 0.123148
0 1668 0.551995 0.646759 0.032648 0.110185
0 1675 0.423216 0.024074 0.024184 0.046296
0 1676 0.404172 0.026852 0.027207 0.051852
0 1677 0.262092 0.952315 0.051391 0.097222
0 1678 0.734583 0.795833 0.049577 0.165741
0 1695 0.984885 0.629167 0.030230 0.149074
0 1696 0.662334 0.825926 0.044135 0.161111
0 1697 0.691354 0.841204 0.048972 0.149074
0 1699 0.954353 0.627315 0.056227 0.160185
0 1701 0.986699 0.852778 0.026602 0.153704
0 1702 0.740326 0.867130 0.044135 0.165741
0 1703 0.968863 0.166204 0.030834 0.099074
0 1704 0.934704 0.889352 0.060459 0.169444
0 1711 0.532346 0.890741 0.045345 0.157407
0 1712 0.479444 0.900463 0.045949 0.136111
0 1713 0.698912 0.634259 0.045949 0.162963
0 1714 0.696191 0.669444 0.040508 0.142593
0 1716 0.431681 0.588426 0.036276 0.150926
0 1717 0.465840 0.585185 0.035671 0.148148
0 1718 0.106106 0.642130 0.036880 0.165741
0 1719 0.124244 0.537963 0.044135 0.144444
0 1720 0.156288 0.814815 0.046554 0.168519
0 1721 0.541415 0.684722 0.041717 0.165741
0 1722 0.571342 0.693981 0.048368 0.160185
0 1723 0.113362 0.523611 0.038089 0.143519
0 1736 0.223096 0.212037 0.031439 0.120370
0 1737 0.262999 0.211111 0.044740 0.135185
0 1741 0.980955 0.144907 0.032044 0.117593
0 1742 0.944982 0.163889 0.039903 0.135185
0 1743 0.963724 0.143519 0.035067 0.118519
0 1766 0.743652 0.970833 0.042322 0.060185
0 1771 0.777509 0.468519 0.039903 0.161111
0 1772 0.747582 0.464352 0.036880 0.139815
0 1775 0.781137 0.778241 0.049577 0.173148
0 1776 0.249698 0.622685 0.043531 0.141667
0 1777 0.272975 0.595370 0.050181 0.166667
0 1778 0.299274 0.618519 0.045949 0.174074
0 1779 0.227630 0.429167 0.036880 0.128704
0 1780 0.102781 0.404630 0.039903 0.146296
0 1781 0.133313 0.394444 0.036880 0.131481
0 1782 0.238815 0.398148 0.043531 0.140741
0 1784 0.430472 0.256481 0.038694 0.127778
0 1785 0.435611 0.239815 0.042926 0.133333
0 1788 0.124849 0.568056 0.036880 0.150926
0 1790 0.980955 0.905556 0.035671 0.161111
0 1792 0.776904 0.884722 0.050786 0.149074
0 1793 0.937122 0.818056 0.054414 0.169444
0 1794 0.103386 0.544907 0.045949 0.167593
0 1795 0.870012 0.803704 0.056832 0.174074
0 1797 0.903567 0.609722 0.065901 0.182407
0 1798 0.569528 0.244444 0.039903 0.137037
0 1799 0.536276 0.243056 0.035067 0.145370
0 1800 0.511487 0.250463 0.033857 0.137963
0 1801 0.848851 0.531019 0.048368 0.162037
0 1802 0.802297 0.537500 0.053204 0.150926
0 1803 0.761185 0.428241 0.047158 0.139815
0 1804 0.721886 0.425926 0.049577 0.146296
0 1805 0.675937 0.516667 0.050786 0.159259
0 1806 0.485187 0.125000 0.033253 0.122222
0 1808 0.105502 0.333333 0.067110 0.142593
0 1809 0.277811 0.246759 0.046554 0.145370
0 1810 0.009069 0.331481 0.016929 0.138889
0 1817 0.007860 0.408796 0.014510 0.149074
0 1818 0.651753 0.246296 0.037485 0.144444
0 1819 0.673519 0.225926 0.039903 0.137037
0 1820 0.009371 0.549074 0.017533 0.170370
0 1821 0.250605 0.192130 0.030834 0.113889
0 1822 0.245466 0.164352 0.031439 0.115741
0 1823 0.254232 0.104167 0.029625 0.119444
0 1824 0.537183 0.325463 0.040508 0.134259
0 1825 0.047158 0.488889 0.037485 0.146296
0 1826 0.033555 0.471296 0.045345 0.155556
0 1827 0.646010 0.519907 0.034462 0.115741
0 1828 0.603386 0.421759 0.032648 0.117593
0 1829 0.573156 0.416204 0.039903 0.143519
0 1830 0.285973 0.120370 0.029021 0.124074
0 1831 0.525998 0.412037 0.042322 0.131481
0 1832 0.572854 0.391667 0.041717 0.140741
0 1833 0.162636 0.424074 0.044740 0.162963
0 1834 0.159311 0.438889 0.034462 0.135185
0 1835 0.137545 0.465278 0.036880 0.139815
0 1837 0.502418 0.429630 0.031439 0.114815
0 1838 0.556832 0.311111 0.032648 0.135185
0 1842 0.315599 0.822685 0.054414 0.176852
0 1843 0.030834 0.943519 0.045949 0.112963
0 1846 0.127872 0.768056 0.041717 0.156481
0 1847 0.298670 0.982870 0.039903 0.036111
0 1848 0.489117 0.801389 0.058041 0.173148
0 1849 0.407799 0.813889 0.051391 0.162963
0 1850 0.643894 0.764815 0.061669 0.166667
0 1851 0.046856 0.773148 0.055018 0.164815
0 1852 0.694982 0.743519 0.052600 0.150000
0 1855 0.097037 0.726852 0.048972 0.146296
0 1856 0.907799 0.456944 0.052600 0.156481
0 1857 0.832225 0.391667 0.044135 0.142593
0 1858 0.912636 0.202778 0.047763 0.138889
0 1859 0.547461 0.150000 0.033253 0.138889
0 1860 0.579202 0.146759 0.035067 0.126852
0 1861 0.586155 0.083333 0.036880 0.124074
0 1862 0.482769 0.053241 0.033253 0.104630
0 1863 0.518440 0.050926 0.028416 0.100000
0 1864 0.532044 0.030556 0.036276 0.059259
0 1865 0.624849 0.022685 0.032044 0.043519
0 1866 0.588573 0.015278 0.028416 0.028704
0 1867 0.127872 0.262963 0.034462 0.133333
0 1868 0.345828 0.116667 0.041112 0.120370
0 1869 0.318622 0.117593 0.036276 0.112963
0 1870 0.150544 0.135185 0.039903 0.129630
0 1871 0.179867 0.136111 0.042926 0.151852
0 1872 0.220073 0.112963 0.036276 0.140741
0 1873 0.261790 0.058333 0.037485 0.105556
0 1874 0.086457 0.251852 0.031439 0.118519
0 1875 0.983676 0.317593 0.031439 0.150000
0 1878 0.241233 0.238426 0.042322 0.136111
0 1879 0.007860 0.253704 0.014510 0.138889
0 1880 0.021463 0.266667 0.033253 0.133333
0 1881 0.045949 0.278704 0.041112 0.144444
0 1882 0.068622 0.255556 0.034462 0.138889
0 1883 0.020859 0.203241 0.036880 0.121296
0 1884 0.114571 0.056019 0.045345 0.110185
0 1885 0.222793 0.060648 0.038089 0.119444
0 1886 0.013603 0.149537 0.025998 0.149074
0 1888 0.029323 0.081019 0.038089 0.139815
0 1889 0.029021 0.067593 0.036276 0.131481
0 1890 0.168984 0.056944 0.039299 0.110185
0 1891 0.191354 0.039352 0.038089 0.076852
0 1892 0.976723 0.212037 0.036880 0.133333
0 1893 0.874849 0.204167 0.044740 0.128704
0 1894 0.894196 0.141667 0.035067 0.129630
0 1895 0.925030 0.128704 0.036276 0.116667
0 1896 0.892382 0.092130 0.039903 0.121296
0 1897 0.882709 0.038889 0.030230 0.075926
0 1898 0.968259 0.105556 0.038089 0.125926
0 1899 0.003023 0.457407 0.004837 0.140741
0 1900 0.019347 0.446296 0.037485 0.146296
0 1901 0.007860 0.425463 0.014510 0.139815
0 1902 0.957074 0.208796 0.036276 0.123148
0 1903 0.005139 0.207407 0.009069 0.125926
0 1904 0.953748 0.068519 0.029625 0.098148
0 1906 0.013603 0.486574 0.025998 0.134259
0 1907 0.009069 0.199074 0.016929 0.114815
0 1908 0.106711 0.034259 0.034462 0.066667
0 1909 0.188634 0.068056 0.038694 0.121296
0 1910 0.104595 0.045833 0.031439 0.089815
0 1911 0.081923 0.020370 0.029625 0.038889
0 1912 0.112455 0.026389 0.030230 0.050926
0 1913 0.911729 0.080556 0.035067 0.120370
0 1914 0.944377 0.090278 0.035067 0.104630
0 1915 0.931378 0.117593 0.027207 0.103704
0 1916 0.912938 0.170833 0.039903 0.128704
0 1917 0.022370 0.054167 0.030230 0.106481
0 1918 0.168077 0.119907 0.031439 0.121296
0 1944 0.122430 0.311111 0.041717 0.146296
0 1945 0.201028 0.230556 0.040508 0.137037
