0 1168 0.820435 0.925463 0.048368 0.149074
0 1169 0.854595 0.983796 0.028416 0.034259
0 1175 0.387545 0.555093 0.037485 0.154630
0 1197 0.237304 0.345370 0.034462 0.146296
0 1198 0.077086 0.490278 0.040508 0.149074
0 1199 0.005441 0.794907 0.009674 0.162037
0 1200 0.087666 0.425926 0.044740 0.144444
0 1206 0.101270 0.467593 0.041717 0.146296
0 1284 0.853386 0.380093 0.040508 0.132407
0 1285 0.859734 0.353704 0.044740 0.129630
0 1306 0.278718 0.672685 0.043531 0.156481
0 1307 0.281439 0.634259 0.039299 0.151852
0 1308 0.381499 0.639352 0.035067 0.141667
0 1314 0.808948 0.961574 0.039903 0.078704
0 1317 0.640568 0.969907 0.046554 0.062037
0 1325 0.232769 0.586111 0.033857 0.146296
0 1326 0.244559 0.552778 0.033253 0.135185
0 1328 0.198609 0.557870 0.039299 0.136111
0 1329 0.206771 0.518056 0.043531 0.152778
0 1330 0.166264 0.539352 0.043531 0.156481
0 1343 0.383918 0.226852 0.033857 0.129630
0 1344 0.405683 0.230093 0.031439 0.130556
0 1412 0.716445 0.380093 0.045949 0.119444
0 1413 0.750605 0.388889 0.041717 0.137037
0 1444 0.268138 0.375000 0.047763 0.144444
0 1445 0.244861 0.387500 0.033857 0.154630
0 1490 0.971886 0.755556 0.040508 0.131481
0 1501 0.366687 0.966667 0.042926 0.068519
0 1531 0.460399 0.439352 0.038089 0.141667
0 1549 0.318017 0.772222 0.048368 0.168519
0 1555 0.972189 0.811111 0.043531 0.151852
0 1556 0.938936 0.802315 0.037485 0.128704
0 1557 0.419589 0.363426 0.044740 0.139815
0 1567 0.350060 0.471759 0.038694 0.130556
0 1570 0.355502 0.670833 0.053204 0.158333
0 1573 0.500907 0.608333 0.032044 0.151852
0 1592 0.365478 0.699537 0.035671 0.158333
0 1594 0.381499 0.732870 0.044740 0.171296
0 1638 0.586759 0.611111 0.042926 0.157407
0 1639 0.627267 0.632407 0.044135 0.164815
0 1640 0.636034 0.617130 0.037485 0.126852
0 1650 0.438634 0.731481 0.044135 0.146296
0 1653 0.680774 0.718056 0.051995 0.137963
0 1654 0.512092 0.458333 0.036276 0.137037
0 1655 0.464631 0.531481 0.040508 0.140741
0 1657 0.454353 0.495370 0.047763 0.107407
0 1660 0.509674 0.556944 0.044740 0.156481
0 1661 0.534160 0.602315 0.044135 0.162037
0 1667 0.555018 0.591204 0.035067 0.123148
0 1668 0.552600 0.645833 0.031439 0.110185
0 1675 0.425635 0.025463 0.025393 0.049074
0 1676 0.401753 0.031944 0.030834 0.062037
0 1677 0.284462 0.943981 0.053809 0.113889
0 1678 0.747582 0.782870 0.051391 0.165741
0 1679 0.282648 0.977315 0.042926 0.047222
0 1695 0.979141 0.619907 0.035671 0.149074
0 1696 0.675635 0.807407 0.044135 0.157407
0 1697 0.703748 0.824074 0.049577 0.148148
0 1699 0.949516 0.618981 0.056227 0.158333
0 1701 0.977025 0.841667 0.036276 0.161111
0 1702 0.745163 0.856944 0.044135 0.165741
0 1703 0.969166 0.163426 0.030230 0.099074
0 1704 0.925635 0.878241 0.055623 0.178704
0 1711 0.539903 0.878241 0.045949 0.163889
0 1712 0.489722 0.888426 0.045949 0.143519
0 1713 0.695889 0.624074 0.045949 0.162963
0 1714 0.687727 0.655556 0.038089 0.142593
0 1716 0.432285 0.589352 0.035067 0.150926
0 1717 0.465840 0.585648 0.035671 0.149074
0 1718 0.132104 0.638426 0.052600 0.165741
0 1719 0.123035 0.528704 0.046554 0.144444
0 1720 0.153869 0.802778 0.046554 0.168519
0 1721 0.541717 0.688426 0.042322 0.165741
0 1722 0.571342 0.693981 0.048368 0.160185
0 1723 0.113059 0.522222 0.038694 0.142593
0 1736 0.223700 0.212963 0.031439 0.120370
0 1737 0.261185 0.209259 0.044740 0.135185
0 1741 0.982164 0.144907 0.033253 0.115741
0 1742 0.944982 0.162963 0.039903 0.135185
0 1743 0.961911 0.141667 0.035067 0.116667
0 1766 0.727328 0.970370 0.042322 0.061111
0 1771 0.785671 0.460648 0.041717 0.162037
0 1772 0.755441 0.462037 0.036880 0.142593
0 1775 0.787787 0.763426 0.049577 0.173148
0 1776 0.249698 0.624537 0.043531 0.137963
0 1777 0.271463 0.595833 0.048368 0.167593
0 1778 0.299274 0.618519 0.045949 0.168519
0 1779 0.217352 0.430556 0.036880 0.129630
0 1780 0.086759 0.402778 0.039299 0.146296
0 1781 0.115175 0.392593 0.038089 0.131481
0 1782 0.230955 0.399537 0.043531 0.139815
0 1784 0.415054 0.262963 0.038089 0.127778
0 1785 0.419891 0.243519 0.044135 0.133333
0 1788 0.123640 0.563889 0.036880 0.150000
0 1790 0.975212 0.893519 0.043531 0.157407
0 1792 0.781741 0.871296 0.050786 0.153704
0 1793 0.925030 0.800463 0.053204 0.173148
0 1794 0.102177 0.539352 0.045949 0.165741
0 1795 0.863966 0.788426 0.053204 0.173148
0 1797 0.896312 0.599537 0.065901 0.182407
0 1798 0.569528 0.236111 0.039903 0.137037
0 1799 0.541112 0.238426 0.035067 0.145370
0 1800 0.515115 0.243981 0.033857 0.137963
0 1801 0.837364 0.522222 0.048368 0.161111
0 1802 0.795647 0.528241 0.053204 0.147222
0 1803 0.746977 0.424537 0.046554 0.134259
0 1804 0.710399 0.420370 0.049577 0.146296
0 1805 0.670496 0.503704 0.049577 0.159259
0 1806 0.485792 0.118519 0.033253 0.122222
0 1808 0.123035 0.327778 0.059855 0.144444
0 1809 0.287485 0.241667 0.044135 0.144444
0 1810 0.016324 0.323148 0.031439 0.138889
0 1811 0.002116 0.305556 0.003023 0.150000
0 1817 0.009674 0.400000 0.018138 0.151852
0 1818 0.639057 0.245370 0.033857 0.144444
0 1819 0.660218 0.211111 0.039903 0.133333
0 1820 0.013603 0.539815 0.025998 0.168519
0 1821 0.251511 0.192593 0.031439 0.112963
0 1822 0.246070 0.166204 0.031439 0.115741
0 1823 0.254837 0.103241 0.029625 0.115741
0 1824 0.525393 0.318056 0.041112 0.134259
0 1825 0.047158 0.489815 0.037485 0.146296
0 1826 0.036276 0.465741 0.045949 0.155556
0 1827 0.639964 0.509722 0.034462 0.115741
0 1828 0.592503 0.416667 0.036276 0.118519
0 1829 0.565296 0.412500 0.039903 0.143519
0 1830 0.285973 0.121296 0.029021 0.125926
0 1831 0.514510 0.404630 0.042322 0.131481
0 1832 0.566203 0.383333 0.041717 0.140741
0 1833 0.168682 0.415741 0.044740 0.162963
0 1834 0.160520 0.433333 0.034462 0.135185
0 1835 0.136941 0.455556 0.036880 0.137037
0 1837 0.493349 0.420370 0.030230 0.112963
0 1838 0.547158 0.302778 0.032648 0.135185
0 1842 0.287183 0.817130 0.066505 0.175000
0 1843 0.017836 0.938889 0.034462 0.122222
0 1846 0.110339 0.759722 0.042926 0.156481
0 1847 0.279021 0.979630 0.041717 0.042593
0 1848 0.464933 0.802315 0.053204 0.173148
0 1849 0.379988 0.817130 0.057437 0.165741
0 1850 0.614873 0.768519 0.050786 0.170370
0 1851 0.036276 0.764815 0.054414 0.164815
0 1852 0.663241 0.754167 0.059250 0.154630
0 1855 0.075877 0.706944 0.047763 0.150926
0 1856 0.929565 0.478241 0.052600 0.162037
0 1857 0.845526 0.404167 0.044135 0.143519
0 1858 0.912636 0.197222 0.047763 0.138889
0 1859 0.548670 0.143519 0.033253 0.138889
0 1860 0.574667 0.143519 0.038089 0.129630
0 1861 0.582830 0.074074 0.036276 0.124074
0 1862 0.492443 0.049074 0.033253 0.096296
0 1863 0.527509 0.047685 0.028416 0.093519
0 1864 0.535671 0.027315 0.036276 0.052778
0 1865 0.625151 0.019444 0.031439 0.037037
0 1867 0.134522 0.253704 0.034462 0.133333
0 1868 0.348851 0.105556 0.042322 0.120370
0 1869 0.321644 0.110185 0.036276 0.111111
0 1870 0.152963 0.131481 0.039903 0.129630
0 1871 0.184099 0.132407 0.042926 0.151852
0 1872 0.227932 0.105556 0.036276 0.140741
0 1873 0.268138 0.053241 0.038089 0.102778
0 1874 0.093108 0.243981 0.031439 0.119444
0 1875 0.982769 0.306481 0.033253 0.150000
0 1878 0.256348 0.235185 0.042322 0.133333
0 1879 0.012092 0.245370 0.022975 0.138889
0 1880 0.029927 0.258333 0.033253 0.133333
0 1881 0.053507 0.269907 0.041717 0.143519
0 1882 0.074063 0.249074 0.034462 0.138889
0 1883 0.023881 0.198611 0.036880 0.119444
0 1884 0.120617 0.054167 0.047763 0.106481
0 1885 0.226421 0.056944 0.038089 0.112037
0 1886 0.016022 0.143981 0.030834 0.145370
0 1888 0.040206 0.075463 0.038089 0.136111
0 1889 0.035067 0.063889 0.036276 0.124074
0 1890 0.175937 0.051389 0.039903 0.100926
0 1891 0.194982 0.036574 0.038089 0.071296
0 1892 0.978537 0.209259 0.035671 0.133333
0 1893 0.875453 0.195833 0.045949 0.126852
0 1894 0.899637 0.137963 0.035067 0.133333
0 1895 0.930472 0.124074 0.036276 0.116667
0 1896 0.897219 0.083796 0.039903 0.119444
0 1897 0.878779 0.031944 0.033253 0.062037
0 1898 0.978235 0.096296 0.031439 0.125926
0 1900 0.017836 0.449074 0.034462 0.146296
0 1901 0.005744 0.428704 0.010278 0.138889
0 1902 0.957981 0.206019 0.036880 0.123148
0 1903 0.006651 0.204167 0.012092 0.128704
0 1904 0.953446 0.062037 0.031439 0.098148
0 1906 0.012092 0.489815 0.022975 0.133333
0 1907 0.010883 0.191667 0.020556 0.114815
0 1908 0.122128 0.029630 0.035067 0.057407
0 1909 0.187122 0.062037 0.039299 0.120370
0 1910 0.109432 0.044907 0.031439 0.087963
0 1911 0.094015 0.018519 0.028416 0.035185
0 1912 0.109432 0.024537 0.030230 0.047222
0 1913 0.915961 0.073611 0.035067 0.119444
0 1914 0.944982 0.085648 0.035067 0.104630
0 1915 0.946796 0.113889 0.027811 0.103704
0 1916 0.911125 0.165278 0.039903 0.128704
0 1917 0.027811 0.052315 0.030230 0.102778
0 1918 0.168984 0.114352 0.032044 0.121296
0 1944 0.137848 0.305556 0.041112 0.146296
0 1945 0.212515 0.229630 0.041717 0.135185
