0 1168 0.775393 0.912037 0.045345 0.161111
0 1169 0.816808 0.965278 0.042322 0.071296
0 1175 0.387545 0.553241 0.037485 0.149074
0 1197 0.246070 0.337037 0.042322 0.146296
0 1198 0.077993 0.487037 0.041112 0.150000
0 1199 0.026904 0.779630 0.052600 0.172222
0 1200 0.100967 0.411111 0.039903 0.144444
0 1206 0.102177 0.463889 0.041112 0.146296
0 1284 0.856409 0.373611 0.042926 0.132407
0 1285 0.858525 0.353241 0.042322 0.128704
0 1306 0.282346 0.669907 0.044740 0.162037
0 1307 0.299274 0.636574 0.039903 0.150926
0 1308 0.381499 0.639815 0.035067 0.137037
0 1314 0.775695 0.962500 0.039903 0.076852
0 1317 0.605804 0.955556 0.051995 0.090741
0 1325 0.232769 0.581944 0.033857 0.145370
0 1326 0.243954 0.553241 0.035671 0.132407
0 1328 0.200726 0.558333 0.036276 0.137037
0 1329 0.207074 0.519444 0.044135 0.150000
0 1330 0.168682 0.539352 0.043531 0.156481
0 1343 0.383313 0.226852 0.032648 0.129630
0 1344 0.405683 0.231481 0.031439 0.131481
0 1412 0.715538 0.379167 0.046554 0.121296
0 1413 0.750907 0.387963 0.041112 0.135185
0 1444 0.269952 0.375000 0.047763 0.140741
0 1445 0.245768 0.387963 0.033253 0.153704
0 1490 0.987001 0.773148 0.024788 0.131481
0 1501 0.368803 0.967593 0.043531 0.066667
0 1531 0.477932 0.456481 0.038089 0.140741
0 1549 0.318622 0.772685 0.049577 0.167593
0 1555 0.964631 0.792593 0.044135 0.151852
0 1556 0.939541 0.786574 0.035067 0.128704
0 1557 0.448609 0.384259 0.038694 0.140741
0 1567 0.353688 0.473148 0.037485 0.129630
0 1570 0.361245 0.672685 0.053809 0.162037
0 1573 0.496372 0.585648 0.031439 0.143519
0 1592 0.363664 0.699074 0.033253 0.157407
0 1594 0.380895 0.728241 0.043531 0.171296
0 1638 0.588271 0.611574 0.042322 0.156481
0 1639 0.628476 0.634259 0.044135 0.164815
0 1640 0.633011 0.617130 0.037485 0.126852
0 1650 0.439238 0.731019 0.044135 0.145370
0 1653 0.680169 0.718519 0.051995 0.137037
0 1654 0.499093 0.430093 0.036880 0.137963
0 1655 0.465538 0.528704 0.038694 0.137037
0 1657 0.457376 0.494444 0.048972 0.107407
0 1660 0.508464 0.558796 0.044740 0.156481
0 1661 0.535973 0.588426 0.042926 0.162037
0 1667 0.540206 0.571296 0.034462 0.125926
0 1668 0.536880 0.638426 0.038694 0.110185
0 1675 0.431681 0.033333 0.026602 0.064815
0 1676 0.404474 0.042593 0.035067 0.083333
0 1677 0.363966 0.914815 0.049577 0.172222
0 1678 0.764813 0.725463 0.051995 0.165741
0 1679 0.364873 0.950926 0.042926 0.100000
0 1695 0.951632 0.580093 0.043531 0.141667
0 1696 0.706771 0.746296 0.043531 0.159259
0 1697 0.742745 0.767130 0.044135 0.150926
0 1699 0.920798 0.587037 0.055623 0.157407
0 1701 0.924426 0.793519 0.047158 0.170370
0 1702 0.758767 0.813426 0.044740 0.178704
0 1703 0.968259 0.155556 0.030834 0.101852
0 1704 0.882406 0.819907 0.056227 0.169444
0 1705 0.963120 0.838889 0.047158 0.162963
0 1707 0.901451 0.988889 0.031439 0.024074
0 1711 0.580109 0.825000 0.045345 0.162963
0 1712 0.532044 0.844444 0.044740 0.146296
0 1713 0.677751 0.581944 0.047158 0.154630
0 1714 0.666566 0.610648 0.034462 0.143519
0 1716 0.432285 0.588426 0.035067 0.150926
0 1717 0.466747 0.583796 0.036276 0.149074
0 1718 0.202539 0.652778 0.044740 0.164815
0 1719 0.127872 0.503704 0.047763 0.144444
0 1720 0.140568 0.756481 0.046554 0.168519
0 1721 0.539299 0.685648 0.042322 0.165741
0 1722 0.571342 0.691204 0.048368 0.160185
0 1723 0.128779 0.493519 0.039903 0.140741
0 1736 0.225514 0.214815 0.032648 0.120370
0 1737 0.258464 0.206019 0.044135 0.136111
0 1741 0.979141 0.142593 0.033253 0.120370
0 1742 0.944075 0.157407 0.039299 0.135185
0 1743 0.954655 0.132407 0.035067 0.116667
0 1749 0.983978 0.558796 0.030834 0.160185
0 1750 0.986397 0.575926 0.025998 0.150000
0 1752 0.003325 0.898611 0.005441 0.165741
0 1766 0.668984 0.970370 0.046554 0.059259
0 1771 0.807437 0.428241 0.040508 0.149074
0 1772 0.779323 0.426852 0.037485 0.137037
0 1775 0.799879 0.706019 0.049577 0.173148
0 1776 0.249698 0.627778 0.043531 0.131481
0 1777 0.271463 0.590741 0.047158 0.157407
0 1778 0.296554 0.618981 0.046554 0.160185
0 1779 0.188936 0.427778 0.036880 0.129630
0 1780 0.038089 0.399074 0.041112 0.146296
0 1781 0.060762 0.385648 0.038089 0.130556
0 1782 0.202842 0.400000 0.044135 0.138889
0 1784 0.351572 0.277778 0.041717 0.131481
0 1785 0.359129 0.260648 0.042322 0.134259
0 1788 0.122733 0.545833 0.036276 0.145370
0 1790 0.926542 0.851852 0.044135 0.155556
0 1792 0.794438 0.820833 0.050786 0.152778
0 1793 0.892080 0.733333 0.052600 0.170370
0 1794 0.098247 0.518981 0.042926 0.160185
0 1795 0.839782 0.722685 0.049577 0.167593
0 1797 0.872430 0.563889 0.064087 0.179630
0 1798 0.567715 0.211111 0.039903 0.137037
0 1799 0.537485 0.217130 0.035067 0.145370
0 1800 0.520556 0.218981 0.035067 0.137963
0 1801 0.813180 0.486574 0.041112 0.156481
0 1802 0.771161 0.489352 0.053809 0.143519
0 1803 0.699516 0.399537 0.047158 0.132407
0 1804 0.665054 0.393519 0.049577 0.155556
0 1805 0.656288 0.462037 0.048972 0.146296
0 1806 0.483374 0.092593 0.033253 0.122222
0 1808 0.175635 0.297222 0.052600 0.162963
0 1809 0.324667 0.218519 0.050786 0.144444
0 1810 0.056227 0.287963 0.041112 0.138889
0 1811 0.024184 0.273148 0.041112 0.148148
0 1814 0.010580 0.523148 0.019952 0.159259
0 1816 0.003325 0.351852 0.005441 0.150000
0 1817 0.020859 0.370370 0.040508 0.151852
0 1818 0.581318 0.237037 0.047763 0.144444
0 1819 0.614571 0.178241 0.036880 0.132407
0 1820 0.029021 0.510185 0.047158 0.168519
0 1821 0.251511 0.195370 0.031439 0.112963
0 1822 0.242443 0.163889 0.027811 0.114815
0 1823 0.254837 0.104167 0.029625 0.115741
0 1824 0.497279 0.281944 0.041717 0.134259
0 1825 0.049577 0.469907 0.036276 0.145370
0 1826 0.047763 0.443519 0.045949 0.157407
0 1827 0.623942 0.469907 0.035067 0.115741
0 1828 0.573458 0.391667 0.032044 0.118519
0 1829 0.540206 0.385648 0.039299 0.143519
0 1830 0.285973 0.122222 0.029021 0.127778
0 1831 0.497279 0.372222 0.041717 0.131481
0 1832 0.544740 0.353704 0.042322 0.140741
0 1833 0.186215 0.381944 0.044740 0.158333
0 1834 0.167473 0.405556 0.035067 0.135185
0 1835 0.136034 0.421296 0.035067 0.131481
0 1837 0.471584 0.387963 0.030230 0.109259
0 1838 0.518138 0.272222 0.032648 0.135185
0 1842 0.205260 0.802778 0.062273 0.175926
0 1846 0.059855 0.728241 0.044740 0.156481
0 1847 0.205260 0.963889 0.050181 0.074074
0 1848 0.383615 0.806019 0.052600 0.184259
0 1849 0.298972 0.821296 0.064692 0.168519
0 1850 0.528114 0.782407 0.051391 0.175926
0 1851 0.014510 0.727315 0.027811 0.156481
0 1852 0.560157 0.757870 0.058646 0.156481
0 1855 0.025695 0.661574 0.041717 0.156481
0 1857 0.906892 0.452778 0.044740 0.153704
0 1858 0.912636 0.171296 0.047763 0.135185
0 1859 0.547461 0.119444 0.033253 0.138889
0 1860 0.567412 0.118981 0.038089 0.130556
0 1861 0.580109 0.044907 0.046554 0.087963
0 1862 0.520254 0.032870 0.033253 0.063889
0 1863 0.569528 0.034259 0.032648 0.066667
0 1867 0.150544 0.218056 0.035067 0.128704
0 1868 0.357316 0.073148 0.045949 0.118519
0 1869 0.329504 0.079630 0.036276 0.111111
0 1870 0.165659 0.112963 0.039903 0.137037
0 1871 0.197400 0.108796 0.042926 0.147222
0 1872 0.244861 0.087037 0.036276 0.140741
0 1873 0.283253 0.036574 0.038089 0.071296
0 1874 0.116687 0.219907 0.031439 0.121296
0 1875 0.981258 0.267593 0.036276 0.150000
0 1878 0.295345 0.216667 0.034462 0.144444
0 1879 0.032346 0.218519 0.038089 0.138889
0 1880 0.053507 0.226852 0.033253 0.133333
0 1881 0.073458 0.242593 0.041717 0.140741
0 1882 0.094619 0.222222 0.034462 0.138889
0 1883 0.031439 0.182407 0.036276 0.116667
0 1884 0.142684 0.046296 0.045949 0.090741
0 1885 0.237908 0.043981 0.038089 0.086111
0 1886 0.024184 0.117593 0.039903 0.144444
0 1888 0.078295 0.057870 0.038089 0.113889
0 1889 0.055623 0.052778 0.038694 0.103704
0 1890 0.199516 0.031019 0.039903 0.060185
0 1892 0.991233 0.196296 0.016324 0.133333
0 1893 0.878174 0.167593 0.046554 0.125926
0 1894 0.945284 0.111111 0.036880 0.125926
0 1895 0.948005 0.102778 0.036276 0.116667
0 1896 0.908404 0.059259 0.039299 0.109259
0 1900 0.013301 0.466667 0.025393 0.144444
0 1902 0.967654 0.198611 0.040508 0.121296
0 1903 0.010883 0.189815 0.020556 0.135185
0 1904 0.957074 0.048611 0.035067 0.091667
0 1905 0.005744 0.163889 0.010278 0.135185
0 1906 0.005441 0.500463 0.009674 0.126852
0 1907 0.020556 0.165741 0.030230 0.114815
0 1909 0.187424 0.053704 0.039903 0.105556
0 1910 0.126663 0.036574 0.030834 0.071296
0 1913 0.924426 0.048148 0.032648 0.094444
0 1914 0.945284 0.068056 0.034462 0.104630
0 1915 0.979444 0.088889 0.026602 0.103704
0 1916 0.907195 0.135648 0.039299 0.128704
0 1917 0.054414 0.047685 0.030230 0.093519
0 1918 0.171100 0.093519 0.031439 0.118519
0 1919 0.006953 0.152778 0.012696 0.118519
0 1944 0.183797 0.278241 0.041112 0.145370
0 1945 0.258464 0.228704 0.036880 0.135185
