0 1168 0.807134 0.923611 0.048368 0.154630
0 1169 0.845224 0.976852 0.033857 0.048148
0 1175 0.388452 0.556944 0.036880 0.154630
0 1197 0.242140 0.342593 0.038089 0.146296
0 1198 0.077388 0.489815 0.041112 0.150000
0 1199 0.010580 0.794907 0.019952 0.169444
0 1200 0.091596 0.421296 0.042926 0.144444
0 1206 0.101572 0.466667 0.041112 0.146296
0 1284 0.854595 0.378241 0.041717 0.132407
0 1285 0.859432 0.353704 0.044135 0.129630
0 1306 0.279625 0.671759 0.044135 0.158333
0 1307 0.284764 0.635648 0.038694 0.150926
0 1308 0.381499 0.639352 0.035067 0.139815
0 1314 0.798670 0.962037 0.039903 0.077778
0 1317 0.624849 0.965741 0.051391 0.070370
0 1325 0.232769 0.584259 0.033857 0.146296
0 1326 0.244256 0.552778 0.033857 0.135185
0 1328 0.199214 0.557870 0.038089 0.136111
0 1329 0.206771 0.518519 0.043531 0.151852
0 1330 0.166868 0.539352 0.043531 0.156481
0 1343 0.383615 0.226852 0.033253 0.129630
0 1344 0.405683 0.231019 0.031439 0.130556
0 1412 0.716143 0.380556 0.046554 0.120370
0 1413 0.750605 0.388426 0.041717 0.136111
0 1444 0.268742 0.376389 0.047763 0.141667
0 1445 0.245768 0.388889 0.033253 0.155556
0 1490 0.980048 0.758333 0.038694 0.131481
0 1501 0.372128 0.966667 0.042926 0.068519
0 1531 0.465840 0.445833 0.038089 0.141667
0 1549 0.318319 0.772222 0.048972 0.168519
0 1555 0.969468 0.804630 0.044135 0.151852
0 1556 0.941657 0.796759 0.035671 0.128704
0 1557 0.430169 0.371759 0.042926 0.139815
0 1567 0.350967 0.472685 0.038089 0.130556
0 1570 0.357316 0.671296 0.053204 0.159259
0 1573 0.496070 0.603704 0.032044 0.151852
0 1592 0.364873 0.699537 0.034462 0.158333
0 1594 0.381499 0.731019 0.044740 0.171296
0 1638 0.585852 0.611111 0.042322 0.157407
0 1639 0.627267 0.632407 0.044135 0.164815
0 1640 0.635429 0.617130 0.037485 0.126852
0 1650 0.438634 0.731481 0.044135 0.146296
0 1653 0.680169 0.719444 0.051995 0.135185
0 1654 0.508464 0.447222 0.036276 0.137037
0 1655 0.464933 0.530556 0.039903 0.138889
0 1657 0.455562 0.495370 0.047763 0.107407
0 1660 0.509674 0.558796 0.044740 0.156481
0 1661 0.536578 0.599537 0.044135 0.162037
0 1667 0.550181 0.584722 0.035067 0.125000
0 1668 0.551995 0.643981 0.030230 0.110185
0 1675 0.427751 0.027315 0.025998 0.052778
0 1676 0.402056 0.035648 0.032648 0.069444
0 1677 0.310459 0.933796 0.053809 0.134259
0 1678 0.755744 0.764352 0.051995 0.165741
0 1679 0.309855 0.968981 0.042926 0.063889
0 1695 0.970677 0.607870 0.042926 0.149074
0 1696 0.691052 0.786574 0.043531 0.154630
0 1697 0.717654 0.803704 0.049577 0.148148
0 1699 0.941657 0.608333 0.056227 0.157407
0 1701 0.961306 0.826389 0.044740 0.163889
0 1702 0.752418 0.847222 0.044135 0.172222
0 1703 0.969166 0.159722 0.030230 0.099074
0 1704 0.913543 0.857870 0.064087 0.171296
0 1705 0.984885 0.869444 0.027811 0.155556
0 1711 0.551693 0.862037 0.045345 0.166667
0 1712 0.501209 0.875000 0.045949 0.150000
0 1713 0.689541 0.609722 0.046554 0.160185
0 1714 0.678960 0.640741 0.035067 0.142593
0 1716 0.432285 0.588426 0.035067 0.150926
0 1717 0.466143 0.585648 0.036276 0.149074
0 1718 0.160218 0.642130 0.044740 0.165741
0 1719 0.121826 0.518519 0.048972 0.144444
0 1720 0.148428 0.789815 0.046554 0.168519
0 1721 0.541112 0.688426 0.042322 0.165741
0 1722 0.571342 0.693056 0.048368 0.160185
0 1723 0.112152 0.519907 0.039299 0.141667
0 1736 0.223700 0.213889 0.031439 0.120370
0 1737 0.259976 0.208333 0.044740 0.135185
0 1741 0.981560 0.144444 0.033253 0.116667
0 1742 0.944680 0.161111 0.039299 0.135185
0 1743 0.959492 0.137963 0.035067 0.116667
0 1766 0.708283 0.970833 0.044135 0.060185
0 1771 0.788996 0.451852 0.042322 0.157407
0 1772 0.763603 0.452778 0.037485 0.142593
0 1775 0.792624 0.744907 0.049577 0.173148
0 1776 0.249698 0.625926 0.043531 0.135185
0 1777 0.271463 0.593981 0.048368 0.163889
0 1778 0.299274 0.618519 0.045949 0.162963
0 1779 0.206469 0.431481 0.036880 0.129630
0 1780 0.067412 0.400926 0.039299 0.146296
0 1781 0.094921 0.389815 0.038694 0.131481
0 1782 0.221584 0.400926 0.044135 0.138889
0 1784 0.396917 0.268519 0.039299 0.127778
0 1785 0.402056 0.248148 0.044740 0.133333
0 1788 0.123337 0.557407 0.036276 0.148148
0 1790 0.956469 0.874537 0.043531 0.152778
0 1792 0.786880 0.855556 0.051391 0.155556
0 1793 0.912031 0.781019 0.053809 0.173148
0 1794 0.100363 0.532870 0.044740 0.163889
0 1795 0.856409 0.769907 0.050181 0.173148
0 1797 0.888452 0.587963 0.065901 0.181481
0 1798 0.568924 0.227778 0.039903 0.137037
0 1799 0.542926 0.231944 0.035067 0.145370
0 1800 0.518138 0.235648 0.033857 0.137963
0 1801 0.827086 0.509722 0.045949 0.160185
0 1802 0.787787 0.517130 0.053204 0.143519
0 1803 0.731258 0.417130 0.046554 0.132407
0 1804 0.693168 0.413889 0.048972 0.153704
0 1805 0.667473 0.489815 0.049577 0.159259
0 1806 0.485187 0.108333 0.033253 0.122222
0 1808 0.141778 0.318981 0.052600 0.149074
0 1809 0.298670 0.235185 0.039903 0.144444
0 1810 0.027207 0.312963 0.041112 0.138889
0 1811 0.008162 0.295370 0.015115 0.150000
0 1817 0.013301 0.389815 0.025393 0.151852
0 1818 0.617291 0.243519 0.047158 0.144444
0 1819 0.642684 0.201852 0.032648 0.135185
0 1820 0.018742 0.532407 0.036276 0.168519
0 1821 0.251511 0.196296 0.031439 0.112963
0 1822 0.245466 0.168056 0.031439 0.115741
0 1823 0.254837 0.103241 0.029625 0.115741
0 1824 0.514813 0.306944 0.041717 0.134259
0 1825 0.047461 0.485648 0.036880 0.145370
0 1826 0.039299 0.459722 0.045949 0.156481
0 1827 0.634825 0.495833 0.035067 0.115741
0 1828 0.584643 0.409259 0.035067 0.118519
0 1829 0.554414 0.409722 0.039903 0.143519
0 1830 0.285973 0.121759 0.029021 0.126852
0 1831 0.510883 0.393519 0.042322 0.131481
0 1832 0.559250 0.373148 0.042322 0.140741
0 1833 0.175333 0.405556 0.044740 0.162963
0 1834 0.160520 0.425000 0.034462 0.135185
0 1835 0.136034 0.444444 0.036276 0.135185
0 1837 0.485490 0.410648 0.030230 0.112037
0 1838 0.536880 0.292593 0.032648 0.135185
0 1842 0.261185 0.811574 0.051995 0.175000
0 1843 0.007255 0.938889 0.013301 0.122222
0 1846 0.090992 0.751389 0.044135 0.156481
0 1847 0.254534 0.974537 0.045949 0.052778
0 1848 0.438634 0.806481 0.068319 0.174074
0 1849 0.352781 0.816667 0.061064 0.166667
0 1850 0.583132 0.774537 0.070738 0.171296
0 1851 0.025695 0.756481 0.050181 0.164815
0 1852 0.635732 0.756019 0.048972 0.156481
0 1855 0.059553 0.690741 0.044135 0.151852
0 1856 0.959794 0.490741 0.039299 0.162963
0 1857 0.866385 0.425463 0.043531 0.152778
0 1858 0.912636 0.189352 0.047763 0.137963
0 1859 0.549879 0.136111 0.033253 0.138889
0 1860 0.571040 0.135185 0.038089 0.129630
0 1861 0.585248 0.062963 0.036276 0.120370
0 1862 0.503930 0.043056 0.033253 0.084259
0 1863 0.538694 0.043981 0.029021 0.086111
0 1864 0.539299 0.024074 0.036276 0.046296
0 1865 0.625151 0.015278 0.031439 0.028704
0 1867 0.140568 0.243056 0.034462 0.132407
0 1868 0.351270 0.095370 0.044740 0.120370
0 1869 0.324667 0.100926 0.036276 0.111111
0 1870 0.156590 0.125926 0.039903 0.131481
0 1871 0.188331 0.127778 0.042926 0.151852
0 1872 0.236397 0.099074 0.036276 0.140741
0 1873 0.274184 0.048148 0.038089 0.094444
0 1874 0.100363 0.236111 0.031439 0.120370
0 1875 0.981560 0.292593 0.035671 0.150000
0 1878 0.271765 0.234259 0.038089 0.133333
0 1879 0.016929 0.235185 0.032648 0.138889
0 1880 0.037787 0.247222 0.033253 0.133333
0 1881 0.061971 0.260648 0.041717 0.141667
0 1882 0.080109 0.241667 0.034462 0.138889
0 1883 0.027207 0.193056 0.036276 0.117593
0 1884 0.127872 0.051389 0.047763 0.100926
0 1885 0.230048 0.052778 0.038089 0.103704
0 1886 0.018138 0.136111 0.035067 0.144444
0 1888 0.052297 0.068519 0.038089 0.131481
0 1889 0.041717 0.059259 0.036276 0.116667
0 1890 0.183797 0.044444 0.039903 0.087037
0 1891 0.200423 0.031019 0.038089 0.060185
0 1892 0.982769 0.206481 0.029625 0.133333
0 1893 0.876058 0.186574 0.047158 0.125000
0 1894 0.911125 0.129630 0.035067 0.133333
0 1895 0.935913 0.116667 0.036276 0.116667
0 1896 0.902358 0.075000 0.039299 0.116667
0 1897 0.881197 0.025463 0.034462 0.049074
0 1898 0.988210 0.085185 0.022370 0.125926
0 1900 0.016022 0.451852 0.030834 0.146296
0 1901 0.003930 0.431481 0.006651 0.138889
0 1902 0.961608 0.203241 0.038089 0.123148
0 1903 0.008464 0.200463 0.015719 0.132407
0 1904 0.953748 0.056019 0.034462 0.099074
0 1906 0.009976 0.493056 0.018742 0.130556
0 1907 0.012999 0.183333 0.024788 0.114815
0 1908 0.139661 0.024537 0.035067 0.047222
0 1909 0.190145 0.057870 0.039299 0.113889
0 1910 0.114268 0.043519 0.031439 0.085185
0 1911 0.107618 0.016667 0.027811 0.031481
0 1912 0.106106 0.022685 0.029625 0.043519
0 1913 0.918984 0.066667 0.035067 0.118519
0 1914 0.944982 0.080093 0.035067 0.104630
0 1915 0.960701 0.108333 0.027811 0.103704
0 1916 0.909311 0.158333 0.039903 0.129630
0 1917 0.036276 0.050000 0.030230 0.098148
0 1918 0.170496 0.107870 0.032648 0.121296
0 1944 0.152963 0.298148 0.041112 0.146296
0 1945 0.231258 0.230556 0.035671 0.135185
