0 1168 0.802297 0.922685 0.048368 0.156481
0 1169 0.842503 0.974537 0.035671 0.052778
0 1175 0.389057 0.556944 0.036880 0.154630
0 1197 0.243652 0.340741 0.038694 0.146296
0 1198 0.077388 0.489815 0.041112 0.150000
0 1199 0.013301 0.793519 0.025393 0.172222
0 1200 0.093108 0.419444 0.042322 0.144444
0 1206 0.101572 0.466667 0.041112 0.146296
0 1284 0.854897 0.377315 0.041112 0.132407
0 1285 0.859432 0.353704 0.044135 0.129630
0 1306 0.280230 0.671296 0.044135 0.159259
0 1307 0.286578 0.636574 0.038694 0.150926
0 1308 0.381499 0.639352 0.035067 0.139815
0 1314 0.795647 0.962500 0.039903 0.076852
0 1317 0.619710 0.964352 0.053204 0.073148
0 1325 0.232769 0.583796 0.033857 0.145370
0 1326 0.244256 0.553241 0.033857 0.134259
0 1328 0.199516 0.557870 0.037485 0.136111
0 1329 0.206771 0.518519 0.043531 0.151852
0 1330 0.167473 0.539352 0.043531 0.156481
0 1343 0.383615 0.226852 0.033253 0.129630
0 1344 0.405683 0.231019 0.031439 0.130556
0 1412 0.716143 0.380556 0.046554 0.120370
0 1413 0.750605 0.388426 0.041717 0.136111
0 1444 0.269347 0.375926 0.047763 0.140741
0 1445 0.245768 0.388889 0.033253 0.155556
0 1490 0.981258 0.761111 0.036276 0.131481
0 1501 0.373942 0.966667 0.042926 0.068519
0 1531 0.467654 0.447685 0.038089 0.141667
0 1549 0.318319 0.772222 0.048972 0.168519
0 1555 0.968863 0.802778 0.044135 0.151852
0 1556 0.942563 0.794907 0.035067 0.128704
0 1557 0.433495 0.374537 0.042322 0.139815
0 1567 0.351572 0.472685 0.038089 0.130556
0 1570 0.357920 0.671296 0.053204 0.159259
0 1573 0.495163 0.601389 0.031439 0.150926
0 1592 0.364268 0.699537 0.034462 0.158333
0 1594 0.381197 0.731019 0.044135 0.171296
0 1638 0.585852 0.611574 0.042322 0.156481
0 1639 0.627872 0.633333 0.044135 0.164815
0 1640 0.634825 0.617130 0.037485 0.126852
0 1650 0.438634 0.731019 0.044135 0.145370
0 1653 0.680169 0.719444 0.051995 0.135185
0 1654 0.507557 0.443519 0.036880 0.137037
0 1655 0.464933 0.530556 0.039903 0.138889
0 1657 0.455865 0.495370 0.048368 0.107407
0 1660 0.509674 0.559722 0.044740 0.156481
0 1661 0.537485 0.597685 0.044740 0.162037
0 1667 0.548670 0.582870 0.034462 0.125000
0 1668 0.549274 0.643056 0.032044 0.110185
0 1675 0.428053 0.028241 0.025393 0.054630
0 1676 0.402660 0.037037 0.032648 0.072222
0 1677 0.320435 0.931019 0.051995 0.139815
0 1678 0.756953 0.757870 0.051995 0.165741
0 1679 0.318924 0.965741 0.042926 0.070370
0 1695 0.967956 0.604167 0.044740 0.149074
0 1696 0.695284 0.779630 0.043531 0.153704
0 1697 0.721886 0.797685 0.048368 0.149074
0 1699 0.938029 0.605556 0.056227 0.157407
0 1701 0.955260 0.820833 0.047158 0.163889
0 1702 0.755441 0.844444 0.044135 0.177778
0 1703 0.969166 0.158796 0.030230 0.099074
0 1704 0.904172 0.851852 0.075574 0.168519
0 1705 0.982467 0.865278 0.031439 0.162037
0 1711 0.556530 0.856019 0.045345 0.165741
0 1712 0.506651 0.869907 0.045949 0.149074
0 1713 0.687727 0.605556 0.046554 0.159259
0 1714 0.676542 0.635185 0.035067 0.142593
0 1716 0.432285 0.588426 0.035067 0.150926
0 1717 0.466143 0.585648 0.036276 0.149074
0 1718 0.168682 0.643056 0.044740 0.165741
0 1719 0.121524 0.514815 0.049577 0.144444
0 1720 0.146614 0.785185 0.046554 0.168519
0 1721 0.540508 0.687500 0.042322 0.165741
0 1722 0.571342 0.693056 0.048368 0.160185
0 1723 0.112152 0.519444 0.039299 0.140741
0 1736 0.224305 0.214815 0.031439 0.120370
0 1737 0.259371 0.208333 0.044740 0.135185
0 1741 0.980955 0.143981 0.033253 0.117593
0 1742 0.944377 0.160185 0.039903 0.135185
0 1743 0.958283 0.137037 0.035067 0.116667
0 1766 0.701935 0.970370 0.044740 0.059259
0 1771 0.791717 0.447222 0.040508 0.155556
0 1772 0.766022 0.448148 0.037485 0.140741
0 1775 0.793833 0.738426 0.049577 0.173148
0 1776 0.249698 0.625926 0.043531 0.135185
0 1777 0.271765 0.593519 0.047763 0.162963
0 1778 0.299274 0.618981 0.045949 0.160185
0 1779 0.204051 0.430556 0.036880 0.129630
0 1780 0.061366 0.400000 0.039299 0.146296
0 1781 0.087969 0.388889 0.039299 0.131481
0 1782 0.218561 0.400926 0.044135 0.138889
0 1784 0.390568 0.270370 0.039903 0.127778
0 1785 0.395707 0.249074 0.044135 0.133333
0 1788 0.123337 0.555556 0.036276 0.148148
0 1790 0.950423 0.868056 0.043531 0.150926
0 1792 0.788089 0.849537 0.051391 0.154630
0 1793 0.908404 0.772685 0.053809 0.173148
0 1794 0.099758 0.530556 0.044740 0.162963
0 1795 0.852177 0.761574 0.052600 0.173148
0 1797 0.886034 0.584259 0.065901 0.179630
0 1798 0.568319 0.225000 0.039903 0.137037
0 1799 0.541717 0.229167 0.035067 0.145370
0 1800 0.519045 0.232870 0.034462 0.137963
0 1801 0.824970 0.504630 0.044135 0.159259
0 1802 0.785067 0.512500 0.053809 0.143519
0 1803 0.726119 0.414352 0.047158 0.132407
0 1804 0.687727 0.412037 0.048972 0.155556
0 1805 0.666868 0.485185 0.049577 0.159259
0 1806 0.484583 0.105556 0.033253 0.122222
0 1808 0.147823 0.314815 0.052600 0.151852
0 1809 0.303507 0.231481 0.039903 0.144444
0 1810 0.032044 0.309259 0.041112 0.138889
0 1811 0.010580 0.291667 0.019952 0.150000
0 1817 0.014510 0.387037 0.027811 0.151852
0 1818 0.611245 0.241667 0.043531 0.144444
0 1819 0.636941 0.198148 0.030834 0.135185
0 1820 0.020556 0.529630 0.039903 0.168519
0 1821 0.251511 0.196296 0.031439 0.112963
0 1822 0.244861 0.167593 0.030230 0.114815
0 1823 0.254837 0.103241 0.029625 0.115741
0 1824 0.511790 0.303241 0.041717 0.134259
0 1825 0.047461 0.482407 0.036880 0.144444
0 1826 0.040508 0.457407 0.045949 0.157407
0 1827 0.633313 0.491204 0.034462 0.115741
0 1828 0.583132 0.406481 0.033253 0.118519
0 1829 0.551088 0.407870 0.039299 0.143519
0 1830 0.285973 0.122222 0.029021 0.127778
0 1831 0.509674 0.388889 0.042322 0.131481
0 1832 0.556832 0.370370 0.042322 0.140741
0 1833 0.177146 0.402778 0.044740 0.162963
0 1834 0.160520 0.422222 0.034462 0.135185
0 1835 0.136034 0.440278 0.036276 0.134259
0 1837 0.483071 0.406944 0.030230 0.112037
0 1838 0.533253 0.289815 0.032648 0.135185
0 1842 0.254534 0.808796 0.047158 0.175000
0 1843 0.003628 0.939352 0.006046 0.121296
0 1846 0.085550 0.747685 0.044135 0.156481
0 1847 0.246372 0.972685 0.046554 0.056481
0 1848 0.432285 0.806019 0.055623 0.173148
0 1849 0.343108 0.816204 0.061064 0.167593
0 1850 0.573156 0.775463 0.070133 0.173148
0 1851 0.023579 0.753704 0.045949 0.164815
0 1852 0.619105 0.756019 0.059250 0.156481
0 1855 0.054414 0.686111 0.043531 0.151852
0 1856 0.964631 0.497685 0.047763 0.162037
0 1857 0.870919 0.431481 0.046554 0.153704
0 1858 0.912636 0.186111 0.047763 0.137037
0 1859 0.549879 0.133333 0.033253 0.138889
0 1860 0.569831 0.132407 0.038089 0.129630
0 1861 0.585550 0.059722 0.038089 0.117593
0 1862 0.507557 0.041667 0.033253 0.081481
0 1863 0.543833 0.042593 0.029625 0.083333
0 1864 0.540508 0.022685 0.036276 0.043519
0 1867 0.142382 0.238889 0.034462 0.131481
0 1868 0.351572 0.092593 0.045345 0.120370
0 1869 0.325272 0.097222 0.036276 0.111111
0 1870 0.158404 0.123611 0.039903 0.132407
0 1871 0.190145 0.126852 0.042926 0.151852
0 1872 0.238210 0.097222 0.036276 0.140741
0 1873 0.275393 0.046296 0.038089 0.090741
0 1874 0.102781 0.233333 0.031439 0.120370
0 1875 0.981258 0.288889 0.036276 0.150000
0 1878 0.276904 0.234259 0.036276 0.133333
0 1879 0.018440 0.231481 0.035671 0.138889
0 1880 0.040810 0.244444 0.033253 0.133333
0 1881 0.064994 0.257407 0.041717 0.140741
0 1882 0.081923 0.238889 0.034462 0.138889
0 1883 0.028416 0.191667 0.036276 0.116667
0 1884 0.130290 0.050463 0.047763 0.099074
0 1885 0.231258 0.051389 0.038089 0.100926
0 1886 0.019045 0.133333 0.036880 0.144444
0 1888 0.056530 0.066204 0.038089 0.130556
0 1889 0.043531 0.057870 0.036276 0.113889
0 1890 0.186215 0.042130 0.039903 0.082407
0 1891 0.202237 0.028704 0.038089 0.055556
0 1892 0.984281 0.205556 0.027811 0.133333
0 1893 0.876360 0.183333 0.047763 0.124074
0 1894 0.914752 0.126852 0.035067 0.133333
0 1895 0.938331 0.114815 0.036276 0.116667
0 1896 0.904172 0.072685 0.039299 0.115741
0 1897 0.878174 0.023611 0.033253 0.045370
0 1898 0.989420 0.081481 0.019952 0.125926
0 1900 0.015417 0.452778 0.029625 0.146296
0 1901 0.003325 0.432407 0.005441 0.138889
0 1902 0.962515 0.202778 0.038694 0.122222
0 1903 0.009069 0.199074 0.016929 0.133333
0 1904 0.954051 0.054630 0.035067 0.098148
0 1906 0.009371 0.493981 0.017533 0.130556
0 1907 0.013906 0.180556 0.026602 0.114815
0 1908 0.145707 0.022685 0.035067 0.043519
0 1909 0.190447 0.056944 0.039903 0.112037
0 1910 0.116082 0.042593 0.031439 0.083333
0 1911 0.110036 0.015278 0.027811 0.028704
0 1912 0.104897 0.021759 0.029625 0.041667
0 1913 0.920193 0.063889 0.035067 0.118519
0 1914 0.944982 0.078241 0.035067 0.104630
0 1915 0.964933 0.105556 0.027811 0.103704
0 1916 0.908706 0.155556 0.039903 0.129630
0 1917 0.039601 0.049074 0.029625 0.096296
0 1918 0.171100 0.105093 0.032648 0.121296
0 1944 0.157799 0.295370 0.041112 0.146296
0 1945 0.236699 0.231481 0.034462 0.135185
