0 1168 0.801088 0.922685 0.048368 0.156481
0 1169 0.841596 0.974074 0.036276 0.053704
0 1175 0.388452 0.556481 0.036880 0.153704
0 1197 0.244256 0.340741 0.038694 0.146296
0 1198 0.077388 0.488889 0.041112 0.150000
0 1199 0.013906 0.792593 0.026602 0.172222
0 1200 0.093712 0.419444 0.042322 0.144444
0 1206 0.101572 0.466667 0.041112 0.146296
0 1284 0.855200 0.377315 0.041717 0.132407
0 1285 0.859129 0.353704 0.043531 0.129630
0 1306 0.280230 0.671296 0.044135 0.159259
0 1307 0.287485 0.636574 0.039299 0.150926
0 1308 0.381499 0.639352 0.035067 0.139815
0 1314 0.794438 0.962500 0.039903 0.076852
0 1317 0.618501 0.963426 0.053204 0.075000
0 1325 0.232769 0.583796 0.033857 0.145370
0 1326 0.244256 0.553241 0.033857 0.134259
0 1328 0.199516 0.557870 0.037485 0.136111
0 1329 0.206771 0.518519 0.043531 0.151852
0 1330 0.167473 0.539352 0.043531 0.156481
0 1343 0.383615 0.226852 0.033253 0.129630
0 1344 0.405683 0.231019 0.031439 0.130556
0 1412 0.716445 0.381019 0.047158 0.121296
0 1413 0.750605 0.388426 0.041717 0.136111
0 1444 0.269347 0.375926 0.047763 0.140741
0 1445 0.245768 0.388889 0.033253 0.155556
0 1490 0.981862 0.762037 0.035067 0.131481
0 1501 0.373337 0.966667 0.042926 0.068519
0 1531 0.468259 0.448611 0.038089 0.141667
0 1549 0.318319 0.772222 0.048972 0.168519
0 1555 0.968259 0.801852 0.044135 0.151852
0 1556 0.941959 0.793981 0.035067 0.128704
0 1557 0.435006 0.375463 0.041717 0.139815
0 1567 0.351572 0.472685 0.038089 0.130556
0 1570 0.358222 0.671296 0.053809 0.159259
0 1573 0.495163 0.600000 0.031439 0.150000
0 1592 0.364268 0.699537 0.034462 0.158333
0 1594 0.381197 0.730093 0.044135 0.171296
0 1638 0.585852 0.611574 0.042322 0.156481
0 1639 0.627872 0.633333 0.044135 0.164815
0 1640 0.634825 0.617130 0.037485 0.126852
0 1650 0.438634 0.731019 0.044135 0.145370
0 1653 0.680169 0.719444 0.051995 0.135185
0 1654 0.507255 0.442593 0.036276 0.137037
0 1655 0.464933 0.530556 0.039903 0.138889
0 1657 0.456469 0.495370 0.048368 0.107407
0 1660 0.509674 0.559722 0.044740 0.156481
0 1661 0.537485 0.596759 0.044740 0.162037
0 1667 0.548065 0.581944 0.034462 0.125000
0 1668 0.548670 0.643056 0.032044 0.110185
0 1675 0.428356 0.028704 0.025998 0.055556
0 1676 0.402660 0.037037 0.032648 0.072222
0 1677 0.323458 0.930093 0.051995 0.141667
0 1678 0.757557 0.756019 0.051995 0.165741
0 1679 0.321947 0.964815 0.042926 0.072222
0 1695 0.966747 0.602778 0.044740 0.148148
0 1696 0.695889 0.777315 0.043531 0.154630
0 1697 0.723700 0.795833 0.048368 0.149074
0 1699 0.936820 0.603704 0.056227 0.157407
0 1701 0.953446 0.818981 0.048368 0.163889
0 1702 0.756651 0.843981 0.044135 0.178704
0 1703 0.969166 0.158796 0.030230 0.099074
0 1704 0.902963 0.850926 0.073156 0.168519
0 1705 0.981560 0.863889 0.033253 0.164815
0 1711 0.558041 0.854167 0.045949 0.165741
0 1712 0.508162 0.868056 0.045345 0.149074
0 1713 0.687122 0.603704 0.046554 0.159259
0 1714 0.675937 0.633796 0.035067 0.143519
0 1716 0.432285 0.588426 0.035067 0.150926
0 1717 0.466143 0.585648 0.036276 0.149074
0 1718 0.171100 0.643981 0.044740 0.165741
0 1719 0.121524 0.513889 0.049577 0.144444
0 1720 0.146010 0.783333 0.046554 0.168519
0 1721 0.540508 0.687500 0.042322 0.165741
0 1722 0.571342 0.693056 0.048368 0.160185
0 1723 0.112152 0.519444 0.039299 0.140741
0 1736 0.224305 0.214815 0.031439 0.120370
0 1737 0.259371 0.208333 0.044740 0.135185
0 1741 0.980955 0.143981 0.033253 0.117593
0 1742 0.944377 0.160185 0.039903 0.135185
0 1743 0.958283 0.137037 0.035067 0.116667
0 1766 0.699819 0.970370 0.045345 0.059259
0 1771 0.792624 0.445833 0.039903 0.154630
0 1772 0.766929 0.446759 0.036880 0.141667
0 1775 0.793833 0.735648 0.049577 0.173148
0 1776 0.249698 0.626389 0.043531 0.134259
0 1777 0.271463 0.593056 0.047158 0.162037
0 1778 0.298670 0.618981 0.045949 0.160185
0 1779 0.202842 0.430556 0.036880 0.129630
0 1780 0.058948 0.400000 0.039299 0.146296
0 1781 0.085852 0.388889 0.039903 0.131481
0 1782 0.217352 0.400926 0.044135 0.138889
0 1784 0.388452 0.270370 0.040508 0.127778
0 1785 0.393289 0.250000 0.044135 0.133333
0 1788 0.123337 0.555093 0.036276 0.147222
0 1790 0.948609 0.866204 0.043531 0.150926
0 1792 0.788392 0.847685 0.050786 0.154630
0 1793 0.907195 0.769907 0.053809 0.173148
0 1794 0.099758 0.529630 0.044740 0.162963
0 1795 0.850665 0.758796 0.053204 0.173148
0 1797 0.885429 0.583333 0.065901 0.179630
0 1798 0.568319 0.224074 0.039903 0.137037
0 1799 0.541717 0.229167 0.035067 0.145370
0 1800 0.519045 0.231944 0.034462 0.137963
0 1801 0.824365 0.502778 0.044135 0.159259
0 1802 0.784160 0.510648 0.053204 0.143519
0 1803 0.723700 0.412500 0.047158 0.132407
0 1804 0.685913 0.410185 0.048972 0.155556
0 1805 0.665659 0.482870 0.049577 0.158333
0 1806 0.484583 0.103704 0.033253 0.122222
0 1808 0.149637 0.313426 0.052600 0.152778
0 1809 0.305320 0.230556 0.039903 0.144444
0 1810 0.033857 0.307407 0.041112 0.138889
0 1811 0.011185 0.290278 0.021161 0.149074
0 1817 0.014813 0.385185 0.028416 0.151852
0 1818 0.609129 0.240741 0.042926 0.144444
0 1819 0.634522 0.198148 0.032044 0.135185
0 1820 0.021161 0.528704 0.041112 0.168519
0 1821 0.251511 0.196296 0.031439 0.112963
0 1822 0.244256 0.167130 0.030230 0.115741
0 1823 0.254837 0.103241 0.029625 0.115741
0 1824 0.510580 0.301389 0.041717 0.134259
0 1825 0.047461 0.481481 0.036880 0.144444
0 1826 0.041112 0.456481 0.045949 0.157407
0 1827 0.632709 0.490278 0.034462 0.115741
0 1828 0.582830 0.405556 0.032648 0.118519
0 1829 0.550484 0.406019 0.039299 0.143519
0 1830 0.285973 0.122222 0.029021 0.127778
0 1831 0.509674 0.387963 0.042322 0.131481
0 1832 0.555925 0.369444 0.041717 0.140741
0 1833 0.177751 0.401852 0.044740 0.162963
0 1834 0.161125 0.421296 0.034462 0.135185
0 1835 0.136034 0.439352 0.036276 0.134259
0 1837 0.481862 0.406019 0.030230 0.112037
0 1838 0.532648 0.288889 0.032648 0.135185
0 1842 0.251209 0.808796 0.047763 0.175000
0 1843 0.002418 0.939352 0.003628 0.121296
0 1846 0.083736 0.745833 0.044135 0.156481
0 1847 0.243652 0.972222 0.047158 0.057407
0 1848 0.430169 0.806019 0.051391 0.173148
0 1849 0.340387 0.816204 0.058041 0.167593
0 1850 0.570133 0.775463 0.067715 0.173148
0 1851 0.022975 0.752778 0.044740 0.164815
0 1852 0.611850 0.756019 0.065296 0.156481
0 1855 0.053204 0.684722 0.043531 0.152778
0 1856 0.966143 0.500000 0.050786 0.162963
0 1857 0.872128 0.433333 0.047763 0.153704
0 1858 0.912636 0.185185 0.047763 0.137037
0 1859 0.549879 0.132407 0.033253 0.138889
0 1860 0.569831 0.131481 0.038089 0.129630
0 1861 0.585248 0.058796 0.038694 0.115741
0 1862 0.508767 0.041667 0.033253 0.081481
0 1863 0.545647 0.041667 0.029625 0.081481
0 1864 0.541112 0.022222 0.036276 0.042593
0 1867 0.142987 0.237963 0.034462 0.131481
0 1868 0.351874 0.091667 0.045949 0.120370
0 1869 0.325877 0.096296 0.036276 0.111111
0 1870 0.159008 0.123148 0.039903 0.133333
0 1871 0.190750 0.125926 0.042926 0.151852
0 1872 0.238815 0.096296 0.036276 0.140741
0 1873 0.275998 0.045370 0.038089 0.088889
0 1874 0.103386 0.232407 0.031439 0.120370
0 1875 0.981258 0.287037 0.036276 0.150000
0 1878 0.278416 0.234259 0.035671 0.133333
0 1879 0.019045 0.230556 0.036880 0.138889
0 1880 0.041415 0.242593 0.033253 0.133333
0 1881 0.066203 0.256481 0.041717 0.140741
0 1882 0.082527 0.237963 0.034462 0.138889
0 1883 0.029021 0.190741 0.036276 0.116667
0 1884 0.131499 0.050463 0.047763 0.099074
0 1885 0.231862 0.050926 0.038089 0.100000
0 1886 0.019045 0.131481 0.036880 0.144444
0 1888 0.058343 0.065741 0.038089 0.129630
0 1889 0.044740 0.057407 0.036276 0.112963
0 1890 0.187424 0.041667 0.039903 0.081481
0 1891 0.202237 0.028241 0.038089 0.054630
0 1892 0.984583 0.204630 0.027207 0.133333
0 1893 0.876360 0.182407 0.047763 0.124074
0 1894 0.915961 0.125926 0.035067 0.133333
0 1895 0.938936 0.113889 0.036276 0.116667
0 1896 0.904776 0.071759 0.039299 0.115741
0 1897 0.876965 0.023148 0.033253 0.044444
0 1898 0.989722 0.079630 0.019347 0.125926
0 1900 0.015115 0.452778 0.029021 0.146296
0 1901 0.003023 0.432407 0.004837 0.138889
0 1902 0.963120 0.202778 0.038694 0.122222
0 1903 0.009371 0.198611 0.017533 0.134259
0 1904 0.954353 0.054167 0.034462 0.097222
0 1906 0.009069 0.494444 0.016929 0.129630
0 1907 0.013906 0.179630 0.026602 0.114815
0 1908 0.147521 0.021759 0.035067 0.041667
0 1909 0.190447 0.056944 0.039903 0.112037
0 1910 0.116687 0.042130 0.031439 0.082407
0 1911 0.110641 0.015278 0.027811 0.028704
0 1912 0.104293 0.021759 0.029625 0.041667
0 1913 0.920798 0.063889 0.035067 0.118519
0 1914 0.944982 0.077315 0.035067 0.104630
0 1915 0.966143 0.105556 0.027811 0.103704
0 1916 0.908706 0.154630 0.039903 0.129630
0 1917 0.040810 0.048611 0.029625 0.095370
0 1918 0.171100 0.104167 0.032648 0.121296
0 1919 0.002116 0.160185 0.003023 0.118519
0 1944 0.159613 0.294444 0.041112 0.146296
0 1945 0.237908 0.231481 0.034462 0.135185
