0 795 0.109129 0.030093 0.036880 0.058333
0 800 0.171705 0.032870 0.032648 0.063889
0 822 0.656288 0.015741 0.027207 0.029630
0 823 0.675937 0.017593 0.027811 0.033333
0 838 0.932890 0.026852 0.031439 0.051852
0 839 0.900544 0.026852 0.029625 0.051852
0 840 0.918380 0.045833 0.031439 0.089815
0 849 0.985792 0.030093 0.024788 0.058333
0 861 0.415357 0.024074 0.021765 0.046296
0 1168 0.858222 0.938889 0.048972 0.122222
0 1175 0.386638 0.553241 0.039299 0.160185
0 1197 0.200121 0.338889 0.031439 0.120370
0 1198 0.077086 0.489815 0.036880 0.146296
0 1200 0.067110 0.442593 0.037485 0.153704
0 1206 0.102479 0.470370 0.041717 0.153704
0 1284 0.851270 0.379167 0.036276 0.132407
0 1285 0.866385 0.343056 0.036276 0.123148
0 1306 0.273881 0.669907 0.043531 0.167593
0 1307 0.275393 0.635185 0.044135 0.164815
0 1308 0.381499 0.638426 0.035067 0.145370
0 1314 0.820435 0.958333 0.043531 0.083333
0 1317 0.684099 0.982407 0.038089 0.037037
0 1325 0.230653 0.584722 0.034462 0.149074
0 1326 0.245163 0.552315 0.029625 0.139815
0 1328 0.196796 0.558333 0.041717 0.135185
0 1329 0.206469 0.516204 0.042926 0.156481
0 1330 0.163241 0.539815 0.043531 0.157407
0 1343 0.384825 0.226852 0.034462 0.129630
0 1344 0.405683 0.229630 0.031439 0.129630
0 1412 0.717352 0.378241 0.042926 0.115741
0 1413 0.750302 0.389352 0.042322 0.137963
0 1444 0.254534 0.368519 0.039903 0.144444
0 1445 0.242140 0.381019 0.034462 0.147222
0 1490 0.958283 0.769444 0.042322 0.138889
0 1501 0.340689 0.961574 0.044135 0.078704
0 1531 0.434401 0.435648 0.035671 0.149074
0 1549 0.317412 0.771759 0.047158 0.169444
0 1555 0.975816 0.835185 0.044740 0.159259
0 1556 0.936215 0.830093 0.039299 0.126852
0 1557 0.378476 0.340741 0.045949 0.140741
0 1567 0.346131 0.470370 0.039299 0.131481
0 1570 0.348247 0.668519 0.042322 0.166667
0 1573 0.514813 0.622685 0.035671 0.147222
0 1592 0.367291 0.700463 0.038089 0.160185
0 1594 0.376663 0.728704 0.043531 0.164815
0 1638 0.589178 0.611574 0.044135 0.162037
0 1639 0.628174 0.629167 0.044740 0.163889
0 1640 0.641173 0.611111 0.032044 0.125926
0 1650 0.439238 0.733333 0.044135 0.148148
0 1653 0.682588 0.712963 0.051995 0.144444
0 1654 0.512092 0.497685 0.042322 0.156481
0 1655 0.463120 0.534259 0.042322 0.144444
0 1657 0.450121 0.496296 0.045345 0.107407
0 1660 0.510883 0.563426 0.039903 0.154630
0 1661 0.538996 0.602315 0.044135 0.154630
0 1667 0.545345 0.591204 0.030230 0.125000
0 1668 0.551995 0.660648 0.036276 0.123148
0 1675 0.423821 0.021759 0.022975 0.041667
0 1676 0.410822 0.019444 0.027207 0.037037
0 1677 0.204655 0.973611 0.042926 0.054630
0 1678 0.700726 0.827778 0.050786 0.161111
0 1696 0.626965 0.874537 0.045949 0.167593
0 1697 0.660520 0.885648 0.047763 0.150926
0 1699 0.970073 0.651389 0.048972 0.158333
0 1702 0.731560 0.905556 0.043531 0.151852
0 1703 0.967352 0.173148 0.031439 0.098148
0 1704 0.970677 0.924074 0.050181 0.151852
0 1711 0.512394 0.922685 0.045345 0.137963
0 1712 0.453144 0.932407 0.046554 0.116667
0 1713 0.709794 0.662037 0.047158 0.159259
0 1714 0.722793 0.704630 0.039299 0.148148
0 1716 0.431378 0.585648 0.040508 0.150926
0 1717 0.466143 0.582870 0.035067 0.149074
0 1718 0.038996 0.663889 0.048972 0.170370
0 1719 0.119105 0.550926 0.043531 0.151852
0 1720 0.154172 0.851389 0.047158 0.173148
0 1721 0.539299 0.686574 0.043531 0.165741
0 1722 0.571644 0.693981 0.047763 0.160185
0 1723 0.114873 0.528241 0.037485 0.145370
0 1736 0.222491 0.208333 0.031439 0.120370
0 1737 0.262394 0.205556 0.044740 0.135185
0 1741 0.977328 0.144444 0.030834 0.124074
0 1742 0.941959 0.168981 0.039903 0.130556
0 1743 0.968863 0.148148 0.036880 0.122222
0 1766 0.782950 0.975463 0.037485 0.050926
0 1771 0.758162 0.493981 0.039903 0.158333
0 1772 0.730955 0.487037 0.036276 0.140741
0 1775 0.762696 0.819907 0.055018 0.173148
0 1776 0.247884 0.622685 0.037485 0.149074
0 1777 0.276300 0.593056 0.051995 0.163889
0 1778 0.300181 0.627778 0.041717 0.170370
0 1779 0.256046 0.424074 0.038089 0.129630
0 1780 0.140871 0.407870 0.039903 0.145370
0 1781 0.180774 0.400926 0.039903 0.131481
0 1782 0.259976 0.394907 0.042322 0.143519
0 1784 0.483374 0.246759 0.039299 0.126852
0 1785 0.490326 0.231481 0.038694 0.133333
0 1788 0.130290 0.580556 0.039299 0.150000
0 1792 0.764813 0.920370 0.049577 0.137037
0 1793 0.966747 0.862500 0.051995 0.162037
0 1794 0.103083 0.558333 0.045345 0.168519
0 1795 0.893591 0.850000 0.059250 0.174074
0 1797 0.919891 0.636111 0.067110 0.177778
0 1798 0.562878 0.268056 0.037485 0.145370
0 1799 0.526602 0.259722 0.035067 0.141667
0 1800 0.501511 0.265741 0.035671 0.138889
0 1801 0.869710 0.555556 0.048972 0.159259
0 1802 0.822854 0.567130 0.050786 0.150926
0 1803 0.794135 0.445833 0.045345 0.137963
0 1804 0.753325 0.445370 0.047158 0.150000
0 1805 0.688029 0.549074 0.050786 0.157407
0 1806 0.478235 0.139352 0.032648 0.121296
0 1808 0.054111 0.350463 0.067110 0.143519
0 1809 0.249093 0.271296 0.037485 0.150000
0 1817 0.003628 0.432870 0.006046 0.145370
0 1818 0.685006 0.264815 0.037485 0.144444
0 1819 0.710097 0.250463 0.036880 0.145370
0 1821 0.247279 0.195370 0.027811 0.114815
0 1822 0.243652 0.168981 0.031439 0.126852
0 1823 0.253023 0.111111 0.032044 0.133333
0 1824 0.567412 0.344907 0.040508 0.137963
0 1825 0.047158 0.506481 0.039903 0.150000
0 1826 0.025998 0.485648 0.044740 0.154630
0 1827 0.659613 0.552315 0.033857 0.119444
0 1828 0.635429 0.427315 0.045949 0.117593
0 1829 0.595224 0.432407 0.045345 0.144444
0 1830 0.285671 0.118981 0.028416 0.121296
0 1831 0.557739 0.434722 0.045345 0.136111
0 1832 0.587666 0.407407 0.042322 0.140741
0 1833 0.149033 0.439352 0.042926 0.156481
0 1834 0.159613 0.458796 0.035067 0.143519
0 1835 0.138755 0.491204 0.036880 0.147222
0 1837 0.524486 0.452778 0.032044 0.118519
0 1838 0.585852 0.326852 0.033857 0.127778
0 1842 0.374244 0.829167 0.060459 0.173148
0 1843 0.090992 0.950000 0.042926 0.098148
0 1846 0.179867 0.792593 0.041717 0.157407
0 1847 0.349154 0.990278 0.035671 0.021296
0 1848 0.546554 0.794907 0.071342 0.184259
0 1849 0.470375 0.799537 0.056832 0.162037
0 1850 0.727025 0.756481 0.068319 0.164815
0 1851 0.070133 0.798611 0.050786 0.163889
0 1852 0.759371 0.718981 0.042322 0.152778
0 1855 0.135732 0.762037 0.051391 0.151852
0 1856 0.855502 0.416204 0.044740 0.154630
0 1857 0.808646 0.343981 0.044135 0.132407
0 1858 0.912636 0.220833 0.047763 0.137963
0 1859 0.554716 0.165278 0.034462 0.137963
0 1860 0.590387 0.161574 0.033253 0.128704
0 1861 0.597037 0.119907 0.039299 0.137963
0 1862 0.454051 0.065741 0.030230 0.118519
0 1863 0.506651 0.060185 0.031439 0.111111
0 1864 0.536276 0.043056 0.036276 0.084259
0 1865 0.620919 0.032870 0.033857 0.063889
0 1866 0.584341 0.025926 0.030834 0.050000
0 1867 0.110943 0.285185 0.034462 0.133333
0 1868 0.328900 0.132407 0.035067 0.122222
0 1869 0.310459 0.134259 0.036880 0.118519
0 1870 0.143289 0.145370 0.038694 0.129630
0 1871 0.168380 0.146296 0.042926 0.151852
0 1872 0.198307 0.132870 0.035067 0.139815
0 1873 0.246070 0.072222 0.037485 0.114815
0 1874 0.070738 0.277315 0.033857 0.134259
0 1878 0.200121 0.245370 0.045949 0.133333
0 1880 0.005441 0.289352 0.009674 0.134259
0 1881 0.022672 0.301852 0.042926 0.148148
0 1882 0.052600 0.273611 0.033857 0.134259
0 1883 0.015115 0.228704 0.029021 0.135185
0 1884 0.098549 0.061574 0.038694 0.117593
0 1885 0.212213 0.067130 0.035067 0.125000
0 1886 0.007860 0.164352 0.014510 0.156481
0 1887 0.009371 0.164815 0.017533 0.137037
0 1888 0.016324 0.107407 0.031439 0.135185
0 1889 0.022975 0.083796 0.035067 0.128704
0 1890 0.151753 0.070833 0.036276 0.130556
0 1891 0.185611 0.049537 0.036276 0.097222
0 1892 0.975514 0.221296 0.033253 0.137037
0 1893 0.873035 0.225926 0.042322 0.133333
0 1894 0.879988 0.153241 0.034462 0.119444
0 1895 0.913241 0.148148 0.032044 0.122222
0 1896 0.879686 0.107407 0.036276 0.131481
0 1897 0.898428 0.056481 0.035067 0.111111
0 1898 0.946796 0.120833 0.033857 0.125000
0 1899 0.008464 0.450463 0.015719 0.145370
0 1900 0.024788 0.439815 0.037485 0.146296
0 1901 0.012999 0.418056 0.024788 0.139815
0 1902 0.957376 0.218056 0.035671 0.121296
0 1904 0.941657 0.088889 0.030834 0.114815
0 1906 0.015115 0.476389 0.029021 0.128704
0 1907 0.003023 0.206944 0.004837 0.123148
0 1908 0.065901 0.043981 0.032648 0.086111
0 1909 0.183192 0.089815 0.038694 0.124074
0 1910 0.087062 0.055093 0.031439 0.108333
0 1911 0.064389 0.030093 0.030834 0.058333
0 1912 0.122128 0.031019 0.031439 0.060185
0 1913 0.901451 0.102315 0.035067 0.123148
0 1914 0.935006 0.100926 0.033253 0.111111
0 1915 0.909311 0.134259 0.029021 0.118519
0 1916 0.915357 0.192593 0.039903 0.135185
0 1917 0.009674 0.077778 0.018138 0.122222
0 1918 0.162334 0.134259 0.030834 0.124074
0 1920 0.954958 0.122222 0.029625 0.088889
0 1921 0.555018 0.439352 0.038694 0.134259
0 1924 0.988513 0.348148 0.021765 0.153704
0 1926 0.508464 0.033796 0.032648 0.065741
0 1944 0.081923 0.332870 0.040508 0.154630
0 1945 0.173216 0.234722 0.034462 0.139815
