0 795 0.107920 0.032870 0.035671 0.063889
0 800 0.187424 0.034259 0.032648 0.066667
0 822 0.655683 0.017593 0.029625 0.033333
0 823 0.674728 0.020370 0.029021 0.038889
0 838 0.933495 0.029630 0.031439 0.057407
0 839 0.901451 0.030093 0.029021 0.058333
0 840 0.917775 0.048611 0.031439 0.095370
0 849 0.986699 0.035185 0.025393 0.068519
0 861 0.417170 0.023611 0.021765 0.045370
0 1168 0.866082 0.942593 0.048972 0.114815
0 1175 0.387848 0.555093 0.038089 0.162037
0 1197 0.193168 0.354167 0.034462 0.137963
0 1198 0.077086 0.489815 0.036880 0.146296
0 1200 0.062273 0.446296 0.035067 0.155556
0 1206 0.103083 0.472222 0.040508 0.155556
0 1284 0.850967 0.378241 0.035671 0.132407
0 1285 0.867896 0.340741 0.034462 0.122222
0 1306 0.272975 0.669444 0.044135 0.170370
0 1307 0.274788 0.643981 0.041717 0.176852
0 1308 0.381499 0.638426 0.035067 0.145370
0 1314 0.830109 0.959722 0.041112 0.080556
0 1317 0.694075 0.983333 0.031439 0.035185
0 1325 0.230653 0.584722 0.034462 0.149074
0 1326 0.245163 0.552315 0.029625 0.139815
0 1328 0.196493 0.558333 0.042322 0.135185
0 1329 0.206469 0.516204 0.042926 0.156481
0 1330 0.162636 0.539815 0.043531 0.157407
0 1343 0.384825 0.226852 0.034462 0.129630
0 1344 0.405683 0.229630 0.031439 0.129630
0 1412 0.717654 0.378241 0.042322 0.115741
0 1413 0.750302 0.389352 0.042322 0.137963
0 1444 0.251209 0.367130 0.038089 0.143519
0 1445 0.241838 0.379630 0.035067 0.146296
0 1490 0.959190 0.777315 0.041717 0.141667
0 1501 0.335248 0.960185 0.044135 0.081481
0 1531 0.428960 0.435185 0.035671 0.150000
0 1549 0.317412 0.771759 0.047158 0.169444
0 1555 0.974909 0.841667 0.045345 0.162963
0 1556 0.936215 0.837037 0.039299 0.125926
0 1557 0.367291 0.339815 0.039299 0.144444
0 1567 0.345526 0.470370 0.039299 0.131481
0 1570 0.347037 0.668056 0.039903 0.167593
0 1573 0.517533 0.624537 0.033857 0.143519
0 1592 0.367594 0.700463 0.038694 0.160185
0 1594 0.376360 0.730556 0.042926 0.162963
0 1638 0.589480 0.611574 0.044740 0.162037
0 1639 0.628174 0.629167 0.044740 0.163889
0 1640 0.642080 0.609259 0.030230 0.125926
0 1650 0.439238 0.733333 0.044135 0.148148
0 1653 0.682588 0.712037 0.051995 0.146296
0 1654 0.512092 0.505556 0.043531 0.161111
0 1655 0.463120 0.534722 0.042322 0.145370
0 1657 0.449214 0.496296 0.044740 0.107407
0 1660 0.511185 0.565741 0.038089 0.153704
0 1661 0.541415 0.602315 0.044135 0.152778
0 1667 0.545042 0.592130 0.029625 0.126852
0 1668 0.552297 0.666204 0.036880 0.128704
0 1675 0.423216 0.020833 0.021765 0.039815
0 1676 0.412636 0.019907 0.030834 0.037963
0 1677 0.188331 0.980556 0.038089 0.040741
0 1678 0.691354 0.836574 0.053809 0.158333
0 1696 0.616687 0.888426 0.045949 0.169444
0 1697 0.651753 0.898611 0.047158 0.150926
0 1699 0.974607 0.658796 0.045949 0.156481
0 1702 0.729141 0.916667 0.043531 0.148148
0 1703 0.967050 0.175000 0.032044 0.098148
0 1704 0.975212 0.930556 0.045949 0.137037
0 1711 0.506953 0.931481 0.045345 0.133333
0 1712 0.445889 0.941204 0.046554 0.112037
0 1713 0.714027 0.668981 0.048368 0.156481
0 1714 0.731258 0.714352 0.038089 0.150926
0 1716 0.431076 0.585648 0.041112 0.150926
0 1717 0.466143 0.582407 0.035067 0.148148
0 1718 0.024486 0.676389 0.047763 0.176852
0 1719 0.117291 0.554630 0.043531 0.153704
0 1720 0.153567 0.862037 0.047158 0.174074
0 1721 0.538694 0.687500 0.044740 0.165741
0 1722 0.571644 0.693981 0.047763 0.160185
0 1723 0.115175 0.529630 0.036880 0.146296
0 1736 0.224002 0.207407 0.034462 0.118519
0 1737 0.260580 0.205556 0.044740 0.135185
0 1741 0.976421 0.144444 0.030230 0.125926
0 1742 0.940750 0.170370 0.039903 0.129630
0 1743 0.970375 0.149074 0.037485 0.124074
0 1766 0.793531 0.977315 0.035671 0.047222
0 1771 0.757557 0.505093 0.042322 0.162037
0 1772 0.725816 0.494444 0.033253 0.142593
0 1775 0.751209 0.831944 0.056227 0.173148
0 1776 0.247279 0.623611 0.035067 0.150926
0 1777 0.276300 0.593056 0.051995 0.163889
0 1778 0.301391 0.630556 0.038089 0.166667
0 1779 0.265115 0.421296 0.039299 0.129630
0 1780 0.149637 0.411574 0.036880 0.147222
0 1781 0.194377 0.402778 0.041717 0.131481
0 1782 0.265719 0.393981 0.041717 0.143519
0 1784 0.497582 0.244444 0.036276 0.125926
0 1785 0.509069 0.231019 0.035067 0.132407
0 1788 0.131802 0.583333 0.039903 0.150000
0 1792 0.761185 0.930556 0.049577 0.133333
0 1793 0.973398 0.876389 0.047158 0.167593
0 1794 0.103083 0.562037 0.045345 0.168519
0 1795 0.897521 0.862500 0.059855 0.175000
0 1797 0.923519 0.643056 0.067110 0.175000
0 1798 0.561064 0.275000 0.037485 0.148148
0 1799 0.524486 0.265278 0.035671 0.139815
0 1800 0.498791 0.269907 0.036276 0.139815
0 1801 0.880593 0.562963 0.048972 0.166667
0 1802 0.828900 0.575463 0.049577 0.150926
0 1803 0.800484 0.451852 0.045949 0.137037
0 1804 0.763301 0.452315 0.045345 0.152778
0 1805 0.689541 0.557870 0.047763 0.154630
0 1806 0.474607 0.144444 0.032648 0.120370
0 1808 0.038996 0.358333 0.067110 0.144444
0 1809 0.241536 0.277315 0.036880 0.145370
0 1817 0.002418 0.439352 0.003628 0.143519
0 1818 0.695889 0.272222 0.035067 0.142593
0 1819 0.721584 0.259722 0.039299 0.139815
0 1821 0.246372 0.195833 0.027207 0.115741
0 1822 0.243652 0.173148 0.031439 0.135185
0 1823 0.252721 0.112963 0.032648 0.137037
0 1824 0.575574 0.349074 0.042322 0.140741
0 1825 0.046252 0.511111 0.041717 0.153704
0 1826 0.024184 0.489815 0.044740 0.153704
0 1827 0.662636 0.563889 0.032648 0.122222
0 1828 0.647521 0.435185 0.039903 0.118519
0 1829 0.606106 0.441204 0.042926 0.149074
0 1830 0.285671 0.118519 0.028416 0.120370
0 1831 0.564087 0.443056 0.043531 0.136111
0 1832 0.591898 0.412037 0.042322 0.140741
0 1833 0.145707 0.442130 0.042322 0.152778
0 1834 0.161427 0.465278 0.035067 0.149074
0 1835 0.139359 0.498611 0.036880 0.149074
0 1837 0.528416 0.456944 0.029021 0.113889
0 1838 0.595828 0.329630 0.034462 0.122222
0 1842 0.391475 0.828704 0.069528 0.168519
0 1843 0.110339 0.954630 0.041717 0.090741
0 1844 0.007557 0.968056 0.013906 0.065741
0 1846 0.194982 0.799537 0.041717 0.158333
0 1847 0.363664 0.992593 0.034462 0.016667
0 1848 0.567110 0.793981 0.070133 0.178704
0 1849 0.493047 0.793981 0.053809 0.158333
0 1850 0.747582 0.750463 0.056227 0.163889
0 1851 0.078900 0.807407 0.046554 0.162963
0 1852 0.772370 0.709722 0.042926 0.149074
0 1855 0.145707 0.774537 0.045949 0.154630
0 1856 0.845526 0.400926 0.042926 0.150000
0 1857 0.807437 0.331481 0.044135 0.129630
0 1858 0.912636 0.226852 0.047763 0.137037
0 1859 0.557437 0.169444 0.035067 0.137037
0 1860 0.593108 0.168056 0.035067 0.130556
0 1861 0.606106 0.134259 0.035671 0.138889
0 1862 0.455865 0.071296 0.033857 0.112963
0 1863 0.503930 0.062963 0.033253 0.112963
0 1864 0.537183 0.047222 0.034462 0.092593
0 1865 0.619407 0.036111 0.034462 0.070370
0 1866 0.582225 0.029167 0.032648 0.056481
0 1867 0.102479 0.291204 0.035671 0.130556
0 1868 0.327690 0.136574 0.037485 0.121296
0 1869 0.305925 0.141667 0.038694 0.116667
0 1870 0.136034 0.148148 0.031439 0.131481
0 1871 0.169891 0.148148 0.044740 0.140741
0 1872 0.192261 0.141204 0.032648 0.139815
0 1873 0.243652 0.078241 0.037485 0.115741
0 1874 0.066505 0.285185 0.035067 0.138889
0 1878 0.186820 0.246296 0.039903 0.129630
0 1881 0.018742 0.308796 0.036276 0.149074
0 1882 0.048065 0.278704 0.033253 0.133333
0 1883 0.013906 0.236574 0.026602 0.139815
0 1884 0.094015 0.062963 0.036880 0.120370
0 1885 0.209190 0.068981 0.033857 0.126852
0 1886 0.006046 0.168519 0.010883 0.159259
0 1887 0.013906 0.167593 0.026602 0.137037
0 1888 0.014510 0.115278 0.027811 0.132407
0 1889 0.020556 0.087963 0.033857 0.124074
0 1890 0.146614 0.074537 0.035671 0.136111
0 1891 0.184704 0.055093 0.034462 0.108333
0 1892 0.975212 0.224074 0.032648 0.137037
0 1893 0.872430 0.232407 0.041112 0.135185
0 1894 0.876360 0.156481 0.034462 0.116667
0 1895 0.910520 0.156481 0.030230 0.125926
0 1896 0.875756 0.111574 0.035671 0.134259
0 1897 0.903869 0.060648 0.036276 0.119444
0 1898 0.940750 0.125000 0.032648 0.124074
0 1899 0.009976 0.448611 0.018742 0.147222
0 1900 0.026602 0.437037 0.037485 0.146296
0 1901 0.014510 0.415278 0.027811 0.139815
0 1902 0.957376 0.220833 0.035671 0.121296
0 1904 0.938331 0.094444 0.031439 0.120370
0 1906 0.015719 0.473148 0.030230 0.127778
0 1908 0.058948 0.048148 0.029625 0.094444
0 1909 0.179565 0.100463 0.038694 0.134259
0 1910 0.084946 0.056944 0.030834 0.112037
0 1911 0.057437 0.033333 0.031439 0.064815
0 1912 0.127872 0.032407 0.032044 0.062963
0 1913 0.899637 0.104630 0.035067 0.127778
0 1914 0.932588 0.107870 0.032044 0.119444
0 1915 0.905985 0.140278 0.029625 0.125000
0 1916 0.915961 0.199074 0.039903 0.137037
0 1917 0.006953 0.087037 0.012696 0.131481
0 1918 0.158706 0.140278 0.029625 0.128704
0 1920 0.945889 0.127778 0.029625 0.094444
0 1921 0.561669 0.446759 0.038694 0.137963
0 1926 0.506953 0.038426 0.033253 0.075000
0 1944 0.070738 0.341204 0.039903 0.158333
0 1945 0.165054 0.236111 0.032648 0.140741
