0 795 0.109129 0.029167 0.036880 0.056481
0 800 0.163241 0.035185 0.032648 0.068519
0 822 0.656590 0.015278 0.026602 0.028704
0 823 0.676542 0.016667 0.027811 0.031481
0 838 0.931681 0.025926 0.031439 0.050000
0 839 0.898428 0.024537 0.030230 0.047222
0 840 0.917170 0.044444 0.031439 0.087037
0 849 0.985490 0.028241 0.024184 0.054630
0 861 0.414148 0.024074 0.021765 0.046296
0 1168 0.855502 0.937963 0.048368 0.124074
0 1175 0.386336 0.552315 0.039903 0.160185
0 1197 0.204051 0.344907 0.032044 0.130556
0 1198 0.077086 0.489815 0.036880 0.146296
0 1200 0.068622 0.441667 0.038089 0.151852
0 1206 0.102479 0.469907 0.041717 0.152778
0 1284 0.851572 0.379167 0.036880 0.132407
0 1285 0.866082 0.343981 0.036880 0.123148
0 1306 0.274184 0.669907 0.044135 0.167593
0 1307 0.275998 0.632407 0.045345 0.161111
0 1308 0.381499 0.638426 0.035067 0.145370
0 1314 0.817412 0.957870 0.044740 0.084259
0 1317 0.680472 0.981944 0.040508 0.037963
0 1325 0.230955 0.584722 0.033857 0.149074
0 1326 0.244861 0.552315 0.030230 0.139815
0 1328 0.196796 0.558333 0.041717 0.135185
0 1329 0.206469 0.516667 0.042926 0.155556
0 1330 0.163241 0.539815 0.043531 0.157407
0 1343 0.384825 0.226852 0.034462 0.129630
0 1344 0.405683 0.229630 0.031439 0.129630
0 1412 0.717352 0.378704 0.042926 0.116667
0 1413 0.750302 0.389352 0.042322 0.137963
0 1444 0.255744 0.369444 0.041112 0.144444
0 1445 0.242443 0.381481 0.035067 0.148148
0 1490 0.957981 0.767130 0.041717 0.137963
0 1501 0.342503 0.962037 0.044135 0.077778
0 1531 0.436518 0.435648 0.036276 0.149074
0 1549 0.317412 0.771759 0.047158 0.169444
0 1555 0.976119 0.833333 0.044135 0.157407
0 1556 0.936215 0.827315 0.039299 0.126852
0 1557 0.382709 0.341204 0.047158 0.139815
0 1567 0.346433 0.470370 0.038694 0.131481
0 1570 0.349154 0.668981 0.042926 0.165741
0 1573 0.513603 0.621759 0.036880 0.147222
0 1592 0.367291 0.700463 0.038089 0.160185
0 1594 0.376663 0.727778 0.043531 0.164815
0 1638 0.588875 0.611574 0.044740 0.162037
0 1639 0.628174 0.629630 0.044740 0.164815
0 1640 0.640871 0.611111 0.032648 0.125926
0 1650 0.439238 0.733333 0.044135 0.148148
0 1653 0.681983 0.713426 0.051995 0.143519
0 1654 0.512092 0.494444 0.042322 0.155556
0 1655 0.463422 0.534259 0.041717 0.144444
0 1657 0.450423 0.496296 0.045949 0.107407
0 1660 0.510883 0.562500 0.039903 0.154630
0 1661 0.538089 0.602778 0.044740 0.155556
0 1667 0.545647 0.590278 0.030834 0.125000
0 1668 0.551995 0.658796 0.036276 0.121296
0 1675 0.423821 0.022222 0.022975 0.042593
0 1676 0.410218 0.019444 0.025998 0.037037
0 1677 0.210097 0.971296 0.044135 0.059259
0 1678 0.704051 0.824537 0.050181 0.162037
0 1695 0.989117 0.650463 0.021765 0.149074
0 1696 0.630290 0.869907 0.045345 0.167593
0 1697 0.663543 0.881481 0.047763 0.150000
0 1699 0.968259 0.649074 0.050181 0.159259
0 1702 0.732164 0.901852 0.043531 0.153704
0 1703 0.967352 0.172222 0.031439 0.098148
0 1704 0.969166 0.921759 0.051995 0.156481
0 1711 0.514208 0.919444 0.045345 0.140741
0 1712 0.455562 0.929167 0.046554 0.119444
0 1713 0.708283 0.659722 0.046554 0.160185
0 1714 0.720073 0.700926 0.039903 0.148148
0 1716 0.431076 0.586574 0.039903 0.150926
0 1717 0.466143 0.583333 0.035067 0.148148
0 1718 0.044135 0.659722 0.048368 0.169444
0 1719 0.119407 0.549537 0.044135 0.150926
0 1720 0.154172 0.848148 0.047158 0.172222
0 1721 0.539299 0.686574 0.043531 0.165741
0 1722 0.571644 0.693981 0.047763 0.160185
0 1723 0.114873 0.528241 0.037485 0.145370
0 1736 0.222491 0.209259 0.031439 0.120370
0 1737 0.262999 0.205556 0.044740 0.135185
0 1741 0.977932 0.144444 0.030834 0.124074
0 1742 0.941959 0.168519 0.039903 0.131481
0 1743 0.968259 0.147222 0.036880 0.122222
0 1766 0.779625 0.975000 0.038089 0.051852
0 1771 0.758162 0.490741 0.038694 0.157407
0 1772 0.732769 0.484722 0.037485 0.139815
0 1775 0.766324 0.816204 0.055018 0.173148
0 1776 0.248186 0.622685 0.038089 0.149074
0 1777 0.276300 0.593056 0.051995 0.163889
0 1778 0.299879 0.626852 0.043531 0.170370
0 1779 0.253325 0.425463 0.037485 0.128704
0 1780 0.137243 0.407870 0.039903 0.145370
0 1781 0.176239 0.400000 0.039299 0.131481
0 1782 0.257557 0.395370 0.042322 0.142593
0 1784 0.478537 0.247222 0.040508 0.127778
0 1785 0.483978 0.231481 0.039299 0.133333
0 1788 0.129686 0.579167 0.039299 0.150926
0 1792 0.766022 0.917130 0.049577 0.137963
0 1793 0.964631 0.857870 0.053809 0.158333
0 1794 0.103083 0.556944 0.045345 0.167593
0 1795 0.892080 0.846296 0.058646 0.174074
0 1797 0.918380 0.633796 0.066505 0.178704
0 1798 0.563785 0.265741 0.038089 0.144444
0 1799 0.527207 0.257407 0.035067 0.142593
0 1800 0.502721 0.263889 0.035671 0.138889
0 1801 0.866385 0.553704 0.048368 0.157407
0 1802 0.821040 0.564352 0.050786 0.150926
0 1803 0.792019 0.443519 0.044740 0.138889
0 1804 0.750302 0.443056 0.048368 0.149074
0 1805 0.687424 0.545833 0.051995 0.158333
0 1806 0.479746 0.137963 0.033253 0.122222
0 1808 0.058948 0.347685 0.067110 0.143519
0 1809 0.251814 0.269444 0.038089 0.151852
0 1817 0.003930 0.430093 0.006651 0.145370
0 1818 0.681681 0.262037 0.038089 0.144444
0 1819 0.706469 0.248148 0.036880 0.144444
0 1821 0.247582 0.194444 0.028416 0.114815
0 1822 0.243652 0.167593 0.031439 0.125926
0 1823 0.253023 0.110185 0.032044 0.131481
0 1824 0.564692 0.343519 0.039903 0.137037
0 1825 0.047158 0.505093 0.038694 0.149074
0 1826 0.026904 0.484259 0.045345 0.153704
0 1827 0.658404 0.548611 0.033857 0.119444
0 1828 0.631802 0.426852 0.045949 0.116667
0 1829 0.591898 0.429630 0.045949 0.142593
0 1830 0.285671 0.118981 0.028416 0.121296
0 1831 0.555623 0.432407 0.045949 0.137037
0 1832 0.586457 0.406481 0.042322 0.140741
0 1833 0.150544 0.438889 0.043531 0.157407
0 1834 0.159008 0.456481 0.035067 0.142593
0 1835 0.138755 0.488889 0.036880 0.146296
0 1837 0.523277 0.451389 0.033253 0.119444
0 1838 0.582527 0.326389 0.033253 0.128704
0 1842 0.368501 0.829167 0.057437 0.175000
0 1843 0.084643 0.948611 0.043531 0.100926
0 1846 0.175030 0.790278 0.041717 0.158333
0 1847 0.344619 0.989815 0.036276 0.022222
0 1848 0.544740 0.794907 0.067715 0.184259
0 1849 0.467050 0.800463 0.056227 0.163889
0 1850 0.719166 0.756019 0.062273 0.165741
0 1851 0.067110 0.795370 0.051995 0.164815
0 1852 0.754837 0.721759 0.041717 0.154630
0 1855 0.132406 0.757407 0.053204 0.150000
0 1856 0.858827 0.419907 0.045345 0.154630
0 1857 0.808948 0.348148 0.044740 0.133333
0 1858 0.912636 0.218981 0.047763 0.137963
0 1859 0.554111 0.163889 0.034462 0.137037
0 1860 0.589480 0.160185 0.032648 0.127778
0 1861 0.594317 0.115741 0.039903 0.137037
0 1862 0.457074 0.063426 0.031439 0.117593
0 1863 0.507255 0.059259 0.031439 0.109259
0 1864 0.536276 0.041667 0.036276 0.081481
0 1865 0.621524 0.031944 0.033857 0.062037
0 1866 0.584946 0.025000 0.030834 0.048148
0 1867 0.112757 0.283333 0.034462 0.133333
0 1868 0.329504 0.130556 0.033857 0.122222
0 1869 0.311064 0.132407 0.036880 0.118519
0 1870 0.144498 0.144444 0.039903 0.129630
0 1871 0.169589 0.145370 0.042926 0.151852
0 1872 0.200726 0.130556 0.036276 0.140741
0 1873 0.246977 0.070370 0.036880 0.114815
0 1874 0.072551 0.275000 0.033857 0.133333
0 1878 0.204051 0.245370 0.044135 0.133333
0 1880 0.006651 0.286111 0.012092 0.133333
0 1881 0.025091 0.300000 0.042926 0.148148
0 1882 0.054414 0.272222 0.033857 0.135185
0 1883 0.015719 0.226389 0.030230 0.134259
0 1884 0.100060 0.061111 0.039299 0.116667
0 1885 0.213422 0.066204 0.035067 0.125000
0 1886 0.008464 0.162963 0.015719 0.155556
0 1887 0.008162 0.163889 0.015115 0.137037
0 1888 0.016929 0.104167 0.032648 0.136111
0 1889 0.024184 0.082870 0.035067 0.130556
0 1890 0.153265 0.068981 0.036880 0.128704
0 1891 0.185913 0.047685 0.036880 0.093519
0 1892 0.975816 0.220370 0.033857 0.137037
0 1893 0.873035 0.224074 0.042322 0.133333
0 1894 0.881499 0.151852 0.035067 0.120370
0 1895 0.914148 0.145370 0.032648 0.122222
0 1896 0.880593 0.106019 0.036880 0.130556
0 1897 0.897219 0.054630 0.035067 0.107407
0 1898 0.948912 0.118981 0.034462 0.125000
0 1899 0.007860 0.451389 0.014510 0.145370
0 1900 0.024486 0.439815 0.038089 0.146296
0 1901 0.012394 0.418519 0.023579 0.138889
0 1902 0.957376 0.217130 0.035671 0.121296
0 1904 0.942866 0.086574 0.030834 0.113889
0 1906 0.015115 0.476852 0.029021 0.129630
0 1907 0.003930 0.205093 0.006651 0.121296
0 1908 0.068319 0.042593 0.033857 0.083333
0 1909 0.184401 0.086574 0.038694 0.121296
0 1910 0.088875 0.054167 0.031439 0.106481
0 1911 0.066808 0.029167 0.030834 0.056481
0 1912 0.120314 0.030556 0.031439 0.059259
0 1913 0.902056 0.100463 0.035067 0.123148
0 1914 0.935913 0.098611 0.033857 0.108333
0 1915 0.910218 0.132407 0.028416 0.116667
0 1916 0.915357 0.190278 0.039903 0.134259
0 1917 0.010278 0.074074 0.019347 0.118519
0 1918 0.163543 0.132407 0.030834 0.122222
0 1920 0.958585 0.120370 0.029625 0.087037
0 1921 0.552902 0.437037 0.039299 0.133333
0 1924 0.988513 0.346296 0.021765 0.153704
0 1926 0.511790 0.031944 0.032044 0.062037
0 1944 0.085852 0.330093 0.041112 0.152778
0 1945 0.175937 0.234259 0.035067 0.138889
