0 1168 0.739420 0.905093 0.055623 0.171296
0 1169 0.782346 0.953241 0.044740 0.095370
0 1175 0.388150 0.553241 0.037485 0.149074
0 1197 0.253023 0.336111 0.042926 0.146296
0 1198 0.078900 0.484259 0.041717 0.150000
0 1199 0.055925 0.749074 0.064692 0.170370
0 1200 0.113664 0.399074 0.039903 0.144444
0 1206 0.102781 0.461111 0.041112 0.146296
0 1284 0.857013 0.369907 0.044135 0.132407
0 1285 0.857920 0.353241 0.041112 0.128704
0 1306 0.278416 0.664815 0.044135 0.164815
0 1307 0.309855 0.636574 0.040508 0.152778
0 1308 0.381499 0.640278 0.035067 0.136111
0 1314 0.740931 0.958333 0.039299 0.085185
0 1317 0.591596 0.946296 0.046554 0.105556
0 1325 0.232769 0.579167 0.033857 0.145370
0 1326 0.243652 0.551852 0.036276 0.131481
0 1328 0.197098 0.557870 0.036276 0.139815
0 1329 0.207074 0.520370 0.044135 0.148148
0 1330 0.168682 0.537037 0.042322 0.153704
0 1343 0.383313 0.226389 0.032648 0.128704
0 1344 0.405683 0.231481 0.031439 0.131481
0 1412 0.715236 0.377315 0.045949 0.121296
0 1413 0.751209 0.387500 0.040508 0.134259
0 1444 0.271161 0.374074 0.047763 0.140741
0 1445 0.246372 0.387037 0.033253 0.151852
0 1490 0.988210 0.772222 0.022370 0.131481
0 1501 0.367896 0.967593 0.044135 0.066667
0 1531 0.494256 0.459259 0.039299 0.140741
0 1549 0.318622 0.772685 0.049577 0.167593
0 1555 0.962213 0.787037 0.044135 0.151852
0 1556 0.938331 0.778241 0.035067 0.128704
0 1557 0.464933 0.393056 0.039903 0.139815
0 1567 0.353688 0.472222 0.036276 0.129630
0 1570 0.352479 0.668519 0.049577 0.164815
0 1573 0.501511 0.580093 0.032044 0.143519
0 1592 0.363362 0.698148 0.032648 0.157407
0 1594 0.380895 0.727315 0.043531 0.171296
0 1638 0.591294 0.612037 0.042322 0.157407
0 1639 0.629686 0.636111 0.044135 0.164815
0 1640 0.630593 0.617130 0.037485 0.126852
0 1650 0.440750 0.731019 0.043531 0.145370
0 1653 0.680169 0.715741 0.051995 0.138889
0 1654 0.479746 0.429630 0.036880 0.142593
0 1655 0.466445 0.526852 0.038089 0.135185
0 1657 0.457376 0.493519 0.048972 0.107407
0 1660 0.506348 0.549537 0.044135 0.156481
0 1661 0.531439 0.573611 0.041112 0.158333
0 1667 0.530230 0.557870 0.033857 0.126852
0 1668 0.522672 0.627778 0.042926 0.112963
0 1675 0.438936 0.043981 0.025393 0.086111
0 1676 0.406892 0.049537 0.037485 0.097222
0 1677 0.406892 0.888426 0.054414 0.178704
0 1678 0.764208 0.681944 0.051995 0.163889
0 1679 0.422612 0.930556 0.044740 0.135185
0 1695 0.929262 0.555556 0.042322 0.140741
0 1696 0.720073 0.706944 0.043531 0.165741
0 1697 0.752721 0.725463 0.043531 0.154630
0 1699 0.898428 0.554630 0.053204 0.157407
0 1701 0.905381 0.751852 0.040508 0.170370
0 1702 0.769045 0.778241 0.042322 0.178704
0 1703 0.966747 0.155556 0.032648 0.111111
0 1704 0.862757 0.784259 0.055623 0.174074
0 1705 0.929565 0.806019 0.046554 0.160185
0 1707 0.883313 0.970833 0.048368 0.060185
0 1708 0.840085 0.981019 0.042926 0.039815
0 1711 0.599456 0.786111 0.042926 0.161111
0 1712 0.563180 0.807407 0.042926 0.142593
0 1713 0.661427 0.559259 0.045949 0.153704
0 1714 0.647521 0.581019 0.035067 0.143519
0 1716 0.432285 0.588426 0.035067 0.150926
0 1717 0.467352 0.582870 0.036276 0.149074
0 1718 0.239420 0.681481 0.043531 0.168519
0 1719 0.139359 0.495370 0.044135 0.144444
0 1720 0.137545 0.712963 0.046554 0.168519
0 1721 0.538089 0.680093 0.042322 0.165741
0 1722 0.564389 0.689815 0.046554 0.159259
0 1723 0.141475 0.474074 0.039903 0.140741
0 1736 0.227328 0.214815 0.033857 0.120370
0 1737 0.259976 0.203704 0.042322 0.137037
0 1741 0.977328 0.139815 0.033253 0.122222
0 1742 0.942866 0.153241 0.036880 0.132407
0 1743 0.949819 0.125926 0.035067 0.116667
0 1749 0.971282 0.550000 0.047763 0.146296
0 1750 0.971886 0.573148 0.039299 0.150000
0 1752 0.012999 0.866667 0.024788 0.170370
0 1766 0.626058 0.968981 0.046554 0.062037
0 1771 0.818924 0.410648 0.044135 0.152778
0 1772 0.797763 0.407407 0.036880 0.137037
0 1775 0.802297 0.666204 0.049577 0.173148
0 1776 0.249093 0.626852 0.043531 0.131481
0 1777 0.272370 0.593056 0.053809 0.162037
0 1778 0.293833 0.618981 0.047158 0.160185
0 1779 0.168077 0.425926 0.039903 0.129630
0 1780 0.022672 0.400926 0.044135 0.146296
0 1781 0.030230 0.381944 0.036276 0.128704
0 1782 0.183495 0.398148 0.044135 0.138889
0 1784 0.314692 0.282407 0.040508 0.133333
0 1785 0.315901 0.264815 0.041717 0.142593
0 1788 0.126360 0.531944 0.036276 0.143519
0 1790 0.899637 0.817593 0.043531 0.146296
0 1792 0.795042 0.785185 0.049577 0.151852
0 1793 0.877872 0.689352 0.048368 0.162037
0 1794 0.107316 0.499537 0.039299 0.163889
0 1795 0.831620 0.681944 0.048972 0.163889
0 1797 0.857618 0.538426 0.065901 0.176852
0 1798 0.571342 0.193519 0.039903 0.137037
0 1799 0.539299 0.203704 0.035067 0.144444
0 1800 0.516324 0.204167 0.035067 0.137963
0 1801 0.802297 0.466204 0.041112 0.154630
0 1802 0.753930 0.467130 0.054414 0.143519
0 1803 0.678053 0.369444 0.046554 0.137037
0 1804 0.641173 0.369444 0.047763 0.155556
0 1805 0.643894 0.431019 0.048368 0.152778
0 1806 0.477932 0.077778 0.033253 0.122222
0 1808 0.203446 0.285185 0.046554 0.150000
0 1809 0.350665 0.199074 0.039903 0.144444
0 1810 0.081016 0.262963 0.041112 0.137037
0 1811 0.050786 0.253704 0.041112 0.146296
0 1814 0.017533 0.503704 0.033857 0.155556
0 1816 0.009371 0.330556 0.017533 0.150000
0 1817 0.030532 0.349537 0.044135 0.150926
0 1818 0.548368 0.232407 0.039903 0.144444
0 1819 0.584039 0.157870 0.036276 0.132407
0 1820 0.036880 0.485185 0.045949 0.161111
0 1821 0.251511 0.193519 0.031439 0.112963
0 1822 0.244256 0.162963 0.027811 0.114815
0 1823 0.254837 0.104167 0.029625 0.115741
0 1824 0.479141 0.254167 0.041717 0.134259
0 1825 0.056832 0.449537 0.036276 0.145370
0 1826 0.058041 0.423148 0.045949 0.157407
0 1827 0.610641 0.443981 0.035067 0.115741
0 1828 0.558948 0.367593 0.032044 0.118519
0 1829 0.529625 0.358796 0.039903 0.143519
0 1830 0.285973 0.121759 0.029021 0.126852
0 1831 0.483978 0.351852 0.041717 0.131481
0 1832 0.531439 0.331481 0.041112 0.140741
0 1833 0.196796 0.356481 0.044135 0.153704
0 1834 0.174123 0.382407 0.035067 0.135185
0 1835 0.138755 0.395370 0.033253 0.127778
0 1837 0.458888 0.359722 0.030230 0.100926
0 1838 0.499395 0.250000 0.033857 0.135185
0 1842 0.155381 0.788426 0.049577 0.176852
0 1846 0.023579 0.696759 0.043531 0.152778
0 1847 0.155079 0.952778 0.046554 0.096296
0 1848 0.330109 0.805093 0.054414 0.175000
0 1849 0.246675 0.817130 0.047158 0.167593
0 1850 0.469468 0.782407 0.041717 0.174074
0 1852 0.493954 0.762963 0.056832 0.157407
0 1855 0.003325 0.631944 0.005441 0.156481
0 1857 0.951028 0.487037 0.048368 0.159259
0 1858 0.913241 0.151852 0.047763 0.131481
0 1859 0.544438 0.101852 0.033253 0.138889
0 1860 0.566203 0.101852 0.038089 0.131481
0 1861 0.571342 0.034722 0.036276 0.067593
0 1862 0.547461 0.023148 0.033253 0.044444
0 1863 0.593410 0.025463 0.033253 0.049074
0 1867 0.162031 0.195370 0.035067 0.125926
0 1868 0.365780 0.056481 0.045949 0.111111
0 1869 0.335550 0.060648 0.036276 0.108333
0 1870 0.176542 0.100926 0.039903 0.138889
0 1871 0.206469 0.083333 0.042926 0.140741
0 1872 0.250302 0.074537 0.036276 0.137963
0 1873 0.286880 0.027315 0.038089 0.052778
0 1874 0.133011 0.202778 0.031439 0.124074
0 1875 0.983978 0.242593 0.030834 0.150000
0 1878 0.305320 0.191667 0.035067 0.144444
0 1879 0.050484 0.203704 0.038089 0.138889
0 1880 0.067412 0.210185 0.033253 0.133333
0 1881 0.085550 0.225926 0.041717 0.140741
0 1882 0.111850 0.199074 0.035067 0.138889
0 1883 0.031439 0.170833 0.036276 0.123148
0 1884 0.155683 0.040278 0.039299 0.078704
0 1885 0.245163 0.032407 0.038089 0.062963
0 1886 0.033555 0.094907 0.038089 0.139815
0 1888 0.103083 0.044444 0.035671 0.087037
0 1889 0.068924 0.047222 0.042322 0.092593
0 1890 0.211911 0.021296 0.039299 0.040741
0 1893 0.879988 0.147685 0.044135 0.128704
0 1894 0.967956 0.100000 0.036276 0.125926
0 1895 0.966747 0.087963 0.036276 0.116667
0 1896 0.903265 0.048148 0.039903 0.092593
0 1900 0.011790 0.485648 0.022370 0.128704
0 1902 0.983676 0.196296 0.031439 0.120370
0 1903 0.012092 0.175926 0.022975 0.135185
0 1904 0.957074 0.041667 0.035067 0.081481
0 1905 0.011185 0.153241 0.021161 0.137963
0 1907 0.033253 0.146296 0.030230 0.114815
0 1909 0.187122 0.045370 0.039299 0.088889
0 1910 0.143894 0.026389 0.029021 0.050926
0 1913 0.926239 0.040278 0.032648 0.078704
0 1914 0.945284 0.058796 0.034462 0.104630
0 1915 0.985792 0.063889 0.025998 0.103704
0 1916 0.908102 0.110648 0.038694 0.126852
0 1917 0.059553 0.034722 0.029625 0.067593
0 1918 0.171705 0.075463 0.032648 0.119444
0 1919 0.008162 0.135185 0.015115 0.118519
0 1944 0.215236 0.260185 0.041112 0.144444
0 1945 0.286276 0.219907 0.040508 0.136111
