0 1168 0.705562 0.899074 0.065296 0.170370
0 1169 0.754534 0.944444 0.043531 0.112963
0 1175 0.388150 0.552315 0.037485 0.149074
0 1197 0.262092 0.328704 0.042926 0.146296
0 1198 0.079504 0.482407 0.041717 0.150000
0 1199 0.086759 0.717130 0.051391 0.158333
0 1200 0.129383 0.388889 0.038694 0.144444
0 1206 0.103386 0.459259 0.041112 0.146296
0 1284 0.853083 0.369907 0.044740 0.132407
0 1285 0.861548 0.354630 0.041112 0.129630
0 1306 0.281439 0.663426 0.044135 0.165741
0 1307 0.319226 0.636574 0.042322 0.169444
0 1308 0.383011 0.640741 0.034462 0.135185
0 1314 0.718259 0.957407 0.038694 0.087037
0 1317 0.578295 0.940278 0.046554 0.121296
0 1325 0.232769 0.579167 0.033857 0.145370
0 1326 0.242443 0.549074 0.036276 0.131481
0 1328 0.194377 0.557870 0.036880 0.143519
0 1329 0.207981 0.521296 0.044740 0.146296
0 1330 0.167473 0.533796 0.041112 0.150926
0 1343 0.383918 0.225463 0.032648 0.128704
0 1344 0.405985 0.230556 0.032044 0.131481
0 1412 0.714933 0.375463 0.045345 0.121296
0 1413 0.751209 0.387037 0.040508 0.133333
0 1444 0.271765 0.373148 0.047763 0.140741
0 1445 0.246372 0.386111 0.033253 0.151852
0 1490 0.986094 0.760648 0.026602 0.132407
0 1501 0.369105 0.966204 0.044135 0.069444
0 1531 0.507557 0.461111 0.040508 0.140741
0 1549 0.318622 0.772685 0.049577 0.167593
0 1555 0.961306 0.784259 0.043531 0.151852
0 1556 0.940145 0.775463 0.035067 0.128704
0 1557 0.476421 0.400000 0.039903 0.140741
0 1567 0.353386 0.470833 0.035671 0.128704
0 1570 0.352479 0.664815 0.048368 0.164815
0 1573 0.497279 0.575463 0.032044 0.143519
0 1592 0.363966 0.696296 0.032648 0.157407
0 1594 0.381499 0.727315 0.044740 0.171296
0 1638 0.592503 0.612963 0.042322 0.157407
0 1639 0.630290 0.637037 0.044135 0.164815
0 1640 0.628174 0.618056 0.037485 0.126852
0 1650 0.441959 0.731019 0.043531 0.145370
0 1653 0.680472 0.714815 0.051391 0.140741
0 1654 0.459190 0.425000 0.033253 0.142593
0 1655 0.466747 0.525463 0.037485 0.132407
0 1657 0.456771 0.492593 0.048972 0.107407
0 1660 0.504232 0.536574 0.042322 0.156481
0 1661 0.538089 0.569907 0.044740 0.156481
0 1667 0.525393 0.549074 0.033857 0.125926
0 1668 0.511790 0.612963 0.041717 0.118519
0 1675 0.440145 0.058796 0.029021 0.093519
0 1676 0.407195 0.056019 0.036880 0.110185
0 1677 0.445586 0.843981 0.051995 0.165741
0 1678 0.759976 0.638889 0.051995 0.155556
0 1679 0.467050 0.905093 0.052600 0.145370
0 1695 0.912334 0.530093 0.041112 0.145370
0 1696 0.714027 0.670833 0.043531 0.165741
0 1697 0.750605 0.679167 0.042926 0.150926
0 1699 0.882104 0.529630 0.050786 0.157407
0 1701 0.895405 0.712037 0.038694 0.168519
0 1702 0.767533 0.737037 0.041717 0.170370
0 1703 0.965236 0.155556 0.034462 0.118519
0 1704 0.851572 0.743519 0.051391 0.159259
0 1705 0.911729 0.775926 0.045949 0.157407
0 1707 0.868198 0.952778 0.056832 0.096296
0 1708 0.828295 0.968981 0.050786 0.063889
0 1710 0.918682 0.981019 0.032044 0.039815
0 1711 0.607920 0.751389 0.039299 0.160185
0 1712 0.580109 0.776852 0.039299 0.137037
0 1713 0.646917 0.537037 0.045949 0.153704
0 1714 0.629988 0.554167 0.035067 0.143519
0 1716 0.432285 0.587500 0.035067 0.150926
0 1717 0.467956 0.581944 0.036276 0.149074
0 1718 0.274486 0.701852 0.050786 0.170370
0 1719 0.141475 0.486111 0.044740 0.144444
0 1720 0.146312 0.678241 0.047158 0.163889
0 1721 0.538089 0.670833 0.042322 0.165741
0 1722 0.569831 0.684259 0.052600 0.159259
0 1723 0.146312 0.462963 0.039903 0.140741
0 1736 0.228839 0.214815 0.034462 0.120370
0 1737 0.261185 0.201852 0.041112 0.138889
0 1741 0.976723 0.136574 0.033253 0.123148
0 1742 0.941959 0.150000 0.035067 0.131481
0 1743 0.941657 0.127778 0.038089 0.124074
0 1749 0.958585 0.539815 0.047763 0.146296
0 1750 0.955260 0.568519 0.047158 0.146296
0 1752 0.021161 0.839352 0.041112 0.173148
0 1766 0.585248 0.968519 0.048368 0.061111
0 1767 0.974607 0.940278 0.037485 0.119444
0 1771 0.835248 0.398148 0.044135 0.142593
0 1772 0.815901 0.395833 0.036880 0.137963
0 1775 0.804111 0.633333 0.049577 0.174074
0 1776 0.248791 0.625000 0.044135 0.131481
0 1777 0.270859 0.589815 0.054414 0.159259
0 1778 0.287787 0.616204 0.043531 0.160185
0 1779 0.151149 0.425000 0.042322 0.129630
0 1780 0.021463 0.403704 0.041717 0.146296
0 1781 0.012696 0.380556 0.024184 0.127778
0 1782 0.167775 0.398148 0.044135 0.138889
0 1784 0.281439 0.286111 0.041717 0.133333
0 1785 0.291112 0.265741 0.045345 0.138889
0 1788 0.132406 0.518056 0.037485 0.143519
0 1790 0.871221 0.791204 0.060459 0.156481
0 1792 0.792624 0.755093 0.048368 0.152778
0 1793 0.865780 0.646759 0.043531 0.156481
0 1794 0.114571 0.485648 0.036880 0.163889
0 1795 0.827388 0.654630 0.048972 0.157407
0 1797 0.841898 0.516204 0.065901 0.176852
0 1798 0.575574 0.178704 0.039903 0.137037
0 1799 0.541717 0.191667 0.035067 0.144444
0 1800 0.513906 0.192130 0.033857 0.137963
0 1801 0.798065 0.444907 0.042322 0.154630
0 1802 0.738513 0.450463 0.053809 0.143519
0 1803 0.661125 0.354630 0.046554 0.137037
0 1804 0.625453 0.345833 0.044135 0.154630
0 1805 0.633011 0.409259 0.048368 0.148148
0 1806 0.473700 0.064815 0.033253 0.118519
0 1808 0.223398 0.272222 0.039299 0.137037
0 1809 0.368803 0.184259 0.039903 0.144444
0 1810 0.101572 0.243519 0.041112 0.135185
0 1811 0.070133 0.240741 0.041112 0.146296
0 1814 0.023579 0.485648 0.044740 0.156481
0 1816 0.014510 0.313889 0.027811 0.150000
0 1817 0.038089 0.331019 0.042322 0.149074
0 1818 0.525998 0.215741 0.041112 0.144444
0 1819 0.553507 0.136111 0.036880 0.131481
0 1820 0.046252 0.468056 0.046554 0.167593
0 1821 0.251511 0.192593 0.031439 0.112963
0 1822 0.243652 0.163889 0.032648 0.118519
0 1823 0.255139 0.102315 0.030230 0.115741
0 1824 0.463120 0.231019 0.041112 0.134259
0 1825 0.073761 0.429630 0.036276 0.142593
0 1826 0.067110 0.407407 0.045949 0.157407
0 1827 0.599758 0.421296 0.035067 0.114815
0 1828 0.549274 0.347222 0.032044 0.118519
0 1829 0.522370 0.340278 0.039903 0.143519
0 1830 0.285973 0.121296 0.029021 0.125926
0 1831 0.477630 0.331019 0.042322 0.128704
0 1832 0.520556 0.310648 0.041112 0.139815
0 1833 0.205865 0.335185 0.044135 0.148148
0 1834 0.183192 0.362963 0.035067 0.135185
0 1835 0.143591 0.371759 0.033253 0.125000
0 1837 0.449819 0.336111 0.030230 0.103704
0 1838 0.479746 0.229630 0.036880 0.135185
0 1842 0.113362 0.764352 0.052600 0.182407
0 1846 0.010278 0.664352 0.019347 0.150926
0 1847 0.114268 0.943981 0.043531 0.113889
0 1848 0.285067 0.806481 0.051391 0.168519
0 1849 0.203748 0.811574 0.045949 0.167593
0 1850 0.422007 0.793056 0.064087 0.173148
0 1852 0.444377 0.763426 0.050786 0.154630
0 1858 0.913845 0.134722 0.047763 0.128704
0 1859 0.543229 0.084259 0.033253 0.138889
0 1860 0.566203 0.087963 0.038089 0.131481
0 1861 0.557134 0.020370 0.035671 0.038889
0 1862 0.565599 0.012963 0.033253 0.024074
0 1863 0.615175 0.017130 0.033253 0.032407
0 1867 0.172310 0.179630 0.035067 0.125926
0 1868 0.373640 0.051389 0.045949 0.100926
0 1869 0.342805 0.052778 0.036276 0.100000
0 1870 0.186820 0.088889 0.039903 0.138889
0 1871 0.221886 0.070370 0.041112 0.131481
0 1872 0.247884 0.064352 0.036276 0.123148
0 1873 0.288089 0.019907 0.038089 0.037963
0 1874 0.143894 0.182870 0.031439 0.130556
0 1875 0.987001 0.225926 0.024788 0.146296
0 1878 0.312273 0.166667 0.038089 0.144444
0 1879 0.064389 0.186111 0.038089 0.138889
0 1880 0.078900 0.196296 0.033253 0.133333
0 1881 0.100363 0.208333 0.041112 0.137037
0 1882 0.121524 0.184259 0.035067 0.138889
0 1883 0.029625 0.161574 0.036276 0.130556
0 1884 0.159915 0.030093 0.039299 0.058333
0 1885 0.249395 0.021296 0.038089 0.040741
0 1886 0.040810 0.072685 0.038089 0.132407
0 1888 0.118803 0.033796 0.033253 0.065741
0 1889 0.074970 0.036111 0.039903 0.070370
0 1890 0.216747 0.012500 0.039299 0.023148
0 1893 0.882406 0.131019 0.042926 0.128704
0 1895 0.980653 0.074074 0.035067 0.116667
0 1896 0.904474 0.038889 0.037485 0.075926
0 1900 0.010580 0.499074 0.019952 0.100000
0 1903 0.012999 0.163889 0.024788 0.135185
0 1904 0.951935 0.034722 0.034462 0.067593
0 1905 0.015719 0.143519 0.030230 0.140741
0 1907 0.044135 0.130556 0.030230 0.114815
0 1909 0.191354 0.033796 0.039299 0.065741
0 1913 0.930472 0.034259 0.032648 0.066667
0 1914 0.943470 0.053241 0.034462 0.102778
0 1915 0.985792 0.049074 0.027207 0.096296
0 1916 0.912938 0.088426 0.038694 0.126852
0 1917 0.075574 0.025000 0.029021 0.048148
0 1918 0.169589 0.065278 0.032044 0.121296
0 1919 0.011185 0.118519 0.021161 0.118519
0 1944 0.245768 0.244444 0.041717 0.140741
0 1945 0.306227 0.201852 0.038089 0.137037
