0 1168 0.826481 0.927315 0.048368 0.145370
0 1169 0.859129 0.987500 0.025393 0.026852
0 1175 0.388150 0.553241 0.037485 0.154630
0 1197 0.234885 0.348148 0.033253 0.146296
0 1198 0.077086 0.490278 0.039299 0.149074
0 1200 0.085248 0.428704 0.045949 0.144444
0 1206 0.101270 0.464815 0.044135 0.146296
0 1284 0.853083 0.381944 0.039903 0.132407
0 1285 0.860641 0.353241 0.044135 0.128704
0 1306 0.277509 0.671759 0.043531 0.158333
0 1307 0.280230 0.632870 0.039299 0.152778
0 1308 0.381499 0.639352 0.035067 0.141667
0 1314 0.812273 0.961111 0.040508 0.079630
0 1317 0.647521 0.972222 0.045949 0.057407
0 1325 0.232164 0.585648 0.033857 0.147222
0 1326 0.244559 0.552778 0.032044 0.137037
0 1328 0.198609 0.558333 0.039299 0.135185
0 1329 0.206771 0.517593 0.043531 0.153704
0 1330 0.165659 0.539815 0.043531 0.157407
0 1343 0.384220 0.226852 0.033253 0.129630
0 1344 0.405683 0.230093 0.031439 0.130556
0 1412 0.716747 0.379630 0.045345 0.118519
0 1413 0.750605 0.388889 0.041717 0.137037
0 1444 0.267533 0.374074 0.047763 0.146296
0 1445 0.244256 0.386574 0.033857 0.152778
0 1490 0.966747 0.753704 0.041112 0.131481
0 1501 0.362757 0.965741 0.043531 0.070370
0 1531 0.456771 0.436574 0.038089 0.143519
0 1549 0.318017 0.772222 0.048368 0.168519
0 1555 0.973398 0.814815 0.043531 0.151852
0 1556 0.937727 0.806019 0.038694 0.128704
0 1557 0.413845 0.358796 0.046554 0.139815
0 1567 0.349456 0.471759 0.038694 0.130556
0 1570 0.354293 0.670370 0.050786 0.159259
0 1573 0.502721 0.611111 0.032044 0.151852
0 1592 0.365780 0.700000 0.036276 0.159259
0 1594 0.381499 0.733333 0.044740 0.170370
0 1638 0.587062 0.611111 0.043531 0.159259
0 1639 0.627267 0.631481 0.044135 0.164815
0 1640 0.636638 0.617130 0.037485 0.126852
0 1650 0.438634 0.731944 0.044135 0.147222
0 1653 0.680774 0.717593 0.051995 0.138889
0 1654 0.511790 0.464815 0.036880 0.140741
0 1655 0.464027 0.531944 0.040508 0.141667
0 1657 0.453446 0.495370 0.047158 0.107407
0 1660 0.509674 0.556019 0.044740 0.156481
0 1661 0.532648 0.602315 0.044740 0.162037
0 1667 0.553507 0.591204 0.034462 0.123148
0 1668 0.552297 0.645833 0.032044 0.110185
0 1675 0.424123 0.024537 0.024788 0.047222
0 1676 0.403265 0.028704 0.029021 0.055556
0 1677 0.270556 0.949537 0.052600 0.102778
0 1678 0.739420 0.790278 0.049577 0.165741
0 1695 0.984281 0.626389 0.031439 0.149074
0 1696 0.667473 0.819444 0.044740 0.159259
0 1697 0.695889 0.834722 0.049577 0.149074
0 1699 0.952539 0.624074 0.056227 0.159259
0 1701 0.983071 0.848611 0.030230 0.156481
0 1702 0.742140 0.863426 0.044135 0.165741
0 1703 0.969166 0.165278 0.030230 0.099074
0 1704 0.930472 0.883333 0.058041 0.170370
0 1711 0.535067 0.886111 0.045949 0.159259
0 1712 0.483374 0.896296 0.046554 0.138889
0 1713 0.697703 0.630556 0.045949 0.162963
0 1714 0.693168 0.663889 0.039299 0.142593
0 1716 0.431983 0.588426 0.035671 0.150926
0 1717 0.465840 0.585648 0.035671 0.149074
0 1718 0.116082 0.639352 0.048368 0.165741
0 1719 0.123640 0.534259 0.045345 0.144444
0 1720 0.156892 0.810185 0.046554 0.168519
0 1721 0.541415 0.685648 0.041717 0.165741
0 1722 0.571342 0.693981 0.048368 0.160185
0 1723 0.113059 0.523148 0.038694 0.142593
0 1736 0.223096 0.212037 0.031439 0.120370
0 1737 0.262394 0.210185 0.044740 0.135185
0 1741 0.981258 0.144444 0.032648 0.116667
0 1742 0.944982 0.163889 0.039903 0.135185
0 1743 0.963120 0.143056 0.035067 0.117593
0 1766 0.737304 0.970833 0.041717 0.060185
0 1771 0.781439 0.465278 0.040508 0.162037
0 1772 0.750605 0.460648 0.036880 0.137963
0 1775 0.783555 0.772685 0.049577 0.173148
0 1776 0.249698 0.623611 0.043531 0.139815
0 1777 0.272370 0.595370 0.050181 0.166667
0 1778 0.299274 0.618056 0.045949 0.171296
0 1779 0.224002 0.429630 0.036880 0.129630
0 1780 0.097642 0.404630 0.039299 0.146296
0 1781 0.126360 0.393519 0.037485 0.131481
0 1782 0.235792 0.399074 0.043531 0.140741
0 1784 0.424123 0.258333 0.038089 0.127778
0 1785 0.429867 0.241667 0.043531 0.133333
0 1788 0.124244 0.567130 0.036880 0.150926
0 1790 0.978839 0.900926 0.038694 0.159259
0 1792 0.778718 0.879630 0.050786 0.150000
0 1793 0.932285 0.811574 0.053204 0.173148
0 1794 0.103083 0.543056 0.046554 0.167593
0 1795 0.866989 0.797685 0.055623 0.173148
0 1797 0.901149 0.606019 0.065901 0.182407
0 1798 0.569528 0.240741 0.039903 0.137037
0 1799 0.538089 0.241204 0.035067 0.145370
0 1800 0.512696 0.247685 0.033857 0.137963
0 1801 0.844619 0.527778 0.048368 0.161111
0 1802 0.799879 0.533796 0.053204 0.149074
0 1803 0.756046 0.426852 0.046554 0.138889
0 1804 0.717654 0.424074 0.049577 0.146296
0 1805 0.673821 0.512037 0.050181 0.159259
0 1806 0.485792 0.123148 0.033253 0.122222
0 1808 0.111850 0.331481 0.065296 0.142593
0 1809 0.282044 0.243519 0.047763 0.144444
0 1810 0.011790 0.328704 0.022370 0.138889
0 1817 0.008464 0.405556 0.015719 0.150000
0 1818 0.647521 0.246296 0.035067 0.144444
0 1819 0.669287 0.219907 0.039903 0.134259
0 1820 0.010883 0.544444 0.020556 0.168519
0 1821 0.250907 0.191667 0.031439 0.112963
0 1822 0.245466 0.165278 0.031439 0.115741
0 1823 0.254232 0.103241 0.029625 0.117593
0 1824 0.532648 0.322685 0.041112 0.134259
0 1825 0.047158 0.488889 0.037485 0.146296
0 1826 0.034764 0.468981 0.045345 0.156481
0 1827 0.643591 0.516204 0.034462 0.115741
0 1828 0.600363 0.420370 0.032648 0.118519
0 1829 0.570738 0.414352 0.039903 0.143519
0 1830 0.285973 0.120833 0.029021 0.125000
0 1831 0.521765 0.409259 0.042322 0.131481
0 1832 0.570435 0.388889 0.041717 0.140741
0 1833 0.165054 0.421296 0.044740 0.162963
0 1834 0.160520 0.437037 0.034462 0.135185
0 1835 0.136941 0.462037 0.036880 0.138889
0 1837 0.499093 0.425926 0.030834 0.114815
0 1838 0.553204 0.307407 0.032648 0.135185
0 1842 0.303507 0.817593 0.051995 0.175926
0 1843 0.023881 0.941204 0.045345 0.117593
0 1846 0.120919 0.764352 0.042322 0.156481
0 1847 0.291717 0.981944 0.040508 0.037963
0 1848 0.480351 0.800463 0.046554 0.173148
0 1849 0.396010 0.817593 0.049577 0.164815
0 1850 0.629383 0.769907 0.067715 0.171296
0 1851 0.043531 0.769444 0.054414 0.164815
0 1852 0.682890 0.747222 0.055018 0.151852
0 1855 0.088573 0.718981 0.048972 0.147222
0 1856 0.919287 0.462037 0.044135 0.161111
0 1857 0.837062 0.396296 0.044135 0.142593
0 1858 0.912636 0.200926 0.047763 0.138889
0 1859 0.548065 0.147222 0.033253 0.138889
0 1860 0.577388 0.145833 0.036276 0.128704
0 1861 0.584643 0.079630 0.036276 0.124074
0 1862 0.486397 0.052778 0.033253 0.103704
0 1863 0.521463 0.050000 0.028416 0.098148
0 1864 0.533253 0.029167 0.036276 0.056481
0 1865 0.624849 0.021296 0.032044 0.040741
0 1866 0.588573 0.013889 0.028416 0.025926
0 1867 0.130290 0.259259 0.034462 0.133333
0 1868 0.348247 0.111111 0.041112 0.120370
0 1869 0.319831 0.114815 0.036276 0.112963
0 1870 0.151149 0.134259 0.039903 0.129630
0 1871 0.181076 0.134259 0.042926 0.151852
0 1872 0.223096 0.110185 0.036276 0.140741
0 1873 0.264208 0.056481 0.037485 0.105556
0 1874 0.088875 0.248611 0.031439 0.119444
0 1875 0.983071 0.312963 0.032648 0.150000
0 1878 0.247582 0.236574 0.044135 0.134259
0 1879 0.009371 0.250926 0.017533 0.138889
0 1880 0.025091 0.263889 0.033253 0.133333
0 1881 0.048972 0.275463 0.041112 0.143519
0 1882 0.070435 0.252778 0.034462 0.138889
0 1883 0.022068 0.201389 0.036880 0.121296
0 1884 0.116687 0.055093 0.045949 0.108333
0 1885 0.224002 0.059259 0.038089 0.116667
0 1886 0.014510 0.147685 0.027811 0.147222
0 1888 0.033555 0.078704 0.038089 0.138889
0 1889 0.030834 0.066204 0.036276 0.128704
0 1890 0.171705 0.054630 0.039903 0.107407
0 1891 0.192563 0.038426 0.038089 0.075000
0 1892 0.977025 0.210648 0.037485 0.134259
0 1893 0.875151 0.200926 0.045345 0.127778
0 1894 0.896010 0.140278 0.035067 0.130556
0 1895 0.926844 0.127778 0.036276 0.116667
0 1896 0.894196 0.089352 0.039903 0.121296
0 1897 0.879988 0.036111 0.029625 0.070370
0 1898 0.971886 0.102778 0.036880 0.125926
0 1899 0.002418 0.458333 0.003628 0.140741
0 1900 0.018742 0.447222 0.036276 0.146296
0 1901 0.006953 0.426852 0.012696 0.138889
0 1902 0.957074 0.207407 0.036276 0.124074
0 1903 0.005744 0.206481 0.010278 0.127778
0 1904 0.953446 0.065741 0.030230 0.098148
0 1906 0.013301 0.487963 0.025393 0.135185
0 1907 0.009674 0.196296 0.018138 0.114815
0 1908 0.112152 0.032407 0.034462 0.062963
0 1909 0.187424 0.065278 0.038694 0.121296
0 1910 0.106409 0.045370 0.031439 0.088889
0 1911 0.086457 0.019907 0.029021 0.037963
0 1912 0.111245 0.025463 0.030230 0.049074
0 1913 0.912938 0.078241 0.035067 0.119444
0 1914 0.945586 0.089352 0.035067 0.104630
0 1915 0.937122 0.115741 0.027811 0.103704
0 1916 0.912334 0.168981 0.039903 0.128704
0 1917 0.024184 0.053241 0.030230 0.104630
0 1918 0.168682 0.118056 0.031439 0.121296
0 1944 0.128174 0.309259 0.041112 0.146296
0 1945 0.205260 0.230093 0.041717 0.136111
