0 1168 0.831923 0.928241 0.048368 0.141667
0 1175 0.387545 0.552778 0.037485 0.155556
0 1197 0.229141 0.349074 0.036276 0.144444
0 1198 0.077086 0.489815 0.039299 0.148148
0 1200 0.082830 0.431019 0.044740 0.145370
0 1206 0.101270 0.463889 0.045345 0.146296
0 1284 0.852781 0.381944 0.039299 0.132407
0 1285 0.861850 0.351389 0.042926 0.128704
0 1306 0.276904 0.671759 0.043531 0.160185
0 1307 0.279625 0.632407 0.039299 0.153704
0 1308 0.381499 0.638889 0.035067 0.142593
0 1314 0.811669 0.960185 0.041717 0.081481
0 1317 0.653567 0.974074 0.045949 0.053704
0 1325 0.232164 0.585648 0.033857 0.147222
0 1326 0.244559 0.552778 0.032044 0.137037
0 1328 0.198005 0.558333 0.039299 0.135185
0 1329 0.206469 0.517593 0.042926 0.153704
0 1330 0.165054 0.539815 0.043531 0.157407
0 1343 0.384522 0.226852 0.033857 0.129630
0 1344 0.405683 0.230093 0.031439 0.130556
0 1412 0.717050 0.379630 0.044740 0.118519
0 1413 0.750605 0.388889 0.041717 0.137037
0 1444 0.266022 0.373148 0.047158 0.146296
0 1445 0.243954 0.385185 0.034462 0.151852
0 1490 0.962213 0.752778 0.041717 0.131481
0 1501 0.359129 0.965278 0.043531 0.071296
0 1531 0.452842 0.436574 0.037485 0.143519
0 1549 0.317715 0.771759 0.047763 0.169444
0 1555 0.974607 0.817593 0.043531 0.151852
0 1556 0.936820 0.808796 0.039299 0.128704
0 1557 0.409311 0.355093 0.047158 0.139815
0 1567 0.348851 0.471759 0.038694 0.130556
0 1570 0.353083 0.669907 0.049577 0.160185
0 1573 0.503930 0.613889 0.032044 0.151852
0 1592 0.365780 0.700000 0.036276 0.159259
0 1594 0.380593 0.733796 0.044135 0.165741
0 1638 0.587364 0.611111 0.042926 0.159259
0 1639 0.627267 0.631481 0.044135 0.164815
0 1640 0.637545 0.616204 0.036880 0.126852
0 1650 0.438634 0.731944 0.044135 0.147222
0 1653 0.681378 0.716204 0.051995 0.139815
0 1654 0.511790 0.469907 0.038089 0.143519
0 1655 0.464027 0.532407 0.040508 0.142593
0 1657 0.453144 0.496296 0.046554 0.107407
0 1660 0.509976 0.556481 0.044135 0.155556
0 1661 0.531439 0.602315 0.044740 0.162037
0 1667 0.551391 0.590278 0.033857 0.123148
0 1668 0.551995 0.646759 0.032648 0.110185
0 1675 0.422612 0.023611 0.024184 0.045370
0 1676 0.404474 0.026389 0.026602 0.050926
0 1677 0.259371 0.953241 0.050786 0.095370
0 1678 0.733071 0.796759 0.048972 0.165741
0 1695 0.984885 0.630093 0.030230 0.149074
0 1696 0.660822 0.828241 0.044740 0.160185
0 1697 0.690145 0.843056 0.048972 0.149074
0 1699 0.954958 0.628241 0.056227 0.160185
0 1702 0.739722 0.868981 0.044135 0.165741
0 1703 0.968863 0.166204 0.030834 0.099074
0 1704 0.936215 0.892130 0.061064 0.169444
0 1711 0.531439 0.892130 0.045949 0.156481
0 1712 0.478235 0.901852 0.045949 0.135185
0 1713 0.699516 0.635648 0.045949 0.162037
0 1714 0.697098 0.670370 0.041112 0.142593
0 1716 0.431681 0.588426 0.036276 0.150926
0 1717 0.465840 0.584722 0.035671 0.149074
0 1718 0.102479 0.642130 0.038089 0.165741
0 1719 0.123640 0.537963 0.044135 0.144444
0 1720 0.156288 0.816667 0.046554 0.168519
0 1721 0.541415 0.683796 0.041717 0.165741
0 1722 0.571342 0.693981 0.048368 0.160185
0 1723 0.113362 0.524074 0.038089 0.142593
0 1736 0.223096 0.212037 0.031439 0.120370
0 1737 0.262999 0.210185 0.044740 0.135185
0 1741 0.980653 0.144907 0.032648 0.117593
0 1742 0.945586 0.164815 0.039903 0.135185
0 1743 0.964027 0.143519 0.035671 0.118519
0 1766 0.745768 0.970833 0.041717 0.060185
0 1771 0.776300 0.469907 0.039903 0.160185
0 1772 0.746675 0.465278 0.036276 0.139815
0 1775 0.780532 0.780093 0.049577 0.173148
0 1776 0.249698 0.622685 0.043531 0.141667
0 1777 0.273277 0.594907 0.050786 0.165741
0 1778 0.299274 0.618519 0.045949 0.174074
0 1779 0.228839 0.429167 0.036880 0.128704
0 1780 0.104595 0.404630 0.039903 0.146296
0 1781 0.135732 0.394444 0.036880 0.131481
0 1782 0.239722 0.398148 0.042926 0.140741
0 1784 0.432588 0.255556 0.039299 0.127778
0 1785 0.437727 0.239815 0.043531 0.133333
0 1788 0.125151 0.568981 0.037485 0.150926
0 1790 0.981560 0.906944 0.034462 0.162037
0 1792 0.776602 0.887037 0.050181 0.148148
0 1793 0.938936 0.819907 0.054414 0.167593
0 1794 0.103386 0.545833 0.045949 0.167593
0 1795 0.871826 0.806481 0.056832 0.174074
0 1797 0.904776 0.610648 0.065901 0.182407
0 1798 0.569226 0.245370 0.039299 0.137037
0 1799 0.535671 0.243981 0.035067 0.145370
0 1800 0.510883 0.251389 0.033857 0.137963
0 1801 0.850060 0.531944 0.048368 0.162037
0 1802 0.802902 0.538426 0.053204 0.150926
0 1803 0.762696 0.428241 0.047763 0.139815
0 1804 0.723096 0.426852 0.049577 0.146296
0 1805 0.676542 0.518056 0.050786 0.160185
0 1806 0.484583 0.125926 0.033253 0.122222
0 1808 0.103083 0.334259 0.067110 0.142593
0 1809 0.276300 0.247685 0.045949 0.145370
0 1810 0.008162 0.332407 0.015115 0.138889
0 1817 0.007860 0.410185 0.014510 0.150000
0 1818 0.653265 0.247222 0.038089 0.144444
0 1819 0.674728 0.226852 0.039903 0.138889
0 1820 0.009069 0.550463 0.016929 0.171296
0 1821 0.250302 0.192130 0.030230 0.113889
0 1822 0.244861 0.164352 0.031439 0.115741
0 1823 0.253930 0.104630 0.030230 0.120370
0 1824 0.538392 0.326389 0.040508 0.134259
0 1825 0.047158 0.489352 0.037485 0.145370
0 1826 0.032950 0.472222 0.045345 0.155556
0 1827 0.646917 0.520833 0.035067 0.115741
0 1828 0.604595 0.422685 0.032648 0.117593
0 1829 0.574365 0.416204 0.039903 0.143519
0 1830 0.285973 0.120370 0.029021 0.124074
0 1831 0.527509 0.412963 0.042926 0.131481
0 1832 0.573458 0.392593 0.041717 0.140741
0 1833 0.162031 0.425000 0.044740 0.162963
0 1834 0.159311 0.439815 0.034462 0.135185
0 1835 0.137545 0.466667 0.036880 0.140741
0 1837 0.503628 0.430556 0.031439 0.114815
0 1838 0.557437 0.312037 0.032648 0.135185
0 1842 0.320133 0.825000 0.057437 0.177778
0 1843 0.033253 0.943056 0.045949 0.112037
0 1846 0.130290 0.768981 0.041717 0.156481
0 1847 0.301391 0.983333 0.039299 0.035185
0 1848 0.491838 0.801389 0.062273 0.173148
0 1849 0.411729 0.812963 0.051995 0.162963
0 1850 0.648428 0.763889 0.059855 0.164815
0 1851 0.047763 0.774074 0.054414 0.164815
0 1852 0.698912 0.742130 0.051995 0.149074
0 1855 0.099758 0.729630 0.049577 0.144444
0 1856 0.903869 0.455093 0.055623 0.154630
0 1857 0.830411 0.390741 0.044135 0.142593
0 1858 0.912636 0.203704 0.047763 0.138889
0 1859 0.547461 0.150926 0.033253 0.138889
0 1860 0.579504 0.146759 0.034462 0.126852
0 1861 0.586759 0.085185 0.036880 0.124074
0 1862 0.481560 0.053704 0.033253 0.105556
0 1863 0.517231 0.051389 0.028416 0.100926
0 1864 0.531439 0.031019 0.036276 0.060185
0 1865 0.624849 0.023148 0.032044 0.044444
0 1866 0.588573 0.015741 0.028416 0.029630
0 1867 0.127267 0.263889 0.034462 0.133333
0 1868 0.344921 0.116667 0.041717 0.120370
0 1869 0.318017 0.118056 0.036276 0.113889
0 1870 0.149940 0.136111 0.039903 0.129630
0 1871 0.179262 0.137037 0.042926 0.151852
0 1872 0.218863 0.113889 0.036276 0.140741
0 1873 0.260883 0.058796 0.038089 0.106481
0 1874 0.085248 0.252315 0.031439 0.119444
0 1875 0.983676 0.319444 0.031439 0.150000
0 1878 0.239117 0.239352 0.041717 0.136111
0 1879 0.007557 0.255556 0.013906 0.138889
0 1880 0.019649 0.267593 0.033253 0.133333
0 1881 0.045042 0.280093 0.041717 0.145370
0 1882 0.068017 0.256481 0.034462 0.138889
0 1883 0.020254 0.203704 0.036880 0.122222
0 1884 0.113664 0.056019 0.044740 0.110185
0 1885 0.222793 0.061111 0.038089 0.120370
0 1886 0.013301 0.150463 0.025393 0.149074
0 1888 0.028114 0.081481 0.038089 0.140741
0 1889 0.028416 0.068519 0.036276 0.131481
0 1890 0.168380 0.057407 0.039299 0.111111
0 1891 0.191354 0.039815 0.038089 0.077778
0 1892 0.976723 0.212500 0.036880 0.134259
0 1893 0.874849 0.205093 0.044740 0.128704
0 1894 0.893591 0.142130 0.035067 0.128704
0 1895 0.923821 0.128704 0.036276 0.116667
0 1896 0.892382 0.093519 0.039903 0.122222
0 1897 0.883615 0.039815 0.030834 0.077778
0 1898 0.967352 0.106481 0.037485 0.125926
0 1899 0.003325 0.456944 0.005441 0.141667
0 1900 0.019649 0.446296 0.038089 0.146296
0 1901 0.007860 0.425000 0.014510 0.138889
0 1902 0.957074 0.209259 0.036276 0.124074
0 1903 0.005139 0.208333 0.009069 0.125926
0 1904 0.953144 0.068981 0.029625 0.099074
0 1906 0.013603 0.485648 0.025998 0.134259
0 1907 0.008767 0.199074 0.016324 0.114815
0 1908 0.104897 0.035185 0.034462 0.068519
0 1909 0.189238 0.068056 0.038694 0.121296
0 1910 0.103990 0.045833 0.031439 0.089815
0 1911 0.080713 0.020833 0.029625 0.039815
0 1912 0.113059 0.026389 0.030230 0.050926
0 1913 0.911125 0.081944 0.035067 0.121296
0 1914 0.944075 0.090278 0.034462 0.104630
0 1915 0.929565 0.118056 0.027207 0.104630
0 1916 0.912938 0.171759 0.039903 0.128704
0 1917 0.021765 0.054630 0.030230 0.107407
0 1918 0.167473 0.119907 0.031439 0.121296
0 1920 0.983071 0.117593 0.027811 0.087037
0 1944 0.120314 0.311111 0.041112 0.146296
0 1945 0.199819 0.231019 0.040508 0.136111
