0 795 0.109734 0.027778 0.038089 0.053704
0 800 0.158102 0.034259 0.032044 0.066667
0 822 0.657195 0.014352 0.025393 0.026852
0 823 0.677146 0.015278 0.026602 0.028704
0 838 0.930169 0.025000 0.032044 0.048148
0 839 0.896010 0.021296 0.030230 0.040741
0 840 0.915961 0.043056 0.031439 0.084259
0 849 0.984885 0.026389 0.024184 0.050926
0 861 0.412938 0.024074 0.021765 0.046296
0 1168 0.851270 0.935648 0.048368 0.126852
0 1175 0.386336 0.551389 0.039903 0.158333
0 1197 0.208585 0.348611 0.033857 0.136111
0 1198 0.077086 0.489815 0.038089 0.146296
0 1200 0.071040 0.439815 0.039299 0.151852
0 1206 0.102177 0.468519 0.042322 0.151852
0 1284 0.851874 0.380093 0.037485 0.132407
0 1285 0.865478 0.345370 0.038089 0.124074
0 1306 0.274788 0.670370 0.044135 0.166667
0 1307 0.276602 0.628241 0.046554 0.154630
0 1308 0.381499 0.638889 0.035067 0.144444
0 1314 0.812576 0.956944 0.045949 0.086111
0 1317 0.675333 0.981481 0.043531 0.038889
0 1325 0.231258 0.585185 0.034462 0.148148
0 1326 0.244861 0.552778 0.030230 0.138889
0 1328 0.197098 0.558333 0.041112 0.135185
0 1329 0.206469 0.516667 0.042926 0.155556
0 1330 0.163845 0.539815 0.043531 0.157407
0 1343 0.384825 0.226852 0.034462 0.129630
0 1344 0.405683 0.229630 0.031439 0.129630
0 1412 0.717352 0.378704 0.042926 0.116667
0 1413 0.750302 0.389352 0.042322 0.137963
0 1444 0.257557 0.369444 0.042322 0.144444
0 1445 0.242745 0.381944 0.034462 0.149074
0 1490 0.957678 0.763426 0.042322 0.136111
0 1501 0.345526 0.962500 0.044135 0.076852
0 1531 0.438936 0.435648 0.036276 0.147222
0 1549 0.317412 0.771759 0.047158 0.169444
0 1555 0.976723 0.830093 0.044135 0.156481
0 1556 0.935913 0.824074 0.039903 0.127778
0 1557 0.389359 0.342130 0.047158 0.139815
0 1567 0.347037 0.470370 0.038694 0.131481
0 1570 0.349758 0.668981 0.044135 0.163889
0 1573 0.512092 0.620833 0.037485 0.149074
0 1592 0.366989 0.700463 0.037485 0.160185
0 1594 0.376965 0.727315 0.044135 0.165741
0 1638 0.588573 0.611111 0.044135 0.161111
0 1639 0.627872 0.630093 0.044135 0.163889
0 1640 0.639964 0.612037 0.033253 0.125926
0 1650 0.439238 0.732870 0.044135 0.147222
0 1653 0.681983 0.713889 0.051995 0.142593
0 1654 0.512092 0.490741 0.041112 0.153704
0 1655 0.463422 0.533796 0.041717 0.143519
0 1657 0.450726 0.496296 0.045345 0.107407
0 1660 0.510580 0.561574 0.040508 0.154630
0 1661 0.536880 0.602778 0.044740 0.157407
0 1667 0.545949 0.589815 0.031439 0.124074
0 1668 0.551995 0.655556 0.035067 0.118519
0 1675 0.422007 0.022222 0.022975 0.042593
0 1676 0.409311 0.018981 0.024184 0.036111
0 1677 0.218259 0.968519 0.045949 0.064815
0 1678 0.708585 0.820370 0.048368 0.162963
0 1695 0.988210 0.646759 0.023579 0.149074
0 1696 0.635127 0.862963 0.045345 0.166667
0 1697 0.667775 0.875000 0.047763 0.150000
0 1699 0.965840 0.645370 0.051391 0.159259
0 1702 0.733374 0.896296 0.043531 0.155556
0 1703 0.967956 0.171296 0.031439 0.098148
0 1704 0.964933 0.918981 0.054414 0.163889
0 1711 0.517231 0.914815 0.045345 0.142593
0 1712 0.459492 0.924537 0.045949 0.121296
0 1713 0.706167 0.656019 0.045949 0.162037
0 1714 0.716143 0.696296 0.040508 0.146296
0 1716 0.431378 0.586574 0.039299 0.150926
0 1717 0.466143 0.583333 0.035067 0.148148
0 1718 0.052297 0.653241 0.046554 0.165741
0 1719 0.120012 0.547222 0.044135 0.150000
0 1720 0.154776 0.842593 0.047158 0.172222
0 1721 0.539601 0.685648 0.042926 0.165741
0 1722 0.571644 0.693981 0.047763 0.160185
0 1723 0.114268 0.527315 0.037485 0.145370
0 1736 0.222491 0.209259 0.031439 0.120370
0 1737 0.262999 0.206481 0.044740 0.135185
0 1741 0.978235 0.144444 0.031439 0.122222
0 1742 0.942563 0.168056 0.039903 0.132407
0 1743 0.967654 0.146759 0.036880 0.121296
0 1766 0.774184 0.974074 0.039299 0.053704
0 1771 0.758767 0.485185 0.037485 0.155556
0 1772 0.735187 0.480556 0.038694 0.138889
0 1775 0.772068 0.809722 0.054414 0.173148
0 1776 0.248489 0.622222 0.039903 0.148148
0 1777 0.276300 0.593056 0.051995 0.163889
0 1778 0.298972 0.625463 0.045345 0.173148
0 1779 0.248791 0.426389 0.036880 0.128704
0 1780 0.131802 0.406944 0.039903 0.145370
0 1781 0.169287 0.399074 0.038694 0.131481
0 1782 0.254534 0.395833 0.042322 0.141667
0 1784 0.470979 0.248148 0.041112 0.127778
0 1785 0.474607 0.231481 0.041112 0.133333
0 1788 0.128779 0.577315 0.038694 0.150926
0 1792 0.767836 0.912500 0.049577 0.139815
0 1793 0.961306 0.850926 0.055623 0.155556
0 1794 0.103083 0.555093 0.045345 0.167593
0 1795 0.889964 0.839815 0.058041 0.174074
0 1797 0.916566 0.630093 0.066505 0.180556
0 1798 0.564389 0.262500 0.038089 0.143519
0 1799 0.528416 0.255093 0.035067 0.143519
0 1800 0.504232 0.262037 0.035067 0.138889
0 1801 0.864571 0.549537 0.048368 0.158333
0 1802 0.817715 0.559722 0.051391 0.150926
0 1803 0.788089 0.440278 0.045345 0.139815
0 1804 0.745163 0.439352 0.048972 0.147222
0 1805 0.686518 0.541204 0.053809 0.160185
0 1806 0.480351 0.135185 0.033253 0.122222
0 1808 0.066203 0.343519 0.067110 0.142593
0 1809 0.255441 0.265278 0.039299 0.150926
0 1817 0.004534 0.426852 0.007860 0.146296
0 1818 0.677449 0.258333 0.038089 0.144444
0 1819 0.701028 0.245370 0.036880 0.142593
0 1820 0.002721 0.571296 0.004232 0.174074
0 1821 0.247884 0.194444 0.029021 0.114815
0 1822 0.243652 0.165278 0.031439 0.121296
0 1823 0.253325 0.109259 0.031439 0.129630
0 1824 0.560762 0.341667 0.039299 0.135185
0 1825 0.047461 0.502315 0.038089 0.147222
0 1826 0.027811 0.481944 0.044740 0.154630
0 1827 0.656892 0.543056 0.034462 0.117593
0 1828 0.626965 0.426389 0.045949 0.115741
0 1829 0.587969 0.425926 0.042926 0.142593
0 1830 0.285671 0.119444 0.028416 0.122222
0 1831 0.550484 0.428704 0.045345 0.135185
0 1832 0.584341 0.403704 0.041717 0.140741
0 1833 0.152358 0.437037 0.043531 0.159259
0 1834 0.157799 0.453241 0.035067 0.139815
0 1835 0.138755 0.484722 0.036880 0.145370
0 1837 0.520556 0.448148 0.033857 0.120370
0 1838 0.577690 0.325000 0.033253 0.131481
0 1842 0.359734 0.829167 0.053204 0.176852
0 1843 0.075272 0.946296 0.044135 0.105556
0 1846 0.167775 0.786574 0.041717 0.158333
0 1847 0.337364 0.988426 0.036276 0.025000
0 1848 0.542322 0.794907 0.062878 0.184259
0 1849 0.459492 0.801852 0.054414 0.164815
0 1850 0.706771 0.755093 0.061669 0.163889
0 1851 0.062576 0.790741 0.053809 0.164815
0 1852 0.748489 0.726389 0.041112 0.156481
0 1855 0.127570 0.751852 0.055623 0.148148
0 1856 0.864873 0.426389 0.046554 0.154630
0 1857 0.811366 0.354167 0.044740 0.134259
0 1858 0.912636 0.215741 0.047763 0.138889
0 1859 0.552600 0.161574 0.033857 0.137963
0 1860 0.587969 0.156944 0.032044 0.126852
0 1861 0.593108 0.108796 0.038694 0.132407
0 1862 0.461608 0.060185 0.033253 0.116667
0 1863 0.508767 0.057870 0.030834 0.108333
0 1864 0.535067 0.039815 0.036276 0.077778
0 1865 0.622430 0.030556 0.033253 0.059259
0 1866 0.585852 0.023148 0.030230 0.044444
0 1867 0.115175 0.279630 0.034462 0.133333
0 1868 0.332830 0.126389 0.036880 0.125000
0 1869 0.312273 0.130093 0.036880 0.117593
0 1870 0.145707 0.142593 0.039903 0.129630
0 1871 0.171403 0.143519 0.042926 0.151852
0 1872 0.203748 0.127778 0.036276 0.140741
0 1873 0.248791 0.068056 0.036880 0.113889
0 1874 0.074667 0.271296 0.033253 0.131481
0 1878 0.209794 0.245370 0.041112 0.133333
0 1880 0.008464 0.281481 0.015719 0.133333
0 1881 0.028718 0.296759 0.041717 0.147222
0 1882 0.056832 0.268981 0.033857 0.136111
0 1883 0.016324 0.222222 0.031439 0.131481
0 1884 0.102479 0.060648 0.040508 0.115741
0 1885 0.214933 0.065278 0.035671 0.123148
0 1886 0.009371 0.160648 0.017533 0.154630
0 1887 0.005744 0.162500 0.010278 0.137963
0 1888 0.017836 0.100000 0.034462 0.137037
0 1889 0.025393 0.080556 0.036276 0.133333
0 1890 0.155683 0.067130 0.036880 0.125000
0 1891 0.186215 0.044907 0.037485 0.087963
0 1892 0.976119 0.218981 0.034462 0.136111
0 1893 0.873337 0.220833 0.042926 0.132407
0 1894 0.883615 0.150463 0.034462 0.121296
0 1895 0.915357 0.141204 0.033857 0.121296
0 1896 0.882709 0.104167 0.037485 0.128704
0 1897 0.895405 0.052315 0.035067 0.102778
0 1898 0.951935 0.117130 0.034462 0.125000
0 1899 0.007255 0.451852 0.013301 0.144444
0 1900 0.023881 0.441667 0.038089 0.146296
0 1901 0.011790 0.419444 0.022370 0.138889
0 1902 0.957376 0.215741 0.035671 0.122222
0 1904 0.944680 0.083333 0.030834 0.111111
0 1906 0.014813 0.478704 0.028416 0.129630
0 1907 0.004837 0.203704 0.008464 0.120370
0 1908 0.071947 0.040741 0.035067 0.079630
0 1909 0.186215 0.082870 0.038694 0.121296
0 1910 0.091898 0.052315 0.031439 0.102778
0 1911 0.070133 0.027315 0.030230 0.052778
0 1912 0.118803 0.029630 0.030834 0.057407
0 1913 0.903869 0.096759 0.035067 0.123148
0 1914 0.937122 0.095833 0.033857 0.104630
0 1915 0.911729 0.129630 0.027811 0.112963
0 1916 0.914752 0.187037 0.039903 0.133333
0 1917 0.011487 0.068981 0.021765 0.113889
0 1918 0.164450 0.130093 0.031439 0.121296
0 1920 0.962515 0.119444 0.029021 0.087037
0 1921 0.549879 0.433796 0.039299 0.132407
0 1924 0.988513 0.343519 0.021765 0.153704
0 1926 0.512394 0.028241 0.032044 0.054630
0 1944 0.091294 0.325926 0.041112 0.150000
0 1945 0.179867 0.234259 0.035671 0.138889
