0 1168 0.620314 0.891204 0.050786 0.171296
0 1169 0.681076 0.924074 0.042926 0.151852
0 1175 0.388150 0.547685 0.037485 0.145370
0 1197 0.292322 0.307407 0.040508 0.138889
0 1198 0.080713 0.467593 0.041717 0.150000
0 1199 0.185611 0.659259 0.042322 0.159259
0 1200 0.198912 0.362963 0.035067 0.144444
0 1206 0.114268 0.446296 0.044740 0.146296
0 1246 0.837666 0.981481 0.029625 0.037037
0 1247 0.907799 0.959259 0.062273 0.083333
0 1284 0.847340 0.360648 0.039299 0.134259
0 1285 0.859129 0.356019 0.036276 0.128704
0 1306 0.280532 0.661574 0.042322 0.162037
0 1307 0.351270 0.620370 0.041112 0.161111
0 1308 0.387848 0.640741 0.034462 0.135185
0 1314 0.630593 0.948148 0.039903 0.105556
0 1317 0.568319 0.932870 0.045949 0.136111
0 1325 0.233978 0.578241 0.033857 0.145370
0 1326 0.240024 0.542593 0.036276 0.131481
0 1328 0.193773 0.562963 0.041717 0.148148
0 1329 0.215538 0.520833 0.042926 0.104630
0 1330 0.164148 0.531481 0.041717 0.146296
0 1343 0.382104 0.228241 0.032648 0.128704
0 1344 0.406892 0.229630 0.032648 0.131481
0 1412 0.714329 0.374074 0.044135 0.120370
0 1413 0.752116 0.386111 0.039903 0.131481
0 1444 0.272975 0.372685 0.047763 0.143519
0 1445 0.247582 0.384259 0.033253 0.148148
0 1490 0.974002 0.750926 0.042322 0.140741
0 1501 0.372733 0.962500 0.042926 0.076852
0 1531 0.532950 0.453241 0.040508 0.141667
0 1549 0.318622 0.772685 0.049577 0.167593
0 1555 0.967352 0.784259 0.047158 0.151852
0 1556 0.944377 0.775926 0.035067 0.129630
0 1557 0.514813 0.425463 0.044135 0.139815
0 1567 0.352479 0.468056 0.032648 0.128704
0 1570 0.344015 0.654630 0.042322 0.164815
0 1573 0.504534 0.539352 0.036880 0.143519
0 1592 0.364873 0.697222 0.032044 0.157407
0 1594 0.378779 0.730093 0.044135 0.171296
0 1638 0.587666 0.627778 0.047158 0.157407
0 1639 0.626058 0.644907 0.036880 0.160185
0 1640 0.623337 0.625463 0.037485 0.126852
0 1650 0.442261 0.731019 0.045345 0.145370
0 1653 0.683192 0.714815 0.050786 0.140741
0 1654 0.405381 0.432407 0.036880 0.131481
0 1655 0.466747 0.525000 0.038694 0.131481
0 1657 0.455562 0.489815 0.048972 0.107407
0 1660 0.497582 0.481481 0.042322 0.138889
0 1661 0.537485 0.563889 0.044740 0.153704
0 1667 0.517533 0.501389 0.035067 0.110185
0 1668 0.517836 0.598611 0.041717 0.123148
0 1675 0.438331 0.095370 0.026602 0.094444
0 1676 0.412334 0.076852 0.035067 0.124074
0 1677 0.558646 0.748611 0.047158 0.167593
0 1678 0.749093 0.532407 0.050786 0.153704
0 1679 0.581620 0.799074 0.041112 0.135185
0 1695 0.866385 0.451389 0.042322 0.132407
0 1696 0.690750 0.555556 0.044135 0.162963
0 1697 0.719166 0.560185 0.039299 0.146296
0 1699 0.838875 0.452778 0.041717 0.155556
0 1701 0.863664 0.599537 0.042926 0.154630
0 1702 0.747279 0.631481 0.042322 0.161111
0 1703 0.953144 0.148611 0.035671 0.121296
0 1704 0.824063 0.635185 0.049577 0.153704
0 1705 0.834643 0.700000 0.063482 0.142593
0 1707 0.801693 0.866667 0.064087 0.172222
0 1708 0.774486 0.900463 0.054414 0.173148
0 1710 0.840992 0.929167 0.053204 0.143519
0 1711 0.663845 0.668519 0.039903 0.153704
0 1712 0.633615 0.687963 0.039903 0.135185
0 1713 0.616989 0.467593 0.046554 0.151852
0 1714 0.586155 0.480093 0.034462 0.137963
0 1715 0.947400 0.909259 0.060459 0.183333
0 1716 0.432285 0.586574 0.035067 0.150926
0 1717 0.464933 0.582870 0.037485 0.149074
0 1718 0.394196 0.760648 0.049577 0.173148
0 1719 0.156892 0.448148 0.044135 0.144444
0 1720 0.128174 0.574537 0.047158 0.160185
0 1721 0.526602 0.639352 0.042322 0.160185
0 1722 0.556227 0.616204 0.039903 0.160185
0 1723 0.162636 0.421296 0.039903 0.140741
0 1736 0.228235 0.212037 0.036880 0.120370
0 1737 0.264813 0.203704 0.041112 0.140741
0 1741 0.974909 0.131944 0.033253 0.130556
0 1742 0.927146 0.139815 0.036880 0.129630
0 1743 0.896614 0.128704 0.044740 0.137037
0 1744 0.030532 0.762963 0.046554 0.168519
0 1749 0.880895 0.514352 0.044740 0.162037
0 1750 0.889359 0.547685 0.049577 0.147222
0 1751 0.005139 0.756944 0.009069 0.173148
0 1752 0.070133 0.751852 0.051995 0.166667
0 1766 0.457678 0.971296 0.042322 0.059259
0 1767 0.847340 0.894444 0.046554 0.151852
0 1768 0.846131 0.837500 0.050181 0.171296
0 1771 0.917170 0.380093 0.045949 0.145370
0 1772 0.888452 0.368981 0.036880 0.137963
0 1773 0.984583 0.362963 0.029625 0.125926
0 1774 0.968863 0.369444 0.039299 0.133333
0 1775 0.810762 0.534722 0.048368 0.165741
0 1776 0.239117 0.630556 0.040508 0.140741
0 1777 0.265417 0.588889 0.045949 0.157407
0 1778 0.285973 0.611111 0.042322 0.159259
0 1779 0.088573 0.431481 0.042926 0.129630
0 1780 0.013301 0.421296 0.025393 0.146296
0 1781 0.007255 0.409259 0.013301 0.127778
0 1782 0.112455 0.402778 0.044740 0.138889
0 1784 0.169287 0.276852 0.039903 0.140741
0 1785 0.185611 0.259259 0.041112 0.138889
0 1788 0.148126 0.484722 0.037485 0.143519
0 1790 0.796252 0.704167 0.043531 0.147222
0 1791 0.005441 0.313889 0.009674 0.140741
0 1792 0.774184 0.642593 0.044135 0.148148
0 1793 0.826481 0.558333 0.043531 0.157407
0 1794 0.132406 0.459722 0.037485 0.156481
0 1795 0.801088 0.571296 0.048368 0.157407
0 1797 0.808343 0.438426 0.055623 0.173148
0 1798 0.606409 0.132407 0.039903 0.137037
0 1799 0.557739 0.147222 0.039299 0.142593
0 1800 0.529625 0.140278 0.032648 0.137963
0 1801 0.795647 0.368981 0.042322 0.143519
0 1802 0.689843 0.375926 0.054414 0.135185
0 1803 0.622128 0.279630 0.047158 0.137037
0 1804 0.586759 0.275000 0.047763 0.144444
0 1805 0.603386 0.334259 0.048368 0.140741
0 1806 0.457981 0.043519 0.032044 0.085185
0 1808 0.289903 0.219444 0.040508 0.133333
0 1809 0.383011 0.149074 0.039299 0.140741
0 1810 0.167775 0.193056 0.040508 0.134259
0 1811 0.132709 0.190741 0.042926 0.146296
0 1813 0.003930 0.264352 0.006651 0.128704
0 1814 0.046554 0.408796 0.045949 0.149074
0 1815 0.040810 0.239352 0.044135 0.137963
0 1816 0.045949 0.259722 0.041112 0.141667
0 1817 0.075877 0.269907 0.039299 0.136111
0 1818 0.454958 0.154630 0.038089 0.140741
0 1819 0.490931 0.087500 0.031439 0.117593
0 1820 0.076179 0.403241 0.047158 0.167593
0 1821 0.249395 0.187500 0.029625 0.112037
0 1822 0.247582 0.163426 0.029625 0.121296
0 1823 0.256348 0.100463 0.030230 0.115741
0 1824 0.392684 0.184722 0.034462 0.134259
0 1825 0.136638 0.369444 0.037485 0.133333
0 1826 0.128174 0.350000 0.041112 0.157407
0 1827 0.573761 0.346759 0.035067 0.112037
0 1828 0.529625 0.282407 0.031439 0.107407
0 1829 0.497582 0.280093 0.038694 0.132407
0 1830 0.284764 0.121296 0.030230 0.122222
0 1831 0.453446 0.276852 0.041112 0.114815
0 1832 0.489722 0.250463 0.038694 0.128704
0 1833 0.249698 0.290741 0.044740 0.148148
0 1834 0.224909 0.321759 0.037485 0.132407
0 1835 0.184401 0.310648 0.036276 0.128704
0 1837 0.423519 0.282407 0.029625 0.107407
0 1838 0.411729 0.178704 0.035067 0.135185
0 1839 0.014813 0.225926 0.028416 0.135185
0 1841 0.014510 0.261111 0.027811 0.138889
0 1842 0.008162 0.698148 0.015115 0.164815
0 1847 0.011487 0.925926 0.021765 0.150000
0 1848 0.152358 0.780093 0.050786 0.178704
0 1849 0.088573 0.782870 0.045345 0.165741
0 1850 0.244559 0.803241 0.070738 0.175000
0 1852 0.285067 0.786111 0.056227 0.164815
0 1858 0.940447 0.083333 0.047763 0.127778
0 1859 0.540810 0.053704 0.033253 0.105556
0 1860 0.561971 0.048148 0.033253 0.094444
0 1867 0.208585 0.125463 0.035067 0.123148
0 1868 0.392684 0.022685 0.033253 0.043519
0 1869 0.367896 0.023611 0.033253 0.045370
0 1870 0.220677 0.052778 0.039903 0.103704
0 1871 0.263301 0.041204 0.036880 0.080556
0 1872 0.235187 0.031481 0.036276 0.061111
0 1874 0.178658 0.129630 0.032044 0.131481
0 1878 0.349154 0.091667 0.038089 0.127778
0 1879 0.101572 0.127778 0.042322 0.129630
0 1880 0.133918 0.149074 0.033253 0.133333
0 1881 0.150242 0.150000 0.041717 0.129630
0 1882 0.156892 0.133333 0.035671 0.137037
0 1883 0.041112 0.123611 0.036276 0.128704
0 1886 0.063785 0.046296 0.038089 0.090741
0 1893 0.903567 0.078704 0.042926 0.122222
0 1895 0.981862 0.031019 0.029021 0.060185
0 1903 0.019649 0.118519 0.038089 0.135185
0 1905 0.051995 0.080556 0.036276 0.124074
0 1907 0.082225 0.077315 0.029021 0.113889
0 1914 0.935913 0.031944 0.035067 0.062037
0 1916 0.904172 0.040278 0.036880 0.078704
0 1918 0.199516 0.046759 0.032648 0.091667
0 1919 0.047158 0.062037 0.031439 0.112963
0 1943 0.018440 0.341204 0.035671 0.152778
0 1944 0.324063 0.192593 0.039903 0.138889
0 1945 0.323156 0.123148 0.038089 0.129630
