0 1168 0.672914 0.897685 0.060459 0.171296
0 1169 0.730955 0.937500 0.043531 0.126852
0 1175 0.388150 0.550463 0.037485 0.149074
0 1197 0.275393 0.318519 0.041717 0.142593
0 1198 0.080109 0.479630 0.041717 0.150000
0 1199 0.122128 0.689815 0.053204 0.151852
0 1200 0.150846 0.378704 0.035671 0.144444
0 1206 0.107618 0.455556 0.042322 0.146296
0 1284 0.848851 0.363889 0.041112 0.133333
0 1285 0.866989 0.356481 0.041112 0.129630
0 1306 0.286276 0.662500 0.044135 0.165741
0 1307 0.329202 0.629630 0.041717 0.181481
0 1308 0.384220 0.640741 0.034462 0.135185
0 1314 0.691657 0.955093 0.038694 0.091667
0 1317 0.574970 0.934722 0.045949 0.132407
0 1325 0.233374 0.579167 0.033857 0.145370
0 1326 0.241838 0.547222 0.036276 0.131481
0 1328 0.191354 0.557870 0.036880 0.145370
0 1329 0.213120 0.523148 0.044135 0.146296
0 1330 0.166264 0.531944 0.039903 0.147222
0 1343 0.384522 0.225463 0.032648 0.128704
0 1344 0.406288 0.229630 0.032648 0.131481
0 1412 0.714329 0.374074 0.044135 0.120370
0 1413 0.751511 0.386574 0.039903 0.132407
0 1444 0.272370 0.372685 0.047763 0.141667
0 1445 0.246977 0.385185 0.033253 0.150000
0 1490 0.982467 0.753704 0.033857 0.135185
0 1501 0.370617 0.965278 0.043531 0.071296
0 1531 0.520556 0.462037 0.041112 0.140741
0 1549 0.318622 0.772685 0.049577 0.167593
0 1555 0.963422 0.786111 0.044135 0.151852
0 1556 0.956167 0.774074 0.034462 0.129630
0 1557 0.493047 0.411574 0.044135 0.139815
0 1567 0.353083 0.468981 0.033857 0.128704
0 1570 0.355502 0.659722 0.048368 0.165741
0 1573 0.498489 0.562500 0.032044 0.143519
0 1592 0.364268 0.695370 0.032044 0.157407
0 1594 0.380895 0.728241 0.044740 0.171296
0 1638 0.587666 0.613426 0.044740 0.156481
0 1639 0.631499 0.638889 0.044135 0.164815
0 1640 0.626360 0.620833 0.037485 0.126852
0 1650 0.442866 0.731019 0.044135 0.145370
0 1653 0.681076 0.714815 0.051391 0.140741
0 1654 0.437424 0.424074 0.032044 0.142593
0 1655 0.467352 0.525000 0.037485 0.131481
0 1657 0.456167 0.491667 0.048972 0.107407
0 1660 0.505441 0.516667 0.042322 0.146296
0 1661 0.539903 0.566204 0.044740 0.156481
0 1667 0.525998 0.530093 0.035067 0.115741
0 1668 0.506651 0.602315 0.041112 0.123148
0 1675 0.441959 0.074074 0.035067 0.094444
0 1676 0.406288 0.063889 0.035067 0.124074
0 1677 0.485792 0.817593 0.045345 0.172222
0 1678 0.753628 0.602315 0.051391 0.154630
0 1679 0.517533 0.862963 0.041112 0.135185
0 1695 0.898730 0.501389 0.041717 0.143519
0 1696 0.704958 0.630093 0.043531 0.165741
0 1697 0.739420 0.642130 0.041112 0.145370
0 1699 0.866385 0.503241 0.047158 0.156481
0 1701 0.891173 0.666204 0.041112 0.152778
0 1702 0.760883 0.693981 0.041717 0.158333
0 1703 0.965236 0.150463 0.034462 0.121296
0 1704 0.838573 0.701389 0.054414 0.154630
0 1705 0.898428 0.743056 0.048368 0.152778
0 1707 0.845828 0.931481 0.062878 0.138889
0 1708 0.811064 0.953241 0.056227 0.095370
0 1710 0.893591 0.961574 0.043531 0.078704
0 1711 0.624849 0.716204 0.039299 0.156481
0 1712 0.590689 0.739352 0.038694 0.134259
0 1713 0.632104 0.511111 0.046554 0.153704
0 1714 0.612152 0.530093 0.034462 0.143519
0 1715 0.981258 0.954630 0.036276 0.088889
0 1716 0.432285 0.587500 0.035067 0.150926
0 1717 0.467050 0.581944 0.036880 0.149074
0 1718 0.318622 0.725000 0.047158 0.170370
0 1719 0.145103 0.474074 0.044740 0.144444
0 1720 0.149940 0.639352 0.047158 0.160185
0 1721 0.537485 0.662963 0.042322 0.159259
0 1722 0.571947 0.671759 0.054414 0.160185
0 1723 0.151753 0.448148 0.039903 0.140741
0 1736 0.230653 0.214815 0.035671 0.120370
0 1737 0.261790 0.200926 0.041112 0.140741
0 1741 0.976119 0.133333 0.033253 0.124074
0 1742 0.940447 0.146296 0.033253 0.129630
0 1743 0.931983 0.131019 0.040508 0.134259
0 1744 0.011185 0.816204 0.021161 0.171296
0 1749 0.932588 0.534722 0.046554 0.154630
0 1750 0.931378 0.562037 0.050181 0.142593
0 1752 0.035671 0.811111 0.051995 0.168519
0 1766 0.537787 0.969907 0.044135 0.060185
0 1767 0.929262 0.929630 0.047158 0.140741
0 1768 0.941354 0.886574 0.053204 0.167593
0 1771 0.861548 0.391204 0.043531 0.134259
0 1772 0.838271 0.385648 0.036880 0.137963
0 1774 0.987908 0.444907 0.022975 0.132407
0 1775 0.806832 0.597222 0.048972 0.170370
0 1776 0.248186 0.625000 0.042926 0.133333
0 1777 0.271765 0.590741 0.052600 0.159259
0 1778 0.285973 0.614815 0.042322 0.159259
0 1779 0.129081 0.421296 0.042926 0.129630
0 1780 0.020859 0.406481 0.040508 0.146296
0 1781 0.011790 0.387963 0.022370 0.127778
0 1782 0.149940 0.398148 0.044740 0.138889
0 1784 0.244256 0.281481 0.039903 0.135185
0 1785 0.259371 0.270370 0.043531 0.138889
0 1788 0.138452 0.505093 0.037485 0.143519
0 1790 0.845828 0.766204 0.043531 0.154630
0 1792 0.788694 0.719444 0.046554 0.153704
0 1793 0.851874 0.612500 0.043531 0.156481
0 1794 0.120314 0.476852 0.037485 0.159259
0 1795 0.828295 0.626852 0.048368 0.157407
0 1797 0.826784 0.486574 0.064692 0.176852
0 1798 0.579807 0.162963 0.039903 0.137037
0 1799 0.544740 0.178241 0.036276 0.143519
0 1800 0.513301 0.176389 0.032648 0.137963
0 1801 0.793833 0.422222 0.042322 0.153704
0 1802 0.720073 0.428241 0.054414 0.141667
0 1803 0.644800 0.326852 0.045345 0.137037
0 1804 0.612455 0.318519 0.044740 0.146296
0 1805 0.620617 0.383333 0.048972 0.148148
0 1806 0.469468 0.055093 0.033253 0.108333
0 1808 0.244559 0.254167 0.036880 0.136111
0 1809 0.378476 0.162963 0.039903 0.144444
0 1810 0.127570 0.224074 0.041112 0.135185
0 1811 0.093410 0.225000 0.041717 0.146296
0 1814 0.029021 0.461574 0.047158 0.154630
0 1815 0.010278 0.279167 0.019347 0.137963
0 1816 0.020254 0.294444 0.039299 0.150000
0 1817 0.048368 0.308796 0.041112 0.145370
0 1818 0.503325 0.201852 0.041717 0.153704
0 1819 0.527811 0.118519 0.037485 0.131481
0 1820 0.057739 0.451389 0.046554 0.167593
0 1821 0.251209 0.189815 0.030834 0.112963
0 1822 0.246675 0.164352 0.031439 0.121296
0 1823 0.255744 0.100463 0.030230 0.115741
0 1824 0.441959 0.213426 0.035067 0.134259
0 1825 0.093108 0.407407 0.036276 0.138889
0 1826 0.087666 0.387963 0.045949 0.157407
0 1827 0.589480 0.398611 0.035067 0.110185
0 1828 0.541112 0.323611 0.031439 0.115741
0 1829 0.514510 0.318981 0.039903 0.143519
0 1830 0.285369 0.120833 0.029021 0.125000
0 1831 0.470375 0.309259 0.042322 0.124074
0 1832 0.509069 0.288426 0.039903 0.137963
0 1833 0.219468 0.321296 0.044740 0.148148
0 1834 0.190447 0.348148 0.035067 0.135185
0 1835 0.150846 0.346296 0.033253 0.122222
0 1837 0.439541 0.312037 0.030230 0.107407
0 1838 0.457376 0.207870 0.039299 0.134259
0 1842 0.076784 0.745833 0.049577 0.178704
0 1847 0.071644 0.937963 0.044135 0.125926
0 1848 0.241536 0.797685 0.041717 0.167593
0 1849 0.162938 0.793056 0.044135 0.167593
0 1850 0.357618 0.809722 0.073156 0.176852
0 1852 0.386034 0.769907 0.047763 0.154630
0 1858 0.922310 0.117593 0.047763 0.127778
0 1859 0.542019 0.068056 0.033253 0.132407
0 1860 0.561971 0.066204 0.038089 0.123148
0 1867 0.185006 0.161111 0.035067 0.125926
0 1868 0.377872 0.042593 0.039903 0.083333
0 1869 0.350665 0.042130 0.036276 0.082407
0 1870 0.199819 0.072685 0.039299 0.137963
0 1871 0.235792 0.059259 0.039903 0.116667
0 1872 0.245466 0.053704 0.036276 0.105556
0 1874 0.152660 0.169907 0.032044 0.132407
0 1878 0.327388 0.143519 0.038089 0.138889
0 1879 0.079504 0.164815 0.038089 0.138889
0 1880 0.098247 0.179630 0.033253 0.133333
0 1881 0.116989 0.188426 0.041717 0.132407
0 1882 0.132406 0.168519 0.035067 0.138889
0 1883 0.028416 0.151852 0.036276 0.137037
0 1884 0.174728 0.025463 0.039903 0.049074
0 1885 0.251814 0.015278 0.038089 0.028704
0 1886 0.051088 0.056019 0.038089 0.110185
0 1888 0.130593 0.024537 0.032648 0.047222
0 1893 0.886638 0.111111 0.042926 0.124074
0 1895 0.977630 0.052778 0.031439 0.100000
0 1896 0.907799 0.028241 0.034462 0.054630
0 1900 0.006953 0.494907 0.012696 0.110185
0 1903 0.013906 0.151852 0.026602 0.135185
0 1904 0.951330 0.022222 0.034462 0.042593
0 1905 0.025393 0.121296 0.036276 0.135185
0 1907 0.056227 0.112037 0.030230 0.111111
0 1913 0.937122 0.026389 0.032648 0.050926
0 1914 0.940447 0.043519 0.034462 0.085185
0 1915 0.985792 0.031481 0.025998 0.061111
0 1916 0.913543 0.067593 0.039903 0.122222
0 1918 0.183192 0.061111 0.032648 0.120370
0 1919 0.015719 0.097222 0.030230 0.118519
0 1943 0.002418 0.371296 0.003628 0.153704
0 1944 0.274788 0.225926 0.041717 0.138889
0 1945 0.313482 0.174074 0.038089 0.129630
