0 1168 0.590085 0.877778 0.045949 0.170370
0 1169 0.642684 0.920370 0.044740 0.159259
0 1175 0.388150 0.549537 0.037485 0.145370
0 1197 0.302297 0.311111 0.042322 0.137037
0 1198 0.083434 0.456019 0.041112 0.147222
0 1199 0.206469 0.652778 0.041717 0.159259
0 1200 0.224305 0.353704 0.035067 0.144444
0 1206 0.118501 0.437963 0.044740 0.146296
0 1209 0.693773 0.986574 0.028416 0.028704
0 1246 0.827086 0.962500 0.049577 0.076852
0 1247 0.894196 0.937500 0.065296 0.126852
0 1249 0.967956 0.943056 0.062878 0.115741
0 1284 0.847340 0.360648 0.039299 0.134259
0 1285 0.864268 0.356019 0.034462 0.128704
0 1306 0.285067 0.663426 0.039299 0.160185
0 1307 0.358525 0.617130 0.038694 0.160185
0 1308 0.389057 0.641667 0.034462 0.135185
0 1314 0.589178 0.944907 0.034462 0.106481
0 1317 0.565296 0.934259 0.045949 0.133333
0 1325 0.234583 0.578241 0.033857 0.145370
0 1326 0.238815 0.544444 0.036276 0.131481
0 1328 0.195284 0.566204 0.044740 0.147222
0 1329 0.201632 0.509259 0.046554 0.138889
0 1330 0.162938 0.531481 0.042926 0.146296
0 1343 0.380593 0.230093 0.032044 0.128704
0 1344 0.406892 0.230556 0.032648 0.131481
0 1412 0.714329 0.375463 0.044135 0.121296
0 1413 0.753023 0.385185 0.039299 0.129630
0 1444 0.273579 0.372685 0.047763 0.143519
0 1445 0.247582 0.386111 0.033253 0.148148
0 1490 0.974305 0.757407 0.041717 0.140741
0 1501 0.370314 0.956481 0.041717 0.087037
0 1531 0.541112 0.457870 0.036276 0.147222
0 1549 0.318622 0.774537 0.049577 0.167593
0 1555 0.972189 0.783796 0.055623 0.150926
0 1556 0.936518 0.781481 0.035067 0.129630
0 1557 0.525998 0.432870 0.039903 0.139815
0 1567 0.352177 0.470833 0.034462 0.128704
0 1570 0.339178 0.646296 0.042322 0.164815
0 1573 0.507860 0.516204 0.035067 0.143519
0 1592 0.364873 0.698148 0.032044 0.157407
0 1594 0.378476 0.731944 0.043531 0.171296
0 1638 0.564389 0.649537 0.046554 0.165741
0 1639 0.626058 0.654167 0.036880 0.160185
0 1640 0.612455 0.637037 0.037485 0.131481
0 1650 0.441657 0.731019 0.046554 0.145370
0 1653 0.683192 0.716667 0.050786 0.140741
0 1654 0.392080 0.440741 0.038089 0.129630
0 1655 0.466143 0.525000 0.039903 0.131481
0 1657 0.455562 0.491667 0.048972 0.107407
0 1660 0.487304 0.461574 0.042322 0.137963
0 1661 0.530230 0.553704 0.042322 0.153704
0 1667 0.505744 0.481481 0.034462 0.116667
0 1668 0.522068 0.595833 0.041717 0.123148
0 1675 0.444075 0.109259 0.027207 0.092593
0 1676 0.422007 0.093981 0.038694 0.128704
0 1677 0.606409 0.704630 0.036276 0.164815
0 1678 0.748186 0.490741 0.048972 0.153704
0 1679 0.624244 0.749074 0.039299 0.137037
0 1695 0.847340 0.422222 0.036880 0.131481
0 1696 0.679262 0.496759 0.044135 0.154630
0 1697 0.713724 0.509259 0.039299 0.146296
0 1699 0.822249 0.423611 0.042322 0.154630
0 1701 0.827690 0.559259 0.039903 0.157407
0 1702 0.735490 0.589815 0.041717 0.151852
0 1703 0.935611 0.143519 0.032044 0.125926
0 1704 0.811669 0.590741 0.044135 0.151852
0 1705 0.812878 0.655093 0.052600 0.145370
0 1707 0.770859 0.818056 0.058041 0.187963
0 1708 0.742140 0.850926 0.053809 0.175926
0 1710 0.828900 0.902315 0.050786 0.165741
0 1711 0.683192 0.634722 0.039903 0.147222
0 1712 0.653869 0.656481 0.039299 0.135185
0 1713 0.606711 0.440741 0.046554 0.151852
0 1714 0.574970 0.446759 0.035067 0.137963
0 1715 0.916264 0.843519 0.059855 0.183333
0 1716 0.432285 0.586574 0.035067 0.150926
0 1717 0.464933 0.583796 0.036276 0.149074
0 1718 0.464329 0.757407 0.055623 0.174074
0 1719 0.171403 0.426852 0.044135 0.144444
0 1720 0.117291 0.540741 0.047158 0.159259
0 1721 0.540508 0.612500 0.044740 0.160185
0 1722 0.579807 0.574074 0.047158 0.159259
0 1723 0.169891 0.403704 0.039903 0.140741
0 1734 0.009976 0.353704 0.018742 0.140741
0 1736 0.227630 0.209259 0.036880 0.122222
0 1737 0.264208 0.204630 0.041112 0.140741
0 1741 0.967050 0.129167 0.033253 0.139815
0 1742 0.908706 0.152778 0.045949 0.129630
0 1743 0.854293 0.129630 0.042322 0.133333
0 1744 0.050786 0.730556 0.045949 0.157407
0 1749 0.857618 0.497222 0.044135 0.155556
0 1750 0.857013 0.528704 0.044135 0.144444
0 1751 0.015115 0.718981 0.029021 0.173148
0 1752 0.094921 0.707870 0.050786 0.154630
0 1766 0.403265 0.975000 0.047158 0.051852
0 1767 0.794438 0.871296 0.045949 0.151852
0 1768 0.806530 0.834259 0.047158 0.170370
0 1771 0.946191 0.356019 0.038694 0.154630
0 1772 0.909311 0.347685 0.037485 0.137963
0 1773 0.971584 0.324074 0.041112 0.129630
0 1774 0.948307 0.320370 0.041717 0.124074
0 1775 0.796856 0.489352 0.048368 0.160185
0 1776 0.230351 0.633796 0.038694 0.145370
0 1777 0.254534 0.601389 0.049577 0.162037
0 1778 0.285973 0.607407 0.042322 0.159259
0 1779 0.062576 0.445833 0.042926 0.136111
0 1782 0.078597 0.421296 0.044740 0.138889
0 1784 0.113664 0.263426 0.039903 0.130556
0 1785 0.138755 0.250926 0.047763 0.148148
0 1788 0.155985 0.471759 0.037485 0.143519
0 1790 0.775998 0.661574 0.041717 0.154630
0 1791 0.015115 0.299074 0.029021 0.148148
0 1792 0.763603 0.599074 0.043531 0.144444
0 1793 0.812576 0.525926 0.044740 0.157407
0 1794 0.145103 0.443056 0.037485 0.156481
0 1795 0.764510 0.531481 0.048972 0.157407
0 1797 0.795647 0.402315 0.048368 0.167593
0 1798 0.616687 0.108333 0.036276 0.137037
0 1799 0.578900 0.120833 0.038089 0.134259
0 1800 0.543531 0.111111 0.031439 0.129630
0 1801 0.783857 0.338426 0.041717 0.143519
0 1802 0.673216 0.349074 0.053809 0.135185
0 1803 0.610036 0.239815 0.045949 0.133333
0 1804 0.571947 0.241667 0.050786 0.144444
0 1805 0.589782 0.304167 0.048972 0.137963
0 1806 0.453446 0.037500 0.031439 0.073148
0 1808 0.326784 0.200926 0.042926 0.129630
0 1809 0.375151 0.137963 0.039299 0.138889
0 1810 0.194982 0.170370 0.036880 0.125926
0 1811 0.158706 0.169444 0.042926 0.144444
0 1813 0.011185 0.243519 0.021161 0.125926
0 1814 0.064389 0.374537 0.041717 0.149074
0 1815 0.054111 0.218056 0.044135 0.137963
0 1816 0.066203 0.235185 0.041717 0.137037
0 1817 0.094015 0.252778 0.039299 0.140741
0 1818 0.415054 0.127778 0.038089 0.140741
0 1819 0.451935 0.066204 0.038089 0.123148
0 1820 0.101270 0.369444 0.046554 0.168519
0 1821 0.246675 0.192130 0.030230 0.110185
0 1822 0.247279 0.164815 0.031439 0.120370
0 1823 0.256348 0.102315 0.030230 0.115741
0 1824 0.373337 0.170370 0.034462 0.135185
0 1825 0.173519 0.347685 0.036276 0.128704
0 1826 0.164450 0.333333 0.041112 0.157407
0 1827 0.559553 0.316204 0.034462 0.110185
0 1828 0.512092 0.256019 0.032648 0.110185
0 1829 0.483071 0.256944 0.039903 0.132407
0 1830 0.284160 0.121759 0.031439 0.121296
0 1831 0.443470 0.256019 0.041717 0.126852
0 1832 0.475212 0.228704 0.038694 0.129630
0 1833 0.274486 0.263889 0.044740 0.146296
0 1834 0.255441 0.300463 0.036880 0.132407
0 1835 0.215538 0.288889 0.042926 0.131481
0 1837 0.422914 0.263889 0.029625 0.107407
0 1838 0.390568 0.163889 0.033857 0.135185
0 1839 0.021161 0.206944 0.041112 0.136111
0 1840 0.013906 0.316204 0.026602 0.110185
0 1841 0.022975 0.236111 0.039903 0.135185
0 1848 0.089782 0.779630 0.057437 0.181481
0 1849 0.019045 0.784259 0.036880 0.164815
0 1850 0.163845 0.792130 0.074970 0.173148
0 1852 0.204051 0.770370 0.041717 0.164815
0 1858 0.945586 0.062963 0.044740 0.120370
0 1859 0.540810 0.044444 0.033253 0.087037
0 1860 0.561971 0.039352 0.033253 0.076852
0 1867 0.224305 0.101852 0.035067 0.120370
0 1868 0.402963 0.013889 0.033253 0.025926
0 1871 0.286276 0.029167 0.032044 0.056481
0 1872 0.226723 0.017130 0.036276 0.032407
0 1874 0.190750 0.102778 0.032044 0.129630
0 1878 0.363664 0.066667 0.038089 0.124074
0 1879 0.128476 0.109259 0.036880 0.135185
0 1880 0.153869 0.125926 0.033253 0.133333
0 1881 0.175030 0.123148 0.041717 0.129630
0 1882 0.170496 0.107870 0.035067 0.136111
0 1883 0.066203 0.099074 0.038089 0.127778
0 1886 0.078295 0.039352 0.038089 0.076852
0 1893 0.911729 0.058333 0.041112 0.109259
0 1903 0.042624 0.091667 0.041717 0.135185
0 1905 0.072854 0.062500 0.036880 0.119444
0 1907 0.097037 0.056944 0.029625 0.108333
0 1916 0.889964 0.031944 0.027811 0.062037
0 1918 0.208283 0.033333 0.028416 0.064815
0 1919 0.063482 0.046759 0.032648 0.091667
0 1943 0.043531 0.318981 0.041112 0.149074
0 1944 0.352177 0.178241 0.038089 0.141667
0 1945 0.333434 0.089815 0.036880 0.125926
