0 1168 0.637848 0.890278 0.051995 0.171296
0 1169 0.700121 0.928241 0.047158 0.145370
0 1175 0.388150 0.547685 0.037485 0.145370
0 1197 0.290810 0.306944 0.039903 0.136111
0 1198 0.080713 0.472222 0.041717 0.150000
0 1199 0.171403 0.665741 0.046554 0.157407
0 1200 0.183192 0.367593 0.035067 0.144444
0 1206 0.113059 0.450000 0.044740 0.146296
0 1247 0.913241 0.970370 0.052600 0.061111
0 1284 0.847340 0.360648 0.039299 0.134259
0 1285 0.862152 0.356019 0.037485 0.128704
0 1306 0.279323 0.661111 0.043531 0.162963
0 1307 0.346433 0.627778 0.041112 0.168519
0 1308 0.386638 0.640741 0.034462 0.135185
0 1314 0.649940 0.950000 0.038694 0.101852
0 1317 0.572551 0.928704 0.045949 0.144444
0 1325 0.233978 0.578241 0.033857 0.145370
0 1326 0.240629 0.543519 0.036276 0.131481
0 1328 0.191354 0.560185 0.039299 0.148148
0 1329 0.214933 0.521759 0.042926 0.119444
0 1330 0.165054 0.531944 0.041112 0.147222
0 1343 0.383313 0.227315 0.032648 0.128704
0 1344 0.406892 0.229630 0.032648 0.131481
0 1412 0.714329 0.373148 0.044135 0.120370
0 1413 0.751814 0.386111 0.039299 0.131481
0 1444 0.272975 0.372685 0.047763 0.141667
0 1445 0.247582 0.384259 0.033253 0.148148
0 1490 0.976723 0.750463 0.041717 0.139815
0 1501 0.372128 0.963426 0.042926 0.075000
0 1531 0.528114 0.454630 0.041717 0.140741
0 1549 0.318622 0.772685 0.049577 0.167593
0 1555 0.965538 0.785185 0.043531 0.151852
0 1556 0.949819 0.775000 0.035067 0.129630
0 1557 0.511487 0.422685 0.043531 0.139815
0 1567 0.352479 0.467130 0.032648 0.128704
0 1570 0.348247 0.655556 0.044740 0.164815
0 1573 0.503023 0.550463 0.033857 0.143519
0 1592 0.364873 0.696296 0.032044 0.157407
0 1594 0.379081 0.729167 0.044740 0.171296
0 1638 0.587666 0.618981 0.047158 0.156481
0 1639 0.628476 0.642593 0.040508 0.162963
0 1640 0.624547 0.623611 0.037485 0.126852
0 1650 0.442563 0.731019 0.044740 0.145370
0 1653 0.682588 0.714815 0.050786 0.140741
0 1654 0.414450 0.428704 0.034462 0.137037
0 1655 0.466747 0.525000 0.038694 0.131481
0 1657 0.455562 0.489815 0.048972 0.107407
0 1660 0.499093 0.494444 0.041717 0.140741
0 1661 0.539299 0.564815 0.044740 0.155556
0 1667 0.521765 0.509722 0.035067 0.110185
0 1668 0.514208 0.599537 0.041717 0.123148
0 1675 0.440447 0.093056 0.033253 0.102778
0 1676 0.409311 0.072222 0.035067 0.124074
0 1677 0.533253 0.771296 0.047158 0.174074
0 1678 0.750302 0.557870 0.051995 0.154630
0 1679 0.565296 0.816667 0.041112 0.135185
0 1695 0.877267 0.464352 0.042322 0.134259
0 1696 0.695889 0.582870 0.043531 0.165741
0 1697 0.724002 0.583333 0.039299 0.146296
0 1699 0.846433 0.468519 0.042322 0.157407
0 1701 0.876663 0.620370 0.044740 0.153704
0 1702 0.752721 0.655556 0.042322 0.162963
0 1703 0.960097 0.149074 0.036276 0.120370
0 1704 0.827993 0.656019 0.051391 0.154630
0 1705 0.858222 0.708796 0.067110 0.145370
0 1707 0.816505 0.894907 0.063482 0.176852
0 1708 0.787787 0.922685 0.054414 0.156481
0 1710 0.855804 0.941204 0.051391 0.119444
0 1711 0.650242 0.681481 0.039299 0.153704
0 1712 0.616082 0.700000 0.039903 0.135185
0 1713 0.620012 0.480556 0.046554 0.151852
0 1714 0.591596 0.495833 0.034462 0.139815
0 1715 0.958888 0.925000 0.061669 0.151852
0 1716 0.432285 0.587500 0.035067 0.150926
0 1717 0.465538 0.582870 0.037485 0.149074
0 1718 0.370314 0.749537 0.044135 0.171296
0 1719 0.152056 0.457407 0.044135 0.144444
0 1720 0.138452 0.593056 0.047158 0.160185
0 1721 0.527207 0.652315 0.042322 0.160185
0 1722 0.559855 0.635648 0.039903 0.160185
0 1723 0.159008 0.430556 0.039903 0.140741
0 1736 0.228235 0.214815 0.036880 0.120370
0 1737 0.264208 0.201852 0.041112 0.140741
0 1741 0.976119 0.132407 0.033253 0.127778
0 1742 0.933797 0.137963 0.033253 0.129630
0 1743 0.915054 0.132407 0.044135 0.142593
0 1744 0.021161 0.782407 0.041112 0.168519
0 1749 0.895405 0.523148 0.044740 0.162963
0 1750 0.904474 0.555093 0.049577 0.143519
0 1752 0.058646 0.771759 0.051995 0.167593
0 1766 0.480048 0.969907 0.042322 0.062037
0 1767 0.871524 0.906481 0.046554 0.151852
0 1768 0.867594 0.848148 0.061669 0.170370
0 1771 0.901149 0.380556 0.042926 0.142593
0 1772 0.870314 0.375463 0.036880 0.137963
0 1773 0.989117 0.386111 0.020556 0.118519
0 1774 0.978235 0.391204 0.032648 0.134259
0 1775 0.811366 0.555556 0.048368 0.168519
0 1776 0.242745 0.629630 0.040508 0.138889
0 1777 0.270859 0.593056 0.048368 0.162037
0 1778 0.285973 0.612963 0.042322 0.159259
0 1779 0.101874 0.425926 0.042926 0.129630
0 1780 0.019952 0.411111 0.038694 0.146296
0 1781 0.009069 0.401852 0.016929 0.127778
0 1782 0.126663 0.398148 0.044135 0.138889
0 1784 0.193470 0.278704 0.039903 0.140741
0 1785 0.211608 0.264815 0.038694 0.138889
0 1788 0.144498 0.491204 0.037485 0.143519
0 1790 0.808948 0.727778 0.048368 0.153704
0 1792 0.780230 0.664815 0.044135 0.151852
0 1793 0.836759 0.575000 0.043531 0.157407
0 1794 0.128174 0.465278 0.037485 0.156481
0 1795 0.813180 0.589815 0.048368 0.157407
0 1797 0.815296 0.455093 0.059855 0.176852
0 1798 0.597340 0.142593 0.039903 0.137037
0 1799 0.550181 0.159259 0.041112 0.142593
0 1800 0.522975 0.151852 0.032648 0.137037
0 1801 0.797461 0.385648 0.042322 0.145370
0 1802 0.699214 0.389815 0.053809 0.135185
0 1803 0.628779 0.296296 0.047158 0.137037
0 1804 0.594619 0.288889 0.047763 0.144444
0 1805 0.607920 0.350000 0.048972 0.146296
0 1806 0.462817 0.045370 0.032044 0.088889
0 1808 0.274184 0.232870 0.039299 0.132407
0 1809 0.383011 0.151852 0.039299 0.142593
0 1810 0.157195 0.202778 0.041112 0.135185
0 1811 0.120012 0.200000 0.042926 0.146296
0 1814 0.038392 0.425463 0.046554 0.149074
0 1815 0.029323 0.249074 0.040508 0.137037
0 1816 0.036578 0.270833 0.041717 0.145370
0 1817 0.067110 0.279630 0.039903 0.137037
0 1818 0.475514 0.161574 0.038089 0.141667
0 1819 0.506046 0.101852 0.031439 0.131481
0 1820 0.065901 0.419907 0.047158 0.167593
0 1821 0.251209 0.185185 0.030834 0.112963
0 1822 0.247884 0.164352 0.030230 0.121296
0 1823 0.256348 0.100463 0.030230 0.115741
0 1824 0.407799 0.193056 0.034462 0.134259
0 1825 0.121524 0.381481 0.037485 0.135185
0 1826 0.114268 0.362037 0.042322 0.157407
0 1827 0.578295 0.364352 0.034462 0.112037
0 1828 0.533253 0.295370 0.031439 0.107407
0 1829 0.503628 0.292593 0.038694 0.137037
0 1830 0.284764 0.121296 0.030230 0.124074
0 1831 0.457376 0.287037 0.041717 0.116667
0 1832 0.496372 0.261574 0.038694 0.130556
0 1833 0.238815 0.302778 0.044740 0.148148
0 1834 0.216445 0.333796 0.037485 0.132407
0 1835 0.170798 0.321296 0.033253 0.127778
0 1837 0.426542 0.291667 0.029625 0.107407
0 1838 0.425635 0.187500 0.036276 0.134259
0 1839 0.010883 0.230556 0.020556 0.135185
0 1841 0.011185 0.272222 0.021161 0.142593
0 1842 0.023579 0.711574 0.045949 0.169444
0 1847 0.021463 0.928241 0.041717 0.145370
0 1848 0.180169 0.784722 0.048368 0.178704
0 1849 0.112455 0.774537 0.049577 0.167593
0 1850 0.283857 0.807407 0.044135 0.174074
0 1852 0.320738 0.787037 0.058646 0.161111
0 1858 0.934401 0.094444 0.047763 0.127778
0 1859 0.540810 0.055093 0.033253 0.108333
0 1860 0.561971 0.051389 0.033253 0.100926
0 1867 0.201935 0.136574 0.035067 0.125000
0 1868 0.386034 0.029630 0.033253 0.057407
0 1869 0.363966 0.028704 0.033857 0.055556
0 1870 0.214027 0.059259 0.039903 0.114815
0 1871 0.250907 0.046759 0.038694 0.091667
0 1872 0.240024 0.037963 0.036276 0.074074
0 1874 0.170496 0.143056 0.032648 0.132407
0 1878 0.342503 0.109722 0.038089 0.132407
0 1879 0.094317 0.139815 0.041112 0.133333
0 1880 0.124849 0.158333 0.033253 0.133333
0 1881 0.139359 0.162963 0.041717 0.129630
0 1882 0.149637 0.144444 0.035671 0.137037
0 1883 0.032950 0.136574 0.036880 0.134259
0 1886 0.060157 0.047685 0.038089 0.093519
0 1893 0.896917 0.088889 0.042926 0.122222
0 1895 0.977025 0.037963 0.031439 0.074074
0 1896 0.907799 0.014352 0.034462 0.026852
0 1903 0.017533 0.129630 0.033857 0.135185
0 1905 0.042926 0.090741 0.036276 0.125926
0 1907 0.071947 0.088426 0.030230 0.108333
0 1914 0.937424 0.034722 0.034462 0.067593
0 1916 0.908706 0.048611 0.037485 0.095370
0 1918 0.199214 0.053704 0.032044 0.105556
0 1919 0.034462 0.079630 0.031439 0.118519
0 1943 0.012092 0.350926 0.022975 0.153704
0 1944 0.308041 0.203704 0.041717 0.138889
0 1945 0.318924 0.139815 0.038089 0.129630
