0 1168 0.658404 0.897685 0.061669 0.171296
0 1169 0.722793 0.934259 0.044135 0.133333
0 1175 0.388150 0.548148 0.037485 0.146296
0 1197 0.282346 0.312963 0.041112 0.138889
0 1198 0.080713 0.477778 0.041717 0.150000
0 1199 0.143591 0.680093 0.052600 0.152778
0 1200 0.162031 0.374074 0.035067 0.144444
0 1206 0.110036 0.453704 0.043531 0.146296
0 1247 0.919287 0.987037 0.028416 0.027778
0 1284 0.847340 0.361574 0.039299 0.134259
0 1285 0.865780 0.356481 0.039903 0.129630
0 1306 0.283857 0.662037 0.044135 0.164815
0 1307 0.335852 0.629630 0.041717 0.175926
0 1308 0.385429 0.640741 0.034462 0.135185
0 1314 0.675937 0.952778 0.038694 0.096296
0 1317 0.574970 0.932870 0.045949 0.136111
0 1325 0.233374 0.579167 0.033857 0.145370
0 1326 0.241233 0.545370 0.036276 0.131481
0 1328 0.190145 0.557870 0.036880 0.147222
0 1329 0.213724 0.523148 0.044135 0.138889
0 1330 0.165961 0.531944 0.040508 0.147222
0 1343 0.384522 0.225463 0.032648 0.128704
0 1344 0.406288 0.229630 0.032648 0.131481
0 1412 0.714329 0.373148 0.044135 0.120370
0 1413 0.751511 0.386574 0.039903 0.132407
0 1444 0.272370 0.372685 0.047763 0.141667
0 1445 0.246977 0.384722 0.033253 0.149074
0 1490 0.980351 0.751852 0.036880 0.137037
0 1501 0.371221 0.964352 0.043531 0.073148
0 1531 0.523277 0.459259 0.041717 0.140741
0 1549 0.318622 0.772685 0.049577 0.167593
0 1555 0.964329 0.785185 0.044740 0.151852
0 1556 0.957074 0.774074 0.035067 0.129630
0 1557 0.500302 0.416204 0.044135 0.139815
0 1567 0.352781 0.468056 0.033253 0.128704
0 1570 0.353990 0.657870 0.047763 0.165741
0 1573 0.500302 0.559722 0.032044 0.143519
0 1592 0.364873 0.695370 0.032044 0.157407
0 1594 0.379686 0.728241 0.044740 0.171296
0 1638 0.585550 0.613426 0.046554 0.156481
0 1639 0.632104 0.639815 0.044135 0.164815
0 1640 0.625756 0.621759 0.037485 0.126852
0 1650 0.442866 0.731019 0.044135 0.145370
0 1653 0.681681 0.714815 0.051391 0.140741
0 1654 0.427751 0.425000 0.032044 0.142593
0 1655 0.467050 0.525000 0.038089 0.131481
0 1657 0.456167 0.490741 0.048972 0.107407
0 1660 0.504232 0.509259 0.042322 0.144444
0 1661 0.540508 0.564352 0.044740 0.156481
0 1667 0.525998 0.521296 0.035067 0.111111
0 1668 0.509674 0.601389 0.041112 0.123148
0 1675 0.442866 0.080556 0.028416 0.098148
0 1676 0.406892 0.066667 0.035067 0.124074
0 1677 0.503930 0.799074 0.046554 0.175926
0 1678 0.751209 0.585648 0.051391 0.154630
0 1679 0.533857 0.846296 0.041112 0.135185
0 1695 0.891778 0.486574 0.042322 0.139815
0 1696 0.701935 0.612500 0.043531 0.165741
0 1697 0.734583 0.626852 0.041112 0.146296
0 1699 0.858827 0.490278 0.045345 0.156481
0 1701 0.886034 0.647685 0.041717 0.145370
0 1702 0.758162 0.681944 0.042322 0.162037
0 1703 0.964933 0.149074 0.035067 0.120370
0 1704 0.834039 0.684259 0.052600 0.153704
0 1705 0.883918 0.731944 0.055623 0.156481
0 1707 0.836759 0.919907 0.059250 0.162037
0 1708 0.802297 0.943981 0.054414 0.113889
0 1710 0.881499 0.954167 0.048368 0.093519
0 1711 0.633313 0.700000 0.039299 0.153704
0 1712 0.598247 0.723148 0.039299 0.133333
0 1713 0.627267 0.499537 0.046554 0.152778
0 1714 0.603083 0.518056 0.034462 0.143519
0 1715 0.973398 0.940741 0.051995 0.118519
0 1716 0.432285 0.587500 0.035067 0.150926
0 1717 0.466445 0.581944 0.036880 0.149074
0 1718 0.338573 0.732870 0.044740 0.169444
0 1719 0.147219 0.468519 0.044135 0.144444
0 1720 0.146312 0.622685 0.047158 0.160185
0 1721 0.533857 0.661111 0.042322 0.159259
0 1722 0.568622 0.660648 0.047763 0.160185
0 1723 0.154172 0.441667 0.039903 0.140741
0 1736 0.230955 0.214815 0.036276 0.120370
0 1737 0.262394 0.200926 0.041112 0.140741
0 1741 0.976119 0.132870 0.033253 0.125000
0 1742 0.938029 0.143519 0.033253 0.129630
0 1743 0.927449 0.132407 0.042322 0.138889
0 1744 0.015115 0.801852 0.029021 0.168519
0 1749 0.918077 0.532870 0.045345 0.160185
0 1750 0.922914 0.559259 0.048972 0.142593
0 1752 0.044740 0.797685 0.051995 0.167593
0 1766 0.516022 0.971296 0.041717 0.059259
0 1767 0.909915 0.924537 0.047158 0.145370
0 1768 0.907195 0.872222 0.063482 0.170370
0 1771 0.873640 0.386111 0.044740 0.137037
0 1772 0.849758 0.381944 0.036880 0.137963
0 1774 0.984583 0.421296 0.029625 0.137037
0 1775 0.808343 0.580556 0.048368 0.168519
0 1776 0.246977 0.626852 0.040508 0.137037
0 1777 0.272370 0.592593 0.051391 0.161111
0 1778 0.285973 0.614815 0.042322 0.159259
0 1779 0.118803 0.419444 0.042926 0.129630
0 1780 0.020556 0.408333 0.039903 0.146296
0 1781 0.011487 0.391667 0.021765 0.127778
0 1782 0.141475 0.398148 0.044740 0.138889
0 1784 0.225212 0.281019 0.039299 0.137963
0 1785 0.246977 0.270370 0.047763 0.138889
0 1788 0.140266 0.500463 0.037485 0.143519
0 1790 0.830411 0.751389 0.044135 0.154630
0 1792 0.785671 0.699074 0.045345 0.153704
0 1793 0.847944 0.597685 0.044135 0.156481
0 1794 0.123337 0.472685 0.037485 0.156481
0 1795 0.825272 0.612963 0.048368 0.157407
0 1797 0.822249 0.473148 0.064087 0.175926
0 1798 0.585852 0.155556 0.039903 0.137037
0 1799 0.546856 0.171296 0.038089 0.142593
0 1800 0.515719 0.167593 0.032648 0.137037
0 1801 0.795042 0.408796 0.042322 0.150926
0 1802 0.712213 0.412963 0.054414 0.138889
0 1803 0.636638 0.317593 0.044740 0.137037
0 1804 0.605804 0.307407 0.045949 0.144444
0 1805 0.615780 0.368981 0.048972 0.147222
0 1806 0.466747 0.051389 0.032648 0.100926
0 1808 0.254837 0.246759 0.038089 0.132407
0 1809 0.381197 0.157407 0.039299 0.144444
0 1810 0.140266 0.215741 0.041112 0.135185
0 1811 0.103386 0.215741 0.042322 0.146296
0 1814 0.031439 0.448611 0.047158 0.152778
0 1815 0.016022 0.267130 0.030834 0.137963
0 1816 0.024788 0.285648 0.041112 0.149074
0 1817 0.055320 0.298148 0.040508 0.142593
0 1818 0.496675 0.187963 0.038089 0.150000
0 1819 0.519347 0.111111 0.036276 0.131481
0 1820 0.062878 0.439352 0.047158 0.167593
0 1821 0.251209 0.187963 0.030834 0.112963
0 1822 0.247884 0.164352 0.031439 0.121296
0 1823 0.256348 0.100463 0.030230 0.115741
0 1824 0.428960 0.205093 0.034462 0.134259
0 1825 0.102479 0.396759 0.036880 0.137963
0 1826 0.097340 0.378704 0.044740 0.157407
0 1827 0.584946 0.386574 0.034462 0.112037
0 1828 0.538694 0.312037 0.031439 0.112963
0 1829 0.511185 0.309259 0.039299 0.142593
0 1830 0.285067 0.120833 0.029625 0.125000
0 1831 0.464329 0.302778 0.042322 0.124074
0 1832 0.504534 0.278704 0.039299 0.135185
0 1833 0.226119 0.314815 0.044740 0.148148
0 1834 0.199516 0.339352 0.033857 0.130556
0 1835 0.158102 0.337037 0.033253 0.124074
0 1837 0.434704 0.304630 0.030230 0.107407
0 1838 0.445889 0.200463 0.038089 0.134259
0 1839 0.005139 0.240741 0.009069 0.135185
0 1841 0.006651 0.286111 0.012092 0.146296
0 1842 0.056530 0.733333 0.048972 0.179630
0 1847 0.048972 0.936574 0.043531 0.128704
0 1848 0.213724 0.788426 0.068319 0.178704
0 1849 0.142080 0.781019 0.054414 0.167593
0 1850 0.333132 0.806019 0.045949 0.178704
0 1852 0.362757 0.782407 0.054414 0.157407
0 1858 0.927146 0.109259 0.047763 0.127778
0 1859 0.541415 0.062963 0.033253 0.124074
0 1860 0.561366 0.058796 0.036880 0.115741
0 1867 0.191052 0.151852 0.035067 0.125926
0 1868 0.379686 0.038426 0.036276 0.075000
0 1869 0.353990 0.036111 0.036880 0.070370
0 1870 0.204655 0.067593 0.039299 0.129630
0 1871 0.240024 0.054630 0.039903 0.107407
0 1872 0.243652 0.048148 0.036276 0.094444
0 1874 0.157799 0.162500 0.032648 0.132407
0 1878 0.334039 0.132407 0.038089 0.137037
0 1879 0.085248 0.155093 0.038694 0.137963
0 1880 0.107920 0.171296 0.033253 0.133333
0 1881 0.124849 0.178704 0.041717 0.129630
0 1882 0.138452 0.159722 0.035067 0.137963
0 1883 0.029021 0.147222 0.036276 0.137037
0 1886 0.055925 0.049537 0.038089 0.097222
0 1888 0.135732 0.018519 0.030834 0.035185
0 1893 0.888452 0.101852 0.042926 0.122222
0 1895 0.977025 0.046296 0.031439 0.090741
0 1896 0.907799 0.022222 0.034462 0.042593
0 1903 0.015115 0.144444 0.029021 0.135185
0 1905 0.031439 0.110185 0.036276 0.131481
0 1907 0.061669 0.103241 0.030230 0.110185
0 1914 0.939238 0.038889 0.034462 0.075926
0 1915 0.985187 0.023611 0.023579 0.045370
0 1916 0.912938 0.060648 0.038694 0.113889
0 1918 0.188029 0.060648 0.032648 0.119444
0 1919 0.024184 0.092593 0.031439 0.118519
0 1943 0.004534 0.363889 0.007860 0.153704
0 1944 0.286880 0.217593 0.041717 0.138889
0 1945 0.314692 0.162037 0.038089 0.129630
