0 1168 0.601270 0.883333 0.047763 0.170370
0 1169 0.656590 0.920370 0.047158 0.157407
0 1175 0.388150 0.548611 0.037485 0.145370
0 1197 0.295345 0.311574 0.041717 0.139815
0 1198 0.080713 0.461111 0.041717 0.150000
0 1199 0.193773 0.652778 0.041717 0.159259
0 1200 0.214027 0.357407 0.035067 0.144444
0 1206 0.115478 0.441667 0.044740 0.146296
0 1246 0.836155 0.972685 0.049577 0.056481
0 1247 0.897823 0.946759 0.066505 0.108333
0 1249 0.981258 0.960185 0.036276 0.081481
0 1284 0.847340 0.360648 0.039299 0.134259
0 1285 0.860339 0.356019 0.035067 0.128704
0 1306 0.283253 0.662963 0.040508 0.161111
0 1307 0.357013 0.617130 0.039299 0.160185
0 1308 0.389057 0.640741 0.034462 0.135185
0 1314 0.606409 0.946759 0.037485 0.106481
0 1317 0.565296 0.935648 0.045949 0.130556
0 1325 0.234583 0.578241 0.033857 0.145370
0 1326 0.238815 0.540741 0.036276 0.131481
0 1328 0.196191 0.565741 0.044135 0.148148
0 1329 0.207678 0.513889 0.045345 0.124074
0 1330 0.163241 0.531481 0.042322 0.146296
0 1343 0.380895 0.229167 0.032648 0.128704
0 1344 0.406892 0.230556 0.032648 0.131481
0 1412 0.714329 0.374537 0.044135 0.121296
0 1413 0.752721 0.385648 0.039903 0.130556
0 1444 0.273579 0.372685 0.047763 0.143519
0 1445 0.247582 0.385185 0.033253 0.148148
0 1490 0.973096 0.753704 0.041717 0.140741
0 1501 0.370617 0.958796 0.042322 0.084259
0 1531 0.539601 0.455556 0.036880 0.144444
0 1549 0.318622 0.773611 0.049577 0.167593
0 1555 0.970073 0.783796 0.052600 0.150926
0 1556 0.938936 0.778704 0.035067 0.129630
0 1557 0.520859 0.429167 0.042926 0.139815
0 1567 0.352479 0.469907 0.033857 0.128704
0 1570 0.340992 0.649074 0.042322 0.164815
0 1573 0.509069 0.525463 0.035067 0.143519
0 1592 0.364873 0.698148 0.032044 0.157407
0 1594 0.378476 0.731019 0.043531 0.171296
0 1638 0.575272 0.640741 0.046554 0.157407
0 1639 0.626058 0.650463 0.036880 0.160185
0 1640 0.618501 0.630556 0.037485 0.127778
0 1650 0.441959 0.731019 0.045949 0.145370
0 1653 0.683192 0.715741 0.050786 0.140741
0 1654 0.396917 0.437037 0.038089 0.129630
0 1655 0.466445 0.525000 0.039299 0.131481
0 1657 0.455562 0.490741 0.048972 0.107407
0 1660 0.493954 0.467130 0.042322 0.137963
0 1661 0.532950 0.558333 0.044135 0.153704
0 1667 0.511790 0.490278 0.034462 0.112037
0 1668 0.522068 0.597685 0.041717 0.123148
0 1675 0.441657 0.104167 0.028416 0.095370
0 1676 0.416868 0.082870 0.035671 0.125000
0 1677 0.584643 0.723148 0.048368 0.162963
0 1678 0.748186 0.503704 0.048972 0.153704
0 1679 0.604897 0.773148 0.040508 0.137037
0 1695 0.857013 0.434722 0.041717 0.132407
0 1696 0.683192 0.518981 0.044740 0.156481
0 1697 0.716747 0.530556 0.039299 0.146296
0 1699 0.830109 0.433796 0.042322 0.154630
0 1701 0.845828 0.575463 0.039903 0.154630
0 1702 0.740931 0.607870 0.041717 0.152778
0 1703 0.944377 0.148148 0.032648 0.125926
0 1704 0.819226 0.611111 0.044740 0.153704
0 1705 0.819831 0.668981 0.056832 0.136111
0 1707 0.780230 0.841667 0.059855 0.185185
0 1708 0.754534 0.867130 0.054414 0.180556
0 1710 0.830713 0.919907 0.050786 0.162037
0 1711 0.675937 0.649074 0.039903 0.150000
0 1712 0.649335 0.667593 0.039903 0.135185
0 1713 0.611245 0.451852 0.047158 0.151852
0 1714 0.578900 0.460648 0.034462 0.137963
0 1715 0.928658 0.865278 0.064087 0.178704
0 1716 0.432285 0.586574 0.035067 0.150926
0 1717 0.464631 0.583796 0.036880 0.149074
0 1718 0.435913 0.761111 0.055623 0.174074
0 1719 0.162334 0.436111 0.044135 0.144444
0 1720 0.114873 0.552315 0.047158 0.160185
0 1721 0.531439 0.622685 0.042322 0.160185
0 1722 0.562878 0.596759 0.039903 0.160185
0 1723 0.166868 0.411111 0.039903 0.140741
0 1734 0.004837 0.364815 0.008464 0.140741
0 1736 0.228235 0.208333 0.036880 0.122222
0 1737 0.265417 0.204630 0.041112 0.140741
0 1741 0.970073 0.130093 0.033253 0.136111
0 1742 0.914752 0.150926 0.044740 0.129630
0 1743 0.874547 0.128241 0.038089 0.134259
0 1744 0.042624 0.740741 0.046554 0.164815
0 1749 0.866989 0.504167 0.044740 0.158333
0 1750 0.870314 0.537037 0.046554 0.146296
0 1751 0.012092 0.732870 0.022975 0.173148
0 1752 0.084946 0.725926 0.051391 0.159259
0 1766 0.428053 0.973148 0.045949 0.055556
0 1767 0.818319 0.886111 0.046554 0.151852
0 1768 0.820738 0.834259 0.055018 0.170370
0 1771 0.937122 0.362963 0.038694 0.153704
0 1772 0.904474 0.357870 0.037485 0.137963
0 1773 0.977328 0.338889 0.036880 0.129630
0 1774 0.953144 0.341667 0.041717 0.129630
0 1775 0.802297 0.505093 0.048368 0.156481
0 1776 0.233978 0.630556 0.038694 0.144444
0 1777 0.259069 0.595833 0.047763 0.160185
0 1778 0.285973 0.609259 0.042322 0.159259
0 1779 0.073458 0.439815 0.042926 0.133333
0 1780 0.004837 0.434259 0.008464 0.146296
0 1781 0.003023 0.419444 0.004837 0.127778
0 1782 0.092503 0.413889 0.044740 0.138889
0 1784 0.134825 0.270370 0.039903 0.140741
0 1785 0.153567 0.257870 0.044740 0.147222
0 1788 0.152963 0.477315 0.037485 0.143519
0 1790 0.779927 0.683796 0.042322 0.154630
0 1791 0.010883 0.305093 0.020556 0.145370
0 1792 0.766626 0.614352 0.043531 0.143519
0 1793 0.821040 0.538889 0.043531 0.157407
0 1794 0.137848 0.451389 0.037485 0.156481
0 1795 0.780532 0.548148 0.048368 0.157407
0 1797 0.799577 0.416204 0.048972 0.167593
0 1798 0.613059 0.118519 0.037485 0.137037
0 1799 0.570133 0.131481 0.036276 0.140741
0 1800 0.539601 0.125463 0.032044 0.136111
0 1801 0.789299 0.351389 0.041717 0.143519
0 1802 0.679565 0.360185 0.054414 0.135185
0 1803 0.614571 0.256019 0.046554 0.136111
0 1804 0.577690 0.257407 0.047763 0.144444
0 1805 0.595828 0.318056 0.048972 0.143519
0 1806 0.455260 0.040278 0.031439 0.078704
0 1808 0.312273 0.207407 0.042926 0.129630
0 1809 0.379383 0.143519 0.039299 0.138889
0 1810 0.183495 0.179630 0.038089 0.127778
0 1811 0.149637 0.179630 0.042926 0.146296
0 1813 0.008162 0.250000 0.015115 0.125926
0 1814 0.061064 0.389815 0.041112 0.148148
0 1815 0.048670 0.227315 0.044135 0.137963
0 1816 0.057739 0.245370 0.041717 0.138889
0 1817 0.086457 0.259722 0.039903 0.139815
0 1818 0.430774 0.139815 0.038089 0.140741
0 1819 0.471282 0.078241 0.035671 0.123148
0 1820 0.091294 0.382407 0.047158 0.168519
0 1821 0.246675 0.188426 0.030230 0.110185
0 1822 0.247279 0.162500 0.030230 0.121296
0 1823 0.256348 0.100463 0.030230 0.115741
0 1824 0.376965 0.175000 0.034462 0.135185
0 1825 0.156288 0.354630 0.036880 0.131481
0 1826 0.149335 0.340741 0.041112 0.157407
0 1827 0.565599 0.329167 0.034462 0.112037
0 1828 0.519045 0.266204 0.032044 0.112037
0 1829 0.485490 0.268056 0.038694 0.132407
0 1830 0.284462 0.121296 0.030834 0.122222
0 1831 0.447400 0.264815 0.041112 0.125926
0 1832 0.481258 0.237963 0.038694 0.129630
0 1833 0.264208 0.275463 0.044740 0.147222
0 1834 0.243954 0.308796 0.036880 0.132407
0 1835 0.202539 0.297685 0.039903 0.130556
0 1837 0.423216 0.272222 0.030230 0.107407
0 1838 0.398126 0.169444 0.034462 0.135185
0 1839 0.019347 0.218519 0.037485 0.135185
0 1840 0.008162 0.326389 0.015115 0.110185
0 1841 0.018742 0.248148 0.036276 0.135185
0 1848 0.113059 0.781481 0.060459 0.179630
0 1849 0.047461 0.780556 0.062273 0.164815
0 1850 0.200121 0.797685 0.061669 0.178704
0 1852 0.233676 0.781944 0.053809 0.165741
0 1858 0.943773 0.071296 0.045949 0.124074
0 1859 0.540810 0.051852 0.033253 0.101852
0 1860 0.561971 0.044444 0.033253 0.087037
0 1867 0.217654 0.111111 0.035067 0.120370
0 1868 0.398126 0.018056 0.033253 0.034259
0 1870 0.225514 0.046759 0.039903 0.091667
0 1871 0.278718 0.033796 0.035067 0.065741
0 1872 0.229746 0.023148 0.036276 0.044444
0 1874 0.185611 0.113889 0.032648 0.129630
0 1878 0.357618 0.076852 0.038089 0.125926
0 1879 0.120919 0.118519 0.036276 0.135185
0 1880 0.144800 0.136111 0.033253 0.133333
0 1881 0.164752 0.133333 0.041717 0.129630
0 1882 0.164752 0.118519 0.034462 0.137037
0 1883 0.054414 0.108333 0.037485 0.125926
0 1886 0.072249 0.042130 0.038089 0.082407
0 1893 0.910520 0.066204 0.042322 0.119444
0 1903 0.032044 0.102778 0.041112 0.135185
0 1905 0.064389 0.070370 0.036880 0.124074
0 1907 0.090689 0.064352 0.029021 0.115741
0 1914 0.931681 0.022222 0.035067 0.042593
0 1916 0.895103 0.036111 0.036880 0.070370
0 1918 0.203748 0.039352 0.032648 0.076852
0 1919 0.056227 0.051389 0.032648 0.100926
0 1943 0.032648 0.326852 0.041112 0.150000
0 1944 0.341294 0.181944 0.038089 0.139815
0 1945 0.328597 0.101852 0.038089 0.129630
