0 1168 0.572249 0.875463 0.046554 0.171296
0 1169 0.621221 0.923148 0.036880 0.153704
0 1175 0.388150 0.549537 0.037485 0.145370
0 1197 0.308343 0.313426 0.042322 0.137963
0 1198 0.089480 0.447685 0.041112 0.141667
0 1199 0.234281 0.656019 0.041717 0.160185
0 1200 0.244559 0.346296 0.034462 0.144444
0 1206 0.124547 0.433333 0.044740 0.146296
0 1209 0.687122 0.976852 0.044135 0.048148
0 1246 0.824063 0.946296 0.049577 0.109259
0 1247 0.889359 0.917593 0.065296 0.162963
0 1249 0.959190 0.918056 0.062273 0.158333
0 1250 0.926542 0.969907 0.047763 0.062037
0 1251 0.889359 0.976852 0.039903 0.048148
0 1284 0.847944 0.362500 0.038089 0.134259
0 1285 0.865478 0.355556 0.038089 0.127778
0 1306 0.285369 0.665278 0.038694 0.160185
0 1307 0.358525 0.618056 0.038694 0.158333
0 1308 0.389057 0.643519 0.034462 0.135185
0 1314 0.565296 0.943519 0.033857 0.107407
0 1317 0.565296 0.931944 0.045949 0.137963
0 1325 0.234583 0.578241 0.033857 0.145370
0 1326 0.237908 0.550000 0.036880 0.131481
0 1328 0.193470 0.567130 0.044740 0.145370
0 1329 0.194982 0.517130 0.045345 0.139815
0 1330 0.162636 0.534259 0.043531 0.146296
0 1343 0.380593 0.231019 0.032044 0.130556
0 1344 0.406288 0.232407 0.032648 0.131481
0 1412 0.714329 0.376389 0.044135 0.121296
0 1413 0.753325 0.385185 0.039903 0.129630
0 1444 0.274184 0.373148 0.047763 0.144444
0 1445 0.247582 0.387037 0.033253 0.148148
0 1490 0.970677 0.750000 0.040508 0.140741
0 1501 0.373640 0.956019 0.042322 0.087963
0 1531 0.540508 0.460185 0.036276 0.151852
0 1549 0.318017 0.775463 0.049577 0.167593
0 1555 0.970677 0.771759 0.056227 0.149074
0 1556 0.929262 0.770833 0.033857 0.125000
0 1557 0.536880 0.438426 0.037485 0.139815
0 1567 0.351874 0.472685 0.035067 0.128704
0 1570 0.333736 0.640278 0.042322 0.165741
0 1573 0.502721 0.501852 0.030834 0.140741
0 1592 0.364873 0.700000 0.032044 0.157407
0 1594 0.378476 0.731944 0.043531 0.171296
0 1638 0.562576 0.675463 0.046554 0.165741
0 1639 0.622430 0.659259 0.036880 0.157407
0 1640 0.597037 0.648148 0.036880 0.140741
0 1650 0.441354 0.731019 0.047158 0.145370
0 1653 0.683192 0.718519 0.050786 0.140741
0 1654 0.387243 0.445370 0.038089 0.129630
0 1655 0.465840 0.525000 0.040508 0.131481
0 1657 0.455562 0.494444 0.048972 0.107407
0 1660 0.477025 0.452315 0.042322 0.137963
0 1661 0.532346 0.548611 0.041717 0.154630
0 1667 0.499093 0.465278 0.034462 0.121296
0 1668 0.520859 0.594907 0.041717 0.123148
0 1675 0.450423 0.115741 0.030230 0.098148
0 1676 0.429867 0.105556 0.039903 0.127778
0 1677 0.639964 0.683796 0.039299 0.163889
0 1678 0.750605 0.470370 0.048972 0.153704
0 1679 0.650242 0.713889 0.038089 0.131481
0 1695 0.842503 0.406019 0.036880 0.132407
0 1696 0.674426 0.466204 0.044135 0.154630
0 1697 0.702842 0.476852 0.039299 0.144444
0 1699 0.813785 0.406019 0.042322 0.154630
0 1701 0.791415 0.527315 0.044740 0.162037
0 1702 0.721282 0.556944 0.042322 0.152778
0 1703 0.911125 0.136111 0.031439 0.124074
0 1704 0.801088 0.566667 0.044740 0.151852
0 1705 0.805623 0.625000 0.052600 0.140741
0 1707 0.765115 0.782407 0.063482 0.190741
0 1708 0.727932 0.818519 0.047158 0.150000
0 1709 0.970073 0.713889 0.032044 0.096296
0 1710 0.823156 0.867130 0.051391 0.165741
0 1711 0.680169 0.610648 0.039903 0.149074
0 1712 0.651753 0.628704 0.039903 0.135185
0 1713 0.599456 0.420370 0.046554 0.151852
0 1714 0.565296 0.422222 0.033857 0.125926
0 1715 0.897219 0.797685 0.058041 0.176852
0 1716 0.432285 0.586574 0.035067 0.150926
0 1717 0.464933 0.584259 0.035067 0.148148
0 1718 0.489117 0.734722 0.048368 0.176852
0 1719 0.187122 0.411111 0.042926 0.144444
0 1720 0.121826 0.522685 0.046554 0.158333
0 1721 0.572551 0.593519 0.049577 0.159259
0 1722 0.594317 0.539352 0.048368 0.158333
0 1723 0.174728 0.391667 0.039903 0.140741
0 1728 0.819528 0.977778 0.039299 0.046296
0 1734 0.016022 0.338889 0.030834 0.140741
0 1736 0.226723 0.212037 0.036276 0.122222
0 1737 0.262999 0.205556 0.041112 0.140741
0 1741 0.957981 0.126852 0.033253 0.144444
0 1742 0.894196 0.150926 0.045949 0.129630
0 1743 0.833132 0.130556 0.039903 0.133333
0 1744 0.065901 0.709722 0.045949 0.165741
0 1749 0.844921 0.488889 0.044135 0.155556
0 1750 0.843410 0.518519 0.044740 0.144444
0 1751 0.021161 0.705556 0.041112 0.174074
0 1752 0.108525 0.684722 0.051391 0.156481
0 1766 0.361850 0.976852 0.046554 0.048148
0 1767 0.748186 0.868981 0.051391 0.150926
0 1768 0.773881 0.829630 0.051995 0.170370
0 1771 0.958283 0.340278 0.038694 0.154630
0 1772 0.920193 0.323611 0.037485 0.137963
0 1773 0.962515 0.297222 0.041112 0.129630
0 1774 0.941354 0.291667 0.036276 0.120370
0 1775 0.798368 0.466667 0.048972 0.161111
0 1776 0.217956 0.641204 0.039299 0.145370
0 1777 0.249395 0.605556 0.053809 0.166667
0 1778 0.285973 0.606481 0.042322 0.159259
0 1779 0.045647 0.456019 0.042926 0.141667
0 1782 0.052902 0.428704 0.044135 0.138889
0 1784 0.075877 0.258333 0.042926 0.138889
0 1785 0.104595 0.246296 0.042322 0.148148
0 1788 0.162636 0.461574 0.037485 0.143519
0 1790 0.775998 0.629167 0.041717 0.150926
0 1791 0.025091 0.289815 0.038089 0.148148
0 1792 0.755139 0.572222 0.043531 0.146296
0 1793 0.799879 0.505556 0.044740 0.157407
0 1794 0.156590 0.429630 0.037485 0.157407
0 1795 0.744559 0.500926 0.048972 0.157407
0 1796 0.014813 0.372222 0.028416 0.162963
0 1797 0.789601 0.380556 0.048368 0.166667
0 1798 0.620617 0.093981 0.034462 0.136111
0 1799 0.588271 0.101389 0.033857 0.126852
0 1800 0.559855 0.095370 0.031439 0.131481
0 1801 0.769347 0.318056 0.041717 0.145370
0 1802 0.670193 0.328241 0.050181 0.134259
0 1803 0.609432 0.220370 0.047158 0.131481
0 1804 0.563785 0.216667 0.055018 0.144444
0 1805 0.579807 0.286574 0.047158 0.139815
0 1806 0.450423 0.033796 0.031439 0.065741
0 1808 0.344921 0.192593 0.042926 0.129630
0 1809 0.364873 0.132407 0.039299 0.138889
0 1810 0.212213 0.157407 0.037485 0.127778
0 1811 0.173216 0.151389 0.042926 0.141667
0 1813 0.015719 0.232407 0.030230 0.125926
0 1814 0.083132 0.353241 0.041717 0.149074
0 1815 0.060157 0.204630 0.042926 0.133333
0 1816 0.080411 0.220370 0.041112 0.137037
0 1817 0.107618 0.237963 0.037485 0.140741
0 1818 0.391475 0.107407 0.038089 0.140741
0 1819 0.428658 0.059722 0.039903 0.117593
0 1820 0.119407 0.354630 0.046554 0.168519
0 1821 0.246977 0.193056 0.029625 0.110185
0 1822 0.247884 0.168519 0.032648 0.120370
0 1823 0.256651 0.105093 0.029625 0.115741
0 1824 0.367291 0.163889 0.034462 0.135185
0 1825 0.198912 0.331944 0.035067 0.123148
0 1826 0.191657 0.313889 0.041112 0.157407
0 1827 0.549879 0.295370 0.033253 0.107407
0 1828 0.501814 0.241667 0.032648 0.107407
0 1829 0.478235 0.237500 0.039903 0.132407
0 1830 0.283857 0.121759 0.032044 0.119444
0 1831 0.435913 0.237500 0.042322 0.126852
0 1832 0.463120 0.216667 0.038694 0.129630
0 1833 0.289601 0.246296 0.044740 0.144444
0 1834 0.272068 0.284259 0.036276 0.131481
0 1835 0.241536 0.270833 0.038089 0.128704
0 1837 0.422612 0.251852 0.030230 0.107407
0 1838 0.383918 0.155556 0.033857 0.135185
0 1839 0.025998 0.187963 0.044740 0.137037
0 1840 0.028718 0.303241 0.029625 0.110185
0 1841 0.033857 0.220833 0.038694 0.134259
0 1848 0.045345 0.775463 0.060459 0.180556
0 1850 0.123337 0.784722 0.060459 0.178704
0 1852 0.158706 0.768981 0.051391 0.165741
0 1858 0.947098 0.050926 0.044135 0.100000
0 1859 0.540206 0.030093 0.033253 0.058333
0 1860 0.562576 0.030556 0.032044 0.059259
0 1867 0.235490 0.087037 0.034462 0.120370
0 1871 0.298368 0.021759 0.027207 0.041667
0 1874 0.198912 0.085185 0.032648 0.127778
0 1878 0.373337 0.056481 0.038089 0.111111
0 1879 0.139661 0.093519 0.036276 0.135185
0 1880 0.167775 0.109259 0.033253 0.133333
0 1881 0.191657 0.106481 0.041112 0.129630
0 1882 0.180169 0.089352 0.035067 0.130556
0 1883 0.084341 0.085185 0.039299 0.137037
0 1886 0.085550 0.032870 0.038089 0.063889
0 1893 0.914148 0.048611 0.039903 0.095370
0 1903 0.058948 0.075000 0.040508 0.129630
0 1905 0.082830 0.048611 0.037485 0.095370
0 1907 0.106409 0.047222 0.030230 0.092593
0 1916 0.880290 0.028704 0.027811 0.055556
0 1918 0.214329 0.026852 0.025998 0.051852
0 1919 0.074667 0.041667 0.032044 0.081481
0 1943 0.055623 0.310185 0.041112 0.150000
0 1944 0.367896 0.174074 0.038089 0.142593
0 1945 0.341898 0.070370 0.034462 0.120370
