0 1168 0.581318 0.876389 0.046554 0.171296
0 1169 0.631802 0.921759 0.041112 0.156481
0 1175 0.388150 0.549537 0.037485 0.145370
0 1197 0.307437 0.312037 0.041717 0.138889
0 1198 0.086457 0.451852 0.041112 0.144444
0 1199 0.219770 0.655556 0.041717 0.159259
0 1200 0.233978 0.350000 0.035067 0.144444
0 1206 0.121524 0.436111 0.044740 0.146296
0 1209 0.690447 0.981944 0.036276 0.037963
0 1246 0.824365 0.953241 0.048972 0.095370
0 1247 0.891778 0.927778 0.065296 0.144444
0 1249 0.967956 0.930556 0.062878 0.140741
0 1250 0.930169 0.981019 0.040508 0.039815
0 1251 0.891173 0.986574 0.027811 0.028704
0 1284 0.847642 0.361574 0.038694 0.134259
0 1285 0.866082 0.355556 0.035671 0.127778
0 1306 0.285369 0.664352 0.038694 0.160185
0 1307 0.358525 0.617593 0.038694 0.159259
0 1308 0.389057 0.642593 0.034462 0.135185
0 1314 0.578597 0.945833 0.033857 0.106481
0 1317 0.565296 0.933333 0.045949 0.135185
0 1325 0.234583 0.578241 0.033857 0.145370
0 1326 0.238513 0.547222 0.036880 0.131481
0 1328 0.194377 0.566667 0.044135 0.146296
0 1329 0.198307 0.512963 0.045949 0.138889
0 1330 0.162938 0.533333 0.042926 0.146296
0 1343 0.380593 0.230556 0.032044 0.129630
0 1344 0.406288 0.231481 0.032648 0.131481
0 1412 0.714329 0.375463 0.044135 0.121296
0 1413 0.753325 0.385185 0.039903 0.129630
0 1444 0.273579 0.372685 0.047763 0.143519
0 1445 0.247582 0.386111 0.033253 0.148148
0 1490 0.972189 0.753704 0.041112 0.140741
0 1501 0.371826 0.956019 0.042322 0.087963
0 1531 0.541112 0.459259 0.036276 0.150000
0 1549 0.318622 0.774537 0.049577 0.167593
0 1555 0.971584 0.779630 0.054414 0.151852
0 1556 0.933192 0.777778 0.034462 0.127778
0 1557 0.530230 0.435648 0.037485 0.139815
0 1567 0.352177 0.471759 0.034462 0.128704
0 1570 0.336759 0.643056 0.042322 0.165741
0 1573 0.506046 0.509259 0.033857 0.142593
0 1592 0.364873 0.699074 0.032044 0.157407
0 1594 0.378476 0.731944 0.043531 0.171296
0 1638 0.564389 0.664352 0.046554 0.165741
0 1639 0.624849 0.656481 0.036880 0.159259
0 1640 0.604897 0.642593 0.036880 0.135185
0 1650 0.441657 0.731019 0.046554 0.145370
0 1653 0.683192 0.717593 0.050786 0.140741
0 1654 0.388452 0.443519 0.038089 0.129630
0 1655 0.465840 0.525000 0.040508 0.131481
0 1657 0.455562 0.493519 0.048972 0.107407
0 1660 0.481862 0.456944 0.042322 0.137963
0 1661 0.532044 0.551852 0.042322 0.153704
0 1667 0.500907 0.475000 0.034462 0.120370
0 1668 0.520859 0.594907 0.041717 0.123148
0 1675 0.446796 0.112037 0.030230 0.096296
0 1676 0.426239 0.101389 0.039903 0.130556
0 1677 0.624547 0.691667 0.037485 0.164815
0 1678 0.748186 0.481481 0.048972 0.153704
0 1679 0.636336 0.728704 0.039299 0.133333
0 1695 0.844015 0.413889 0.036276 0.131481
0 1696 0.676844 0.481019 0.044135 0.154630
0 1697 0.708888 0.493519 0.039299 0.146296
0 1699 0.818017 0.414352 0.042322 0.154630
0 1701 0.807134 0.542130 0.039903 0.162037
0 1702 0.729141 0.573611 0.042322 0.154630
0 1703 0.923216 0.139352 0.031439 0.125000
0 1704 0.806530 0.577778 0.044740 0.151852
0 1705 0.809855 0.641667 0.051391 0.144444
0 1707 0.765417 0.800000 0.058041 0.190741
0 1708 0.733071 0.842593 0.053809 0.166667
0 1709 0.980653 0.723611 0.026602 0.091667
0 1710 0.827690 0.884722 0.050786 0.165741
0 1711 0.683797 0.622685 0.039903 0.147222
0 1712 0.654776 0.644444 0.039903 0.135185
0 1713 0.602781 0.431481 0.047158 0.151852
0 1714 0.569528 0.433796 0.033857 0.130556
0 1715 0.906892 0.822685 0.056832 0.184259
0 1716 0.432285 0.586574 0.035067 0.150926
0 1717 0.464631 0.584259 0.035671 0.148148
0 1718 0.478537 0.749537 0.052600 0.175000
0 1719 0.179262 0.419444 0.042926 0.144444
0 1720 0.119407 0.531944 0.046554 0.158333
0 1721 0.555018 0.603704 0.049577 0.159259
0 1722 0.588271 0.557407 0.048368 0.159259
0 1723 0.172310 0.398148 0.039903 0.140741
0 1728 0.817110 0.988426 0.036880 0.025000
0 1734 0.012999 0.346296 0.024788 0.140741
0 1736 0.227025 0.211111 0.036880 0.122222
0 1737 0.263603 0.205556 0.041112 0.140741
0 1741 0.964027 0.128241 0.033253 0.143519
0 1742 0.903869 0.152778 0.045949 0.129630
0 1743 0.842201 0.130556 0.042322 0.133333
0 1744 0.056832 0.720833 0.045949 0.165741
0 1749 0.851270 0.493519 0.044740 0.155556
0 1750 0.849154 0.523148 0.044135 0.144444
0 1751 0.018138 0.712500 0.035067 0.173148
0 1752 0.101874 0.696296 0.051391 0.155556
0 1766 0.382709 0.976852 0.047158 0.048148
0 1767 0.772672 0.871296 0.047158 0.151852
0 1768 0.792019 0.835185 0.051995 0.170370
0 1771 0.952842 0.349537 0.038694 0.154630
0 1772 0.914148 0.337500 0.037485 0.137963
0 1773 0.967050 0.311111 0.041717 0.129630
0 1774 0.945284 0.303704 0.040508 0.120370
0 1775 0.796856 0.480093 0.048368 0.165741
0 1776 0.225514 0.637500 0.038694 0.145370
0 1777 0.251814 0.603704 0.051391 0.164815
0 1778 0.285973 0.606481 0.042322 0.159259
0 1779 0.054111 0.450926 0.042926 0.138889
0 1782 0.065901 0.425000 0.044740 0.138889
0 1784 0.090992 0.261111 0.039299 0.137037
0 1785 0.120617 0.250926 0.047763 0.148148
0 1788 0.159008 0.467130 0.037485 0.143519
0 1790 0.776300 0.645833 0.042322 0.152778
0 1791 0.018742 0.294444 0.036276 0.148148
0 1792 0.760580 0.586574 0.043531 0.145370
0 1793 0.805320 0.516667 0.044740 0.157407
0 1794 0.151149 0.437037 0.037485 0.157407
0 1795 0.754232 0.515741 0.048972 0.157407
0 1796 0.008767 0.374537 0.016324 0.160185
0 1797 0.793229 0.391204 0.048368 0.167593
0 1798 0.619105 0.100926 0.035067 0.137037
0 1799 0.583736 0.111111 0.036880 0.129630
0 1800 0.551391 0.103241 0.031439 0.130556
0 1801 0.776602 0.327778 0.041717 0.144444
0 1802 0.671705 0.338889 0.051995 0.135185
0 1803 0.609129 0.229630 0.046554 0.131481
0 1804 0.568017 0.229630 0.052600 0.144444
0 1805 0.584946 0.294444 0.047763 0.137037
0 1806 0.452237 0.035648 0.031439 0.069444
0 1808 0.334039 0.196296 0.042926 0.129630
0 1809 0.370919 0.134259 0.039299 0.138889
0 1810 0.204051 0.164815 0.036880 0.125926
0 1811 0.165961 0.160185 0.042926 0.142593
0 1813 0.013301 0.238889 0.025393 0.125926
0 1814 0.070435 0.362500 0.041717 0.149074
0 1815 0.057437 0.210648 0.043531 0.136111
0 1816 0.073458 0.227778 0.041717 0.137037
0 1817 0.100967 0.245370 0.038694 0.140741
0 1818 0.403567 0.117593 0.038089 0.140741
0 1819 0.440447 0.062037 0.034462 0.122222
0 1820 0.110339 0.362037 0.046554 0.168519
0 1821 0.246675 0.194907 0.030230 0.110185
0 1822 0.247884 0.167593 0.032648 0.120370
0 1823 0.256348 0.104167 0.030230 0.115741
0 1824 0.370314 0.167593 0.034462 0.135185
0 1825 0.188634 0.341667 0.036276 0.127778
0 1826 0.177751 0.324074 0.041112 0.157407
0 1827 0.554111 0.306019 0.034462 0.108333
0 1828 0.508464 0.249537 0.032648 0.106481
0 1829 0.480653 0.246759 0.039903 0.132407
0 1830 0.283857 0.121296 0.032044 0.120370
0 1831 0.438936 0.245833 0.042322 0.126852
0 1832 0.470375 0.221296 0.038694 0.129630
0 1833 0.282950 0.254630 0.044740 0.144444
0 1834 0.263301 0.293056 0.036880 0.132407
0 1835 0.228235 0.279630 0.040508 0.129630
0 1837 0.422612 0.257407 0.030230 0.107407
0 1838 0.387545 0.160185 0.033857 0.135185
0 1839 0.022975 0.197222 0.044740 0.137037
0 1840 0.021463 0.309722 0.029625 0.110185
0 1841 0.027811 0.227778 0.039903 0.135185
0 1848 0.069528 0.776852 0.053204 0.185185
0 1849 0.005139 0.785185 0.009069 0.164815
0 1850 0.143894 0.787500 0.054414 0.178704
0 1852 0.185006 0.769907 0.055623 0.165741
0 1858 0.946493 0.056944 0.044135 0.112037
0 1859 0.540810 0.036111 0.033253 0.070370
0 1860 0.561971 0.035185 0.033253 0.068519
0 1867 0.229746 0.094444 0.035067 0.120370
0 1868 0.407195 0.010185 0.033253 0.018519
0 1871 0.292322 0.025463 0.029625 0.049074
0 1874 0.194680 0.093981 0.032648 0.128704
0 1878 0.368501 0.060648 0.038089 0.119444
0 1879 0.134522 0.101852 0.036880 0.135185
0 1880 0.160520 0.117593 0.033253 0.133333
0 1881 0.183495 0.114815 0.041717 0.129630
0 1882 0.175333 0.098611 0.035067 0.132407
0 1883 0.075272 0.091667 0.039299 0.131481
0 1886 0.083132 0.037037 0.038089 0.072222
0 1893 0.913543 0.051852 0.039903 0.101852
0 1903 0.051693 0.083333 0.041717 0.135185
0 1905 0.077993 0.055556 0.037485 0.107407
0 1907 0.102177 0.051852 0.030230 0.101852
0 1916 0.885127 0.030093 0.027811 0.058333
0 1918 0.212817 0.030093 0.026602 0.058333
0 1919 0.069831 0.041667 0.032044 0.081481
0 1943 0.049577 0.314815 0.041112 0.150000
0 1944 0.360036 0.175926 0.038089 0.142593
0 1945 0.337666 0.080093 0.035671 0.123148
