0 1168 0.698307 0.895370 0.050786 0.170370
0 1169 0.743652 0.942130 0.043531 0.117593
0 1175 0.388150 0.551389 0.037485 0.149074
0 1197 0.265719 0.325926 0.042926 0.146296
0 1198 0.079807 0.481481 0.041112 0.150000
0 1199 0.097340 0.706481 0.051995 0.155556
0 1200 0.136941 0.385185 0.036880 0.144444
0 1206 0.104897 0.457407 0.041717 0.146296
0 1284 0.851874 0.368056 0.043531 0.132407
0 1285 0.863362 0.355556 0.041112 0.129630
0 1306 0.283555 0.663426 0.044740 0.165741
0 1307 0.322249 0.633796 0.042322 0.175000
0 1308 0.383615 0.640741 0.034462 0.135185
0 1314 0.709190 0.956944 0.038694 0.087963
0 1317 0.574970 0.937500 0.045949 0.126852
0 1325 0.232769 0.579167 0.033857 0.145370
0 1326 0.242443 0.548148 0.036276 0.131481
0 1328 0.193470 0.557870 0.036276 0.143519
0 1329 0.209794 0.522222 0.044740 0.146296
0 1330 0.167170 0.532870 0.040508 0.149074
0 1343 0.384522 0.225463 0.032648 0.128704
0 1344 0.405985 0.230556 0.032044 0.131481
0 1412 0.714631 0.375000 0.044740 0.120370
0 1413 0.751209 0.387037 0.040508 0.133333
0 1444 0.272370 0.372685 0.047763 0.141667
0 1445 0.246372 0.385648 0.033253 0.150926
0 1490 0.985187 0.756019 0.028416 0.132407
0 1501 0.369407 0.965741 0.043531 0.070370
0 1531 0.512999 0.462037 0.040508 0.140741
0 1549 0.318622 0.772685 0.049577 0.167593
0 1555 0.962515 0.786111 0.043531 0.151852
0 1556 0.942866 0.774537 0.034462 0.128704
0 1557 0.481258 0.402778 0.039903 0.140741
0 1567 0.353386 0.469907 0.034462 0.128704
0 1570 0.353688 0.662963 0.048368 0.164815
0 1573 0.495466 0.571759 0.032044 0.143519
0 1592 0.363966 0.696296 0.032648 0.157407
0 1594 0.381499 0.727315 0.044740 0.171296
0 1638 0.590689 0.612963 0.043531 0.157407
0 1639 0.630895 0.637963 0.044135 0.164815
0 1640 0.627570 0.618981 0.037485 0.126852
0 1650 0.441959 0.731019 0.043531 0.145370
0 1653 0.680472 0.714815 0.051391 0.140741
0 1654 0.451028 0.424074 0.031439 0.142593
0 1655 0.467050 0.525000 0.036880 0.131481
0 1657 0.456771 0.492593 0.048972 0.107407
0 1660 0.503930 0.530093 0.041717 0.152778
0 1661 0.538694 0.568056 0.044740 0.156481
0 1667 0.525393 0.542593 0.033857 0.122222
0 1668 0.507557 0.606944 0.041717 0.121296
0 1675 0.440750 0.064352 0.031439 0.093519
0 1676 0.406590 0.058796 0.035671 0.115741
0 1677 0.457981 0.836111 0.056227 0.168519
0 1678 0.757557 0.625463 0.051995 0.154630
0 1679 0.481560 0.888426 0.052600 0.139815
0 1695 0.906288 0.519907 0.041112 0.143519
0 1696 0.710399 0.656019 0.043531 0.165741
0 1697 0.746675 0.664352 0.041112 0.145370
0 1699 0.876360 0.519907 0.048972 0.156481
0 1701 0.894800 0.694907 0.039903 0.163889
0 1702 0.767231 0.718519 0.041112 0.164815
0 1703 0.964933 0.155093 0.035067 0.121296
0 1704 0.845526 0.727778 0.051391 0.159259
0 1705 0.906892 0.763889 0.045949 0.155556
0 1707 0.859734 0.946296 0.061669 0.109259
0 1708 0.822551 0.964352 0.053809 0.073148
0 1710 0.909613 0.973611 0.035671 0.054630
0 1711 0.613966 0.738426 0.039299 0.158333
0 1712 0.583736 0.763426 0.039299 0.136111
0 1713 0.641173 0.527778 0.046554 0.153704
0 1714 0.623035 0.543056 0.034462 0.143519
0 1716 0.432285 0.587500 0.035067 0.150926
0 1717 0.467956 0.581944 0.036276 0.149074
0 1718 0.289601 0.707407 0.055623 0.170370
0 1719 0.142684 0.481481 0.044740 0.144444
0 1720 0.149940 0.664352 0.047158 0.162037
0 1721 0.537485 0.668056 0.042322 0.163889
0 1722 0.571342 0.680093 0.053204 0.160185
0 1723 0.148126 0.457407 0.039903 0.140741
0 1736 0.229746 0.214815 0.035067 0.120370
0 1737 0.261185 0.201389 0.041112 0.139815
0 1741 0.976119 0.135185 0.033253 0.124074
0 1742 0.941657 0.148611 0.034462 0.130556
0 1743 0.938331 0.128704 0.038694 0.127778
0 1744 0.003325 0.832870 0.005441 0.173148
0 1749 0.952237 0.536574 0.047158 0.147222
0 1750 0.942866 0.565741 0.051391 0.144444
0 1752 0.024788 0.829167 0.048368 0.171296
0 1766 0.568622 0.968981 0.047763 0.060185
0 1767 0.958283 0.936574 0.053204 0.128704
0 1768 0.975816 0.902778 0.042322 0.168519
0 1771 0.844015 0.393056 0.043531 0.136111
0 1772 0.823156 0.391204 0.036880 0.137963
0 1775 0.805018 0.620833 0.048972 0.173148
0 1776 0.248791 0.624074 0.044135 0.131481
0 1777 0.270859 0.588889 0.054414 0.157407
0 1778 0.285973 0.614815 0.042322 0.159259
0 1779 0.143591 0.424074 0.042926 0.129630
0 1780 0.021161 0.404630 0.041112 0.146296
0 1781 0.012394 0.383333 0.023579 0.127778
0 1782 0.161427 0.398148 0.044740 0.138889
0 1784 0.268440 0.285185 0.036276 0.133333
0 1785 0.278114 0.268519 0.041112 0.138889
0 1788 0.134825 0.512500 0.037485 0.143519
0 1790 0.860339 0.783333 0.061669 0.157407
0 1792 0.791415 0.743056 0.047158 0.152778
0 1793 0.859734 0.633796 0.043531 0.156481
0 1794 0.116687 0.482870 0.037485 0.162037
0 1795 0.828295 0.644444 0.048368 0.157407
0 1797 0.835248 0.506019 0.065901 0.176852
0 1798 0.576784 0.173148 0.039903 0.137037
0 1799 0.542322 0.187500 0.035067 0.143519
0 1800 0.513906 0.186574 0.033857 0.137963
0 1801 0.796252 0.437500 0.042322 0.154630
0 1802 0.731862 0.443981 0.053809 0.143519
0 1803 0.656288 0.342593 0.046554 0.137037
0 1804 0.620919 0.336111 0.044740 0.151852
0 1805 0.628174 0.400926 0.048368 0.148148
0 1806 0.473096 0.059722 0.033253 0.115741
0 1808 0.230653 0.265741 0.038089 0.137037
0 1809 0.373035 0.175000 0.039903 0.144444
0 1810 0.110641 0.237037 0.041112 0.135185
0 1811 0.078597 0.235185 0.041112 0.146296
0 1814 0.026300 0.477778 0.046554 0.155556
0 1815 0.002721 0.288426 0.004232 0.137963
0 1816 0.016324 0.307407 0.031439 0.150000
0 1817 0.040810 0.323148 0.041717 0.148148
0 1818 0.519347 0.208333 0.031439 0.144444
0 1819 0.541112 0.128704 0.037485 0.131481
0 1820 0.049879 0.463426 0.046554 0.167593
0 1821 0.251511 0.191667 0.031439 0.112963
0 1822 0.245163 0.164815 0.032044 0.120370
0 1823 0.255441 0.102315 0.029625 0.115741
0 1824 0.457074 0.224537 0.037485 0.134259
0 1825 0.080713 0.421759 0.036880 0.141667
0 1826 0.074365 0.400000 0.045949 0.157407
0 1827 0.596131 0.412963 0.035067 0.112963
0 1828 0.545647 0.339815 0.032044 0.118519
0 1829 0.517533 0.334722 0.039903 0.143519
0 1830 0.285973 0.121296 0.029021 0.125926
0 1831 0.477025 0.319907 0.042322 0.125000
0 1832 0.516022 0.302315 0.040508 0.139815
0 1833 0.210097 0.329630 0.044135 0.148148
0 1834 0.185611 0.356481 0.035067 0.135185
0 1835 0.146010 0.362963 0.033253 0.124074
0 1837 0.446191 0.326389 0.030230 0.104630
0 1838 0.471886 0.221296 0.038089 0.135185
0 1842 0.098851 0.758796 0.062273 0.180556
0 1846 0.004837 0.655093 0.008464 0.150926
0 1847 0.100363 0.941204 0.044740 0.119444
0 1848 0.269045 0.803241 0.048368 0.167593
0 1849 0.187727 0.809722 0.046554 0.167593
0 1850 0.400544 0.797685 0.075574 0.173148
0 1852 0.422914 0.765741 0.056227 0.153704
0 1858 0.915054 0.127778 0.047763 0.127778
0 1859 0.542624 0.077778 0.033253 0.138889
0 1860 0.564994 0.080556 0.038089 0.129630
0 1861 0.553204 0.015741 0.036276 0.029630
0 1863 0.624849 0.013426 0.033253 0.025000
0 1867 0.176239 0.174074 0.034462 0.125926
0 1868 0.375453 0.048611 0.044740 0.095370
0 1869 0.345828 0.049074 0.036276 0.096296
0 1870 0.191354 0.083333 0.039299 0.138889
0 1871 0.228235 0.065741 0.040508 0.127778
0 1872 0.247279 0.060648 0.036276 0.117593
0 1873 0.291112 0.017130 0.038089 0.032407
0 1874 0.147521 0.176389 0.031439 0.132407
0 1875 0.988513 0.219907 0.021765 0.143519
0 1878 0.317110 0.158333 0.038089 0.142593
0 1879 0.069831 0.177778 0.038089 0.138889
0 1880 0.084341 0.189815 0.033253 0.133333
0 1881 0.106409 0.201852 0.041112 0.135185
0 1882 0.125151 0.178704 0.035067 0.138889
0 1883 0.029021 0.158333 0.036276 0.133333
0 1884 0.164752 0.028241 0.039299 0.054630
0 1885 0.251209 0.017130 0.038089 0.032407
0 1886 0.044438 0.064815 0.038089 0.127778
0 1888 0.123035 0.031019 0.033253 0.060185
0 1889 0.078295 0.030556 0.039299 0.059259
0 1893 0.884220 0.124074 0.042926 0.125926
0 1895 0.979141 0.063889 0.032044 0.112963
0 1896 0.905683 0.035648 0.036276 0.069444
0 1900 0.009976 0.504630 0.018742 0.088889
0 1903 0.013301 0.160185 0.025393 0.135185
0 1904 0.951330 0.030556 0.034462 0.059259
0 1905 0.017836 0.136574 0.034462 0.139815
0 1907 0.048368 0.123611 0.030230 0.113889
0 1909 0.194680 0.027778 0.039903 0.053704
0 1913 0.933192 0.032407 0.032044 0.062963
0 1914 0.942261 0.049537 0.034462 0.097222
0 1915 0.985490 0.042130 0.027811 0.082407
0 1916 0.913543 0.080093 0.039903 0.126852
0 1917 0.079504 0.020370 0.024788 0.038889
0 1918 0.173216 0.062500 0.032044 0.121296
0 1919 0.012092 0.110185 0.022975 0.118519
0 1944 0.257860 0.237963 0.041717 0.138889
0 1945 0.309250 0.191667 0.038089 0.133333
