0 1168 0.568017 0.874537 0.047763 0.171296
0 1169 0.614873 0.924074 0.041112 0.151852
0 1175 0.388150 0.549537 0.037485 0.145370
0 1197 0.311971 0.315278 0.042322 0.137963
0 1198 0.091294 0.445833 0.041112 0.139815
0 1199 0.242443 0.656019 0.042322 0.160185
0 1200 0.249698 0.344444 0.035067 0.144444
0 1206 0.125756 0.432407 0.044740 0.146296
0 1209 0.685611 0.974074 0.048368 0.053704
0 1210 0.637243 0.985648 0.030230 0.030556
0 1246 0.824063 0.942593 0.049577 0.116667
0 1247 0.885429 0.912037 0.063482 0.164815
0 1249 0.952539 0.911574 0.061064 0.165741
0 1250 0.924728 0.964352 0.051391 0.073148
0 1251 0.888452 0.972222 0.045345 0.057407
0 1284 0.848247 0.363426 0.037485 0.134259
0 1285 0.864873 0.355556 0.039299 0.127778
0 1306 0.284764 0.665278 0.038694 0.160185
0 1307 0.358525 0.618519 0.038694 0.157407
0 1308 0.389057 0.644444 0.034462 0.135185
0 1314 0.562273 0.942593 0.033857 0.107407
0 1317 0.565296 0.931481 0.045949 0.138889
0 1325 0.234583 0.578704 0.033857 0.146296
0 1326 0.237908 0.551852 0.036880 0.131481
0 1328 0.193470 0.567593 0.044740 0.144444
0 1329 0.193470 0.519444 0.044740 0.140741
0 1330 0.162636 0.534722 0.043531 0.145370
0 1343 0.380593 0.231481 0.032044 0.131481
0 1344 0.406288 0.232407 0.032648 0.131481
0 1412 0.714329 0.376389 0.044135 0.121296
0 1413 0.753325 0.385648 0.039903 0.128704
0 1444 0.274184 0.374074 0.047763 0.144444
0 1445 0.247582 0.387037 0.033253 0.148148
0 1490 0.969770 0.748148 0.039903 0.140741
0 1501 0.373640 0.956481 0.042322 0.087037
0 1531 0.540508 0.461111 0.036276 0.151852
0 1549 0.318017 0.775463 0.049577 0.167593
0 1555 0.969166 0.770370 0.056832 0.150000
0 1556 0.928658 0.771296 0.033857 0.124074
0 1557 0.540508 0.440278 0.037485 0.139815
0 1567 0.351270 0.472685 0.035067 0.128704
0 1570 0.332527 0.638889 0.042322 0.164815
0 1573 0.501209 0.498148 0.029021 0.140741
0 1592 0.364873 0.700000 0.032044 0.157407
0 1594 0.378476 0.732407 0.043531 0.170370
0 1638 0.561064 0.681019 0.047158 0.165741
0 1639 0.620617 0.660185 0.036880 0.157407
0 1640 0.593108 0.651852 0.036276 0.142593
0 1650 0.441354 0.731019 0.047158 0.145370
0 1653 0.682890 0.718519 0.051391 0.140741
0 1654 0.387243 0.446296 0.038089 0.129630
0 1655 0.465538 0.525926 0.041112 0.131481
0 1657 0.455562 0.494444 0.048972 0.107407
0 1660 0.475212 0.448611 0.042322 0.137963
0 1661 0.532044 0.546296 0.041112 0.153704
0 1667 0.498489 0.459722 0.034462 0.121296
0 1668 0.521161 0.595833 0.041112 0.123148
0 1675 0.452237 0.117593 0.030230 0.100000
0 1676 0.431681 0.107870 0.039903 0.126852
0 1677 0.646614 0.680556 0.040508 0.162963
0 1678 0.751814 0.464815 0.048972 0.153704
0 1679 0.657497 0.707407 0.036880 0.131481
0 1695 0.838875 0.400463 0.036880 0.132407
0 1696 0.673216 0.458796 0.044135 0.154630
0 1697 0.698912 0.468056 0.039903 0.141667
0 1699 0.811366 0.401389 0.042322 0.154630
0 1701 0.783857 0.519907 0.047763 0.162037
0 1702 0.716445 0.548148 0.042322 0.148148
0 1703 0.905079 0.135185 0.031439 0.124074
0 1704 0.798065 0.560185 0.044740 0.151852
0 1705 0.801995 0.616204 0.053809 0.139815
0 1707 0.762999 0.773148 0.061669 0.190741
0 1708 0.727630 0.811574 0.046554 0.152778
0 1709 0.964631 0.708796 0.034462 0.099074
0 1710 0.820738 0.858796 0.051391 0.165741
0 1711 0.678356 0.604167 0.039903 0.149074
0 1712 0.649335 0.623148 0.039903 0.135185
0 1713 0.597944 0.414815 0.045949 0.151852
0 1714 0.563482 0.417593 0.033857 0.125926
0 1715 0.894800 0.788426 0.058041 0.176852
0 1716 0.432285 0.586574 0.035067 0.150926
0 1717 0.464933 0.584259 0.035067 0.148148
0 1718 0.493954 0.729167 0.048368 0.176852
0 1719 0.190750 0.407407 0.042926 0.144444
0 1720 0.122733 0.518519 0.045949 0.157407
0 1721 0.576784 0.585185 0.049577 0.159259
0 1722 0.596433 0.527315 0.048972 0.156481
0 1723 0.175937 0.388889 0.039903 0.140741
0 1728 0.821040 0.972222 0.041112 0.057407
0 1734 0.017836 0.335185 0.034462 0.140741
0 1735 0.004232 0.337963 0.007255 0.137037
0 1736 0.226723 0.212963 0.036276 0.122222
0 1737 0.262999 0.206481 0.041112 0.140741
0 1741 0.953748 0.126852 0.033253 0.144444
0 1742 0.889964 0.150000 0.045949 0.129630
0 1743 0.828295 0.131481 0.039903 0.133333
0 1744 0.068319 0.703241 0.044740 0.163889
0 1749 0.841898 0.487037 0.044135 0.155556
0 1750 0.840992 0.515741 0.044740 0.144444
0 1751 0.022975 0.701852 0.044740 0.174074
0 1752 0.111850 0.678241 0.051995 0.156481
0 1753 0.179565 0.993519 0.024184 0.014815
0 1766 0.350967 0.975463 0.046554 0.050926
0 1767 0.734885 0.867130 0.055018 0.150926
0 1768 0.763906 0.824074 0.045345 0.170370
0 1771 0.960701 0.333796 0.041112 0.154630
0 1772 0.920798 0.319907 0.037485 0.137963
0 1773 0.960097 0.290741 0.041112 0.129630
0 1774 0.939541 0.285185 0.035067 0.120370
0 1775 0.798972 0.460185 0.048972 0.159259
0 1776 0.214329 0.643056 0.039299 0.145370
0 1777 0.248186 0.606481 0.055018 0.166667
0 1778 0.285369 0.606944 0.042322 0.160185
0 1779 0.041415 0.458333 0.042926 0.142593
0 1782 0.046554 0.430556 0.044740 0.138889
0 1784 0.070133 0.255556 0.036276 0.138889
0 1785 0.096131 0.244444 0.039903 0.148148
0 1788 0.163845 0.458796 0.037485 0.143519
0 1790 0.775695 0.620833 0.041112 0.150926
0 1791 0.028718 0.287037 0.038089 0.148148
0 1792 0.751511 0.564815 0.043531 0.146296
0 1793 0.796856 0.500000 0.044740 0.157407
0 1794 0.158404 0.425926 0.037485 0.157407
0 1795 0.740326 0.495370 0.048972 0.157407
0 1796 0.018742 0.368519 0.036276 0.162963
0 1797 0.787183 0.375926 0.048368 0.164815
0 1798 0.621826 0.091204 0.034462 0.136111
0 1799 0.589480 0.096759 0.033857 0.126852
0 1800 0.564087 0.091667 0.031439 0.131481
0 1801 0.765719 0.312963 0.041717 0.146296
0 1802 0.669589 0.323611 0.048972 0.134259
0 1803 0.608222 0.215741 0.047158 0.131481
0 1804 0.562273 0.212037 0.055623 0.144444
0 1805 0.577086 0.281944 0.046554 0.141667
0 1806 0.449819 0.032870 0.031439 0.063889
0 1808 0.350363 0.190741 0.042926 0.129630
0 1809 0.361850 0.131481 0.039299 0.138889
0 1810 0.215840 0.153704 0.038694 0.129630
0 1811 0.176844 0.146759 0.042926 0.139815
0 1813 0.016929 0.228704 0.032648 0.125926
0 1814 0.089480 0.347685 0.042322 0.149074
0 1815 0.061064 0.201389 0.042322 0.132407
0 1816 0.084039 0.216667 0.041112 0.137037
0 1817 0.110641 0.234259 0.037485 0.140741
0 1818 0.386034 0.101852 0.038089 0.140741
0 1819 0.420496 0.059722 0.036880 0.117593
0 1820 0.125453 0.349074 0.045345 0.168519
0 1821 0.245768 0.193056 0.029625 0.110185
0 1822 0.247884 0.169444 0.032648 0.120370
0 1823 0.256651 0.106019 0.029625 0.115741
0 1824 0.365780 0.162037 0.035067 0.135185
0 1825 0.204958 0.329167 0.035067 0.121296
0 1826 0.198307 0.308333 0.041112 0.157407
0 1827 0.548670 0.290278 0.032044 0.106481
0 1828 0.498791 0.237963 0.032648 0.107407
0 1829 0.475816 0.234722 0.039903 0.130556
0 1830 0.283857 0.121759 0.032044 0.119444
0 1831 0.435913 0.235648 0.042322 0.126852
0 1832 0.458888 0.214815 0.038694 0.129630
0 1833 0.292624 0.241667 0.044740 0.144444
0 1834 0.277811 0.279167 0.035671 0.132407
0 1835 0.248186 0.266204 0.036880 0.126852
0 1837 0.419891 0.247222 0.030834 0.107407
0 1838 0.381499 0.153704 0.033857 0.135185
0 1839 0.029625 0.184259 0.043531 0.137037
0 1840 0.032044 0.300463 0.030230 0.110185
0 1841 0.036880 0.217593 0.038694 0.133333
0 1848 0.036880 0.776852 0.072551 0.175926
0 1850 0.112152 0.777315 0.052600 0.178704
0 1852 0.149940 0.768519 0.056832 0.164815
0 1858 0.947400 0.047685 0.044740 0.093519
0 1859 0.539601 0.027778 0.033253 0.053704
0 1860 0.562576 0.028241 0.032044 0.054630
0 1867 0.237304 0.083333 0.035671 0.118519
0 1871 0.300484 0.019907 0.026602 0.037963
0 1874 0.201330 0.081019 0.032648 0.126852
0 1878 0.375756 0.054630 0.038089 0.107407
0 1879 0.142080 0.088889 0.036276 0.135185
0 1880 0.171403 0.104630 0.033253 0.133333
0 1881 0.195889 0.102778 0.041112 0.129630
0 1882 0.182588 0.085185 0.035067 0.129630
0 1883 0.088573 0.081944 0.039299 0.137963
0 1886 0.086759 0.030556 0.038089 0.059259
0 1893 0.914752 0.046759 0.039903 0.091667
0 1903 0.062273 0.071296 0.039903 0.127778
0 1905 0.085550 0.045370 0.036880 0.088889
0 1907 0.108222 0.044907 0.030230 0.087963
0 1918 0.215840 0.025463 0.025393 0.049074
0 1919 0.075574 0.040741 0.032648 0.079630
0 1943 0.058646 0.308333 0.041112 0.150000
0 1944 0.371524 0.170370 0.038089 0.142593
0 1945 0.344015 0.065741 0.033857 0.118519
