0 1168 0.652963 0.895833 0.061669 0.171296
0 1169 0.717956 0.932870 0.045345 0.136111
0 1175 0.388150 0.547685 0.037485 0.145370
0 1197 0.284764 0.311111 0.041112 0.137037
0 1198 0.080713 0.475926 0.041717 0.150000
0 1199 0.148730 0.675926 0.051995 0.153704
0 1200 0.166264 0.373148 0.035067 0.144444
0 1206 0.110641 0.452778 0.043531 0.146296
0 1247 0.917775 0.983333 0.035067 0.035185
0 1284 0.847340 0.360648 0.039299 0.134259
0 1285 0.864873 0.356481 0.039299 0.129630
0 1306 0.282648 0.662037 0.044135 0.164815
0 1307 0.338271 0.629167 0.041717 0.175000
0 1308 0.385429 0.640741 0.034462 0.135185
0 1314 0.670496 0.952315 0.038694 0.097222
0 1317 0.574970 0.932407 0.045949 0.137037
0 1325 0.233374 0.579167 0.033857 0.145370
0 1326 0.241233 0.545370 0.036276 0.131481
0 1328 0.189541 0.557870 0.036880 0.147222
0 1329 0.214027 0.522685 0.043531 0.134259
0 1330 0.165357 0.531944 0.040508 0.147222
0 1343 0.383918 0.225463 0.032648 0.128704
0 1344 0.406892 0.229630 0.032648 0.131481
0 1412 0.714329 0.373148 0.044135 0.120370
0 1413 0.751511 0.386574 0.039903 0.132407
0 1444 0.272370 0.372685 0.047763 0.141667
0 1445 0.246977 0.384722 0.033253 0.149074
0 1490 0.979444 0.751389 0.038694 0.137963
0 1501 0.371221 0.964352 0.043531 0.073148
0 1531 0.524184 0.458333 0.041112 0.140741
0 1549 0.318622 0.772685 0.049577 0.167593
0 1555 0.964329 0.785185 0.044740 0.151852
0 1556 0.955865 0.774074 0.035067 0.129630
0 1557 0.503023 0.417130 0.043531 0.139815
0 1567 0.352781 0.468056 0.033253 0.128704
0 1570 0.352781 0.657407 0.046554 0.164815
0 1573 0.501511 0.558796 0.032044 0.143519
0 1592 0.364873 0.695370 0.032044 0.157407
0 1594 0.379686 0.728241 0.044740 0.171296
0 1638 0.584643 0.613426 0.047158 0.156481
0 1639 0.631197 0.640278 0.043531 0.163889
0 1640 0.625151 0.622685 0.037485 0.126852
0 1650 0.442866 0.731019 0.044135 0.145370
0 1653 0.681681 0.714815 0.051391 0.140741
0 1654 0.424123 0.425926 0.032044 0.142593
0 1655 0.467050 0.525000 0.038089 0.131481
0 1657 0.456167 0.490741 0.048972 0.107407
0 1660 0.503023 0.506019 0.042322 0.143519
0 1661 0.540508 0.564352 0.044740 0.156481
0 1667 0.525393 0.518981 0.035067 0.110185
0 1668 0.510278 0.601389 0.041112 0.123148
0 1675 0.442563 0.082407 0.027811 0.098148
0 1676 0.407497 0.067593 0.035067 0.124074
0 1677 0.512696 0.788889 0.043531 0.175926
0 1678 0.751209 0.580093 0.051391 0.154630
0 1679 0.539903 0.840741 0.041112 0.135185
0 1695 0.889057 0.480556 0.041717 0.138889
0 1696 0.700726 0.606019 0.043531 0.165741
0 1697 0.731862 0.615741 0.040508 0.146296
0 1699 0.856106 0.485648 0.044740 0.156481
0 1701 0.884220 0.640741 0.041717 0.148148
0 1702 0.757557 0.678241 0.042322 0.163889
0 1703 0.964631 0.149074 0.035671 0.120370
0 1704 0.832225 0.678241 0.052600 0.154630
0 1705 0.878476 0.727315 0.058041 0.156481
0 1707 0.832225 0.914352 0.059855 0.165741
0 1708 0.798972 0.940741 0.053809 0.120370
0 1710 0.875756 0.951389 0.048972 0.099074
0 1711 0.636941 0.695370 0.039299 0.153704
0 1712 0.601572 0.717130 0.039903 0.134259
0 1713 0.625453 0.494907 0.046554 0.152778
0 1714 0.599456 0.513426 0.034462 0.143519
0 1715 0.970073 0.936574 0.056227 0.128704
0 1716 0.432285 0.587500 0.035067 0.150926
0 1717 0.466445 0.582870 0.036880 0.149074
0 1718 0.346433 0.735648 0.043531 0.169444
0 1719 0.147823 0.465741 0.044135 0.144444
0 1720 0.144498 0.616204 0.047158 0.160185
0 1721 0.532648 0.660185 0.042322 0.159259
0 1722 0.566505 0.655093 0.043531 0.160185
0 1723 0.155381 0.439815 0.039903 0.140741
0 1736 0.230351 0.214815 0.036276 0.120370
0 1737 0.262999 0.200926 0.041112 0.140741
0 1741 0.976119 0.132407 0.033253 0.125926
0 1742 0.937424 0.141667 0.033253 0.129630
0 1743 0.925937 0.132407 0.042926 0.140741
0 1744 0.016324 0.796296 0.031439 0.168519
0 1749 0.912636 0.531944 0.045345 0.162037
0 1750 0.918984 0.559259 0.049577 0.142593
0 1752 0.047763 0.792130 0.051995 0.167593
0 1766 0.507860 0.970833 0.042322 0.060185
0 1767 0.902056 0.922222 0.047158 0.146296
0 1768 0.899335 0.865741 0.056227 0.170370
0 1771 0.878476 0.383796 0.045949 0.137963
0 1772 0.853990 0.380093 0.036880 0.137963
0 1774 0.984885 0.412037 0.029021 0.137037
0 1775 0.808948 0.575000 0.048368 0.168519
0 1776 0.246675 0.628241 0.039903 0.137963
0 1777 0.272672 0.593519 0.050786 0.161111
0 1778 0.285973 0.614815 0.042322 0.159259
0 1779 0.115175 0.421296 0.042926 0.129630
0 1780 0.020254 0.408333 0.039299 0.146296
0 1781 0.010883 0.393519 0.020556 0.127778
0 1782 0.138150 0.398148 0.044135 0.138889
0 1784 0.217956 0.280556 0.039299 0.138889
0 1785 0.239117 0.269444 0.045345 0.138889
0 1788 0.141475 0.498611 0.037485 0.143519
0 1790 0.824063 0.746296 0.045949 0.153704
0 1792 0.784764 0.690741 0.044740 0.153704
0 1793 0.846735 0.592130 0.044135 0.156481
0 1794 0.124547 0.470833 0.037485 0.156481
0 1795 0.822249 0.607407 0.048368 0.157407
0 1797 0.820435 0.468981 0.062878 0.176852
0 1798 0.588271 0.152778 0.039903 0.137037
0 1799 0.547158 0.168981 0.038694 0.143519
0 1800 0.517533 0.164815 0.032648 0.137037
0 1801 0.795647 0.403704 0.042322 0.150000
0 1802 0.709190 0.407407 0.054414 0.137037
0 1803 0.635127 0.312963 0.045345 0.137037
0 1804 0.603083 0.302778 0.046554 0.144444
0 1805 0.614268 0.363889 0.048368 0.146296
0 1806 0.466143 0.050000 0.032648 0.098148
0 1808 0.258767 0.243981 0.038694 0.132407
0 1809 0.381802 0.155556 0.039299 0.144444
0 1810 0.145103 0.212037 0.041112 0.135185
0 1811 0.107013 0.212963 0.042322 0.146296
0 1814 0.032648 0.443981 0.047158 0.150926
0 1815 0.018138 0.261111 0.035067 0.137037
0 1816 0.027207 0.282407 0.041112 0.148148
0 1817 0.057739 0.294444 0.040508 0.140741
0 1818 0.491838 0.186111 0.038089 0.150000
0 1819 0.516626 0.108333 0.034462 0.131481
0 1820 0.063482 0.434722 0.047158 0.167593
0 1821 0.251209 0.187963 0.030834 0.112963
0 1822 0.248489 0.164352 0.031439 0.121296
0 1823 0.256348 0.100463 0.030230 0.115741
0 1824 0.424123 0.202315 0.034462 0.134259
0 1825 0.106711 0.393519 0.036880 0.137037
0 1826 0.101270 0.375000 0.044135 0.157407
0 1827 0.583132 0.381944 0.034462 0.112037
0 1828 0.537485 0.308333 0.031439 0.111111
0 1829 0.509069 0.305093 0.038694 0.141667
0 1830 0.285067 0.121296 0.029625 0.124074
0 1831 0.462515 0.300926 0.042322 0.124074
0 1832 0.502721 0.275463 0.039299 0.134259
0 1833 0.228537 0.312963 0.044740 0.148148
0 1834 0.202539 0.337037 0.033857 0.129630
0 1835 0.160520 0.333796 0.033253 0.125000
0 1837 0.432890 0.301852 0.030230 0.107407
0 1838 0.441657 0.197685 0.038089 0.134259
0 1839 0.006651 0.237963 0.012092 0.135185
0 1841 0.007860 0.282870 0.014510 0.145370
0 1842 0.048670 0.728704 0.048972 0.179630
0 1847 0.042926 0.934722 0.043531 0.132407
0 1848 0.206771 0.788426 0.059250 0.178704
0 1849 0.134825 0.776389 0.047158 0.167593
0 1850 0.321342 0.806481 0.062273 0.177778
0 1852 0.355200 0.787963 0.051391 0.159259
0 1858 0.928960 0.106481 0.047763 0.127778
0 1859 0.541415 0.061111 0.033253 0.120370
0 1860 0.561366 0.056944 0.035671 0.112037
0 1867 0.193470 0.148148 0.035067 0.125926
0 1868 0.380290 0.036574 0.035067 0.071296
0 1869 0.356106 0.034259 0.036276 0.066667
0 1870 0.206771 0.066204 0.039903 0.126852
0 1871 0.241233 0.052778 0.039903 0.103704
0 1872 0.242443 0.045833 0.036276 0.089815
0 1874 0.160520 0.158796 0.032044 0.132407
0 1878 0.335852 0.127315 0.038089 0.136111
0 1879 0.087364 0.151852 0.039299 0.137037
0 1880 0.112152 0.168519 0.033253 0.133333
0 1881 0.127872 0.175000 0.041717 0.129630
0 1882 0.140871 0.156019 0.035067 0.137963
0 1883 0.029323 0.145370 0.036880 0.137037
0 1886 0.057134 0.048611 0.038089 0.095370
0 1893 0.890266 0.099074 0.042926 0.122222
0 1895 0.977025 0.044444 0.031439 0.087037
0 1896 0.907799 0.019907 0.034462 0.037963
0 1903 0.015719 0.141667 0.030230 0.135185
0 1905 0.033857 0.106019 0.036276 0.130556
0 1907 0.063482 0.100000 0.030230 0.109259
0 1914 0.939238 0.037500 0.034462 0.073148
0 1916 0.912636 0.057870 0.038089 0.112037
0 1918 0.191052 0.059722 0.032648 0.117593
0 1919 0.025998 0.089815 0.031439 0.118519
0 1943 0.006348 0.361111 0.011487 0.153704
0 1944 0.291415 0.213889 0.041112 0.138889
0 1945 0.315296 0.157407 0.038089 0.129630
