0 1168 0.616687 0.892130 0.050786 0.171296
0 1169 0.675937 0.923611 0.048368 0.150926
0 1175 0.388150 0.548611 0.037485 0.145370
0 1197 0.292322 0.307407 0.040508 0.138889
0 1198 0.080713 0.466667 0.041717 0.150000
0 1199 0.186820 0.658333 0.042322 0.159259
0 1200 0.201330 0.362037 0.035067 0.144444
0 1206 0.114268 0.445370 0.044740 0.146296
0 1246 0.837364 0.980093 0.032648 0.039815
0 1247 0.906288 0.957407 0.062878 0.087037
0 1284 0.847340 0.360648 0.039299 0.134259
0 1285 0.858827 0.356019 0.035671 0.128704
0 1306 0.280532 0.661574 0.042322 0.162037
0 1307 0.352479 0.618519 0.041112 0.159259
0 1308 0.387848 0.640741 0.034462 0.135185
0 1314 0.626965 0.948148 0.039903 0.105556
0 1317 0.567110 0.933796 0.045949 0.134259
0 1325 0.233978 0.578241 0.033857 0.145370
0 1326 0.239420 0.541667 0.036276 0.131481
0 1328 0.194377 0.562963 0.041717 0.148148
0 1329 0.215236 0.520370 0.043531 0.105556
0 1330 0.164148 0.531481 0.041717 0.146296
0 1343 0.382104 0.228241 0.032648 0.128704
0 1344 0.406892 0.229630 0.032648 0.131481
0 1412 0.714329 0.374074 0.044135 0.120370
0 1413 0.752116 0.386111 0.039903 0.131481
0 1444 0.272975 0.372685 0.047763 0.143519
0 1445 0.247582 0.384259 0.033253 0.148148
0 1490 0.973700 0.750926 0.041717 0.140741
0 1501 0.372733 0.962037 0.042926 0.077778
0 1531 0.533857 0.453704 0.039903 0.142593
0 1549 0.318622 0.772685 0.049577 0.167593
0 1555 0.967654 0.784259 0.047763 0.151852
0 1556 0.943168 0.775926 0.035067 0.129630
0 1557 0.515417 0.426389 0.044135 0.139815
0 1567 0.352479 0.468056 0.032648 0.128704
0 1570 0.343410 0.653704 0.042322 0.164815
0 1573 0.505441 0.537500 0.036276 0.143519
0 1592 0.364873 0.697222 0.032044 0.157407
0 1594 0.378779 0.730093 0.044135 0.171296
0 1638 0.585852 0.629630 0.047158 0.157407
0 1639 0.626058 0.645833 0.036880 0.160185
0 1640 0.622733 0.625463 0.037485 0.126852
0 1650 0.442261 0.731019 0.045345 0.145370
0 1653 0.683192 0.714815 0.050786 0.140741
0 1654 0.403869 0.432870 0.037485 0.130556
0 1655 0.466747 0.525000 0.038694 0.131481
0 1657 0.455562 0.489815 0.048972 0.107407
0 1660 0.497279 0.479167 0.041717 0.139815
0 1661 0.536880 0.562963 0.044740 0.153704
0 1667 0.516929 0.499537 0.035067 0.110185
0 1668 0.518440 0.598611 0.041717 0.123148
0 1675 0.438634 0.097222 0.027207 0.094444
0 1676 0.412938 0.076852 0.035067 0.124074
0 1677 0.563180 0.742593 0.046554 0.164815
0 1678 0.748791 0.527778 0.050181 0.153704
0 1679 0.584643 0.795370 0.041112 0.135185
0 1695 0.865175 0.448611 0.042322 0.132407
0 1696 0.689541 0.550463 0.044135 0.162037
0 1697 0.718259 0.556481 0.039903 0.146296
0 1699 0.837666 0.450000 0.041717 0.155556
0 1701 0.860943 0.594907 0.042322 0.154630
0 1702 0.746070 0.625463 0.042322 0.158333
0 1703 0.951935 0.148611 0.035671 0.121296
0 1704 0.823761 0.631944 0.048972 0.154630
0 1705 0.832225 0.694907 0.062273 0.139815
0 1707 0.799274 0.863426 0.064087 0.175000
0 1708 0.772068 0.895370 0.054414 0.174074
0 1710 0.838875 0.927315 0.052600 0.147222
0 1711 0.666264 0.665741 0.039903 0.153704
0 1712 0.636034 0.684259 0.039903 0.135185
0 1713 0.616385 0.465741 0.046554 0.151852
0 1714 0.584946 0.477315 0.034462 0.137963
0 1715 0.944680 0.900463 0.061064 0.182407
0 1716 0.432285 0.586574 0.035067 0.150926
0 1717 0.464631 0.583796 0.036880 0.149074
0 1718 0.399637 0.761574 0.050786 0.173148
0 1719 0.157497 0.446296 0.044135 0.144444
0 1720 0.126360 0.571759 0.047158 0.160185
0 1721 0.527207 0.636574 0.042322 0.160185
0 1722 0.557437 0.613426 0.039903 0.160185
0 1723 0.163241 0.419444 0.039903 0.140741
0 1736 0.228235 0.211574 0.036880 0.121296
0 1737 0.265417 0.203704 0.041112 0.140741
0 1741 0.974305 0.131481 0.033253 0.131481
0 1742 0.925333 0.141667 0.038089 0.129630
0 1743 0.892987 0.128241 0.044740 0.136111
0 1744 0.032648 0.760185 0.047158 0.168519
0 1749 0.879081 0.512963 0.044740 0.161111
0 1750 0.886941 0.546296 0.049577 0.148148
0 1751 0.006348 0.753241 0.011487 0.173148
0 1752 0.072249 0.748148 0.051391 0.164815
0 1766 0.453446 0.971759 0.042322 0.058333
0 1767 0.843108 0.893519 0.046554 0.151852
0 1768 0.841294 0.836111 0.053809 0.170370
0 1771 0.919589 0.380556 0.047158 0.146296
0 1772 0.891475 0.367130 0.036880 0.137963
0 1773 0.983978 0.358796 0.030834 0.126852
0 1774 0.966445 0.364815 0.040508 0.131481
0 1775 0.809553 0.530556 0.048368 0.164815
0 1776 0.238513 0.630556 0.040508 0.140741
0 1777 0.264208 0.589352 0.045949 0.158333
0 1778 0.285973 0.611111 0.042322 0.159259
0 1779 0.086155 0.432407 0.042926 0.129630
0 1780 0.012092 0.423148 0.022975 0.146296
0 1781 0.006651 0.411111 0.012092 0.127778
0 1782 0.109432 0.404630 0.044740 0.138889
0 1784 0.165054 0.275926 0.039903 0.140741
0 1785 0.180774 0.259259 0.041112 0.138889
0 1788 0.148730 0.483796 0.037485 0.143519
0 1790 0.793833 0.699537 0.042322 0.145370
0 1791 0.006046 0.312500 0.010883 0.141667
0 1792 0.772975 0.638426 0.044135 0.147222
0 1793 0.825877 0.555556 0.043531 0.157407
0 1794 0.133011 0.457870 0.037485 0.156481
0 1795 0.798670 0.567593 0.048368 0.157407
0 1797 0.807134 0.435185 0.054414 0.172222
0 1798 0.608222 0.130556 0.039903 0.137037
0 1799 0.559553 0.145370 0.039299 0.142593
0 1800 0.531439 0.138426 0.032648 0.137963
0 1801 0.794740 0.366204 0.041717 0.143519
0 1802 0.688634 0.374074 0.054414 0.135185
0 1803 0.620919 0.275926 0.047158 0.137037
0 1804 0.585550 0.272222 0.047763 0.144444
0 1805 0.602479 0.331019 0.048972 0.139815
0 1806 0.457376 0.043056 0.032044 0.084259
0 1808 0.292624 0.217130 0.041112 0.132407
0 1809 0.383011 0.148611 0.039299 0.139815
0 1810 0.169891 0.190741 0.039903 0.133333
0 1811 0.135127 0.188889 0.042926 0.146296
0 1813 0.004534 0.262037 0.007860 0.127778
0 1814 0.049274 0.406019 0.045345 0.149074
0 1815 0.042019 0.238426 0.044135 0.137963
0 1816 0.047461 0.257870 0.041717 0.141667
0 1817 0.077388 0.268519 0.039903 0.137037
0 1818 0.452539 0.151852 0.038089 0.140741
0 1819 0.487908 0.084259 0.031439 0.112963
0 1820 0.077993 0.399537 0.047158 0.167593
0 1821 0.248791 0.187500 0.029625 0.112037
0 1822 0.247582 0.163426 0.029625 0.121296
0 1823 0.256348 0.100463 0.030230 0.115741
0 1824 0.390266 0.183333 0.034462 0.135185
0 1825 0.139359 0.367130 0.036880 0.134259
0 1826 0.131197 0.349074 0.041112 0.157407
0 1827 0.572551 0.343981 0.035067 0.112037
0 1828 0.529021 0.280556 0.031439 0.107407
0 1829 0.495163 0.279167 0.038694 0.132407
0 1830 0.284462 0.121296 0.030834 0.122222
0 1831 0.452842 0.275000 0.041112 0.114815
0 1832 0.488513 0.248611 0.038694 0.128704
0 1833 0.252116 0.288889 0.044740 0.148148
0 1834 0.227328 0.319907 0.037485 0.132407
0 1835 0.187122 0.308796 0.036880 0.128704
0 1837 0.423519 0.281481 0.029625 0.107407
0 1838 0.409915 0.176852 0.035067 0.135185
0 1839 0.015417 0.225000 0.029625 0.135185
0 1840 0.002116 0.339352 0.003023 0.110185
0 1841 0.015115 0.259259 0.029021 0.138889
0 1842 0.005441 0.699074 0.009674 0.166667
0 1847 0.009674 0.925926 0.018138 0.150000
0 1848 0.146917 0.778241 0.044740 0.178704
0 1849 0.083736 0.782407 0.046554 0.164815
0 1850 0.237304 0.801852 0.064692 0.175926
0 1852 0.278416 0.787037 0.057437 0.164815
0 1858 0.941657 0.081481 0.047763 0.127778
0 1859 0.540810 0.053704 0.033253 0.105556
0 1860 0.561971 0.047685 0.033253 0.093519
0 1867 0.209794 0.123148 0.035067 0.122222
0 1868 0.393289 0.021759 0.033253 0.041667
0 1869 0.368501 0.023148 0.033253 0.044444
0 1870 0.221282 0.051852 0.039903 0.101852
0 1871 0.265719 0.040278 0.036880 0.078704
0 1872 0.233978 0.030093 0.036276 0.058333
0 1874 0.179565 0.127778 0.032648 0.131481
0 1878 0.350363 0.088889 0.038089 0.127778
0 1879 0.103688 0.125926 0.042926 0.129630
0 1880 0.135127 0.147222 0.033253 0.133333
0 1881 0.152660 0.147222 0.041717 0.129630
0 1882 0.157799 0.130556 0.035067 0.137037
0 1883 0.042926 0.121296 0.036276 0.127778
0 1886 0.064994 0.045833 0.038089 0.089815
0 1893 0.904776 0.076852 0.042926 0.122222
0 1895 0.982769 0.030093 0.028416 0.058333
0 1903 0.020254 0.116667 0.039299 0.135185
0 1905 0.053809 0.079630 0.036276 0.124074
0 1907 0.083434 0.075463 0.029021 0.113889
0 1914 0.935308 0.031019 0.035067 0.060185
0 1916 0.902358 0.039352 0.036880 0.076852
0 1918 0.200121 0.045833 0.032648 0.089815
0 1919 0.049577 0.059259 0.031439 0.111111
0 1943 0.019649 0.338889 0.038089 0.151852
0 1944 0.326784 0.189815 0.039299 0.138889
0 1945 0.323761 0.120370 0.038089 0.129630
