0 1168 0.557437 0.871296 0.042322 0.170370
0 1169 0.574970 0.927778 0.047158 0.146296
0 1175 0.386638 0.554630 0.036880 0.146296
0 1197 0.323761 0.322685 0.040508 0.137963
0 1198 0.113059 0.412037 0.041112 0.135185
0 1199 0.286578 0.621759 0.042322 0.160185
0 1200 0.304111 0.348148 0.035067 0.144444
0 1206 0.130895 0.423148 0.047763 0.146296
0 1208 0.642684 0.981944 0.037485 0.037963
0 1209 0.672914 0.947222 0.045949 0.105556
0 1210 0.626360 0.946296 0.042322 0.105556
0 1246 0.803809 0.855093 0.048972 0.162037
0 1247 0.855502 0.816204 0.060459 0.171296
0 1249 0.883918 0.769907 0.054414 0.162037
0 1250 0.925635 0.887037 0.060459 0.157407
0 1251 0.883615 0.900463 0.048972 0.167593
0 1252 0.846735 0.968056 0.052600 0.065741
0 1284 0.843410 0.371759 0.037485 0.134259
0 1285 0.865478 0.360185 0.040508 0.120370
0 1306 0.286578 0.665741 0.042322 0.159259
0 1307 0.354595 0.621296 0.039299 0.153704
0 1308 0.389359 0.645370 0.033857 0.131481
0 1314 0.559553 0.940741 0.035671 0.101852
0 1317 0.522068 0.923611 0.046554 0.154630
0 1320 0.909915 0.959259 0.058041 0.083333
0 1325 0.232769 0.587963 0.033857 0.153704
0 1326 0.237908 0.555556 0.036880 0.131481
0 1328 0.193470 0.583333 0.044740 0.144444
0 1329 0.201935 0.531944 0.044740 0.143519
0 1330 0.159311 0.541204 0.044135 0.145370
0 1343 0.379081 0.238426 0.031439 0.132407
0 1344 0.404474 0.237037 0.032648 0.131481
0 1365 0.715236 0.967593 0.050786 0.066667
0 1394 0.675333 0.978704 0.041112 0.044444
0 1412 0.714329 0.379167 0.044135 0.121296
0 1413 0.752116 0.393056 0.039903 0.128704
0 1444 0.272370 0.380556 0.047763 0.144444
0 1445 0.247582 0.393519 0.033253 0.138889
0 1490 0.941657 0.708796 0.035671 0.139815
0 1501 0.338573 0.963426 0.042322 0.073148
0 1531 0.539299 0.469444 0.036276 0.151852
0 1549 0.317715 0.778704 0.048972 0.168519
0 1555 0.938634 0.739352 0.050181 0.149074
0 1556 0.913543 0.743519 0.035067 0.124074
0 1557 0.555018 0.451852 0.037485 0.140741
0 1567 0.351270 0.478241 0.035067 0.128704
0 1570 0.309553 0.592130 0.042322 0.160185
0 1573 0.487908 0.460185 0.031439 0.140741
0 1592 0.363362 0.705556 0.032648 0.157407
0 1594 0.378174 0.736111 0.040508 0.170370
0 1638 0.538392 0.726852 0.047763 0.164815
0 1639 0.608827 0.711111 0.041112 0.164815
0 1640 0.571947 0.703704 0.036276 0.137037
0 1650 0.442866 0.737963 0.039299 0.146296
0 1653 0.681076 0.723611 0.051391 0.141667
0 1654 0.385429 0.450463 0.034462 0.130556
0 1655 0.466143 0.534259 0.037485 0.131481
0 1657 0.452539 0.500926 0.048972 0.107407
0 1660 0.465236 0.418981 0.040508 0.137963
0 1661 0.516324 0.503241 0.038694 0.149074
0 1662 0.044438 0.740741 0.055018 0.170370
0 1667 0.461911 0.414352 0.033857 0.110185
0 1668 0.519952 0.604167 0.038694 0.123148
0 1675 0.494256 0.158333 0.030834 0.101852
0 1676 0.465840 0.152778 0.036880 0.124074
0 1677 0.704958 0.575000 0.041112 0.162963
0 1678 0.783857 0.396759 0.046554 0.154630
0 1679 0.735187 0.606481 0.036276 0.131481
0 1695 0.796252 0.334722 0.037485 0.132407
0 1696 0.642080 0.369907 0.043531 0.145370
0 1697 0.673216 0.376389 0.039299 0.137963
0 1699 0.769045 0.339352 0.042322 0.154630
0 1701 0.706469 0.428704 0.041717 0.159259
0 1702 0.669589 0.456481 0.036880 0.137037
0 1703 0.833132 0.137037 0.037485 0.120370
0 1704 0.740629 0.478704 0.047158 0.151852
0 1705 0.762999 0.520833 0.042322 0.149074
0 1706 0.923216 0.617130 0.060459 0.149074
0 1707 0.724909 0.646296 0.053204 0.153704
0 1708 0.714631 0.693519 0.045949 0.151852
0 1709 0.886034 0.639815 0.042926 0.111111
0 1710 0.778114 0.706944 0.050786 0.139815
0 1711 0.652056 0.514815 0.039299 0.138889
0 1712 0.624244 0.541204 0.039299 0.130556
0 1713 0.587364 0.346296 0.044135 0.144444
0 1714 0.550786 0.343519 0.035067 0.125926
0 1715 0.855502 0.656019 0.055623 0.163889
0 1716 0.437424 0.594907 0.041717 0.149074
0 1717 0.476119 0.602778 0.036880 0.148148
0 1718 0.546856 0.634259 0.045345 0.175926
0 1719 0.245466 0.354630 0.041112 0.144444
0 1720 0.142684 0.468981 0.045949 0.152778
0 1721 0.591294 0.473611 0.045949 0.154630
0 1722 0.576784 0.415278 0.045949 0.150926
0 1723 0.218259 0.342130 0.039903 0.136111
0 1726 0.014208 0.543519 0.027207 0.155556
0 1728 0.836759 0.914815 0.050786 0.155556
0 1734 0.066505 0.283333 0.035067 0.140741
0 1735 0.032346 0.290741 0.038089 0.131481
0 1736 0.230351 0.219444 0.036276 0.122222
0 1737 0.262999 0.210185 0.041112 0.140741
0 1738 0.026300 0.240741 0.042926 0.146296
0 1740 0.021463 0.502315 0.041717 0.162037
0 1741 0.887243 0.131481 0.033253 0.129630
0 1742 0.831318 0.154630 0.037485 0.129630
0 1743 0.768440 0.128704 0.039903 0.133333
0 1744 0.108827 0.644907 0.042322 0.165741
0 1749 0.788996 0.463889 0.044740 0.155556
0 1750 0.796856 0.491667 0.044740 0.137037
0 1751 0.061669 0.623148 0.047158 0.162963
0 1752 0.113362 0.597222 0.051391 0.157407
0 1753 0.221282 0.896296 0.053204 0.185185
0 1754 0.173519 0.914815 0.056832 0.172222
0 1761 0.963422 0.597222 0.046554 0.187037
0 1764 0.142080 0.988426 0.025393 0.025000
0 1765 0.194982 0.976389 0.039299 0.049074
0 1766 0.217050 0.954630 0.048368 0.092593
0 1767 0.565901 0.839352 0.049577 0.162037
0 1768 0.574365 0.789815 0.059250 0.162963
0 1770 0.989117 0.507870 0.020556 0.145370
0 1771 0.972793 0.258796 0.044740 0.145370
0 1772 0.940447 0.261574 0.036880 0.137963
0 1773 0.961911 0.204630 0.041112 0.122222
0 1774 0.942866 0.203704 0.038089 0.114815
0 1775 0.797763 0.382407 0.046554 0.162963
0 1776 0.153265 0.680093 0.051391 0.150926
0 1777 0.176239 0.619444 0.045345 0.159259
0 1778 0.247279 0.617593 0.048368 0.164815
0 1785 0.002721 0.202778 0.004232 0.153704
0 1787 0.005744 0.271296 0.010278 0.151852
0 1788 0.203446 0.391204 0.036880 0.143519
0 1790 0.731560 0.519907 0.042322 0.145370
0 1791 0.071040 0.252778 0.038089 0.148148
0 1792 0.696493 0.459259 0.041112 0.142593
0 1793 0.742745 0.428704 0.041717 0.157407
0 1794 0.188634 0.364352 0.039903 0.156481
0 1795 0.672310 0.415278 0.045949 0.156481
0 1796 0.115175 0.300926 0.044135 0.150000
0 1797 0.740629 0.314352 0.038694 0.156481
0 1798 0.645103 0.054167 0.033857 0.106481
0 1799 0.615780 0.056019 0.034462 0.110185
0 1800 0.597642 0.046296 0.032044 0.090741
0 1801 0.698307 0.251389 0.043531 0.145370
0 1802 0.648126 0.250000 0.048368 0.131481
0 1803 0.594015 0.153241 0.044135 0.121296
0 1804 0.552297 0.142593 0.056227 0.129630
0 1805 0.541717 0.226389 0.045949 0.134259
0 1806 0.448307 0.032870 0.032044 0.063889
0 1808 0.397521 0.147222 0.038089 0.125926
0 1809 0.339178 0.096296 0.039903 0.138889
0 1810 0.264813 0.090741 0.041112 0.137037
0 1811 0.237304 0.086111 0.038089 0.137037
0 1813 0.059250 0.183333 0.035067 0.125926
0 1814 0.150544 0.263889 0.048368 0.138889
0 1815 0.108222 0.154630 0.038694 0.124074
0 1816 0.127570 0.175000 0.041112 0.137037
0 1817 0.156590 0.194444 0.036276 0.140741
0 1818 0.294438 0.062037 0.032648 0.122222
0 1819 0.325574 0.050000 0.040508 0.098148
0 1820 0.212213 0.279167 0.044740 0.154630
0 1821 0.224909 0.175463 0.030230 0.110185
0 1822 0.246372 0.171296 0.032044 0.120370
0 1823 0.254534 0.118056 0.032648 0.115741
0 1824 0.333132 0.131481 0.035067 0.133333
0 1825 0.288996 0.275463 0.035067 0.132407
0 1826 0.284462 0.263426 0.041717 0.156481
0 1827 0.510883 0.234259 0.030230 0.101852
0 1828 0.457376 0.196296 0.032044 0.107407
0 1829 0.443470 0.203241 0.038089 0.134259
0 1830 0.281741 0.122222 0.032648 0.118519
0 1831 0.411729 0.208796 0.042322 0.126852
0 1832 0.409613 0.176852 0.039299 0.112963
0 1833 0.325574 0.179167 0.044135 0.134259
0 1834 0.337969 0.225463 0.033857 0.126852
0 1835 0.304414 0.219444 0.038089 0.125926
0 1837 0.385429 0.194907 0.036880 0.108333
0 1838 0.349456 0.124074 0.035067 0.135185
0 1839 0.082830 0.143519 0.039903 0.137037
0 1840 0.082225 0.268056 0.029021 0.115741
0 1841 0.080713 0.175000 0.034462 0.127778
0 1867 0.262999 0.041204 0.035067 0.080556
0 1874 0.227630 0.044444 0.033253 0.087037
0 1878 0.416264 0.026852 0.038089 0.051852
0 1879 0.178960 0.052315 0.036276 0.102778
0 1880 0.216747 0.056019 0.033253 0.106481
0 1881 0.237304 0.048148 0.041717 0.090741
0 1882 0.208283 0.029630 0.033253 0.057407
0 1883 0.133011 0.043519 0.036276 0.085185
0 1893 0.918380 0.026852 0.039903 0.051852
0 1903 0.097642 0.037963 0.038089 0.074074
0 1919 0.074063 0.019444 0.029625 0.037037
0 1943 0.098247 0.266667 0.041717 0.150000
0 1944 0.428356 0.116667 0.036880 0.138889
0 1945 0.383011 0.022685 0.033253 0.043519
