0 1168 0.559250 0.871759 0.045949 0.171296
0 1169 0.587062 0.924074 0.047158 0.153704
0 1175 0.388150 0.551389 0.037485 0.145370
0 1197 0.324063 0.320370 0.041112 0.138889
0 1198 0.100363 0.432407 0.041112 0.135185
0 1199 0.270859 0.645833 0.042322 0.160185
0 1200 0.276602 0.340741 0.034462 0.144444
0 1206 0.130593 0.426852 0.044740 0.146296
0 1209 0.682588 0.961574 0.051995 0.078704
0 1210 0.633313 0.965278 0.050181 0.071296
0 1246 0.815599 0.918981 0.048368 0.163889
0 1247 0.880895 0.874074 0.061669 0.168519
0 1249 0.924728 0.843981 0.064692 0.162037
0 1250 0.927449 0.938889 0.060459 0.124074
0 1251 0.883918 0.944907 0.053204 0.112037
0 1284 0.844619 0.368981 0.037485 0.134259
0 1285 0.865780 0.358333 0.044740 0.120370
0 1306 0.284160 0.668056 0.038694 0.160185
0 1307 0.358525 0.619907 0.038694 0.154630
0 1308 0.389057 0.644444 0.034462 0.133333
0 1314 0.551995 0.939352 0.033857 0.102778
0 1317 0.550786 0.932870 0.045949 0.136111
0 1325 0.233374 0.582407 0.033857 0.150000
0 1326 0.238815 0.556481 0.036276 0.131481
0 1328 0.193470 0.575926 0.044740 0.144444
0 1329 0.200121 0.524537 0.044740 0.141667
0 1330 0.161427 0.537500 0.043531 0.145370
0 1343 0.379988 0.233796 0.032044 0.132407
0 1344 0.405079 0.234259 0.032648 0.131481
0 1365 0.724909 0.982407 0.036276 0.037037
0 1412 0.714329 0.377315 0.044135 0.121296
0 1413 0.753325 0.388426 0.039903 0.128704
0 1444 0.274184 0.377778 0.047763 0.144444
0 1445 0.247582 0.389352 0.033253 0.145370
0 1490 0.960701 0.734259 0.038694 0.140741
0 1501 0.366989 0.959259 0.042322 0.081481
0 1531 0.539903 0.464815 0.036276 0.151852
0 1549 0.318017 0.776852 0.049577 0.168519
0 1555 0.947703 0.754167 0.061064 0.150926
0 1556 0.923821 0.763889 0.035067 0.124074
0 1557 0.551391 0.447222 0.037485 0.140741
0 1567 0.348247 0.475463 0.035067 0.128704
0 1570 0.325272 0.625926 0.044740 0.164815
0 1573 0.493954 0.481019 0.033857 0.139815
0 1592 0.364268 0.701852 0.032044 0.157407
0 1594 0.378174 0.733333 0.042926 0.170370
0 1638 0.551391 0.704167 0.047158 0.165741
0 1639 0.615478 0.675463 0.038694 0.156481
0 1640 0.579202 0.676389 0.036276 0.141667
0 1650 0.442261 0.734259 0.040508 0.146296
0 1653 0.682890 0.721296 0.051391 0.140741
0 1654 0.386638 0.449074 0.036880 0.129630
0 1655 0.463422 0.535185 0.039299 0.131481
0 1657 0.454353 0.497222 0.048972 0.107407
0 1660 0.467352 0.429167 0.042322 0.137963
0 1661 0.524184 0.528704 0.038694 0.150000
0 1662 0.006953 0.739815 0.012696 0.168519
0 1667 0.480351 0.431944 0.034462 0.113889
0 1668 0.522068 0.600463 0.039299 0.123148
0 1675 0.469468 0.136111 0.033253 0.103704
0 1676 0.446493 0.123148 0.036880 0.124074
0 1677 0.677751 0.632870 0.042322 0.158333
0 1678 0.762394 0.434259 0.049577 0.153704
0 1679 0.698609 0.675926 0.036880 0.131481
0 1695 0.817110 0.371759 0.036880 0.132407
0 1696 0.659915 0.422685 0.044135 0.154630
0 1697 0.680774 0.423611 0.039903 0.137963
0 1699 0.796856 0.376389 0.042322 0.154630
0 1701 0.750605 0.478704 0.041717 0.162963
0 1702 0.698912 0.510648 0.041112 0.143519
0 1703 0.875453 0.136111 0.031439 0.124074
0 1704 0.777207 0.522685 0.048972 0.150926
0 1705 0.782346 0.577315 0.064087 0.139815
0 1706 0.970073 0.672685 0.058646 0.152778
0 1707 0.744559 0.710185 0.055018 0.157407
0 1708 0.723700 0.768056 0.047158 0.162037
0 1709 0.933192 0.681481 0.042926 0.105556
0 1710 0.803507 0.791667 0.050786 0.151852
0 1711 0.668682 0.570833 0.039903 0.145370
0 1712 0.634220 0.587037 0.039903 0.135185
0 1713 0.591294 0.384259 0.043531 0.151852
0 1714 0.555623 0.387963 0.033857 0.125926
0 1715 0.878779 0.731019 0.056227 0.176852
0 1716 0.433192 0.590278 0.034462 0.150926
0 1717 0.465538 0.587037 0.035067 0.148148
0 1718 0.518742 0.690278 0.049577 0.176852
0 1719 0.213422 0.385185 0.042322 0.144444
0 1720 0.130593 0.496759 0.045949 0.156481
0 1721 0.587364 0.540741 0.046554 0.159259
0 1722 0.598247 0.473611 0.048972 0.154630
0 1723 0.189843 0.372222 0.039903 0.140741
0 1728 0.833132 0.952778 0.050786 0.096296
0 1734 0.037183 0.316204 0.041717 0.139815
0 1735 0.012999 0.311111 0.024788 0.133333
0 1736 0.227328 0.215741 0.036276 0.122222
0 1737 0.262999 0.206481 0.041112 0.140741
0 1738 0.009976 0.262037 0.018742 0.146296
0 1740 0.004837 0.541667 0.008464 0.162963
0 1741 0.932588 0.123148 0.033253 0.144444
0 1742 0.869710 0.149074 0.034462 0.129630
0 1743 0.803809 0.136111 0.039299 0.133333
0 1744 0.085248 0.676389 0.041112 0.156481
0 1749 0.820435 0.476852 0.044740 0.155556
0 1750 0.827690 0.502778 0.044740 0.140741
0 1751 0.043531 0.667593 0.045949 0.174074
0 1752 0.120314 0.644444 0.051995 0.157407
0 1753 0.203446 0.950926 0.052600 0.100000
0 1754 0.146312 0.966204 0.048368 0.069444
0 1765 0.273579 0.985648 0.034462 0.030556
0 1766 0.295042 0.965741 0.050786 0.068519
0 1767 0.674123 0.867130 0.041112 0.150926
0 1768 0.688634 0.811574 0.059250 0.171296
0 1771 0.967956 0.305556 0.049577 0.153704
0 1772 0.928960 0.293981 0.036880 0.137963
0 1773 0.960399 0.250000 0.041717 0.122222
0 1774 0.935006 0.252778 0.038089 0.129630
0 1775 0.804111 0.424537 0.048368 0.152778
0 1776 0.199819 0.655556 0.040508 0.146296
0 1777 0.226119 0.612500 0.053204 0.169444
0 1778 0.275998 0.600000 0.036880 0.159259
0 1779 0.019347 0.471296 0.037485 0.144444
0 1782 0.016022 0.441667 0.030834 0.138889
0 1784 0.017231 0.237963 0.033253 0.138889
0 1785 0.040206 0.235185 0.044135 0.148148
0 1788 0.174728 0.440278 0.037485 0.143519
0 1790 0.760883 0.573611 0.045345 0.145370
0 1791 0.048065 0.274074 0.038089 0.148148
0 1792 0.729444 0.519907 0.042926 0.145370
0 1793 0.776300 0.466667 0.044740 0.157407
0 1794 0.170193 0.402315 0.038089 0.156481
0 1795 0.715538 0.463889 0.048972 0.157407
0 1796 0.062576 0.341667 0.046554 0.162963
0 1797 0.770859 0.347685 0.045949 0.156481
0 1798 0.626360 0.071296 0.033857 0.135185
0 1799 0.599456 0.074537 0.034462 0.126852
0 1800 0.580411 0.066204 0.032648 0.128704
0 1801 0.738513 0.290741 0.041717 0.146296
0 1802 0.665054 0.294444 0.049577 0.129630
0 1803 0.599154 0.188426 0.045949 0.125000
0 1804 0.553507 0.183333 0.056227 0.144444
0 1805 0.563482 0.256019 0.045949 0.137963
0 1806 0.448912 0.032407 0.032044 0.062963
0 1808 0.370012 0.177778 0.042322 0.135185
0 1809 0.346735 0.118519 0.039299 0.138889
0 1810 0.233978 0.128704 0.039903 0.137037
0 1811 0.202539 0.120833 0.041112 0.137963
0 1813 0.032950 0.205556 0.034462 0.125926
0 1814 0.118198 0.312500 0.042926 0.137963
0 1815 0.081016 0.185185 0.039903 0.125926
0 1816 0.102781 0.200000 0.041112 0.137037
0 1817 0.129988 0.215741 0.036276 0.140741
0 1818 0.351572 0.078241 0.034462 0.139815
0 1819 0.378779 0.058333 0.034462 0.114815
0 1820 0.157195 0.310648 0.043531 0.154630
0 1821 0.240629 0.186574 0.030230 0.110185
0 1822 0.247279 0.171296 0.032648 0.120370
0 1823 0.259976 0.111574 0.031439 0.115741
0 1824 0.356711 0.151852 0.035067 0.135185
0 1825 0.241838 0.306481 0.033857 0.131481
0 1826 0.232164 0.287037 0.041112 0.157407
0 1827 0.536880 0.262963 0.030230 0.101852
0 1828 0.483071 0.216667 0.032648 0.107407
0 1829 0.463724 0.224074 0.039903 0.122222
0 1830 0.282950 0.122222 0.032648 0.118519
0 1831 0.431681 0.223611 0.042322 0.126852
0 1832 0.437727 0.199074 0.038694 0.124074
0 1833 0.309553 0.217593 0.044740 0.144444
0 1834 0.306530 0.257870 0.035067 0.132407
0 1835 0.275695 0.245833 0.036276 0.125000
0 1837 0.405683 0.223611 0.033857 0.106481
0 1838 0.369710 0.141667 0.034462 0.135185
0 1839 0.055623 0.170370 0.039903 0.137037
0 1840 0.057437 0.289352 0.030230 0.112037
0 1841 0.053809 0.198148 0.036276 0.129630
0 1850 0.052902 0.772685 0.058646 0.173148
0 1852 0.069528 0.725926 0.044740 0.164815
0 1858 0.946493 0.035648 0.041717 0.069444
0 1859 0.535973 0.015278 0.033253 0.028704
0 1860 0.561669 0.018056 0.031439 0.034259
0 1867 0.249093 0.064815 0.039903 0.112963
0 1874 0.213120 0.066204 0.032044 0.126852
0 1878 0.390871 0.043056 0.038089 0.084259
0 1879 0.154474 0.068056 0.036880 0.132407
0 1880 0.191354 0.081481 0.033253 0.131481
0 1881 0.216143 0.079630 0.041717 0.120370
0 1882 0.194377 0.058796 0.034462 0.113889
0 1883 0.110036 0.061574 0.039903 0.121296
0 1893 0.917775 0.037963 0.039903 0.074074
0 1903 0.080713 0.056019 0.038089 0.110185
0 1905 0.097944 0.031481 0.032648 0.061111
0 1907 0.110943 0.032407 0.029625 0.062963
0 1919 0.076481 0.033333 0.032044 0.064815
0 1943 0.077388 0.293519 0.041112 0.150000
0 1944 0.393894 0.151852 0.038089 0.142593
0 1945 0.361245 0.046296 0.033253 0.090741
