0 1168 0.559855 0.872685 0.048368 0.171296
0 1169 0.599456 0.924537 0.046554 0.150926
0 1175 0.388150 0.550463 0.037485 0.145370
0 1197 0.321040 0.320370 0.041112 0.138889
0 1198 0.095526 0.440278 0.041112 0.136111
0 1199 0.258767 0.652315 0.042322 0.160185
0 1200 0.264510 0.339815 0.034462 0.144444
0 1206 0.129988 0.428704 0.044740 0.146296
0 1209 0.682588 0.967593 0.055623 0.066667
0 1210 0.636034 0.975463 0.043531 0.050926
0 1246 0.816203 0.931944 0.048368 0.137963
0 1247 0.877570 0.896296 0.061064 0.168519
0 1249 0.938331 0.880556 0.070133 0.164815
0 1250 0.928960 0.951852 0.058646 0.098148
0 1251 0.882709 0.959259 0.051995 0.083333
0 1284 0.845828 0.365278 0.037485 0.134259
0 1285 0.863664 0.356944 0.042926 0.121296
0 1306 0.284160 0.667130 0.038694 0.160185
0 1307 0.358525 0.618981 0.038694 0.156481
0 1308 0.389057 0.643981 0.034462 0.134259
0 1314 0.557437 0.941204 0.033857 0.104630
0 1317 0.560459 0.931481 0.045949 0.138889
0 1325 0.233978 0.580556 0.033857 0.148148
0 1326 0.237908 0.555556 0.036880 0.131481
0 1328 0.193470 0.571296 0.044740 0.144444
0 1329 0.196493 0.522222 0.044740 0.140741
0 1330 0.162031 0.536574 0.043531 0.145370
0 1343 0.380593 0.231944 0.032044 0.132407
0 1344 0.405683 0.233333 0.032648 0.131481
0 1365 0.726723 0.987037 0.027811 0.027778
0 1412 0.714329 0.377315 0.044135 0.121296
0 1413 0.753325 0.386574 0.039903 0.128704
0 1444 0.274184 0.375926 0.047763 0.144444
0 1445 0.247582 0.387963 0.033253 0.148148
0 1490 0.967352 0.742593 0.038694 0.140741
0 1501 0.373640 0.958796 0.042322 0.082407
0 1531 0.540508 0.462963 0.036276 0.151852
0 1549 0.318017 0.775926 0.049577 0.168519
0 1555 0.952237 0.764352 0.059250 0.149074
0 1556 0.928356 0.773148 0.034462 0.124074
0 1557 0.549577 0.444907 0.037485 0.139815
0 1567 0.349456 0.474537 0.035067 0.128704
0 1570 0.328295 0.634722 0.042322 0.165741
0 1573 0.500302 0.493056 0.029625 0.139815
0 1592 0.364268 0.700926 0.032044 0.157407
0 1594 0.378476 0.732407 0.043531 0.170370
0 1638 0.557437 0.694907 0.047158 0.165741
0 1639 0.617594 0.664352 0.036880 0.154630
0 1640 0.585852 0.663889 0.036276 0.142593
0 1650 0.441354 0.731944 0.044740 0.145370
0 1653 0.682890 0.720370 0.051391 0.140741
0 1654 0.387243 0.448148 0.038089 0.129630
0 1655 0.464631 0.530556 0.040508 0.131481
0 1657 0.454958 0.496296 0.048972 0.107407
0 1660 0.470979 0.438426 0.042322 0.137963
0 1661 0.530532 0.539352 0.039299 0.154630
0 1667 0.491838 0.446296 0.034462 0.118519
0 1668 0.521463 0.598611 0.040508 0.123148
0 1675 0.457678 0.126852 0.027811 0.101852
0 1676 0.437424 0.113889 0.039299 0.124074
0 1677 0.665659 0.655093 0.041112 0.152778
0 1678 0.755744 0.450000 0.049577 0.153704
0 1679 0.678658 0.693519 0.036880 0.131481
0 1695 0.828597 0.386574 0.036880 0.132407
0 1696 0.665961 0.441204 0.044135 0.154630
0 1697 0.688634 0.444907 0.039903 0.137963
0 1699 0.804111 0.389352 0.042322 0.154630
0 1701 0.765719 0.499537 0.047763 0.162037
0 1702 0.705562 0.525926 0.042322 0.146296
0 1703 0.891173 0.135185 0.031439 0.124074
0 1704 0.788996 0.543519 0.044740 0.151852
0 1705 0.792926 0.595833 0.061064 0.139815
0 1706 0.982769 0.684259 0.033253 0.148148
0 1707 0.756348 0.744907 0.056832 0.182407
0 1708 0.726723 0.795370 0.047158 0.164815
0 1709 0.949819 0.695370 0.042322 0.105556
0 1710 0.812273 0.827315 0.051391 0.158333
0 1711 0.674123 0.588889 0.039903 0.148148
0 1712 0.642684 0.606481 0.039903 0.135185
0 1713 0.593108 0.400000 0.044740 0.151852
0 1714 0.559250 0.403704 0.033857 0.125926
0 1715 0.888150 0.764352 0.051995 0.176852
0 1716 0.432588 0.588426 0.034462 0.150926
0 1717 0.465236 0.585185 0.034462 0.148148
0 1718 0.506651 0.710648 0.049577 0.176852
0 1719 0.201632 0.397222 0.042926 0.144444
0 1720 0.126360 0.507407 0.045949 0.157407
0 1721 0.582830 0.562963 0.048368 0.159259
0 1722 0.599154 0.499537 0.049577 0.154630
0 1723 0.180774 0.380556 0.039903 0.140741
0 1728 0.825272 0.963426 0.048368 0.075000
0 1734 0.023881 0.325000 0.039299 0.140741
0 1735 0.009371 0.325463 0.017533 0.136111
0 1736 0.226723 0.214815 0.036276 0.122222
0 1737 0.262999 0.206481 0.041112 0.140741
0 1738 0.005139 0.268519 0.009069 0.146296
0 1741 0.942866 0.124074 0.033253 0.144444
0 1742 0.880895 0.149074 0.038694 0.129630
0 1743 0.816808 0.136111 0.039903 0.133333
0 1744 0.074365 0.683796 0.041112 0.156481
0 1749 0.833132 0.481481 0.044740 0.155556
0 1750 0.834341 0.510185 0.044740 0.144444
0 1751 0.032648 0.688889 0.045949 0.174074
0 1752 0.120919 0.662037 0.051995 0.157407
0 1753 0.189238 0.971759 0.048368 0.058333
0 1754 0.136638 0.987500 0.029021 0.026852
0 1765 0.302297 0.989352 0.031439 0.023148
0 1766 0.322551 0.970833 0.047763 0.058333
0 1767 0.707074 0.864352 0.047763 0.150926
0 1768 0.735792 0.818519 0.055623 0.170370
0 1771 0.968863 0.316667 0.047763 0.153704
0 1772 0.923519 0.308796 0.036880 0.137963
0 1773 0.960097 0.270833 0.041112 0.125000
0 1774 0.936820 0.270833 0.036880 0.126852
0 1775 0.800786 0.442130 0.048972 0.152778
0 1776 0.207678 0.648148 0.039299 0.146296
0 1777 0.244559 0.609259 0.058646 0.170370
0 1778 0.282346 0.605093 0.039903 0.160185
0 1779 0.028718 0.464815 0.042926 0.144444
0 1782 0.028718 0.436111 0.044135 0.138889
0 1784 0.042322 0.248148 0.036276 0.138889
0 1785 0.069831 0.240741 0.040508 0.148148
0 1788 0.168682 0.451389 0.037485 0.143519
0 1790 0.770556 0.600000 0.041717 0.150000
0 1791 0.038392 0.280556 0.038089 0.148148
0 1792 0.740931 0.542593 0.044135 0.146296
0 1793 0.787787 0.484259 0.044740 0.157407
0 1794 0.164450 0.415741 0.037485 0.157407
0 1795 0.728537 0.481481 0.048368 0.157407
0 1796 0.039601 0.354630 0.046554 0.162963
0 1797 0.780532 0.362037 0.048368 0.159259
0 1798 0.623942 0.081944 0.033857 0.136111
0 1799 0.594317 0.085648 0.033857 0.126852
0 1800 0.572854 0.079167 0.032044 0.132407
0 1801 0.753023 0.301852 0.041717 0.146296
0 1802 0.667170 0.309722 0.048972 0.132407
0 1803 0.598851 0.202315 0.046554 0.130556
0 1804 0.558041 0.198148 0.055623 0.144444
0 1805 0.570435 0.269907 0.046554 0.141667
0 1806 0.449214 0.032407 0.031439 0.062963
0 1808 0.362455 0.185185 0.042926 0.131481
0 1809 0.353990 0.125926 0.039299 0.138889
0 1810 0.225816 0.142593 0.040508 0.135185
0 1811 0.188634 0.134722 0.042322 0.137963
0 1813 0.023881 0.217593 0.034462 0.125926
0 1814 0.101874 0.330093 0.044135 0.143519
0 1815 0.067110 0.193056 0.041112 0.128704
0 1816 0.093108 0.208333 0.041112 0.137037
0 1817 0.120012 0.225000 0.036880 0.140741
0 1818 0.369407 0.089352 0.037485 0.139815
0 1819 0.397823 0.058796 0.029021 0.115741
0 1820 0.141173 0.330556 0.044135 0.161111
0 1821 0.242140 0.191204 0.029625 0.110185
0 1822 0.247884 0.170370 0.032648 0.120370
0 1823 0.258162 0.108796 0.030230 0.115741
0 1824 0.362152 0.157407 0.035067 0.135185
0 1825 0.223096 0.319444 0.033857 0.124074
0 1826 0.214631 0.298148 0.041112 0.157407
0 1827 0.544135 0.275926 0.030230 0.105556
0 1828 0.491536 0.227778 0.032648 0.107407
0 1829 0.469770 0.230093 0.039903 0.125000
0 1830 0.283555 0.121759 0.032648 0.119444
0 1831 0.435913 0.230093 0.042322 0.126852
0 1832 0.448609 0.208333 0.038694 0.129630
0 1833 0.300484 0.230556 0.044740 0.144444
0 1834 0.292019 0.268056 0.035067 0.132407
0 1835 0.262999 0.255556 0.035067 0.125926
0 1837 0.413241 0.236111 0.032044 0.107407
0 1838 0.376058 0.148148 0.033857 0.135185
0 1839 0.042019 0.177778 0.041717 0.137037
0 1840 0.042322 0.295833 0.030230 0.110185
0 1841 0.044740 0.208333 0.037485 0.131481
0 1848 0.012999 0.777315 0.024788 0.184259
0 1850 0.083736 0.772222 0.068319 0.175926
0 1852 0.109432 0.750926 0.053204 0.164815
0 1858 0.947703 0.040278 0.044135 0.078704
0 1859 0.537787 0.021759 0.033253 0.041667
0 1860 0.562878 0.023611 0.031439 0.045370
0 1867 0.243047 0.074537 0.037485 0.115741
0 1874 0.206771 0.073611 0.032648 0.126852
0 1878 0.382406 0.049074 0.038089 0.096296
0 1879 0.148126 0.077778 0.036276 0.135185
0 1880 0.181076 0.093519 0.033253 0.133333
0 1881 0.207376 0.091667 0.041112 0.129630
0 1882 0.189238 0.067130 0.035067 0.123148
0 1883 0.099154 0.071759 0.039903 0.130556
0 1893 0.915961 0.042593 0.039903 0.083333
0 1903 0.072854 0.061111 0.038089 0.120370
0 1905 0.091596 0.038889 0.034462 0.075926
0 1907 0.111245 0.038889 0.030230 0.075926
0 1919 0.076179 0.037500 0.032648 0.073148
0 1943 0.067110 0.302778 0.041112 0.150000
0 1944 0.382406 0.162963 0.038089 0.142593
0 1945 0.351572 0.055556 0.033253 0.109259
