0 1168 0.559250 0.877315 0.042322 0.169444
0 1169 0.572551 0.929167 0.044740 0.141667
0 1175 0.386941 0.560648 0.035067 0.145370
0 1197 0.324667 0.324537 0.041112 0.137963
0 1198 0.132406 0.400000 0.041112 0.135185
0 1199 0.281137 0.597685 0.042322 0.160185
0 1200 0.314389 0.359259 0.035067 0.144444
0 1206 0.139359 0.415741 0.048972 0.146296
0 1208 0.630593 0.968981 0.047158 0.063889
0 1209 0.672612 0.947685 0.046554 0.104630
0 1210 0.620012 0.945370 0.039299 0.107407
0 1246 0.787183 0.800000 0.044740 0.157407
0 1247 0.832830 0.765278 0.061064 0.171296
0 1249 0.849456 0.705093 0.056832 0.150926
0 1250 0.912938 0.829167 0.059250 0.156481
0 1251 0.880593 0.836574 0.048972 0.167593
0 1252 0.835550 0.938889 0.053204 0.124074
0 1284 0.841596 0.374537 0.037485 0.134259
0 1285 0.864873 0.366667 0.036880 0.120370
0 1306 0.295647 0.664815 0.044740 0.159259
0 1307 0.351270 0.624537 0.038694 0.154630
0 1308 0.383011 0.649074 0.039299 0.131481
0 1314 0.561366 0.949537 0.034462 0.100926
0 1317 0.499395 0.928241 0.045949 0.145370
0 1320 0.895707 0.930093 0.058646 0.141667
0 1325 0.233676 0.593519 0.034462 0.153704
0 1326 0.237908 0.561111 0.036880 0.131481
0 1328 0.192261 0.586111 0.044740 0.144444
0 1329 0.199214 0.538426 0.045345 0.145370
0 1330 0.162938 0.546759 0.045345 0.147222
0 1343 0.379081 0.242130 0.031439 0.132407
0 1344 0.404474 0.242130 0.032648 0.132407
0 1365 0.712817 0.957407 0.050786 0.087037
0 1394 0.674123 0.971759 0.041112 0.058333
0 1412 0.709492 0.384722 0.044135 0.121296
0 1413 0.751511 0.396759 0.039903 0.128704
0 1444 0.271161 0.383333 0.047763 0.144444
0 1445 0.247582 0.398148 0.033253 0.138889
0 1490 0.932890 0.694907 0.035067 0.139815
0 1501 0.311669 0.968056 0.041717 0.065741
0 1531 0.537183 0.475000 0.038089 0.148148
0 1549 0.318924 0.782407 0.048972 0.168519
0 1555 0.925635 0.733333 0.050786 0.146296
0 1556 0.900242 0.728704 0.035067 0.124074
0 1557 0.557134 0.452778 0.036880 0.140741
0 1567 0.350967 0.483333 0.038089 0.122222
0 1570 0.294740 0.569907 0.042926 0.160185
0 1573 0.481862 0.450463 0.031439 0.139815
0 1592 0.361245 0.710185 0.032044 0.157407
0 1594 0.378779 0.740741 0.040508 0.170370
0 1638 0.510580 0.745833 0.048972 0.165741
0 1639 0.595526 0.759259 0.042322 0.174074
0 1640 0.560157 0.735185 0.036880 0.137037
0 1650 0.440750 0.738889 0.041112 0.146296
0 1653 0.680169 0.726389 0.051995 0.143519
0 1654 0.387848 0.458333 0.038089 0.129630
0 1655 0.467654 0.534259 0.035671 0.133333
0 1657 0.452237 0.504630 0.049577 0.107407
0 1660 0.462213 0.419907 0.035671 0.139815
0 1661 0.501511 0.483796 0.040508 0.149074
0 1662 0.100665 0.752778 0.046554 0.170370
0 1667 0.455865 0.416204 0.032648 0.110185
0 1668 0.516022 0.606944 0.039299 0.123148
0 1675 0.514813 0.185185 0.030834 0.103704
0 1676 0.485792 0.162963 0.042926 0.124074
0 1677 0.724909 0.529630 0.055623 0.162963
0 1678 0.762394 0.359722 0.047158 0.154630
0 1679 0.760580 0.556944 0.036276 0.126852
0 1695 0.774486 0.304167 0.037485 0.132407
0 1696 0.628779 0.332870 0.044740 0.154630
0 1697 0.667473 0.337500 0.039903 0.137963
0 1699 0.747884 0.306019 0.042322 0.154630
0 1701 0.672914 0.386111 0.042322 0.153704
0 1702 0.627872 0.402778 0.036880 0.137037
0 1703 0.825272 0.143981 0.037485 0.121296
0 1704 0.707981 0.440741 0.047158 0.151852
0 1705 0.726421 0.475926 0.039299 0.142593
0 1706 0.883918 0.566667 0.049577 0.144444
0 1707 0.722793 0.593981 0.051391 0.156481
0 1708 0.685913 0.635648 0.046554 0.143519
0 1709 0.849758 0.587963 0.042926 0.098148
0 1710 0.749093 0.641667 0.049577 0.137037
0 1711 0.635429 0.475926 0.039903 0.138889
0 1712 0.605200 0.493981 0.039903 0.130556
0 1713 0.577993 0.310185 0.042322 0.142593
0 1714 0.546554 0.318981 0.035067 0.126852
0 1715 0.834341 0.604630 0.056832 0.168519
0 1716 0.465840 0.591667 0.050181 0.148148
0 1717 0.516324 0.620833 0.044740 0.156481
0 1718 0.592805 0.609722 0.050181 0.169444
0 1719 0.278114 0.325463 0.041112 0.143519
0 1720 0.168682 0.435185 0.045949 0.151852
0 1721 0.574970 0.420833 0.047158 0.149074
0 1722 0.538694 0.359722 0.042322 0.145370
0 1723 0.254837 0.310185 0.034462 0.122222
0 1725 0.012394 0.484259 0.023579 0.162963
0 1726 0.033857 0.508333 0.039903 0.155556
0 1727 0.403869 0.982407 0.039903 0.037037
0 1728 0.828900 0.856019 0.050786 0.162037
0 1733 0.003628 0.303704 0.006046 0.146296
0 1734 0.081923 0.266667 0.040508 0.137037
0 1735 0.049577 0.282407 0.037485 0.131481
0 1736 0.226723 0.224074 0.036276 0.122222
0 1737 0.265417 0.204630 0.041112 0.140741
0 1738 0.055320 0.217593 0.042926 0.146296
0 1740 0.046554 0.457407 0.044740 0.155556
0 1741 0.858222 0.145370 0.033253 0.133333
0 1742 0.797158 0.158333 0.042926 0.129630
0 1743 0.734583 0.123148 0.039903 0.133333
0 1744 0.116687 0.604167 0.042322 0.165741
0 1749 0.758767 0.450926 0.044740 0.155556
0 1750 0.764813 0.489815 0.044740 0.137037
0 1751 0.069528 0.578704 0.045949 0.179630
0 1752 0.117291 0.549537 0.050786 0.156481
0 1753 0.248791 0.817130 0.051391 0.184259
0 1754 0.195889 0.842130 0.056832 0.178704
0 1761 0.915659 0.548611 0.051391 0.176852
0 1764 0.072551 0.982870 0.038694 0.036111
0 1765 0.121221 0.966204 0.039299 0.069444
0 1766 0.137243 0.948611 0.049577 0.104630
0 1767 0.464329 0.836574 0.045949 0.143519
0 1768 0.461004 0.783796 0.055018 0.162037
0 1770 0.974909 0.433333 0.042926 0.161111
0 1771 0.976119 0.225463 0.040508 0.136111
0 1772 0.944377 0.226389 0.037485 0.126852
0 1773 0.964329 0.162963 0.041112 0.122222
0 1774 0.947703 0.164815 0.038089 0.112963
0 1775 0.792322 0.331481 0.039299 0.142593
0 1776 0.090992 0.690741 0.059855 0.142593
0 1777 0.124849 0.636111 0.062273 0.151852
0 1778 0.216143 0.633333 0.046554 0.164815
0 1787 0.014208 0.248148 0.027207 0.151852
0 1788 0.226119 0.345833 0.037485 0.143519
0 1790 0.692563 0.470833 0.036880 0.143519
0 1791 0.090387 0.229630 0.038089 0.148148
0 1792 0.656590 0.413426 0.045949 0.137963
0 1793 0.706469 0.396296 0.039299 0.146296
0 1794 0.211004 0.331944 0.039903 0.156481
0 1795 0.634522 0.369907 0.046554 0.156481
0 1796 0.186820 0.268519 0.036276 0.148148
0 1797 0.705865 0.281019 0.057437 0.156481
0 1798 0.659311 0.042130 0.034462 0.082407
0 1799 0.625756 0.042593 0.033857 0.083333
0 1800 0.608827 0.035648 0.032648 0.069444
0 1801 0.677146 0.215278 0.042322 0.145370
0 1802 0.629383 0.216667 0.043531 0.131481
0 1803 0.582225 0.124074 0.042322 0.124074
0 1804 0.550786 0.117593 0.045949 0.127778
0 1805 0.507860 0.206019 0.043531 0.132407
0 1806 0.448307 0.033796 0.032044 0.065741
0 1808 0.431378 0.120370 0.038089 0.125926
0 1809 0.356711 0.078704 0.039903 0.133333
0 1810 0.304414 0.067130 0.038089 0.121296
0 1811 0.274788 0.060185 0.038089 0.118519
0 1812 0.025393 0.209259 0.035067 0.124074
0 1813 0.086155 0.159259 0.034462 0.125926
0 1814 0.155985 0.215278 0.041112 0.139815
0 1815 0.132709 0.125000 0.039299 0.124074
0 1816 0.145707 0.146296 0.041112 0.137037
0 1817 0.174728 0.164815 0.036276 0.140741
0 1818 0.233071 0.057870 0.034462 0.113889
0 1819 0.266324 0.045833 0.035671 0.089815
0 1820 0.262999 0.248611 0.044740 0.154630
0 1821 0.225514 0.165278 0.030230 0.110185
0 1822 0.247279 0.167593 0.032648 0.120370
0 1823 0.244861 0.129167 0.032648 0.115741
0 1824 0.301693 0.109259 0.035067 0.129630
0 1825 0.322854 0.256019 0.035067 0.132407
0 1826 0.318319 0.235185 0.041717 0.148148
0 1827 0.472793 0.221296 0.030230 0.101852
0 1828 0.436518 0.177315 0.031439 0.115741
0 1829 0.418380 0.184259 0.037485 0.135185
0 1830 0.284160 0.126852 0.032648 0.118519
0 1831 0.389964 0.197685 0.042322 0.126852
0 1832 0.389359 0.160185 0.039903 0.112963
0 1833 0.340992 0.139815 0.044740 0.129630
0 1834 0.347037 0.203704 0.033857 0.129630
0 1835 0.315901 0.195370 0.038089 0.127778
0 1836 0.002721 0.242593 0.004232 0.146296
0 1837 0.365175 0.178704 0.036276 0.112963
0 1838 0.316505 0.102315 0.034462 0.134259
0 1839 0.097944 0.110185 0.039903 0.137037
0 1840 0.100967 0.243056 0.029021 0.115741
0 1841 0.104595 0.150926 0.035067 0.131481
0 1878 0.428960 0.013889 0.038089 0.025926
0 1879 0.199516 0.041204 0.036276 0.080556
0 1880 0.228235 0.040278 0.033253 0.078704
0 1881 0.245768 0.018981 0.039299 0.036111
0 1883 0.139964 0.024537 0.035671 0.047222
0 1943 0.121221 0.246759 0.041717 0.149074
0 1944 0.465840 0.090741 0.036880 0.133333
