0 1168 0.558646 0.871759 0.044740 0.171296
0 1169 0.583434 0.925926 0.047158 0.150000
0 1175 0.388150 0.551389 0.037485 0.145370
0 1197 0.323761 0.318981 0.040508 0.136111
0 1198 0.103990 0.426852 0.041112 0.135185
0 1199 0.279323 0.641204 0.042322 0.160185
0 1200 0.285973 0.340741 0.035067 0.144444
0 1206 0.128779 0.425926 0.044740 0.146296
0 1209 0.682285 0.957407 0.048972 0.087037
0 1210 0.631197 0.958796 0.049577 0.084259
0 1246 0.815599 0.900000 0.048368 0.164815
0 1247 0.873035 0.857407 0.061669 0.168519
0 1249 0.911729 0.818981 0.059250 0.162037
0 1250 0.926239 0.929167 0.060459 0.143519
0 1251 0.884522 0.934722 0.053204 0.132407
0 1284 0.844015 0.371759 0.037485 0.134259
0 1285 0.866687 0.360185 0.045345 0.120370
0 1306 0.283555 0.668981 0.038694 0.160185
0 1307 0.358525 0.620370 0.038694 0.153704
0 1308 0.389359 0.644444 0.033857 0.133333
0 1314 0.550786 0.939815 0.033857 0.101852
0 1317 0.545949 0.931481 0.045949 0.138889
0 1320 0.923519 0.981019 0.041717 0.039815
0 1325 0.233374 0.583796 0.033857 0.150926
0 1326 0.238513 0.555556 0.036880 0.131481
0 1328 0.193470 0.578704 0.044740 0.144444
0 1329 0.202842 0.526852 0.044135 0.142593
0 1330 0.160822 0.538426 0.043531 0.145370
0 1343 0.379988 0.234722 0.032044 0.132407
0 1344 0.405079 0.235185 0.032648 0.131481
0 1365 0.723398 0.979167 0.042926 0.043519
0 1412 0.714329 0.378241 0.044135 0.121296
0 1413 0.752721 0.389352 0.039903 0.128704
0 1444 0.274184 0.379630 0.047763 0.144444
0 1445 0.247582 0.390741 0.033253 0.142593
0 1490 0.955865 0.728704 0.038694 0.140741
0 1501 0.359129 0.958796 0.042322 0.082407
0 1531 0.539903 0.465741 0.036276 0.151852
0 1549 0.317715 0.777315 0.048972 0.167593
0 1555 0.939541 0.747685 0.056832 0.150926
0 1556 0.921403 0.756481 0.035067 0.124074
0 1557 0.552600 0.449074 0.037485 0.140741
0 1567 0.349154 0.476389 0.034462 0.128704
0 1570 0.323458 0.618056 0.047158 0.163889
0 1573 0.491233 0.474074 0.033253 0.140741
0 1592 0.363966 0.702778 0.032648 0.157407
0 1594 0.377872 0.734259 0.042322 0.170370
0 1638 0.546554 0.709722 0.047158 0.165741
0 1639 0.614268 0.683796 0.039903 0.158333
0 1640 0.577388 0.684259 0.036276 0.140741
0 1650 0.442563 0.735185 0.039903 0.146296
0 1653 0.682285 0.722222 0.051391 0.140741
0 1654 0.386034 0.449537 0.035671 0.130556
0 1655 0.463120 0.537963 0.038694 0.131481
0 1657 0.453748 0.498148 0.048972 0.107407
0 1660 0.467050 0.426389 0.041717 0.137963
0 1661 0.523881 0.522685 0.039299 0.149074
0 1662 0.013906 0.739352 0.026602 0.162037
0 1667 0.474002 0.425000 0.033857 0.112963
0 1668 0.522370 0.602315 0.038694 0.123148
0 1675 0.475514 0.139352 0.029625 0.099074
0 1676 0.453446 0.130556 0.035067 0.124074
0 1677 0.687424 0.619444 0.041112 0.162963
0 1678 0.771463 0.423148 0.048368 0.153704
0 1679 0.709794 0.660185 0.036276 0.131481
0 1695 0.808646 0.360648 0.036880 0.132407
0 1696 0.655079 0.408796 0.044135 0.154630
0 1697 0.678960 0.411574 0.039903 0.137963
0 1699 0.787787 0.366204 0.042322 0.154630
0 1701 0.740024 0.464815 0.042322 0.162963
0 1702 0.693470 0.490741 0.042322 0.142593
0 1703 0.863664 0.136574 0.033253 0.123148
0 1704 0.772975 0.508796 0.047763 0.150926
0 1705 0.782346 0.559722 0.049577 0.145370
0 1706 0.958283 0.658333 0.060459 0.153704
0 1707 0.737606 0.690741 0.055623 0.153704
0 1708 0.723700 0.744444 0.047158 0.155556
0 1709 0.921100 0.671296 0.042926 0.105556
0 1710 0.800484 0.764352 0.050786 0.149074
0 1711 0.664148 0.555093 0.039299 0.143519
0 1712 0.631499 0.574537 0.039299 0.132407
0 1713 0.590689 0.373148 0.043531 0.151852
0 1714 0.552600 0.375926 0.033857 0.125926
0 1715 0.870012 0.713426 0.056832 0.176852
0 1716 0.433192 0.591204 0.034462 0.150926
0 1717 0.465840 0.588889 0.035671 0.148148
0 1718 0.525998 0.672685 0.049577 0.176852
0 1719 0.222189 0.376852 0.041717 0.144444
0 1720 0.134220 0.488889 0.045949 0.155556
0 1721 0.588271 0.523611 0.047158 0.160185
0 1722 0.597037 0.456944 0.046554 0.154630
0 1723 0.195889 0.365741 0.039903 0.140741
0 1726 0.003325 0.577778 0.005441 0.161111
0 1728 0.836155 0.943519 0.050786 0.114815
0 1734 0.046554 0.309722 0.041112 0.139815
0 1735 0.015115 0.308796 0.029021 0.132407
0 1736 0.227630 0.216667 0.036880 0.122222
0 1737 0.262999 0.206481 0.041112 0.140741
0 1738 0.013603 0.257407 0.025998 0.146296
0 1740 0.010580 0.530556 0.019952 0.162963
0 1741 0.924728 0.123148 0.033253 0.144444
0 1742 0.859734 0.149074 0.035067 0.129630
0 1743 0.795345 0.134259 0.039299 0.133333
0 1744 0.093712 0.668981 0.041112 0.158333
0 1749 0.810157 0.474074 0.044740 0.155556
0 1750 0.822249 0.497222 0.044740 0.137037
0 1751 0.050786 0.654630 0.045949 0.168519
0 1752 0.117291 0.631481 0.051995 0.157407
0 1753 0.209492 0.935648 0.058646 0.128704
0 1754 0.157799 0.950000 0.054414 0.101852
0 1765 0.251814 0.982870 0.036880 0.036111
0 1766 0.274486 0.962037 0.050786 0.077778
0 1767 0.645103 0.856019 0.054414 0.162037
0 1768 0.653265 0.800000 0.047763 0.168519
0 1771 0.967352 0.295833 0.049577 0.154630
0 1772 0.931983 0.283796 0.036880 0.137963
0 1773 0.959794 0.236111 0.041717 0.122222
0 1774 0.935006 0.237963 0.038089 0.129630
0 1775 0.807739 0.414352 0.047158 0.160185
0 1776 0.190447 0.662037 0.042322 0.146296
0 1777 0.209794 0.614815 0.047158 0.168519
0 1778 0.269952 0.605556 0.039299 0.159259
0 1779 0.016324 0.475000 0.031439 0.144444
0 1782 0.009674 0.445370 0.018138 0.138889
0 1784 0.009069 0.231481 0.016929 0.138889
0 1785 0.025695 0.229167 0.044135 0.152778
0 1788 0.183192 0.426389 0.037485 0.143519
0 1790 0.748791 0.552778 0.047763 0.146296
0 1791 0.055320 0.269444 0.038089 0.148148
0 1792 0.720979 0.503241 0.040508 0.145370
0 1793 0.767231 0.454630 0.044740 0.157407
0 1794 0.174728 0.391204 0.038694 0.156481
0 1795 0.705865 0.449074 0.048972 0.157407
0 1796 0.077388 0.332407 0.045949 0.162963
0 1797 0.762092 0.336574 0.042926 0.156481
0 1798 0.631802 0.065741 0.033857 0.127778
0 1799 0.604897 0.068981 0.034462 0.123148
0 1800 0.585248 0.060185 0.032648 0.118519
0 1801 0.725816 0.280556 0.045345 0.146296
0 1802 0.661427 0.281481 0.049577 0.129630
0 1803 0.600967 0.179167 0.045949 0.121296
0 1804 0.552297 0.171759 0.056227 0.141667
0 1805 0.558041 0.248611 0.045949 0.137963
0 1806 0.448609 0.032870 0.031439 0.063889
0 1808 0.380895 0.172222 0.039903 0.135185
0 1809 0.340689 0.112037 0.039299 0.138889
0 1810 0.240326 0.117593 0.038089 0.137037
0 1811 0.213120 0.110648 0.039299 0.137963
0 1813 0.039601 0.198148 0.034462 0.125926
0 1814 0.133918 0.302315 0.039299 0.137963
0 1815 0.090387 0.176852 0.039299 0.124074
0 1816 0.110036 0.194444 0.041112 0.137037
0 1817 0.137848 0.209259 0.036276 0.140741
0 1818 0.337364 0.070833 0.033857 0.137963
0 1819 0.366989 0.058333 0.035067 0.114815
0 1820 0.168077 0.299537 0.043531 0.154630
0 1821 0.238815 0.186574 0.030230 0.110185
0 1822 0.247279 0.171296 0.032648 0.120370
0 1823 0.261185 0.113426 0.032648 0.115741
0 1824 0.351270 0.146296 0.035067 0.135185
0 1825 0.254534 0.298611 0.033857 0.132407
0 1826 0.246675 0.280556 0.041112 0.157407
0 1827 0.530834 0.251852 0.030230 0.101852
0 1828 0.474909 0.210185 0.032044 0.107407
0 1829 0.459492 0.219444 0.039903 0.125926
0 1830 0.282346 0.122222 0.032648 0.118519
0 1831 0.426844 0.218981 0.042322 0.126852
0 1832 0.429262 0.192130 0.038694 0.119444
0 1833 0.314389 0.206944 0.044740 0.141667
0 1834 0.318319 0.249537 0.034462 0.132407
0 1835 0.284764 0.237963 0.037485 0.124074
0 1837 0.400242 0.214352 0.035067 0.106481
0 1838 0.365175 0.137037 0.035067 0.135185
0 1839 0.065296 0.163889 0.039903 0.137037
0 1840 0.063482 0.281481 0.029021 0.114815
0 1841 0.060762 0.190741 0.035671 0.127778
0 1850 0.026300 0.771759 0.051391 0.175000
0 1852 0.040206 0.716667 0.052600 0.164815
0 1858 0.945586 0.031944 0.039903 0.062037
0 1867 0.253628 0.057870 0.041717 0.110185
0 1874 0.217654 0.061111 0.032648 0.120370
0 1878 0.398730 0.037500 0.038089 0.073148
0 1879 0.159915 0.062500 0.036880 0.123148
0 1880 0.198609 0.074074 0.033253 0.124074
0 1881 0.222189 0.070833 0.041717 0.112037
0 1882 0.198005 0.050926 0.034462 0.100000
0 1883 0.115780 0.056481 0.039299 0.111111
0 1893 0.918380 0.034722 0.039903 0.067593
0 1903 0.086759 0.052315 0.038089 0.102778
0 1905 0.102177 0.023611 0.032648 0.045370
0 1907 0.112152 0.030093 0.027207 0.058333
0 1919 0.076481 0.030093 0.032044 0.058333
0 1943 0.084341 0.285185 0.041717 0.150000
0 1944 0.402358 0.143519 0.038089 0.142593
0 1945 0.368501 0.039815 0.033253 0.077778
