0 1168 0.558646 0.889815 0.041112 0.168519
0 1169 0.570738 0.933333 0.043531 0.135185
0 1175 0.389359 0.558796 0.037485 0.134259
0 1176 0.007860 0.809259 0.014510 0.159259
0 1197 0.326784 0.341204 0.045345 0.136111
0 1198 0.156590 0.387500 0.031439 0.139815
0 1199 0.294438 0.576852 0.039903 0.164815
0 1200 0.322854 0.368519 0.033857 0.146296
0 1206 0.159008 0.403241 0.044740 0.145370
0 1208 0.632406 0.962037 0.050786 0.077778
0 1209 0.670496 0.948148 0.042322 0.105556
0 1210 0.616385 0.947685 0.039299 0.104630
0 1243 0.366385 0.950463 0.048368 0.099074
0 1246 0.756651 0.727778 0.042926 0.157407
0 1247 0.798972 0.699074 0.051391 0.162963
0 1249 0.829504 0.623148 0.049577 0.157407
0 1250 0.873337 0.750000 0.048972 0.148148
0 1251 0.845224 0.759722 0.043531 0.160185
0 1252 0.819226 0.895833 0.050786 0.169444
0 1279 0.211004 0.988889 0.030230 0.024074
0 1280 0.167775 0.973148 0.038089 0.051852
0 1284 0.840387 0.379167 0.037485 0.134259
0 1285 0.863059 0.374537 0.035671 0.125000
0 1306 0.295647 0.668519 0.044740 0.159259
0 1307 0.354595 0.627778 0.046554 0.159259
0 1308 0.376663 0.654630 0.036276 0.131481
0 1314 0.568017 0.949074 0.036880 0.103704
0 1317 0.500907 0.930093 0.047763 0.141667
0 1320 0.871524 0.873148 0.053809 0.168519
0 1325 0.233978 0.599537 0.036276 0.152778
0 1326 0.237606 0.571296 0.033857 0.148148
0 1328 0.187727 0.583796 0.041717 0.139815
0 1329 0.198609 0.546296 0.044135 0.146296
0 1330 0.166566 0.558333 0.045345 0.150000
0 1342 0.025091 0.765278 0.048972 0.158333
0 1343 0.379383 0.244907 0.032044 0.132407
0 1344 0.404776 0.249537 0.032044 0.132407
0 1345 0.011185 0.727315 0.021161 0.128704
0 1365 0.712817 0.960648 0.044740 0.078704
0 1394 0.673519 0.973611 0.039903 0.054630
0 1412 0.711911 0.397685 0.040508 0.128704
0 1413 0.750605 0.408796 0.039299 0.132407
0 1444 0.267231 0.391667 0.036276 0.142593
0 1445 0.246070 0.405093 0.035067 0.139815
0 1490 0.933495 0.704167 0.036276 0.136111
0 1501 0.308041 0.972222 0.041717 0.057407
0 1502 0.455865 0.983796 0.032648 0.034259
0 1531 0.532950 0.485185 0.041717 0.140741
0 1549 0.318017 0.786111 0.045949 0.162963
0 1555 0.918380 0.737037 0.037485 0.150000
0 1556 0.889964 0.735648 0.035067 0.119444
0 1557 0.564692 0.478704 0.038694 0.153704
0 1567 0.350060 0.491667 0.038694 0.124074
0 1570 0.289903 0.538426 0.044135 0.150926
0 1573 0.475816 0.450000 0.027811 0.135185
0 1592 0.359432 0.716667 0.035671 0.157407
0 1594 0.379383 0.748148 0.044135 0.170370
0 1638 0.446493 0.794907 0.053809 0.175000
0 1639 0.524788 0.812037 0.048368 0.159259
0 1640 0.510580 0.781944 0.038089 0.143519
0 1650 0.437424 0.747222 0.045345 0.148148
0 1653 0.678658 0.731019 0.046554 0.150926
0 1654 0.386336 0.459259 0.035067 0.111111
0 1655 0.464933 0.548148 0.035067 0.135185
0 1657 0.451330 0.511574 0.046554 0.106481
0 1660 0.462213 0.423611 0.033253 0.141667
0 1661 0.502116 0.456481 0.039299 0.144444
0 1662 0.171705 0.784259 0.051995 0.164815
0 1667 0.434704 0.438889 0.027811 0.124074
0 1668 0.511487 0.613889 0.037485 0.124074
0 1675 0.532346 0.218056 0.034462 0.100926
0 1676 0.507255 0.193519 0.039903 0.133333
0 1677 0.784462 0.462500 0.051391 0.149074
0 1678 0.734281 0.297685 0.047763 0.128704
0 1679 0.814389 0.482407 0.032648 0.118519
0 1690 0.524486 0.973148 0.036880 0.053704
0 1695 0.745466 0.261111 0.035067 0.129630
0 1696 0.623942 0.266667 0.033857 0.125926
0 1697 0.652660 0.285648 0.035671 0.137963
0 1699 0.714027 0.253241 0.037485 0.125000
0 1701 0.641778 0.336574 0.033253 0.137963
0 1702 0.582527 0.350000 0.039299 0.137037
0 1703 0.819831 0.151852 0.041112 0.137037
0 1704 0.669287 0.389815 0.049577 0.150000
0 1705 0.679565 0.425000 0.041112 0.133333
0 1706 0.836457 0.507870 0.039299 0.139815
0 1707 0.703446 0.526852 0.048972 0.151852
0 1708 0.669589 0.556019 0.046554 0.149074
0 1709 0.811366 0.529630 0.030230 0.094444
0 1710 0.722793 0.568519 0.044135 0.146296
0 1711 0.600967 0.420370 0.035067 0.137037
0 1712 0.577690 0.434722 0.034462 0.132407
0 1713 0.566808 0.275463 0.036880 0.143519
0 1714 0.543531 0.274074 0.027811 0.120370
0 1715 0.801088 0.538426 0.044740 0.160185
0 1716 0.536276 0.557870 0.043531 0.137963
0 1717 0.573458 0.592593 0.035671 0.153704
0 1718 0.640266 0.579630 0.043531 0.157407
0 1719 0.316203 0.285648 0.036276 0.126852
0 1720 0.216143 0.393519 0.036880 0.146296
0 1721 0.529927 0.347222 0.041717 0.144444
0 1722 0.497884 0.293981 0.039299 0.137963
0 1723 0.289299 0.276389 0.034462 0.130556
0 1725 0.032950 0.423148 0.041717 0.153704
0 1726 0.066808 0.449074 0.046554 0.142593
0 1727 0.392080 0.932870 0.055018 0.134259
0 1728 0.801391 0.771296 0.039299 0.162963
0 1729 0.967352 0.475000 0.041112 0.135185
0 1730 0.952842 0.517130 0.056832 0.143519
0 1733 0.016626 0.269907 0.032044 0.143519
0 1734 0.101270 0.242130 0.041717 0.134259
0 1735 0.092201 0.262963 0.038089 0.127778
0 1736 0.233071 0.209259 0.038089 0.125926
0 1737 0.275091 0.180556 0.033857 0.112963
0 1738 0.086155 0.192130 0.034462 0.149074
0 1739 0.009371 0.179167 0.017533 0.154630
0 1740 0.076784 0.403704 0.042322 0.164815
0 1741 0.807437 0.165741 0.034462 0.125926
0 1742 0.754232 0.148611 0.032044 0.134259
0 1743 0.694377 0.113426 0.029625 0.132407
0 1744 0.132406 0.540741 0.038694 0.159259
0 1747 0.021161 0.513889 0.041112 0.157407
0 1748 0.002721 0.505093 0.004232 0.156481
0 1749 0.718561 0.428704 0.039299 0.146296
0 1750 0.701632 0.468056 0.044135 0.145370
0 1751 0.087062 0.529630 0.043531 0.170370
0 1752 0.145103 0.501389 0.041112 0.149074
0 1753 0.270556 0.723148 0.041717 0.190741
0 1754 0.249698 0.761574 0.039903 0.171296
0 1761 0.873035 0.493056 0.049577 0.171296
0 1765 0.025393 0.957407 0.049577 0.085185
0 1766 0.040508 0.938889 0.054414 0.124074
0 1767 0.322249 0.879167 0.051995 0.156481
0 1768 0.303204 0.823611 0.061064 0.165741
0 1769 0.990629 0.376852 0.017533 0.118519
0 1770 0.956771 0.356481 0.036880 0.157407
0 1771 0.970073 0.184259 0.039299 0.144444
0 1772 0.945284 0.180556 0.036880 0.129630
0 1773 0.969166 0.111111 0.030230 0.124074
0 1774 0.946796 0.106019 0.035067 0.123148
0 1775 0.808646 0.288426 0.039299 0.143519
0 1776 0.011790 0.710648 0.022370 0.143519
0 1777 0.016929 0.647685 0.032648 0.162037
0 1778 0.149940 0.662037 0.051995 0.159259
0 1786 0.009976 0.260185 0.018742 0.137037
0 1787 0.017231 0.214352 0.033253 0.145370
0 1788 0.259674 0.310185 0.032044 0.142593
0 1790 0.646614 0.415278 0.038089 0.134259
0 1791 0.120617 0.203241 0.032044 0.150926
0 1792 0.607013 0.360648 0.041112 0.136111
0 1793 0.677146 0.342593 0.038694 0.135185
0 1794 0.245768 0.274074 0.036880 0.144444
0 1795 0.611245 0.307870 0.041112 0.137963
0 1796 0.270254 0.227778 0.036276 0.142593
0 1797 0.685006 0.232870 0.042322 0.149074
0 1798 0.668077 0.027778 0.029021 0.053704
0 1799 0.642382 0.029630 0.028416 0.057407
0 1800 0.625453 0.021759 0.019952 0.041667
0 1801 0.657799 0.166204 0.036276 0.137963
0 1802 0.619710 0.173148 0.044740 0.129630
0 1803 0.577388 0.094444 0.038694 0.124074
0 1804 0.548065 0.082407 0.042926 0.129630
0 1805 0.469166 0.184722 0.041112 0.137963
0 1806 0.448005 0.041204 0.030230 0.080556
0 1808 0.477630 0.075926 0.033857 0.118519
0 1809 0.395103 0.048148 0.032044 0.094444
0 1810 0.351572 0.041204 0.036880 0.080556
0 1811 0.322249 0.040278 0.035067 0.078704
0 1812 0.081318 0.177315 0.034462 0.130556
0 1813 0.105804 0.112500 0.032648 0.121296
0 1814 0.185006 0.156481 0.033857 0.137037
0 1815 0.150846 0.083796 0.032044 0.121296
0 1816 0.160218 0.109259 0.035067 0.124074
0 1817 0.185611 0.125463 0.033857 0.132407
0 1818 0.148730 0.032407 0.032648 0.062963
0 1819 0.189843 0.035185 0.033857 0.068519
0 1820 0.302297 0.187037 0.039903 0.124074
0 1821 0.224305 0.169444 0.030230 0.135185
0 1822 0.252418 0.160185 0.035671 0.131481
0 1823 0.248489 0.125926 0.031439 0.118519
0 1824 0.245466 0.075926 0.031439 0.114815
0 1825 0.360943 0.227315 0.032648 0.134259
0 1826 0.355804 0.203241 0.038089 0.141667
0 1827 0.441657 0.187963 0.034462 0.096296
0 1828 0.422007 0.156481 0.026602 0.125926
0 1829 0.400544 0.162500 0.034462 0.132407
0 1830 0.284160 0.137500 0.032648 0.115741
0 1831 0.374547 0.162500 0.029625 0.112037
0 1832 0.369710 0.131481 0.032044 0.112963
0 1833 0.369407 0.116204 0.038694 0.139815
0 1834 0.334039 0.178704 0.034462 0.129630
0 1835 0.323761 0.160648 0.034462 0.121296
0 1836 0.014510 0.194444 0.027811 0.133333
0 1837 0.349154 0.161111 0.032044 0.131481
0 1838 0.262999 0.062037 0.031439 0.109259
0 1839 0.123640 0.085185 0.034462 0.146296
0 1840 0.129383 0.216204 0.027811 0.115741
0 1841 0.122430 0.112963 0.034462 0.129630
0 1943 0.142987 0.219907 0.034462 0.149074
0 1944 0.514510 0.063889 0.035067 0.125926
