0 1168 0.558646 0.890278 0.041112 0.167593
0 1169 0.570738 0.933333 0.043531 0.135185
0 1175 0.389359 0.558796 0.037485 0.134259
0 1176 0.009674 0.807870 0.018138 0.158333
0 1197 0.326784 0.341667 0.045345 0.135185
0 1198 0.156590 0.387500 0.031439 0.139815
0 1199 0.294438 0.576852 0.039903 0.164815
0 1200 0.323156 0.368519 0.034462 0.146296
0 1206 0.159613 0.403241 0.044740 0.145370
0 1208 0.632406 0.962037 0.050786 0.077778
0 1209 0.671100 0.948148 0.042322 0.105556
0 1210 0.616385 0.947685 0.039299 0.104630
0 1243 0.365780 0.949074 0.048368 0.101852
0 1246 0.756651 0.726389 0.042926 0.158333
0 1247 0.798368 0.698148 0.051391 0.162963
0 1249 0.828295 0.621296 0.049577 0.157407
0 1250 0.872430 0.749074 0.049577 0.148148
0 1251 0.844619 0.757407 0.043531 0.159259
0 1252 0.818017 0.894907 0.050786 0.169444
0 1279 0.212515 0.987963 0.029625 0.025926
0 1280 0.168077 0.972222 0.038694 0.053704
0 1284 0.840387 0.379167 0.037485 0.134259
0 1285 0.863362 0.375000 0.036276 0.125926
0 1306 0.295345 0.668519 0.045345 0.159259
0 1307 0.354595 0.627778 0.046554 0.159259
0 1308 0.376663 0.654630 0.036276 0.131481
0 1314 0.567715 0.949074 0.037485 0.103704
0 1317 0.500907 0.930556 0.047763 0.140741
0 1320 0.870919 0.871296 0.053809 0.168519
0 1325 0.233978 0.599537 0.036276 0.152778
0 1326 0.237606 0.571296 0.033857 0.148148
0 1328 0.187727 0.583796 0.041717 0.139815
0 1329 0.198609 0.546296 0.044135 0.146296
0 1330 0.166566 0.558333 0.045345 0.150000
0 1342 0.025998 0.764815 0.050786 0.159259
0 1343 0.379383 0.244907 0.032044 0.132407
0 1344 0.404776 0.249537 0.032044 0.132407
0 1345 0.012394 0.726389 0.023579 0.128704
0 1365 0.712817 0.960648 0.044740 0.078704
0 1394 0.673519 0.973611 0.039903 0.054630
0 1412 0.711911 0.397685 0.040508 0.128704
0 1413 0.750605 0.409259 0.039299 0.133333
0 1444 0.267231 0.391667 0.036276 0.142593
0 1445 0.246675 0.405093 0.035067 0.139815
0 1490 0.933495 0.704167 0.036276 0.136111
0 1501 0.308041 0.972222 0.041717 0.057407
0 1502 0.455865 0.983796 0.032648 0.034259
0 1531 0.531741 0.486111 0.041717 0.140741
0 1549 0.318017 0.786111 0.045949 0.162963
0 1555 0.918077 0.737500 0.038089 0.149074
0 1556 0.889964 0.735648 0.035067 0.119444
0 1557 0.564994 0.479630 0.039299 0.153704
0 1567 0.350060 0.491667 0.038694 0.124074
0 1570 0.289601 0.537963 0.044740 0.150000
0 1573 0.475816 0.450000 0.027811 0.135185
0 1592 0.359734 0.716667 0.036276 0.157407
0 1594 0.379383 0.748611 0.044135 0.169444
0 1638 0.444680 0.796296 0.053809 0.174074
0 1639 0.522672 0.812963 0.048972 0.159259
0 1640 0.508767 0.782870 0.038089 0.143519
0 1650 0.437424 0.747222 0.045345 0.148148
0 1653 0.678658 0.731019 0.046554 0.150926
0 1654 0.386336 0.459259 0.035067 0.111111
0 1655 0.464933 0.548611 0.035067 0.136111
0 1657 0.451330 0.511574 0.046554 0.106481
0 1660 0.462213 0.424074 0.033253 0.142593
0 1661 0.502418 0.455556 0.038694 0.144444
0 1662 0.172612 0.784722 0.051391 0.165741
0 1667 0.434704 0.439815 0.027811 0.124074
0 1668 0.511487 0.613889 0.037485 0.124074
0 1675 0.531741 0.218981 0.034462 0.100926
0 1676 0.507255 0.194444 0.039903 0.133333
0 1677 0.784764 0.460648 0.050786 0.149074
0 1678 0.733978 0.296296 0.048368 0.127778
0 1679 0.816203 0.481481 0.032648 0.118519
0 1690 0.526300 0.971759 0.036880 0.056481
0 1695 0.744256 0.260185 0.035067 0.129630
0 1696 0.623942 0.265741 0.033857 0.125926
0 1697 0.652358 0.284722 0.035067 0.137963
0 1699 0.713422 0.251852 0.037485 0.124074
0 1701 0.641173 0.335648 0.033253 0.137963
0 1702 0.581923 0.348148 0.039299 0.137037
0 1703 0.819226 0.151852 0.041112 0.137037
0 1704 0.668380 0.388889 0.048972 0.150000
0 1705 0.678356 0.423611 0.041112 0.132407
0 1706 0.835248 0.506944 0.039299 0.139815
0 1707 0.702539 0.525000 0.048368 0.151852
0 1708 0.668984 0.554167 0.046554 0.149074
0 1709 0.810459 0.528704 0.029625 0.094444
0 1710 0.722491 0.566667 0.044740 0.146296
0 1711 0.599758 0.419444 0.035067 0.137037
0 1712 0.577086 0.433796 0.034462 0.132407
0 1713 0.566203 0.274537 0.036880 0.143519
0 1714 0.543229 0.274074 0.027207 0.120370
0 1715 0.800484 0.536574 0.044740 0.160185
0 1716 0.537485 0.557870 0.043531 0.137963
0 1717 0.574365 0.591667 0.035067 0.153704
0 1718 0.641173 0.578704 0.044135 0.157407
0 1719 0.317110 0.285185 0.036880 0.125926
0 1720 0.217050 0.391667 0.036276 0.144444
0 1721 0.529323 0.345370 0.041717 0.144444
0 1722 0.497279 0.293056 0.039299 0.137963
0 1723 0.290206 0.276389 0.035067 0.130556
0 1725 0.033857 0.421759 0.042322 0.152778
0 1726 0.067412 0.449074 0.046554 0.142593
0 1727 0.392382 0.931019 0.054414 0.136111
0 1728 0.800484 0.769444 0.039903 0.162963
0 1729 0.966747 0.474074 0.041112 0.135185
0 1730 0.950726 0.516204 0.053809 0.143519
0 1733 0.016929 0.268981 0.032648 0.143519
0 1734 0.101572 0.241204 0.042322 0.134259
0 1735 0.093410 0.263426 0.038089 0.128704
0 1736 0.233071 0.209259 0.038089 0.125926
0 1737 0.275695 0.180556 0.033857 0.112963
0 1738 0.086759 0.191667 0.034462 0.148148
0 1739 0.009674 0.178704 0.018138 0.155556
0 1740 0.077993 0.403241 0.042322 0.165741
0 1741 0.805925 0.166667 0.033857 0.125926
0 1742 0.753023 0.148611 0.032044 0.134259
0 1743 0.693168 0.113426 0.029625 0.132407
0 1744 0.133313 0.538889 0.038089 0.159259
0 1747 0.021765 0.513889 0.041112 0.157407
0 1748 0.003325 0.503704 0.005441 0.155556
0 1749 0.717956 0.428241 0.039299 0.145370
0 1750 0.699819 0.468056 0.044135 0.145370
0 1751 0.087666 0.528241 0.043531 0.169444
0 1752 0.145103 0.500463 0.041112 0.149074
0 1753 0.270556 0.721296 0.041717 0.190741
0 1754 0.250302 0.760648 0.039903 0.171296
0 1761 0.871524 0.491204 0.048972 0.171296
0 1765 0.024486 0.957407 0.047763 0.085185
0 1766 0.038694 0.938426 0.054414 0.125000
0 1767 0.319226 0.879630 0.055623 0.155556
0 1768 0.299879 0.824074 0.060459 0.164815
0 1769 0.990326 0.375926 0.018138 0.118519
0 1770 0.956167 0.355093 0.036880 0.158333
0 1771 0.969770 0.182870 0.039903 0.143519
0 1772 0.945284 0.180093 0.036880 0.130556
0 1773 0.969166 0.110185 0.030230 0.124074
0 1774 0.946796 0.105093 0.035067 0.123148
0 1775 0.809250 0.287500 0.039299 0.143519
0 1776 0.010580 0.711111 0.019952 0.142593
0 1777 0.015417 0.648611 0.029625 0.162037
0 1778 0.148126 0.662963 0.053204 0.159259
0 1786 0.010278 0.259722 0.019347 0.136111
0 1787 0.017231 0.214352 0.033253 0.145370
0 1788 0.260883 0.309259 0.032044 0.142593
0 1790 0.645405 0.414352 0.038089 0.134259
0 1791 0.121221 0.202315 0.032044 0.150926
0 1792 0.606106 0.359722 0.040508 0.136111
0 1793 0.676542 0.340741 0.038694 0.135185
0 1794 0.246372 0.273148 0.036880 0.144444
0 1795 0.610943 0.306481 0.040508 0.137037
0 1796 0.271463 0.227778 0.036276 0.142593
0 1797 0.685006 0.232870 0.042322 0.149074
0 1798 0.668077 0.027778 0.029021 0.053704
0 1799 0.642987 0.029630 0.028416 0.057407
0 1800 0.625453 0.021296 0.019952 0.040741
0 1801 0.657799 0.165278 0.036276 0.137963
0 1802 0.619105 0.172222 0.044740 0.129630
0 1803 0.576784 0.093519 0.038694 0.124074
0 1804 0.548065 0.081481 0.042926 0.129630
0 1805 0.468863 0.183796 0.041717 0.137963
0 1806 0.448005 0.041204 0.030230 0.080556
0 1808 0.478235 0.075463 0.033857 0.117593
0 1809 0.396312 0.047685 0.032044 0.093519
0 1810 0.352781 0.040741 0.036880 0.079630
0 1811 0.323458 0.039815 0.035067 0.077778
0 1812 0.082225 0.176852 0.033857 0.131481
0 1813 0.105804 0.112500 0.032648 0.121296
0 1814 0.185611 0.154630 0.033857 0.137037
0 1815 0.150846 0.082870 0.032044 0.121296
0 1816 0.160218 0.108333 0.035067 0.124074
0 1817 0.185913 0.124537 0.034462 0.132407
0 1818 0.146917 0.031944 0.032648 0.062037
0 1819 0.186820 0.034722 0.033857 0.067593
0 1820 0.302902 0.187037 0.039903 0.124074
0 1821 0.223700 0.169444 0.030230 0.135185
0 1822 0.251814 0.160185 0.035671 0.131481
0 1823 0.248489 0.125926 0.031439 0.118519
0 1824 0.244256 0.074074 0.031439 0.114815
0 1825 0.362152 0.226389 0.032648 0.134259
0 1826 0.356711 0.202315 0.037485 0.141667
0 1827 0.441657 0.187963 0.034462 0.096296
0 1828 0.421705 0.156481 0.027207 0.125926
0 1829 0.400242 0.161574 0.033857 0.132407
0 1830 0.284160 0.137500 0.032648 0.115741
0 1831 0.373942 0.161574 0.029625 0.112037
0 1832 0.369710 0.130556 0.032044 0.112963
0 1833 0.370012 0.115278 0.038694 0.139815
0 1834 0.333736 0.178704 0.035067 0.129630
0 1835 0.323761 0.159722 0.034462 0.121296
0 1836 0.014813 0.193519 0.028416 0.133333
0 1837 0.348549 0.160648 0.032044 0.130556
0 1838 0.261487 0.061111 0.030834 0.109259
0 1839 0.123942 0.084259 0.035067 0.146296
0 1840 0.129988 0.216204 0.027811 0.115741
0 1841 0.122733 0.111574 0.035067 0.128704
0 1943 0.143591 0.219907 0.034462 0.149074
0 1944 0.515115 0.063426 0.035067 0.125000
