0 1168 0.558041 0.898148 0.039903 0.170370
0 1169 0.562273 0.936574 0.041112 0.128704
0 1175 0.389057 0.562037 0.036880 0.135185
0 1176 0.138452 0.735185 0.043531 0.164815
0 1188 0.816203 0.939815 0.048368 0.118519
0 1193 0.804414 0.957870 0.046554 0.086111
0 1194 0.774184 0.973148 0.040508 0.053704
0 1197 0.333736 0.356944 0.049577 0.136111
0 1198 0.215840 0.372222 0.032648 0.140741
0 1199 0.262696 0.509722 0.039299 0.154630
0 1200 0.344921 0.377778 0.036880 0.148148
0 1206 0.209492 0.387037 0.041717 0.146296
0 1208 0.631802 0.963889 0.051995 0.074074
0 1209 0.672914 0.953241 0.042322 0.095370
0 1210 0.619407 0.950926 0.041717 0.100000
0 1242 0.026602 0.577778 0.047158 0.161111
0 1243 0.432890 0.850926 0.048368 0.187037
0 1244 0.004232 0.489815 0.007255 0.157407
0 1246 0.713422 0.615741 0.041112 0.153704
0 1247 0.766626 0.596296 0.051995 0.162963
0 1249 0.798972 0.501389 0.051391 0.134259
0 1250 0.844921 0.626389 0.044135 0.149074
0 1251 0.814692 0.637500 0.044135 0.156481
0 1252 0.804716 0.763426 0.045949 0.154630
0 1275 0.565296 0.961111 0.045949 0.079630
0 1279 0.235187 0.922685 0.051995 0.156481
0 1280 0.220979 0.912037 0.041717 0.172222
0 1281 0.902660 0.957407 0.042322 0.087037
0 1282 0.956469 0.971296 0.031439 0.059259
0 1283 0.983374 0.961111 0.029625 0.079630
0 1284 0.841596 0.382407 0.036276 0.135185
0 1285 0.865478 0.379167 0.036880 0.123148
0 1287 0.062878 0.977315 0.036276 0.047222
0 1288 0.117594 0.964352 0.038089 0.071296
0 1306 0.294740 0.669444 0.047763 0.159259
0 1307 0.351874 0.633796 0.043531 0.163889
0 1308 0.376965 0.656944 0.036880 0.132407
0 1314 0.560459 0.948611 0.037485 0.102778
0 1317 0.509976 0.937500 0.052600 0.125000
0 1320 0.846131 0.760185 0.056227 0.159259
0 1321 0.005139 0.557407 0.009069 0.161111
0 1325 0.234281 0.605556 0.039299 0.151852
0 1326 0.237606 0.582407 0.033857 0.148148
0 1328 0.185913 0.593981 0.041717 0.139815
0 1329 0.202842 0.555093 0.041717 0.143519
0 1330 0.164148 0.576389 0.040508 0.150926
0 1342 0.151451 0.701852 0.045345 0.151852
0 1343 0.381499 0.249074 0.032648 0.131481
0 1344 0.406288 0.259722 0.029021 0.132407
0 1345 0.146312 0.662037 0.032648 0.129630
0 1365 0.712817 0.967130 0.044740 0.067593
0 1394 0.674123 0.979630 0.037485 0.042593
0 1412 0.713422 0.402778 0.037485 0.127778
0 1413 0.752418 0.415741 0.039299 0.138889
0 1444 0.267231 0.399537 0.037485 0.143519
0 1445 0.248489 0.411111 0.035067 0.142593
0 1490 0.928356 0.709259 0.040508 0.135185
0 1501 0.309250 0.975463 0.039299 0.050926
0 1502 0.458283 0.985185 0.038694 0.031481
0 1531 0.536578 0.532870 0.039299 0.156481
0 1549 0.317715 0.790741 0.046554 0.162963
0 1555 0.919287 0.741667 0.044135 0.144444
0 1556 0.888452 0.745833 0.034462 0.126852
0 1557 0.571644 0.512037 0.040508 0.148148
0 1567 0.348851 0.500000 0.037485 0.131481
0 1570 0.297763 0.512500 0.039299 0.156481
0 1573 0.472793 0.455556 0.027811 0.135185
0 1592 0.362152 0.724537 0.043531 0.160185
0 1593 0.051693 0.758333 0.056227 0.148148
0 1594 0.378476 0.755556 0.044740 0.168519
0 1595 0.162031 0.790741 0.067715 0.175926
0 1638 0.277811 0.832407 0.063482 0.168519
0 1639 0.393894 0.838426 0.058646 0.165741
0 1640 0.362757 0.835185 0.043531 0.146296
0 1650 0.445586 0.757407 0.045949 0.151852
0 1653 0.675030 0.737963 0.042926 0.151852
0 1654 0.385429 0.462963 0.034462 0.109259
0 1655 0.465236 0.562500 0.036880 0.139815
0 1657 0.449819 0.518056 0.038694 0.104630
0 1660 0.462515 0.427778 0.032648 0.140741
0 1661 0.494256 0.424074 0.035671 0.148148
0 1662 0.263603 0.774537 0.047158 0.171296
0 1667 0.436518 0.446296 0.027811 0.124074
0 1668 0.517533 0.606019 0.037485 0.128704
0 1675 0.503628 0.272685 0.035067 0.100926
0 1676 0.489722 0.254167 0.035067 0.134259
0 1677 0.772672 0.329630 0.059250 0.144444
0 1678 0.809855 0.233333 0.044135 0.124074
0 1679 0.798368 0.349537 0.024788 0.117593
0 1682 0.982769 0.593519 0.033253 0.148148
0 1685 0.975212 0.906944 0.047158 0.147222
0 1690 0.637243 0.855556 0.043531 0.155556
0 1695 0.691052 0.204167 0.032648 0.121296
0 1696 0.598549 0.186111 0.035067 0.127778
0 1697 0.625151 0.202315 0.032648 0.137963
0 1699 0.672914 0.195833 0.036276 0.126852
0 1701 0.619105 0.250000 0.036276 0.142593
0 1702 0.559250 0.256019 0.039903 0.137963
0 1703 0.867291 0.152315 0.040508 0.119444
0 1704 0.644196 0.295370 0.044135 0.144444
0 1705 0.630895 0.323148 0.034462 0.129630
0 1706 0.782346 0.399537 0.039903 0.134259
0 1707 0.658706 0.413889 0.044135 0.151852
0 1708 0.616989 0.446296 0.044135 0.148148
0 1709 0.770859 0.433796 0.027811 0.093519
0 1710 0.673821 0.457870 0.039299 0.134259
0 1711 0.553507 0.329630 0.034462 0.131481
0 1712 0.524486 0.343981 0.034462 0.125000
0 1713 0.545345 0.200926 0.037485 0.135185
0 1714 0.528114 0.212500 0.027207 0.121296
0 1715 0.719468 0.439815 0.048368 0.150000
0 1716 0.615780 0.506019 0.041717 0.145370
0 1717 0.646312 0.513889 0.038694 0.153704
0 1718 0.670496 0.502315 0.042322 0.160185
0 1719 0.372733 0.217130 0.036880 0.117593
0 1720 0.289601 0.300926 0.037485 0.135185
0 1721 0.454051 0.229167 0.042322 0.134259
0 1722 0.455260 0.193981 0.036276 0.126852
0 1723 0.347642 0.205556 0.035067 0.118519
0 1724 0.062576 0.303704 0.044135 0.148148
0 1725 0.111245 0.327778 0.036276 0.138889
0 1726 0.134825 0.349074 0.033857 0.142593
0 1727 0.491536 0.839815 0.048368 0.174074
0 1728 0.768138 0.647222 0.045345 0.159259
0 1729 0.803507 0.465741 0.054414 0.142593
0 1730 0.758464 0.492593 0.047763 0.142593
0 1732 0.014510 0.237963 0.027811 0.129630
0 1733 0.073761 0.213889 0.045949 0.140741
0 1734 0.116687 0.180093 0.037485 0.126852
0 1735 0.146917 0.206019 0.029021 0.121296
0 1736 0.243047 0.168056 0.035067 0.123148
0 1737 0.289601 0.143519 0.035067 0.112963
0 1738 0.129988 0.138889 0.036276 0.142593
0 1739 0.047763 0.112963 0.036276 0.131481
0 1740 0.114571 0.308333 0.040508 0.164815
0 1741 0.663543 0.146759 0.032044 0.123148
0 1742 0.678960 0.132407 0.030230 0.135185
0 1743 0.662031 0.102778 0.022975 0.125926
0 1744 0.171705 0.455556 0.036276 0.148148
0 1747 0.097642 0.418056 0.036880 0.154630
0 1748 0.066505 0.410648 0.038694 0.147222
0 1749 0.626360 0.379167 0.037485 0.136111
0 1750 0.595526 0.396759 0.043531 0.126852
0 1751 0.143591 0.435648 0.038089 0.158333
0 1752 0.191959 0.434722 0.041717 0.149074
0 1753 0.295949 0.612963 0.046554 0.172222
0 1754 0.264510 0.663426 0.041717 0.163889
0 1761 0.804111 0.386574 0.045949 0.163889
0 1762 0.981862 0.320370 0.033857 0.148148
0 1767 0.074063 0.873611 0.063482 0.149074
0 1768 0.066808 0.829167 0.061064 0.162037
0 1769 0.983978 0.251389 0.029625 0.121296
0 1770 0.949214 0.237500 0.032648 0.152778
0 1771 0.985490 0.106019 0.029021 0.137963
0 1772 0.954958 0.096759 0.032044 0.121296
0 1773 0.970375 0.036574 0.029021 0.071296
0 1774 0.948609 0.031944 0.027811 0.062037
0 1775 0.872128 0.212500 0.039299 0.132407
0 1778 0.005441 0.689352 0.009674 0.165741
0 1783 0.012696 0.163889 0.024184 0.135185
0 1786 0.066203 0.200926 0.036880 0.125926
0 1787 0.041112 0.150000 0.037485 0.140741
0 1788 0.312576 0.216667 0.031439 0.125926
0 1790 0.602781 0.316667 0.038694 0.137037
0 1791 0.152963 0.156481 0.032648 0.140741
0 1792 0.574970 0.256019 0.035067 0.128704
0 1793 0.641778 0.245370 0.039299 0.135185
0 1794 0.292624 0.195833 0.036276 0.137963
0 1795 0.601874 0.228704 0.036880 0.131481
0 1796 0.339178 0.163426 0.035067 0.143519
0 1797 0.652056 0.168056 0.038089 0.139815
0 1801 0.640266 0.106944 0.037485 0.143519
0 1802 0.605804 0.095833 0.039903 0.117593
0 1803 0.571644 0.053241 0.039299 0.104630
0 1804 0.535067 0.049537 0.039903 0.097222
0 1805 0.451935 0.125463 0.039299 0.137963
0 1806 0.448005 0.040278 0.029021 0.078704
0 1808 0.535973 0.034259 0.032044 0.066667
0 1812 0.126965 0.126852 0.032648 0.135185
0 1813 0.143289 0.052778 0.030230 0.103704
0 1814 0.269952 0.068519 0.034462 0.124074
0 1815 0.186215 0.047685 0.032648 0.093519
0 1816 0.193773 0.062037 0.034462 0.116667
0 1817 0.216445 0.066204 0.035067 0.115741
0 1820 0.379988 0.127315 0.038089 0.123148
0 1821 0.202539 0.112963 0.033857 0.124074
0 1822 0.233978 0.117130 0.037485 0.132407
0 1823 0.266324 0.097685 0.034462 0.117593
0 1825 0.464933 0.169444 0.041112 0.135185
0 1826 0.441052 0.144444 0.039299 0.131481
0 1827 0.420193 0.121759 0.029021 0.095370
0 1828 0.388452 0.097685 0.025998 0.110185
0 1829 0.373640 0.106019 0.035067 0.130556
0 1830 0.283555 0.128241 0.032648 0.115741
0 1831 0.349456 0.113426 0.030230 0.117593
0 1832 0.333434 0.082407 0.030834 0.112963
0 1833 0.448307 0.067130 0.036880 0.130556
0 1834 0.359432 0.143519 0.034462 0.129630
0 1835 0.333736 0.127315 0.032648 0.121296
0 1836 0.070738 0.120370 0.033857 0.129630
0 1837 0.313180 0.111574 0.032648 0.123148
0 1838 0.156590 0.020833 0.029021 0.039815
0 1839 0.163543 0.046296 0.034462 0.090741
0 1840 0.155381 0.170370 0.026602 0.107407
0 1841 0.163241 0.050000 0.035067 0.098148
0 1943 0.181076 0.164815 0.036880 0.142593
0 1944 0.570133 0.033333 0.035067 0.064815
