0 1168 0.558041 0.898148 0.039903 0.170370
0 1169 0.569226 0.936111 0.041717 0.129630
0 1175 0.389359 0.560185 0.037485 0.135185
0 1176 0.083434 0.787500 0.058041 0.173148
0 1188 0.858222 0.982407 0.036880 0.037037
0 1197 0.332527 0.357870 0.050786 0.134259
0 1198 0.178053 0.387963 0.032044 0.140741
0 1199 0.285973 0.559259 0.041112 0.155556
0 1200 0.330713 0.376852 0.033857 0.148148
0 1206 0.181983 0.405556 0.044740 0.146296
0 1208 0.632104 0.962963 0.051391 0.075926
0 1209 0.671705 0.950000 0.042322 0.101852
0 1210 0.617896 0.952315 0.041112 0.097222
0 1243 0.371221 0.917593 0.050786 0.166667
0 1246 0.738513 0.682870 0.041717 0.156481
0 1247 0.790206 0.663889 0.051995 0.162963
0 1249 0.816203 0.574537 0.050786 0.156481
0 1250 0.853386 0.704167 0.044135 0.149074
0 1251 0.826481 0.711574 0.043531 0.156481
0 1252 0.810157 0.848611 0.045949 0.162037
0 1279 0.218561 0.959259 0.048972 0.079630
0 1280 0.185913 0.949074 0.047763 0.103704
0 1284 0.840689 0.380556 0.036880 0.135185
0 1285 0.866989 0.383333 0.033857 0.127778
0 1306 0.295042 0.669444 0.045949 0.159259
0 1307 0.353688 0.630556 0.045949 0.161111
0 1308 0.376663 0.655556 0.036276 0.131481
0 1314 0.564994 0.948611 0.038089 0.102778
0 1317 0.503930 0.933796 0.048972 0.134259
0 1320 0.867896 0.835648 0.051391 0.169444
0 1325 0.233978 0.602315 0.037485 0.152778
0 1326 0.237606 0.575926 0.033857 0.148148
0 1328 0.187122 0.587500 0.041717 0.139815
0 1329 0.200423 0.550926 0.042926 0.144444
0 1330 0.165659 0.565741 0.043531 0.150000
0 1342 0.071342 0.743056 0.051995 0.158333
0 1343 0.380593 0.246296 0.032044 0.131481
0 1344 0.405381 0.253241 0.030834 0.132407
0 1345 0.065901 0.705093 0.032648 0.128704
0 1365 0.712817 0.963889 0.044740 0.074074
0 1394 0.672914 0.977315 0.038694 0.047222
0 1412 0.712213 0.404630 0.037485 0.129630
0 1413 0.750605 0.417593 0.039299 0.138889
0 1444 0.266929 0.400463 0.034462 0.143519
0 1445 0.247279 0.407407 0.035067 0.140741
0 1490 0.931076 0.709722 0.037485 0.134259
0 1501 0.308646 0.973611 0.040508 0.054630
0 1502 0.456771 0.984259 0.035671 0.033333
0 1531 0.525393 0.506019 0.038694 0.154630
0 1549 0.317715 0.787963 0.046554 0.162963
0 1555 0.917473 0.743981 0.044135 0.139815
0 1556 0.888755 0.745833 0.035067 0.119444
0 1557 0.578900 0.498611 0.041717 0.154630
0 1567 0.348851 0.498611 0.037485 0.128704
0 1570 0.294438 0.525926 0.043531 0.148148
0 1573 0.472189 0.456481 0.027811 0.135185
0 1592 0.360641 0.719907 0.039299 0.158333
0 1594 0.378476 0.752778 0.045949 0.168519
0 1595 0.029021 0.793519 0.056832 0.179630
0 1638 0.381499 0.823611 0.054414 0.176852
0 1639 0.473398 0.845370 0.050786 0.168519
0 1640 0.464027 0.799537 0.036880 0.139815
0 1650 0.437122 0.757407 0.045949 0.151852
0 1653 0.677146 0.735648 0.044740 0.150926
0 1654 0.385732 0.461111 0.035067 0.111111
0 1655 0.464933 0.556944 0.036276 0.137963
0 1657 0.450726 0.514815 0.042926 0.105556
0 1660 0.462213 0.425463 0.033253 0.141667
0 1661 0.502721 0.441667 0.039299 0.146296
0 1662 0.219770 0.798611 0.051391 0.171296
0 1667 0.436518 0.447222 0.027811 0.124074
0 1668 0.515417 0.617130 0.034462 0.126852
0 1675 0.512092 0.245833 0.035067 0.100926
0 1676 0.500302 0.223611 0.035671 0.134259
0 1677 0.788392 0.412963 0.044740 0.148148
0 1678 0.752721 0.277778 0.048368 0.133333
0 1679 0.803507 0.429167 0.032648 0.117593
0 1690 0.581620 0.944907 0.043531 0.110185
0 1695 0.716445 0.239352 0.032648 0.125000
0 1696 0.615478 0.237500 0.033857 0.136111
0 1697 0.641475 0.254630 0.032648 0.137037
0 1699 0.692866 0.230556 0.036276 0.120370
0 1701 0.627267 0.306481 0.036880 0.138889
0 1702 0.568622 0.310185 0.039299 0.137037
0 1703 0.834946 0.156944 0.060459 0.117593
0 1704 0.652963 0.352778 0.047158 0.148148
0 1705 0.653265 0.385648 0.035671 0.128704
0 1706 0.805018 0.468056 0.042926 0.134259
0 1707 0.673216 0.481019 0.044135 0.150926
0 1708 0.654776 0.515278 0.047158 0.149074
0 1709 0.780834 0.493056 0.027207 0.093519
0 1710 0.705562 0.528704 0.043531 0.142593
0 1711 0.581016 0.387037 0.035067 0.135185
0 1712 0.550786 0.402778 0.035067 0.131481
0 1713 0.560459 0.253241 0.037485 0.143519
0 1714 0.536578 0.254167 0.027207 0.121296
0 1715 0.773277 0.501389 0.044740 0.160185
0 1716 0.575574 0.549537 0.043531 0.147222
0 1717 0.602781 0.574074 0.037485 0.162963
0 1718 0.658404 0.559259 0.045949 0.168519
0 1719 0.338875 0.262500 0.036880 0.126852
0 1720 0.246675 0.355556 0.036276 0.135185
0 1721 0.507860 0.298148 0.041112 0.138889
0 1722 0.469770 0.251852 0.032648 0.137037
0 1723 0.313785 0.256019 0.033857 0.126852
0 1724 0.014208 0.371759 0.027207 0.149074
0 1725 0.062273 0.390741 0.037485 0.148148
0 1726 0.087364 0.411111 0.046554 0.142593
0 1727 0.417473 0.898611 0.048972 0.173148
0 1728 0.783253 0.724074 0.046554 0.159259
0 1729 0.915054 0.475000 0.048972 0.140741
0 1730 0.873337 0.513889 0.052600 0.140741
0 1732 0.002721 0.283796 0.004232 0.128704
0 1733 0.040508 0.252315 0.047158 0.143519
0 1734 0.112152 0.221759 0.040508 0.128704
0 1735 0.123640 0.246296 0.035671 0.129630
0 1736 0.233374 0.196296 0.036276 0.124074
0 1737 0.290810 0.165741 0.035067 0.112963
0 1738 0.103386 0.173611 0.033857 0.143519
0 1739 0.018138 0.158796 0.035067 0.152778
0 1740 0.090689 0.369907 0.042322 0.165741
0 1741 0.750302 0.166204 0.032648 0.123148
0 1742 0.725514 0.148611 0.035067 0.134259
0 1743 0.670193 0.107870 0.023579 0.126852
0 1744 0.151149 0.511111 0.041112 0.159259
0 1747 0.048065 0.480556 0.040508 0.159259
0 1748 0.018742 0.472222 0.036276 0.151852
0 1749 0.684401 0.412963 0.037485 0.142593
0 1750 0.655683 0.450463 0.045345 0.145370
0 1751 0.112757 0.493519 0.042926 0.162963
0 1752 0.154776 0.468056 0.041112 0.149074
0 1753 0.252418 0.683333 0.046554 0.181481
0 1754 0.252721 0.717130 0.042322 0.171296
0 1761 0.839782 0.458333 0.045949 0.164815
0 1766 0.016626 0.932407 0.032044 0.131481
0 1767 0.223398 0.907407 0.061064 0.162963
0 1768 0.199516 0.841667 0.056832 0.164815
0 1769 0.987304 0.328704 0.022975 0.120370
0 1770 0.952842 0.309722 0.037485 0.154630
0 1771 0.978839 0.154167 0.037485 0.137963
0 1772 0.946493 0.148611 0.035671 0.128704
0 1773 0.967956 0.071759 0.029021 0.110185
0 1774 0.947400 0.070370 0.033857 0.114815
0 1775 0.835248 0.262500 0.039299 0.143519
0 1778 0.082225 0.669444 0.058041 0.162963
0 1786 0.026602 0.237500 0.039903 0.128704
0 1787 0.018138 0.193981 0.035067 0.143519
0 1788 0.280834 0.273148 0.032044 0.137037
0 1790 0.620617 0.382870 0.038089 0.137963
0 1791 0.135429 0.183333 0.032648 0.144444
0 1792 0.590085 0.320833 0.036276 0.132407
0 1793 0.660218 0.310185 0.038694 0.135185
0 1794 0.263906 0.246296 0.036880 0.142593
0 1795 0.599758 0.275926 0.039903 0.133333
0 1796 0.303204 0.201852 0.036880 0.142593
0 1797 0.670798 0.208796 0.041717 0.143519
0 1798 0.676239 0.020833 0.032044 0.039815
0 1799 0.651451 0.017593 0.024788 0.033333
0 1801 0.648730 0.143981 0.036276 0.143519
0 1802 0.611850 0.149074 0.043531 0.129630
0 1803 0.576179 0.078704 0.038694 0.124074
0 1804 0.547763 0.065278 0.039903 0.128704
0 1805 0.456771 0.167130 0.039299 0.137963
0 1806 0.448005 0.043981 0.029021 0.086111
0 1808 0.503023 0.057870 0.031439 0.113889
0 1809 0.415054 0.038889 0.029625 0.075926
0 1810 0.381802 0.028241 0.030834 0.054630
0 1812 0.107618 0.152315 0.032648 0.134259
0 1813 0.116687 0.089352 0.032648 0.121296
0 1814 0.220375 0.118981 0.034462 0.137963
0 1815 0.161125 0.066204 0.032044 0.121296
0 1816 0.167775 0.092593 0.034462 0.124074
0 1817 0.193168 0.106019 0.034462 0.132407
0 1818 0.097944 0.033333 0.032648 0.064815
0 1819 0.126663 0.025926 0.034462 0.050000
0 1820 0.324667 0.166667 0.039903 0.124074
0 1821 0.218259 0.154630 0.029021 0.124074
0 1822 0.240629 0.153241 0.037485 0.132407
0 1823 0.256046 0.117130 0.034462 0.117593
0 1824 0.209190 0.057407 0.032648 0.112963
0 1825 0.405683 0.209722 0.030230 0.134259
0 1826 0.383918 0.179630 0.038694 0.131481
0 1827 0.432285 0.163426 0.027811 0.095370
0 1828 0.409008 0.141667 0.030834 0.120370
0 1829 0.390568 0.138426 0.035067 0.132407
0 1830 0.285973 0.138426 0.032648 0.115741
0 1831 0.364571 0.148611 0.029021 0.121296
0 1832 0.359129 0.118519 0.032648 0.112963
0 1833 0.391778 0.094907 0.039903 0.139815
0 1834 0.339480 0.168519 0.034462 0.129630
0 1835 0.327993 0.149537 0.032044 0.121296
0 1836 0.031741 0.165278 0.029625 0.128704
0 1837 0.335550 0.143056 0.032648 0.123148
0 1838 0.220677 0.044907 0.029021 0.087963
0 1839 0.135429 0.068981 0.035067 0.136111
0 1840 0.139057 0.206019 0.027811 0.115741
0 1841 0.134825 0.080093 0.035067 0.125000
0 1943 0.155985 0.203241 0.037485 0.143519
0 1944 0.539299 0.055093 0.035067 0.108333
