0 1168 0.558041 0.898148 0.039903 0.170370
0 1169 0.562273 0.936574 0.041112 0.128704
0 1175 0.389359 0.561574 0.037485 0.134259
0 1176 0.137243 0.736111 0.043531 0.164815
0 1188 0.816808 0.941204 0.048368 0.117593
0 1193 0.805320 0.959259 0.047158 0.083333
0 1194 0.775393 0.974074 0.039299 0.051852
0 1197 0.333736 0.356944 0.049577 0.136111
0 1198 0.214631 0.372222 0.032648 0.140741
0 1199 0.262696 0.510648 0.039299 0.154630
0 1200 0.344619 0.377778 0.037485 0.148148
0 1206 0.208283 0.387037 0.041717 0.146296
0 1208 0.631802 0.963889 0.051995 0.074074
0 1209 0.672914 0.953241 0.042322 0.095370
0 1210 0.619407 0.950926 0.041717 0.100000
0 1242 0.025091 0.579167 0.047763 0.160185
0 1243 0.430774 0.852778 0.048972 0.187037
0 1244 0.003628 0.490741 0.006046 0.157407
0 1246 0.714027 0.617593 0.041112 0.153704
0 1247 0.767231 0.598148 0.051995 0.162963
0 1249 0.799274 0.502315 0.051995 0.134259
0 1250 0.844921 0.628241 0.044135 0.149074
0 1251 0.815296 0.639352 0.044135 0.156481
0 1252 0.805320 0.766204 0.045949 0.156481
0 1275 0.564692 0.962037 0.045949 0.077778
0 1279 0.233978 0.923148 0.051995 0.155556
0 1280 0.219468 0.912963 0.042322 0.170370
0 1281 0.903265 0.958796 0.042322 0.084259
0 1282 0.957376 0.972685 0.032044 0.056481
0 1283 0.984281 0.962500 0.029021 0.076852
0 1284 0.841596 0.382407 0.036276 0.135185
0 1285 0.865478 0.379167 0.036880 0.123148
0 1287 0.062273 0.978241 0.035067 0.045370
0 1288 0.116989 0.965278 0.038089 0.069444
0 1306 0.294740 0.669444 0.047763 0.159259
0 1307 0.351874 0.633796 0.043531 0.163889
0 1308 0.376965 0.656944 0.036880 0.132407
0 1314 0.560459 0.948611 0.037485 0.102778
0 1317 0.509976 0.937500 0.052600 0.125000
0 1320 0.846735 0.762037 0.056227 0.159259
0 1321 0.004232 0.558333 0.007255 0.161111
0 1325 0.234281 0.605556 0.039299 0.151852
0 1326 0.237606 0.581481 0.033857 0.148148
0 1328 0.185913 0.593981 0.041717 0.139815
0 1329 0.202842 0.555093 0.041717 0.143519
0 1330 0.164148 0.576389 0.040508 0.150926
0 1342 0.149940 0.702778 0.045949 0.151852
0 1343 0.381499 0.249074 0.032648 0.131481
0 1344 0.406288 0.259722 0.029021 0.132407
0 1345 0.143894 0.662963 0.032648 0.129630
0 1365 0.712817 0.967130 0.044740 0.067593
0 1394 0.674123 0.979630 0.037485 0.042593
0 1412 0.713422 0.402778 0.037485 0.127778
0 1413 0.752418 0.415741 0.039299 0.138889
0 1444 0.267231 0.399537 0.037485 0.143519
0 1445 0.248489 0.411111 0.035067 0.142593
0 1490 0.928356 0.709259 0.040508 0.135185
0 1501 0.309250 0.975463 0.039299 0.050926
0 1502 0.458283 0.985185 0.038694 0.031481
0 1531 0.536578 0.531944 0.039299 0.156481
0 1549 0.317715 0.790741 0.046554 0.162963
0 1555 0.919287 0.741667 0.044135 0.144444
0 1556 0.888452 0.745833 0.034462 0.126852
0 1557 0.571947 0.511574 0.041112 0.147222
0 1567 0.348851 0.500000 0.037485 0.131481
0 1570 0.297461 0.512500 0.039903 0.156481
0 1573 0.472793 0.455556 0.027811 0.135185
0 1592 0.361850 0.724074 0.042926 0.159259
0 1593 0.049274 0.757407 0.056227 0.148148
0 1594 0.378174 0.755556 0.045345 0.168519
0 1595 0.159008 0.790741 0.067715 0.175926
0 1638 0.280230 0.832407 0.063482 0.168519
0 1639 0.395707 0.838426 0.058646 0.165741
0 1640 0.365175 0.835185 0.043531 0.146296
0 1650 0.445586 0.757407 0.045949 0.151852
0 1653 0.675030 0.738426 0.042926 0.150926
0 1654 0.385429 0.462963 0.034462 0.109259
0 1655 0.465236 0.562500 0.036880 0.139815
0 1657 0.449819 0.518056 0.038694 0.104630
0 1660 0.462515 0.427778 0.032648 0.140741
0 1661 0.494256 0.424074 0.035671 0.148148
0 1662 0.262394 0.775463 0.047158 0.171296
0 1667 0.436518 0.446296 0.027811 0.124074
0 1668 0.517533 0.606019 0.037485 0.128704
0 1675 0.503628 0.271759 0.035067 0.100926
0 1676 0.490931 0.253241 0.035067 0.134259
0 1677 0.772370 0.331019 0.059855 0.145370
0 1678 0.808343 0.234259 0.044740 0.124074
0 1679 0.798065 0.351389 0.025393 0.117593
0 1682 0.983071 0.596296 0.032648 0.148148
0 1685 0.976723 0.909722 0.044135 0.147222
0 1690 0.637243 0.858796 0.043531 0.154630
0 1695 0.691354 0.205093 0.032044 0.121296
0 1696 0.598549 0.187037 0.035067 0.127778
0 1697 0.625151 0.203241 0.032648 0.137963
0 1699 0.672914 0.197685 0.036276 0.126852
0 1701 0.619407 0.251852 0.036880 0.142593
0 1702 0.559250 0.256944 0.039903 0.137963
0 1703 0.867594 0.152315 0.041112 0.117593
0 1704 0.644196 0.297222 0.044135 0.144444
0 1705 0.631197 0.325000 0.035067 0.129630
0 1706 0.782648 0.401389 0.040508 0.134259
0 1707 0.658706 0.415741 0.044135 0.151852
0 1708 0.617594 0.447222 0.044135 0.148148
0 1709 0.771463 0.435648 0.027811 0.093519
0 1710 0.674426 0.459722 0.039299 0.134259
0 1711 0.553809 0.330556 0.035067 0.131481
0 1712 0.524788 0.345833 0.033857 0.125000
0 1713 0.545647 0.201852 0.036880 0.135185
0 1714 0.528114 0.213426 0.027207 0.121296
0 1715 0.720979 0.441204 0.047763 0.150926
0 1716 0.615478 0.507407 0.042322 0.146296
0 1717 0.646312 0.515741 0.038694 0.153704
0 1718 0.669891 0.503241 0.042322 0.160185
0 1719 0.372128 0.218056 0.036880 0.117593
0 1720 0.288694 0.302778 0.036880 0.135185
0 1721 0.455260 0.231019 0.042322 0.134259
0 1722 0.455865 0.195833 0.036276 0.126852
0 1723 0.346433 0.206481 0.035067 0.118519
0 1724 0.061366 0.305556 0.044135 0.148148
0 1725 0.110036 0.328704 0.037485 0.138889
0 1726 0.133011 0.350000 0.033857 0.142593
0 1727 0.489722 0.841204 0.048368 0.173148
0 1728 0.768138 0.649074 0.045345 0.159259
0 1729 0.805925 0.465741 0.054414 0.142593
0 1730 0.760278 0.492593 0.048972 0.142593
0 1732 0.014208 0.238889 0.027207 0.129630
0 1733 0.073156 0.214815 0.045949 0.140741
0 1734 0.116385 0.180093 0.036880 0.126852
0 1735 0.146917 0.206944 0.029021 0.121296
0 1736 0.243047 0.168981 0.035067 0.123148
0 1737 0.289903 0.143519 0.034462 0.112963
0 1738 0.129686 0.139815 0.036880 0.142593
0 1739 0.047158 0.113889 0.036276 0.131481
0 1740 0.113966 0.310185 0.040508 0.164815
0 1741 0.665659 0.147222 0.031439 0.124074
0 1742 0.680169 0.132870 0.030230 0.134259
0 1743 0.662636 0.102778 0.022975 0.125926
0 1744 0.171100 0.457407 0.036276 0.148148
0 1747 0.096433 0.419444 0.036880 0.155556
0 1748 0.065901 0.412037 0.038694 0.146296
0 1749 0.627570 0.380093 0.037485 0.136111
0 1750 0.596735 0.397685 0.043531 0.126852
0 1751 0.142987 0.437037 0.038089 0.159259
0 1752 0.191052 0.435648 0.042322 0.149074
0 1753 0.294740 0.614352 0.046554 0.173148
0 1754 0.263603 0.665278 0.042322 0.165741
0 1761 0.804716 0.388426 0.045949 0.163889
0 1762 0.981862 0.322222 0.033857 0.148148
0 1767 0.077388 0.873611 0.062878 0.149074
0 1768 0.069831 0.830556 0.061064 0.162963
0 1769 0.984281 0.253241 0.029021 0.121296
0 1770 0.949214 0.239815 0.032648 0.153704
0 1771 0.985187 0.106944 0.028416 0.137963
0 1772 0.954655 0.097685 0.032648 0.121296
0 1773 0.970375 0.037500 0.029021 0.073148
0 1774 0.948609 0.032407 0.027811 0.062963
0 1775 0.871524 0.213889 0.039299 0.133333
0 1778 0.006348 0.689352 0.011487 0.165741
0 1783 0.012394 0.165278 0.023579 0.134259
0 1786 0.065599 0.201852 0.036880 0.125926
0 1787 0.039903 0.151852 0.037485 0.140741
0 1788 0.311971 0.218519 0.031439 0.125926
0 1790 0.603386 0.318519 0.038694 0.137037
0 1791 0.152963 0.156481 0.032648 0.140741
0 1792 0.575574 0.257870 0.035067 0.128704
0 1793 0.641778 0.246296 0.039299 0.135185
0 1794 0.292019 0.197685 0.036276 0.137963
0 1795 0.601874 0.230556 0.036880 0.131481
0 1796 0.337666 0.164352 0.035671 0.143519
0 1797 0.652660 0.168981 0.038089 0.139815
0 1801 0.640266 0.108333 0.037485 0.142593
0 1802 0.605804 0.097222 0.039903 0.118519
0 1803 0.571644 0.053704 0.039299 0.105556
0 1804 0.535671 0.050000 0.039903 0.098148
0 1805 0.451935 0.126389 0.039299 0.137963
0 1806 0.448005 0.040741 0.029021 0.079630
0 1808 0.535369 0.035185 0.032044 0.068519
0 1812 0.126965 0.126852 0.032648 0.135185
0 1813 0.142080 0.053241 0.030230 0.104630
0 1814 0.268742 0.069444 0.034462 0.124074
0 1815 0.185006 0.048148 0.032648 0.094444
0 1816 0.193168 0.062963 0.034462 0.116667
0 1817 0.216143 0.067130 0.034462 0.115741
0 1820 0.378476 0.129167 0.037485 0.123148
0 1821 0.203446 0.114815 0.034462 0.124074
0 1822 0.233978 0.118056 0.037485 0.132407
0 1823 0.266324 0.097685 0.034462 0.117593
0 1824 0.164752 0.042130 0.032044 0.082407
0 1825 0.464027 0.171296 0.041717 0.135185
0 1826 0.439843 0.146296 0.039299 0.131481
0 1827 0.420798 0.122685 0.029021 0.095370
0 1828 0.388755 0.098611 0.026602 0.110185
0 1829 0.374244 0.106944 0.035067 0.130556
0 1830 0.283555 0.129167 0.032648 0.115741
0 1831 0.350060 0.113426 0.030230 0.117593
0 1832 0.333736 0.083333 0.031439 0.112963
0 1833 0.447098 0.067593 0.036880 0.131481
0 1834 0.358827 0.144444 0.034462 0.129630
0 1835 0.333132 0.127315 0.032648 0.121296
0 1836 0.069831 0.121296 0.033253 0.129630
0 1837 0.313180 0.112500 0.032648 0.123148
0 1838 0.158404 0.020833 0.029021 0.039815
0 1839 0.162938 0.046759 0.034462 0.091667
0 1840 0.155381 0.170370 0.026602 0.107407
0 1841 0.162636 0.050463 0.035067 0.099074
0 1943 0.180774 0.165741 0.037485 0.142593
0 1944 0.569226 0.033796 0.034462 0.065741
