0 1168 0.558646 0.887500 0.041112 0.167593
0 1169 0.571342 0.932870 0.043531 0.136111
0 1175 0.389359 0.558796 0.037485 0.134259
0 1197 0.325272 0.337500 0.044740 0.136111
0 1198 0.154172 0.386574 0.031439 0.139815
0 1199 0.294438 0.579630 0.039903 0.164815
0 1200 0.321342 0.366204 0.034462 0.145370
0 1206 0.156590 0.404167 0.044740 0.145370
0 1208 0.632709 0.961574 0.050181 0.078704
0 1209 0.670496 0.947685 0.042322 0.106481
0 1210 0.616082 0.946759 0.038694 0.106481
0 1243 0.370012 0.957870 0.045949 0.084259
0 1246 0.759371 0.736111 0.043531 0.159259
0 1247 0.802600 0.704630 0.051391 0.162963
0 1249 0.836457 0.633333 0.048972 0.157407
0 1250 0.879081 0.759259 0.049577 0.148148
0 1251 0.847944 0.770833 0.044135 0.162037
0 1252 0.824063 0.903704 0.050786 0.170370
0 1280 0.164148 0.977778 0.033253 0.042593
0 1284 0.840387 0.379167 0.037485 0.134259
0 1285 0.861850 0.371759 0.036880 0.125000
0 1306 0.295647 0.668519 0.044740 0.159259
0 1307 0.354897 0.626852 0.047158 0.159259
0 1308 0.376663 0.654630 0.036276 0.131481
0 1314 0.568319 0.949537 0.036276 0.102778
0 1317 0.500302 0.929630 0.047763 0.142593
0 1320 0.872128 0.883333 0.053809 0.168519
0 1325 0.233676 0.599074 0.035671 0.153704
0 1326 0.237606 0.570370 0.033857 0.148148
0 1328 0.187727 0.582870 0.041717 0.139815
0 1329 0.198307 0.545370 0.044740 0.146296
0 1330 0.166868 0.556944 0.045949 0.149074
0 1342 0.016929 0.770370 0.032648 0.159259
0 1343 0.379081 0.244444 0.031439 0.131481
0 1344 0.404776 0.248611 0.032044 0.132407
0 1345 0.005139 0.731944 0.009069 0.128704
0 1365 0.712817 0.960185 0.044740 0.079630
0 1394 0.673519 0.973148 0.039903 0.055556
0 1412 0.712213 0.395370 0.041112 0.127778
0 1413 0.750907 0.406481 0.039903 0.131481
0 1444 0.268440 0.390741 0.039903 0.142593
0 1445 0.246070 0.404630 0.035067 0.138889
0 1490 0.933192 0.701852 0.035671 0.137037
0 1501 0.307739 0.971759 0.042322 0.058333
0 1502 0.455865 0.983333 0.031439 0.035185
0 1531 0.534764 0.482870 0.041717 0.141667
0 1549 0.318017 0.785185 0.045949 0.162963
0 1555 0.919891 0.735185 0.039299 0.150000
0 1556 0.891778 0.734259 0.035067 0.120370
0 1557 0.561971 0.474074 0.036880 0.153704
0 1567 0.350363 0.490278 0.038089 0.123148
0 1570 0.290508 0.542130 0.044135 0.152778
0 1573 0.476421 0.449074 0.027811 0.135185
0 1592 0.359432 0.715741 0.035671 0.157407
0 1594 0.379686 0.747222 0.043531 0.170370
0 1638 0.459190 0.785648 0.053809 0.173148
0 1639 0.536276 0.805556 0.044740 0.164815
0 1640 0.519045 0.776389 0.038089 0.145370
0 1650 0.437424 0.744907 0.045345 0.147222
0 1653 0.678960 0.730093 0.047158 0.150926
0 1654 0.386336 0.458796 0.035067 0.112037
0 1655 0.464933 0.546759 0.035067 0.134259
0 1657 0.451632 0.510648 0.047158 0.106481
0 1660 0.462213 0.423611 0.033253 0.141667
0 1661 0.500000 0.458796 0.039903 0.147222
0 1662 0.167473 0.780556 0.058041 0.164815
0 1667 0.434401 0.437037 0.028416 0.124074
0 1668 0.511487 0.612963 0.037485 0.124074
0 1675 0.535973 0.210648 0.034462 0.100926
0 1676 0.507860 0.185185 0.039903 0.131481
0 1677 0.780532 0.472222 0.051995 0.150000
0 1678 0.736699 0.306481 0.047763 0.135185
0 1679 0.805925 0.489352 0.033857 0.119444
0 1690 0.513603 0.981481 0.032044 0.037037
0 1695 0.750907 0.266204 0.035067 0.130556
0 1696 0.624849 0.275463 0.035671 0.130556
0 1697 0.655079 0.291204 0.036880 0.137963
0 1699 0.718863 0.259722 0.038694 0.134259
0 1701 0.645103 0.343056 0.033857 0.139815
0 1702 0.586759 0.358333 0.039299 0.137037
0 1703 0.821947 0.148611 0.040508 0.136111
0 1704 0.674426 0.395370 0.048972 0.150000
0 1705 0.685308 0.428704 0.039299 0.135185
0 1706 0.841898 0.514815 0.040508 0.140741
0 1707 0.707376 0.533796 0.049577 0.152778
0 1708 0.671705 0.564352 0.045949 0.149074
0 1709 0.815599 0.536574 0.033857 0.095370
0 1710 0.724607 0.579630 0.044135 0.146296
0 1711 0.607013 0.426852 0.036276 0.137037
0 1712 0.581620 0.441667 0.036276 0.131481
0 1713 0.568319 0.280093 0.037485 0.143519
0 1714 0.544135 0.278241 0.027811 0.119444
0 1715 0.806227 0.545370 0.046554 0.159259
0 1716 0.525695 0.559722 0.045345 0.137963
0 1717 0.568319 0.597685 0.037485 0.154630
0 1718 0.635732 0.584259 0.041717 0.157407
0 1719 0.311971 0.289815 0.036276 0.125926
0 1720 0.210097 0.402315 0.036880 0.154630
0 1721 0.534160 0.356481 0.041717 0.146296
0 1722 0.502721 0.300463 0.039299 0.137963
0 1723 0.284764 0.280556 0.035067 0.131481
0 1725 0.028718 0.431944 0.041717 0.158333
0 1726 0.062878 0.450926 0.045949 0.142593
0 1727 0.389057 0.938426 0.056227 0.123148
0 1728 0.805623 0.780093 0.042926 0.162037
0 1729 0.970375 0.477778 0.041112 0.135185
0 1730 0.972189 0.514352 0.049577 0.141667
0 1733 0.013301 0.271759 0.025393 0.143519
0 1734 0.097642 0.244444 0.041717 0.135185
0 1735 0.084039 0.261574 0.039903 0.126852
0 1736 0.233071 0.212500 0.038089 0.126852
0 1737 0.273881 0.183333 0.033857 0.112963
0 1738 0.083434 0.195370 0.036276 0.148148
0 1739 0.007860 0.182407 0.014510 0.153704
0 1740 0.071947 0.408333 0.043531 0.162963
0 1741 0.816808 0.163889 0.035067 0.127778
0 1742 0.759674 0.147685 0.032044 0.134259
0 1743 0.701935 0.112963 0.029021 0.131481
0 1744 0.128779 0.547222 0.039903 0.159259
0 1747 0.019347 0.516204 0.037485 0.154630
0 1749 0.723398 0.432407 0.040508 0.148148
0 1750 0.710701 0.470833 0.042926 0.145370
0 1751 0.084643 0.536111 0.043531 0.172222
0 1752 0.144498 0.507870 0.041112 0.149074
0 1753 0.270859 0.734259 0.042322 0.190741
0 1754 0.247279 0.768981 0.038694 0.171296
0 1761 0.878779 0.495833 0.048972 0.171296
0 1764 0.003930 0.971296 0.006651 0.059259
0 1765 0.032044 0.957870 0.059250 0.084259
0 1766 0.050786 0.940278 0.054414 0.121296
0 1767 0.341596 0.874074 0.048368 0.159259
0 1768 0.324063 0.820833 0.062878 0.165741
0 1769 0.990931 0.384259 0.016929 0.112963
0 1770 0.958888 0.365741 0.037485 0.159259
0 1771 0.970979 0.191667 0.039903 0.146296
0 1772 0.945284 0.184722 0.036880 0.128704
0 1773 0.968863 0.118056 0.030834 0.125000
0 1774 0.946191 0.112037 0.036276 0.120370
0 1775 0.805018 0.293981 0.040508 0.143519
0 1776 0.019347 0.706481 0.037485 0.148148
0 1777 0.024184 0.644444 0.047158 0.159259
0 1778 0.162334 0.655093 0.042926 0.162037
0 1786 0.007860 0.264352 0.014510 0.139815
0 1787 0.018138 0.217130 0.035067 0.145370
0 1788 0.256046 0.315741 0.032044 0.142593
0 1790 0.652963 0.420833 0.038694 0.134259
0 1791 0.116385 0.205093 0.032044 0.150926
0 1792 0.611850 0.368056 0.042322 0.136111
0 1793 0.680472 0.348611 0.039299 0.136111
0 1794 0.241838 0.280093 0.037485 0.147222
0 1795 0.613664 0.315741 0.042322 0.142593
0 1796 0.260580 0.230556 0.036276 0.142593
0 1797 0.687727 0.235185 0.044135 0.150000
0 1798 0.667473 0.029167 0.030230 0.056481
0 1799 0.640871 0.030556 0.030230 0.059259
0 1800 0.623337 0.022685 0.022975 0.043519
0 1801 0.659008 0.170833 0.036276 0.137963
0 1802 0.621524 0.176852 0.045949 0.129630
0 1803 0.577993 0.097222 0.038694 0.124074
0 1804 0.548368 0.086111 0.043531 0.129630
0 1805 0.472189 0.186574 0.041112 0.137963
0 1806 0.447703 0.039815 0.030834 0.077778
0 1808 0.471584 0.080556 0.035067 0.118519
0 1809 0.390871 0.049537 0.032044 0.097222
0 1810 0.345526 0.043519 0.036880 0.085185
0 1811 0.314692 0.042593 0.035671 0.083333
0 1812 0.074970 0.180556 0.035067 0.129630
0 1813 0.103083 0.117593 0.033253 0.122222
0 1814 0.177146 0.160185 0.035067 0.129630
0 1815 0.149033 0.087500 0.032044 0.121296
0 1816 0.158102 0.112500 0.035671 0.125000
0 1817 0.184099 0.129630 0.034462 0.133333
0 1818 0.159613 0.036574 0.033857 0.071296
0 1819 0.200121 0.037963 0.035067 0.074074
0 1820 0.299274 0.190741 0.039903 0.124074
0 1821 0.226723 0.171296 0.030230 0.135185
0 1822 0.251814 0.158333 0.034462 0.129630
0 1823 0.249093 0.126852 0.030230 0.118519
0 1824 0.253325 0.082407 0.031439 0.116667
0 1825 0.355200 0.229630 0.033253 0.133333
0 1826 0.350967 0.206019 0.039299 0.143519
0 1827 0.443168 0.192593 0.035067 0.096296
0 1828 0.424123 0.160185 0.029625 0.125926
0 1829 0.402963 0.165741 0.034462 0.133333
0 1830 0.284160 0.135648 0.032648 0.115741
0 1831 0.376965 0.165278 0.029625 0.112037
0 1832 0.372430 0.134259 0.033857 0.112963
0 1833 0.364571 0.120833 0.038694 0.139815
0 1834 0.335852 0.180556 0.034462 0.127778
0 1835 0.322249 0.162500 0.035067 0.121296
0 1836 0.012999 0.199537 0.024788 0.136111
0 1837 0.351270 0.163889 0.032648 0.129630
0 1838 0.269952 0.067593 0.032044 0.114815
0 1839 0.120919 0.086574 0.035067 0.145370
0 1840 0.123942 0.217130 0.027811 0.115741
0 1841 0.120012 0.119444 0.034462 0.129630
0 1854 0.202237 0.991667 0.023579 0.018519
0 1879 0.212213 0.026852 0.036276 0.051852
0 1943 0.140871 0.222685 0.035067 0.149074
0 1944 0.509069 0.065278 0.035067 0.128704
