0 1168 0.558041 0.898148 0.039903 0.170370
0 1169 0.569226 0.936574 0.041717 0.128704
0 1175 0.389359 0.560185 0.037485 0.135185
0 1176 0.091596 0.781481 0.058646 0.170370
0 1188 0.856106 0.979167 0.039903 0.043519
0 1197 0.333132 0.358796 0.050786 0.134259
0 1198 0.179867 0.387037 0.032044 0.140741
0 1199 0.283555 0.555556 0.041112 0.153704
0 1200 0.331620 0.376852 0.034462 0.148148
0 1206 0.183192 0.404630 0.044740 0.146296
0 1208 0.632104 0.962963 0.051391 0.075926
0 1209 0.671705 0.950463 0.042322 0.100926
0 1210 0.618198 0.952778 0.041717 0.096296
0 1243 0.373035 0.914352 0.050786 0.173148
0 1246 0.736094 0.678241 0.041717 0.156481
0 1247 0.788996 0.658333 0.051995 0.162963
0 1249 0.814994 0.568519 0.051995 0.157407
0 1250 0.852781 0.698611 0.044135 0.149074
0 1251 0.825877 0.706944 0.043531 0.156481
0 1252 0.808948 0.843981 0.045949 0.162037
0 1279 0.220677 0.956481 0.050786 0.087037
0 1280 0.188029 0.946296 0.047158 0.109259
0 1284 0.840689 0.381019 0.036880 0.134259
0 1285 0.866989 0.383333 0.033857 0.127778
0 1306 0.295042 0.669444 0.045949 0.159259
0 1307 0.353386 0.630556 0.045345 0.161111
0 1308 0.376663 0.655556 0.036276 0.131481
0 1314 0.564692 0.948611 0.038694 0.102778
0 1317 0.504232 0.934259 0.048368 0.133333
0 1320 0.866385 0.831481 0.051995 0.170370
0 1325 0.233978 0.602778 0.037485 0.151852
0 1326 0.237606 0.575926 0.033857 0.148148
0 1328 0.187122 0.588426 0.041717 0.139815
0 1329 0.200423 0.550926 0.042926 0.144444
0 1330 0.165659 0.566667 0.043531 0.150000
0 1342 0.077086 0.740741 0.051391 0.157407
0 1343 0.380593 0.246296 0.032044 0.131481
0 1344 0.405381 0.254167 0.030834 0.132407
0 1345 0.073156 0.702315 0.032648 0.128704
0 1365 0.712817 0.964352 0.044740 0.073148
0 1394 0.672914 0.977778 0.038694 0.046296
0 1412 0.712213 0.404167 0.037485 0.128704
0 1413 0.750605 0.417593 0.039299 0.138889
0 1444 0.266929 0.400463 0.034462 0.143519
0 1445 0.247279 0.407407 0.035067 0.140741
0 1490 0.930472 0.709722 0.037485 0.134259
0 1501 0.308646 0.973611 0.040508 0.054630
0 1502 0.456771 0.984259 0.035671 0.033333
0 1531 0.527207 0.506944 0.038694 0.154630
0 1549 0.317715 0.787963 0.046554 0.162963
0 1555 0.917473 0.743981 0.044135 0.139815
0 1556 0.888755 0.746759 0.035067 0.121296
0 1557 0.578900 0.499537 0.041717 0.154630
0 1567 0.348851 0.499074 0.037485 0.129630
0 1570 0.293531 0.525000 0.042926 0.148148
0 1573 0.472189 0.456481 0.027811 0.135185
0 1592 0.360641 0.719907 0.039299 0.158333
0 1594 0.378476 0.753241 0.045949 0.169444
0 1595 0.034462 0.795370 0.067715 0.181481
0 1638 0.374849 0.826389 0.054414 0.176852
0 1639 0.468259 0.845370 0.051391 0.168519
0 1640 0.457981 0.802315 0.036880 0.139815
0 1650 0.437122 0.758333 0.045949 0.151852
0 1653 0.677146 0.736111 0.044740 0.151852
0 1654 0.385732 0.461111 0.035067 0.111111
0 1655 0.464933 0.557870 0.036276 0.137963
0 1657 0.450726 0.515741 0.041717 0.105556
0 1660 0.462213 0.425463 0.033253 0.141667
0 1661 0.502418 0.440278 0.039903 0.147222
0 1662 0.223700 0.798148 0.049577 0.172222
0 1667 0.436518 0.447222 0.027811 0.124074
0 1668 0.516022 0.617593 0.033253 0.127778
0 1675 0.509674 0.247685 0.035067 0.100926
0 1676 0.499395 0.226389 0.035067 0.134259
0 1677 0.788694 0.407407 0.044135 0.148148
0 1678 0.756348 0.273611 0.048368 0.130556
0 1679 0.802297 0.423611 0.032648 0.117593
0 1690 0.585852 0.942593 0.043531 0.114815
0 1695 0.713724 0.234722 0.032044 0.123148
0 1696 0.613664 0.234259 0.033857 0.137037
0 1697 0.640266 0.250463 0.032648 0.137963
0 1699 0.690447 0.228704 0.036276 0.120370
0 1701 0.626965 0.302315 0.036276 0.139815
0 1702 0.567715 0.306944 0.039903 0.137963
0 1703 0.839480 0.157870 0.059855 0.115741
0 1704 0.652056 0.347222 0.046554 0.148148
0 1705 0.651149 0.381944 0.035067 0.128704
0 1706 0.802600 0.462500 0.042926 0.134259
0 1707 0.671100 0.476389 0.043531 0.150926
0 1708 0.652056 0.510648 0.046554 0.149074
0 1709 0.779021 0.488426 0.027207 0.093519
0 1710 0.704051 0.523148 0.042926 0.142593
0 1711 0.579202 0.382407 0.035067 0.135185
0 1712 0.548670 0.398611 0.035671 0.130556
0 1713 0.559855 0.250463 0.037485 0.143519
0 1714 0.537183 0.251389 0.027207 0.121296
0 1715 0.769649 0.497685 0.044740 0.160185
0 1716 0.579202 0.548148 0.043531 0.150000
0 1717 0.606711 0.571296 0.036880 0.164815
0 1718 0.659613 0.554630 0.045949 0.168519
0 1719 0.341294 0.258796 0.036880 0.126852
0 1720 0.250000 0.351852 0.036880 0.135185
0 1721 0.504837 0.293981 0.041112 0.137963
0 1722 0.467654 0.246296 0.033253 0.135185
0 1723 0.316203 0.253241 0.033857 0.126852
0 1724 0.016324 0.366204 0.031439 0.149074
0 1725 0.064692 0.387037 0.036276 0.148148
0 1726 0.088573 0.406481 0.046554 0.142593
0 1727 0.422310 0.894444 0.048972 0.172222
0 1728 0.781439 0.719444 0.046554 0.159259
0 1729 0.908102 0.475463 0.049577 0.141667
0 1730 0.865175 0.511111 0.044740 0.138889
0 1732 0.004232 0.281019 0.007255 0.126852
0 1733 0.043531 0.250463 0.047158 0.143519
0 1734 0.112455 0.219444 0.039903 0.127778
0 1735 0.126663 0.244444 0.035671 0.129630
0 1736 0.233676 0.194444 0.035671 0.124074
0 1737 0.290206 0.164815 0.035067 0.112963
0 1738 0.105502 0.171759 0.034462 0.143519
0 1739 0.019952 0.155093 0.035067 0.150926
0 1740 0.093108 0.365278 0.042322 0.165741
0 1741 0.743954 0.166204 0.032044 0.123148
0 1742 0.722189 0.148611 0.035671 0.134259
0 1743 0.668077 0.107407 0.022975 0.125926
0 1744 0.152660 0.507407 0.041717 0.159259
0 1747 0.051693 0.476852 0.040508 0.159259
0 1748 0.020254 0.469444 0.039299 0.150000
0 1749 0.680169 0.411111 0.037485 0.142593
0 1750 0.650846 0.448611 0.044135 0.145370
0 1751 0.114873 0.489352 0.042322 0.162037
0 1752 0.155381 0.463426 0.041112 0.149074
0 1753 0.253325 0.678241 0.047158 0.182407
0 1754 0.252116 0.714815 0.042322 0.170370
0 1761 0.836759 0.452778 0.045949 0.164815
0 1766 0.015417 0.931481 0.029625 0.131481
0 1767 0.212817 0.908796 0.061669 0.162037
0 1768 0.189843 0.841667 0.056832 0.164815
0 1769 0.986699 0.323148 0.024184 0.120370
0 1770 0.954051 0.304167 0.037485 0.154630
0 1771 0.979444 0.150463 0.037485 0.137963
0 1772 0.946796 0.144444 0.035067 0.127778
0 1773 0.967956 0.067593 0.029021 0.107407
0 1774 0.947703 0.066667 0.033253 0.111111
0 1775 0.838875 0.259722 0.039299 0.143519
0 1778 0.074667 0.667130 0.056227 0.162037
0 1786 0.029323 0.235185 0.040508 0.127778
0 1787 0.018742 0.191204 0.036276 0.143519
0 1788 0.282950 0.268981 0.031439 0.136111
0 1790 0.618198 0.379167 0.038089 0.137963
0 1791 0.137243 0.181019 0.032648 0.143519
0 1792 0.589480 0.316667 0.036276 0.131481
0 1793 0.658404 0.307407 0.038694 0.135185
0 1794 0.265719 0.243519 0.036880 0.142593
0 1795 0.599154 0.273148 0.039903 0.133333
0 1796 0.305018 0.199074 0.036880 0.142593
0 1797 0.669287 0.204630 0.041112 0.142593
0 1798 0.677449 0.019907 0.032044 0.037963
0 1799 0.651451 0.016667 0.024788 0.031481
0 1801 0.649940 0.142130 0.036276 0.143519
0 1802 0.610641 0.146296 0.043531 0.129630
0 1803 0.576179 0.076852 0.038694 0.124074
0 1804 0.547158 0.064352 0.039903 0.126852
0 1805 0.455260 0.164352 0.038694 0.137963
0 1806 0.448005 0.043519 0.029021 0.085185
0 1808 0.505441 0.056481 0.031439 0.111111
0 1809 0.416566 0.037500 0.029021 0.073148
0 1810 0.383313 0.026389 0.031439 0.050926
0 1812 0.110036 0.149537 0.032648 0.134259
0 1813 0.117896 0.085648 0.032648 0.121296
0 1814 0.224305 0.115278 0.033857 0.137963
0 1815 0.162334 0.064352 0.032044 0.121296
0 1816 0.169589 0.089815 0.034462 0.124074
0 1817 0.194982 0.103241 0.034462 0.132407
0 1818 0.092503 0.032407 0.032648 0.062963
0 1819 0.122128 0.025463 0.035067 0.049074
0 1820 0.326481 0.163889 0.039903 0.124074
0 1821 0.216445 0.152778 0.030230 0.124074
0 1822 0.242443 0.150463 0.037485 0.132407
0 1823 0.258162 0.116204 0.035067 0.117593
0 1824 0.204958 0.056944 0.032648 0.112037
0 1825 0.410218 0.206944 0.030834 0.134259
0 1826 0.385732 0.176852 0.038694 0.131481
0 1827 0.431681 0.159722 0.027811 0.095370
0 1828 0.407497 0.138889 0.030230 0.120370
0 1829 0.389964 0.136574 0.035067 0.132407
0 1830 0.286578 0.138426 0.032648 0.115741
0 1831 0.363362 0.146759 0.029021 0.123148
0 1832 0.358525 0.117593 0.032648 0.112963
0 1833 0.394196 0.093056 0.039903 0.139815
0 1834 0.340085 0.165741 0.034462 0.129630
0 1835 0.327388 0.148611 0.032044 0.121296
0 1836 0.033857 0.162500 0.030230 0.128704
0 1837 0.334341 0.141204 0.032648 0.123148
0 1838 0.216445 0.043056 0.029021 0.084259
0 1839 0.136034 0.067593 0.035067 0.133333
0 1840 0.139359 0.202315 0.027207 0.115741
0 1841 0.136638 0.076852 0.035067 0.124074
0 1943 0.157799 0.200463 0.037485 0.143519
0 1944 0.541415 0.053704 0.034462 0.105556
