0 1168 0.558343 0.893519 0.040508 0.168519
0 1169 0.570435 0.934259 0.042926 0.133333
0 1175 0.389359 0.559722 0.037485 0.134259
0 1176 0.031439 0.804630 0.061669 0.161111
0 1197 0.328900 0.347222 0.047158 0.135185
0 1198 0.160822 0.388426 0.031439 0.139815
0 1199 0.294438 0.573148 0.039903 0.164815
0 1200 0.325272 0.371759 0.033857 0.147222
0 1206 0.165054 0.406019 0.044740 0.145370
0 1208 0.632406 0.962500 0.050786 0.076852
0 1209 0.671100 0.948611 0.042322 0.104630
0 1210 0.616989 0.949537 0.039299 0.102778
0 1243 0.362757 0.938426 0.050786 0.123148
0 1246 0.752116 0.714352 0.042322 0.156481
0 1247 0.792926 0.689815 0.051391 0.162963
0 1249 0.827388 0.608333 0.052600 0.157407
0 1250 0.864268 0.736111 0.048972 0.148148
0 1251 0.842201 0.739352 0.043531 0.156481
0 1252 0.816808 0.879630 0.048368 0.162963
0 1279 0.209794 0.978241 0.033857 0.043519
0 1280 0.173821 0.965278 0.045345 0.069444
0 1284 0.840689 0.380093 0.036880 0.134259
0 1285 0.864571 0.378241 0.035067 0.126852
0 1306 0.295345 0.668519 0.045345 0.159259
0 1307 0.354293 0.628241 0.045949 0.160185
0 1308 0.376663 0.655093 0.036276 0.132407
0 1314 0.566808 0.949074 0.038089 0.103704
0 1317 0.501814 0.931481 0.048368 0.138889
0 1320 0.870012 0.856944 0.054414 0.167593
0 1325 0.233676 0.600463 0.036880 0.152778
0 1326 0.237606 0.572222 0.033857 0.148148
0 1328 0.187122 0.584722 0.041717 0.139815
0 1329 0.199214 0.547685 0.044135 0.145370
0 1330 0.166264 0.560648 0.044740 0.149074
0 1342 0.039903 0.760185 0.053204 0.164815
0 1343 0.379686 0.245370 0.031439 0.131481
0 1344 0.405079 0.250463 0.031439 0.132407
0 1345 0.026300 0.719907 0.032044 0.128704
0 1365 0.712817 0.961574 0.044740 0.076852
0 1394 0.673216 0.975000 0.039299 0.051852
0 1412 0.711911 0.400000 0.039299 0.129630
0 1413 0.750605 0.412963 0.039299 0.135185
0 1444 0.266929 0.395370 0.034462 0.142593
0 1445 0.246675 0.406019 0.035067 0.139815
0 1490 0.933797 0.707407 0.036880 0.135185
0 1501 0.308041 0.972685 0.041717 0.056481
0 1502 0.456167 0.983796 0.033253 0.034259
0 1531 0.524486 0.492130 0.039299 0.145370
0 1549 0.318017 0.787037 0.045949 0.162963
0 1555 0.917170 0.741667 0.041112 0.142593
0 1556 0.889359 0.738889 0.035067 0.118519
0 1557 0.569226 0.487500 0.041717 0.154630
0 1567 0.349758 0.494444 0.038089 0.125926
0 1570 0.290810 0.533333 0.044740 0.148148
0 1573 0.474607 0.451852 0.027811 0.135185
0 1592 0.360036 0.718056 0.036880 0.158333
0 1594 0.379081 0.749537 0.044740 0.169444
0 1595 0.003325 0.783796 0.005441 0.178704
0 1638 0.425030 0.807870 0.054414 0.176852
0 1639 0.506348 0.825926 0.051391 0.161111
0 1640 0.495466 0.789815 0.036880 0.140741
0 1650 0.437122 0.750463 0.045949 0.149074
0 1653 0.678356 0.732870 0.045949 0.150926
0 1654 0.386336 0.460185 0.035067 0.111111
0 1655 0.464933 0.551389 0.035067 0.136111
0 1657 0.451330 0.512500 0.045345 0.106481
0 1660 0.462213 0.424537 0.033253 0.141667
0 1661 0.503023 0.451389 0.038694 0.143519
0 1662 0.189843 0.794444 0.053204 0.164815
0 1667 0.435308 0.442593 0.027811 0.124074
0 1668 0.512696 0.614815 0.037485 0.124074
0 1675 0.525998 0.229167 0.035067 0.100926
0 1676 0.506348 0.207407 0.039299 0.135185
0 1677 0.785671 0.445370 0.048972 0.148148
0 1678 0.737606 0.290741 0.048368 0.129630
0 1679 0.811971 0.464352 0.032648 0.117593
0 1690 0.544135 0.962500 0.039903 0.075000
0 1695 0.735792 0.254630 0.035067 0.129630
0 1696 0.621524 0.255556 0.033857 0.125926
0 1697 0.648730 0.276389 0.033857 0.137963
0 1699 0.706771 0.244444 0.036276 0.118519
0 1701 0.636034 0.327315 0.035067 0.137963
0 1702 0.575877 0.334259 0.039299 0.137037
0 1703 0.815296 0.155093 0.041717 0.134259
0 1704 0.660520 0.380093 0.050181 0.149074
0 1705 0.671100 0.415278 0.038694 0.132407
0 1706 0.827086 0.496759 0.038694 0.139815
0 1707 0.694377 0.510648 0.045345 0.150926
0 1708 0.665054 0.542130 0.047158 0.149074
0 1709 0.801693 0.517130 0.027811 0.093519
0 1710 0.716445 0.555556 0.042322 0.144444
0 1711 0.593108 0.409259 0.035067 0.137037
0 1712 0.571040 0.424537 0.034462 0.132407
0 1713 0.563482 0.268056 0.037485 0.143519
0 1714 0.540508 0.267593 0.027811 0.120370
0 1715 0.792322 0.524537 0.044135 0.160185
0 1716 0.548972 0.554630 0.044740 0.138889
0 1717 0.582225 0.587963 0.036276 0.155556
0 1718 0.647823 0.571296 0.046554 0.157407
0 1719 0.323761 0.278704 0.036880 0.125926
0 1720 0.226119 0.378704 0.036276 0.135185
0 1721 0.523881 0.329630 0.041717 0.142593
0 1722 0.488513 0.279630 0.037485 0.137037
0 1723 0.297158 0.270833 0.034462 0.128704
0 1725 0.042322 0.411574 0.041112 0.149074
0 1726 0.075272 0.437963 0.046554 0.142593
0 1727 0.396917 0.921759 0.052600 0.152778
0 1728 0.795345 0.754167 0.044135 0.160185
0 1729 0.958283 0.471296 0.042322 0.135185
0 1730 0.924123 0.514352 0.050181 0.143519
0 1733 0.021765 0.266204 0.042322 0.143519
0 1734 0.107013 0.235648 0.042322 0.134259
0 1735 0.105200 0.262963 0.036276 0.129630
0 1736 0.233374 0.204630 0.037485 0.125926
0 1737 0.280230 0.175926 0.034462 0.112963
0 1738 0.091898 0.186111 0.033857 0.146296
0 1739 0.012092 0.175000 0.022975 0.157407
0 1740 0.080411 0.394907 0.042322 0.165741
0 1741 0.791415 0.168981 0.032648 0.123148
0 1742 0.745163 0.149537 0.032044 0.134259
0 1743 0.685308 0.112500 0.028416 0.130556
0 1744 0.139661 0.530556 0.038694 0.159259
0 1747 0.028718 0.505556 0.041717 0.159259
0 1748 0.008767 0.494907 0.016324 0.150926
0 1749 0.710399 0.423148 0.037485 0.142593
0 1750 0.685913 0.463426 0.046554 0.145370
0 1751 0.094317 0.518056 0.043531 0.167593
0 1752 0.146917 0.491204 0.041112 0.149074
0 1753 0.262999 0.710185 0.044740 0.187037
0 1754 0.254534 0.750463 0.042322 0.171296
0 1761 0.859734 0.479167 0.047158 0.167593
0 1765 0.015719 0.955093 0.030230 0.089815
0 1766 0.025695 0.936574 0.050181 0.128704
0 1767 0.289903 0.886574 0.067110 0.152778
0 1768 0.269045 0.828704 0.056832 0.164815
0 1769 0.989722 0.362037 0.019347 0.120370
0 1770 0.953446 0.341667 0.036276 0.155556
0 1771 0.971886 0.174074 0.039299 0.140741
0 1772 0.945284 0.173611 0.036880 0.132407
0 1773 0.969166 0.099074 0.030230 0.122222
0 1774 0.947400 0.093981 0.035067 0.121296
0 1775 0.816505 0.280093 0.039299 0.143519
0 1777 0.003023 0.656019 0.004837 0.162037
0 1778 0.128779 0.670370 0.062878 0.159259
0 1786 0.014208 0.252778 0.027207 0.133333
0 1787 0.015719 0.211574 0.030230 0.145370
0 1788 0.266929 0.300000 0.032044 0.142593
0 1790 0.635732 0.406019 0.036880 0.134259
0 1791 0.126058 0.196759 0.032044 0.150926
0 1792 0.598549 0.349074 0.038694 0.135185
0 1793 0.671100 0.331481 0.038694 0.135185
0 1794 0.251814 0.264352 0.036880 0.143519
0 1795 0.606711 0.295833 0.039299 0.134259
0 1796 0.283857 0.219444 0.036880 0.142593
0 1797 0.680169 0.231944 0.042322 0.149074
0 1798 0.668077 0.027778 0.029021 0.053704
0 1799 0.645405 0.028241 0.025998 0.054630
0 1800 0.629081 0.019444 0.019952 0.037037
0 1801 0.653567 0.158333 0.036276 0.138889
0 1802 0.616687 0.166667 0.043531 0.129630
0 1803 0.576179 0.088889 0.038694 0.124074
0 1804 0.548065 0.075926 0.041717 0.129630
0 1805 0.465538 0.180093 0.042322 0.137963
0 1806 0.447703 0.043056 0.029625 0.084259
0 1808 0.487001 0.068981 0.032044 0.117593
0 1809 0.402358 0.045370 0.032044 0.088889
0 1810 0.361850 0.037500 0.036880 0.073148
0 1812 0.092503 0.172685 0.032648 0.134259
0 1813 0.108827 0.106944 0.032648 0.121296
0 1814 0.196493 0.143519 0.033857 0.137037
0 1815 0.153869 0.077315 0.032044 0.121296
0 1816 0.163845 0.105556 0.035067 0.124074
0 1817 0.188029 0.118056 0.033857 0.132407
0 1818 0.129081 0.028704 0.032044 0.055556
0 1819 0.162938 0.031481 0.034462 0.061111
0 1820 0.308343 0.182407 0.039903 0.124074
0 1821 0.220677 0.165741 0.030230 0.133333
0 1822 0.246372 0.159259 0.036880 0.131481
0 1823 0.247582 0.125463 0.033253 0.117593
0 1824 0.232769 0.062037 0.032648 0.114815
0 1825 0.377267 0.224537 0.030230 0.134259
0 1826 0.366082 0.195370 0.038089 0.137037
0 1827 0.438936 0.180556 0.032648 0.096296
0 1828 0.418077 0.153704 0.029625 0.122222
0 1829 0.396312 0.153241 0.034462 0.132407
0 1830 0.284160 0.141204 0.032648 0.115741
0 1831 0.370314 0.156944 0.029625 0.112037
0 1832 0.366082 0.126852 0.032044 0.112963
0 1833 0.376965 0.108796 0.039299 0.139815
0 1834 0.334039 0.175926 0.034462 0.129630
0 1835 0.326179 0.156944 0.033253 0.121296
0 1836 0.018742 0.186574 0.031439 0.128704
0 1837 0.345224 0.155093 0.032648 0.125000
0 1838 0.248791 0.056019 0.029625 0.104630
0 1839 0.128779 0.079167 0.035067 0.145370
0 1840 0.133615 0.212500 0.027811 0.115741
0 1841 0.126058 0.101389 0.034462 0.128704
0 1943 0.147219 0.213889 0.034462 0.144444
0 1944 0.523579 0.061574 0.035067 0.121296
