0 1168 0.558041 0.897685 0.041112 0.171296
0 1169 0.557134 0.936574 0.041717 0.128704
0 1175 0.389057 0.562963 0.036880 0.135185
0 1176 0.160218 0.708796 0.042322 0.165741
0 1188 0.785369 0.907407 0.048368 0.157407
0 1193 0.780532 0.930093 0.049577 0.141667
0 1194 0.761790 0.947222 0.050786 0.107407
0 1197 0.332225 0.353241 0.045345 0.139815
0 1198 0.243047 0.355556 0.032648 0.140741
0 1199 0.285369 0.465278 0.039903 0.154630
0 1200 0.353083 0.372685 0.037485 0.149074
0 1206 0.230955 0.373148 0.042322 0.146296
0 1208 0.632406 0.963889 0.051995 0.074074
0 1209 0.673519 0.954167 0.042322 0.093519
0 1210 0.620012 0.949074 0.041717 0.103704
0 1240 0.005744 0.513889 0.010278 0.131481
0 1242 0.062273 0.534722 0.043531 0.167593
0 1243 0.481862 0.789815 0.047158 0.187037
0 1244 0.018742 0.447222 0.035067 0.157407
0 1245 0.006046 0.606019 0.010883 0.163889
0 1246 0.706771 0.569444 0.041112 0.146296
0 1247 0.756348 0.548611 0.051995 0.162037
0 1249 0.786578 0.471296 0.047158 0.140741
0 1250 0.847340 0.573611 0.044135 0.149074
0 1251 0.812878 0.588426 0.044135 0.156481
0 1252 0.800484 0.715741 0.045949 0.155556
0 1262 0.830109 0.975463 0.043531 0.050926
0 1275 0.593712 0.933796 0.045949 0.125000
0 1276 0.564087 0.958796 0.044740 0.084259
0 1278 0.983676 0.799074 0.031439 0.146296
0 1279 0.253628 0.910648 0.051391 0.178704
0 1280 0.260580 0.896296 0.039903 0.185185
0 1281 0.880290 0.914815 0.044740 0.151852
0 1282 0.928356 0.933333 0.035671 0.118519
0 1283 0.960097 0.926389 0.048368 0.147222
0 1284 0.841898 0.383333 0.035671 0.135185
0 1285 0.864571 0.376389 0.038694 0.119444
0 1287 0.076784 0.946296 0.051995 0.109259
0 1288 0.126663 0.935185 0.046554 0.131481
0 1306 0.294438 0.670370 0.048368 0.159259
0 1307 0.350665 0.636111 0.042322 0.164815
0 1308 0.377267 0.657870 0.036276 0.132407
0 1314 0.557437 0.948611 0.037485 0.102778
0 1317 0.512394 0.935185 0.056227 0.127778
0 1320 0.836155 0.716204 0.055623 0.165741
0 1321 0.021765 0.515741 0.041112 0.159259
0 1325 0.234281 0.604630 0.039299 0.153704
0 1326 0.237606 0.586111 0.033857 0.148148
0 1328 0.185913 0.597685 0.041717 0.139815
0 1329 0.202842 0.554167 0.041717 0.143519
0 1330 0.163845 0.579167 0.039903 0.150926
0 1342 0.198609 0.674537 0.042926 0.150926
0 1343 0.382709 0.250463 0.032648 0.130556
0 1344 0.406892 0.258796 0.029021 0.132407
0 1345 0.200121 0.642593 0.032648 0.129630
0 1365 0.712817 0.965278 0.044740 0.071296
0 1394 0.675333 0.979630 0.037485 0.042593
0 1412 0.714631 0.401852 0.037485 0.129630
0 1413 0.753930 0.414352 0.038694 0.139815
0 1444 0.267231 0.399074 0.037485 0.142593
0 1445 0.249093 0.412037 0.035067 0.142593
0 1490 0.927751 0.707407 0.044135 0.137037
0 1501 0.309855 0.976852 0.038089 0.048148
0 1502 0.459492 0.985185 0.038694 0.031481
0 1531 0.548670 0.551852 0.039299 0.157407
0 1549 0.318319 0.790741 0.046554 0.162963
0 1555 0.918682 0.738889 0.042926 0.148148
0 1556 0.888755 0.743056 0.035067 0.126852
0 1557 0.577388 0.534722 0.039903 0.152778
0 1567 0.348851 0.499074 0.037485 0.131481
0 1570 0.298065 0.509722 0.035067 0.156481
0 1572 0.081318 0.980093 0.033253 0.041667
0 1573 0.473398 0.453704 0.027811 0.135185
0 1592 0.361548 0.725463 0.043531 0.160185
0 1593 0.120919 0.786574 0.051995 0.156481
0 1594 0.379081 0.754630 0.042322 0.168519
0 1595 0.232467 0.773148 0.065901 0.175926
0 1637 0.237908 0.966204 0.044135 0.069444
0 1638 0.218561 0.830556 0.063482 0.161111
0 1639 0.331620 0.843519 0.063482 0.164815
0 1640 0.296554 0.840278 0.053809 0.137963
0 1650 0.451632 0.757407 0.045949 0.151852
0 1653 0.674123 0.734259 0.044740 0.151852
0 1654 0.386034 0.462500 0.034462 0.108333
0 1655 0.465236 0.561574 0.036880 0.139815
0 1657 0.449819 0.518056 0.038694 0.104630
0 1660 0.462515 0.429167 0.032648 0.139815
0 1661 0.488815 0.415741 0.032044 0.148148
0 1662 0.289601 0.749074 0.043531 0.166667
0 1667 0.436518 0.446296 0.027811 0.124074
0 1668 0.521463 0.592130 0.034462 0.128704
0 1675 0.495163 0.306019 0.035067 0.100926
0 1676 0.470677 0.287500 0.034462 0.134259
0 1677 0.789601 0.279167 0.047158 0.143519
0 1678 0.846131 0.200000 0.041717 0.124074
0 1679 0.815901 0.298611 0.030834 0.106481
0 1682 0.972491 0.535185 0.047763 0.148148
0 1685 0.920798 0.818056 0.058041 0.171296
0 1688 0.971584 0.874074 0.031439 0.148148
0 1690 0.635732 0.769907 0.041717 0.176852
0 1695 0.684401 0.182407 0.032648 0.125926
0 1696 0.600060 0.156019 0.034462 0.125000
0 1697 0.617291 0.174537 0.032648 0.137963
0 1699 0.661729 0.170833 0.036880 0.126852
0 1701 0.611245 0.214815 0.037485 0.142593
0 1702 0.548368 0.216204 0.039903 0.137963
0 1703 0.831318 0.156481 0.035067 0.125926
0 1704 0.646312 0.256019 0.044740 0.137963
0 1705 0.619105 0.275926 0.032648 0.124074
0 1706 0.756953 0.362500 0.038694 0.134259
0 1707 0.652963 0.366204 0.045949 0.150926
0 1708 0.613059 0.405093 0.044740 0.149074
0 1709 0.740629 0.391204 0.027811 0.093519
0 1710 0.649033 0.410648 0.039299 0.134259
0 1711 0.542624 0.292593 0.034462 0.129630
0 1712 0.519347 0.304167 0.035067 0.115741
0 1713 0.536578 0.174074 0.036880 0.135185
0 1714 0.509069 0.178241 0.027811 0.121296
0 1715 0.694075 0.400463 0.047158 0.149074
0 1716 0.619407 0.471296 0.039299 0.146296
0 1717 0.647823 0.480093 0.039299 0.154630
0 1718 0.664450 0.465741 0.041112 0.151852
0 1719 0.387848 0.193056 0.035671 0.115741
0 1720 0.314389 0.264815 0.037485 0.135185
0 1721 0.457678 0.187500 0.036276 0.134259
0 1722 0.443168 0.153704 0.035067 0.125926
0 1723 0.365780 0.180556 0.035067 0.118519
0 1724 0.089480 0.258796 0.044740 0.149074
0 1725 0.154172 0.289815 0.039903 0.142593
0 1726 0.183192 0.305093 0.044740 0.121296
0 1727 0.530532 0.778704 0.048972 0.172222
0 1728 0.767231 0.597685 0.043531 0.150926
0 1729 0.739420 0.464815 0.044740 0.144444
0 1730 0.699819 0.487963 0.056227 0.142593
0 1732 0.020859 0.217130 0.039299 0.128704
0 1733 0.096131 0.191667 0.045949 0.140741
0 1734 0.119105 0.152315 0.037485 0.126852
0 1735 0.152358 0.181944 0.030230 0.121296
0 1736 0.252116 0.147685 0.035067 0.123148
0 1737 0.282346 0.139815 0.035067 0.114815
0 1738 0.142080 0.114815 0.039903 0.142593
0 1739 0.065296 0.087963 0.036276 0.131481
0 1740 0.139057 0.261111 0.037485 0.144444
0 1741 0.609432 0.127778 0.030230 0.124074
0 1742 0.640266 0.120370 0.030230 0.135185
0 1743 0.652358 0.099074 0.025393 0.125926
0 1744 0.193470 0.428241 0.036276 0.149074
0 1747 0.130895 0.377315 0.036880 0.149074
0 1748 0.099154 0.368981 0.039903 0.149074
0 1749 0.590387 0.350463 0.036880 0.134259
0 1750 0.561064 0.368519 0.043531 0.129630
0 1751 0.171705 0.403241 0.039903 0.156481
0 1752 0.217654 0.412963 0.037485 0.148148
0 1753 0.311366 0.581944 0.042322 0.165741
0 1754 0.279625 0.609259 0.041717 0.162963
0 1761 0.775091 0.343056 0.045949 0.160185
0 1762 0.975212 0.262963 0.036276 0.148148
0 1768 0.004837 0.798611 0.008464 0.162037
0 1769 0.979444 0.206944 0.031439 0.121296
0 1770 0.948609 0.181019 0.032648 0.143519
0 1771 0.986699 0.077315 0.025393 0.123148
0 1772 0.960097 0.068056 0.030230 0.121296
0 1775 0.897823 0.180556 0.039903 0.129630
0 1783 0.019045 0.128241 0.036880 0.134259
0 1786 0.083736 0.171759 0.036880 0.126852
0 1787 0.064692 0.119444 0.037485 0.140741
0 1788 0.325877 0.180556 0.031439 0.125926
0 1790 0.594015 0.272685 0.039299 0.132407
0 1791 0.169589 0.132407 0.032044 0.140741
0 1792 0.564087 0.217130 0.035067 0.128704
0 1793 0.631197 0.205556 0.037485 0.135185
0 1794 0.310762 0.158333 0.033857 0.137037
0 1795 0.596735 0.192130 0.037485 0.132407
0 1796 0.386638 0.129630 0.032044 0.144444
0 1797 0.645103 0.144907 0.039903 0.139815
0 1801 0.643894 0.077778 0.037485 0.142593
0 1802 0.607013 0.069907 0.042322 0.117593
0 1803 0.557437 0.039352 0.035067 0.076852
0 1804 0.531439 0.037963 0.039903 0.074074
0 1805 0.447098 0.105093 0.039299 0.137963
0 1806 0.447400 0.038426 0.030230 0.075000
0 1812 0.120617 0.125000 0.032044 0.135185
0 1813 0.165659 0.037037 0.030230 0.072222
0 1814 0.300484 0.043056 0.032648 0.084259
0 1816 0.212213 0.046296 0.035067 0.090741
0 1817 0.237001 0.048148 0.035067 0.094444
0 1820 0.391173 0.086111 0.035067 0.124074
0 1821 0.178356 0.075926 0.030230 0.124074
0 1822 0.233374 0.084259 0.032648 0.129630
0 1823 0.263603 0.075926 0.035067 0.118519
0 1825 0.498186 0.134722 0.033857 0.126852
0 1826 0.483676 0.114352 0.036276 0.132407
0 1827 0.412031 0.098148 0.032044 0.096296
0 1828 0.371826 0.076389 0.025393 0.110185
0 1829 0.366687 0.082407 0.034462 0.129630
0 1830 0.290810 0.115278 0.032648 0.115741
0 1831 0.335550 0.091204 0.030230 0.117593
0 1832 0.323156 0.064815 0.028416 0.111111
0 1833 0.479141 0.046759 0.036880 0.091667
0 1834 0.378174 0.123611 0.033253 0.128704
0 1835 0.349456 0.110648 0.031439 0.121296
0 1836 0.093108 0.096296 0.035067 0.129630
0 1837 0.298670 0.083796 0.032648 0.123148
0 1838 0.110036 0.014352 0.029021 0.026852
0 1839 0.182285 0.034259 0.034462 0.066667
0 1840 0.165961 0.149074 0.027207 0.107407
0 1841 0.181378 0.032870 0.031439 0.063889
0 1943 0.193470 0.143519 0.035067 0.142593
