0 1168 0.558343 0.897685 0.040508 0.171296
0 1169 0.560459 0.936574 0.041112 0.128704
0 1175 0.389057 0.562037 0.036880 0.135185
0 1176 0.145707 0.726852 0.043531 0.164815
0 1188 0.808948 0.931944 0.048368 0.134259
0 1193 0.796252 0.948148 0.048368 0.105556
0 1194 0.767231 0.966204 0.050786 0.067593
0 1197 0.333132 0.355556 0.048368 0.137037
0 1198 0.221886 0.364815 0.032648 0.140741
0 1199 0.267231 0.498148 0.041112 0.153704
0 1200 0.347037 0.376852 0.037485 0.148148
0 1206 0.218863 0.385185 0.042322 0.146296
0 1208 0.632406 0.963889 0.051995 0.074074
0 1209 0.672914 0.953704 0.042322 0.094444
0 1210 0.619407 0.950000 0.041717 0.101852
0 1242 0.039299 0.564815 0.041112 0.164815
0 1243 0.451330 0.831481 0.046554 0.187037
0 1244 0.009371 0.475926 0.017533 0.157407
0 1246 0.709794 0.600926 0.041112 0.151852
0 1247 0.763603 0.580556 0.051995 0.162963
0 1249 0.798065 0.493056 0.047158 0.136111
0 1250 0.844921 0.608796 0.044135 0.149074
0 1251 0.810459 0.621759 0.044135 0.156481
0 1252 0.804716 0.746296 0.045949 0.150000
0 1275 0.574365 0.953241 0.045949 0.095370
0 1276 0.570435 0.978704 0.033253 0.044444
0 1279 0.241536 0.918056 0.051391 0.165741
0 1280 0.234885 0.905556 0.039299 0.181481
0 1281 0.896614 0.945833 0.043531 0.110185
0 1282 0.950121 0.958796 0.032044 0.084259
0 1283 0.977328 0.951389 0.039299 0.099074
0 1284 0.841596 0.382870 0.036276 0.134259
0 1285 0.865175 0.378241 0.037485 0.121296
0 1287 0.067715 0.967130 0.044740 0.067593
0 1288 0.123640 0.954630 0.042926 0.090741
0 1306 0.294740 0.670370 0.047763 0.159259
0 1307 0.351572 0.634722 0.042926 0.163889
0 1308 0.376965 0.657407 0.036880 0.131481
0 1314 0.559855 0.948611 0.037485 0.102778
0 1317 0.512394 0.937037 0.055018 0.124074
0 1320 0.843712 0.744907 0.056227 0.156481
0 1321 0.012696 0.543056 0.024184 0.160185
0 1325 0.234281 0.605093 0.039299 0.152778
0 1326 0.237606 0.583333 0.033857 0.148148
0 1328 0.185913 0.594907 0.041717 0.139815
0 1329 0.202842 0.555093 0.041717 0.143519
0 1330 0.163845 0.579167 0.039903 0.150926
0 1342 0.165961 0.692593 0.044135 0.151852
0 1343 0.382104 0.249074 0.032648 0.131481
0 1344 0.406892 0.259722 0.029021 0.132407
0 1345 0.164450 0.655556 0.032648 0.129630
0 1365 0.712817 0.966667 0.044740 0.068519
0 1394 0.674123 0.979630 0.037485 0.042593
0 1412 0.713422 0.402315 0.037485 0.128704
0 1413 0.752721 0.415278 0.038694 0.139815
0 1444 0.267231 0.399074 0.037485 0.142593
0 1445 0.248489 0.412037 0.035067 0.142593
0 1490 0.928053 0.708796 0.042322 0.136111
0 1501 0.309553 0.975926 0.038694 0.050000
0 1502 0.458585 0.985185 0.039299 0.031481
0 1531 0.538089 0.540741 0.038694 0.157407
0 1549 0.317715 0.790741 0.046554 0.162963
0 1555 0.919891 0.740741 0.044135 0.146296
0 1556 0.888452 0.744907 0.034462 0.126852
0 1557 0.568924 0.517130 0.038694 0.150926
0 1567 0.348851 0.500000 0.037485 0.131481
0 1570 0.298670 0.510648 0.037485 0.156481
0 1573 0.472793 0.454630 0.027811 0.135185
0 1592 0.361850 0.725463 0.044135 0.160185
0 1593 0.072854 0.765741 0.056227 0.151852
0 1594 0.378779 0.755556 0.044135 0.168519
0 1595 0.187122 0.787963 0.068319 0.175926
0 1637 0.273579 0.985185 0.032044 0.031481
0 1638 0.260278 0.829167 0.063482 0.162037
0 1639 0.379081 0.841204 0.059250 0.165741
0 1640 0.340387 0.836574 0.048368 0.143519
0 1650 0.448005 0.757407 0.045949 0.151852
0 1653 0.674728 0.737037 0.043531 0.151852
0 1654 0.385429 0.462963 0.034462 0.109259
0 1655 0.465236 0.562500 0.036880 0.139815
0 1657 0.449819 0.518056 0.038694 0.104630
0 1660 0.462515 0.428241 0.032648 0.139815
0 1661 0.491838 0.420370 0.034462 0.148148
0 1662 0.271765 0.767593 0.045345 0.170370
0 1667 0.436518 0.446296 0.027811 0.124074
0 1668 0.518742 0.603241 0.038694 0.128704
0 1675 0.500000 0.282870 0.035067 0.100926
0 1676 0.483676 0.265278 0.035067 0.134259
0 1677 0.777811 0.315741 0.056227 0.138889
0 1678 0.822249 0.223611 0.042322 0.123148
0 1679 0.802600 0.332407 0.025998 0.114815
0 1682 0.979444 0.574074 0.039903 0.148148
0 1685 0.957981 0.878241 0.058646 0.154630
0 1690 0.638452 0.829630 0.043531 0.164815
0 1695 0.688634 0.199074 0.032648 0.124074
0 1696 0.601572 0.177315 0.035067 0.126852
0 1697 0.622733 0.193056 0.032648 0.137963
0 1699 0.669891 0.187500 0.036276 0.126852
0 1701 0.616989 0.238889 0.036880 0.142593
0 1702 0.556227 0.243981 0.039903 0.137963
0 1703 0.861245 0.153704 0.035671 0.124074
0 1704 0.644498 0.281019 0.044740 0.139815
0 1705 0.626360 0.308333 0.035067 0.129630
0 1706 0.779323 0.385648 0.038694 0.134259
0 1707 0.657497 0.397222 0.044135 0.151852
0 1708 0.611245 0.435185 0.044740 0.148148
0 1709 0.764813 0.419907 0.027811 0.093519
0 1710 0.668077 0.442130 0.039903 0.134259
0 1711 0.549274 0.318056 0.034462 0.130556
0 1712 0.522672 0.331481 0.034462 0.122222
0 1713 0.542624 0.192593 0.036880 0.135185
0 1714 0.522672 0.202315 0.027207 0.121296
0 1715 0.710097 0.427315 0.048972 0.149074
0 1716 0.616989 0.493056 0.039299 0.145370
0 1717 0.648126 0.502778 0.038694 0.153704
0 1718 0.666868 0.489352 0.041112 0.150926
0 1719 0.378779 0.209722 0.036880 0.115741
0 1720 0.296856 0.289815 0.037485 0.135185
0 1721 0.455562 0.218056 0.038089 0.134259
0 1722 0.451330 0.181019 0.035671 0.126852
0 1723 0.355502 0.198148 0.035067 0.118519
0 1724 0.071644 0.289815 0.044135 0.148148
0 1725 0.124244 0.318519 0.029625 0.142593
0 1726 0.152660 0.335185 0.034462 0.140741
0 1727 0.504837 0.822685 0.048368 0.176852
0 1728 0.767533 0.630093 0.044135 0.156481
0 1729 0.779323 0.465741 0.054414 0.142593
0 1730 0.738513 0.490741 0.050181 0.142593
0 1732 0.016626 0.230556 0.032044 0.129630
0 1733 0.081620 0.206481 0.045949 0.140741
0 1734 0.119105 0.171759 0.037485 0.126852
0 1735 0.148730 0.198611 0.029021 0.121296
0 1736 0.246675 0.161111 0.035067 0.124074
0 1737 0.286880 0.141667 0.034462 0.112963
0 1738 0.133918 0.131019 0.038089 0.143519
0 1739 0.053809 0.104630 0.036276 0.131481
0 1740 0.123640 0.292593 0.039299 0.157407
0 1741 0.646010 0.140278 0.030834 0.123148
0 1742 0.668077 0.130556 0.030230 0.135185
0 1743 0.660822 0.101852 0.022975 0.125926
0 1744 0.178356 0.444444 0.036276 0.148148
0 1747 0.106711 0.406481 0.036880 0.151852
0 1748 0.076784 0.396759 0.038694 0.149074
0 1749 0.614268 0.371296 0.037485 0.135185
0 1750 0.584039 0.387500 0.043531 0.126852
0 1751 0.151149 0.424074 0.041112 0.157407
0 1752 0.200423 0.427315 0.041717 0.149074
0 1753 0.306227 0.602778 0.046554 0.164815
0 1754 0.271161 0.645370 0.041717 0.162963
0 1761 0.795042 0.369444 0.045949 0.161111
0 1762 0.981862 0.300926 0.035067 0.148148
0 1767 0.044135 0.871759 0.062878 0.149074
0 1768 0.040508 0.819907 0.060459 0.160185
0 1769 0.983978 0.239352 0.029625 0.121296
0 1770 0.950726 0.217130 0.032044 0.145370
0 1771 0.985490 0.096296 0.027811 0.133333
0 1772 0.957074 0.087500 0.030230 0.121296
0 1773 0.971584 0.028241 0.029021 0.054630
0 1774 0.948609 0.026852 0.027811 0.051852
0 1775 0.880290 0.200000 0.039903 0.129630
0 1783 0.015115 0.153241 0.029021 0.134259
0 1786 0.072249 0.191204 0.036880 0.126852
0 1787 0.047763 0.141667 0.037485 0.140741
0 1788 0.316808 0.205556 0.031439 0.125926
0 1790 0.600060 0.303704 0.039299 0.137037
0 1791 0.157799 0.150000 0.032648 0.140741
0 1792 0.571947 0.243981 0.035067 0.128704
0 1793 0.638755 0.234259 0.039299 0.135185
0 1794 0.298368 0.183796 0.035671 0.137963
0 1795 0.600967 0.215741 0.037485 0.131481
0 1796 0.354595 0.155093 0.033253 0.143519
0 1797 0.648730 0.160648 0.038694 0.139815
0 1801 0.641475 0.096296 0.037485 0.142593
0 1802 0.604897 0.085648 0.038089 0.117593
0 1803 0.569831 0.049537 0.039299 0.097222
0 1804 0.533857 0.045833 0.039903 0.089815
0 1805 0.453748 0.117130 0.039299 0.137963
0 1806 0.447703 0.039815 0.029625 0.077778
0 1808 0.544438 0.028241 0.032044 0.054630
0 1812 0.123035 0.134722 0.033253 0.136111
0 1813 0.149940 0.047222 0.030230 0.092593
0 1814 0.279625 0.058333 0.034462 0.114815
0 1815 0.194075 0.043981 0.032648 0.086111
0 1816 0.200726 0.057870 0.035067 0.112037
0 1817 0.221886 0.057870 0.035067 0.110185
0 1820 0.388150 0.113889 0.038694 0.124074
0 1821 0.195586 0.102778 0.032044 0.124074
0 1822 0.232467 0.108796 0.036880 0.132407
0 1823 0.265719 0.091204 0.034462 0.117593
0 1825 0.475212 0.157407 0.037485 0.131481
0 1826 0.455562 0.135648 0.038089 0.132407
0 1827 0.417775 0.115278 0.031439 0.095370
0 1828 0.382406 0.090278 0.024788 0.110185
0 1829 0.368803 0.098148 0.035067 0.129630
0 1830 0.285973 0.124537 0.032648 0.115741
0 1831 0.345224 0.106019 0.030230 0.117593
0 1832 0.328597 0.075926 0.028416 0.112963
0 1833 0.459794 0.060185 0.036880 0.118519
0 1834 0.365175 0.137037 0.035067 0.129630
0 1835 0.339782 0.121759 0.032648 0.121296
0 1836 0.079807 0.112037 0.035067 0.129630
0 1837 0.308343 0.101389 0.032648 0.123148
0 1838 0.141475 0.018519 0.029021 0.035185
0 1839 0.167775 0.042130 0.034462 0.082407
0 1840 0.159613 0.164815 0.026602 0.107407
0 1841 0.169287 0.043981 0.033857 0.086111
0 1943 0.184401 0.157407 0.037485 0.142593
0 1944 0.574667 0.029630 0.034462 0.057407
