0 1168 0.557739 0.897685 0.044135 0.171296
0 1169 0.555623 0.936574 0.041112 0.128704
0 1175 0.389057 0.564815 0.036880 0.135185
0 1176 0.256348 0.669907 0.042322 0.165741
0 1188 0.744861 0.838426 0.048368 0.169444
0 1193 0.729444 0.874537 0.058646 0.180556
0 1194 0.706771 0.903241 0.047158 0.165741
0 1197 0.331620 0.353704 0.039299 0.168519
0 1198 0.282648 0.342593 0.032044 0.140741
0 1199 0.330411 0.391667 0.039299 0.142593
0 1200 0.365478 0.350463 0.036880 0.145370
0 1206 0.259976 0.357407 0.042322 0.146296
0 1208 0.633615 0.963889 0.051995 0.074074
0 1209 0.673519 0.954167 0.042322 0.093519
0 1210 0.625151 0.950463 0.041112 0.100926
0 1224 0.849456 0.971296 0.033857 0.059259
0 1225 0.884220 0.966667 0.040508 0.066667
0 1240 0.051995 0.436111 0.033857 0.120370
0 1242 0.116687 0.456944 0.038694 0.158333
0 1243 0.543531 0.687500 0.045949 0.187963
0 1244 0.084039 0.379167 0.032648 0.156481
0 1245 0.065296 0.504630 0.050786 0.157407
0 1246 0.689238 0.494444 0.042322 0.146296
0 1247 0.717956 0.468056 0.051391 0.154630
0 1249 0.701632 0.408796 0.040508 0.134259
0 1250 0.836457 0.481481 0.044135 0.142593
0 1251 0.811366 0.492593 0.044740 0.157407
0 1252 0.790206 0.634722 0.045949 0.152778
0 1259 0.983374 0.912500 0.032044 0.158333
0 1260 0.950423 0.917593 0.050786 0.166667
0 1261 0.810762 0.888889 0.041112 0.118519
0 1262 0.846433 0.876852 0.045949 0.155556
0 1263 0.875151 0.898611 0.036880 0.121296
0 1266 0.784160 0.931019 0.058041 0.139815
0 1275 0.605502 0.850926 0.053809 0.174074
0 1276 0.601874 0.896296 0.047763 0.166667
0 1277 0.987606 0.701389 0.023579 0.147222
0 1278 0.972189 0.699074 0.044740 0.146296
0 1279 0.316808 0.897222 0.049577 0.179630
0 1280 0.288089 0.884259 0.038089 0.172222
0 1281 0.824970 0.785185 0.036880 0.140741
0 1282 0.864873 0.826389 0.044135 0.137963
0 1283 0.902963 0.825000 0.051391 0.170370
0 1284 0.842805 0.385185 0.035067 0.135185
0 1285 0.862455 0.379630 0.044135 0.114815
0 1287 0.085248 0.874537 0.048368 0.165741
0 1288 0.120919 0.853241 0.047158 0.173148
0 1289 0.085248 0.954630 0.053204 0.092593
0 1290 0.051391 0.948148 0.047158 0.105556
0 1306 0.294438 0.670370 0.049577 0.159259
0 1307 0.353386 0.638426 0.041717 0.165741
0 1308 0.377570 0.659722 0.036880 0.132407
0 1314 0.550786 0.948148 0.036276 0.103704
0 1317 0.505744 0.933796 0.052600 0.134259
0 1320 0.833736 0.626852 0.050786 0.153704
0 1321 0.074970 0.446296 0.047158 0.151852
0 1325 0.235187 0.603241 0.038694 0.156481
0 1326 0.237001 0.585185 0.033857 0.148148
0 1328 0.187122 0.600463 0.041717 0.139815
0 1329 0.203748 0.553241 0.042322 0.143519
0 1330 0.165961 0.573611 0.039299 0.150926
0 1342 0.282950 0.638889 0.047158 0.153704
0 1343 0.384522 0.253241 0.033857 0.130556
0 1344 0.408102 0.256944 0.029021 0.132407
0 1345 0.287485 0.602778 0.032044 0.129630
0 1365 0.712817 0.962963 0.044740 0.075926
0 1394 0.677751 0.980093 0.037485 0.041667
0 1412 0.715840 0.399537 0.038694 0.128704
0 1413 0.752721 0.410648 0.038694 0.134259
0 1444 0.267231 0.394444 0.038694 0.138889
0 1445 0.249093 0.411574 0.035067 0.143519
0 1490 0.909311 0.685648 0.041112 0.137963
0 1501 0.304111 0.977778 0.037485 0.046296
0 1502 0.461608 0.985185 0.039299 0.031481
0 1531 0.546252 0.574074 0.039299 0.157407
0 1549 0.320133 0.790741 0.046554 0.162963
0 1555 0.878779 0.701852 0.036880 0.148148
0 1556 0.860943 0.713426 0.033857 0.121296
0 1557 0.597037 0.584722 0.041717 0.154630
0 1567 0.348851 0.495833 0.037485 0.132407
0 1570 0.288089 0.505556 0.034462 0.157407
0 1572 0.159915 0.944907 0.042926 0.110185
0 1573 0.474607 0.451852 0.027811 0.135185
0 1592 0.359432 0.727778 0.042926 0.159259
0 1593 0.257860 0.808333 0.045345 0.157407
0 1594 0.381197 0.754630 0.039299 0.168519
0 1595 0.322854 0.738426 0.048368 0.182407
0 1637 0.162938 0.922685 0.047763 0.156481
0 1638 0.087364 0.794907 0.055018 0.173148
0 1639 0.223700 0.841204 0.051995 0.175000
0 1640 0.191052 0.833796 0.042322 0.137963
0 1650 0.452842 0.762037 0.047158 0.151852
0 1653 0.672914 0.727315 0.047158 0.150926
0 1654 0.387243 0.459722 0.034462 0.106481
0 1655 0.465538 0.560648 0.036276 0.139815
0 1657 0.449516 0.518056 0.039299 0.104630
0 1660 0.464329 0.428241 0.032648 0.139815
0 1661 0.496372 0.416204 0.033857 0.149074
0 1662 0.356711 0.697222 0.049577 0.153704
0 1667 0.439541 0.444444 0.027811 0.124074
0 1668 0.493954 0.525463 0.039903 0.123148
0 1675 0.533857 0.396759 0.035067 0.104630
0 1676 0.508767 0.377778 0.038089 0.137037
0 1677 0.865478 0.208333 0.039299 0.146296
0 1678 0.891173 0.145833 0.039903 0.123148
0 1679 0.886941 0.236111 0.029021 0.107407
0 1682 0.949214 0.429630 0.044740 0.148148
0 1683 0.978839 0.444444 0.038694 0.140741
0 1685 0.861245 0.646296 0.047763 0.153704
0 1688 0.838573 0.716667 0.041112 0.150000
0 1689 0.899637 0.733796 0.038694 0.139815
0 1690 0.682285 0.609259 0.039299 0.148148
0 1691 0.874849 0.768056 0.039903 0.162037
0 1694 0.903869 0.918519 0.050786 0.148148
0 1695 0.691052 0.125000 0.033857 0.120370
0 1696 0.601270 0.123611 0.033253 0.117593
0 1697 0.628779 0.140278 0.032648 0.136111
0 1699 0.668077 0.121759 0.037485 0.123148
0 1701 0.599758 0.152315 0.036276 0.139815
0 1702 0.529323 0.144907 0.034462 0.137963
0 1703 0.721282 0.138426 0.036276 0.121296
0 1704 0.657195 0.185648 0.039903 0.126852
0 1705 0.605804 0.192130 0.032648 0.115741
0 1706 0.697098 0.290278 0.039903 0.134259
0 1707 0.628779 0.278704 0.041112 0.148148
0 1708 0.599154 0.304630 0.041112 0.131481
0 1709 0.683192 0.311111 0.026602 0.092593
0 1710 0.636034 0.326852 0.035067 0.135185
0 1711 0.530834 0.226389 0.033857 0.128704
0 1712 0.495163 0.233333 0.030230 0.114815
0 1713 0.521161 0.124074 0.037485 0.135185
0 1714 0.499395 0.122222 0.027811 0.112963
0 1715 0.675333 0.325000 0.041112 0.148148
0 1716 0.611850 0.399074 0.038694 0.140741
0 1717 0.633615 0.411111 0.037485 0.146296
0 1718 0.660218 0.395833 0.039903 0.150926
0 1719 0.415357 0.143056 0.035067 0.115741
0 1720 0.366385 0.205093 0.035067 0.130556
0 1721 0.451028 0.111574 0.033857 0.134259
0 1722 0.437122 0.096296 0.035067 0.125926
0 1723 0.388755 0.130556 0.030230 0.118519
0 1724 0.148730 0.174074 0.041112 0.148148
0 1725 0.251511 0.223611 0.036276 0.137963
0 1726 0.278718 0.245370 0.038694 0.124074
0 1727 0.600060 0.671296 0.048972 0.157407
0 1728 0.766626 0.499074 0.044740 0.140741
0 1729 0.597944 0.471296 0.051995 0.142593
0 1730 0.532044 0.475926 0.050786 0.142593
0 1732 0.017231 0.161111 0.033253 0.125926
0 1733 0.124244 0.137037 0.044135 0.133333
0 1734 0.155683 0.113426 0.035671 0.126852
0 1735 0.178356 0.127315 0.027811 0.121296
0 1736 0.255139 0.114352 0.033857 0.117593
0 1737 0.277811 0.115278 0.034462 0.123148
0 1738 0.159008 0.085185 0.039903 0.142593
0 1739 0.090387 0.052778 0.029625 0.103704
0 1740 0.172310 0.191204 0.032648 0.137963
0 1741 0.499093 0.100926 0.029625 0.124074
0 1742 0.551693 0.088889 0.032044 0.125926
0 1743 0.590992 0.085648 0.027207 0.126852
0 1744 0.223398 0.377315 0.039299 0.149074
0 1745 0.043531 0.287037 0.039903 0.140741
0 1746 0.068017 0.280556 0.034462 0.129630
0 1747 0.194680 0.303241 0.036276 0.145370
0 1748 0.168077 0.301389 0.039903 0.145370
0 1749 0.523277 0.283796 0.036880 0.128704
0 1750 0.501814 0.310185 0.039903 0.135185
0 1751 0.224909 0.333333 0.038694 0.148148
0 1752 0.264813 0.379167 0.037485 0.143519
0 1753 0.318319 0.490741 0.041717 0.179630
0 1754 0.257557 0.500926 0.041112 0.151852
0 1755 0.045647 0.419907 0.034462 0.132407
0 1756 0.009674 0.437500 0.018138 0.156481
0 1757 0.004232 0.388889 0.007255 0.137037
0 1758 0.004232 0.363426 0.007255 0.150926
0 1759 0.042926 0.337500 0.038694 0.128704
0 1761 0.714027 0.268519 0.045949 0.157407
0 1762 0.972189 0.156019 0.036276 0.132407
0 1769 0.966747 0.109722 0.031439 0.112037
0 1770 0.935611 0.091667 0.032044 0.137037
0 1771 0.988815 0.036574 0.021161 0.071296
0 1772 0.959794 0.031944 0.029625 0.062037
0 1775 0.932285 0.133333 0.039903 0.129630
0 1783 0.048065 0.059722 0.044135 0.117593
0 1786 0.109432 0.131019 0.037485 0.126852
0 1787 0.096735 0.067130 0.037485 0.132407
0 1788 0.358827 0.111111 0.032044 0.122222
0 1790 0.582225 0.191204 0.039903 0.123148
0 1791 0.186820 0.093519 0.032648 0.140741
0 1792 0.545345 0.151389 0.033857 0.128704
0 1793 0.632104 0.143519 0.034462 0.135185
0 1794 0.342503 0.094907 0.033253 0.134259
0 1795 0.588875 0.137500 0.037485 0.132407
0 1796 0.462213 0.062500 0.032044 0.123148
0 1797 0.645103 0.092593 0.037485 0.129630
0 1802 0.619105 0.037037 0.037485 0.072222
0 1805 0.437727 0.055093 0.035067 0.108333
0 1806 0.456167 0.033796 0.030834 0.065741
0 1812 0.132406 0.069907 0.031439 0.119444
0 1820 0.395707 0.034722 0.032044 0.067593
0 1823 0.246675 0.050926 0.032648 0.100000
0 1825 0.561971 0.076389 0.034462 0.121296
0 1826 0.544740 0.062963 0.036276 0.124074
0 1827 0.402660 0.062963 0.030230 0.096296
0 1829 0.356711 0.050926 0.035067 0.100000
0 1830 0.288996 0.076389 0.030230 0.115741
0 1831 0.322551 0.052778 0.029625 0.103704
0 1833 0.504534 0.024074 0.030834 0.046296
0 1834 0.407799 0.083796 0.032044 0.115741
0 1835 0.380290 0.079630 0.030230 0.120370
0 1836 0.128174 0.059722 0.035067 0.112037
0 1837 0.285973 0.046759 0.032648 0.091667
0 1840 0.194680 0.106019 0.026602 0.104630
0 1943 0.215840 0.088889 0.035067 0.138889
