0 1168 0.558041 0.897685 0.043531 0.171296
0 1169 0.554414 0.936574 0.041112 0.128704
0 1175 0.389057 0.564815 0.036880 0.135185
0 1176 0.236397 0.680093 0.042322 0.165741
0 1188 0.750302 0.853704 0.048368 0.161111
0 1193 0.740629 0.891667 0.059250 0.179630
0 1194 0.722189 0.917130 0.046554 0.160185
0 1197 0.331620 0.353241 0.040508 0.160185
0 1198 0.277509 0.343519 0.032648 0.140741
0 1199 0.321040 0.407870 0.041112 0.143519
0 1200 0.364873 0.357407 0.036880 0.148148
0 1206 0.257557 0.361111 0.042322 0.146296
0 1208 0.633615 0.963889 0.051995 0.074074
0 1209 0.673519 0.954167 0.042322 0.093519
0 1210 0.624547 0.950000 0.041112 0.101852
0 1224 0.846131 0.987037 0.027207 0.027778
0 1225 0.880895 0.980556 0.033857 0.038889
0 1240 0.037183 0.459259 0.034462 0.131481
0 1242 0.102177 0.475926 0.042322 0.159259
0 1243 0.533857 0.710648 0.047158 0.182407
0 1244 0.064994 0.400463 0.032044 0.156481
0 1245 0.050786 0.524537 0.047158 0.160185
0 1246 0.695586 0.513889 0.041717 0.146296
0 1247 0.730351 0.490741 0.051995 0.157407
0 1249 0.724305 0.423611 0.039903 0.134259
0 1250 0.840085 0.504167 0.044135 0.143519
0 1251 0.814994 0.516667 0.044740 0.157407
0 1252 0.792624 0.655556 0.045949 0.155556
0 1259 0.988210 0.939352 0.022370 0.123148
0 1260 0.954051 0.935648 0.050786 0.130556
0 1261 0.812273 0.925463 0.041717 0.113889
0 1262 0.847642 0.906944 0.045949 0.147222
0 1263 0.874547 0.931481 0.036880 0.112963
0 1266 0.783253 0.950463 0.057437 0.100926
0 1275 0.609734 0.876852 0.051391 0.168519
0 1276 0.596735 0.924537 0.043531 0.152778
0 1278 0.974002 0.727315 0.044740 0.145370
0 1279 0.283253 0.908333 0.045345 0.179630
0 1280 0.270254 0.896759 0.037485 0.184259
0 1281 0.834039 0.813889 0.036880 0.144444
0 1282 0.875151 0.854167 0.044135 0.137963
0 1283 0.918682 0.858796 0.050181 0.175000
0 1284 0.842503 0.385185 0.035671 0.135185
0 1285 0.863059 0.379630 0.044135 0.118519
0 1287 0.086155 0.903704 0.050181 0.164815
0 1288 0.126360 0.887500 0.047158 0.178704
0 1289 0.072551 0.966667 0.053204 0.068519
0 1290 0.037485 0.962037 0.043531 0.077778
0 1306 0.294438 0.670370 0.049577 0.159259
0 1307 0.352177 0.638426 0.041717 0.165741
0 1308 0.377570 0.659259 0.036880 0.131481
0 1314 0.553204 0.948611 0.036276 0.102778
0 1317 0.508162 0.933796 0.055018 0.134259
0 1320 0.835550 0.647222 0.054414 0.153704
0 1321 0.059250 0.465741 0.047158 0.151852
0 1325 0.234583 0.603241 0.038694 0.156481
0 1326 0.237001 0.587037 0.033857 0.148148
0 1328 0.186518 0.599537 0.041717 0.139815
0 1329 0.203446 0.553241 0.041717 0.143519
0 1330 0.165357 0.575463 0.039299 0.150926
0 1342 0.264813 0.646296 0.037485 0.153704
0 1343 0.383918 0.252778 0.033857 0.129630
0 1344 0.407497 0.257870 0.029021 0.132407
0 1345 0.266022 0.614815 0.032648 0.129630
0 1365 0.712817 0.963426 0.044740 0.075000
0 1394 0.677146 0.980093 0.037485 0.041667
0 1412 0.715840 0.400926 0.037485 0.131481
0 1413 0.753930 0.411574 0.038694 0.136111
0 1444 0.266929 0.394907 0.038089 0.139815
0 1445 0.249093 0.412037 0.035067 0.142593
0 1490 0.923821 0.699074 0.044740 0.137037
0 1501 0.305925 0.977778 0.037485 0.046296
0 1502 0.461004 0.985185 0.039299 0.031481
0 1531 0.548065 0.564815 0.039299 0.157407
0 1549 0.319528 0.790741 0.046554 0.162963
0 1555 0.889057 0.709259 0.036880 0.148148
0 1556 0.870617 0.721296 0.033857 0.122222
0 1557 0.595526 0.572685 0.042322 0.154630
0 1567 0.348851 0.496759 0.037485 0.132407
0 1570 0.291717 0.507870 0.034462 0.156481
0 1572 0.141173 0.950926 0.044135 0.098148
0 1573 0.474607 0.451852 0.027811 0.135185
0 1592 0.360036 0.727315 0.042926 0.160185
0 1593 0.225514 0.798611 0.044740 0.156481
0 1594 0.380593 0.754630 0.039299 0.168519
0 1595 0.308343 0.744907 0.048368 0.180556
0 1637 0.186518 0.934722 0.046554 0.132407
0 1638 0.126360 0.811574 0.058041 0.173148
0 1639 0.250000 0.846759 0.055018 0.171296
0 1640 0.208888 0.839352 0.047763 0.137963
0 1650 0.452237 0.760185 0.047158 0.151852
0 1653 0.672914 0.728241 0.047158 0.150926
0 1654 0.387243 0.460185 0.034462 0.107407
0 1655 0.465538 0.560648 0.036276 0.139815
0 1657 0.449516 0.518056 0.039299 0.104630
0 1660 0.463724 0.428241 0.032648 0.139815
0 1661 0.495466 0.415741 0.033253 0.148148
0 1662 0.337364 0.701852 0.043531 0.159259
0 1667 0.438634 0.445370 0.027207 0.124074
0 1668 0.499395 0.543056 0.041112 0.126852
0 1675 0.513906 0.374074 0.035067 0.101852
0 1676 0.490629 0.354167 0.036880 0.134259
0 1677 0.844921 0.223148 0.039299 0.146296
0 1678 0.888150 0.160648 0.039903 0.123148
0 1679 0.870919 0.250000 0.030834 0.107407
0 1682 0.955260 0.454630 0.045949 0.148148
0 1683 0.982467 0.468981 0.032648 0.139815
0 1685 0.855502 0.683333 0.048368 0.153704
0 1688 0.868803 0.751852 0.042322 0.148148
0 1689 0.936820 0.766204 0.032044 0.126852
0 1690 0.664450 0.646759 0.041112 0.154630
0 1691 0.915357 0.806944 0.039903 0.162037
0 1694 0.914148 0.935648 0.051995 0.126852
0 1695 0.688029 0.138889 0.035067 0.125926
0 1696 0.597642 0.132407 0.034462 0.118519
0 1697 0.623942 0.149537 0.032648 0.137963
0 1699 0.666868 0.135648 0.037485 0.126852
0 1701 0.602479 0.170370 0.036880 0.142593
0 1702 0.525998 0.161111 0.033857 0.137037
0 1703 0.743047 0.143056 0.036276 0.121296
0 1704 0.654776 0.202778 0.041112 0.129630
0 1705 0.607920 0.212500 0.032044 0.115741
0 1706 0.710399 0.308796 0.039903 0.134259
0 1707 0.635127 0.300463 0.042926 0.150926
0 1708 0.603688 0.331944 0.044135 0.136111
0 1709 0.695889 0.336574 0.027811 0.093519
0 1710 0.638452 0.348148 0.035067 0.135185
0 1711 0.532648 0.242130 0.032648 0.128704
0 1712 0.501814 0.250000 0.030230 0.114815
0 1713 0.521463 0.135185 0.036880 0.135185
0 1714 0.498791 0.135185 0.027811 0.114815
0 1715 0.674426 0.343519 0.040508 0.148148
0 1716 0.613059 0.418981 0.038694 0.141667
0 1717 0.636941 0.427778 0.039299 0.146296
0 1718 0.660218 0.410648 0.039903 0.150926
0 1719 0.409915 0.156019 0.035067 0.115741
0 1720 0.352781 0.218519 0.035671 0.135185
0 1721 0.451632 0.128241 0.033857 0.134259
0 1722 0.435308 0.110185 0.035067 0.125926
0 1723 0.384522 0.137037 0.030230 0.118519
0 1724 0.133313 0.195833 0.044135 0.150926
0 1725 0.227328 0.235648 0.036276 0.136111
0 1726 0.256046 0.261574 0.041717 0.130556
0 1727 0.583132 0.700000 0.048972 0.159259
0 1728 0.768440 0.521296 0.044740 0.140741
0 1729 0.637848 0.472222 0.050786 0.148148
0 1730 0.573761 0.481019 0.054414 0.141667
0 1732 0.022370 0.179630 0.038694 0.125926
0 1733 0.114268 0.151852 0.044740 0.137037
0 1734 0.146614 0.124537 0.036880 0.126852
0 1735 0.166868 0.143981 0.027811 0.121296
0 1736 0.255441 0.124537 0.034462 0.117593
0 1737 0.278718 0.123611 0.033857 0.123148
0 1738 0.157799 0.091667 0.039903 0.142593
0 1739 0.083736 0.060648 0.030834 0.117593
0 1740 0.164148 0.208796 0.036880 0.137963
0 1741 0.523881 0.109259 0.029625 0.124074
0 1742 0.572551 0.095370 0.031439 0.127778
0 1743 0.608222 0.096759 0.027811 0.126852
0 1744 0.217654 0.395833 0.038694 0.149074
0 1745 0.019952 0.305556 0.038694 0.140741
0 1746 0.036276 0.300000 0.042322 0.129630
0 1747 0.178356 0.318981 0.037485 0.149074
0 1748 0.149335 0.318056 0.039903 0.145370
0 1749 0.540206 0.300926 0.036880 0.131481
0 1750 0.518138 0.327778 0.039903 0.135185
0 1751 0.210097 0.352315 0.039299 0.149074
0 1752 0.249698 0.387037 0.037485 0.148148
0 1753 0.316203 0.519444 0.042322 0.179630
0 1754 0.262696 0.531944 0.041717 0.158333
0 1755 0.026904 0.439815 0.035671 0.131481
0 1759 0.027207 0.351389 0.032648 0.128704
0 1761 0.728537 0.286574 0.045949 0.156481
0 1762 0.970375 0.181944 0.037485 0.141667
0 1769 0.972491 0.132407 0.032044 0.114815
0 1770 0.941657 0.117130 0.032044 0.137963
0 1771 0.988815 0.045833 0.021161 0.089815
0 1772 0.957678 0.040741 0.030230 0.079630
0 1775 0.925030 0.147222 0.039903 0.129630
0 1783 0.040206 0.081019 0.044135 0.128704
0 1786 0.104595 0.140278 0.037485 0.126852
0 1787 0.085248 0.075000 0.037485 0.140741
0 1788 0.351270 0.131481 0.032648 0.124074
0 1790 0.582527 0.206019 0.039299 0.123148
0 1791 0.185006 0.100926 0.032648 0.140741
0 1792 0.543229 0.166204 0.034462 0.128704
0 1793 0.632104 0.160185 0.034462 0.135185
0 1794 0.337364 0.110185 0.035067 0.137037
0 1795 0.588875 0.150463 0.037485 0.132407
0 1796 0.439238 0.081481 0.032044 0.140741
0 1797 0.645405 0.108796 0.039299 0.136111
0 1801 0.649033 0.056019 0.036880 0.110185
0 1802 0.617291 0.047222 0.037485 0.092593
0 1805 0.438936 0.061574 0.035067 0.121296
0 1806 0.453144 0.035185 0.030834 0.068519
0 1812 0.131802 0.082407 0.032648 0.124074
0 1813 0.198005 0.019907 0.029625 0.037963
0 1814 0.342805 0.025000 0.031439 0.048148
0 1816 0.240326 0.028704 0.034462 0.055556
0 1820 0.383918 0.041667 0.035067 0.081481
0 1822 0.205865 0.053241 0.032044 0.104630
0 1823 0.250302 0.055093 0.033857 0.108333
0 1825 0.547763 0.092593 0.035067 0.125926
0 1826 0.530834 0.072222 0.036276 0.125926
0 1827 0.405381 0.071296 0.029625 0.096296
0 1829 0.359734 0.055556 0.035067 0.109259
0 1830 0.289903 0.087500 0.032044 0.115741
0 1831 0.324365 0.058796 0.029625 0.112037
0 1832 0.313482 0.044444 0.029625 0.087037
0 1833 0.493954 0.027315 0.037485 0.052778
0 1834 0.399940 0.091204 0.032044 0.115741
0 1835 0.370012 0.086111 0.029021 0.120370
0 1836 0.120314 0.066667 0.035067 0.122222
0 1837 0.285973 0.057870 0.032648 0.113889
0 1840 0.186215 0.116667 0.026602 0.107407
0 1943 0.210399 0.106019 0.035067 0.143519
