0 1168 0.558041 0.897685 0.043531 0.171296
0 1169 0.554414 0.936574 0.041112 0.128704
0 1175 0.389057 0.564815 0.036880 0.135185
0 1176 0.238210 0.679167 0.042322 0.165741
0 1188 0.749698 0.852315 0.048368 0.162037
0 1193 0.740024 0.890741 0.059250 0.179630
0 1194 0.721282 0.916667 0.045949 0.161111
0 1197 0.331620 0.353241 0.040508 0.160185
0 1198 0.278114 0.343519 0.032648 0.140741
0 1199 0.321644 0.406019 0.041112 0.143519
0 1200 0.364873 0.356481 0.036880 0.148148
0 1206 0.257557 0.360185 0.042322 0.146296
0 1208 0.633615 0.963889 0.051995 0.074074
0 1209 0.673519 0.954167 0.042322 0.093519
0 1210 0.624547 0.950000 0.041112 0.101852
0 1224 0.846131 0.985648 0.027207 0.030556
0 1225 0.881197 0.979630 0.034462 0.040741
0 1240 0.037787 0.456944 0.034462 0.130556
0 1242 0.103386 0.474074 0.042322 0.159259
0 1243 0.534462 0.708796 0.047158 0.182407
0 1244 0.066203 0.398611 0.032044 0.156481
0 1245 0.052902 0.522685 0.046554 0.160185
0 1246 0.694982 0.512963 0.041717 0.146296
0 1247 0.729746 0.488889 0.051995 0.157407
0 1249 0.722189 0.422685 0.039299 0.134259
0 1250 0.839480 0.502315 0.044135 0.143519
0 1251 0.814389 0.514815 0.044740 0.157407
0 1252 0.792624 0.654167 0.045949 0.154630
0 1259 0.987606 0.937500 0.023579 0.126852
0 1260 0.954051 0.934259 0.050786 0.133333
0 1261 0.812273 0.923148 0.041717 0.114815
0 1262 0.847642 0.905093 0.045949 0.149074
0 1263 0.874849 0.929630 0.037485 0.114815
0 1266 0.783555 0.949074 0.058041 0.103704
0 1275 0.609129 0.875463 0.051391 0.169444
0 1276 0.597944 0.923611 0.043531 0.154630
0 1278 0.974002 0.725463 0.044740 0.145370
0 1279 0.285671 0.907870 0.045345 0.178704
0 1280 0.270556 0.896759 0.036880 0.184259
0 1281 0.833132 0.811574 0.036276 0.143519
0 1282 0.874547 0.852315 0.044135 0.137963
0 1283 0.917473 0.856019 0.050181 0.175000
0 1284 0.842503 0.385185 0.035671 0.135185
0 1285 0.863059 0.379630 0.044135 0.118519
0 1287 0.086155 0.901852 0.050181 0.164815
0 1288 0.126360 0.885648 0.047158 0.178704
0 1289 0.073156 0.965741 0.053204 0.070370
0 1290 0.038392 0.961111 0.044135 0.079630
0 1306 0.294438 0.670370 0.049577 0.159259
0 1307 0.352177 0.638426 0.041717 0.165741
0 1308 0.377570 0.659259 0.036880 0.131481
0 1314 0.553204 0.948611 0.036276 0.102778
0 1317 0.507860 0.933796 0.054414 0.134259
0 1320 0.835248 0.645370 0.053809 0.153704
0 1321 0.060459 0.464815 0.047158 0.151852
0 1325 0.234583 0.603241 0.038694 0.156481
0 1326 0.237001 0.587037 0.033857 0.148148
0 1328 0.186518 0.599537 0.041717 0.139815
0 1329 0.203446 0.553241 0.041717 0.143519
0 1330 0.165357 0.575463 0.039299 0.150926
0 1342 0.265719 0.645370 0.038089 0.153704
0 1343 0.383918 0.253241 0.033857 0.130556
0 1344 0.407497 0.257870 0.029021 0.132407
0 1345 0.267836 0.613889 0.032648 0.129630
0 1365 0.712817 0.963426 0.044740 0.075000
0 1394 0.677146 0.980093 0.037485 0.041667
0 1412 0.716445 0.400926 0.037485 0.131481
0 1413 0.753930 0.411574 0.038694 0.136111
0 1444 0.266929 0.394907 0.038089 0.139815
0 1445 0.249093 0.412037 0.035067 0.142593
0 1490 0.923821 0.699074 0.044740 0.137037
0 1501 0.305925 0.977778 0.037485 0.046296
0 1502 0.461306 0.985185 0.038694 0.031481
0 1531 0.547763 0.564815 0.038694 0.157407
0 1549 0.319528 0.790741 0.046554 0.162963
0 1555 0.887848 0.708333 0.036880 0.148148
0 1556 0.869710 0.720370 0.034462 0.122222
0 1557 0.596131 0.573611 0.042322 0.154630
0 1567 0.348851 0.496759 0.037485 0.132407
0 1570 0.291112 0.507870 0.034462 0.156481
0 1572 0.143591 0.950926 0.044135 0.098148
0 1573 0.474607 0.451852 0.027811 0.135185
0 1592 0.360036 0.727315 0.042926 0.160185
0 1593 0.227932 0.799074 0.044740 0.157407
0 1594 0.380593 0.754630 0.039299 0.168519
0 1595 0.310157 0.743981 0.048368 0.180556
0 1637 0.185611 0.933333 0.045949 0.135185
0 1638 0.123337 0.809722 0.058041 0.173148
0 1639 0.248186 0.846296 0.053809 0.172222
0 1640 0.207376 0.839352 0.047158 0.137963
0 1650 0.452237 0.760185 0.047158 0.151852
0 1653 0.672914 0.728241 0.047158 0.150926
0 1654 0.387243 0.460185 0.034462 0.107407
0 1655 0.465538 0.560648 0.036276 0.139815
0 1657 0.449516 0.518056 0.039299 0.104630
0 1660 0.463724 0.428241 0.032648 0.139815
0 1661 0.495768 0.415741 0.033857 0.148148
0 1662 0.338573 0.701852 0.043531 0.159259
0 1667 0.438634 0.445370 0.027207 0.124074
0 1668 0.498791 0.541667 0.041112 0.125926
0 1675 0.515115 0.375926 0.035067 0.101852
0 1676 0.491838 0.355093 0.036880 0.134259
0 1677 0.846433 0.222222 0.038694 0.146296
0 1678 0.888150 0.159722 0.039903 0.123148
0 1679 0.872128 0.249074 0.030834 0.107407
0 1682 0.954655 0.452778 0.045949 0.148148
0 1683 0.982164 0.467130 0.033253 0.139815
0 1685 0.854897 0.680556 0.048368 0.153704
0 1688 0.866385 0.748148 0.042322 0.148148
0 1689 0.934401 0.763426 0.032044 0.126852
0 1690 0.665659 0.643056 0.041112 0.152778
0 1691 0.912334 0.804167 0.039903 0.162037
0 1694 0.912938 0.934259 0.051995 0.129630
0 1695 0.688029 0.137963 0.035067 0.125926
0 1696 0.598247 0.132407 0.034462 0.118519
0 1697 0.623942 0.148611 0.032648 0.137963
0 1699 0.667473 0.134722 0.037485 0.126852
0 1701 0.602479 0.169444 0.036880 0.142593
0 1702 0.526300 0.159259 0.034462 0.137037
0 1703 0.741838 0.143056 0.036276 0.121296
0 1704 0.654776 0.201852 0.041112 0.129630
0 1705 0.607618 0.210648 0.031439 0.115741
0 1706 0.709190 0.307870 0.039903 0.134259
0 1707 0.634825 0.299537 0.042322 0.150926
0 1708 0.603386 0.329630 0.043531 0.135185
0 1709 0.695284 0.334722 0.027811 0.093519
0 1710 0.637848 0.346296 0.035067 0.135185
0 1711 0.532044 0.240278 0.032648 0.128704
0 1712 0.501511 0.249074 0.029625 0.114815
0 1713 0.521463 0.134259 0.036880 0.135185
0 1714 0.498791 0.133796 0.027811 0.113889
0 1715 0.674426 0.342130 0.040508 0.149074
0 1716 0.613059 0.417130 0.038694 0.141667
0 1717 0.636336 0.425926 0.039299 0.146296
0 1718 0.660218 0.409722 0.039903 0.150926
0 1719 0.410520 0.155093 0.035067 0.115741
0 1720 0.353688 0.217593 0.035067 0.135185
0 1721 0.451632 0.127315 0.033857 0.134259
0 1722 0.435308 0.109259 0.035067 0.125926
0 1723 0.384522 0.136111 0.030230 0.118519
0 1724 0.134522 0.193519 0.042926 0.150000
0 1725 0.229141 0.234722 0.036276 0.136111
0 1726 0.257557 0.260185 0.041112 0.129630
0 1727 0.584341 0.698148 0.048972 0.159259
0 1728 0.767836 0.519444 0.044740 0.140741
0 1729 0.634825 0.471296 0.050786 0.148148
0 1730 0.571040 0.480093 0.052600 0.141667
0 1732 0.021765 0.177778 0.038694 0.125926
0 1733 0.115175 0.150926 0.044135 0.137037
0 1734 0.147219 0.123611 0.036880 0.126852
0 1735 0.168077 0.142130 0.027811 0.121296
0 1736 0.255441 0.123611 0.034462 0.117593
0 1737 0.278718 0.123611 0.033857 0.123148
0 1738 0.157799 0.091667 0.039903 0.142593
0 1739 0.084039 0.060185 0.030230 0.116667
0 1740 0.165054 0.207870 0.037485 0.137963
0 1741 0.522068 0.108333 0.029625 0.124074
0 1742 0.570738 0.094907 0.031439 0.126852
0 1743 0.607013 0.096759 0.027811 0.126852
0 1744 0.217956 0.394907 0.039299 0.149074
0 1745 0.021161 0.304630 0.039903 0.140741
0 1746 0.038392 0.299074 0.041717 0.129630
0 1747 0.179565 0.318056 0.037485 0.149074
0 1748 0.150544 0.316204 0.039903 0.145370
0 1749 0.538996 0.300000 0.036880 0.131481
0 1750 0.516929 0.326852 0.039903 0.135185
0 1751 0.211306 0.351389 0.039299 0.149074
0 1752 0.250907 0.387037 0.037485 0.148148
0 1753 0.316203 0.516667 0.042322 0.179630
0 1754 0.262092 0.529630 0.041717 0.157407
0 1755 0.028416 0.438426 0.035067 0.132407
0 1756 0.002418 0.459722 0.003628 0.162037
0 1759 0.028114 0.350463 0.033253 0.128704
0 1761 0.727328 0.285185 0.045949 0.157407
0 1762 0.970375 0.180093 0.037485 0.141667
0 1769 0.971886 0.130556 0.032044 0.112963
0 1770 0.941052 0.115278 0.032044 0.137963
0 1771 0.988815 0.045370 0.021161 0.088889
0 1772 0.957678 0.040278 0.030230 0.078704
0 1775 0.925635 0.146296 0.039903 0.129630
0 1783 0.040810 0.079630 0.044135 0.127778
0 1786 0.105200 0.140278 0.037485 0.126852
0 1787 0.085852 0.074074 0.037485 0.140741
0 1788 0.351874 0.129630 0.032648 0.124074
0 1790 0.582527 0.204167 0.039299 0.123148
0 1791 0.185006 0.100926 0.032648 0.140741
0 1792 0.542624 0.165278 0.034462 0.128704
0 1793 0.632104 0.159259 0.034462 0.135185
0 1794 0.337666 0.108796 0.034462 0.136111
0 1795 0.588875 0.149537 0.037485 0.132407
0 1796 0.441052 0.079630 0.032044 0.138889
0 1797 0.645103 0.107870 0.038694 0.136111
0 1801 0.649033 0.055556 0.036880 0.109259
0 1802 0.617291 0.046759 0.037485 0.091667
0 1805 0.438936 0.061111 0.035067 0.120370
0 1806 0.453446 0.035185 0.030230 0.068519
0 1812 0.132104 0.082407 0.032044 0.124074
0 1813 0.198005 0.019444 0.029625 0.037037
0 1814 0.343410 0.024537 0.031439 0.047222
0 1816 0.240931 0.028241 0.034462 0.054630
0 1820 0.383918 0.040278 0.035067 0.078704
0 1822 0.205260 0.052778 0.032044 0.103704
0 1823 0.249698 0.054630 0.033857 0.107407
0 1825 0.548670 0.091667 0.034462 0.125926
0 1826 0.532044 0.071296 0.036276 0.125926
0 1827 0.405381 0.071296 0.029625 0.096296
0 1829 0.359129 0.055556 0.035067 0.109259
0 1830 0.289903 0.087500 0.032044 0.115741
0 1831 0.324365 0.058333 0.029625 0.111111
0 1832 0.312878 0.043981 0.029625 0.086111
0 1833 0.493954 0.026852 0.037485 0.051852
0 1834 0.400544 0.091204 0.032044 0.115741
0 1835 0.370617 0.086111 0.029021 0.120370
0 1836 0.120919 0.065741 0.035067 0.122222
0 1837 0.285973 0.057407 0.032648 0.112963
0 1840 0.186820 0.115741 0.026602 0.105556
0 1943 0.210399 0.104167 0.035067 0.143519
