0 1168 0.558343 0.897685 0.040508 0.171296
0 1169 0.558646 0.936574 0.041112 0.128704
0 1175 0.389057 0.562500 0.036880 0.134259
0 1176 0.153265 0.717130 0.042926 0.165741
0 1188 0.797461 0.919907 0.048368 0.147222
0 1193 0.788996 0.938426 0.051995 0.125000
0 1194 0.764208 0.956481 0.050786 0.088889
0 1197 0.332830 0.354630 0.046554 0.138889
0 1198 0.231560 0.358333 0.032648 0.140741
0 1199 0.275695 0.481944 0.041112 0.154630
0 1200 0.350060 0.375926 0.037485 0.148148
0 1206 0.224909 0.377778 0.042322 0.146296
0 1208 0.632406 0.963889 0.051995 0.074074
0 1209 0.673519 0.954167 0.042322 0.093519
0 1210 0.619407 0.949537 0.041717 0.102778
0 1242 0.052297 0.549537 0.039299 0.167593
0 1243 0.468561 0.809259 0.047158 0.187037
0 1244 0.014510 0.460185 0.027811 0.157407
0 1246 0.709492 0.581944 0.041717 0.147222
0 1247 0.759976 0.563889 0.051995 0.162963
0 1249 0.796252 0.484259 0.047158 0.144444
0 1250 0.845526 0.590278 0.044135 0.149074
0 1251 0.811064 0.604167 0.044135 0.156481
0 1252 0.803507 0.729167 0.045949 0.149074
0 1275 0.585852 0.943981 0.045949 0.113889
0 1276 0.565901 0.967593 0.039903 0.066667
0 1278 0.986699 0.816667 0.025393 0.146296
0 1279 0.249093 0.912963 0.050786 0.175926
0 1280 0.248791 0.900000 0.039299 0.185185
0 1281 0.888452 0.930556 0.044135 0.133333
0 1282 0.941959 0.947222 0.033857 0.107407
0 1283 0.969468 0.938889 0.047763 0.122222
0 1284 0.841596 0.382870 0.036276 0.134259
0 1285 0.864873 0.376852 0.038089 0.120370
0 1287 0.073156 0.955556 0.053204 0.090741
0 1288 0.126965 0.944907 0.045949 0.112037
0 1306 0.294438 0.670370 0.048368 0.159259
0 1307 0.350967 0.635648 0.042926 0.163889
0 1308 0.377267 0.657870 0.036276 0.132407
0 1314 0.558646 0.948611 0.037485 0.102778
0 1317 0.512999 0.936111 0.056227 0.125926
0 1320 0.838573 0.730556 0.055623 0.162963
0 1321 0.016324 0.525926 0.031439 0.159259
0 1325 0.234281 0.605093 0.039299 0.152778
0 1326 0.237606 0.585185 0.033857 0.148148
0 1328 0.185913 0.596759 0.041717 0.139815
0 1329 0.202842 0.555093 0.041717 0.143519
0 1330 0.163845 0.580093 0.039903 0.150926
0 1342 0.181983 0.682407 0.043531 0.151852
0 1343 0.382406 0.250000 0.033253 0.131481
0 1344 0.406892 0.259722 0.029021 0.132407
0 1345 0.185611 0.649074 0.032648 0.129630
0 1365 0.712817 0.965741 0.044740 0.070370
0 1394 0.674728 0.979630 0.037485 0.042593
0 1412 0.714027 0.401852 0.037485 0.129630
0 1413 0.753325 0.414815 0.038694 0.138889
0 1444 0.267231 0.399074 0.037485 0.142593
0 1445 0.249093 0.412037 0.035067 0.142593
0 1490 0.928053 0.707870 0.043531 0.136111
0 1501 0.309855 0.976389 0.038089 0.049074
0 1502 0.458888 0.985185 0.038694 0.031481
0 1531 0.548670 0.550000 0.039299 0.157407
0 1549 0.318319 0.790741 0.046554 0.162963
0 1555 0.920193 0.740278 0.044740 0.147222
0 1556 0.888452 0.743981 0.034462 0.126852
0 1557 0.571947 0.526389 0.039903 0.152778
0 1567 0.348851 0.499074 0.037485 0.131481
0 1570 0.299274 0.508796 0.035067 0.156481
0 1573 0.473398 0.454630 0.027811 0.135185
0 1592 0.361850 0.725463 0.044135 0.160185
0 1593 0.097944 0.781019 0.051995 0.156481
0 1594 0.378779 0.754630 0.042926 0.168519
0 1595 0.211306 0.780556 0.068319 0.175926
0 1637 0.256046 0.975463 0.036880 0.050926
0 1638 0.240931 0.825463 0.063482 0.154630
0 1639 0.352479 0.841667 0.061669 0.164815
0 1640 0.316203 0.839352 0.055623 0.137963
0 1650 0.449819 0.757407 0.045949 0.151852
0 1653 0.674426 0.735648 0.044135 0.150926
0 1654 0.385429 0.462500 0.034462 0.108333
0 1655 0.465236 0.562500 0.036880 0.139815
0 1657 0.449819 0.518056 0.038694 0.104630
0 1660 0.462515 0.428704 0.032648 0.140741
0 1661 0.489117 0.416667 0.032648 0.148148
0 1662 0.281439 0.758796 0.044135 0.169444
0 1667 0.436518 0.446296 0.027811 0.124074
0 1668 0.519952 0.597222 0.036276 0.129630
0 1675 0.496372 0.293981 0.035067 0.100926
0 1676 0.476723 0.277315 0.034462 0.134259
0 1677 0.783857 0.296296 0.051391 0.140741
0 1678 0.834643 0.210648 0.041717 0.123148
0 1679 0.809553 0.312963 0.027811 0.109259
0 1682 0.976119 0.552778 0.046554 0.148148
0 1685 0.936518 0.845370 0.059250 0.161111
0 1690 0.636638 0.799537 0.043531 0.175000
0 1695 0.686215 0.191667 0.032648 0.125926
0 1696 0.600967 0.165741 0.035067 0.125926
0 1697 0.619710 0.183796 0.032648 0.137963
0 1699 0.666868 0.177315 0.036276 0.126852
0 1701 0.613966 0.225926 0.036880 0.142593
0 1702 0.551995 0.229167 0.039903 0.137963
0 1703 0.847642 0.155556 0.035067 0.125926
0 1704 0.645103 0.267130 0.044740 0.137963
0 1705 0.621524 0.292593 0.035067 0.129630
0 1706 0.767231 0.373611 0.038694 0.134259
0 1707 0.655381 0.380556 0.044740 0.151852
0 1708 0.615478 0.417130 0.044740 0.149074
0 1709 0.755139 0.404167 0.027811 0.093519
0 1710 0.657195 0.425463 0.039903 0.134259
0 1711 0.545042 0.305556 0.034462 0.129630
0 1712 0.520859 0.317130 0.034462 0.119444
0 1713 0.539601 0.182407 0.036880 0.135185
0 1714 0.515417 0.189352 0.027207 0.121296
0 1715 0.702237 0.413426 0.048972 0.149074
0 1716 0.621826 0.483333 0.039299 0.146296
0 1717 0.647823 0.491204 0.039299 0.154630
0 1718 0.665054 0.476852 0.041112 0.151852
0 1719 0.383615 0.201389 0.035671 0.115741
0 1720 0.305320 0.277778 0.037485 0.135185
0 1721 0.457678 0.202315 0.036276 0.134259
0 1722 0.447098 0.166667 0.035671 0.125926
0 1723 0.360943 0.188889 0.035067 0.118519
0 1724 0.081016 0.273611 0.044740 0.149074
0 1725 0.139057 0.303704 0.037485 0.142593
0 1726 0.168682 0.312963 0.033857 0.131481
0 1727 0.518138 0.797685 0.048368 0.175000
0 1728 0.767231 0.612037 0.043531 0.151852
0 1729 0.757860 0.461111 0.047763 0.142593
0 1730 0.719770 0.486574 0.045345 0.141667
0 1732 0.018742 0.221759 0.036276 0.128704
0 1733 0.090085 0.198148 0.045949 0.140741
0 1734 0.119105 0.161574 0.037485 0.126852
0 1735 0.150544 0.190278 0.029021 0.121296
0 1736 0.250302 0.153704 0.035067 0.124074
0 1737 0.283555 0.139815 0.035067 0.112963
0 1738 0.138452 0.122222 0.038694 0.142593
0 1739 0.059855 0.095370 0.036276 0.131481
0 1740 0.134825 0.274537 0.038694 0.149074
0 1741 0.626965 0.133796 0.030230 0.123148
0 1742 0.652056 0.123148 0.029625 0.135185
0 1743 0.657195 0.100000 0.024184 0.125926
0 1744 0.186215 0.434722 0.036276 0.149074
0 1747 0.118803 0.392130 0.036880 0.149074
0 1748 0.089480 0.379167 0.039903 0.149074
0 1749 0.601572 0.360648 0.037485 0.134259
0 1750 0.571342 0.377315 0.043531 0.126852
0 1751 0.162636 0.412963 0.039903 0.157407
0 1752 0.209794 0.419907 0.039903 0.149074
0 1753 0.309553 0.593056 0.041112 0.165741
0 1754 0.275998 0.624074 0.041717 0.162963
0 1761 0.785369 0.354167 0.045949 0.160185
0 1762 0.980653 0.279630 0.036276 0.148148
0 1767 0.019649 0.862500 0.038089 0.149074
0 1768 0.019649 0.808796 0.038089 0.162037
0 1769 0.982467 0.224537 0.030230 0.121296
0 1770 0.949819 0.197685 0.032648 0.143519
0 1771 0.986094 0.086111 0.026602 0.127778
0 1772 0.959492 0.078241 0.030230 0.121296
0 1775 0.890266 0.188889 0.039299 0.129630
0 1783 0.017533 0.141204 0.033857 0.134259
0 1786 0.078295 0.180093 0.036880 0.126852
0 1787 0.058041 0.129630 0.037485 0.140741
0 1788 0.321644 0.191667 0.031439 0.125926
0 1790 0.597037 0.288889 0.039299 0.137037
0 1791 0.164148 0.140741 0.032044 0.140741
0 1792 0.567715 0.229167 0.035067 0.128704
0 1793 0.635127 0.219444 0.038089 0.135185
0 1794 0.305018 0.170370 0.034462 0.137037
0 1795 0.599758 0.202315 0.037485 0.132407
0 1796 0.372430 0.142593 0.032648 0.144444
0 1797 0.645103 0.153241 0.039903 0.139815
0 1801 0.642684 0.086111 0.037485 0.142593
0 1802 0.604897 0.075463 0.038089 0.117593
0 1803 0.562878 0.043981 0.037485 0.086111
0 1804 0.532648 0.041667 0.039903 0.081481
0 1805 0.450121 0.110648 0.039299 0.137963
0 1806 0.447703 0.038889 0.029625 0.075926
0 1812 0.121826 0.130556 0.032044 0.135185
0 1813 0.157195 0.040741 0.030230 0.079630
0 1814 0.290206 0.048611 0.033857 0.095370
0 1815 0.203144 0.039352 0.032648 0.076852
0 1816 0.206771 0.051389 0.035067 0.100926
0 1817 0.229746 0.052778 0.035067 0.101852
0 1820 0.391173 0.099074 0.035067 0.124074
0 1821 0.186820 0.089815 0.030230 0.124074
0 1822 0.232769 0.095833 0.035067 0.130556
0 1823 0.264813 0.083333 0.035067 0.118519
0 1825 0.486699 0.143981 0.033857 0.126852
0 1826 0.470979 0.125463 0.036276 0.132407
0 1827 0.415054 0.106944 0.032044 0.095370
0 1828 0.373942 0.083796 0.024788 0.110185
0 1829 0.368501 0.088889 0.034462 0.129630
0 1830 0.288392 0.118981 0.032648 0.115741
0 1831 0.340387 0.098611 0.030230 0.117593
0 1832 0.324970 0.069907 0.027207 0.112037
0 1833 0.471886 0.053241 0.036880 0.104630
0 1834 0.371826 0.129630 0.033857 0.129630
0 1835 0.346433 0.116204 0.032648 0.121296
0 1836 0.086457 0.103704 0.035067 0.129630
0 1837 0.302902 0.091204 0.032648 0.123148
0 1838 0.125151 0.016204 0.029021 0.030556
0 1839 0.173821 0.036574 0.034462 0.071296
0 1840 0.163241 0.152778 0.027811 0.107407
0 1841 0.176239 0.036574 0.032044 0.071296
0 1943 0.188634 0.149074 0.036276 0.142593
0 1944 0.579202 0.026389 0.033857 0.050926
