0 1168 0.558041 0.897685 0.043531 0.171296
0 1169 0.553809 0.936574 0.041112 0.128704
0 1175 0.389057 0.564352 0.036880 0.134259
0 1176 0.229746 0.681944 0.042322 0.165741
0 1188 0.751511 0.856481 0.048368 0.159259
0 1193 0.743047 0.895370 0.059250 0.179630
0 1194 0.724909 0.919907 0.045949 0.156481
0 1197 0.331620 0.352778 0.040508 0.157407
0 1198 0.275695 0.343519 0.032648 0.140741
0 1199 0.318924 0.411574 0.041717 0.143519
0 1200 0.364873 0.358333 0.036880 0.148148
0 1206 0.257557 0.362037 0.042322 0.146296
0 1208 0.633615 0.963889 0.051995 0.074074
0 1209 0.673519 0.954167 0.042322 0.093519
0 1210 0.624244 0.950000 0.041717 0.101852
0 1240 0.033253 0.462037 0.035067 0.131481
0 1242 0.099456 0.479630 0.042926 0.159259
0 1243 0.530834 0.714815 0.047158 0.181481
0 1244 0.060157 0.403241 0.032044 0.156481
0 1245 0.045949 0.530093 0.048368 0.160185
0 1246 0.697400 0.518519 0.041717 0.146296
0 1247 0.732769 0.495370 0.051995 0.157407
0 1249 0.730653 0.426389 0.040508 0.134259
0 1250 0.840992 0.507870 0.043531 0.143519
0 1251 0.815599 0.522222 0.044740 0.157407
0 1252 0.793833 0.660185 0.045949 0.155556
0 1259 0.989117 0.944444 0.020556 0.112963
0 1260 0.955562 0.939352 0.050181 0.123148
0 1261 0.811366 0.932870 0.042322 0.112037
0 1262 0.846735 0.913426 0.046554 0.141667
0 1263 0.873942 0.937037 0.036880 0.105556
0 1266 0.782044 0.954630 0.056227 0.092593
0 1275 0.611548 0.881944 0.050181 0.165741
0 1276 0.594921 0.927778 0.043531 0.146296
0 1278 0.974607 0.732870 0.044740 0.145370
0 1279 0.276602 0.910648 0.044135 0.178704
0 1280 0.269347 0.896759 0.039299 0.184259
0 1281 0.837364 0.821759 0.036276 0.147222
0 1282 0.876965 0.859722 0.044135 0.137963
0 1283 0.922914 0.866667 0.050181 0.177778
0 1284 0.842503 0.385185 0.035671 0.135185
0 1285 0.863362 0.379630 0.043531 0.118519
0 1287 0.086457 0.910185 0.050786 0.164815
0 1288 0.126360 0.892130 0.047158 0.178704
0 1289 0.069226 0.969444 0.051391 0.062963
0 1290 0.033253 0.965741 0.042322 0.070370
0 1306 0.294438 0.670370 0.049577 0.159259
0 1307 0.351572 0.638426 0.041717 0.165741
0 1308 0.377570 0.658796 0.036880 0.132407
0 1314 0.553507 0.948611 0.036880 0.102778
0 1317 0.508767 0.933796 0.055018 0.134259
0 1320 0.835852 0.650926 0.055018 0.153704
0 1321 0.056227 0.470370 0.047158 0.151852
0 1325 0.234583 0.603241 0.038694 0.156481
0 1326 0.237001 0.587037 0.033857 0.148148
0 1328 0.186518 0.599537 0.041717 0.139815
0 1329 0.203446 0.553241 0.041717 0.143519
0 1330 0.165357 0.575463 0.039299 0.150926
0 1342 0.260580 0.647685 0.038694 0.152778
0 1343 0.383918 0.252315 0.033857 0.130556
0 1344 0.407497 0.257870 0.029021 0.132407
0 1345 0.260580 0.616667 0.032648 0.129630
0 1365 0.712817 0.963426 0.044740 0.075000
0 1394 0.677146 0.980093 0.037485 0.041667
0 1412 0.715840 0.400926 0.037485 0.131481
0 1413 0.753930 0.412037 0.038694 0.137037
0 1444 0.266929 0.395370 0.038089 0.140741
0 1445 0.249093 0.412037 0.035067 0.142593
0 1490 0.923821 0.700000 0.044740 0.137037
0 1501 0.305925 0.977778 0.037485 0.046296
0 1502 0.461004 0.985185 0.039299 0.031481
0 1531 0.548368 0.562963 0.038694 0.157407
0 1549 0.319528 0.790741 0.046554 0.162963
0 1555 0.891778 0.712037 0.036276 0.148148
0 1556 0.872733 0.723611 0.034462 0.123148
0 1557 0.594921 0.569907 0.042322 0.154630
0 1567 0.348851 0.496759 0.037485 0.132407
0 1570 0.291717 0.508796 0.034462 0.156481
0 1572 0.134220 0.950926 0.044740 0.098148
0 1573 0.474607 0.451852 0.027811 0.135185
0 1592 0.360036 0.727315 0.042926 0.160185
0 1593 0.219468 0.796759 0.044740 0.156481
0 1594 0.380593 0.754630 0.039299 0.168519
0 1595 0.303204 0.747222 0.048972 0.179630
0 1637 0.189238 0.937963 0.045949 0.125926
0 1638 0.131802 0.815278 0.060459 0.173148
0 1639 0.255744 0.848148 0.059250 0.168519
0 1640 0.212817 0.840278 0.049577 0.137963
0 1650 0.452237 0.760185 0.047158 0.151852
0 1653 0.673216 0.728704 0.046554 0.151852
0 1654 0.386638 0.460185 0.034462 0.107407
0 1655 0.465538 0.560648 0.036276 0.139815
0 1657 0.449516 0.518056 0.039299 0.104630
0 1660 0.463724 0.428241 0.032648 0.139815
0 1661 0.494861 0.415741 0.033253 0.148148
0 1662 0.333434 0.703241 0.041717 0.162037
0 1667 0.438331 0.445370 0.027811 0.124074
0 1668 0.500605 0.547222 0.041112 0.127778
0 1675 0.510278 0.369444 0.035067 0.101852
0 1676 0.487606 0.349537 0.036880 0.134259
0 1677 0.840689 0.226852 0.039299 0.146296
0 1678 0.887545 0.163426 0.039903 0.123148
0 1679 0.866385 0.253704 0.031439 0.107407
0 1682 0.956469 0.459259 0.047158 0.148148
0 1683 0.983071 0.474537 0.031439 0.139815
0 1685 0.855502 0.690741 0.048368 0.153704
0 1688 0.876663 0.761111 0.042322 0.148148
0 1689 0.944377 0.774537 0.032648 0.126852
0 1690 0.660822 0.656481 0.041112 0.157407
0 1691 0.924123 0.816204 0.039299 0.162037
0 1694 0.916868 0.939815 0.052600 0.118519
0 1695 0.687424 0.142593 0.035067 0.125926
0 1696 0.595828 0.133333 0.034462 0.118519
0 1697 0.622733 0.150463 0.032648 0.137963
0 1699 0.666868 0.138426 0.037485 0.126852
0 1701 0.603083 0.173148 0.036880 0.142593
0 1702 0.525393 0.163889 0.033857 0.137037
0 1703 0.747884 0.143981 0.036276 0.123148
0 1704 0.653869 0.206944 0.041717 0.130556
0 1705 0.608222 0.217130 0.031439 0.115741
0 1706 0.713724 0.313426 0.039299 0.134259
0 1707 0.636941 0.306019 0.044135 0.150926
0 1708 0.604293 0.337037 0.044135 0.137037
0 1709 0.697098 0.341204 0.027811 0.093519
0 1710 0.639057 0.352778 0.035067 0.135185
0 1711 0.532950 0.245833 0.033253 0.128704
0 1712 0.503325 0.253704 0.029625 0.114815
0 1713 0.522068 0.137963 0.036880 0.135185
0 1714 0.499395 0.137963 0.027811 0.114815
0 1715 0.675030 0.348148 0.040508 0.148148
0 1716 0.613966 0.423148 0.039299 0.142593
0 1717 0.636941 0.431481 0.039299 0.146296
0 1718 0.660218 0.414352 0.039903 0.150926
0 1719 0.408706 0.158796 0.035067 0.115741
0 1720 0.350363 0.221296 0.035671 0.135185
0 1721 0.451632 0.131944 0.033857 0.134259
0 1722 0.435308 0.112963 0.035067 0.125926
0 1723 0.383313 0.138889 0.030230 0.118519
0 1724 0.129686 0.201852 0.044135 0.151852
0 1725 0.222491 0.238889 0.036276 0.135185
0 1726 0.251209 0.264815 0.041717 0.131481
0 1727 0.579504 0.706019 0.048972 0.160185
0 1728 0.768440 0.526852 0.044740 0.140741
0 1729 0.647521 0.475000 0.049577 0.151852
0 1730 0.583736 0.483333 0.056227 0.140741
0 1732 0.022672 0.182407 0.039299 0.125926
0 1733 0.112455 0.155093 0.044740 0.137963
0 1734 0.144800 0.127315 0.036880 0.126852
0 1735 0.165054 0.147685 0.027811 0.121296
0 1736 0.255441 0.126389 0.034462 0.117593
0 1737 0.278718 0.125463 0.033857 0.123148
0 1738 0.157195 0.093519 0.039903 0.142593
0 1739 0.082225 0.062500 0.031439 0.119444
0 1740 0.162334 0.212500 0.036880 0.137963
0 1741 0.529927 0.110185 0.029625 0.124074
0 1742 0.577388 0.097685 0.031439 0.128704
0 1743 0.611850 0.096759 0.027811 0.126852
0 1744 0.216747 0.399537 0.038089 0.149074
0 1745 0.017533 0.310185 0.033857 0.140741
0 1746 0.030230 0.305093 0.043531 0.130556
0 1747 0.175333 0.323148 0.037485 0.148148
0 1748 0.145707 0.321759 0.039903 0.145370
0 1749 0.543833 0.304630 0.036880 0.131481
0 1750 0.521161 0.331481 0.039903 0.135185
0 1751 0.206167 0.356019 0.038694 0.149074
0 1752 0.246675 0.388889 0.037485 0.148148
0 1753 0.315599 0.525000 0.042322 0.179630
0 1754 0.264510 0.539352 0.041717 0.160185
0 1755 0.022068 0.444444 0.035671 0.131481
0 1759 0.023579 0.356019 0.032648 0.128704
0 1761 0.731560 0.290278 0.045949 0.156481
0 1762 0.970375 0.188426 0.037485 0.143519
0 1769 0.973398 0.137963 0.031439 0.116667
0 1770 0.941657 0.122222 0.032044 0.138889
0 1771 0.988815 0.047685 0.021161 0.093519
0 1772 0.958283 0.042130 0.030230 0.082407
0 1775 0.923216 0.150000 0.039903 0.129630
0 1783 0.038392 0.085648 0.044135 0.130556
0 1786 0.103990 0.143056 0.037485 0.126852
0 1787 0.083434 0.078704 0.037485 0.140741
0 1788 0.349758 0.135648 0.032044 0.125000
0 1790 0.583434 0.209722 0.038694 0.123148
0 1791 0.184401 0.102778 0.032648 0.140741
0 1792 0.545042 0.169907 0.034462 0.128704
0 1793 0.632104 0.163889 0.034462 0.135185
0 1794 0.336155 0.113426 0.035067 0.137963
0 1795 0.588875 0.153241 0.037485 0.132407
0 1796 0.434704 0.085648 0.032648 0.143519
0 1797 0.645405 0.112500 0.039299 0.137963
0 1801 0.649033 0.058333 0.036880 0.114815
0 1802 0.617291 0.049537 0.037485 0.097222
0 1805 0.439541 0.063889 0.035067 0.124074
0 1806 0.452539 0.035185 0.030834 0.068519
0 1812 0.131802 0.085185 0.032648 0.124074
0 1813 0.197400 0.020833 0.029625 0.039815
0 1814 0.340085 0.025463 0.032044 0.049074
0 1816 0.238513 0.030556 0.034462 0.059259
0 1820 0.383918 0.046296 0.035067 0.090741
0 1821 0.151753 0.035185 0.031439 0.068519
0 1822 0.208888 0.056019 0.032044 0.110185
0 1823 0.250907 0.055556 0.033857 0.109259
0 1825 0.545042 0.096759 0.034462 0.126852
0 1826 0.528416 0.074074 0.036276 0.125926
0 1827 0.405985 0.073148 0.029625 0.096296
0 1829 0.360339 0.056944 0.035067 0.112037
0 1830 0.289903 0.090278 0.032044 0.115741
0 1831 0.324063 0.061111 0.030230 0.112963
0 1832 0.314087 0.045833 0.029625 0.089815
0 1833 0.493349 0.028241 0.037485 0.054630
0 1834 0.398730 0.093056 0.032044 0.115741
0 1835 0.367291 0.087963 0.028416 0.120370
0 1836 0.118501 0.068056 0.035067 0.125000
0 1837 0.285973 0.060648 0.032648 0.119444
0 1840 0.184704 0.119444 0.027207 0.109259
0 1943 0.209190 0.107870 0.035067 0.143519
