0 1168 0.557739 0.897685 0.042926 0.171296
0 1169 0.553809 0.936574 0.041112 0.128704
0 1175 0.389057 0.563889 0.036880 0.135185
0 1176 0.220677 0.684722 0.042322 0.165741
0 1188 0.753325 0.861111 0.048368 0.157407
0 1193 0.746675 0.900926 0.059250 0.179630
0 1194 0.728839 0.922685 0.046554 0.152778
0 1197 0.331620 0.352778 0.041717 0.155556
0 1198 0.272370 0.344444 0.032044 0.140741
0 1199 0.316505 0.416204 0.041717 0.143519
0 1200 0.364873 0.360648 0.036880 0.149074
0 1206 0.257557 0.364815 0.042322 0.146296
0 1208 0.633615 0.963889 0.051995 0.074074
0 1209 0.673519 0.954167 0.042322 0.093519
0 1210 0.623942 0.950000 0.041112 0.101852
0 1240 0.028416 0.467593 0.036276 0.131481
0 1242 0.095224 0.485185 0.044135 0.159259
0 1243 0.525998 0.720833 0.047158 0.182407
0 1244 0.054111 0.406944 0.032044 0.156481
0 1245 0.038996 0.537963 0.050181 0.159259
0 1246 0.698912 0.524074 0.041112 0.146296
0 1247 0.736397 0.501852 0.051995 0.157407
0 1249 0.739117 0.429167 0.041717 0.134259
0 1250 0.842201 0.514815 0.043531 0.144444
0 1251 0.816808 0.529630 0.044740 0.157407
0 1252 0.795042 0.666667 0.045949 0.157407
0 1260 0.959492 0.944907 0.048368 0.112037
0 1261 0.810157 0.942593 0.042322 0.107407
0 1262 0.846433 0.922222 0.047158 0.133333
0 1263 0.872733 0.943981 0.036880 0.097222
0 1266 0.780532 0.960185 0.054414 0.081481
0 1275 0.613362 0.887963 0.048972 0.161111
0 1276 0.591898 0.932407 0.043531 0.137037
0 1278 0.975212 0.740278 0.044740 0.145370
0 1279 0.273579 0.909722 0.045345 0.178704
0 1280 0.268138 0.895833 0.041717 0.184259
0 1281 0.841596 0.831944 0.036276 0.150926
0 1282 0.881802 0.868056 0.042926 0.137963
0 1283 0.928658 0.877778 0.049577 0.179630
0 1284 0.842503 0.384722 0.035671 0.134259
0 1285 0.863362 0.378704 0.043531 0.118519
0 1287 0.085248 0.913426 0.050786 0.160185
0 1288 0.126360 0.899537 0.047158 0.178704
0 1289 0.063785 0.974537 0.045345 0.052778
0 1290 0.026904 0.970833 0.039299 0.060185
0 1306 0.294438 0.670370 0.049577 0.159259
0 1307 0.351572 0.638426 0.041717 0.165741
0 1308 0.377570 0.658796 0.036880 0.132407
0 1314 0.553809 0.948611 0.036276 0.102778
0 1317 0.509674 0.933796 0.055623 0.134259
0 1320 0.836457 0.657407 0.056227 0.153704
0 1321 0.052297 0.474074 0.046554 0.151852
0 1325 0.234583 0.603704 0.038694 0.155556
0 1326 0.237001 0.587963 0.033857 0.148148
0 1328 0.186518 0.599537 0.041717 0.139815
0 1329 0.203446 0.553241 0.041717 0.143519
0 1330 0.165054 0.576389 0.039903 0.150926
0 1342 0.255139 0.650463 0.039903 0.152778
0 1343 0.383615 0.252315 0.033253 0.130556
0 1344 0.407497 0.257870 0.029021 0.132407
0 1345 0.254534 0.619444 0.032648 0.129630
0 1365 0.712817 0.963889 0.044740 0.074074
0 1394 0.677146 0.980093 0.037485 0.041667
0 1412 0.715840 0.400926 0.037485 0.131481
0 1413 0.753930 0.412037 0.038694 0.137037
0 1444 0.266929 0.395833 0.038089 0.141667
0 1445 0.249093 0.412037 0.035067 0.142593
0 1490 0.924426 0.700000 0.044740 0.137037
0 1501 0.306530 0.977778 0.037485 0.046296
0 1502 0.461004 0.985185 0.039299 0.031481
0 1531 0.548972 0.560185 0.038694 0.157407
0 1549 0.319528 0.790741 0.046554 0.162963
0 1555 0.896010 0.715741 0.036276 0.148148
0 1556 0.875756 0.726852 0.034462 0.124074
0 1557 0.594317 0.566204 0.042322 0.154630
0 1567 0.348851 0.497222 0.037485 0.131481
0 1570 0.292926 0.509722 0.034462 0.156481
0 1572 0.126965 0.953241 0.044740 0.095370
0 1573 0.474002 0.452778 0.027811 0.135185
0 1592 0.360339 0.726852 0.043531 0.159259
0 1593 0.209794 0.795833 0.044740 0.156481
0 1594 0.380593 0.754630 0.039299 0.168519
0 1595 0.296252 0.750000 0.049577 0.177778
0 1637 0.192563 0.942593 0.046554 0.116667
0 1638 0.139359 0.819907 0.062273 0.173148
0 1639 0.263603 0.850463 0.064087 0.165741
0 1640 0.222491 0.840278 0.049577 0.137963
0 1650 0.451935 0.760185 0.046554 0.151852
0 1653 0.673216 0.729167 0.046554 0.150926
0 1654 0.386638 0.460648 0.034462 0.108333
0 1655 0.465538 0.561574 0.036276 0.139815
0 1657 0.449516 0.518056 0.039299 0.104630
0 1660 0.463724 0.428241 0.032648 0.139815
0 1661 0.494256 0.415741 0.033253 0.148148
0 1662 0.328597 0.709722 0.041717 0.162037
0 1667 0.438029 0.445370 0.027207 0.124074
0 1668 0.503023 0.552778 0.041112 0.127778
0 1675 0.505441 0.363889 0.035067 0.101852
0 1676 0.483374 0.343981 0.035671 0.134259
0 1677 0.834946 0.231481 0.038694 0.146296
0 1678 0.885732 0.168056 0.039903 0.123148
0 1679 0.859734 0.259259 0.032648 0.107407
0 1682 0.958283 0.466667 0.047158 0.148148
0 1683 0.984281 0.481481 0.029021 0.140741
0 1685 0.856106 0.701852 0.048368 0.153704
0 1688 0.886941 0.774074 0.042322 0.148148
0 1689 0.954353 0.785648 0.032044 0.125000
0 1690 0.656590 0.669444 0.041112 0.162963
0 1691 0.935611 0.828241 0.039299 0.162037
0 1694 0.920798 0.946296 0.053204 0.107407
0 1695 0.686820 0.147222 0.035067 0.125926
0 1696 0.593712 0.135185 0.035067 0.118519
0 1697 0.621524 0.152315 0.032648 0.137963
0 1699 0.666264 0.142130 0.037485 0.126852
0 1701 0.603386 0.176852 0.037485 0.142593
0 1702 0.526904 0.169444 0.034462 0.137037
0 1703 0.754534 0.145370 0.036276 0.125926
0 1704 0.652963 0.212037 0.042322 0.131481
0 1705 0.608827 0.223611 0.031439 0.117593
0 1706 0.717956 0.318981 0.039299 0.134259
0 1707 0.639359 0.311574 0.045345 0.150926
0 1708 0.605200 0.344444 0.043531 0.138889
0 1709 0.698307 0.346759 0.027811 0.093519
0 1710 0.639661 0.359259 0.035067 0.135185
0 1711 0.533857 0.251389 0.033857 0.128704
0 1712 0.505139 0.258333 0.029625 0.114815
0 1713 0.523277 0.141667 0.036880 0.135185
0 1714 0.499395 0.142130 0.027811 0.115741
0 1715 0.675333 0.353704 0.041112 0.148148
0 1716 0.614571 0.429630 0.039299 0.144444
0 1717 0.637545 0.437037 0.039299 0.146296
0 1718 0.660822 0.419907 0.039903 0.150926
0 1719 0.406892 0.162500 0.035067 0.115741
0 1720 0.347037 0.225926 0.036276 0.135185
0 1721 0.452237 0.136574 0.033857 0.134259
0 1722 0.434704 0.116667 0.035067 0.125926
0 1723 0.381499 0.143519 0.031439 0.118519
0 1724 0.124547 0.208333 0.044740 0.151852
0 1725 0.215236 0.245370 0.036276 0.137037
0 1726 0.244559 0.268519 0.041717 0.131481
0 1727 0.574365 0.714815 0.049577 0.161111
0 1728 0.768742 0.535185 0.044135 0.140741
0 1729 0.660520 0.479167 0.047763 0.156481
0 1730 0.598247 0.485648 0.056227 0.139815
0 1732 0.023277 0.186574 0.039299 0.126852
0 1733 0.110036 0.159722 0.044740 0.139815
0 1734 0.142080 0.130093 0.037485 0.126852
0 1735 0.162938 0.151389 0.028416 0.121296
0 1736 0.255139 0.129167 0.035067 0.117593
0 1737 0.278718 0.127315 0.033857 0.123148
0 1738 0.157195 0.095370 0.039903 0.142593
0 1739 0.080411 0.064815 0.032648 0.122222
0 1740 0.159915 0.217130 0.036880 0.137963
0 1741 0.538392 0.112037 0.029625 0.124074
0 1742 0.584341 0.100926 0.030834 0.129630
0 1743 0.617291 0.096759 0.027811 0.126852
0 1744 0.215538 0.404167 0.038089 0.149074
0 1745 0.013603 0.313889 0.025998 0.140741
0 1746 0.023277 0.312037 0.044135 0.133333
0 1747 0.171705 0.328704 0.037485 0.148148
0 1748 0.140871 0.326389 0.039903 0.145370
0 1749 0.548670 0.309722 0.036880 0.132407
0 1750 0.525393 0.337037 0.039903 0.135185
0 1751 0.201330 0.361111 0.038694 0.150000
0 1752 0.243047 0.390741 0.037485 0.148148
0 1753 0.315599 0.533333 0.042322 0.179630
0 1754 0.266022 0.548611 0.041112 0.160185
0 1755 0.017231 0.450463 0.033253 0.132407
0 1759 0.018742 0.362963 0.033857 0.129630
0 1761 0.736397 0.296296 0.045949 0.157407
0 1762 0.970375 0.195833 0.037485 0.143519
0 1769 0.974607 0.145370 0.031439 0.118519
0 1770 0.941657 0.128704 0.032044 0.140741
0 1771 0.988513 0.049537 0.021765 0.097222
0 1772 0.958888 0.043981 0.030230 0.086111
0 1775 0.920798 0.153704 0.039903 0.129630
0 1783 0.035973 0.091667 0.044135 0.133333
0 1786 0.102781 0.145833 0.037485 0.126852
0 1787 0.081016 0.082407 0.037485 0.140741
0 1788 0.347642 0.141667 0.032648 0.125926
0 1790 0.584341 0.216204 0.039299 0.123148
0 1791 0.184401 0.105556 0.032648 0.140741
0 1792 0.546856 0.174537 0.034462 0.128704
0 1793 0.632104 0.169444 0.034462 0.135185
0 1794 0.334341 0.118056 0.035067 0.137963
0 1795 0.588875 0.156019 0.037485 0.132407
0 1796 0.429867 0.089352 0.032648 0.143519
0 1797 0.645707 0.117130 0.039903 0.139815
0 1801 0.647521 0.060648 0.036276 0.119444
0 1802 0.616082 0.051389 0.037485 0.100926
0 1805 0.440447 0.068056 0.035671 0.125000
0 1806 0.451632 0.035648 0.030230 0.069444
0 1812 0.131802 0.088889 0.032648 0.124074
0 1813 0.196796 0.022685 0.029625 0.043519
0 1814 0.337062 0.026852 0.032044 0.051852
0 1816 0.236094 0.033333 0.034462 0.064815
0 1820 0.383918 0.052315 0.035067 0.102778
0 1821 0.154172 0.038889 0.031439 0.075926
0 1822 0.212515 0.059259 0.032044 0.116667
0 1823 0.252116 0.056481 0.035067 0.111111
0 1825 0.540206 0.100463 0.034462 0.126852
0 1826 0.524184 0.077778 0.036276 0.125926
0 1827 0.406590 0.075926 0.029625 0.096296
0 1829 0.360943 0.059259 0.035067 0.116667
0 1830 0.290508 0.093056 0.032044 0.115741
0 1831 0.323761 0.063426 0.029625 0.113889
0 1832 0.315296 0.047685 0.029625 0.093519
0 1833 0.492745 0.029167 0.037485 0.056481
0 1834 0.396917 0.094907 0.032044 0.115741
0 1835 0.363966 0.090741 0.027811 0.120370
0 1836 0.116082 0.069907 0.035067 0.128704
0 1837 0.286578 0.062963 0.032648 0.122222
0 1840 0.182890 0.122685 0.027207 0.110185
0 1943 0.207376 0.110648 0.035067 0.143519
