0 1168 0.557437 0.896296 0.044740 0.172222
0 1169 0.557437 0.936574 0.041112 0.128704
0 1175 0.389661 0.565741 0.036880 0.135185
0 1176 0.289903 0.655556 0.041717 0.157407
0 1188 0.735792 0.813426 0.048368 0.184259
0 1193 0.712817 0.848611 0.058041 0.186111
0 1194 0.678658 0.877315 0.050181 0.165741
0 1197 0.331318 0.350463 0.037485 0.167593
0 1198 0.283857 0.336111 0.032044 0.140741
0 1199 0.342201 0.369907 0.041112 0.145370
0 1200 0.366385 0.338889 0.036276 0.142593
0 1206 0.272672 0.360185 0.042322 0.146296
0 1208 0.634220 0.963889 0.051995 0.074074
0 1209 0.673519 0.954167 0.042322 0.093519
0 1210 0.625151 0.950463 0.041112 0.100926
0 1222 0.877872 0.973148 0.038694 0.050000
0 1224 0.840992 0.943519 0.035067 0.109259
0 1225 0.882104 0.936574 0.048368 0.125000
0 1240 0.083434 0.413889 0.033857 0.129630
0 1242 0.143289 0.426389 0.038694 0.154630
0 1243 0.577388 0.631019 0.044740 0.173148
0 1244 0.118803 0.353704 0.033253 0.146296
0 1245 0.096735 0.462963 0.045949 0.153704
0 1246 0.671705 0.457870 0.041112 0.137963
0 1247 0.701028 0.437037 0.051391 0.148148
0 1249 0.683192 0.384259 0.042322 0.135185
0 1250 0.829202 0.444907 0.041717 0.139815
0 1251 0.806530 0.455556 0.042322 0.157407
0 1252 0.787787 0.595833 0.045949 0.154630
0 1259 0.974002 0.857870 0.044740 0.173148
0 1260 0.933797 0.875463 0.051391 0.193519
0 1261 0.798670 0.830556 0.042322 0.118519
0 1262 0.845224 0.830093 0.045949 0.160185
0 1263 0.871524 0.844444 0.036880 0.120370
0 1266 0.794135 0.883333 0.058646 0.164815
0 1273 0.969770 0.950926 0.059250 0.098148
0 1275 0.606711 0.801852 0.052600 0.168519
0 1276 0.616082 0.843981 0.050786 0.167593
0 1277 0.970677 0.656944 0.034462 0.139815
0 1278 0.952842 0.657407 0.044740 0.146296
0 1279 0.380290 0.873148 0.058041 0.170370
0 1280 0.350060 0.859722 0.058041 0.167593
0 1281 0.806530 0.750463 0.037485 0.139815
0 1282 0.843410 0.782870 0.044740 0.137963
0 1283 0.883011 0.781481 0.050181 0.170370
0 1284 0.842805 0.386111 0.035067 0.135185
0 1285 0.862455 0.379167 0.041717 0.112037
0 1287 0.074063 0.826389 0.048972 0.165741
0 1288 0.109432 0.790278 0.045949 0.162037
0 1289 0.113362 0.931481 0.051391 0.138889
0 1290 0.076784 0.928704 0.048368 0.144444
0 1306 0.295042 0.670370 0.049577 0.159259
0 1307 0.355502 0.638426 0.042322 0.165741
0 1308 0.377570 0.660648 0.036880 0.132407
0 1314 0.547158 0.946759 0.036276 0.106481
0 1317 0.507860 0.931944 0.050786 0.137963
0 1320 0.825877 0.591204 0.050786 0.154630
0 1321 0.102177 0.416667 0.039903 0.140741
0 1325 0.235792 0.603241 0.038694 0.156481
0 1326 0.236397 0.582407 0.033857 0.148148
0 1328 0.187122 0.601389 0.041717 0.139815
0 1329 0.203748 0.552315 0.042322 0.143519
0 1330 0.166566 0.571759 0.039299 0.150926
0 1342 0.308948 0.619444 0.047158 0.153704
0 1343 0.385127 0.255093 0.033857 0.130556
0 1344 0.408706 0.256019 0.029021 0.132407
0 1345 0.302600 0.587963 0.033253 0.129630
0 1365 0.712817 0.962963 0.044740 0.075926
0 1394 0.678960 0.980093 0.037485 0.041667
0 1412 0.715236 0.398148 0.039903 0.125926
0 1413 0.753023 0.410648 0.042926 0.134259
0 1444 0.267836 0.394907 0.037485 0.139815
0 1445 0.249093 0.411574 0.035067 0.143519
0 1490 0.882709 0.658796 0.036276 0.130556
0 1501 0.301693 0.978241 0.037485 0.045370
0 1502 0.462817 0.985185 0.039299 0.031481
0 1531 0.532044 0.590741 0.039903 0.162963
0 1549 0.320738 0.790741 0.046554 0.162963
0 1555 0.863059 0.693519 0.036880 0.148148
0 1556 0.847037 0.713426 0.033857 0.121296
0 1557 0.582225 0.600926 0.039903 0.153704
0 1567 0.348851 0.494907 0.037485 0.132407
0 1570 0.283555 0.504630 0.038694 0.157407
0 1572 0.190145 0.931019 0.044135 0.139815
0 1573 0.475212 0.450926 0.027811 0.135185
0 1592 0.358827 0.728241 0.042926 0.160185
0 1593 0.306530 0.831019 0.049577 0.167593
0 1594 0.382406 0.754630 0.039299 0.168519
0 1595 0.331016 0.738426 0.046554 0.182407
0 1637 0.126663 0.897222 0.048972 0.181481
0 1638 0.030532 0.775926 0.053809 0.170370
0 1639 0.184704 0.832407 0.047763 0.170370
0 1640 0.162636 0.806019 0.042322 0.137963
0 1650 0.449516 0.755093 0.046554 0.154630
0 1653 0.675333 0.727315 0.047158 0.150926
0 1654 0.387848 0.458796 0.034462 0.106481
0 1655 0.465538 0.560648 0.036276 0.139815
0 1657 0.450121 0.517130 0.039299 0.104630
0 1658 0.017533 0.964352 0.033857 0.073148
0 1660 0.464933 0.427315 0.032648 0.139815
0 1661 0.497582 0.418056 0.033857 0.149074
0 1662 0.391475 0.689815 0.055018 0.153704
0 1667 0.441657 0.444444 0.027207 0.124074
0 1668 0.492745 0.506481 0.038694 0.120370
0 1675 0.567715 0.434722 0.035067 0.108333
0 1676 0.538089 0.419444 0.039903 0.144444
0 1677 0.885732 0.175463 0.049577 0.137963
0 1678 0.898428 0.118056 0.039903 0.123148
0 1679 0.912031 0.209259 0.029625 0.107407
0 1680 0.989722 0.351389 0.019347 0.123148
0 1682 0.940145 0.389815 0.043531 0.148148
0 1683 0.959190 0.415741 0.039299 0.140741
0 1685 0.888150 0.584259 0.044740 0.153704
0 1686 0.980653 0.497685 0.036276 0.162037
0 1688 0.811669 0.658333 0.044135 0.159259
0 1689 0.842201 0.689815 0.041112 0.146296
0 1690 0.715236 0.562037 0.039903 0.157407
0 1691 0.808041 0.699537 0.045345 0.154630
0 1694 0.892987 0.875926 0.047158 0.168519
0 1695 0.690145 0.101852 0.034462 0.118519
0 1696 0.621524 0.103241 0.030230 0.112037
0 1697 0.641173 0.115741 0.032044 0.127778
0 1699 0.668682 0.096296 0.036276 0.111111
0 1701 0.608222 0.140278 0.037485 0.143519
0 1702 0.536276 0.119907 0.035067 0.137963
0 1703 0.696191 0.127315 0.036880 0.121296
0 1704 0.655381 0.164352 0.039903 0.126852
0 1705 0.605200 0.164352 0.032648 0.115741
0 1706 0.681378 0.260648 0.039903 0.134259
0 1707 0.618803 0.241667 0.041717 0.140741
0 1708 0.591596 0.262963 0.036880 0.125926
0 1709 0.662031 0.279630 0.026602 0.090741
0 1710 0.633011 0.288889 0.035067 0.135185
0 1711 0.532346 0.190741 0.035671 0.120370
0 1712 0.489420 0.204630 0.032044 0.114815
0 1713 0.523579 0.104630 0.037485 0.135185
0 1714 0.502418 0.103704 0.027811 0.112963
0 1715 0.681378 0.298148 0.042322 0.148148
0 1716 0.611548 0.370370 0.039299 0.140741
0 1717 0.632709 0.392130 0.035671 0.145370
0 1718 0.662031 0.368981 0.039903 0.150926
0 1719 0.427449 0.119907 0.035067 0.115741
0 1720 0.385732 0.181944 0.033857 0.128704
0 1721 0.451632 0.082870 0.033857 0.134259
0 1722 0.436215 0.077778 0.034462 0.125926
0 1723 0.397823 0.114815 0.030230 0.118519
0 1724 0.184401 0.145833 0.041112 0.141667
0 1725 0.289601 0.200926 0.041112 0.137037
0 1726 0.320738 0.224074 0.040508 0.129630
0 1727 0.623337 0.630556 0.048368 0.161111
0 1728 0.775091 0.467593 0.044740 0.140741
0 1729 0.537787 0.467593 0.048972 0.140741
0 1730 0.458888 0.461574 0.055623 0.141667
0 1732 0.018742 0.132407 0.036276 0.125926
0 1733 0.136336 0.117130 0.042926 0.128704
0 1734 0.172914 0.098148 0.033857 0.125926
0 1735 0.191052 0.113426 0.027811 0.121296
0 1736 0.254534 0.097685 0.032648 0.117593
0 1737 0.279323 0.101389 0.035067 0.123148
0 1738 0.160218 0.075000 0.039903 0.135185
0 1739 0.097037 0.045833 0.030834 0.089815
0 1740 0.182285 0.168519 0.034462 0.137037
0 1741 0.467956 0.103704 0.030230 0.124074
0 1742 0.515417 0.077315 0.032044 0.117593
0 1743 0.565296 0.077778 0.024184 0.125926
0 1744 0.241233 0.345833 0.037485 0.145370
0 1745 0.080109 0.255093 0.039299 0.136111
0 1746 0.105804 0.247222 0.033857 0.129630
0 1747 0.229746 0.275000 0.035067 0.140741
0 1748 0.190750 0.268056 0.039299 0.130556
0 1749 0.495163 0.258333 0.036276 0.125926
0 1750 0.475212 0.282407 0.038694 0.131481
0 1751 0.251814 0.305556 0.034462 0.148148
0 1752 0.287485 0.378704 0.036880 0.135185
0 1753 0.328900 0.452778 0.042322 0.172222
0 1754 0.277509 0.458796 0.041112 0.154630
0 1755 0.079504 0.389352 0.034462 0.132407
0 1756 0.029323 0.400000 0.046554 0.155556
0 1757 0.024788 0.361574 0.037485 0.137963
0 1758 0.022370 0.336574 0.038694 0.150926
0 1759 0.065901 0.307870 0.037485 0.128704
0 1761 0.690447 0.239815 0.045949 0.157407
0 1762 0.975514 0.118981 0.036880 0.132407
0 1769 0.954353 0.071759 0.032044 0.115741
0 1770 0.926239 0.062500 0.032648 0.123148
0 1771 0.989117 0.024074 0.021765 0.046296
0 1775 0.940145 0.108333 0.039903 0.129630
0 1783 0.057134 0.043519 0.042926 0.085185
0 1786 0.117291 0.115278 0.037485 0.126852
0 1787 0.118501 0.057870 0.037485 0.113889
0 1788 0.370012 0.082407 0.031439 0.118519
0 1790 0.581620 0.166204 0.038694 0.123148
0 1791 0.192866 0.075926 0.033857 0.140741
0 1792 0.551995 0.126389 0.032648 0.128704
0 1793 0.632104 0.118519 0.034462 0.135185
0 1794 0.350665 0.069444 0.031439 0.129630
0 1795 0.589178 0.118056 0.036880 0.132407
0 1796 0.488513 0.051852 0.032648 0.101852
0 1797 0.647823 0.071296 0.036880 0.125926
0 1806 0.463120 0.031481 0.030230 0.061111
0 1812 0.141173 0.047685 0.032044 0.093519
0 1823 0.245466 0.042130 0.032648 0.082407
0 1825 0.590387 0.058796 0.034462 0.112037
0 1826 0.573156 0.050463 0.036276 0.099074
0 1827 0.398126 0.046296 0.029625 0.090741
0 1829 0.344317 0.041204 0.034462 0.080556
0 1830 0.287787 0.058333 0.027811 0.111111
0 1831 0.316808 0.044907 0.030230 0.087963
0 1834 0.425635 0.069907 0.031439 0.115741
0 1835 0.396917 0.067130 0.029625 0.117593
0 1836 0.141475 0.049074 0.035067 0.094444
0 1837 0.285973 0.034259 0.032648 0.066667
0 1840 0.204051 0.088426 0.027207 0.099074
0 1943 0.220979 0.072685 0.034462 0.137963
