0 1168 0.557134 0.892593 0.044135 0.175926
0 1169 0.557437 0.934722 0.041112 0.132407
0 1175 0.390871 0.565741 0.036880 0.135185
0 1176 0.319226 0.642130 0.041112 0.154630
0 1188 0.737001 0.776852 0.048368 0.187037
0 1193 0.705562 0.812037 0.054414 0.192593
0 1194 0.657497 0.840278 0.051391 0.178704
0 1197 0.330713 0.344907 0.036276 0.162037
0 1198 0.283555 0.336111 0.032648 0.140741
0 1199 0.356409 0.350000 0.041717 0.146296
0 1200 0.369407 0.323611 0.036276 0.139815
0 1206 0.281439 0.350926 0.039299 0.146296
0 1208 0.635429 0.963889 0.051995 0.074074
0 1209 0.673519 0.954167 0.042322 0.093519
0 1210 0.624849 0.950463 0.041717 0.100926
0 1222 0.854293 0.937037 0.043531 0.127778
0 1223 0.916868 0.957870 0.051391 0.086111
0 1224 0.830713 0.884259 0.036276 0.122222
0 1225 0.868803 0.884259 0.048368 0.146296
0 1238 0.973096 0.376852 0.039299 0.153704
0 1240 0.116082 0.386111 0.035067 0.129630
0 1242 0.178053 0.390278 0.039299 0.150926
0 1243 0.610036 0.584259 0.043531 0.174074
0 1244 0.161125 0.326389 0.034462 0.143519
0 1245 0.136638 0.425000 0.043531 0.148148
0 1246 0.655079 0.425463 0.041717 0.137963
0 1247 0.676239 0.401389 0.051391 0.145370
0 1249 0.689843 0.350926 0.042322 0.135185
0 1250 0.819226 0.400000 0.039903 0.135185
0 1251 0.802297 0.407407 0.042322 0.146296
0 1252 0.783253 0.552778 0.046554 0.151852
0 1259 0.956469 0.784259 0.044740 0.170370
0 1260 0.920798 0.806019 0.050786 0.187963
0 1261 0.802600 0.778704 0.041717 0.118519
0 1262 0.835248 0.771759 0.046554 0.160185
0 1263 0.862757 0.778241 0.035067 0.117593
0 1266 0.799879 0.816204 0.059250 0.163889
0 1273 0.964933 0.903241 0.058041 0.163889
0 1274 0.965236 0.960648 0.046554 0.080556
0 1275 0.617291 0.738889 0.049577 0.159259
0 1276 0.638150 0.773611 0.048972 0.158333
0 1277 0.935913 0.607407 0.035067 0.140741
0 1278 0.917775 0.605556 0.042322 0.142593
0 1279 0.456469 0.831944 0.056832 0.171296
0 1280 0.425333 0.819907 0.056227 0.171296
0 1281 0.766929 0.703241 0.036880 0.132407
0 1282 0.819528 0.731944 0.044135 0.137963
0 1283 0.854293 0.732407 0.049577 0.170370
0 1284 0.843410 0.387037 0.035067 0.135185
0 1285 0.860339 0.375926 0.038694 0.116667
0 1287 0.059855 0.752778 0.048368 0.168519
0 1288 0.107920 0.720370 0.044135 0.159259
0 1289 0.146312 0.904630 0.047158 0.181481
0 1290 0.107618 0.893981 0.049577 0.154630
0 1306 0.295647 0.669907 0.049577 0.160185
0 1307 0.357920 0.638426 0.042322 0.165741
0 1308 0.377570 0.661574 0.036880 0.132407
0 1314 0.541717 0.945370 0.036276 0.111111
0 1317 0.512696 0.928704 0.050786 0.144444
0 1320 0.824667 0.546759 0.050786 0.154630
0 1321 0.140266 0.390741 0.038694 0.148148
0 1325 0.236397 0.603241 0.038694 0.156481
0 1326 0.235792 0.578704 0.033857 0.148148
0 1328 0.188331 0.603241 0.041717 0.139815
0 1329 0.204353 0.550463 0.042322 0.143519
0 1330 0.167775 0.569907 0.039299 0.150926
0 1342 0.311669 0.611111 0.045345 0.153704
0 1343 0.386034 0.256481 0.034462 0.129630
0 1344 0.408706 0.255093 0.029021 0.132407
0 1345 0.321342 0.587037 0.036880 0.129630
0 1365 0.714027 0.962963 0.044740 0.075926
0 1394 0.680169 0.980556 0.037485 0.040741
0 1412 0.714631 0.395833 0.041112 0.123148
0 1413 0.754534 0.408796 0.042322 0.137963
0 1444 0.268440 0.395370 0.036276 0.140741
0 1445 0.249093 0.411574 0.035067 0.143519
0 1490 0.847037 0.647685 0.029021 0.128704
0 1501 0.293229 0.979167 0.037485 0.043519
0 1502 0.464027 0.985185 0.039299 0.031481
0 1510 0.384220 0.969444 0.051391 0.062963
0 1531 0.529625 0.602778 0.041112 0.157407
0 1549 0.321947 0.790741 0.046554 0.162963
0 1555 0.828900 0.671296 0.041112 0.148148
0 1556 0.826784 0.694444 0.038089 0.120370
0 1557 0.564087 0.615278 0.037485 0.149074
0 1567 0.349456 0.494907 0.037485 0.132407
0 1570 0.282950 0.494907 0.044740 0.156481
0 1572 0.232769 0.892593 0.044740 0.187037
0 1573 0.475816 0.450000 0.027811 0.135185
0 1592 0.357920 0.729630 0.042322 0.159259
0 1593 0.357013 0.817593 0.046554 0.159259
0 1594 0.383615 0.754630 0.039299 0.168519
0 1595 0.328900 0.743981 0.042322 0.182407
0 1637 0.063785 0.847685 0.056227 0.176852
0 1639 0.132406 0.818981 0.044740 0.171296
0 1640 0.113362 0.789352 0.041717 0.137963
0 1650 0.454051 0.753241 0.042322 0.154630
0 1653 0.678356 0.727315 0.047158 0.150926
0 1654 0.389057 0.457407 0.034462 0.105556
0 1655 0.466143 0.560648 0.036276 0.139815
0 1657 0.451632 0.516204 0.038694 0.104630
0 1658 0.079807 0.936111 0.051995 0.129630
0 1660 0.465538 0.425463 0.032648 0.139815
0 1661 0.498791 0.418056 0.033857 0.149074
0 1662 0.429867 0.680093 0.041112 0.165741
0 1667 0.444075 0.443519 0.027207 0.124074
0 1668 0.489117 0.505556 0.038694 0.127778
0 1675 0.593712 0.492593 0.037485 0.111111
0 1676 0.562878 0.478704 0.039903 0.146296
0 1677 0.900242 0.139352 0.049577 0.132407
0 1678 0.913543 0.088889 0.039903 0.124074
0 1679 0.926542 0.168056 0.030834 0.100926
0 1680 0.987908 0.300926 0.022975 0.124074
0 1682 0.924426 0.340741 0.043531 0.148148
0 1683 0.932588 0.370370 0.038089 0.138889
0 1685 0.894498 0.512963 0.044135 0.153704
0 1686 0.970979 0.441204 0.049577 0.160185
0 1688 0.833132 0.599537 0.044740 0.160185
0 1689 0.813180 0.624074 0.047158 0.151852
0 1690 0.753930 0.498148 0.038694 0.148148
0 1691 0.762092 0.619444 0.048972 0.148148
0 1694 0.878779 0.818519 0.044135 0.168519
0 1695 0.693470 0.076852 0.035067 0.118519
0 1696 0.642684 0.086574 0.030230 0.112037
0 1697 0.659613 0.092593 0.031439 0.124074
0 1699 0.666868 0.073611 0.036276 0.110185
0 1701 0.605502 0.111574 0.036880 0.143519
0 1702 0.550786 0.090278 0.035067 0.137963
0 1703 0.672612 0.108333 0.039299 0.120370
0 1704 0.645405 0.130093 0.039299 0.121296
0 1705 0.602781 0.135648 0.032648 0.115741
0 1706 0.661427 0.221296 0.039903 0.131481
0 1707 0.606106 0.203704 0.036880 0.137037
0 1708 0.589480 0.223611 0.036276 0.125000
0 1709 0.637243 0.239352 0.027811 0.093519
0 1710 0.618501 0.239352 0.033857 0.125000
0 1711 0.540810 0.158796 0.035671 0.125000
0 1712 0.496977 0.163889 0.027811 0.114815
0 1713 0.531439 0.077778 0.037485 0.129630
0 1714 0.507860 0.078704 0.027811 0.112963
0 1715 0.684099 0.258796 0.041717 0.149074
0 1716 0.617291 0.335185 0.038694 0.140741
0 1717 0.637848 0.357870 0.036276 0.150926
0 1718 0.673821 0.328704 0.038089 0.144444
0 1719 0.430774 0.096759 0.034462 0.115741
0 1720 0.413845 0.149537 0.032044 0.128704
0 1721 0.463422 0.065741 0.034462 0.129630
0 1722 0.430472 0.060648 0.035067 0.119444
0 1723 0.408102 0.089815 0.030230 0.118519
0 1724 0.233978 0.112963 0.042322 0.137037
0 1725 0.332225 0.166667 0.040508 0.135185
0 1726 0.366989 0.185185 0.041112 0.124074
0 1727 0.642080 0.572222 0.048368 0.157407
0 1728 0.785973 0.431019 0.042322 0.139815
0 1729 0.461608 0.468056 0.048972 0.149074
0 1730 0.364873 0.448148 0.051391 0.146296
0 1731 0.014510 0.103704 0.027811 0.125926
0 1732 0.042322 0.094907 0.037485 0.125000
0 1733 0.150242 0.098148 0.041717 0.129630
0 1734 0.186820 0.079167 0.033857 0.126852
0 1735 0.210701 0.093981 0.027207 0.121296
0 1736 0.258162 0.083796 0.032648 0.117593
0 1737 0.284160 0.086574 0.035067 0.123148
0 1738 0.165659 0.065278 0.039903 0.126852
0 1739 0.106409 0.040741 0.032648 0.079630
0 1740 0.194377 0.143056 0.034462 0.137963
0 1741 0.422612 0.110185 0.030230 0.124074
0 1742 0.470979 0.087037 0.031439 0.125926
0 1743 0.530230 0.078704 0.022975 0.125926
0 1744 0.280532 0.305556 0.037485 0.140741
0 1745 0.129988 0.215278 0.037485 0.132407
0 1746 0.152056 0.215741 0.034462 0.133333
0 1747 0.270859 0.245370 0.035067 0.140741
0 1748 0.229141 0.237500 0.039903 0.136111
0 1749 0.458888 0.230556 0.033857 0.125926
0 1750 0.436518 0.253241 0.038694 0.126852
0 1751 0.303204 0.274074 0.039299 0.148148
0 1752 0.354595 0.375000 0.036880 0.135185
0 1753 0.361850 0.412500 0.044135 0.171296
0 1754 0.326179 0.410185 0.036880 0.148148
0 1755 0.125151 0.358796 0.025393 0.132407
0 1756 0.075272 0.355556 0.044135 0.153704
0 1757 0.066505 0.326389 0.037485 0.137963
0 1758 0.054716 0.290278 0.039299 0.143519
0 1759 0.091898 0.269444 0.036276 0.125926
0 1760 0.978839 0.405093 0.037485 0.145370
0 1761 0.680774 0.200926 0.045949 0.151852
0 1762 0.980351 0.084722 0.036880 0.130556
0 1770 0.914148 0.037037 0.032648 0.072222
0 1775 0.949819 0.075000 0.039903 0.129630
0 1786 0.129988 0.088426 0.037485 0.126852
0 1787 0.143894 0.041667 0.037485 0.081481
0 1788 0.381499 0.057407 0.031439 0.107407
0 1790 0.580109 0.129167 0.036880 0.123148
0 1791 0.202237 0.060185 0.034462 0.118519
0 1792 0.564994 0.092593 0.032044 0.125926
0 1793 0.618803 0.100000 0.030834 0.135185
0 1794 0.362455 0.046759 0.032044 0.091667
0 1795 0.592805 0.085648 0.036880 0.130556
0 1796 0.519347 0.027778 0.032648 0.053704
0 1797 0.647521 0.054630 0.036276 0.107407
0 1806 0.467352 0.032870 0.030230 0.063889
0 1812 0.168682 0.025000 0.029021 0.048148
0 1826 0.620919 0.035185 0.036276 0.068519
0 1829 0.335852 0.032870 0.034462 0.063889
0 1830 0.280532 0.043056 0.027811 0.084259
0 1831 0.301693 0.033333 0.030230 0.064815
0 1834 0.443470 0.049537 0.029625 0.097222
0 1835 0.411427 0.054167 0.029625 0.106481
0 1840 0.212213 0.071759 0.027811 0.099074
0 1943 0.227328 0.057407 0.035067 0.112963
