0 1168 0.557437 0.895833 0.044740 0.173148
0 1169 0.557437 0.936574 0.041112 0.128704
0 1175 0.389661 0.565741 0.036880 0.135185
0 1176 0.292926 0.654167 0.041717 0.156481
0 1188 0.735792 0.811111 0.048368 0.185185
0 1193 0.711608 0.848148 0.058041 0.188889
0 1194 0.676239 0.874537 0.050181 0.165741
0 1197 0.331318 0.350000 0.037485 0.166667
0 1198 0.284462 0.336111 0.032044 0.140741
0 1199 0.343410 0.367593 0.041112 0.146296
0 1200 0.366385 0.337500 0.036276 0.141667
0 1206 0.273277 0.359259 0.042322 0.146296
0 1208 0.634825 0.963889 0.051995 0.074074
0 1209 0.673519 0.954167 0.042322 0.093519
0 1210 0.625151 0.950463 0.041112 0.100926
0 1222 0.876360 0.970833 0.041717 0.054630
0 1224 0.840992 0.941204 0.035067 0.112037
0 1225 0.880895 0.935185 0.048368 0.129630
0 1240 0.085550 0.412037 0.034462 0.129630
0 1242 0.145707 0.423611 0.038694 0.154630
0 1243 0.579807 0.626852 0.044740 0.172222
0 1244 0.121524 0.351389 0.033857 0.145370
0 1245 0.099154 0.460185 0.045949 0.155556
0 1246 0.670496 0.456019 0.041112 0.137963
0 1247 0.699819 0.434259 0.051391 0.148148
0 1249 0.682588 0.382407 0.042322 0.135185
0 1250 0.828597 0.442130 0.041717 0.139815
0 1251 0.805925 0.452778 0.042322 0.157407
0 1252 0.787787 0.593056 0.045949 0.154630
0 1259 0.972793 0.852778 0.045949 0.174074
0 1260 0.931983 0.870833 0.051391 0.193519
0 1261 0.799274 0.826852 0.042322 0.118519
0 1262 0.844619 0.825463 0.045949 0.160185
0 1263 0.870919 0.839815 0.036880 0.120370
0 1266 0.794135 0.878241 0.058646 0.165741
0 1273 0.969770 0.948148 0.059250 0.103704
0 1275 0.607618 0.797685 0.051995 0.167593
0 1276 0.617291 0.838426 0.050786 0.167593
0 1277 0.968259 0.653241 0.034462 0.139815
0 1278 0.951028 0.653241 0.044740 0.145370
0 1279 0.386638 0.870833 0.056227 0.171296
0 1280 0.355804 0.857870 0.057437 0.169444
0 1281 0.803507 0.746296 0.037485 0.138889
0 1282 0.841596 0.779167 0.044740 0.137963
0 1283 0.880593 0.777778 0.050181 0.170370
0 1284 0.842805 0.386111 0.035067 0.135185
0 1285 0.862757 0.379167 0.041112 0.112037
0 1287 0.072854 0.821759 0.048972 0.165741
0 1288 0.109432 0.785648 0.045949 0.162037
0 1289 0.115780 0.930093 0.050181 0.141667
0 1290 0.079202 0.927315 0.048368 0.147222
0 1306 0.295042 0.670370 0.049577 0.159259
0 1307 0.355502 0.638426 0.042322 0.165741
0 1308 0.377570 0.660648 0.036880 0.132407
0 1314 0.546554 0.947222 0.036276 0.107407
0 1317 0.508162 0.931481 0.051391 0.138889
0 1320 0.825272 0.588426 0.050786 0.154630
0 1321 0.104897 0.414352 0.039299 0.141667
0 1325 0.235792 0.603241 0.038694 0.156481
0 1326 0.236397 0.581481 0.033857 0.148148
0 1328 0.187727 0.601389 0.041717 0.139815
0 1329 0.203748 0.552315 0.042322 0.143519
0 1330 0.166566 0.571759 0.039299 0.150926
0 1342 0.309553 0.619444 0.047158 0.153704
0 1343 0.385127 0.255093 0.033857 0.130556
0 1344 0.408706 0.256019 0.029021 0.132407
0 1345 0.304716 0.587963 0.035067 0.129630
0 1365 0.713422 0.962963 0.044740 0.075926
0 1394 0.678960 0.980093 0.037485 0.041667
0 1412 0.715236 0.397685 0.039903 0.125000
0 1413 0.753325 0.410185 0.043531 0.135185
0 1444 0.267836 0.394907 0.037485 0.139815
0 1445 0.249093 0.411574 0.035067 0.143519
0 1490 0.880290 0.656019 0.036276 0.128704
0 1501 0.301693 0.978241 0.037485 0.045370
0 1502 0.462817 0.985185 0.039299 0.031481
0 1531 0.531741 0.593056 0.041717 0.162037
0 1549 0.320738 0.790741 0.046554 0.162963
0 1555 0.861850 0.692593 0.036880 0.148148
0 1556 0.845526 0.711574 0.034462 0.121296
0 1557 0.581016 0.602778 0.039903 0.153704
0 1567 0.348851 0.494907 0.037485 0.132407
0 1570 0.283253 0.504630 0.039299 0.157407
0 1572 0.193168 0.930093 0.044135 0.141667
0 1573 0.475212 0.450926 0.027811 0.135185
0 1592 0.358827 0.728704 0.042926 0.159259
0 1593 0.309250 0.831019 0.048972 0.167593
0 1594 0.382406 0.754630 0.039299 0.168519
0 1595 0.331016 0.738426 0.046554 0.182407
0 1637 0.122733 0.893056 0.049577 0.182407
0 1638 0.027207 0.775463 0.053204 0.171296
0 1639 0.181378 0.831481 0.047158 0.170370
0 1640 0.160822 0.804167 0.042322 0.137963
0 1650 0.449214 0.754167 0.045949 0.154630
0 1653 0.675333 0.727315 0.047158 0.150926
0 1654 0.387848 0.458796 0.034462 0.106481
0 1655 0.466143 0.560648 0.036276 0.139815
0 1657 0.450121 0.517130 0.039299 0.104630
0 1658 0.020254 0.961574 0.039299 0.078704
0 1660 0.464933 0.427315 0.032648 0.139815
0 1661 0.498186 0.418519 0.033857 0.148148
0 1662 0.394498 0.688889 0.055018 0.153704
0 1667 0.441657 0.443519 0.027207 0.124074
0 1668 0.492745 0.505556 0.038694 0.120370
0 1675 0.570133 0.437963 0.035067 0.109259
0 1676 0.540206 0.422685 0.039299 0.145370
0 1677 0.887243 0.172222 0.051391 0.137037
0 1678 0.899637 0.116204 0.039903 0.123148
0 1679 0.913845 0.206481 0.030834 0.107407
0 1680 0.989420 0.348611 0.019952 0.123148
0 1682 0.939541 0.386111 0.043531 0.148148
0 1683 0.957376 0.412963 0.039299 0.140741
0 1685 0.890568 0.578704 0.044740 0.153704
0 1686 0.980048 0.493981 0.037485 0.162037
0 1688 0.811971 0.654630 0.044740 0.159259
0 1689 0.838271 0.686111 0.042926 0.146296
0 1690 0.717654 0.557870 0.039903 0.158333
0 1691 0.802297 0.693519 0.045949 0.153704
0 1694 0.892080 0.872222 0.046554 0.168519
0 1695 0.690447 0.100000 0.033857 0.118519
0 1696 0.623942 0.102315 0.030230 0.112037
0 1697 0.642382 0.113889 0.032044 0.127778
0 1699 0.668682 0.094907 0.036276 0.110185
0 1701 0.608222 0.138426 0.037485 0.143519
0 1702 0.537485 0.118056 0.035067 0.137963
0 1703 0.694075 0.126389 0.037485 0.121296
0 1704 0.654776 0.162500 0.039903 0.126852
0 1705 0.605200 0.162500 0.032648 0.115741
0 1706 0.680169 0.257870 0.039903 0.134259
0 1707 0.617896 0.238426 0.041112 0.139815
0 1708 0.591596 0.261111 0.036880 0.125926
0 1709 0.659613 0.276852 0.026602 0.090741
0 1710 0.632406 0.285185 0.035067 0.135185
0 1711 0.532950 0.188889 0.035671 0.120370
0 1712 0.489420 0.202315 0.032044 0.115741
0 1713 0.524184 0.102778 0.037485 0.135185
0 1714 0.502721 0.102778 0.027207 0.112963
0 1715 0.681983 0.296296 0.042322 0.148148
0 1716 0.611548 0.368519 0.039299 0.140741
0 1717 0.632709 0.389352 0.035671 0.145370
0 1718 0.662636 0.366204 0.039903 0.150926
0 1719 0.427449 0.118056 0.035067 0.115741
0 1720 0.387545 0.180093 0.033857 0.128704
0 1721 0.452237 0.080093 0.033857 0.134259
0 1722 0.436215 0.076389 0.034462 0.126852
0 1723 0.398428 0.113889 0.030230 0.118519
0 1724 0.188331 0.142130 0.041717 0.139815
0 1725 0.292322 0.199074 0.041717 0.137037
0 1726 0.324365 0.222685 0.040508 0.130556
0 1727 0.625756 0.625926 0.048368 0.159259
0 1728 0.775695 0.465741 0.044740 0.140741
0 1729 0.532950 0.468519 0.048972 0.140741
0 1730 0.452842 0.460648 0.055623 0.141667
0 1732 0.019347 0.128704 0.037485 0.125926
0 1733 0.137545 0.116204 0.042926 0.128704
0 1734 0.174426 0.096296 0.034462 0.125926
0 1735 0.191657 0.112500 0.027811 0.121296
0 1736 0.254534 0.095833 0.032648 0.117593
0 1737 0.279927 0.100463 0.035067 0.123148
0 1738 0.160218 0.073611 0.039903 0.134259
0 1739 0.097340 0.045370 0.031439 0.088889
0 1740 0.183495 0.167130 0.034462 0.137963
0 1741 0.465538 0.104630 0.030230 0.124074
0 1742 0.512999 0.076852 0.032044 0.116667
0 1743 0.563180 0.077778 0.023579 0.125926
0 1744 0.243047 0.343056 0.037485 0.145370
0 1745 0.083736 0.252315 0.039299 0.134259
0 1746 0.108827 0.244444 0.033857 0.129630
0 1747 0.232769 0.273148 0.035067 0.140741
0 1748 0.193773 0.267130 0.039299 0.132407
0 1749 0.492745 0.256481 0.036276 0.125926
0 1750 0.472793 0.280556 0.038694 0.131481
0 1751 0.254837 0.304630 0.034462 0.148148
0 1752 0.291112 0.377778 0.036880 0.135185
0 1753 0.329807 0.450000 0.041717 0.170370
0 1754 0.279927 0.455093 0.041112 0.152778
0 1755 0.083132 0.386574 0.034462 0.132407
0 1756 0.031741 0.396759 0.046554 0.156481
0 1757 0.027811 0.359722 0.037485 0.137963
0 1758 0.024184 0.333796 0.038694 0.150926
0 1759 0.067110 0.305093 0.037485 0.128704
0 1760 0.987304 0.443519 0.024184 0.131481
0 1761 0.689238 0.237037 0.045949 0.157407
0 1762 0.976119 0.117130 0.036880 0.132407
0 1769 0.953144 0.068056 0.032044 0.115741
0 1770 0.925030 0.061111 0.032648 0.120370
0 1771 0.989117 0.023148 0.021765 0.044444
0 1775 0.940750 0.105556 0.039903 0.129630
0 1783 0.058041 0.043056 0.042322 0.084259
0 1786 0.117896 0.114352 0.037485 0.126852
0 1787 0.120919 0.056944 0.037485 0.112037
0 1788 0.370617 0.080556 0.031439 0.118519
0 1790 0.581620 0.163426 0.038694 0.123148
0 1791 0.193168 0.074074 0.034462 0.140741
0 1792 0.552600 0.124074 0.032648 0.127778
0 1793 0.632104 0.116667 0.034462 0.135185
0 1794 0.351270 0.067130 0.031439 0.128704
0 1795 0.589178 0.116204 0.036880 0.132407
0 1796 0.490326 0.050463 0.032648 0.099074
0 1797 0.648428 0.069444 0.036880 0.125926
0 1806 0.463724 0.031019 0.030230 0.060185
0 1812 0.142987 0.046296 0.032044 0.090741
0 1823 0.245466 0.041667 0.032648 0.081481
0 1825 0.592805 0.057407 0.034462 0.111111
0 1826 0.574970 0.049537 0.036276 0.097222
0 1827 0.397521 0.045370 0.029625 0.088889
0 1829 0.343108 0.040741 0.034462 0.079630
0 1830 0.287183 0.057407 0.027811 0.109259
0 1831 0.315599 0.043981 0.030230 0.086111
0 1834 0.426239 0.067130 0.031439 0.115741
0 1835 0.398428 0.065741 0.030230 0.116667
0 1836 0.142684 0.048148 0.035067 0.092593
0 1837 0.285973 0.033333 0.032648 0.064815
0 1840 0.205260 0.086574 0.027207 0.099074
0 1943 0.220979 0.072685 0.034462 0.137963
