0 1168 0.556832 0.887500 0.043531 0.180556
0 1169 0.557134 0.931944 0.041717 0.137963
0 1175 0.392080 0.566667 0.036880 0.135185
0 1176 0.370919 0.612500 0.041717 0.154630
0 1188 0.727328 0.722685 0.047158 0.182407
0 1193 0.712213 0.750463 0.051995 0.184259
0 1194 0.669891 0.773148 0.047158 0.168519
0 1197 0.334341 0.317593 0.036276 0.144444
0 1198 0.284462 0.330556 0.032044 0.140741
0 1199 0.364571 0.323611 0.041112 0.145370
0 1200 0.384220 0.303704 0.036880 0.140741
0 1206 0.295949 0.343981 0.044135 0.145370
0 1208 0.636034 0.963889 0.051995 0.074074
0 1209 0.673519 0.954167 0.042322 0.093519
0 1210 0.624849 0.950463 0.041717 0.100926
0 1222 0.818319 0.869444 0.044135 0.166667
0 1223 0.897521 0.905556 0.053809 0.170370
0 1224 0.826481 0.797685 0.036276 0.123148
0 1225 0.851572 0.791204 0.039299 0.141667
0 1238 0.938634 0.317130 0.044135 0.154630
0 1239 0.966143 0.291667 0.042322 0.120370
0 1240 0.159008 0.343981 0.037485 0.128704
0 1241 0.019952 0.416204 0.038694 0.152778
0 1242 0.220677 0.343981 0.039903 0.145370
0 1243 0.610036 0.505556 0.039903 0.174074
0 1244 0.220375 0.287500 0.029625 0.143519
0 1245 0.194680 0.380556 0.042322 0.142593
0 1246 0.634220 0.371296 0.042322 0.137037
0 1247 0.668077 0.343056 0.047158 0.139815
0 1249 0.701632 0.302315 0.046554 0.134259
0 1250 0.801391 0.332407 0.039299 0.135185
0 1251 0.785973 0.351852 0.042322 0.146296
0 1252 0.781741 0.485185 0.043531 0.140741
0 1255 0.980351 0.546296 0.038089 0.148148
0 1257 0.967956 0.563426 0.037485 0.145370
0 1259 0.944680 0.686111 0.044135 0.162963
0 1260 0.912334 0.708796 0.045949 0.184259
0 1261 0.803809 0.725000 0.041717 0.118519
0 1262 0.837062 0.708796 0.045345 0.154630
0 1263 0.857920 0.711574 0.035067 0.117593
0 1266 0.799879 0.743981 0.059250 0.149074
0 1273 0.952237 0.808796 0.059250 0.167593
0 1274 0.943168 0.907870 0.049577 0.171296
0 1275 0.620617 0.656481 0.046554 0.159259
0 1276 0.643591 0.685648 0.044135 0.162037
0 1277 0.893591 0.537500 0.033857 0.134259
0 1278 0.875453 0.541667 0.039903 0.142593
0 1279 0.554414 0.762963 0.053204 0.170370
0 1280 0.519347 0.744444 0.045949 0.166667
0 1281 0.737001 0.652315 0.036276 0.132407
0 1282 0.790206 0.681019 0.044740 0.132407
0 1283 0.817412 0.670833 0.047158 0.171296
0 1284 0.844015 0.388889 0.033857 0.135185
0 1285 0.860036 0.371759 0.034462 0.119444
0 1287 0.066808 0.652315 0.044135 0.160185
0 1288 0.107920 0.631481 0.041717 0.148148
0 1289 0.159311 0.813889 0.045345 0.183333
0 1290 0.112152 0.803241 0.048972 0.154630
0 1306 0.296252 0.669907 0.049577 0.160185
0 1307 0.352479 0.641204 0.042322 0.165741
0 1308 0.374244 0.662500 0.036276 0.132407
0 1314 0.533857 0.936111 0.037485 0.112963
0 1316 0.019649 0.508796 0.038089 0.139815
0 1317 0.485490 0.915741 0.050786 0.162963
0 1320 0.816808 0.477315 0.049577 0.145370
0 1321 0.188936 0.346759 0.039299 0.149074
0 1323 0.033555 0.450463 0.053809 0.162037
0 1325 0.237606 0.603241 0.038694 0.156481
0 1326 0.235187 0.573148 0.033857 0.148148
0 1328 0.190750 0.603241 0.041717 0.139815
0 1329 0.204958 0.548611 0.042322 0.143519
0 1330 0.167775 0.569907 0.039299 0.150926
0 1342 0.316203 0.604630 0.042322 0.153704
0 1343 0.386638 0.257407 0.034462 0.129630
0 1344 0.409311 0.257870 0.029021 0.132407
0 1345 0.345224 0.583796 0.036276 0.128704
0 1365 0.714631 0.962963 0.044740 0.075926
0 1394 0.680169 0.980556 0.037485 0.040741
0 1412 0.713422 0.393519 0.043531 0.122222
0 1413 0.755744 0.405556 0.039903 0.140741
0 1444 0.269045 0.396296 0.035067 0.142593
0 1445 0.249093 0.411574 0.035067 0.143519
0 1490 0.800786 0.597685 0.033253 0.128704
0 1501 0.275695 0.981019 0.037485 0.039815
0 1502 0.465840 0.985185 0.035671 0.031481
0 1510 0.398428 0.935648 0.048368 0.130556
0 1522 0.314389 0.978241 0.042322 0.045370
0 1531 0.530834 0.594907 0.047158 0.156481
0 1549 0.322249 0.793519 0.048368 0.162963
0 1555 0.759069 0.622222 0.046554 0.148148
0 1556 0.750000 0.638426 0.039299 0.121296
0 1557 0.558343 0.629167 0.034462 0.163889
0 1565 0.360641 0.954630 0.059855 0.092593
0 1567 0.350665 0.496759 0.037485 0.132407
0 1570 0.280532 0.476389 0.039903 0.156481
0 1572 0.253628 0.797222 0.042926 0.187037
0 1573 0.477025 0.449074 0.027811 0.135185
0 1592 0.356409 0.730556 0.041717 0.159259
0 1593 0.382709 0.788889 0.051995 0.159259
0 1594 0.386034 0.754630 0.039299 0.168519
0 1595 0.328295 0.738426 0.041112 0.176852
0 1637 0.003930 0.807870 0.006651 0.160185
0 1639 0.052902 0.800000 0.055018 0.162963
0 1640 0.027509 0.757407 0.042926 0.146296
0 1650 0.458888 0.754167 0.039903 0.154630
0 1653 0.682285 0.719907 0.046554 0.150926
0 1654 0.389661 0.456019 0.034462 0.104630
0 1655 0.466143 0.560648 0.036276 0.139815
0 1657 0.454051 0.515278 0.038694 0.104630
0 1658 0.181378 0.898611 0.061669 0.167593
0 1660 0.466747 0.424537 0.032648 0.139815
0 1661 0.499698 0.414352 0.034462 0.149074
0 1662 0.457376 0.649537 0.036880 0.156481
0 1667 0.443470 0.438889 0.027207 0.124074
0 1668 0.488815 0.478704 0.039299 0.124074
0 1670 0.100060 0.987963 0.029625 0.025926
0 1674 0.607013 0.984722 0.030230 0.032407
0 1675 0.590085 0.572222 0.035067 0.109259
0 1676 0.565296 0.543519 0.039903 0.146296
0 1677 0.925333 0.087037 0.041717 0.120370
0 1678 0.928658 0.051389 0.039903 0.100926
0 1679 0.942261 0.112963 0.029625 0.098148
0 1680 0.988210 0.245370 0.022370 0.124074
0 1681 0.987908 0.310185 0.022975 0.103704
0 1682 0.908706 0.278704 0.042322 0.148148
0 1683 0.903869 0.300926 0.036276 0.135185
0 1684 0.987606 0.338889 0.023579 0.142593
0 1685 0.906288 0.417593 0.043531 0.146296
0 1686 0.951632 0.372222 0.049577 0.153704
0 1687 0.984281 0.389815 0.031439 0.140741
0 1688 0.869710 0.494444 0.042926 0.148148
0 1689 0.856711 0.512500 0.044740 0.150926
0 1690 0.791112 0.415741 0.039299 0.148148
0 1691 0.825272 0.514352 0.039903 0.149074
0 1694 0.877570 0.733796 0.046554 0.152778
0 1695 0.698912 0.050463 0.035067 0.099074
0 1696 0.669891 0.060185 0.030230 0.111111
0 1697 0.688936 0.059259 0.032044 0.116667
0 1699 0.672914 0.053704 0.037485 0.105556
0 1701 0.597037 0.075463 0.036880 0.143519
0 1702 0.560157 0.050463 0.029625 0.099074
0 1703 0.650544 0.070370 0.035067 0.118519
0 1704 0.636638 0.090741 0.039903 0.118519
0 1705 0.595526 0.093056 0.032648 0.115741
0 1706 0.653265 0.166204 0.039299 0.128704
0 1707 0.594619 0.146296 0.036880 0.137037
0 1708 0.584341 0.167593 0.034462 0.120370
0 1709 0.622733 0.182407 0.027811 0.087037
0 1710 0.603990 0.183796 0.031439 0.123148
0 1711 0.553204 0.109722 0.035067 0.117593
0 1712 0.524184 0.112963 0.030230 0.107407
0 1713 0.527207 0.043981 0.037485 0.086111
0 1714 0.510883 0.043981 0.027811 0.086111
0 1715 0.678960 0.201389 0.041112 0.137963
0 1716 0.636336 0.286111 0.039299 0.137037
0 1717 0.649335 0.301389 0.037485 0.143519
0 1718 0.704353 0.272685 0.037485 0.143519
0 1719 0.439238 0.067593 0.030834 0.114815
0 1720 0.464933 0.113889 0.030230 0.129630
0 1721 0.445586 0.047222 0.033857 0.092593
0 1722 0.410218 0.038889 0.034462 0.075926
0 1723 0.415961 0.061574 0.030230 0.112037
0 1724 0.311064 0.079630 0.040508 0.137037
0 1725 0.400544 0.131944 0.034462 0.134259
0 1726 0.424728 0.146296 0.036880 0.124074
0 1727 0.645707 0.499074 0.049577 0.157407
0 1728 0.765719 0.365278 0.038089 0.139815
0 1729 0.340992 0.440741 0.051995 0.148148
0 1730 0.239420 0.431481 0.050786 0.140741
0 1731 0.037183 0.061574 0.039299 0.115741
0 1732 0.074667 0.047685 0.036880 0.093519
0 1733 0.153567 0.067130 0.038694 0.123148
0 1734 0.198307 0.052778 0.035067 0.101852
0 1735 0.224002 0.062500 0.028416 0.113889
0 1736 0.259371 0.062500 0.032648 0.113889
0 1737 0.281741 0.065278 0.035067 0.119444
0 1738 0.178960 0.054167 0.039903 0.106481
0 1739 0.120314 0.037500 0.032648 0.073148
0 1740 0.189238 0.101852 0.035067 0.124074
0 1741 0.347642 0.090278 0.032648 0.123148
0 1742 0.407497 0.089352 0.039903 0.126852
0 1743 0.470073 0.074074 0.039299 0.125926
0 1744 0.337666 0.259259 0.036880 0.140741
0 1745 0.168380 0.161111 0.032044 0.137037
0 1746 0.193168 0.162963 0.034462 0.135185
0 1747 0.306227 0.197222 0.034462 0.138889
0 1748 0.277509 0.191667 0.039903 0.135185
0 1749 0.407497 0.196296 0.032648 0.125926
0 1750 0.376965 0.218056 0.039299 0.126852
0 1751 0.369710 0.235185 0.039299 0.148148
0 1752 0.432588 0.325926 0.036880 0.135185
0 1753 0.433797 0.358796 0.040508 0.158333
0 1754 0.402358 0.355093 0.036880 0.149074
0 1755 0.186215 0.313889 0.029021 0.131481
0 1756 0.149940 0.299074 0.043531 0.142593
0 1757 0.105804 0.263889 0.037485 0.129630
0 1758 0.090689 0.234259 0.038694 0.129630
0 1759 0.131197 0.218056 0.031439 0.134259
0 1760 0.963120 0.344907 0.037485 0.145370
0 1761 0.667473 0.147685 0.045949 0.143519
0 1762 0.982467 0.036574 0.033857 0.071296
0 1775 0.954353 0.044444 0.039299 0.087037
0 1790 0.577086 0.082407 0.036880 0.122222
0 1793 0.612757 0.057407 0.034462 0.112963
0 1795 0.602781 0.053704 0.037485 0.105556
0 1806 0.477328 0.031019 0.030834 0.060185
0 1840 0.217050 0.043981 0.027811 0.086111
