0 1168 0.557134 0.890741 0.044135 0.177778
0 1169 0.557134 0.933796 0.041717 0.134259
0 1175 0.391475 0.566667 0.036880 0.135185
0 1176 0.334946 0.631944 0.041112 0.154630
0 1188 0.732164 0.755093 0.048368 0.184259
0 1193 0.703446 0.788426 0.053809 0.187963
0 1194 0.655985 0.817130 0.050786 0.173148
0 1197 0.331923 0.335648 0.036276 0.156481
0 1198 0.283555 0.335185 0.032648 0.140741
0 1199 0.359734 0.339815 0.042322 0.146296
0 1200 0.371826 0.316204 0.036276 0.139815
0 1206 0.292322 0.349074 0.039299 0.146296
0 1208 0.635429 0.963889 0.051995 0.074074
0 1209 0.673519 0.954167 0.042322 0.093519
0 1210 0.624849 0.950463 0.041717 0.100926
0 1222 0.835852 0.920833 0.046554 0.156481
0 1223 0.907497 0.940278 0.050786 0.121296
0 1224 0.827388 0.850926 0.038089 0.120370
0 1225 0.863664 0.840741 0.040508 0.146296
0 1238 0.962817 0.357407 0.044135 0.153704
0 1239 0.983374 0.331481 0.024788 0.120370
0 1240 0.134522 0.370370 0.035671 0.129630
0 1242 0.192261 0.375463 0.038694 0.150926
0 1243 0.615175 0.556481 0.044135 0.174074
0 1244 0.181076 0.313426 0.029625 0.143519
0 1245 0.160218 0.410185 0.044740 0.144444
0 1246 0.649637 0.403704 0.041717 0.137037
0 1247 0.672007 0.380093 0.047763 0.141667
0 1249 0.697098 0.333333 0.042322 0.135185
0 1250 0.813180 0.380556 0.039903 0.135185
0 1251 0.796856 0.388889 0.042322 0.146296
0 1252 0.779927 0.532870 0.043531 0.150926
0 1257 0.983978 0.618519 0.027207 0.151852
0 1259 0.949819 0.748148 0.044740 0.162963
0 1260 0.914752 0.770833 0.050786 0.186111
0 1261 0.802600 0.753704 0.041717 0.118519
0 1262 0.837364 0.751852 0.047158 0.159259
0 1263 0.858222 0.756944 0.034462 0.117593
0 1266 0.800181 0.788889 0.058646 0.159259
0 1273 0.958585 0.872222 0.058646 0.168519
0 1274 0.956469 0.943519 0.053204 0.114815
0 1275 0.618501 0.706481 0.049577 0.159259
0 1276 0.639661 0.741667 0.048368 0.159259
0 1277 0.920193 0.580556 0.035067 0.140741
0 1278 0.896010 0.585185 0.042322 0.142593
0 1279 0.492745 0.806019 0.056832 0.169444
0 1280 0.461911 0.795833 0.055623 0.167593
0 1281 0.754534 0.682870 0.036276 0.132407
0 1282 0.809855 0.714352 0.044135 0.137963
0 1283 0.840992 0.711111 0.049577 0.170370
0 1284 0.843712 0.387963 0.034462 0.135185
0 1285 0.859734 0.374074 0.036276 0.118519
0 1287 0.059250 0.716204 0.048368 0.165741
0 1288 0.107013 0.684259 0.043531 0.151852
0 1289 0.159613 0.879630 0.049577 0.185185
0 1290 0.113059 0.865278 0.049577 0.154630
0 1306 0.295647 0.669907 0.049577 0.160185
0 1307 0.357920 0.638426 0.042322 0.165741
0 1308 0.376360 0.661574 0.036880 0.132407
0 1314 0.538392 0.942130 0.036880 0.112037
0 1317 0.509069 0.925463 0.050786 0.149074
0 1320 0.825272 0.525463 0.050786 0.154630
0 1321 0.155683 0.376389 0.036880 0.149074
0 1325 0.237001 0.603241 0.038694 0.156481
0 1326 0.235792 0.576852 0.033857 0.148148
0 1328 0.188936 0.603241 0.041717 0.139815
0 1329 0.204958 0.550463 0.042322 0.143519
0 1330 0.167775 0.569907 0.039299 0.150926
0 1342 0.310762 0.606481 0.043531 0.153704
0 1343 0.386638 0.257407 0.034462 0.129630
0 1344 0.409311 0.256019 0.029021 0.132407
0 1345 0.331923 0.587037 0.037485 0.129630
0 1365 0.714027 0.962963 0.044740 0.075926
0 1394 0.680169 0.980556 0.037485 0.040741
0 1412 0.714027 0.394907 0.042322 0.123148
0 1413 0.755441 0.407870 0.041717 0.139815
0 1444 0.268742 0.395833 0.035671 0.141667
0 1445 0.249093 0.411574 0.035067 0.143519
0 1490 0.830713 0.639815 0.030230 0.129630
0 1501 0.287183 0.979630 0.037485 0.042593
0 1502 0.464631 0.985185 0.038089 0.031481
0 1510 0.389359 0.957407 0.049577 0.087037
0 1531 0.534462 0.599074 0.042322 0.157407
0 1549 0.321947 0.790741 0.046554 0.162963
0 1555 0.806530 0.656481 0.044740 0.148148
0 1556 0.806227 0.679167 0.039299 0.121296
0 1557 0.558343 0.628241 0.032044 0.163889
0 1565 0.340992 0.975463 0.043531 0.050926
0 1567 0.349456 0.495833 0.037485 0.132407
0 1570 0.278416 0.486574 0.042926 0.156481
0 1572 0.244256 0.860648 0.044740 0.193519
0 1573 0.476421 0.450000 0.027811 0.135185
0 1592 0.357316 0.729630 0.042322 0.159259
0 1593 0.374547 0.812963 0.051391 0.159259
0 1594 0.384825 0.754630 0.039299 0.168519
0 1595 0.328295 0.743056 0.041112 0.180556
0 1637 0.035671 0.831019 0.056832 0.167593
0 1639 0.107618 0.804167 0.044740 0.171296
0 1640 0.082830 0.781944 0.042322 0.137963
0 1650 0.456771 0.753241 0.040508 0.154630
0 1653 0.679565 0.727315 0.047158 0.150926
0 1654 0.389057 0.456481 0.034462 0.105556
0 1655 0.466143 0.560648 0.036276 0.139815
0 1657 0.452539 0.516204 0.039299 0.104630
0 1658 0.115780 0.924074 0.056227 0.150000
0 1660 0.466143 0.425463 0.032648 0.139815
0 1661 0.499093 0.417130 0.034462 0.149074
0 1662 0.440447 0.671296 0.036880 0.168519
0 1667 0.444075 0.441667 0.027207 0.124074
0 1668 0.488210 0.498148 0.039299 0.125926
0 1675 0.592503 0.521296 0.037485 0.109259
0 1676 0.565296 0.504630 0.039903 0.146296
0 1677 0.908706 0.122222 0.045949 0.127778
0 1678 0.920193 0.075926 0.039903 0.124074
0 1679 0.930774 0.149074 0.029625 0.098148
0 1680 0.987304 0.277778 0.024184 0.124074
0 1682 0.915961 0.320370 0.043531 0.148148
0 1683 0.920496 0.345833 0.036880 0.136111
0 1685 0.897823 0.482407 0.044740 0.153704
0 1686 0.964933 0.414815 0.050786 0.153704
0 1688 0.849456 0.550926 0.045949 0.140741
0 1689 0.828900 0.585185 0.047158 0.151852
0 1690 0.770859 0.473148 0.038694 0.148148
0 1691 0.779625 0.584259 0.048972 0.148148
0 1694 0.876058 0.787500 0.044740 0.158333
0 1695 0.695889 0.066204 0.035067 0.115741
0 1696 0.652358 0.077778 0.030230 0.112963
0 1697 0.670496 0.086111 0.031439 0.124074
0 1699 0.668984 0.067130 0.036880 0.110185
0 1701 0.603083 0.099537 0.036880 0.143519
0 1702 0.555623 0.075463 0.035067 0.137963
0 1703 0.665659 0.097222 0.035067 0.125926
0 1704 0.640871 0.114815 0.038694 0.118519
0 1705 0.600967 0.122685 0.032648 0.115741
0 1706 0.658404 0.198611 0.038694 0.128704
0 1707 0.602479 0.181481 0.036880 0.137037
0 1708 0.588573 0.201389 0.036880 0.121296
0 1709 0.628174 0.219907 0.027811 0.091667
0 1710 0.609734 0.220370 0.034462 0.124074
0 1711 0.545647 0.143519 0.034462 0.124074
0 1712 0.511487 0.147222 0.029021 0.109259
0 1713 0.535067 0.064352 0.037485 0.125000
0 1714 0.510883 0.064815 0.027811 0.112963
0 1715 0.681076 0.232407 0.041717 0.137037
0 1716 0.622733 0.317593 0.038694 0.140741
0 1717 0.640266 0.341204 0.036276 0.150926
0 1718 0.684401 0.308796 0.037485 0.143519
0 1719 0.434704 0.087500 0.032648 0.115741
0 1720 0.431983 0.132870 0.032044 0.128704
0 1721 0.459492 0.056481 0.035067 0.111111
0 1722 0.425635 0.051852 0.035067 0.101852
0 1723 0.412334 0.076852 0.030230 0.118519
0 1724 0.260278 0.095370 0.048972 0.137037
0 1725 0.354897 0.154167 0.033857 0.134259
0 1726 0.388755 0.172685 0.036276 0.123148
0 1727 0.647823 0.547222 0.048972 0.157407
0 1728 0.783253 0.408796 0.041717 0.139815
0 1729 0.426542 0.465278 0.045345 0.149074
0 1730 0.324365 0.439815 0.048972 0.144444
0 1731 0.018742 0.090741 0.036276 0.125926
0 1732 0.055018 0.078241 0.037485 0.121296
0 1733 0.154776 0.086111 0.042322 0.129630
0 1734 0.191052 0.069907 0.033857 0.121296
0 1735 0.215538 0.082870 0.027207 0.121296
0 1736 0.259371 0.076852 0.032648 0.116667
0 1737 0.284764 0.078704 0.035067 0.122222
0 1738 0.169891 0.062963 0.039903 0.124074
0 1739 0.114873 0.038889 0.032648 0.075926
0 1740 0.197098 0.125463 0.038694 0.126852
0 1741 0.396614 0.108333 0.030230 0.124074
0 1742 0.452539 0.091204 0.041717 0.126852
0 1743 0.512696 0.080093 0.022975 0.126852
0 1744 0.302902 0.286111 0.037485 0.140741
0 1745 0.146010 0.196759 0.036880 0.132407
0 1746 0.168984 0.197222 0.034462 0.135185
0 1747 0.282346 0.233333 0.035067 0.140741
0 1748 0.247279 0.220833 0.039903 0.132407
0 1749 0.441657 0.217593 0.033253 0.125926
0 1750 0.417775 0.240278 0.038694 0.126852
0 1751 0.329807 0.258333 0.039299 0.148148
0 1752 0.384825 0.361111 0.036880 0.135185
0 1753 0.383313 0.386111 0.041112 0.159259
0 1754 0.350665 0.394444 0.037485 0.148148
0 1755 0.147823 0.341667 0.029625 0.131481
0 1756 0.101874 0.336574 0.044135 0.149074
0 1757 0.081016 0.305093 0.037485 0.137963
0 1758 0.066505 0.268981 0.038694 0.134259
0 1759 0.104293 0.252778 0.032044 0.125926
0 1760 0.972189 0.381944 0.037485 0.145370
0 1761 0.678356 0.183796 0.045949 0.149074
0 1762 0.981862 0.059722 0.035067 0.117593
0 1770 0.912334 0.030556 0.032648 0.059259
0 1775 0.951028 0.064352 0.039903 0.121296
0 1786 0.134825 0.076852 0.037485 0.125926
0 1787 0.154172 0.032407 0.037485 0.062963
0 1788 0.389359 0.045370 0.031439 0.088889
0 1790 0.580109 0.118981 0.036880 0.123148
0 1791 0.212213 0.054167 0.035067 0.106481
0 1792 0.569831 0.076389 0.032044 0.123148
0 1793 0.615175 0.083796 0.032044 0.132407
0 1794 0.369710 0.037500 0.032044 0.073148
0 1795 0.596735 0.068981 0.037485 0.126852
0 1796 0.535067 0.021759 0.030230 0.041667
0 1797 0.651149 0.045370 0.036276 0.088889
0 1806 0.470375 0.032407 0.030230 0.062963
0 1826 0.629081 0.029167 0.036880 0.056481
0 1835 0.413845 0.051389 0.029625 0.100926
0 1840 0.215840 0.062500 0.027811 0.099074
0 1943 0.222189 0.045370 0.033253 0.088889
