0 1168 0.557437 0.894444 0.044740 0.174074
0 1169 0.557437 0.935648 0.041112 0.130556
0 1175 0.389661 0.565741 0.036880 0.135185
0 1176 0.305320 0.648611 0.041112 0.154630
0 1188 0.738210 0.798148 0.048368 0.185185
0 1193 0.708585 0.841204 0.058041 0.199074
0 1194 0.667775 0.863426 0.051391 0.171296
0 1197 0.331016 0.348148 0.036880 0.164815
0 1198 0.284462 0.336111 0.032044 0.140741
0 1199 0.349758 0.361111 0.041717 0.146296
0 1200 0.366385 0.332870 0.036276 0.139815
0 1206 0.277207 0.356481 0.041717 0.146296
0 1208 0.634825 0.963889 0.051995 0.074074
0 1209 0.673519 0.954167 0.042322 0.093519
0 1210 0.625151 0.950463 0.041112 0.100926
0 1222 0.866385 0.958333 0.043531 0.081481
0 1223 0.922914 0.979167 0.040508 0.043519
0 1224 0.839178 0.925463 0.035067 0.123148
0 1225 0.874849 0.924537 0.048368 0.145370
0 1238 0.984583 0.401389 0.029625 0.154630
0 1240 0.096131 0.404630 0.035067 0.129630
0 1242 0.158404 0.411574 0.039903 0.152778
0 1243 0.593410 0.610648 0.044135 0.169444
0 1244 0.135429 0.340278 0.035067 0.143519
0 1245 0.112455 0.446296 0.045949 0.151852
0 1246 0.666868 0.446759 0.041112 0.137963
0 1247 0.692261 0.423148 0.051995 0.146296
0 1249 0.680169 0.372222 0.042322 0.135185
0 1250 0.826179 0.425000 0.039299 0.137037
0 1251 0.804716 0.436574 0.042322 0.152778
0 1252 0.787787 0.579630 0.045949 0.151852
0 1259 0.966747 0.827778 0.048368 0.174074
0 1260 0.927146 0.846296 0.051391 0.190741
0 1261 0.800786 0.809259 0.041717 0.118519
0 1262 0.842503 0.802315 0.046554 0.160185
0 1263 0.867896 0.817130 0.036880 0.119444
0 1266 0.795647 0.853241 0.059250 0.165741
0 1273 0.969166 0.934259 0.058041 0.133333
0 1275 0.611850 0.775463 0.049577 0.160185
0 1276 0.623337 0.812963 0.050786 0.162963
0 1277 0.956167 0.636574 0.034462 0.139815
0 1278 0.941657 0.634722 0.044135 0.143519
0 1279 0.409915 0.861574 0.056832 0.171296
0 1280 0.380895 0.845833 0.055623 0.173148
0 1281 0.788694 0.727315 0.036880 0.134259
0 1282 0.832527 0.761574 0.044740 0.137963
0 1283 0.869710 0.759259 0.048972 0.170370
0 1284 0.843410 0.387037 0.035067 0.135185
0 1285 0.862152 0.378241 0.039903 0.113889
0 1287 0.066808 0.799537 0.048972 0.167593
0 1288 0.108827 0.763426 0.044740 0.162037
0 1289 0.128476 0.921296 0.047763 0.159259
0 1290 0.089782 0.917130 0.048972 0.154630
0 1306 0.295042 0.670370 0.049577 0.159259
0 1307 0.356409 0.638426 0.041717 0.165741
0 1308 0.377570 0.660648 0.036880 0.132407
0 1314 0.544740 0.946759 0.036276 0.108333
0 1317 0.509976 0.930556 0.051391 0.140741
0 1320 0.824063 0.573611 0.050786 0.154630
0 1321 0.118198 0.405556 0.040508 0.144444
0 1325 0.235792 0.603241 0.038694 0.156481
0 1326 0.236397 0.580556 0.033857 0.148148
0 1328 0.187727 0.602315 0.041717 0.139815
0 1329 0.204353 0.551389 0.042322 0.143519
0 1330 0.167170 0.570833 0.039299 0.150926
0 1342 0.312576 0.615741 0.047158 0.153704
0 1343 0.385429 0.255556 0.034462 0.129630
0 1344 0.408706 0.255093 0.029021 0.132407
0 1345 0.311669 0.587963 0.036880 0.129630
0 1365 0.713422 0.962963 0.044740 0.075926
0 1394 0.679565 0.980093 0.037485 0.041667
0 1412 0.714933 0.397222 0.040508 0.124074
0 1413 0.753628 0.409722 0.042926 0.136111
0 1444 0.268138 0.394907 0.036880 0.139815
0 1445 0.249093 0.411574 0.035067 0.143519
0 1490 0.867594 0.653241 0.031439 0.128704
0 1501 0.300484 0.978241 0.037485 0.045370
0 1502 0.463422 0.985185 0.039299 0.031481
0 1510 0.367291 0.987037 0.042926 0.027778
0 1531 0.530532 0.599537 0.044135 0.162037
0 1549 0.321342 0.790741 0.046554 0.162963
0 1555 0.855200 0.688889 0.036880 0.148148
0 1556 0.838875 0.705556 0.035671 0.120370
0 1557 0.574667 0.606944 0.039299 0.150926
0 1567 0.348851 0.494907 0.037485 0.132407
0 1570 0.282044 0.503241 0.041717 0.156481
0 1572 0.208585 0.920370 0.044740 0.161111
0 1573 0.475816 0.450926 0.027811 0.135185
0 1592 0.358222 0.728704 0.042926 0.159259
0 1593 0.324063 0.829630 0.047158 0.166667
0 1594 0.383011 0.754630 0.039299 0.168519
0 1595 0.330109 0.740278 0.044740 0.182407
0 1637 0.100967 0.876389 0.049577 0.182407
0 1638 0.016626 0.768981 0.032044 0.169444
0 1639 0.161427 0.825000 0.055623 0.170370
0 1640 0.143894 0.797685 0.042322 0.137963
0 1650 0.450423 0.753241 0.044740 0.154630
0 1653 0.676542 0.727315 0.047158 0.150926
0 1654 0.388452 0.458333 0.034462 0.105556
0 1655 0.466143 0.560648 0.036276 0.139815
0 1657 0.450726 0.517130 0.039299 0.104630
0 1658 0.040508 0.950463 0.042322 0.099074
0 1660 0.464933 0.426389 0.032648 0.139815
0 1661 0.498186 0.418981 0.033857 0.149074
0 1662 0.410822 0.685648 0.052600 0.158333
0 1667 0.442261 0.443519 0.027207 0.124074
0 1668 0.492745 0.502315 0.038694 0.121296
0 1675 0.582830 0.456019 0.036276 0.113889
0 1676 0.550484 0.440741 0.039299 0.146296
0 1677 0.895103 0.157407 0.056227 0.133333
0 1678 0.904474 0.106019 0.039903 0.123148
0 1679 0.922310 0.192130 0.034462 0.106481
0 1680 0.988815 0.331481 0.021161 0.124074
0 1682 0.935913 0.368519 0.043531 0.148148
0 1683 0.948307 0.400000 0.039299 0.140741
0 1685 0.895103 0.556481 0.046554 0.153704
0 1686 0.976119 0.475463 0.045345 0.162037
0 1688 0.811971 0.634259 0.044740 0.159259
0 1689 0.819226 0.669444 0.048368 0.150000
0 1690 0.729444 0.536574 0.039299 0.154630
0 1691 0.778114 0.664352 0.045949 0.154630
0 1694 0.888452 0.853704 0.045345 0.168519
0 1695 0.692261 0.090741 0.035067 0.118519
0 1696 0.630593 0.095833 0.030230 0.112037
0 1697 0.648126 0.103704 0.031439 0.124074
0 1699 0.668077 0.086574 0.036276 0.110185
0 1701 0.608525 0.127778 0.036880 0.144444
0 1702 0.542926 0.108796 0.035067 0.137963
0 1703 0.685006 0.119444 0.039903 0.118519
0 1704 0.652358 0.151389 0.039903 0.125000
0 1705 0.605200 0.151389 0.032648 0.115741
0 1706 0.672310 0.243981 0.039903 0.134259
0 1707 0.613664 0.225463 0.039903 0.137963
0 1708 0.590387 0.248611 0.036880 0.126852
0 1709 0.650544 0.265741 0.026602 0.092593
0 1710 0.629686 0.266667 0.034462 0.135185
0 1711 0.535671 0.178241 0.036276 0.123148
0 1712 0.488210 0.188426 0.032044 0.115741
0 1713 0.526602 0.094444 0.037485 0.135185
0 1714 0.504232 0.095370 0.027811 0.112963
0 1715 0.684099 0.283333 0.041717 0.148148
0 1716 0.611850 0.357407 0.038694 0.140741
0 1717 0.633313 0.375926 0.036880 0.146296
0 1718 0.666566 0.352778 0.039299 0.150000
0 1719 0.428658 0.110648 0.035067 0.115741
0 1720 0.396010 0.169907 0.032648 0.128704
0 1721 0.454655 0.074537 0.035067 0.126852
0 1722 0.435006 0.069907 0.034462 0.125000
0 1723 0.403265 0.106481 0.030230 0.118519
0 1724 0.204353 0.128704 0.039903 0.137037
0 1725 0.304716 0.188426 0.036276 0.139815
0 1726 0.340387 0.210185 0.037485 0.131481
0 1727 0.632406 0.605556 0.048368 0.157407
0 1728 0.779927 0.452778 0.044740 0.140741
0 1729 0.505441 0.465741 0.049577 0.144444
0 1730 0.419891 0.451852 0.053809 0.140741
0 1731 0.005441 0.120370 0.009674 0.125926
0 1732 0.024788 0.114815 0.037485 0.125926
0 1733 0.140871 0.109722 0.042322 0.128704
0 1734 0.180774 0.090741 0.033857 0.125926
0 1735 0.198005 0.106019 0.027207 0.121296
0 1736 0.255139 0.090278 0.032648 0.117593
0 1737 0.282346 0.096759 0.035067 0.123148
0 1738 0.160822 0.069444 0.039903 0.131481
0 1739 0.099154 0.043519 0.031439 0.085185
0 1740 0.188936 0.158796 0.034462 0.137963
0 1741 0.454051 0.107407 0.030230 0.124074
0 1742 0.496977 0.079167 0.032648 0.115741
0 1743 0.551995 0.075926 0.022975 0.125926
0 1744 0.253930 0.329630 0.036276 0.140741
0 1745 0.102177 0.239352 0.038694 0.132407
0 1746 0.123942 0.233333 0.033857 0.129630
0 1747 0.249093 0.264815 0.035067 0.140741
0 1748 0.207376 0.258796 0.039903 0.136111
0 1749 0.480653 0.247222 0.035067 0.125926
0 1750 0.461911 0.270370 0.038694 0.127778
0 1751 0.272975 0.297222 0.035671 0.148148
0 1752 0.310762 0.375000 0.037485 0.135185
0 1753 0.337666 0.437500 0.044135 0.171296
0 1754 0.292926 0.436574 0.039299 0.149074
0 1755 0.099456 0.374537 0.033253 0.132407
0 1756 0.045647 0.381019 0.046554 0.156481
0 1757 0.042322 0.347685 0.037485 0.137963
0 1758 0.035973 0.319907 0.039299 0.150926
0 1759 0.076784 0.296759 0.036276 0.137963
0 1760 0.984281 0.429630 0.029021 0.137037
0 1761 0.685006 0.223611 0.045949 0.154630
0 1762 0.977932 0.107870 0.036880 0.132407
0 1769 0.947400 0.055556 0.032648 0.107407
0 1770 0.918380 0.053241 0.032648 0.104630
0 1775 0.943773 0.094444 0.039903 0.129630
0 1783 0.061971 0.039815 0.038089 0.077778
0 1786 0.122128 0.105093 0.037485 0.126852
0 1787 0.129988 0.052778 0.037485 0.103704
0 1788 0.374849 0.071759 0.031439 0.117593
0 1790 0.581016 0.150463 0.037485 0.123148
0 1791 0.195586 0.068519 0.034462 0.135185
0 1792 0.557437 0.112963 0.032648 0.127778
0 1793 0.627267 0.110185 0.033253 0.135185
0 1794 0.355200 0.059259 0.032044 0.116667
0 1795 0.589178 0.107870 0.036880 0.132407
0 1796 0.498791 0.044907 0.032648 0.087963
0 1797 0.650242 0.063426 0.036880 0.123148
0 1806 0.464631 0.031481 0.029625 0.061111
0 1812 0.152963 0.039352 0.031439 0.076852
0 1825 0.607013 0.052778 0.035067 0.103704
0 1826 0.588271 0.044444 0.036276 0.087037
0 1827 0.394498 0.041204 0.029625 0.080556
0 1829 0.337666 0.037037 0.034462 0.072222
0 1830 0.284160 0.050463 0.027811 0.099074
0 1831 0.310762 0.040278 0.030230 0.078704
0 1834 0.432588 0.059259 0.030834 0.111111
0 1835 0.405985 0.059722 0.029625 0.113889
0 1836 0.148730 0.043056 0.035067 0.084259
0 1840 0.211004 0.082870 0.027811 0.099074
0 1943 0.222491 0.067130 0.035067 0.130556
