0 1168 0.464027 0.843981 0.039299 0.176852
0 1169 0.459190 0.884259 0.039299 0.162963
0 1173 0.713120 0.913889 0.051391 0.172222
0 1175 0.400846 0.581481 0.042322 0.146296
0 1176 0.368198 0.589815 0.042322 0.146296
0 1181 0.051693 0.829167 0.053809 0.160185
0 1188 0.714631 0.600463 0.042322 0.160185
0 1193 0.683192 0.638889 0.048368 0.170370
0 1194 0.723700 0.679630 0.043531 0.170370
0 1195 0.931076 0.897685 0.043531 0.171296
0 1196 0.899335 0.917130 0.055018 0.150926
0 1197 0.354897 0.297685 0.036276 0.134259
0 1198 0.289601 0.331019 0.037485 0.132407
0 1199 0.399033 0.303704 0.038694 0.140741
0 1200 0.397823 0.319444 0.036276 0.140741
0 1201 0.293531 0.971296 0.039299 0.057407
0 1202 0.300484 0.933796 0.044740 0.126852
0 1203 0.329202 0.950000 0.047763 0.100000
0 1205 0.314692 0.983796 0.032044 0.034259
0 1206 0.319831 0.340741 0.042322 0.146296
0 1208 0.640871 0.962037 0.060459 0.077778
0 1209 0.681076 0.954167 0.042926 0.093519
0 1210 0.630290 0.945370 0.036880 0.111111
0 1214 0.981258 0.956019 0.036276 0.089815
0 1215 0.946493 0.929630 0.058646 0.140741
0 1216 0.993652 0.920833 0.010278 0.087963
0 1222 0.830713 0.703704 0.035067 0.153704
0 1223 0.886638 0.727315 0.051391 0.169444
0 1224 0.831016 0.653704 0.032044 0.112963
0 1225 0.865478 0.660185 0.036880 0.133333
0 1235 0.073761 0.257407 0.037485 0.129630
0 1237 0.105200 0.287963 0.042322 0.129630
0 1238 0.798972 0.205093 0.039299 0.128704
0 1239 0.823156 0.200463 0.033253 0.125000
0 1240 0.272672 0.253241 0.030230 0.123148
0 1241 0.176239 0.318056 0.046554 0.143519
0 1242 0.332527 0.258333 0.033857 0.131481
0 1243 0.550181 0.312963 0.037485 0.157407
0 1244 0.359432 0.218056 0.032044 0.128704
0 1245 0.458283 0.322685 0.039903 0.137963
0 1246 0.605200 0.250926 0.037485 0.131481
0 1247 0.638150 0.236574 0.042926 0.134259
0 1249 0.682890 0.239352 0.044135 0.134259
0 1250 0.759069 0.202315 0.034462 0.113889
0 1251 0.762696 0.230556 0.036880 0.129630
0 1252 0.794135 0.380093 0.044135 0.136111
0 1253 0.976119 0.476852 0.034462 0.112963
0 1255 0.946493 0.371759 0.036880 0.130556
0 1256 0.983071 0.343981 0.032648 0.125000
0 1257 0.938029 0.411574 0.036880 0.143519
0 1258 0.979444 0.418981 0.037485 0.143519
0 1259 0.928053 0.508796 0.042322 0.158333
0 1260 0.896614 0.509259 0.044740 0.157407
0 1261 0.798670 0.512963 0.030230 0.103704
0 1262 0.825272 0.494444 0.037485 0.142593
0 1263 0.845224 0.500926 0.030230 0.111111
0 1266 0.863966 0.582870 0.056832 0.143519
0 1267 0.961608 0.576852 0.041717 0.164815
0 1268 0.983071 0.569444 0.032648 0.148148
0 1273 0.929867 0.635648 0.045949 0.158333
0 1274 0.929867 0.718981 0.048368 0.156481
0 1275 0.633918 0.502778 0.041717 0.151852
0 1276 0.661427 0.518519 0.039903 0.157407
0 1277 0.821342 0.425463 0.029625 0.126852
0 1278 0.800181 0.423611 0.039299 0.132407
0 1279 0.675635 0.565278 0.044135 0.156481
0 1280 0.642382 0.570833 0.039299 0.160185
0 1281 0.697703 0.511574 0.032648 0.115741
0 1282 0.716747 0.514815 0.032044 0.112963
0 1283 0.753325 0.510648 0.042322 0.154630
0 1284 0.853083 0.389815 0.037485 0.131481
0 1285 0.866385 0.376852 0.036276 0.124074
0 1286 0.811366 0.805556 0.056832 0.172222
0 1287 0.108525 0.489352 0.041717 0.154630
0 1288 0.139661 0.478241 0.044740 0.149074
0 1289 0.115780 0.581019 0.041717 0.162037
0 1290 0.069226 0.595370 0.048972 0.153704
0 1293 0.010580 0.817593 0.019952 0.124074
0 1294 0.292926 0.871759 0.051391 0.171296
0 1295 0.039601 0.225926 0.036880 0.125926
0 1296 0.067412 0.240741 0.038089 0.120370
0 1299 0.098247 0.864352 0.053809 0.180556
0 1306 0.301088 0.676852 0.042322 0.168519
0 1307 0.345224 0.640278 0.044740 0.160185
0 1308 0.379383 0.675926 0.036880 0.151852
0 1311 0.932890 0.850926 0.033857 0.148148
0 1312 0.941354 0.821296 0.044740 0.170370
0 1313 0.970375 0.812963 0.041112 0.146296
0 1314 0.394196 0.872685 0.027811 0.106481
0 1316 0.265719 0.391204 0.041717 0.128704
0 1317 0.382104 0.869907 0.045949 0.169444
0 1320 0.811064 0.361111 0.039299 0.140741
0 1321 0.298065 0.261574 0.037485 0.143519
0 1322 0.150544 0.312963 0.038694 0.127778
0 1323 0.293531 0.360648 0.045345 0.162037
0 1325 0.234583 0.607870 0.043531 0.154630
0 1326 0.240326 0.581481 0.036880 0.146296
0 1328 0.193168 0.610185 0.044135 0.146296
0 1329 0.208585 0.558333 0.042322 0.151852
0 1330 0.176844 0.570833 0.046554 0.154630
0 1342 0.400544 0.622685 0.039299 0.154630
0 1343 0.390266 0.258796 0.030834 0.128704
0 1344 0.411125 0.262037 0.032648 0.125926
0 1345 0.439541 0.612963 0.036276 0.148148
0 1365 0.721886 0.966204 0.048368 0.069444
0 1389 0.912334 0.969907 0.048368 0.060185
0 1394 0.678356 0.980556 0.038694 0.040741
0 1412 0.717352 0.396296 0.041717 0.118519
0 1413 0.760883 0.406019 0.041717 0.137963
0 1444 0.275998 0.397685 0.044135 0.137963
0 1445 0.253930 0.412037 0.036276 0.140741
0 1490 0.587666 0.516204 0.035067 0.126852
0 1501 0.249698 0.983333 0.038694 0.035185
0 1502 0.469770 0.987963 0.038694 0.025926
0 1510 0.475514 0.910185 0.051391 0.172222
0 1522 0.361245 0.934722 0.044135 0.130556
0 1531 0.536276 0.605556 0.044740 0.157407
0 1532 0.438634 0.968981 0.044135 0.063889
0 1549 0.321040 0.796296 0.050786 0.170370
0 1555 0.558948 0.537037 0.036880 0.131481
0 1556 0.526602 0.530556 0.029021 0.107407
0 1557 0.546554 0.636574 0.041112 0.149074
0 1565 0.413845 0.922685 0.053809 0.154630
0 1567 0.356106 0.503704 0.037485 0.135185
0 1570 0.333736 0.438426 0.042322 0.150926
0 1572 0.275393 0.618981 0.039299 0.171296
0 1573 0.480048 0.450926 0.027811 0.120370
0 1592 0.368198 0.733796 0.037485 0.150926
0 1593 0.382104 0.797685 0.047158 0.165741
0 1594 0.409311 0.753241 0.042322 0.165741
0 1595 0.357316 0.754167 0.039903 0.173148
0 1650 0.462515 0.759722 0.044740 0.149074
0 1653 0.678356 0.731019 0.051995 0.149074
0 1654 0.382104 0.459722 0.041112 0.128704
0 1655 0.472793 0.556944 0.039903 0.137963
0 1657 0.458585 0.535185 0.048972 0.135185
0 1658 0.272672 0.756019 0.041112 0.160185
0 1659 0.096433 0.945833 0.051391 0.110185
0 1660 0.468259 0.436111 0.032044 0.148148
0 1661 0.501209 0.418981 0.037485 0.139815
0 1662 0.481560 0.643981 0.034462 0.160185
0 1667 0.443168 0.439352 0.032648 0.115741
0 1668 0.493954 0.481944 0.032648 0.117593
0 1670 0.240931 0.797685 0.053809 0.175000
0 1672 0.472793 0.953241 0.038694 0.095370
0 1673 0.416868 0.953704 0.041717 0.094444
0 1674 0.357618 0.969444 0.039299 0.061111
0 1675 0.578295 0.785185 0.034462 0.114815
0 1676 0.550786 0.748611 0.047158 0.165741
0 1677 0.957074 0.022222 0.027811 0.042593
0 1679 0.979444 0.026852 0.022975 0.051852
0 1680 0.986094 0.183333 0.025393 0.114815
0 1681 0.833132 0.206019 0.026602 0.091667
0 1682 0.928658 0.137500 0.037485 0.117593
0 1683 0.941959 0.157407 0.035067 0.118519
0 1684 0.983374 0.212500 0.032044 0.137963
0 1685 0.886034 0.218056 0.039299 0.137963
0 1686 0.939843 0.233796 0.041717 0.141667
0 1687 0.964631 0.245370 0.036880 0.129630
0 1688 0.904776 0.286574 0.036880 0.145370
0 1689 0.926542 0.294907 0.044135 0.150926
0 1690 0.849456 0.241667 0.036276 0.135185
0 1691 0.919589 0.320833 0.038694 0.137963
0 1694 0.865478 0.553241 0.048972 0.160185
0 1703 0.631802 0.044907 0.030230 0.087963
0 1704 0.613362 0.033796 0.032044 0.065741
0 1706 0.608222 0.073148 0.030230 0.112963
0 1707 0.593712 0.051389 0.032648 0.100926
0 1708 0.565296 0.054167 0.030230 0.106481
0 1709 0.592201 0.085648 0.024788 0.084259
0 1710 0.577388 0.078241 0.033857 0.112037
0 1711 0.565296 0.028241 0.030230 0.054630
0 1712 0.542322 0.031944 0.030230 0.062037
0 1715 0.688634 0.116204 0.041112 0.123148
0 1716 0.680774 0.177315 0.037485 0.115741
0 1717 0.684401 0.206019 0.032648 0.134259
0 1718 0.735490 0.157870 0.035671 0.136111
0 1719 0.464329 0.023611 0.024184 0.045370
0 1720 0.515115 0.039815 0.029021 0.077778
0 1723 0.441052 0.018981 0.022370 0.036111
0 1725 0.517231 0.058796 0.029625 0.115741
0 1726 0.542322 0.071296 0.032648 0.118519
0 1727 0.595224 0.313889 0.045345 0.142593
0 1728 0.732769 0.233796 0.036276 0.132407
0 1729 0.043531 0.494907 0.049577 0.147222
0 1733 0.180169 0.041667 0.032648 0.081481
0 1736 0.264208 0.038426 0.032648 0.075000
0 1737 0.251511 0.047222 0.035067 0.092593
0 1738 0.211911 0.039352 0.032044 0.076852
0 1740 0.120314 0.036111 0.035067 0.070370
0 1741 0.170798 0.074537 0.039299 0.123148
0 1742 0.198912 0.067130 0.037485 0.123148
0 1743 0.246675 0.064352 0.035067 0.125000
0 1744 0.527811 0.168519 0.033857 0.127778
0 1745 0.310762 0.083796 0.032648 0.115741
0 1746 0.327086 0.095370 0.031439 0.124074
0 1747 0.388452 0.100000 0.029625 0.129630
0 1748 0.362757 0.091667 0.033857 0.127778
0 1749 0.298065 0.136574 0.038694 0.123148
0 1750 0.254534 0.141204 0.039903 0.119444
0 1751 0.520859 0.126389 0.032044 0.126852
0 1752 0.563180 0.169444 0.039299 0.120370
0 1753 0.581016 0.214815 0.037485 0.142593
0 1754 0.541112 0.218519 0.036276 0.135185
0 1755 0.307134 0.213426 0.030230 0.121296
0 1756 0.303204 0.184722 0.034462 0.132407
0 1757 0.200121 0.158333 0.035067 0.124074
0 1758 0.168077 0.143056 0.037485 0.117593
0 1759 0.200121 0.120833 0.035067 0.123148
0 1760 0.960701 0.217130 0.035067 0.134259
0 1761 0.621826 0.061574 0.035671 0.121296
