0 1168 0.529021 0.884259 0.042322 0.181481
0 1169 0.530834 0.919444 0.041112 0.157407
0 1173 0.766022 0.946296 0.050786 0.107407
0 1175 0.402660 0.578241 0.041112 0.145370
0 1176 0.398428 0.594907 0.042322 0.145370
0 1181 0.042926 0.925000 0.055623 0.151852
0 1188 0.714631 0.649074 0.042322 0.159259
0 1193 0.706469 0.684722 0.048972 0.171296
0 1194 0.724607 0.722685 0.044135 0.173148
0 1195 0.986397 0.941667 0.024788 0.118519
0 1196 0.942866 0.935185 0.051391 0.131481
0 1197 0.352781 0.303241 0.034462 0.134259
0 1198 0.286578 0.333796 0.037485 0.137963
0 1199 0.381802 0.309259 0.039299 0.135185
0 1200 0.412334 0.318981 0.036276 0.139815
0 1206 0.307739 0.350463 0.042322 0.149074
0 1208 0.641173 0.954167 0.059855 0.091667
0 1209 0.677146 0.954630 0.039903 0.092593
0 1210 0.625151 0.949074 0.043531 0.101852
0 1215 0.935308 0.957407 0.060459 0.087037
0 1216 0.989117 0.968519 0.018138 0.064815
0 1222 0.813482 0.767130 0.040508 0.156481
0 1223 0.888755 0.791204 0.050786 0.169444
0 1224 0.823458 0.720370 0.032648 0.112963
0 1225 0.858222 0.716667 0.039299 0.137037
0 1235 0.030834 0.300463 0.037485 0.134259
0 1237 0.051693 0.337500 0.041717 0.132407
0 1238 0.861548 0.248611 0.037485 0.132407
0 1239 0.892987 0.237037 0.035067 0.125926
0 1240 0.226723 0.287500 0.033857 0.121296
0 1241 0.109432 0.355556 0.049577 0.146296
0 1242 0.290508 0.290278 0.034462 0.123148
0 1243 0.566808 0.384722 0.039299 0.162037
0 1244 0.298670 0.239815 0.031439 0.125926
0 1245 0.371221 0.354167 0.045949 0.137963
0 1246 0.619105 0.295833 0.037485 0.132407
0 1247 0.650544 0.278704 0.044740 0.137037
0 1249 0.694680 0.272685 0.038694 0.134259
0 1250 0.775695 0.257870 0.035067 0.117593
0 1251 0.767231 0.275463 0.037485 0.128704
0 1252 0.790508 0.425926 0.044135 0.140741
0 1255 0.961306 0.439815 0.036276 0.142593
0 1257 0.943168 0.468519 0.037485 0.142593
0 1258 0.987304 0.474537 0.024184 0.149074
0 1259 0.932588 0.586111 0.044135 0.166667
0 1260 0.898730 0.587963 0.044135 0.164815
0 1261 0.805018 0.609722 0.032044 0.104630
0 1262 0.833434 0.583796 0.038089 0.137963
0 1263 0.854293 0.587037 0.030230 0.112963
0 1266 0.832830 0.661111 0.058646 0.153704
0 1267 0.983071 0.658333 0.032648 0.162963
0 1273 0.939238 0.703241 0.052600 0.162037
0 1274 0.932890 0.794907 0.049577 0.169444
0 1275 0.636638 0.571759 0.042322 0.154630
0 1276 0.662031 0.585185 0.039903 0.157407
0 1277 0.839178 0.468056 0.029021 0.128704
0 1278 0.819831 0.470370 0.038694 0.133333
0 1279 0.654776 0.642593 0.043531 0.157407
0 1280 0.623942 0.650926 0.037485 0.161111
0 1281 0.720073 0.572222 0.033857 0.114815
0 1282 0.734885 0.579630 0.035671 0.112963
0 1283 0.762999 0.568981 0.042322 0.154630
0 1284 0.847944 0.390741 0.035671 0.133333
0 1285 0.865175 0.381019 0.036276 0.123148
0 1286 0.805925 0.909722 0.053204 0.171296
0 1287 0.077086 0.552315 0.042926 0.154630
0 1288 0.119710 0.537037 0.044740 0.150000
0 1289 0.122430 0.669444 0.044135 0.168519
0 1290 0.074667 0.679630 0.051391 0.151852
0 1294 0.298670 0.962963 0.048368 0.074074
0 1295 0.004837 0.266667 0.008464 0.131481
0 1296 0.024788 0.275000 0.037485 0.120370
0 1299 0.065599 0.952778 0.056227 0.094444
0 1306 0.299274 0.677778 0.041112 0.168519
0 1307 0.344317 0.643056 0.044135 0.160185
0 1308 0.381802 0.672685 0.052600 0.150926
0 1314 0.456167 0.899074 0.032044 0.107407
0 1316 0.172310 0.412500 0.042322 0.132407
0 1317 0.429867 0.888889 0.045949 0.174074
0 1320 0.820435 0.410185 0.044740 0.140741
0 1321 0.252116 0.294444 0.036276 0.142593
0 1322 0.081620 0.353704 0.039903 0.129630
0 1323 0.177751 0.377778 0.047158 0.164815
0 1325 0.237001 0.611111 0.042322 0.157407
0 1326 0.235490 0.580556 0.036880 0.146296
0 1328 0.193470 0.608333 0.044740 0.146296
0 1329 0.207376 0.558796 0.041112 0.150926
0 1330 0.173519 0.574074 0.047158 0.157407
0 1342 0.353386 0.619907 0.039299 0.154630
0 1343 0.387545 0.260648 0.030230 0.128704
0 1344 0.409613 0.265278 0.034462 0.126852
0 1345 0.389359 0.622222 0.042322 0.148148
0 1365 0.715840 0.966667 0.049577 0.068519
0 1394 0.678053 0.981944 0.039299 0.037963
0 1412 0.716143 0.401852 0.041717 0.116667
0 1413 0.761487 0.404630 0.044135 0.135185
0 1444 0.275091 0.399074 0.044740 0.137037
0 1445 0.250302 0.412963 0.037485 0.140741
0 1490 0.677751 0.532407 0.033857 0.125926
0 1501 0.251511 0.986111 0.039903 0.029630
0 1502 0.467352 0.987037 0.039903 0.027778
0 1510 0.440447 0.921759 0.051391 0.158333
0 1522 0.337062 0.949537 0.044135 0.102778
0 1531 0.537183 0.608333 0.044135 0.157407
0 1532 0.409915 0.981481 0.036276 0.038889
0 1549 0.324667 0.801389 0.051995 0.156481
0 1555 0.610943 0.545370 0.039299 0.133333
0 1556 0.586457 0.562963 0.032648 0.109259
0 1557 0.542322 0.637963 0.042322 0.153704
0 1565 0.389661 0.940741 0.053809 0.120370
0 1567 0.353386 0.504630 0.038089 0.135185
0 1570 0.310762 0.461574 0.037485 0.149074
0 1572 0.256348 0.684722 0.044740 0.165741
0 1573 0.477025 0.449074 0.027811 0.120370
0 1592 0.365780 0.735648 0.037485 0.150926
0 1593 0.380895 0.793519 0.047158 0.162963
0 1594 0.396010 0.767130 0.047158 0.173148
0 1595 0.352177 0.754630 0.044135 0.170370
0 1650 0.461911 0.763889 0.044740 0.148148
0 1653 0.675333 0.731481 0.048368 0.146296
0 1654 0.387243 0.474537 0.036880 0.113889
0 1655 0.464933 0.561574 0.038694 0.139815
0 1657 0.457678 0.535185 0.048368 0.137037
0 1658 0.274486 0.830093 0.042322 0.160185
0 1659 0.027509 0.979167 0.033253 0.043519
0 1660 0.468863 0.436111 0.032044 0.148148
0 1661 0.499093 0.421759 0.036880 0.145370
0 1662 0.490326 0.651389 0.038694 0.160185
0 1667 0.440750 0.445833 0.032648 0.115741
0 1668 0.491536 0.481019 0.032648 0.117593
0 1670 0.194680 0.906944 0.053204 0.184259
0 1672 0.563785 0.986111 0.028416 0.029630
0 1673 0.503325 0.958796 0.039299 0.084259
0 1674 0.442866 0.959722 0.039299 0.082407
0 1675 0.581620 0.694444 0.032648 0.107407
0 1676 0.581620 0.637037 0.039903 0.140741
0 1677 0.943773 0.042130 0.045949 0.082407
0 1678 0.929262 0.025463 0.032648 0.049074
0 1679 0.970979 0.051389 0.027811 0.095370
0 1680 0.987908 0.224074 0.022975 0.114815
0 1681 0.900846 0.240741 0.027811 0.092593
0 1682 0.905985 0.187037 0.038089 0.118519
0 1683 0.896312 0.205093 0.036880 0.117593
0 1684 0.982769 0.267593 0.032044 0.144444
0 1685 0.881499 0.293519 0.042322 0.140741
0 1686 0.935913 0.292130 0.042322 0.143519
0 1687 0.965538 0.299074 0.037485 0.135185
0 1688 0.901753 0.368519 0.041717 0.146296
0 1689 0.935006 0.376389 0.044135 0.150926
0 1690 0.814389 0.304167 0.037485 0.143519
0 1691 0.894800 0.395833 0.044740 0.137963
0 1694 0.873337 0.629630 0.051391 0.159259
0 1695 0.698307 0.026852 0.029021 0.051852
0 1696 0.742140 0.036574 0.029625 0.071296
0 1697 0.763603 0.040278 0.032648 0.078704
0 1699 0.671403 0.026852 0.027207 0.051852
0 1700 0.639661 0.030093 0.032648 0.058333
0 1701 0.605200 0.025463 0.035067 0.049074
0 1702 0.570435 0.021296 0.032044 0.040741
0 1703 0.638452 0.048611 0.030230 0.095370
0 1704 0.612757 0.053241 0.034462 0.102778
0 1705 0.586759 0.047222 0.030834 0.092593
0 1706 0.629383 0.106019 0.029021 0.115741
0 1707 0.591898 0.083333 0.036276 0.129630
0 1708 0.566808 0.097222 0.027207 0.114815
0 1709 0.608222 0.119444 0.027811 0.087037
0 1710 0.593712 0.117130 0.033857 0.113889
0 1711 0.564087 0.048148 0.029021 0.094444
0 1712 0.534462 0.056944 0.030230 0.100926
0 1715 0.687424 0.160648 0.038694 0.123148
0 1716 0.674426 0.217593 0.036880 0.114815
0 1717 0.679262 0.249074 0.036880 0.135185
0 1718 0.743047 0.203241 0.038694 0.137963
0 1719 0.459492 0.037963 0.032648 0.074074
0 1720 0.509371 0.068519 0.029625 0.120370
0 1721 0.400846 0.021759 0.027811 0.041667
0 1722 0.360641 0.016204 0.024788 0.030556
0 1723 0.433797 0.035648 0.027207 0.069444
0 1724 0.368803 0.038889 0.037485 0.075926
0 1725 0.482769 0.080093 0.033253 0.128704
0 1726 0.507255 0.098611 0.031439 0.123148
0 1727 0.621826 0.388426 0.048972 0.137963
0 1728 0.738815 0.279167 0.037485 0.134259
0 1729 0.158404 0.455556 0.049577 0.140741
0 1730 0.056227 0.489352 0.048368 0.150926
0 1731 0.065296 0.036574 0.033857 0.071296
0 1732 0.050484 0.021296 0.029625 0.040741
0 1733 0.166868 0.051389 0.035067 0.100926
0 1734 0.209794 0.034259 0.030230 0.066667
0 1735 0.231862 0.037963 0.032044 0.074074
0 1736 0.266929 0.041204 0.032044 0.080556
0 1737 0.257557 0.055556 0.035067 0.109259
0 1738 0.199819 0.052315 0.032044 0.102778
0 1739 0.125453 0.023611 0.029625 0.045370
0 1740 0.133011 0.058333 0.035067 0.114815
0 1741 0.237606 0.090741 0.036276 0.124074
0 1742 0.272068 0.082870 0.037485 0.121296
0 1743 0.326481 0.076852 0.035067 0.125926
0 1744 0.450423 0.214815 0.033857 0.125926
0 1745 0.258162 0.114815 0.032648 0.118519
0 1746 0.276904 0.122685 0.032648 0.126852
0 1747 0.354293 0.139815 0.033857 0.129630
0 1748 0.324365 0.132870 0.038089 0.128704
0 1749 0.343410 0.168981 0.038694 0.123148
0 1750 0.294135 0.181481 0.038089 0.120370
0 1751 0.460097 0.174537 0.032648 0.128704
0 1752 0.518440 0.231481 0.039299 0.124074
0 1753 0.536578 0.279167 0.036880 0.149074
0 1754 0.506046 0.277778 0.037485 0.137037
0 1755 0.259371 0.256019 0.030230 0.121296
0 1756 0.243349 0.228241 0.034462 0.132407
0 1757 0.166566 0.200463 0.038089 0.123148
0 1758 0.148730 0.183796 0.037485 0.119444
0 1759 0.172310 0.162963 0.038694 0.124074
0 1760 0.956469 0.265741 0.038694 0.135185
0 1761 0.644498 0.091204 0.036276 0.149074
