0 1168 0.544438 0.893519 0.045345 0.181481
0 1169 0.548972 0.926852 0.041112 0.146296
0 1173 0.761185 0.966204 0.047158 0.067593
0 1175 0.397219 0.570370 0.038694 0.140741
0 1176 0.394196 0.587500 0.044740 0.145370
0 1181 0.028718 0.953704 0.056227 0.094444
0 1188 0.722189 0.667593 0.044135 0.166667
0 1193 0.717352 0.699537 0.048972 0.171296
0 1194 0.717956 0.737500 0.046554 0.173148
0 1196 0.967654 0.939815 0.045345 0.122222
0 1197 0.341596 0.299074 0.038694 0.135185
0 1198 0.285671 0.330556 0.034462 0.138889
0 1199 0.374547 0.307870 0.039299 0.137963
0 1200 0.405079 0.295370 0.036276 0.140741
0 1206 0.308646 0.341667 0.041717 0.146296
0 1208 0.638452 0.963426 0.051995 0.075000
0 1209 0.674426 0.954167 0.041717 0.093519
0 1210 0.623942 0.950000 0.043531 0.100000
0 1215 0.954051 0.970833 0.053204 0.058333
0 1222 0.805925 0.796759 0.043531 0.165741
0 1223 0.887545 0.826852 0.054414 0.174074
0 1224 0.820435 0.743056 0.033857 0.117593
0 1225 0.852479 0.733333 0.039903 0.135185
0 1235 0.014208 0.318056 0.027207 0.136111
0 1237 0.023277 0.351852 0.039299 0.137037
0 1238 0.887545 0.267593 0.039903 0.140741
0 1239 0.926239 0.247222 0.038694 0.124074
0 1240 0.204051 0.301389 0.036880 0.126852
0 1241 0.079202 0.373148 0.041112 0.151852
0 1242 0.266929 0.298611 0.034462 0.125000
0 1243 0.580713 0.410648 0.041717 0.162037
0 1244 0.272975 0.245833 0.032044 0.128704
0 1245 0.315599 0.361574 0.043531 0.139815
0 1246 0.623337 0.311574 0.041112 0.132407
0 1247 0.656590 0.295370 0.047158 0.138889
0 1249 0.696493 0.275463 0.041112 0.132407
0 1250 0.782950 0.282407 0.037485 0.127778
0 1251 0.773277 0.291667 0.041112 0.129630
0 1252 0.780230 0.439815 0.041717 0.144444
0 1255 0.969770 0.469907 0.037485 0.141667
0 1257 0.947703 0.490741 0.039299 0.142593
0 1259 0.933192 0.613889 0.044135 0.166667
0 1260 0.904172 0.624074 0.044135 0.174074
0 1261 0.809553 0.647222 0.035067 0.103704
0 1262 0.834643 0.625000 0.040508 0.148148
0 1263 0.856711 0.627778 0.031439 0.114815
0 1266 0.819831 0.692593 0.059250 0.153704
0 1273 0.945284 0.731481 0.056227 0.162963
0 1274 0.935611 0.823148 0.046554 0.164815
0 1275 0.630290 0.591667 0.041717 0.155556
0 1276 0.656288 0.599074 0.039299 0.157407
0 1277 0.861548 0.484259 0.029021 0.129630
0 1278 0.839782 0.485648 0.033857 0.134259
0 1279 0.626360 0.674074 0.044740 0.162963
0 1280 0.595224 0.675463 0.039299 0.160185
0 1281 0.728235 0.599074 0.035671 0.120370
0 1282 0.750000 0.611111 0.040508 0.118519
0 1283 0.781741 0.597685 0.042322 0.156481
0 1284 0.845526 0.389815 0.034462 0.135185
0 1285 0.865175 0.376852 0.036276 0.122222
0 1286 0.801088 0.936574 0.058041 0.128704
0 1287 0.070133 0.573611 0.044740 0.156481
0 1288 0.109432 0.556944 0.044740 0.149074
0 1289 0.131197 0.705556 0.044740 0.175926
0 1290 0.084643 0.717130 0.048368 0.154630
0 1296 0.009976 0.289815 0.018742 0.120370
0 1299 0.045345 0.981481 0.027811 0.038889
0 1306 0.297763 0.668981 0.044135 0.165741
0 1307 0.338271 0.637037 0.044135 0.159259
0 1308 0.370617 0.669444 0.037485 0.148148
0 1314 0.492140 0.912963 0.032648 0.107407
0 1316 0.129686 0.433333 0.045345 0.133333
0 1317 0.448005 0.890741 0.048368 0.172222
0 1320 0.817412 0.427778 0.043531 0.140741
0 1321 0.231560 0.306019 0.038694 0.143519
0 1322 0.050181 0.372685 0.041112 0.134259
0 1323 0.126663 0.393981 0.045345 0.165741
0 1325 0.236699 0.602315 0.041717 0.156481
0 1326 0.235490 0.571759 0.036880 0.145370
0 1328 0.193168 0.602315 0.044135 0.143519
0 1329 0.206469 0.550926 0.041717 0.146296
0 1330 0.170798 0.567130 0.045345 0.156481
0 1342 0.339178 0.608796 0.037485 0.154630
0 1343 0.387243 0.253241 0.034462 0.126852
0 1344 0.407497 0.261111 0.032648 0.129630
0 1345 0.363966 0.606944 0.041112 0.145370
0 1365 0.715236 0.963426 0.047158 0.075000
0 1394 0.678356 0.979630 0.038694 0.042593
0 1412 0.717050 0.392130 0.043531 0.115741
0 1413 0.760883 0.396296 0.044135 0.137037
0 1444 0.274788 0.393056 0.047763 0.137963
0 1445 0.249395 0.407870 0.036880 0.141667
0 1490 0.724305 0.544444 0.032648 0.125926
0 1501 0.254837 0.981019 0.038089 0.039815
0 1502 0.466143 0.982870 0.039903 0.036111
0 1510 0.425030 0.922222 0.051995 0.157407
0 1522 0.333132 0.952315 0.047158 0.097222
0 1531 0.537183 0.600000 0.045345 0.157407
0 1532 0.404776 0.987037 0.032044 0.027778
0 1549 0.324667 0.799074 0.051995 0.157407
0 1555 0.655985 0.556944 0.038694 0.137963
0 1556 0.638452 0.576389 0.030230 0.110185
0 1557 0.543531 0.626389 0.042322 0.149074
0 1565 0.386336 0.942130 0.055623 0.117593
0 1567 0.353688 0.495833 0.038694 0.134259
0 1570 0.297763 0.462037 0.038089 0.153704
0 1572 0.262092 0.708796 0.044135 0.167593
0 1573 0.477025 0.442593 0.027811 0.120370
0 1592 0.357013 0.731019 0.038089 0.152778
0 1593 0.380290 0.786574 0.047158 0.160185
0 1594 0.391475 0.754630 0.044135 0.172222
0 1595 0.334946 0.743519 0.039903 0.170370
0 1650 0.461004 0.754630 0.044135 0.148148
0 1653 0.673216 0.721296 0.048972 0.150000
0 1654 0.383313 0.463889 0.043531 0.135185
0 1655 0.466747 0.558796 0.037485 0.139815
0 1657 0.456771 0.523148 0.044135 0.124074
0 1658 0.256046 0.846759 0.041717 0.154630
0 1659 0.007557 0.991204 0.013906 0.019444
0 1660 0.467956 0.428241 0.035067 0.145370
0 1661 0.499093 0.413426 0.036880 0.147222
0 1662 0.487001 0.641204 0.039299 0.163889
0 1667 0.441959 0.438426 0.030230 0.117593
0 1668 0.490024 0.474537 0.034462 0.119444
0 1670 0.155381 0.929630 0.055623 0.138889
0 1673 0.550181 0.972685 0.038694 0.056481
0 1674 0.492745 0.957407 0.038694 0.087037
0 1675 0.587062 0.654167 0.033857 0.108333
0 1676 0.585248 0.603704 0.039903 0.146296
0 1677 0.938029 0.047685 0.042926 0.093519
0 1678 0.932588 0.029630 0.036880 0.057407
0 1679 0.963120 0.066204 0.027811 0.095370
0 1680 0.988513 0.227315 0.021765 0.121296
0 1681 0.949214 0.255556 0.029021 0.094444
0 1682 0.904172 0.216204 0.036880 0.137963
0 1683 0.884825 0.224537 0.035671 0.121296
0 1684 0.986094 0.285185 0.025393 0.137037
0 1685 0.896614 0.327778 0.042322 0.144444
0 1686 0.935913 0.310185 0.042322 0.144444
0 1687 0.969770 0.326852 0.039903 0.135185
0 1688 0.891173 0.400926 0.041112 0.146296
0 1689 0.921100 0.411574 0.044135 0.150926
0 1690 0.805925 0.334722 0.037485 0.143519
0 1691 0.867896 0.432407 0.044135 0.146296
0 1694 0.882709 0.659259 0.050786 0.159259
0 1695 0.695284 0.033333 0.031439 0.064815
0 1696 0.716747 0.041204 0.029625 0.080556
0 1697 0.736094 0.045833 0.032044 0.089815
0 1698 0.643289 0.029630 0.027811 0.057407
0 1699 0.669589 0.031019 0.028416 0.060185
0 1700 0.631197 0.037037 0.032648 0.072222
0 1701 0.599758 0.043056 0.036276 0.084259
0 1702 0.571947 0.031481 0.031439 0.061111
0 1703 0.640568 0.048611 0.033253 0.095370
0 1704 0.623035 0.061111 0.038089 0.112963
0 1705 0.586155 0.057870 0.032044 0.102778
0 1706 0.636941 0.121759 0.033253 0.119444
0 1707 0.592805 0.100000 0.036880 0.133333
0 1708 0.570435 0.117130 0.028416 0.117593
0 1709 0.616687 0.136574 0.026602 0.089815
0 1710 0.600060 0.137500 0.033253 0.119444
0 1711 0.561366 0.063426 0.030834 0.110185
0 1712 0.531439 0.071759 0.029021 0.106481
0 1714 0.512092 0.024074 0.022975 0.046296
0 1715 0.685913 0.167593 0.033253 0.125926
0 1716 0.665961 0.230556 0.036880 0.114815
0 1717 0.670798 0.263889 0.036880 0.138889
0 1718 0.734885 0.220833 0.040508 0.137963
0 1719 0.456469 0.044444 0.031439 0.087037
0 1720 0.499395 0.075000 0.030230 0.125926
0 1721 0.414752 0.025926 0.027811 0.050000
0 1722 0.377872 0.025463 0.024184 0.049074
0 1723 0.427751 0.043056 0.028416 0.084259
0 1724 0.356106 0.047685 0.037485 0.093519
0 1725 0.460399 0.095833 0.034462 0.130556
0 1726 0.485792 0.111574 0.033253 0.123148
0 1727 0.633011 0.418056 0.047158 0.141667
0 1728 0.743954 0.300463 0.039299 0.121296
0 1729 0.223398 0.436574 0.041717 0.139815
0 1730 0.116989 0.461111 0.041717 0.151852
0 1731 0.061064 0.040741 0.037485 0.079630
0 1732 0.075574 0.031019 0.032648 0.060185
0 1733 0.158706 0.053704 0.036880 0.105556
0 1734 0.208585 0.038426 0.032648 0.075000
0 1735 0.229141 0.042130 0.031439 0.082407
0 1736 0.262394 0.045833 0.032648 0.089815
0 1737 0.260580 0.056019 0.035067 0.110185
0 1738 0.198307 0.052778 0.032648 0.103704
0 1739 0.121524 0.026389 0.029021 0.050926
0 1740 0.147521 0.068056 0.035067 0.125000
0 1741 0.275998 0.089815 0.036880 0.124074
0 1742 0.312878 0.078704 0.035671 0.120370
0 1743 0.373035 0.075463 0.036276 0.126852
0 1744 0.405079 0.222222 0.035067 0.125926
0 1745 0.224002 0.114815 0.032044 0.118519
0 1746 0.245163 0.128241 0.034462 0.126852
0 1747 0.340085 0.154630 0.034462 0.131481
0 1748 0.309855 0.145833 0.039299 0.130556
0 1749 0.364571 0.172222 0.038694 0.120370
0 1750 0.318924 0.189815 0.039299 0.122222
0 1751 0.440750 0.193519 0.037485 0.129630
0 1752 0.494256 0.259259 0.038089 0.131481
0 1753 0.509674 0.298611 0.037485 0.150926
0 1754 0.474305 0.297222 0.039299 0.138889
0 1755 0.240024 0.268981 0.030230 0.121296
0 1756 0.214933 0.245370 0.039299 0.138889
0 1757 0.146312 0.214352 0.035067 0.123148
0 1758 0.133313 0.190278 0.035671 0.115741
0 1759 0.159915 0.173148 0.039299 0.124074
0 1760 0.956167 0.293056 0.038089 0.141667
0 1761 0.653567 0.101852 0.039903 0.146296
0 1790 0.570435 0.041204 0.035671 0.080556
0 1793 0.616385 0.038426 0.034462 0.075000
0 1795 0.618803 0.036111 0.032044 0.070370
0 1806 0.480048 0.025926 0.022975 0.050000
0 1840 0.221584 0.036111 0.027207 0.070370
