0 1168 0.539299 0.892593 0.045949 0.181481
0 1169 0.545949 0.925463 0.041112 0.149074
0 1173 0.768440 0.957407 0.050786 0.085185
0 1175 0.399940 0.572685 0.039299 0.145370
0 1176 0.394498 0.589352 0.044135 0.145370
0 1181 0.037183 0.940741 0.056227 0.120370
0 1188 0.720073 0.657407 0.042322 0.159259
0 1193 0.710701 0.695833 0.048972 0.171296
0 1194 0.719166 0.731481 0.044135 0.174074
0 1196 0.955260 0.936111 0.045949 0.125926
0 1197 0.346433 0.300926 0.036276 0.135185
0 1198 0.286276 0.330556 0.036880 0.138889
0 1199 0.377267 0.307870 0.038694 0.136111
0 1200 0.408706 0.300463 0.036276 0.139815
0 1206 0.308343 0.345370 0.041112 0.148148
0 1208 0.639057 0.962963 0.051995 0.075926
0 1209 0.675635 0.954167 0.040508 0.093519
0 1210 0.623337 0.949537 0.044740 0.099074
0 1215 0.944680 0.963889 0.057437 0.072222
0 1216 0.987606 0.973148 0.019952 0.055556
0 1222 0.807134 0.782870 0.043531 0.162037
0 1223 0.889661 0.812963 0.052600 0.174074
0 1224 0.822854 0.734722 0.032648 0.112037
0 1225 0.856106 0.724537 0.039903 0.134259
0 1235 0.019045 0.310648 0.036880 0.134259
0 1237 0.035067 0.345833 0.041112 0.136111
0 1238 0.877872 0.256944 0.037485 0.132407
0 1239 0.913543 0.243519 0.037485 0.125926
0 1240 0.215236 0.296296 0.035067 0.125926
0 1241 0.087969 0.362037 0.039299 0.151852
0 1242 0.276602 0.294907 0.034462 0.123148
0 1243 0.577690 0.403241 0.039299 0.162037
0 1244 0.282950 0.241667 0.031439 0.125926
0 1245 0.340387 0.357870 0.045949 0.137963
0 1246 0.620617 0.304167 0.039299 0.132407
0 1247 0.652963 0.287500 0.047158 0.137963
0 1249 0.695284 0.273611 0.039903 0.132407
0 1250 0.779927 0.271759 0.036276 0.121296
0 1251 0.771161 0.285185 0.039299 0.129630
0 1252 0.786880 0.433333 0.044135 0.138889
0 1255 0.967050 0.457870 0.036880 0.143519
0 1257 0.946493 0.481481 0.039299 0.142593
0 1258 0.991838 0.486574 0.015115 0.141667
0 1259 0.933192 0.603241 0.044135 0.167593
0 1260 0.901753 0.604630 0.044135 0.162963
0 1261 0.807739 0.632870 0.033857 0.104630
0 1262 0.834039 0.608796 0.039299 0.143519
0 1263 0.856106 0.611574 0.030230 0.112037
0 1266 0.825272 0.681481 0.059250 0.157407
0 1267 0.986699 0.683796 0.025393 0.156481
0 1273 0.942866 0.720370 0.055018 0.162963
0 1274 0.934401 0.810648 0.047763 0.165741
0 1275 0.632709 0.582870 0.041717 0.154630
0 1276 0.657195 0.593519 0.039903 0.157407
0 1277 0.852479 0.478704 0.029021 0.129630
0 1278 0.833736 0.479630 0.035067 0.131481
0 1279 0.640266 0.661111 0.042322 0.159259
0 1280 0.610339 0.666667 0.035671 0.161111
0 1281 0.726119 0.585185 0.035067 0.114815
0 1282 0.742140 0.599537 0.036880 0.117593
0 1283 0.774486 0.585648 0.042322 0.154630
0 1284 0.846433 0.390278 0.035067 0.134259
0 1285 0.865175 0.378704 0.036276 0.122222
0 1286 0.802902 0.926852 0.059250 0.148148
0 1287 0.071947 0.563426 0.041112 0.156481
0 1288 0.113059 0.548611 0.044740 0.149074
0 1289 0.127570 0.689352 0.044740 0.173148
0 1290 0.081923 0.701852 0.050181 0.153704
0 1294 0.292019 0.982870 0.035067 0.036111
0 1296 0.014813 0.282407 0.028416 0.118519
0 1299 0.054716 0.967593 0.056227 0.062963
0 1306 0.297461 0.671759 0.043531 0.167593
0 1307 0.338875 0.637500 0.044135 0.158333
0 1308 0.371826 0.671296 0.038694 0.151852
0 1314 0.476723 0.904630 0.032044 0.107407
0 1316 0.147823 0.425000 0.042926 0.131481
0 1317 0.442866 0.885185 0.046554 0.174074
0 1320 0.820133 0.422222 0.044135 0.140741
0 1321 0.238815 0.299074 0.035067 0.142593
0 1322 0.063785 0.361574 0.039299 0.134259
0 1323 0.146010 0.387037 0.048972 0.164815
0 1325 0.236699 0.604630 0.041717 0.157407
0 1326 0.235490 0.574537 0.036880 0.145370
0 1328 0.193470 0.603241 0.044740 0.145370
0 1329 0.206771 0.553241 0.041112 0.149074
0 1330 0.172310 0.568519 0.047158 0.157407
0 1342 0.343410 0.613426 0.038694 0.154630
0 1343 0.387848 0.254630 0.034462 0.125926
0 1344 0.406288 0.261574 0.035067 0.128704
0 1345 0.373640 0.613889 0.042322 0.148148
0 1365 0.715236 0.963889 0.048368 0.074074
0 1394 0.678053 0.979630 0.039299 0.042593
0 1412 0.717956 0.396296 0.046554 0.114815
0 1413 0.762092 0.397685 0.044135 0.137963
0 1444 0.275393 0.394907 0.047763 0.137963
0 1445 0.249698 0.407407 0.037485 0.140741
0 1490 0.705865 0.539352 0.033253 0.126852
0 1501 0.250302 0.980093 0.038694 0.041667
0 1502 0.466143 0.984722 0.039903 0.032407
0 1510 0.432588 0.921296 0.051391 0.159259
0 1522 0.336155 0.950926 0.045949 0.100000
0 1531 0.538089 0.601852 0.044740 0.157407
0 1532 0.404776 0.985185 0.033253 0.031481
0 1549 0.324667 0.799537 0.051995 0.156481
0 1555 0.639057 0.551389 0.038694 0.137963
0 1556 0.617896 0.570370 0.032648 0.109259
0 1557 0.542322 0.630556 0.042322 0.150000
0 1565 0.386941 0.941667 0.054414 0.118519
0 1567 0.353688 0.499537 0.038694 0.134259
0 1570 0.302297 0.461111 0.037485 0.153704
0 1572 0.261185 0.696759 0.044740 0.165741
0 1573 0.477025 0.444444 0.027811 0.120370
0 1592 0.357316 0.731481 0.036276 0.148148
0 1593 0.380593 0.787963 0.046554 0.161111
0 1594 0.392987 0.757870 0.047158 0.173148
0 1595 0.342503 0.746296 0.047763 0.170370
0 1650 0.461911 0.757407 0.044740 0.148148
0 1653 0.674123 0.725463 0.048368 0.149074
0 1654 0.387243 0.471296 0.041717 0.120370
0 1655 0.466747 0.557870 0.038694 0.139815
0 1657 0.457678 0.529630 0.048368 0.137037
0 1658 0.262394 0.842130 0.041112 0.160185
0 1659 0.011790 0.985648 0.022370 0.030556
0 1660 0.468259 0.431019 0.035671 0.149074
0 1661 0.499093 0.415278 0.036880 0.145370
0 1662 0.491536 0.644907 0.038694 0.165741
0 1667 0.441052 0.441204 0.032044 0.115741
0 1668 0.490629 0.476389 0.032044 0.117593
0 1670 0.173216 0.922222 0.058646 0.155556
0 1673 0.531741 0.965741 0.040508 0.070370
0 1674 0.471282 0.954630 0.039299 0.092593
0 1675 0.584039 0.671296 0.032648 0.107407
0 1676 0.587666 0.615741 0.039903 0.146296
0 1677 0.940145 0.045833 0.045949 0.089815
0 1678 0.931378 0.028241 0.035671 0.054630
0 1679 0.966747 0.060648 0.027811 0.095370
0 1680 0.988210 0.225926 0.022370 0.118519
0 1681 0.931076 0.247222 0.029021 0.092593
0 1682 0.904474 0.204167 0.037485 0.128704
0 1683 0.888150 0.214815 0.035067 0.118519
0 1684 0.984885 0.278241 0.027811 0.139815
0 1685 0.891778 0.311111 0.042322 0.142593
0 1686 0.934704 0.302315 0.042322 0.143519
0 1687 0.966445 0.318519 0.038089 0.135185
0 1688 0.895707 0.386111 0.041717 0.146296
0 1689 0.928960 0.395833 0.044135 0.150926
0 1690 0.807739 0.319907 0.037485 0.143519
0 1691 0.878174 0.417130 0.044135 0.141667
0 1694 0.879383 0.647222 0.051391 0.159259
0 1695 0.696191 0.029167 0.029625 0.056481
0 1696 0.727630 0.039352 0.029625 0.076852
0 1697 0.747582 0.043519 0.032044 0.085185
0 1699 0.669589 0.032407 0.027207 0.062963
0 1700 0.635429 0.034722 0.032648 0.067593
0 1701 0.602781 0.033333 0.035067 0.064815
0 1702 0.572249 0.028241 0.032044 0.054630
0 1703 0.640568 0.048611 0.030834 0.095370
0 1704 0.619105 0.058333 0.036276 0.109259
0 1705 0.586457 0.053241 0.031439 0.099074
0 1706 0.634220 0.116204 0.031439 0.117593
0 1707 0.592201 0.093056 0.036880 0.132407
0 1708 0.568622 0.107870 0.027207 0.115741
0 1709 0.613362 0.129630 0.027207 0.088889
0 1710 0.598247 0.129167 0.033253 0.115741
0 1711 0.562576 0.056481 0.029625 0.103704
0 1712 0.532950 0.065278 0.029625 0.104630
0 1714 0.512394 0.020370 0.022370 0.038889
0 1715 0.687122 0.164352 0.033253 0.123148
0 1716 0.672007 0.225926 0.036880 0.114815
0 1717 0.673821 0.256481 0.036880 0.135185
0 1718 0.738815 0.212963 0.041112 0.137037
0 1719 0.459190 0.041667 0.032044 0.081481
0 1720 0.503930 0.072685 0.029625 0.123148
0 1721 0.409311 0.023148 0.027811 0.044444
0 1722 0.370617 0.021759 0.024184 0.041667
0 1723 0.430774 0.040278 0.027207 0.078704
0 1724 0.361548 0.044907 0.037485 0.087963
0 1725 0.470979 0.088889 0.035067 0.129630
0 1726 0.496070 0.106019 0.032044 0.123148
0 1727 0.629686 0.405093 0.047763 0.139815
0 1728 0.743047 0.293981 0.037485 0.130556
0 1729 0.200121 0.440278 0.042322 0.139815
0 1730 0.094619 0.471296 0.041717 0.151852
0 1731 0.064087 0.039815 0.036276 0.077778
0 1732 0.067110 0.025463 0.032648 0.049074
0 1733 0.162031 0.051389 0.038694 0.100926
0 1734 0.209492 0.036111 0.030834 0.070370
0 1735 0.230048 0.040741 0.032044 0.079630
0 1736 0.264208 0.043056 0.032648 0.084259
0 1737 0.259371 0.055556 0.035067 0.109259
0 1738 0.200726 0.052778 0.032648 0.103704
0 1739 0.124244 0.026389 0.029625 0.050926
0 1740 0.140266 0.064352 0.035067 0.123148
0 1741 0.261487 0.091667 0.034462 0.124074
0 1742 0.296252 0.080093 0.036276 0.119444
0 1743 0.355502 0.077778 0.039903 0.125926
0 1744 0.423519 0.217593 0.034462 0.120370
0 1745 0.238210 0.113889 0.032648 0.118519
0 1746 0.258162 0.126389 0.036276 0.126852
0 1747 0.345828 0.148148 0.033857 0.129630
0 1748 0.314994 0.140278 0.039903 0.128704
0 1749 0.356409 0.169907 0.040508 0.119444
0 1750 0.308041 0.183333 0.039299 0.120370
0 1751 0.449214 0.183333 0.037485 0.129630
0 1752 0.504837 0.248148 0.038694 0.127778
0 1753 0.522370 0.290278 0.036276 0.149074
0 1754 0.489420 0.291204 0.039299 0.139815
0 1755 0.249698 0.265278 0.030230 0.121296
0 1756 0.226119 0.237037 0.036276 0.135185
0 1757 0.154474 0.208333 0.034462 0.122222
0 1758 0.139661 0.185648 0.035067 0.115741
0 1759 0.165054 0.167130 0.036276 0.123148
0 1760 0.956167 0.281944 0.038089 0.139815
0 1761 0.650544 0.099074 0.036276 0.148148
0 1763 0.056530 0.971759 0.058646 0.058333
0 1790 0.569528 0.037963 0.033857 0.074074
0 1793 0.616082 0.034722 0.035067 0.067593
0 1795 0.615780 0.032407 0.029625 0.062963
0 1806 0.481258 0.025463 0.024184 0.049074
0 1840 0.221282 0.032407 0.027811 0.062963
