0 1168 0.454655 0.840278 0.038694 0.176852
0 1169 0.450423 0.879630 0.037485 0.162963
0 1173 0.704353 0.910648 0.051995 0.176852
0 1175 0.398730 0.580556 0.041717 0.146296
0 1176 0.366385 0.587963 0.042322 0.146296
0 1181 0.051391 0.817130 0.051995 0.160185
0 1184 0.073761 0.988426 0.024184 0.025000
0 1185 0.110943 0.988889 0.027207 0.024074
0 1188 0.715840 0.593519 0.042322 0.161111
0 1193 0.683192 0.628704 0.048368 0.170370
0 1194 0.723096 0.669907 0.043531 0.167593
0 1195 0.923216 0.888889 0.043531 0.170370
0 1196 0.893591 0.912037 0.058041 0.151852
0 1197 0.353688 0.297685 0.037485 0.134259
0 1198 0.291415 0.328241 0.037485 0.132407
0 1199 0.401451 0.302778 0.038694 0.140741
0 1200 0.396010 0.319444 0.036276 0.140741
0 1201 0.296554 0.962963 0.041717 0.074074
0 1202 0.295345 0.927315 0.046554 0.139815
0 1203 0.326784 0.940278 0.046554 0.121296
0 1205 0.313785 0.975463 0.041112 0.050926
0 1206 0.319831 0.338889 0.042322 0.146296
0 1208 0.642080 0.962963 0.058041 0.075926
0 1209 0.681681 0.953704 0.042926 0.094444
0 1210 0.630290 0.944907 0.036880 0.112037
0 1214 0.980955 0.948611 0.035671 0.102778
0 1215 0.948609 0.925463 0.058041 0.149074
0 1216 0.992745 0.910648 0.012092 0.087963
0 1222 0.830109 0.694444 0.035067 0.153704
0 1223 0.886034 0.716667 0.051391 0.168519
0 1224 0.831620 0.643519 0.032044 0.112963
0 1225 0.866989 0.649537 0.036276 0.128704
0 1235 0.079807 0.251852 0.037485 0.129630
0 1237 0.112455 0.281481 0.042322 0.129630
0 1238 0.792926 0.200463 0.038089 0.128704
0 1239 0.815296 0.193519 0.034462 0.122222
0 1240 0.278718 0.245833 0.030230 0.123148
0 1241 0.184099 0.312500 0.040508 0.143519
0 1242 0.336457 0.252778 0.034462 0.131481
0 1243 0.549879 0.301852 0.036880 0.153704
0 1244 0.368501 0.213426 0.032044 0.128704
0 1245 0.466445 0.316204 0.041717 0.137963
0 1246 0.602177 0.242593 0.037485 0.131481
0 1247 0.636034 0.230093 0.044740 0.132407
0 1249 0.680472 0.232407 0.044135 0.133333
0 1250 0.756953 0.194444 0.033857 0.112963
0 1251 0.762999 0.222222 0.036276 0.129630
0 1252 0.791717 0.372685 0.044135 0.134259
0 1253 0.972793 0.467593 0.035067 0.112963
0 1255 0.947098 0.362963 0.036880 0.131481
0 1256 0.982467 0.334722 0.035067 0.123148
0 1257 0.936215 0.402778 0.036880 0.142593
0 1258 0.978235 0.411574 0.037485 0.143519
0 1259 0.929565 0.497685 0.042926 0.156481
0 1260 0.896614 0.499074 0.044740 0.157407
0 1261 0.797158 0.502315 0.029625 0.102778
0 1262 0.824365 0.482870 0.036880 0.143519
0 1263 0.844015 0.489352 0.030230 0.110185
0 1266 0.870012 0.572685 0.055623 0.143519
0 1267 0.960097 0.564815 0.041112 0.162963
0 1268 0.981862 0.557870 0.035067 0.149074
0 1273 0.928053 0.625926 0.044740 0.157407
0 1274 0.929262 0.711574 0.047158 0.156481
0 1275 0.633615 0.490741 0.041112 0.150000
0 1276 0.660822 0.504630 0.039903 0.157407
0 1277 0.820133 0.418981 0.029625 0.126852
0 1278 0.799274 0.416204 0.038694 0.132407
0 1279 0.675937 0.553241 0.044740 0.156481
0 1280 0.645405 0.559722 0.039299 0.160185
0 1281 0.694075 0.501389 0.032648 0.115741
0 1282 0.715538 0.505556 0.032044 0.112963
0 1283 0.752721 0.502315 0.042322 0.154630
0 1284 0.853688 0.388889 0.037485 0.131481
0 1285 0.866385 0.375926 0.036276 0.124074
0 1286 0.809553 0.791667 0.055623 0.172222
0 1287 0.107618 0.480093 0.042322 0.154630
0 1288 0.141475 0.465278 0.048368 0.147222
0 1289 0.115780 0.574074 0.044135 0.166667
0 1290 0.070133 0.583333 0.048368 0.151852
0 1292 0.004534 0.772222 0.007860 0.177778
0 1293 0.015417 0.807407 0.029625 0.124074
0 1294 0.286578 0.856019 0.050786 0.171296
0 1295 0.044135 0.221296 0.037485 0.124074
0 1296 0.067715 0.236111 0.035067 0.116667
0 1299 0.101270 0.849074 0.053809 0.179630
0 1306 0.301088 0.675000 0.042322 0.168519
0 1307 0.346433 0.639352 0.044740 0.160185
0 1308 0.376965 0.674537 0.036880 0.147222
0 1311 0.913241 0.841667 0.036880 0.148148
0 1312 0.923216 0.811574 0.044740 0.171296
0 1313 0.955865 0.804630 0.041112 0.146296
0 1314 0.388150 0.870833 0.027811 0.106481
0 1316 0.278114 0.388426 0.042322 0.126852
0 1317 0.377872 0.867593 0.045949 0.168519
0 1320 0.811366 0.353704 0.039903 0.140741
0 1321 0.303204 0.254630 0.036880 0.142593
0 1322 0.159008 0.305093 0.038694 0.126852
0 1323 0.305623 0.357870 0.046554 0.162037
0 1325 0.235187 0.607407 0.042322 0.153704
0 1326 0.240326 0.579630 0.036880 0.146296
0 1328 0.194377 0.610185 0.044135 0.146296
0 1329 0.208585 0.557407 0.042322 0.151852
0 1330 0.176542 0.570833 0.045949 0.154630
0 1342 0.408404 0.622685 0.039299 0.154630
0 1343 0.391173 0.256944 0.030230 0.128704
0 1344 0.411729 0.262037 0.032648 0.125926
0 1345 0.446191 0.609259 0.036276 0.151852
0 1365 0.721886 0.968519 0.048368 0.064815
0 1389 0.914450 0.968519 0.048972 0.062963
0 1394 0.678356 0.980093 0.038694 0.041667
0 1412 0.717956 0.397222 0.041717 0.118519
0 1413 0.761487 0.405093 0.041717 0.137963
0 1444 0.276602 0.396759 0.044135 0.137963
0 1445 0.253325 0.412963 0.035067 0.140741
0 1490 0.578597 0.512963 0.036276 0.125926
0 1501 0.250302 0.982407 0.038694 0.037037
0 1502 0.470375 0.987963 0.038694 0.025926
0 1510 0.480351 0.906944 0.051391 0.176852
0 1522 0.367291 0.932407 0.044135 0.135185
0 1531 0.536276 0.603704 0.044740 0.157407
0 1532 0.442261 0.967130 0.044135 0.067593
0 1549 0.321644 0.795370 0.050786 0.172222
0 1555 0.555925 0.537037 0.036880 0.131481
0 1556 0.524788 0.529167 0.029021 0.106481
0 1557 0.546856 0.635648 0.041717 0.149074
0 1565 0.420496 0.921296 0.053809 0.157407
0 1567 0.356106 0.501852 0.037485 0.135185
0 1570 0.337062 0.435648 0.041717 0.150926
0 1572 0.278416 0.611574 0.039299 0.171296
0 1573 0.480048 0.449074 0.027811 0.120370
0 1592 0.369407 0.731019 0.037485 0.150926
0 1593 0.382104 0.797685 0.047158 0.165741
0 1594 0.409311 0.753241 0.042322 0.165741
0 1595 0.357316 0.752778 0.039903 0.175926
0 1650 0.463724 0.756944 0.044740 0.149074
0 1653 0.679565 0.729167 0.051995 0.147222
0 1654 0.374244 0.457870 0.038694 0.134259
0 1655 0.473700 0.555093 0.039299 0.137963
0 1657 0.459190 0.533333 0.048972 0.135185
0 1658 0.269347 0.746759 0.040508 0.160185
0 1659 0.102177 0.940278 0.049577 0.121296
0 1660 0.467654 0.434259 0.032044 0.148148
0 1661 0.501209 0.417593 0.037485 0.140741
0 1662 0.482164 0.641204 0.034462 0.160185
0 1667 0.443168 0.438426 0.032648 0.115741
0 1668 0.493954 0.481019 0.032648 0.117593
0 1670 0.243349 0.791204 0.053809 0.176852
0 1672 0.461306 0.950000 0.038694 0.101852
0 1673 0.405381 0.953704 0.041717 0.094444
0 1674 0.348851 0.970370 0.038694 0.059259
0 1675 0.577993 0.792130 0.035067 0.115741
0 1676 0.548972 0.763889 0.047158 0.168519
0 1677 0.957678 0.019907 0.027811 0.037963
0 1679 0.980653 0.023148 0.022975 0.044444
0 1680 0.986699 0.176852 0.024184 0.114815
0 1681 0.827086 0.200000 0.026602 0.090741
0 1682 0.930472 0.131481 0.037485 0.120370
0 1683 0.947400 0.149074 0.035067 0.118519
0 1684 0.983374 0.205093 0.030834 0.137963
0 1685 0.890266 0.207407 0.040508 0.135185
0 1686 0.939843 0.225463 0.041717 0.141667
0 1687 0.965840 0.240741 0.036880 0.129630
0 1688 0.902963 0.275000 0.036880 0.146296
0 1689 0.926542 0.283796 0.044135 0.149074
0 1690 0.854293 0.235185 0.036276 0.135185
0 1691 0.917170 0.307870 0.038694 0.137963
0 1694 0.865478 0.543056 0.048972 0.160185
0 1703 0.631197 0.043981 0.030230 0.086111
0 1704 0.612757 0.030556 0.032044 0.059259
0 1706 0.606711 0.068519 0.029625 0.112963
0 1707 0.594619 0.048611 0.032044 0.095370
0 1708 0.565296 0.050926 0.030230 0.100000
0 1709 0.590387 0.081019 0.024788 0.084259
0 1710 0.575574 0.073148 0.033857 0.111111
0 1711 0.565901 0.025000 0.030230 0.048148
0 1712 0.542926 0.028704 0.030230 0.055556
0 1715 0.688029 0.110648 0.041112 0.123148
0 1716 0.680774 0.170833 0.037485 0.115741
0 1717 0.684099 0.200463 0.033253 0.134259
0 1718 0.732164 0.150926 0.035067 0.135185
0 1719 0.463724 0.023148 0.024184 0.044444
0 1720 0.516022 0.037037 0.028416 0.072222
0 1725 0.520859 0.057407 0.029625 0.112963
0 1726 0.543531 0.071296 0.032648 0.118519
0 1727 0.591596 0.303704 0.046554 0.142593
0 1728 0.737304 0.224537 0.036880 0.132407
0 1729 0.029323 0.504167 0.057437 0.156481
0 1733 0.183192 0.039352 0.032648 0.076852
0 1736 0.263603 0.037500 0.032648 0.073148
0 1737 0.247279 0.045370 0.035067 0.088889
0 1738 0.214027 0.037037 0.032648 0.072222
0 1740 0.118198 0.032407 0.033253 0.062963
0 1741 0.163241 0.070370 0.038694 0.124074
0 1742 0.189238 0.062963 0.037485 0.118519
0 1743 0.234281 0.062963 0.039299 0.124074
0 1744 0.534462 0.159722 0.033857 0.126852
0 1745 0.315599 0.078241 0.032648 0.115741
0 1746 0.333132 0.091667 0.031439 0.124074
0 1747 0.393289 0.091667 0.029625 0.127778
0 1748 0.366989 0.084259 0.033857 0.124074
0 1749 0.292322 0.129167 0.036880 0.123148
0 1750 0.249698 0.136574 0.038694 0.119444
0 1751 0.527509 0.120370 0.032044 0.125926
0 1752 0.569226 0.162500 0.039299 0.121296
0 1753 0.584039 0.207407 0.037485 0.142593
0 1754 0.543229 0.209259 0.036880 0.135185
0 1755 0.313180 0.208796 0.030230 0.121296
0 1756 0.312273 0.178704 0.035671 0.131481
0 1757 0.206167 0.153704 0.035067 0.124074
0 1758 0.169891 0.138426 0.037485 0.117593
0 1759 0.203144 0.114352 0.035067 0.123148
0 1760 0.961004 0.209722 0.034462 0.134259
0 1761 0.620314 0.060185 0.035067 0.118519
