0 1168 0.528416 0.884259 0.042322 0.181481
0 1169 0.529625 0.918981 0.041112 0.158333
0 1173 0.765417 0.945370 0.050786 0.109259
0 1175 0.402963 0.578704 0.041717 0.146296
0 1176 0.398428 0.595833 0.042322 0.145370
0 1181 0.042926 0.923611 0.055623 0.154630
0 1188 0.714027 0.648148 0.042322 0.159259
0 1193 0.706469 0.683796 0.048972 0.171296
0 1194 0.725212 0.720833 0.044135 0.173148
0 1195 0.985187 0.940741 0.027207 0.120370
0 1196 0.941052 0.934259 0.051391 0.131481
0 1197 0.353083 0.303241 0.033857 0.134259
0 1198 0.286578 0.333796 0.037485 0.137963
0 1199 0.382406 0.309259 0.039299 0.135185
0 1200 0.412334 0.320833 0.036276 0.139815
0 1206 0.307134 0.350000 0.042322 0.148148
0 1208 0.641173 0.953704 0.059855 0.092593
0 1209 0.677146 0.954630 0.039903 0.092593
0 1210 0.625151 0.947685 0.042322 0.102778
0 1215 0.934704 0.956944 0.060459 0.087963
0 1216 0.989722 0.968519 0.018138 0.064815
0 1222 0.814087 0.765741 0.040508 0.155556
0 1223 0.888452 0.788889 0.051391 0.168519
0 1224 0.824063 0.720370 0.032648 0.112963
0 1225 0.858525 0.715741 0.038694 0.137037
0 1235 0.032044 0.299537 0.037485 0.134259
0 1237 0.053204 0.336574 0.041112 0.132407
0 1238 0.860339 0.247685 0.037485 0.132407
0 1239 0.891475 0.236574 0.034462 0.126852
0 1240 0.227932 0.287500 0.033857 0.121296
0 1241 0.110641 0.354630 0.048368 0.146296
0 1242 0.291717 0.289352 0.034462 0.123148
0 1243 0.565599 0.383333 0.039299 0.162963
0 1244 0.300181 0.239815 0.032044 0.125926
0 1245 0.373942 0.353704 0.045345 0.137037
0 1246 0.618803 0.295370 0.036880 0.131481
0 1247 0.649940 0.277315 0.044740 0.136111
0 1249 0.694075 0.271759 0.038694 0.134259
0 1250 0.775091 0.256944 0.035067 0.117593
0 1251 0.766626 0.274537 0.037485 0.128704
0 1252 0.790508 0.425000 0.044135 0.140741
0 1255 0.961004 0.438426 0.036880 0.143519
0 1257 0.943168 0.467130 0.037485 0.143519
0 1258 0.986699 0.473611 0.025393 0.149074
0 1259 0.932285 0.584259 0.043531 0.166667
0 1260 0.898126 0.586111 0.044135 0.164815
0 1261 0.804414 0.607870 0.032044 0.104630
0 1262 0.833132 0.581944 0.037485 0.137963
0 1263 0.853688 0.585185 0.030230 0.112963
0 1266 0.833434 0.659259 0.058646 0.153704
0 1267 0.982769 0.656481 0.033253 0.162963
0 1273 0.939238 0.701852 0.052600 0.162963
0 1274 0.932890 0.793056 0.049577 0.167593
0 1275 0.637243 0.570833 0.042322 0.154630
0 1276 0.662031 0.584259 0.039903 0.157407
0 1277 0.838573 0.467130 0.029021 0.128704
0 1278 0.818319 0.469907 0.039299 0.134259
0 1279 0.655985 0.640741 0.043531 0.157407
0 1280 0.625151 0.647685 0.037485 0.160185
0 1281 0.719468 0.571296 0.033857 0.114815
0 1282 0.734583 0.578241 0.035067 0.112037
0 1283 0.762092 0.567130 0.041717 0.154630
0 1284 0.847944 0.390741 0.035671 0.133333
0 1285 0.865175 0.381019 0.036276 0.123148
0 1286 0.806530 0.908796 0.053204 0.173148
0 1287 0.077993 0.551852 0.043531 0.153704
0 1288 0.120314 0.536574 0.044740 0.150926
0 1289 0.121826 0.668519 0.044135 0.168519
0 1290 0.074063 0.677778 0.051391 0.151852
0 1294 0.299274 0.961574 0.048368 0.076852
0 1295 0.005441 0.265741 0.009674 0.131481
0 1296 0.025998 0.274074 0.037485 0.120370
0 1299 0.066203 0.951389 0.056227 0.097222
0 1306 0.299577 0.677778 0.041717 0.168519
0 1307 0.344317 0.643056 0.044135 0.160185
0 1308 0.382406 0.672685 0.052600 0.150926
0 1314 0.454353 0.899074 0.032044 0.107407
0 1316 0.174728 0.411574 0.042322 0.132407
0 1317 0.428658 0.887963 0.045949 0.174074
0 1320 0.820133 0.409259 0.044135 0.140741
0 1321 0.253325 0.293981 0.036276 0.143519
0 1322 0.082830 0.352778 0.039903 0.129630
0 1323 0.180472 0.376852 0.046554 0.164815
0 1325 0.237606 0.612037 0.042322 0.157407
0 1326 0.235490 0.581481 0.036880 0.146296
0 1328 0.193470 0.608796 0.044740 0.145370
0 1329 0.207376 0.558796 0.041112 0.150926
0 1330 0.173519 0.574074 0.047158 0.157407
0 1342 0.354293 0.619907 0.039903 0.154630
0 1343 0.387848 0.261111 0.029625 0.129630
0 1344 0.409008 0.265278 0.034462 0.126852
0 1345 0.390568 0.623148 0.042322 0.148148
0 1365 0.715840 0.966667 0.049577 0.068519
0 1394 0.678356 0.982407 0.039903 0.037037
0 1412 0.716143 0.401852 0.041717 0.116667
0 1413 0.761790 0.405093 0.043531 0.134259
0 1444 0.275091 0.399074 0.044740 0.137037
0 1445 0.250302 0.412963 0.037485 0.140741
0 1490 0.675333 0.532407 0.033857 0.125926
0 1501 0.251511 0.985648 0.039903 0.030556
0 1502 0.467352 0.987500 0.039903 0.026852
0 1510 0.441052 0.921759 0.051391 0.158333
0 1522 0.337062 0.949074 0.044135 0.103704
0 1531 0.537183 0.608333 0.044135 0.157407
0 1532 0.410520 0.981481 0.036276 0.038889
0 1549 0.324667 0.802315 0.051995 0.156481
0 1555 0.608525 0.544907 0.039299 0.134259
0 1556 0.584039 0.562963 0.032648 0.109259
0 1557 0.542322 0.637963 0.042322 0.153704
0 1565 0.389661 0.940741 0.053809 0.120370
0 1567 0.353386 0.504630 0.038089 0.135185
0 1570 0.311064 0.460648 0.036880 0.149074
0 1572 0.255744 0.683796 0.044740 0.165741
0 1573 0.477025 0.449074 0.027811 0.120370
0 1592 0.365780 0.735648 0.037485 0.150926
0 1593 0.380895 0.793981 0.047158 0.162037
0 1594 0.396010 0.767130 0.047158 0.173148
0 1595 0.353083 0.755556 0.043531 0.170370
0 1650 0.461911 0.763889 0.044740 0.148148
0 1653 0.675333 0.731944 0.048368 0.145370
0 1654 0.387243 0.475000 0.036880 0.112963
0 1655 0.464329 0.561574 0.038694 0.139815
0 1657 0.457678 0.535648 0.048368 0.137963
0 1658 0.275091 0.829167 0.042322 0.160185
0 1659 0.029927 0.978704 0.034462 0.044444
0 1660 0.468863 0.436111 0.032044 0.148148
0 1661 0.498791 0.421759 0.037485 0.145370
0 1662 0.489722 0.651389 0.038694 0.160185
0 1667 0.441052 0.445833 0.032044 0.115741
0 1668 0.491536 0.481944 0.032648 0.117593
0 1670 0.196191 0.905556 0.053809 0.187037
0 1672 0.561064 0.985185 0.029021 0.031481
0 1673 0.500605 0.958333 0.039903 0.085185
0 1674 0.440447 0.960185 0.039299 0.081481
0 1675 0.581620 0.696296 0.032648 0.107407
0 1676 0.581016 0.638889 0.039903 0.140741
0 1677 0.944377 0.041667 0.045949 0.081481
0 1678 0.929262 0.025000 0.032648 0.048148
0 1679 0.970979 0.050926 0.027811 0.094444
0 1680 0.987908 0.224074 0.022975 0.114815
0 1681 0.898428 0.239815 0.027811 0.092593
0 1682 0.906590 0.186111 0.038089 0.118519
0 1683 0.897219 0.204630 0.036276 0.118519
0 1684 0.983071 0.267130 0.032648 0.145370
0 1685 0.880290 0.292593 0.042322 0.140741
0 1686 0.935913 0.291204 0.042322 0.143519
0 1687 0.965538 0.297222 0.037485 0.135185
0 1688 0.901753 0.366667 0.041717 0.146296
0 1689 0.935006 0.374537 0.044135 0.150926
0 1690 0.814994 0.303241 0.037485 0.143519
0 1691 0.896614 0.393981 0.044740 0.137963
0 1694 0.873035 0.627778 0.051995 0.159259
0 1695 0.698307 0.026852 0.029021 0.051852
0 1696 0.743349 0.036574 0.029625 0.071296
0 1697 0.764813 0.040278 0.032648 0.078704
0 1699 0.672007 0.026389 0.027207 0.050926
0 1700 0.639661 0.029630 0.032648 0.057407
0 1701 0.605200 0.025000 0.035067 0.048148
0 1702 0.570435 0.020833 0.032044 0.039815
0 1703 0.638452 0.048611 0.030230 0.095370
0 1704 0.612455 0.053241 0.033857 0.102778
0 1705 0.586759 0.046759 0.030834 0.091667
0 1706 0.628779 0.105093 0.029021 0.115741
0 1707 0.591898 0.082407 0.036276 0.129630
0 1708 0.566808 0.096296 0.027207 0.114815
0 1709 0.607920 0.118519 0.027207 0.087037
0 1710 0.593712 0.116204 0.033857 0.113889
0 1711 0.564087 0.048148 0.029021 0.094444
0 1712 0.534764 0.056019 0.029625 0.100926
0 1715 0.687424 0.159722 0.039903 0.123148
0 1716 0.674426 0.216667 0.036880 0.114815
0 1717 0.678960 0.248148 0.036276 0.135185
0 1718 0.743652 0.202315 0.038694 0.137963
0 1719 0.460097 0.037963 0.032648 0.074074
0 1720 0.509976 0.068056 0.029625 0.119444
0 1721 0.399637 0.021759 0.027811 0.041667
0 1723 0.433797 0.035185 0.027207 0.068519
0 1724 0.369407 0.038426 0.037485 0.075000
0 1725 0.483374 0.079167 0.033253 0.128704
0 1726 0.507860 0.097685 0.031439 0.123148
0 1727 0.620919 0.387037 0.049577 0.137037
0 1728 0.738210 0.278241 0.037485 0.134259
0 1729 0.155381 0.456481 0.049577 0.140741
0 1730 0.053204 0.492130 0.049577 0.150926
0 1731 0.064692 0.036111 0.033857 0.070370
0 1732 0.049274 0.020833 0.029625 0.039815
0 1733 0.166868 0.051389 0.035067 0.100926
0 1734 0.209794 0.033796 0.030230 0.065741
0 1735 0.232164 0.037963 0.032648 0.074074
0 1736 0.266626 0.040741 0.032648 0.079630
0 1737 0.256953 0.055556 0.035067 0.109259
0 1738 0.199516 0.051852 0.032648 0.101852
0 1739 0.125453 0.023148 0.029625 0.044444
0 1740 0.132406 0.058333 0.035067 0.114815
0 1741 0.234885 0.089815 0.036880 0.124074
0 1742 0.270254 0.082870 0.037485 0.121296
0 1743 0.324667 0.076852 0.035067 0.125926
0 1744 0.452842 0.214815 0.033857 0.125926
0 1745 0.259371 0.113889 0.032648 0.118519
0 1746 0.278718 0.122685 0.032648 0.126852
0 1747 0.355200 0.138889 0.034462 0.129630
0 1748 0.325272 0.131944 0.037485 0.128704
0 1749 0.342201 0.168519 0.037485 0.124074
0 1750 0.293229 0.181481 0.037485 0.120370
0 1751 0.461306 0.173611 0.032648 0.128704
0 1752 0.519649 0.230556 0.039299 0.124074
0 1753 0.537787 0.278241 0.036880 0.149074
0 1754 0.507255 0.276389 0.037485 0.136111
0 1755 0.259976 0.255093 0.030230 0.121296
0 1756 0.244861 0.227315 0.035067 0.132407
0 1757 0.167473 0.199537 0.038694 0.123148
0 1758 0.149335 0.183796 0.037485 0.119444
0 1759 0.172310 0.161574 0.038694 0.123148
0 1760 0.956469 0.263889 0.038694 0.135185
0 1761 0.643894 0.090278 0.036276 0.149074
