0 1168 0.509069 0.874537 0.041112 0.176852
0 1169 0.508464 0.909259 0.041112 0.162963
0 1173 0.756348 0.933796 0.050786 0.134259
0 1175 0.405079 0.583333 0.042322 0.146296
0 1176 0.386941 0.596296 0.042322 0.146296
0 1181 0.052600 0.892130 0.055623 0.163889
0 1188 0.714329 0.636574 0.041717 0.160185
0 1193 0.703446 0.674074 0.048972 0.170370
0 1194 0.729141 0.704630 0.044740 0.168519
0 1195 0.973398 0.928241 0.048368 0.143519
0 1196 0.925937 0.931481 0.051391 0.137037
0 1197 0.358222 0.301389 0.034462 0.134259
0 1198 0.284764 0.340278 0.037485 0.137963
0 1199 0.392382 0.307407 0.039903 0.135185
0 1200 0.412938 0.324537 0.036276 0.139815
0 1202 0.295949 0.982407 0.029625 0.035185
0 1206 0.307437 0.349074 0.041717 0.146296
0 1208 0.642080 0.950463 0.061669 0.100926
0 1209 0.677146 0.956019 0.039903 0.089815
0 1210 0.628174 0.943519 0.037485 0.109259
0 1215 0.929262 0.949537 0.061669 0.102778
0 1216 0.992443 0.956944 0.013906 0.086111
0 1222 0.822854 0.749074 0.036276 0.153704
0 1223 0.889057 0.767593 0.051391 0.161111
0 1224 0.829504 0.704630 0.032648 0.112963
0 1225 0.859432 0.700463 0.039299 0.137963
0 1235 0.046554 0.286111 0.037485 0.135185
0 1237 0.071644 0.322222 0.041717 0.131481
0 1238 0.838573 0.233796 0.037485 0.132407
0 1239 0.866989 0.227778 0.032648 0.125926
0 1240 0.242443 0.281019 0.033857 0.121296
0 1241 0.129383 0.343981 0.041112 0.147222
0 1242 0.305018 0.281944 0.034462 0.123148
0 1243 0.559553 0.362500 0.039299 0.160185
0 1244 0.321040 0.234722 0.033857 0.126852
0 1245 0.406288 0.348148 0.041112 0.137037
0 1246 0.614268 0.283333 0.037485 0.131481
0 1247 0.644800 0.267130 0.041717 0.132407
0 1249 0.692866 0.266204 0.039903 0.134259
0 1250 0.770859 0.244907 0.035067 0.117593
0 1251 0.765719 0.264352 0.036880 0.130556
0 1252 0.794135 0.415278 0.044135 0.143519
0 1255 0.956469 0.419907 0.036276 0.139815
0 1256 0.988210 0.385648 0.023579 0.126852
0 1257 0.942866 0.447685 0.036880 0.143519
0 1258 0.982769 0.464352 0.034462 0.150926
0 1259 0.931681 0.561111 0.042322 0.161111
0 1260 0.892987 0.562963 0.043531 0.159259
0 1261 0.801693 0.579167 0.030230 0.104630
0 1262 0.830713 0.553704 0.037485 0.138889
0 1263 0.851270 0.558333 0.030230 0.112963
0 1266 0.841294 0.636574 0.058646 0.149074
0 1267 0.977025 0.633796 0.041112 0.165741
0 1268 0.987304 0.618519 0.024184 0.137037
0 1273 0.935913 0.681944 0.048368 0.160185
0 1274 0.934401 0.769444 0.048972 0.161111
0 1275 0.636638 0.553241 0.042322 0.154630
0 1276 0.664450 0.564815 0.039903 0.157407
0 1277 0.831620 0.454167 0.029625 0.126852
0 1278 0.810762 0.455556 0.039903 0.135185
0 1279 0.665961 0.618981 0.044135 0.156481
0 1280 0.636941 0.621759 0.039299 0.156481
0 1281 0.711911 0.550926 0.032044 0.114815
0 1282 0.727328 0.559722 0.035067 0.112037
0 1283 0.759069 0.543981 0.041717 0.154630
0 1284 0.849758 0.391204 0.036880 0.132407
0 1285 0.865175 0.384259 0.036276 0.124074
0 1286 0.808646 0.878241 0.057437 0.175000
0 1287 0.087969 0.534259 0.044135 0.153704
0 1288 0.128174 0.516667 0.045949 0.148148
0 1289 0.121221 0.639352 0.051391 0.169444
0 1290 0.069528 0.658796 0.049577 0.156481
0 1294 0.300484 0.939352 0.049577 0.119444
0 1295 0.013603 0.252315 0.025998 0.125000
0 1296 0.039299 0.265278 0.037485 0.121296
0 1299 0.076784 0.931019 0.056832 0.139815
0 1306 0.299879 0.682407 0.042322 0.168519
0 1307 0.345224 0.643981 0.044740 0.160185
0 1308 0.384522 0.672685 0.047158 0.150926
0 1314 0.431681 0.889815 0.030230 0.107407
0 1316 0.204051 0.406944 0.041717 0.132407
0 1317 0.414450 0.882407 0.046554 0.174074
0 1320 0.819226 0.398148 0.044740 0.140741
0 1321 0.267231 0.287500 0.037485 0.143519
0 1322 0.100967 0.342593 0.039903 0.135185
0 1323 0.213724 0.370833 0.048972 0.165741
0 1325 0.237001 0.612963 0.042322 0.157407
0 1326 0.235490 0.586111 0.036880 0.146296
0 1328 0.193470 0.611111 0.044740 0.146296
0 1329 0.207981 0.562037 0.042322 0.151852
0 1330 0.175030 0.576389 0.046554 0.156481
0 1342 0.367896 0.624537 0.039299 0.154630
0 1343 0.387545 0.263889 0.032648 0.129630
0 1344 0.408706 0.266204 0.035067 0.126852
0 1345 0.406892 0.624074 0.042322 0.148148
0 1365 0.717352 0.967593 0.048972 0.066667
0 1394 0.678960 0.982870 0.039903 0.036111
0 1412 0.715236 0.402778 0.041112 0.118519
0 1413 0.763603 0.406019 0.041112 0.137963
0 1444 0.275695 0.403241 0.044740 0.137963
0 1445 0.252116 0.414815 0.037485 0.140741
0 1490 0.638150 0.521759 0.035671 0.126852
0 1501 0.250302 0.985648 0.038694 0.030556
0 1502 0.468561 0.989352 0.039903 0.023148
0 1510 0.450726 0.922222 0.051391 0.157407
0 1522 0.337364 0.946296 0.043531 0.109259
0 1531 0.536276 0.610185 0.044740 0.157407
0 1532 0.417170 0.977315 0.039903 0.047222
0 1549 0.323458 0.802315 0.050786 0.163889
0 1555 0.586155 0.541204 0.039299 0.132407
0 1556 0.558343 0.554167 0.029625 0.108333
0 1557 0.545042 0.642130 0.041717 0.149074
0 1565 0.400544 0.936111 0.053809 0.129630
0 1567 0.353688 0.506481 0.037485 0.135185
0 1570 0.318017 0.457407 0.032648 0.153704
0 1572 0.256348 0.664352 0.044740 0.165741
0 1573 0.477025 0.452778 0.027811 0.120370
0 1592 0.367594 0.742130 0.037485 0.150926
0 1593 0.380895 0.796759 0.047158 0.165741
0 1594 0.402358 0.767130 0.042926 0.173148
0 1595 0.357316 0.761111 0.039903 0.170370
0 1650 0.461911 0.767130 0.044740 0.149074
0 1653 0.675030 0.735185 0.048972 0.148148
0 1654 0.387545 0.474537 0.033857 0.110185
0 1655 0.463422 0.563426 0.039299 0.137963
0 1657 0.457678 0.537500 0.048368 0.136111
0 1658 0.279625 0.810648 0.042926 0.160185
0 1659 0.051693 0.970833 0.038089 0.060185
0 1660 0.468863 0.437037 0.032044 0.148148
0 1661 0.498791 0.421759 0.036276 0.141667
0 1662 0.484583 0.656019 0.038089 0.160185
0 1667 0.441657 0.445833 0.032044 0.115741
0 1668 0.491536 0.485648 0.032648 0.117593
0 1670 0.217352 0.872222 0.053809 0.187037
0 1672 0.526904 0.972685 0.039299 0.056481
0 1673 0.468259 0.952778 0.041717 0.094444
0 1674 0.406892 0.961574 0.039903 0.076852
0 1675 0.584643 0.726389 0.032648 0.110185
0 1676 0.567110 0.682407 0.038694 0.157407
0 1677 0.948609 0.035185 0.041112 0.068519
0 1679 0.973700 0.042593 0.027207 0.083333
0 1680 0.986699 0.211111 0.024184 0.114815
0 1681 0.869407 0.231944 0.026602 0.093519
0 1682 0.914450 0.169907 0.038089 0.117593
0 1683 0.909311 0.193981 0.039903 0.117593
0 1684 0.982467 0.246296 0.033857 0.137037
0 1685 0.874244 0.273611 0.039903 0.139815
0 1686 0.937122 0.273611 0.042322 0.143519
0 1687 0.961911 0.281019 0.037485 0.130556
0 1688 0.905985 0.343519 0.041717 0.146296
0 1689 0.937727 0.350463 0.044740 0.150926
0 1690 0.824667 0.283333 0.037485 0.138889
0 1691 0.909613 0.369907 0.040508 0.137963
0 1694 0.867896 0.606481 0.051391 0.159259
0 1695 0.698912 0.022685 0.027811 0.043519
0 1696 0.758464 0.031481 0.029625 0.061111
0 1697 0.782346 0.032407 0.032648 0.062963
0 1699 0.674426 0.019907 0.027207 0.037963
0 1700 0.640266 0.023148 0.032648 0.044444
0 1703 0.634825 0.048148 0.030230 0.094444
0 1704 0.606711 0.048148 0.032044 0.094444
0 1705 0.588271 0.041667 0.030230 0.081481
0 1706 0.621221 0.092130 0.029625 0.115741
0 1707 0.591898 0.070370 0.036276 0.125926
0 1708 0.565296 0.086111 0.027811 0.114815
0 1709 0.602479 0.107407 0.027207 0.085185
0 1710 0.588271 0.103241 0.033857 0.112037
0 1711 0.564692 0.043056 0.030230 0.084259
0 1712 0.536880 0.047222 0.030230 0.092593
0 1715 0.692563 0.146759 0.040508 0.123148
0 1716 0.677146 0.208333 0.037485 0.114815
0 1717 0.680774 0.235648 0.032648 0.134259
0 1718 0.746070 0.187500 0.037485 0.137963
0 1719 0.463724 0.034722 0.032648 0.067593
0 1720 0.513301 0.061111 0.030230 0.118519
0 1723 0.436518 0.033333 0.027811 0.064815
0 1724 0.377872 0.031019 0.031439 0.060185
0 1725 0.496675 0.071759 0.036880 0.125000
0 1726 0.521463 0.088889 0.032044 0.120370
0 1727 0.615175 0.370833 0.048972 0.149074
0 1728 0.736397 0.266204 0.037485 0.134259
0 1729 0.116082 0.468519 0.051995 0.140741
0 1730 0.025998 0.509259 0.050786 0.151852
0 1731 0.058041 0.028241 0.030230 0.054630
0 1733 0.171403 0.050463 0.032044 0.099074
0 1734 0.210399 0.031944 0.030230 0.062037
0 1735 0.233676 0.033333 0.032044 0.064815
0 1736 0.265417 0.041204 0.032648 0.080556
0 1737 0.255139 0.055093 0.035067 0.108333
0 1738 0.201330 0.049537 0.032648 0.097222
0 1739 0.126058 0.018519 0.029625 0.035185
0 1740 0.124849 0.055093 0.034462 0.108333
0 1741 0.210399 0.089815 0.050786 0.124074
0 1742 0.247279 0.081019 0.033857 0.121296
0 1743 0.301391 0.079630 0.034462 0.125926
0 1744 0.484281 0.206019 0.033857 0.128704
0 1745 0.279323 0.110185 0.032648 0.118519
0 1746 0.298065 0.117130 0.032648 0.126852
0 1747 0.363966 0.129630 0.035067 0.129630
0 1748 0.337364 0.120833 0.035067 0.128704
0 1749 0.327388 0.160185 0.034462 0.124074
0 1750 0.282648 0.169907 0.034462 0.121296
0 1751 0.480048 0.164352 0.032648 0.128704
0 1752 0.534160 0.210648 0.039299 0.117593
0 1753 0.556227 0.256481 0.037485 0.146296
0 1754 0.519347 0.265741 0.036276 0.140741
0 1755 0.275695 0.247685 0.030230 0.121296
0 1756 0.264208 0.217130 0.035067 0.132407
0 1757 0.179867 0.186111 0.035671 0.124074
0 1758 0.155683 0.175463 0.036880 0.123148
0 1759 0.179565 0.148611 0.035067 0.123148
0 1760 0.958888 0.249074 0.038694 0.135185
0 1761 0.636638 0.079630 0.036276 0.144444
