0 1168 0.435308 0.831019 0.038694 0.176852
0 1169 0.430472 0.868519 0.041112 0.162963
0 1173 0.692261 0.893981 0.050786 0.176852
0 1175 0.392684 0.578704 0.045345 0.144444
0 1176 0.362152 0.587037 0.042322 0.146296
0 1181 0.048065 0.792130 0.051391 0.162037
0 1184 0.068622 0.964352 0.056227 0.071296
0 1185 0.130290 0.964815 0.053809 0.068519
0 1188 0.722491 0.579167 0.042322 0.167593
0 1193 0.678658 0.609259 0.046554 0.170370
0 1194 0.718561 0.654167 0.044135 0.167593
0 1195 0.905381 0.868519 0.044135 0.166667
0 1196 0.879686 0.906019 0.060459 0.150926
0 1197 0.354897 0.293056 0.037485 0.134259
0 1198 0.293833 0.322685 0.037485 0.132407
0 1199 0.402963 0.297222 0.039299 0.140741
0 1200 0.393591 0.317593 0.036276 0.140741
0 1201 0.297158 0.945370 0.045345 0.109259
0 1202 0.270254 0.892593 0.054414 0.150000
0 1203 0.311669 0.917130 0.046554 0.150926
0 1205 0.315296 0.956019 0.044135 0.087963
0 1206 0.318017 0.334722 0.043531 0.145370
0 1208 0.643591 0.961574 0.053809 0.078704
0 1209 0.681681 0.950926 0.044135 0.098148
0 1210 0.631197 0.944444 0.036276 0.112963
0 1214 0.983071 0.935185 0.032648 0.131481
0 1215 0.952539 0.907870 0.056227 0.167593
0 1216 0.992443 0.885648 0.012696 0.087963
0 1222 0.825272 0.668519 0.037485 0.153704
0 1223 0.888150 0.696296 0.047158 0.168519
0 1224 0.831620 0.619907 0.032044 0.112037
0 1225 0.869407 0.625000 0.036276 0.122222
0 1235 0.094015 0.234722 0.036880 0.128704
0 1236 0.008767 0.371759 0.016324 0.163889
0 1237 0.128779 0.265741 0.041112 0.129630
0 1238 0.779625 0.188426 0.034462 0.128704
0 1239 0.801693 0.178704 0.030230 0.120370
0 1240 0.291415 0.233796 0.033857 0.123148
0 1241 0.205865 0.302778 0.044135 0.142593
0 1242 0.347944 0.241667 0.034462 0.131481
0 1243 0.547158 0.277778 0.037485 0.148148
0 1244 0.379686 0.205093 0.032648 0.128704
0 1245 0.478839 0.294444 0.049577 0.137037
0 1246 0.597944 0.225463 0.037485 0.132407
0 1247 0.632406 0.214815 0.047158 0.131481
0 1249 0.675635 0.218056 0.045345 0.132407
0 1250 0.752721 0.176389 0.033857 0.112037
0 1251 0.761790 0.208333 0.035067 0.129630
0 1252 0.785671 0.354167 0.044135 0.132407
0 1253 0.962515 0.446296 0.035067 0.112963
0 1254 0.984885 0.434722 0.027811 0.128704
0 1255 0.945284 0.339815 0.036880 0.129630
0 1256 0.983676 0.316204 0.032648 0.121296
0 1257 0.930774 0.381944 0.039299 0.139815
0 1258 0.974909 0.393056 0.038089 0.143519
0 1259 0.932588 0.472222 0.044135 0.153704
0 1260 0.896614 0.475000 0.044740 0.157407
0 1261 0.796856 0.476852 0.030230 0.101852
0 1262 0.821342 0.456019 0.036880 0.143519
0 1263 0.841596 0.466204 0.030230 0.110185
0 1266 0.882709 0.549537 0.054414 0.143519
0 1267 0.954958 0.538889 0.041717 0.162963
0 1268 0.977328 0.529167 0.039299 0.149074
0 1273 0.925030 0.605093 0.043531 0.156481
0 1274 0.928356 0.684259 0.046554 0.157407
0 1275 0.630593 0.464815 0.041112 0.146296
0 1276 0.658404 0.475926 0.039903 0.157407
0 1277 0.816505 0.401389 0.029625 0.126852
0 1278 0.795949 0.397685 0.038089 0.132407
0 1279 0.676542 0.528241 0.044740 0.156481
0 1280 0.646614 0.531481 0.039299 0.157407
0 1281 0.692261 0.481944 0.032648 0.115741
0 1282 0.711608 0.486111 0.032648 0.112963
0 1283 0.746675 0.473611 0.043531 0.145370
0 1284 0.854897 0.387037 0.037485 0.131481
0 1285 0.866989 0.373148 0.036276 0.124074
0 1286 0.804716 0.756019 0.050786 0.167593
0 1287 0.108222 0.457870 0.042322 0.150926
0 1288 0.141778 0.443056 0.045345 0.149074
0 1289 0.116385 0.544444 0.044135 0.159259
0 1290 0.072249 0.557870 0.046554 0.150926
0 1292 0.012696 0.742593 0.024184 0.185185
0 1293 0.033253 0.782407 0.035067 0.133333
0 1294 0.279323 0.819907 0.049577 0.169444
0 1295 0.051088 0.212037 0.036880 0.124074
0 1296 0.069226 0.230093 0.034462 0.115741
0 1299 0.104293 0.812963 0.053809 0.179630
0 1306 0.301088 0.671296 0.042322 0.168519
0 1307 0.349758 0.637500 0.048972 0.160185
0 1308 0.373640 0.672685 0.037485 0.143519
0 1311 0.872430 0.827315 0.059250 0.149074
0 1312 0.886034 0.794907 0.044135 0.171296
0 1313 0.919589 0.780556 0.041112 0.146296
0 1314 0.376663 0.862500 0.027811 0.106481
0 1316 0.307134 0.383333 0.042322 0.124074
0 1317 0.370012 0.856481 0.045949 0.168519
0 1320 0.808343 0.336111 0.037485 0.140741
0 1321 0.316203 0.240741 0.036276 0.140741
0 1322 0.181378 0.297222 0.033857 0.125926
0 1323 0.335550 0.350926 0.047158 0.161111
0 1325 0.235187 0.606481 0.042322 0.153704
0 1326 0.240326 0.575000 0.036880 0.146296
0 1328 0.194377 0.608333 0.044135 0.146296
0 1329 0.208888 0.553704 0.041717 0.151852
0 1330 0.175937 0.568056 0.045949 0.154630
0 1342 0.422007 0.618056 0.041112 0.154630
0 1343 0.391173 0.252315 0.030230 0.128704
0 1344 0.411729 0.258333 0.032648 0.125926
0 1345 0.461911 0.602315 0.039903 0.160185
0 1365 0.721886 0.967593 0.048368 0.066667
0 1389 0.923216 0.962037 0.049577 0.075926
0 1394 0.678960 0.977778 0.038694 0.046296
0 1412 0.717956 0.395370 0.041717 0.118519
0 1413 0.761487 0.400463 0.041717 0.137963
0 1444 0.276602 0.393981 0.044135 0.137963
0 1445 0.253325 0.410185 0.035067 0.140741
0 1490 0.559855 0.511574 0.032648 0.126852
0 1501 0.252721 0.981019 0.038694 0.039815
0 1502 0.469166 0.985648 0.038694 0.030556
0 1510 0.492443 0.896296 0.051391 0.190741
0 1522 0.373942 0.925000 0.044135 0.150000
0 1531 0.536276 0.600000 0.044740 0.157407
0 1532 0.451632 0.960185 0.047158 0.081481
0 1549 0.323458 0.793056 0.050786 0.173148
0 1555 0.556227 0.533333 0.037485 0.131481
0 1556 0.523579 0.527315 0.029021 0.106481
0 1557 0.547158 0.633796 0.042322 0.149074
0 1565 0.435611 0.917130 0.053809 0.165741
0 1567 0.357920 0.499074 0.037485 0.135185
0 1570 0.340689 0.431019 0.039299 0.150926
0 1572 0.285973 0.592130 0.039903 0.171296
0 1573 0.480351 0.445370 0.027207 0.120370
0 1592 0.371221 0.726389 0.037485 0.150926
0 1593 0.381802 0.792130 0.046554 0.165741
0 1594 0.409915 0.754167 0.042322 0.165741
0 1595 0.357316 0.750000 0.038694 0.179630
0 1650 0.463120 0.758333 0.043531 0.157407
0 1653 0.680472 0.727778 0.051391 0.146296
0 1654 0.351572 0.456481 0.040508 0.135185
0 1655 0.474909 0.552315 0.039299 0.137963
0 1657 0.459190 0.530556 0.048972 0.135185
0 1658 0.265417 0.722685 0.039903 0.160185
0 1659 0.119105 0.927315 0.051995 0.145370
0 1660 0.467352 0.430556 0.032648 0.148148
0 1661 0.501511 0.413889 0.036880 0.140741
0 1662 0.483071 0.638426 0.035067 0.160185
0 1667 0.442563 0.436574 0.032648 0.115741
0 1668 0.493954 0.477778 0.032648 0.118519
0 1670 0.255139 0.766204 0.051995 0.169444
0 1672 0.436820 0.946759 0.036880 0.108333
0 1673 0.378174 0.955093 0.041717 0.091667
0 1674 0.333434 0.976389 0.035671 0.047222
0 1675 0.576784 0.821759 0.037485 0.115741
0 1676 0.545345 0.798148 0.047158 0.175926
0 1680 0.988210 0.160185 0.022370 0.114815
0 1681 0.811669 0.185648 0.027207 0.089815
0 1682 0.931681 0.112037 0.037485 0.124074
0 1683 0.958283 0.130093 0.033857 0.117593
0 1684 0.983374 0.185185 0.030834 0.135185
0 1685 0.900544 0.179630 0.039299 0.129630
0 1686 0.942563 0.207407 0.041112 0.140741
0 1687 0.969468 0.224074 0.036880 0.129630
0 1688 0.903869 0.250000 0.036276 0.146296
0 1689 0.925937 0.257870 0.044135 0.147222
0 1690 0.868803 0.211111 0.036276 0.135185
0 1691 0.911729 0.279167 0.038694 0.137963
0 1694 0.865780 0.516204 0.050786 0.152778
0 1703 0.629383 0.042593 0.030230 0.083333
0 1706 0.603688 0.058796 0.029625 0.110185
0 1707 0.594015 0.040278 0.032044 0.078704
0 1708 0.565296 0.043519 0.030230 0.085185
0 1709 0.587062 0.068981 0.025393 0.084259
0 1710 0.572854 0.062963 0.034462 0.109259
0 1715 0.685611 0.096296 0.041112 0.124074
0 1716 0.680169 0.155093 0.037485 0.115741
0 1717 0.681378 0.185185 0.035067 0.131481
0 1718 0.724607 0.133333 0.034462 0.135185
0 1719 0.462515 0.014352 0.024184 0.026852
0 1720 0.518742 0.030093 0.027811 0.058333
0 1725 0.532346 0.053704 0.029625 0.105556
0 1726 0.551088 0.070833 0.033253 0.117593
0 1727 0.582225 0.279630 0.047158 0.138889
0 1728 0.738815 0.210648 0.037485 0.132407
0 1729 0.013603 0.515278 0.025998 0.150926
0 1733 0.189843 0.034722 0.032648 0.067593
0 1736 0.260278 0.035185 0.032044 0.068519
0 1737 0.237908 0.041667 0.034462 0.081481
0 1738 0.222491 0.030556 0.032648 0.059259
0 1740 0.117896 0.026852 0.025393 0.051852
0 1741 0.144498 0.061574 0.032648 0.121296
0 1742 0.168682 0.056944 0.037485 0.112037
0 1743 0.215538 0.057407 0.036880 0.112963
0 1744 0.552297 0.138426 0.034462 0.126852
0 1745 0.327690 0.065278 0.032648 0.115741
0 1746 0.348851 0.079630 0.031439 0.124074
0 1747 0.402963 0.074537 0.033253 0.126852
0 1748 0.379988 0.068056 0.034462 0.121296
0 1749 0.279625 0.115278 0.034462 0.121296
0 1750 0.237606 0.124537 0.037485 0.117593
0 1751 0.545345 0.107407 0.031439 0.124074
0 1752 0.588271 0.140278 0.033857 0.121296
0 1753 0.592805 0.185648 0.036880 0.143519
0 1754 0.549879 0.187037 0.036880 0.135185
0 1755 0.328900 0.196759 0.030230 0.121296
0 1756 0.331923 0.164815 0.037485 0.131481
0 1757 0.220375 0.139815 0.038089 0.122222
0 1758 0.174728 0.118981 0.036276 0.115741
0 1759 0.215840 0.099074 0.033857 0.118519
0 1760 0.961004 0.192130 0.034462 0.134259
0 1761 0.617896 0.056944 0.035067 0.112037
