0 1168 0.465840 0.844907 0.039299 0.176852
0 1169 0.461004 0.885185 0.039299 0.162963
0 1173 0.714933 0.914815 0.051391 0.170370
0 1175 0.401451 0.581481 0.042322 0.146296
0 1176 0.369407 0.589815 0.042322 0.146296
0 1181 0.051391 0.831944 0.054414 0.160185
0 1188 0.714631 0.601389 0.042322 0.160185
0 1193 0.683192 0.640741 0.048368 0.170370
0 1194 0.723700 0.681481 0.043531 0.170370
0 1195 0.932285 0.898611 0.043531 0.171296
0 1196 0.900544 0.918056 0.055018 0.150926
0 1197 0.355502 0.297685 0.036276 0.134259
0 1198 0.288996 0.331944 0.037485 0.132407
0 1199 0.399033 0.303704 0.038694 0.140741
0 1200 0.397823 0.319444 0.036276 0.140741
0 1201 0.292624 0.973148 0.038694 0.053704
0 1202 0.301693 0.935185 0.042322 0.124074
0 1203 0.329504 0.952315 0.048368 0.095370
0 1205 0.314692 0.985648 0.029625 0.030556
0 1206 0.319831 0.340741 0.042322 0.146296
0 1208 0.640871 0.961574 0.060459 0.078704
0 1209 0.680774 0.954167 0.042322 0.093519
0 1210 0.630290 0.945370 0.036880 0.111111
0 1214 0.981258 0.956944 0.035067 0.087963
0 1215 0.946493 0.930556 0.058646 0.138889
0 1216 0.993652 0.922685 0.010278 0.087963
0 1222 0.830109 0.705556 0.035067 0.153704
0 1223 0.886638 0.729167 0.051391 0.169444
0 1224 0.831016 0.655556 0.032044 0.112963
0 1225 0.865175 0.662500 0.036276 0.134259
0 1235 0.072551 0.257407 0.037485 0.129630
0 1237 0.103386 0.288889 0.042322 0.129630
0 1238 0.800786 0.206019 0.039299 0.128704
0 1239 0.824365 0.201852 0.033253 0.125926
0 1240 0.271463 0.254167 0.030230 0.123148
0 1241 0.174728 0.319907 0.048368 0.143519
0 1242 0.331923 0.260185 0.033857 0.131481
0 1243 0.550786 0.314815 0.037485 0.157407
0 1244 0.357618 0.218981 0.032044 0.128704
0 1245 0.456469 0.323611 0.039903 0.137963
0 1246 0.605200 0.251852 0.037485 0.131481
0 1247 0.638452 0.237963 0.042322 0.135185
0 1249 0.682890 0.240278 0.045345 0.134259
0 1250 0.759674 0.204167 0.034462 0.113889
0 1251 0.762696 0.232407 0.036880 0.129630
0 1252 0.794740 0.381944 0.044135 0.136111
0 1253 0.976723 0.479630 0.034462 0.112963
0 1255 0.946493 0.373148 0.036880 0.129630
0 1256 0.983071 0.345370 0.032648 0.125926
0 1257 0.938029 0.412500 0.036880 0.143519
0 1258 0.979444 0.420833 0.037485 0.143519
0 1259 0.928053 0.510648 0.042322 0.158333
0 1260 0.896614 0.512037 0.044740 0.157407
0 1261 0.798972 0.515278 0.029625 0.104630
0 1262 0.825574 0.496759 0.036880 0.143519
0 1263 0.845224 0.502778 0.030230 0.111111
0 1266 0.862757 0.584722 0.056832 0.143519
0 1267 0.961608 0.579630 0.041717 0.164815
0 1268 0.983374 0.572222 0.032044 0.148148
0 1273 0.930472 0.637500 0.045949 0.158333
0 1274 0.929867 0.720833 0.048368 0.156481
0 1275 0.633918 0.505556 0.041717 0.151852
0 1276 0.662031 0.521296 0.039903 0.157407
0 1277 0.821947 0.427315 0.029625 0.126852
0 1278 0.800786 0.424537 0.039299 0.132407
0 1279 0.675635 0.567130 0.044135 0.156481
0 1280 0.641778 0.573611 0.039299 0.160185
0 1281 0.698912 0.513426 0.032648 0.115741
0 1282 0.717352 0.516667 0.032044 0.112963
0 1283 0.753325 0.512500 0.042322 0.154630
0 1284 0.853083 0.389815 0.037485 0.131481
0 1285 0.866082 0.377778 0.036880 0.124074
0 1286 0.811366 0.807870 0.056832 0.171296
0 1287 0.107618 0.491204 0.042322 0.154630
0 1288 0.139057 0.479167 0.044740 0.149074
0 1289 0.115478 0.583333 0.042322 0.162963
0 1290 0.069226 0.598148 0.048972 0.153704
0 1293 0.009069 0.819444 0.016929 0.124074
0 1294 0.294135 0.874537 0.051391 0.171296
0 1295 0.038694 0.226852 0.037485 0.125926
0 1296 0.067110 0.241667 0.038694 0.120370
0 1299 0.097037 0.868056 0.053809 0.180556
0 1306 0.301088 0.676852 0.042322 0.168519
0 1307 0.344619 0.640278 0.044740 0.160185
0 1308 0.379686 0.675000 0.037485 0.151852
0 1311 0.937122 0.853241 0.032648 0.149074
0 1312 0.944982 0.824074 0.044740 0.170370
0 1313 0.972793 0.814815 0.041112 0.146296
0 1314 0.395405 0.873611 0.027811 0.106481
0 1316 0.263301 0.391204 0.041717 0.128704
0 1317 0.383011 0.870370 0.046554 0.170370
0 1320 0.811064 0.362037 0.039299 0.140741
0 1321 0.296252 0.262500 0.037485 0.143519
0 1322 0.148730 0.314352 0.038694 0.128704
0 1323 0.290508 0.360648 0.045345 0.162037
0 1325 0.234583 0.608333 0.043531 0.155556
0 1326 0.240326 0.581481 0.036880 0.146296
0 1328 0.193168 0.610185 0.044135 0.146296
0 1329 0.208585 0.558333 0.042322 0.151852
0 1330 0.177449 0.571759 0.046554 0.154630
0 1342 0.398730 0.623611 0.039299 0.154630
0 1343 0.389661 0.258796 0.030834 0.128704
0 1344 0.411125 0.262037 0.032648 0.125926
0 1345 0.438331 0.613889 0.036276 0.148148
0 1365 0.721886 0.965741 0.048368 0.070370
0 1389 0.912938 0.970833 0.048368 0.058333
0 1394 0.678356 0.981019 0.038694 0.039815
0 1412 0.717352 0.397222 0.041717 0.118519
0 1413 0.760883 0.406019 0.041717 0.137963
0 1444 0.275998 0.397685 0.044135 0.137963
0 1445 0.253930 0.412037 0.036276 0.140741
0 1490 0.589178 0.516204 0.034462 0.126852
0 1501 0.249698 0.983333 0.038694 0.035185
0 1502 0.469770 0.988426 0.038694 0.025000
0 1510 0.474305 0.911574 0.051391 0.171296
0 1522 0.360641 0.935185 0.044135 0.129630
0 1531 0.536276 0.605556 0.044740 0.157407
0 1532 0.438029 0.969444 0.044135 0.062963
0 1549 0.321040 0.796296 0.050786 0.170370
0 1555 0.559553 0.537037 0.036880 0.131481
0 1556 0.527811 0.531481 0.029021 0.107407
0 1557 0.546554 0.636574 0.041112 0.149074
0 1565 0.412334 0.923148 0.053204 0.153704
0 1567 0.356106 0.503704 0.037485 0.135185
0 1570 0.333132 0.439352 0.042322 0.150926
0 1572 0.274788 0.620833 0.039299 0.171296
0 1573 0.480048 0.450926 0.027811 0.120370
0 1592 0.367896 0.734722 0.036880 0.150926
0 1593 0.382104 0.796759 0.047158 0.165741
0 1594 0.409311 0.753241 0.042322 0.165741
0 1595 0.357316 0.754630 0.039903 0.172222
0 1650 0.462515 0.759722 0.044740 0.149074
0 1653 0.678356 0.731019 0.051995 0.149074
0 1654 0.383313 0.460648 0.042322 0.126852
0 1655 0.472189 0.556944 0.039903 0.137963
0 1657 0.458585 0.535185 0.048972 0.135185
0 1658 0.272672 0.757870 0.041112 0.160185
0 1659 0.094619 0.947222 0.052600 0.107407
0 1660 0.468863 0.437037 0.032044 0.148148
0 1661 0.501209 0.419907 0.037485 0.139815
0 1662 0.481258 0.644907 0.035067 0.160185
0 1667 0.443168 0.439352 0.032648 0.115741
0 1668 0.493954 0.481944 0.032648 0.117593
0 1670 0.240326 0.800926 0.053809 0.175926
0 1672 0.474305 0.953241 0.039299 0.095370
0 1673 0.419287 0.952778 0.041717 0.096296
0 1674 0.359432 0.969444 0.039299 0.061111
0 1675 0.578900 0.784259 0.034462 0.114815
0 1676 0.551391 0.744907 0.047158 0.165741
0 1677 0.956469 0.022685 0.027811 0.043519
0 1679 0.978839 0.027315 0.022975 0.052778
0 1680 0.986094 0.184259 0.025393 0.114815
0 1681 0.834341 0.207407 0.026602 0.092593
0 1682 0.928053 0.139352 0.037485 0.117593
0 1683 0.940750 0.159259 0.035067 0.118519
0 1684 0.983374 0.214352 0.032044 0.137963
0 1685 0.884825 0.220370 0.039299 0.137037
0 1686 0.939238 0.235185 0.041717 0.142593
0 1687 0.964631 0.246296 0.036880 0.129630
0 1688 0.905381 0.288889 0.036880 0.146296
0 1689 0.927146 0.297685 0.044135 0.150926
0 1690 0.848851 0.243519 0.036276 0.135185
0 1691 0.920193 0.323611 0.038694 0.137963
0 1694 0.865478 0.555556 0.048972 0.159259
0 1703 0.631802 0.044907 0.030230 0.087963
0 1704 0.613362 0.034259 0.032044 0.066667
0 1706 0.608525 0.073611 0.029625 0.112037
0 1707 0.593410 0.052315 0.033253 0.102778
0 1708 0.565296 0.054630 0.030230 0.107407
0 1709 0.592503 0.086574 0.025393 0.084259
0 1710 0.577993 0.079167 0.033857 0.112037
0 1711 0.565296 0.029167 0.030230 0.056481
0 1712 0.542322 0.032407 0.030230 0.062963
0 1715 0.688634 0.117130 0.041112 0.123148
0 1716 0.680774 0.179167 0.037485 0.115741
0 1717 0.684401 0.207407 0.032648 0.135185
0 1718 0.736094 0.159722 0.035671 0.136111
0 1719 0.464933 0.024074 0.024184 0.046296
0 1720 0.514510 0.040278 0.029021 0.078704
0 1723 0.441052 0.019907 0.022370 0.037963
0 1725 0.516626 0.059259 0.029625 0.116667
0 1726 0.541112 0.071296 0.032648 0.118519
0 1727 0.595828 0.315741 0.045345 0.142593
0 1728 0.732164 0.236574 0.036276 0.132407
0 1729 0.046856 0.492593 0.046554 0.144444
0 1733 0.179565 0.041667 0.032648 0.081481
0 1734 0.211608 0.014352 0.030230 0.026852
0 1735 0.229746 0.025000 0.030230 0.048148
0 1736 0.264208 0.038889 0.032648 0.075926
0 1737 0.251511 0.047222 0.035067 0.092593
0 1738 0.211608 0.039815 0.032648 0.077778
0 1740 0.120919 0.037037 0.035067 0.072222
0 1741 0.172612 0.075463 0.039299 0.123148
0 1742 0.200121 0.067130 0.037485 0.123148
0 1743 0.249395 0.064815 0.034462 0.125926
0 1744 0.526602 0.170370 0.033857 0.127778
0 1745 0.309553 0.084722 0.032648 0.115741
0 1746 0.326179 0.096296 0.032044 0.124074
0 1747 0.387848 0.101852 0.029625 0.129630
0 1748 0.362152 0.093056 0.033857 0.128704
0 1749 0.298670 0.137500 0.038694 0.123148
0 1750 0.255744 0.142593 0.039903 0.120370
0 1751 0.519649 0.127778 0.032044 0.127778
0 1752 0.561971 0.170833 0.039299 0.119444
0 1753 0.580411 0.216667 0.037485 0.142593
0 1754 0.540508 0.219444 0.036276 0.135185
0 1755 0.305925 0.214352 0.030230 0.121296
0 1756 0.301391 0.185648 0.034462 0.132407
0 1757 0.198912 0.159259 0.035067 0.124074
0 1758 0.168077 0.143981 0.037485 0.117593
0 1759 0.199516 0.121759 0.035067 0.123148
0 1760 0.960701 0.218056 0.035067 0.134259
0 1761 0.622430 0.062037 0.035671 0.122222
