0 1168 0.453446 0.839352 0.038694 0.176852
0 1169 0.448609 0.877778 0.037485 0.162963
0 1173 0.702539 0.907870 0.051995 0.176852
0 1175 0.398730 0.580556 0.041717 0.146296
0 1176 0.365780 0.587963 0.042322 0.146296
0 1181 0.050786 0.814352 0.051995 0.160185
0 1184 0.072854 0.986574 0.028416 0.028704
0 1185 0.111245 0.987037 0.029021 0.027778
0 1188 0.716445 0.592130 0.042322 0.162037
0 1193 0.683192 0.626852 0.048368 0.170370
0 1194 0.723096 0.668056 0.043531 0.167593
0 1195 0.922007 0.887037 0.043531 0.170370
0 1196 0.892080 0.911111 0.058646 0.151852
0 1197 0.353688 0.297685 0.037485 0.134259
0 1198 0.291415 0.327315 0.037485 0.132407
0 1199 0.402056 0.302778 0.038694 0.140741
0 1200 0.395405 0.318519 0.036276 0.140741
0 1201 0.296554 0.961574 0.041717 0.076852
0 1202 0.294135 0.925926 0.046554 0.142593
0 1203 0.325574 0.938889 0.046554 0.124074
0 1205 0.313785 0.974074 0.042322 0.053704
0 1206 0.319831 0.337963 0.042322 0.146296
0 1208 0.642382 0.962963 0.057437 0.075926
0 1209 0.682285 0.953241 0.042926 0.095370
0 1210 0.630290 0.944907 0.036880 0.112037
0 1214 0.980955 0.947222 0.035671 0.105556
0 1215 0.948912 0.924074 0.057437 0.151852
0 1216 0.992745 0.908796 0.012092 0.087963
0 1222 0.829807 0.691667 0.035671 0.153704
0 1223 0.886336 0.714815 0.050786 0.168519
0 1224 0.831620 0.641667 0.032044 0.112963
0 1225 0.866989 0.647222 0.036276 0.127778
0 1235 0.081016 0.250926 0.037485 0.129630
0 1237 0.113664 0.280556 0.042322 0.129630
0 1238 0.791717 0.199537 0.038089 0.128704
0 1239 0.814087 0.191667 0.034462 0.122222
0 1240 0.279927 0.244907 0.030230 0.123148
0 1241 0.185913 0.312037 0.041717 0.142593
0 1242 0.337062 0.251852 0.034462 0.131481
0 1243 0.549879 0.299537 0.036880 0.152778
0 1244 0.369105 0.212500 0.032044 0.128704
0 1245 0.467654 0.314352 0.042926 0.137963
0 1246 0.601572 0.240741 0.037485 0.131481
0 1247 0.635732 0.229167 0.045345 0.132407
0 1249 0.679867 0.231481 0.044135 0.133333
0 1250 0.756651 0.192593 0.034462 0.112963
0 1251 0.763301 0.220370 0.035671 0.129630
0 1252 0.791717 0.371759 0.044135 0.134259
0 1253 0.972189 0.465741 0.035067 0.112963
0 1255 0.946493 0.360648 0.036880 0.130556
0 1256 0.982164 0.332870 0.035671 0.123148
0 1257 0.935913 0.400926 0.037485 0.142593
0 1258 0.978235 0.410648 0.037485 0.143519
0 1259 0.929867 0.495370 0.043531 0.155556
0 1260 0.896614 0.497222 0.044740 0.157407
0 1261 0.796856 0.499537 0.029021 0.102778
0 1262 0.824365 0.480093 0.036880 0.143519
0 1263 0.844015 0.487500 0.030230 0.110185
0 1266 0.871221 0.570833 0.055623 0.143519
0 1267 0.960097 0.562500 0.041112 0.163889
0 1268 0.981258 0.555556 0.035067 0.148148
0 1273 0.927751 0.624074 0.044135 0.157407
0 1274 0.929262 0.709722 0.047158 0.156481
0 1275 0.633615 0.488426 0.041112 0.149074
0 1276 0.660822 0.501852 0.039903 0.157407
0 1277 0.819528 0.418056 0.029625 0.126852
0 1278 0.798972 0.414352 0.039299 0.132407
0 1279 0.675937 0.551389 0.044740 0.156481
0 1280 0.646010 0.556944 0.039299 0.160185
0 1281 0.693470 0.499537 0.032648 0.115741
0 1282 0.715538 0.504630 0.032044 0.112963
0 1283 0.752116 0.499537 0.042322 0.154630
0 1284 0.853688 0.388889 0.037485 0.131481
0 1285 0.866385 0.375926 0.036276 0.124074
0 1286 0.808948 0.788889 0.055623 0.172222
0 1287 0.107316 0.478241 0.041717 0.154630
0 1288 0.142080 0.462963 0.049577 0.146296
0 1289 0.115780 0.572685 0.044135 0.167593
0 1290 0.070133 0.581481 0.048368 0.151852
0 1292 0.005139 0.769444 0.009069 0.177778
0 1293 0.016324 0.804630 0.031439 0.124074
0 1294 0.285369 0.853241 0.050786 0.171296
0 1295 0.044740 0.220370 0.037485 0.124074
0 1296 0.067715 0.235185 0.035067 0.116667
0 1299 0.101874 0.846296 0.053809 0.179630
0 1306 0.301088 0.675000 0.042322 0.168519
0 1307 0.346433 0.639352 0.044740 0.160185
0 1308 0.376663 0.675000 0.037485 0.146296
0 1311 0.909311 0.839815 0.037485 0.148148
0 1312 0.919589 0.809722 0.044740 0.171296
0 1313 0.953446 0.802778 0.041112 0.146296
0 1314 0.386941 0.869907 0.027811 0.106481
0 1316 0.280532 0.388426 0.042322 0.126852
0 1317 0.377267 0.866667 0.045949 0.168519
0 1320 0.811366 0.352778 0.039903 0.140741
0 1321 0.304111 0.253704 0.037485 0.142593
0 1322 0.160520 0.304167 0.039299 0.126852
0 1323 0.308041 0.357407 0.046554 0.162963
0 1325 0.235187 0.606481 0.042322 0.153704
0 1326 0.240326 0.578704 0.036880 0.146296
0 1328 0.194377 0.609259 0.044135 0.146296
0 1329 0.208585 0.557407 0.042322 0.151852
0 1330 0.176239 0.570833 0.046554 0.154630
0 1342 0.410218 0.622685 0.039299 0.154630
0 1343 0.391173 0.256019 0.030230 0.128704
0 1344 0.411729 0.261111 0.032648 0.125926
0 1345 0.447703 0.608796 0.036880 0.152778
0 1365 0.721886 0.968519 0.048368 0.064815
0 1389 0.914450 0.968519 0.048972 0.062963
0 1394 0.678356 0.979630 0.038694 0.042593
0 1412 0.717956 0.397222 0.041717 0.118519
0 1413 0.761487 0.404167 0.041717 0.137963
0 1444 0.276602 0.395833 0.044135 0.137963
0 1445 0.253325 0.412037 0.035067 0.140741
0 1490 0.577086 0.512963 0.036880 0.125926
0 1501 0.250302 0.982407 0.038694 0.037037
0 1502 0.470375 0.987500 0.038694 0.026852
0 1510 0.480955 0.905556 0.051391 0.177778
0 1522 0.368501 0.931944 0.044135 0.136111
0 1531 0.536276 0.603704 0.044740 0.157407
0 1532 0.443470 0.967130 0.044135 0.067593
0 1549 0.321644 0.795370 0.050786 0.172222
0 1555 0.555925 0.537963 0.036880 0.131481
0 1556 0.524788 0.529167 0.029021 0.106481
0 1557 0.546856 0.635648 0.041717 0.149074
0 1565 0.421705 0.920833 0.053809 0.158333
0 1567 0.356711 0.501852 0.037485 0.135185
0 1570 0.337969 0.435648 0.041112 0.150926
0 1572 0.279021 0.610648 0.039299 0.171296
0 1573 0.480048 0.449074 0.027811 0.120370
0 1592 0.370012 0.730093 0.037485 0.150926
0 1593 0.382104 0.796759 0.047158 0.165741
0 1594 0.409915 0.753241 0.042322 0.165741
0 1595 0.357316 0.752778 0.039903 0.175926
0 1650 0.463724 0.756944 0.044740 0.149074
0 1653 0.679565 0.728241 0.051995 0.147222
0 1654 0.372430 0.457870 0.038694 0.134259
0 1655 0.474002 0.555093 0.039903 0.137963
0 1657 0.459190 0.533333 0.048972 0.135185
0 1658 0.268138 0.744907 0.040508 0.160185
0 1659 0.103688 0.939352 0.048972 0.123148
0 1660 0.467352 0.433333 0.032648 0.148148
0 1661 0.501209 0.417130 0.037485 0.139815
0 1662 0.482164 0.641204 0.034462 0.160185
0 1667 0.443168 0.437500 0.032648 0.115741
0 1668 0.493954 0.480556 0.032648 0.118519
0 1670 0.243954 0.790278 0.053809 0.176852
0 1672 0.459190 0.949074 0.039299 0.103704
0 1673 0.402963 0.954167 0.041717 0.093519
0 1674 0.347642 0.970833 0.038694 0.058333
0 1675 0.577690 0.794907 0.035671 0.115741
0 1676 0.548670 0.766667 0.046554 0.168519
0 1677 0.957678 0.019444 0.027811 0.037037
0 1679 0.980653 0.022685 0.022975 0.043519
0 1680 0.986699 0.175000 0.024184 0.114815
0 1681 0.825877 0.199074 0.026602 0.090741
0 1682 0.930472 0.130093 0.037485 0.121296
0 1683 0.948609 0.148148 0.035067 0.118519
0 1684 0.983374 0.203241 0.030834 0.137963
0 1685 0.891173 0.205556 0.041112 0.135185
0 1686 0.940145 0.224074 0.041112 0.140741
0 1687 0.965840 0.239815 0.036880 0.129630
0 1688 0.902660 0.272685 0.036276 0.145370
0 1689 0.925937 0.281481 0.044135 0.148148
0 1690 0.854897 0.233333 0.036276 0.135185
0 1691 0.917170 0.305093 0.038694 0.137963
0 1694 0.865478 0.541204 0.048972 0.160185
0 1703 0.631197 0.043981 0.030230 0.086111
0 1704 0.612757 0.029630 0.032044 0.057407
0 1706 0.606106 0.067593 0.029625 0.112963
0 1707 0.594015 0.047685 0.032044 0.093519
0 1708 0.565296 0.050000 0.030230 0.098148
0 1709 0.590085 0.080093 0.025393 0.084259
0 1710 0.575574 0.072222 0.033857 0.111111
0 1711 0.565901 0.024074 0.030230 0.046296
0 1712 0.542926 0.027778 0.030230 0.053704
0 1715 0.687727 0.109722 0.041717 0.123148
0 1716 0.680774 0.169907 0.037485 0.115741
0 1717 0.684099 0.199074 0.033253 0.133333
0 1718 0.731258 0.150000 0.034462 0.135185
0 1719 0.463120 0.022685 0.024184 0.043519
0 1720 0.516022 0.036111 0.028416 0.070370
0 1725 0.522068 0.057407 0.029625 0.112963
0 1726 0.543531 0.071296 0.032648 0.118519
0 1727 0.590992 0.301852 0.046554 0.142593
0 1728 0.738513 0.222685 0.036880 0.132407
0 1729 0.028416 0.505556 0.055623 0.157407
0 1733 0.183797 0.038889 0.032648 0.075926
0 1736 0.263301 0.037037 0.032044 0.072222
0 1737 0.246372 0.045370 0.034462 0.088889
0 1738 0.214631 0.036574 0.032648 0.071296
0 1740 0.118198 0.031944 0.032044 0.062037
0 1741 0.161729 0.069444 0.038089 0.124074
0 1742 0.187424 0.062037 0.037485 0.118519
0 1743 0.232467 0.062500 0.039299 0.123148
0 1744 0.535973 0.157870 0.034462 0.126852
0 1745 0.316808 0.077315 0.032648 0.115741
0 1746 0.334341 0.090741 0.031439 0.124074
0 1747 0.393894 0.089815 0.029625 0.127778
0 1748 0.367594 0.082870 0.033857 0.123148
0 1749 0.291415 0.128241 0.036276 0.123148
0 1750 0.248489 0.135648 0.038694 0.119444
0 1751 0.528718 0.118981 0.032044 0.125000
0 1752 0.570738 0.160648 0.038694 0.121296
0 1753 0.584643 0.205556 0.037485 0.142593
0 1754 0.543531 0.207407 0.037485 0.135185
0 1755 0.314389 0.207870 0.030230 0.121296
0 1756 0.314087 0.177778 0.035671 0.131481
0 1757 0.207376 0.151852 0.035067 0.124074
0 1758 0.169891 0.136574 0.037485 0.117593
0 1759 0.203748 0.113426 0.035067 0.123148
0 1760 0.961004 0.208796 0.034462 0.134259
0 1761 0.620314 0.059722 0.035067 0.117593
