0 1168 0.385127 0.818056 0.038694 0.169444
0 1169 0.365780 0.866667 0.038694 0.161111
0 1173 0.645103 0.833796 0.049577 0.176852
0 1175 0.373942 0.576852 0.046554 0.142593
0 1176 0.330109 0.587037 0.042322 0.146296
0 1181 0.062576 0.631481 0.046554 0.151852
0 1184 0.071947 0.791204 0.054414 0.182407
0 1185 0.113664 0.809722 0.050786 0.193519
0 1188 0.714027 0.483796 0.037485 0.167593
0 1193 0.683495 0.498148 0.048972 0.162963
0 1194 0.693470 0.545370 0.044740 0.162963
0 1195 0.802600 0.781019 0.044135 0.156481
0 1196 0.782346 0.818056 0.054414 0.154630
0 1197 0.361245 0.281481 0.036880 0.135185
0 1198 0.314389 0.304630 0.035067 0.129630
0 1199 0.407195 0.283333 0.038089 0.135185
0 1200 0.398428 0.304167 0.045949 0.141667
0 1201 0.249395 0.799537 0.046554 0.175000
0 1202 0.337062 0.699537 0.039299 0.171296
0 1203 0.341294 0.715278 0.046554 0.156481
0 1205 0.251511 0.829630 0.045949 0.187037
0 1206 0.320435 0.323148 0.045949 0.137037
0 1208 0.632406 0.939815 0.048368 0.118519
0 1209 0.689238 0.924074 0.045949 0.153704
0 1210 0.647521 0.908796 0.041112 0.162037
0 1214 0.970677 0.808796 0.051391 0.165741
0 1215 0.921100 0.760648 0.053809 0.152778
0 1216 0.987304 0.758796 0.022975 0.171296
0 1217 0.901753 0.964352 0.051391 0.073148
0 1218 0.948005 0.965741 0.041112 0.070370
0 1220 0.808948 0.966667 0.048368 0.068519
0 1221 0.762394 0.951389 0.045949 0.097222
0 1222 0.809855 0.550463 0.036880 0.154630
0 1223 0.867896 0.577778 0.048972 0.164815
0 1224 0.840992 0.505093 0.030230 0.104630
0 1225 0.872430 0.518056 0.033857 0.123148
0 1229 0.371826 0.972685 0.038694 0.056481
0 1235 0.151149 0.160648 0.035067 0.126852
0 1236 0.096735 0.281944 0.045949 0.162037
0 1237 0.179262 0.190741 0.034462 0.129630
0 1238 0.674728 0.116204 0.033857 0.126852
0 1239 0.706469 0.120370 0.032044 0.118519
0 1240 0.352479 0.160185 0.039903 0.114815
0 1241 0.311669 0.233796 0.036880 0.139815
0 1242 0.414752 0.192130 0.032648 0.132407
0 1243 0.527207 0.163426 0.036276 0.143519
0 1244 0.426239 0.157407 0.032648 0.129630
0 1245 0.508767 0.193519 0.041717 0.124074
0 1246 0.590387 0.149074 0.036880 0.124074
0 1247 0.626965 0.137500 0.042322 0.126852
0 1249 0.675030 0.140278 0.044135 0.125000
0 1250 0.720375 0.106944 0.034462 0.112037
0 1251 0.748186 0.137500 0.034462 0.134259
0 1252 0.772975 0.262500 0.044135 0.132407
0 1253 0.906590 0.319444 0.034462 0.112963
0 1254 0.935308 0.314352 0.035067 0.134259
0 1255 0.961306 0.229630 0.032648 0.124074
0 1257 0.919287 0.269444 0.034462 0.131481
0 1258 0.962213 0.288426 0.039299 0.139815
0 1259 0.944075 0.360648 0.044135 0.154630
0 1260 0.911729 0.362963 0.042322 0.157407
0 1261 0.780230 0.358333 0.029625 0.098148
0 1262 0.805320 0.334722 0.037485 0.134259
0 1263 0.821644 0.343519 0.030230 0.107407
0 1265 0.986397 0.269907 0.027207 0.145370
0 1266 0.896917 0.434722 0.053809 0.137963
0 1267 0.941959 0.431944 0.042322 0.156481
0 1268 0.955260 0.423148 0.041112 0.146296
0 1269 0.981560 0.408333 0.034462 0.153704
0 1270 0.981560 0.443519 0.034462 0.146296
0 1273 0.920496 0.495833 0.046554 0.149074
0 1274 0.924728 0.567593 0.046554 0.155556
0 1275 0.617594 0.334259 0.041717 0.137037
0 1276 0.642987 0.347222 0.039299 0.151852
0 1277 0.776300 0.312500 0.030230 0.126852
0 1278 0.755744 0.305556 0.033857 0.125926
0 1279 0.663845 0.406481 0.037485 0.153704
0 1280 0.634220 0.399537 0.037485 0.147222
0 1281 0.667775 0.370833 0.029625 0.110185
0 1282 0.683797 0.380093 0.031439 0.110185
0 1283 0.698609 0.381019 0.041717 0.141667
0 1284 0.857316 0.375926 0.037485 0.131481
0 1285 0.866687 0.363889 0.035671 0.124074
0 1286 0.777509 0.607407 0.050786 0.159259
0 1287 0.144800 0.343056 0.040508 0.137963
0 1288 0.184401 0.338426 0.042322 0.132407
0 1289 0.177751 0.410648 0.041112 0.152778
0 1290 0.128476 0.413889 0.042926 0.142593
0 1291 0.042019 0.515741 0.039299 0.164815
0 1292 0.073156 0.540741 0.049577 0.168519
0 1293 0.107316 0.560185 0.034462 0.101852
0 1294 0.403567 0.666204 0.044135 0.160185
0 1295 0.087062 0.193519 0.037485 0.124074
0 1296 0.083736 0.210185 0.039299 0.114815
0 1299 0.110036 0.627778 0.048368 0.157407
0 1306 0.300181 0.664815 0.041717 0.164815
0 1307 0.317412 0.634722 0.038694 0.165741
0 1308 0.351270 0.654167 0.037485 0.143519
0 1311 0.645707 0.804630 0.048368 0.148148
0 1312 0.644196 0.769444 0.067110 0.159259
0 1313 0.654172 0.751852 0.042322 0.140741
0 1314 0.327086 0.837963 0.027811 0.107407
0 1316 0.502116 0.322222 0.039299 0.118519
0 1317 0.335852 0.842130 0.048972 0.171296
0 1320 0.782648 0.244444 0.034462 0.140741
0 1321 0.380895 0.173148 0.035067 0.131481
0 1322 0.285973 0.235648 0.037485 0.125000
0 1323 0.499093 0.281481 0.045345 0.159259
0 1325 0.236699 0.596759 0.040508 0.154630
0 1326 0.240629 0.566667 0.037485 0.146296
0 1327 0.058948 0.867593 0.050181 0.166667
0 1328 0.197703 0.596296 0.044740 0.146296
0 1329 0.214329 0.539352 0.036880 0.150926
0 1330 0.178356 0.557870 0.047158 0.154630
0 1342 0.486094 0.582870 0.039903 0.160185
0 1343 0.393591 0.242130 0.030230 0.128704
0 1344 0.414148 0.248611 0.032648 0.126852
0 1345 0.514510 0.571296 0.036276 0.146296
0 1365 0.714933 0.954630 0.046554 0.090741
0 1389 0.911729 0.869444 0.049577 0.168519
0 1394 0.671100 0.959722 0.038694 0.080556
0 1412 0.719770 0.386111 0.041717 0.118519
0 1413 0.766324 0.387500 0.041717 0.137963
0 1444 0.279021 0.381944 0.044135 0.137963
0 1445 0.257860 0.397685 0.034462 0.137963
0 1490 0.549577 0.506019 0.032648 0.126852
0 1501 0.253930 0.977778 0.039903 0.046296
0 1502 0.477025 0.978241 0.038694 0.045370
0 1510 0.529021 0.822222 0.048368 0.177778
0 1522 0.434401 0.879630 0.045345 0.162963
0 1531 0.533857 0.590741 0.044740 0.157407
0 1532 0.503023 0.922222 0.055623 0.155556
0 1549 0.324970 0.776852 0.045345 0.174074
0 1555 0.553204 0.522685 0.039903 0.132407
0 1556 0.525393 0.528704 0.029021 0.107407
0 1557 0.548670 0.622685 0.041717 0.149074
0 1565 0.493349 0.874074 0.047158 0.192593
0 1567 0.360339 0.488889 0.037485 0.135185
0 1570 0.338271 0.402778 0.035671 0.146296
0 1572 0.302600 0.483796 0.036880 0.162037
0 1573 0.482467 0.434722 0.027811 0.121296
0 1592 0.376058 0.720370 0.037485 0.157407
0 1593 0.387848 0.776852 0.048972 0.162963
0 1594 0.413845 0.744907 0.042926 0.165741
0 1595 0.361850 0.740741 0.039299 0.174074
0 1650 0.466747 0.747685 0.044740 0.154630
0 1653 0.677751 0.706019 0.051995 0.150926
0 1654 0.257255 0.461111 0.057437 0.135185
0 1655 0.473700 0.551852 0.039299 0.135185
0 1657 0.458888 0.520370 0.049577 0.135185
0 1658 0.276602 0.593519 0.039299 0.151852
0 1659 0.188331 0.813426 0.058646 0.156481
0 1660 0.470375 0.422685 0.032648 0.149074
0 1661 0.491233 0.397222 0.034462 0.140741
0 1662 0.490326 0.637500 0.042322 0.160185
0 1667 0.454958 0.450000 0.030834 0.114815
0 1668 0.495466 0.466667 0.032044 0.118519
0 1670 0.267836 0.632407 0.048368 0.168519
0 1672 0.240024 0.957870 0.037485 0.084259
0 1673 0.172914 0.956019 0.048368 0.089815
0 1676 0.545042 0.961574 0.048972 0.078704
0 1680 0.989722 0.073148 0.018138 0.109259
0 1681 0.708283 0.126389 0.025998 0.089815
0 1682 0.948005 0.037963 0.035067 0.074074
0 1683 0.973700 0.041204 0.029625 0.080556
0 1684 0.987606 0.098611 0.022370 0.130556
0 1685 0.925635 0.059259 0.036276 0.116667
0 1686 0.958585 0.113426 0.041717 0.132407
0 1687 0.979444 0.118519 0.036276 0.124074
0 1688 0.920496 0.130093 0.034462 0.125000
0 1689 0.931983 0.142130 0.041717 0.132407
0 1690 0.916566 0.093519 0.036276 0.124074
0 1691 0.891778 0.144907 0.042322 0.130556
0 1692 0.983676 0.347685 0.031439 0.126852
0 1694 0.892080 0.390741 0.047763 0.135185
0 1706 0.574063 0.028704 0.027207 0.055556
0 1709 0.559553 0.026852 0.024788 0.051852
0 1715 0.698609 0.035648 0.035671 0.069444
0 1716 0.682890 0.073611 0.036880 0.115741
0 1717 0.669589 0.091667 0.034462 0.125926
0 1718 0.708585 0.056944 0.035067 0.112037
0 1725 0.625151 0.040741 0.032648 0.079630
0 1726 0.650242 0.043519 0.029625 0.085185
0 1727 0.556227 0.167593 0.042322 0.135185
0 1728 0.720073 0.142593 0.035067 0.129630
0 1736 0.214933 0.019907 0.032044 0.037963
0 1737 0.179262 0.025463 0.034462 0.049074
0 1741 0.062273 0.023611 0.030230 0.045370
0 1742 0.086457 0.021296 0.027811 0.040741
0 1743 0.117896 0.025926 0.027811 0.050000
0 1744 0.643591 0.062963 0.034462 0.109259
0 1745 0.445284 0.043981 0.028416 0.086111
0 1746 0.461911 0.046759 0.033857 0.091667
0 1747 0.453748 0.027778 0.029625 0.053704
0 1748 0.426844 0.026852 0.029021 0.051852
0 1749 0.204655 0.067130 0.038089 0.121296
0 1750 0.167170 0.068519 0.036880 0.116667
0 1751 0.632709 0.054167 0.032044 0.106481
0 1752 0.674728 0.060648 0.032648 0.112037
0 1753 0.638452 0.086574 0.037485 0.137963
0 1754 0.603083 0.087037 0.034462 0.124074
0 1755 0.440750 0.116204 0.032648 0.112037
0 1756 0.423216 0.087963 0.035067 0.129630
0 1757 0.291112 0.069907 0.036880 0.119444
0 1758 0.240024 0.048148 0.033857 0.094444
0 1759 0.289903 0.038889 0.029625 0.075926
0 1760 0.974002 0.098611 0.035067 0.126852
0 1761 0.584643 0.025926 0.029021 0.050000
