0 1168 0.379686 0.818519 0.039903 0.164815
0 1169 0.358222 0.871759 0.041717 0.154630
0 1173 0.642684 0.827315 0.049577 0.176852
0 1175 0.367896 0.575926 0.044135 0.142593
0 1176 0.329202 0.587037 0.041717 0.146296
0 1181 0.061669 0.612963 0.047158 0.151852
0 1184 0.071947 0.772685 0.054414 0.182407
0 1185 0.111245 0.783333 0.050786 0.190741
0 1188 0.709794 0.469907 0.037485 0.169444
0 1193 0.677449 0.486111 0.048972 0.166667
0 1194 0.691657 0.529630 0.042322 0.161111
0 1195 0.792926 0.772685 0.044135 0.156481
0 1196 0.775091 0.809722 0.054414 0.156481
0 1197 0.362455 0.282407 0.036880 0.135185
0 1198 0.315296 0.307407 0.034462 0.129630
0 1199 0.406892 0.285185 0.037485 0.135185
0 1200 0.397219 0.307407 0.043531 0.140741
0 1201 0.261790 0.775463 0.045949 0.173148
0 1202 0.373942 0.687037 0.039299 0.168519
0 1203 0.375453 0.698611 0.045949 0.154630
0 1205 0.254534 0.806481 0.045949 0.185185
0 1206 0.320738 0.323148 0.045345 0.137037
0 1208 0.634825 0.931481 0.048368 0.135185
0 1209 0.690447 0.917593 0.045949 0.166667
0 1210 0.653567 0.893056 0.041112 0.162037
0 1214 0.967654 0.794444 0.048972 0.166667
0 1215 0.915054 0.746759 0.051391 0.150926
0 1216 0.983676 0.742130 0.030230 0.171296
0 1217 0.887545 0.948148 0.059250 0.101852
0 1218 0.934099 0.950000 0.045949 0.100000
0 1220 0.814994 0.955556 0.048368 0.090741
0 1221 0.766324 0.937500 0.046554 0.125000
0 1222 0.810762 0.536111 0.036276 0.151852
0 1223 0.866082 0.562037 0.048972 0.164815
0 1224 0.844619 0.492593 0.032648 0.103704
0 1225 0.873640 0.506019 0.033857 0.123148
0 1229 0.391475 0.962037 0.046554 0.075926
0 1235 0.154172 0.152315 0.035067 0.126852
0 1236 0.105804 0.270833 0.042322 0.162037
0 1237 0.185006 0.179167 0.035067 0.126852
0 1238 0.657195 0.108333 0.033857 0.125926
0 1239 0.688936 0.114352 0.032044 0.117593
0 1240 0.355502 0.154167 0.035067 0.115741
0 1241 0.328295 0.224074 0.039903 0.140741
0 1242 0.428658 0.184722 0.032648 0.132407
0 1243 0.524788 0.152315 0.035067 0.143519
0 1244 0.438634 0.142130 0.032044 0.126852
0 1245 0.516022 0.186574 0.039299 0.123148
0 1246 0.591596 0.137500 0.035671 0.123148
0 1247 0.626965 0.131944 0.042322 0.126852
0 1249 0.674426 0.133796 0.044135 0.123148
0 1250 0.718561 0.101389 0.034462 0.112037
0 1251 0.741536 0.127778 0.034462 0.131481
0 1252 0.768138 0.252315 0.044135 0.132407
0 1253 0.899033 0.305556 0.035067 0.112963
0 1254 0.927449 0.300463 0.035067 0.134259
0 1255 0.963724 0.215741 0.032648 0.124074
0 1257 0.915357 0.258333 0.035067 0.131481
0 1258 0.962213 0.272222 0.039299 0.140741
0 1259 0.945284 0.347222 0.042926 0.151852
0 1260 0.912334 0.350000 0.042322 0.157407
0 1261 0.777811 0.343519 0.029625 0.098148
0 1262 0.804716 0.320833 0.037485 0.134259
0 1263 0.819226 0.327778 0.030230 0.107407
0 1265 0.986397 0.257870 0.025998 0.145370
0 1266 0.898428 0.418056 0.054414 0.137963
0 1267 0.944377 0.420833 0.042322 0.156481
0 1268 0.954051 0.411111 0.041112 0.146296
0 1269 0.980351 0.398148 0.036880 0.153704
0 1270 0.980653 0.427778 0.037485 0.146296
0 1273 0.915054 0.479630 0.048972 0.140741
0 1274 0.924426 0.551389 0.047158 0.150926
0 1275 0.608222 0.319907 0.043531 0.137963
0 1276 0.641475 0.330556 0.039903 0.151852
0 1277 0.766022 0.299074 0.031439 0.124074
0 1278 0.747582 0.296296 0.034462 0.124074
0 1279 0.661125 0.392130 0.038089 0.150926
0 1280 0.631197 0.381019 0.036276 0.143519
0 1281 0.664148 0.362500 0.029625 0.110185
0 1282 0.677146 0.365741 0.030230 0.107407
0 1283 0.693470 0.372222 0.039903 0.137037
0 1284 0.856711 0.375926 0.037485 0.131481
0 1285 0.865780 0.362963 0.035067 0.124074
0 1286 0.774486 0.590278 0.050786 0.160185
0 1287 0.153567 0.334722 0.042322 0.137963
0 1288 0.191052 0.328241 0.042322 0.132407
0 1289 0.187122 0.397685 0.039299 0.156481
0 1290 0.138755 0.400463 0.041717 0.141667
0 1291 0.056530 0.497222 0.042926 0.164815
0 1292 0.083736 0.523148 0.046554 0.168519
0 1293 0.114268 0.537500 0.033857 0.100926
0 1294 0.430169 0.659259 0.044135 0.157407
0 1295 0.097944 0.193981 0.037485 0.123148
0 1296 0.084341 0.209259 0.039299 0.116667
0 1299 0.110036 0.608333 0.048368 0.157407
0 1306 0.297158 0.665741 0.041717 0.162963
0 1307 0.305623 0.635648 0.039299 0.165741
0 1308 0.347944 0.653704 0.036880 0.150000
0 1311 0.610036 0.800926 0.049577 0.148148
0 1312 0.611548 0.767130 0.058646 0.160185
0 1313 0.623337 0.750926 0.042322 0.140741
0 1314 0.326784 0.838889 0.027207 0.107407
0 1316 0.521463 0.307407 0.039299 0.118519
0 1317 0.332527 0.842130 0.049577 0.169444
0 1320 0.779323 0.232407 0.033857 0.138889
0 1321 0.386638 0.164815 0.039299 0.131481
0 1322 0.295949 0.227315 0.040508 0.126852
0 1323 0.512696 0.269907 0.044740 0.160185
0 1325 0.237606 0.596759 0.038694 0.154630
0 1326 0.240629 0.566667 0.037485 0.146296
0 1327 0.069831 0.843519 0.048972 0.162963
0 1328 0.197703 0.597222 0.043531 0.146296
0 1329 0.214027 0.539352 0.037485 0.150926
0 1330 0.179565 0.558796 0.047158 0.154630
0 1342 0.489722 0.582870 0.039903 0.160185
0 1343 0.393591 0.243519 0.030230 0.129630
0 1344 0.414148 0.249537 0.032648 0.126852
0 1345 0.519952 0.568519 0.036276 0.146296
0 1365 0.711004 0.951852 0.039903 0.096296
0 1389 0.911729 0.849074 0.049577 0.166667
0 1394 0.671705 0.954167 0.038694 0.093519
0 1412 0.720979 0.386111 0.040508 0.118519
0 1413 0.766324 0.388889 0.041717 0.137037
0 1444 0.279021 0.384722 0.044135 0.137963
0 1445 0.257255 0.398611 0.034462 0.137963
0 1490 0.549577 0.506019 0.032648 0.126852
0 1501 0.253930 0.977778 0.039903 0.046296
0 1502 0.477025 0.979167 0.038694 0.043519
0 1510 0.533253 0.827315 0.044740 0.178704
0 1522 0.435913 0.879630 0.047158 0.159259
0 1531 0.534462 0.590741 0.044740 0.157407
0 1532 0.507860 0.920833 0.059250 0.156481
0 1549 0.327388 0.776852 0.044135 0.174074
0 1555 0.553204 0.523611 0.039903 0.132407
0 1556 0.525695 0.525000 0.029625 0.107407
0 1557 0.548065 0.623148 0.041717 0.150000
0 1565 0.496070 0.869444 0.046554 0.190741
0 1567 0.359129 0.488889 0.037485 0.135185
0 1570 0.338573 0.405093 0.035067 0.145370
0 1572 0.308948 0.478241 0.037485 0.162037
0 1573 0.482467 0.435648 0.027811 0.121296
0 1592 0.375151 0.720370 0.036880 0.157407
0 1593 0.392080 0.779167 0.048972 0.165741
0 1594 0.414752 0.746759 0.044740 0.169444
0 1595 0.363362 0.740741 0.038694 0.174074
0 1641 0.002721 0.256481 0.004232 0.129630
0 1650 0.466747 0.748611 0.044740 0.154630
0 1653 0.678960 0.706944 0.051995 0.149074
0 1654 0.259371 0.459259 0.055623 0.140741
0 1655 0.474607 0.554630 0.038694 0.135185
0 1657 0.459492 0.521296 0.049577 0.135185
0 1658 0.280230 0.581481 0.039299 0.151852
0 1659 0.198307 0.804630 0.059250 0.157407
0 1660 0.469770 0.424537 0.032648 0.149074
0 1661 0.489722 0.398148 0.033857 0.140741
0 1662 0.498489 0.636574 0.041717 0.158333
0 1667 0.454051 0.453704 0.030230 0.114815
0 1668 0.495466 0.466667 0.032044 0.118519
0 1670 0.273579 0.616667 0.048972 0.168519
0 1672 0.201330 0.966204 0.037485 0.069444
0 1673 0.139057 0.961574 0.045949 0.078704
0 1680 0.989722 0.062500 0.018138 0.106481
0 1681 0.687727 0.120370 0.027207 0.090741
0 1682 0.950121 0.033796 0.032044 0.065741
0 1683 0.977025 0.035185 0.030230 0.068519
0 1684 0.988210 0.088889 0.021161 0.129630
0 1685 0.923821 0.053241 0.036276 0.104630
0 1686 0.956469 0.100463 0.042322 0.132407
0 1687 0.980048 0.108333 0.037485 0.124074
0 1688 0.923519 0.115741 0.034462 0.124074
0 1689 0.936820 0.128704 0.041717 0.131481
0 1690 0.918682 0.079630 0.034462 0.120370
0 1691 0.897823 0.130556 0.042322 0.131481
0 1692 0.984583 0.337500 0.029625 0.126852
0 1694 0.901451 0.380093 0.044740 0.134259
0 1706 0.562576 0.025926 0.027207 0.050000
0 1709 0.545949 0.024074 0.025393 0.046296
0 1715 0.702539 0.030093 0.035067 0.058333
0 1716 0.688936 0.067130 0.036880 0.115741
0 1717 0.669589 0.083796 0.034462 0.126852
0 1718 0.717050 0.050926 0.035067 0.100000
0 1725 0.633918 0.035648 0.032044 0.069444
0 1726 0.658706 0.036574 0.029625 0.071296
0 1727 0.554111 0.153704 0.041717 0.135185
0 1728 0.718259 0.133333 0.035067 0.129630
0 1736 0.205865 0.018981 0.032044 0.036111
0 1737 0.166566 0.025463 0.034462 0.049074
0 1741 0.048065 0.018056 0.029625 0.034259
0 1742 0.075574 0.019444 0.033857 0.037037
0 1743 0.104595 0.023148 0.026602 0.044444
0 1744 0.655683 0.054630 0.034462 0.105556
0 1745 0.464631 0.040741 0.030834 0.079630
0 1746 0.480955 0.045370 0.034462 0.088889
0 1747 0.457678 0.023611 0.027811 0.045370
0 1748 0.432285 0.022685 0.026602 0.043519
0 1749 0.190750 0.058333 0.034462 0.114815
0 1750 0.156288 0.062500 0.036880 0.115741
0 1751 0.639964 0.050000 0.032044 0.098148
0 1752 0.685611 0.056481 0.032648 0.109259
0 1753 0.644498 0.077315 0.037485 0.137963
0 1754 0.612455 0.077778 0.033857 0.124074
0 1755 0.455260 0.107870 0.032648 0.110185
0 1756 0.435913 0.080093 0.032648 0.128704
0 1757 0.300484 0.062037 0.036276 0.118519
0 1758 0.251814 0.042593 0.034462 0.083333
0 1759 0.297461 0.033796 0.030230 0.065741
0 1760 0.974607 0.086574 0.035067 0.126852
0 1761 0.576784 0.023148 0.027811 0.044444
