0 1168 0.394800 0.812037 0.039903 0.174074
0 1169 0.382104 0.856019 0.039903 0.156481
0 1173 0.675937 0.862500 0.047158 0.176852
0 1175 0.384522 0.577315 0.045949 0.143519
0 1176 0.344921 0.586111 0.041717 0.146296
0 1181 0.053809 0.693056 0.047158 0.160185
0 1184 0.078900 0.865741 0.056227 0.175926
0 1185 0.116989 0.893519 0.051391 0.196296
0 1188 0.722189 0.518981 0.041717 0.171296
0 1193 0.681681 0.538889 0.048972 0.166667
0 1194 0.700121 0.584722 0.043531 0.165741
0 1195 0.840992 0.811111 0.041112 0.157407
0 1196 0.821644 0.851852 0.054414 0.159259
0 1197 0.361548 0.281481 0.037485 0.135185
0 1198 0.310762 0.306481 0.032648 0.129630
0 1199 0.406288 0.284722 0.038694 0.137963
0 1200 0.402056 0.301389 0.053204 0.143519
0 1201 0.250907 0.868981 0.043531 0.176852
0 1202 0.260883 0.772222 0.046554 0.174074
0 1203 0.275393 0.791204 0.046554 0.156481
0 1205 0.291717 0.895833 0.044135 0.193519
0 1206 0.319831 0.323148 0.047158 0.137037
0 1208 0.638755 0.950926 0.048972 0.100000
0 1209 0.675333 0.938889 0.045949 0.122222
0 1210 0.633313 0.932870 0.039299 0.136111
0 1214 0.977630 0.862500 0.043531 0.171296
0 1215 0.937122 0.809722 0.060459 0.154630
0 1216 0.990326 0.811574 0.016929 0.149074
0 1222 0.817412 0.598611 0.037485 0.160185
0 1223 0.873640 0.622685 0.050786 0.163889
0 1224 0.837364 0.546759 0.029021 0.104630
0 1225 0.869710 0.558796 0.039299 0.126852
0 1235 0.135429 0.190741 0.035067 0.129630
0 1236 0.060157 0.313889 0.045345 0.162963
0 1237 0.162334 0.214815 0.035671 0.129630
0 1238 0.727932 0.139352 0.035067 0.128704
0 1239 0.751511 0.137963 0.030230 0.120370
0 1240 0.331620 0.189815 0.032044 0.124074
0 1241 0.273881 0.255093 0.037485 0.139815
0 1242 0.387848 0.207870 0.032044 0.132407
0 1243 0.535369 0.202315 0.036880 0.143519
0 1244 0.404474 0.178704 0.032648 0.129630
0 1245 0.495163 0.226852 0.041112 0.135185
0 1246 0.592201 0.174074 0.036880 0.127778
0 1247 0.622128 0.164815 0.042322 0.131481
0 1249 0.675333 0.167130 0.043531 0.126852
0 1250 0.726723 0.124537 0.033857 0.112037
0 1251 0.758767 0.166667 0.035067 0.129630
0 1252 0.771161 0.293056 0.044135 0.132407
0 1253 0.927751 0.362963 0.034462 0.112963
0 1254 0.955865 0.360648 0.035067 0.134259
0 1255 0.951330 0.269444 0.032044 0.127778
0 1257 0.929262 0.311111 0.033857 0.131481
0 1258 0.962817 0.324074 0.039299 0.142593
0 1259 0.940750 0.398611 0.044740 0.154630
0 1260 0.906892 0.402778 0.042322 0.157407
0 1261 0.791415 0.400926 0.030230 0.098148
0 1262 0.811366 0.378241 0.036276 0.134259
0 1263 0.829504 0.390741 0.030230 0.107407
0 1265 0.985792 0.303241 0.027207 0.141667
0 1266 0.900242 0.471296 0.053204 0.137037
0 1267 0.945284 0.465741 0.041717 0.159259
0 1268 0.961911 0.460185 0.041112 0.146296
0 1269 0.980351 0.442593 0.033253 0.153704
0 1270 0.988210 0.477315 0.021161 0.136111
0 1273 0.921403 0.536574 0.044740 0.152778
0 1274 0.923216 0.610648 0.047158 0.156481
0 1275 0.618501 0.380556 0.041112 0.137037
0 1276 0.649637 0.393519 0.039299 0.151852
0 1277 0.798065 0.345833 0.030230 0.126852
0 1278 0.777207 0.340741 0.036880 0.129630
0 1279 0.671100 0.452315 0.042322 0.156481
0 1280 0.638150 0.448611 0.039299 0.154630
0 1281 0.684401 0.412500 0.032648 0.115741
0 1282 0.696191 0.420370 0.032044 0.112963
0 1283 0.719770 0.410185 0.044135 0.142593
0 1284 0.857920 0.377778 0.037485 0.131481
0 1285 0.868501 0.363889 0.036880 0.124074
0 1286 0.785369 0.663889 0.051995 0.168519
0 1287 0.118803 0.384722 0.039299 0.149074
0 1288 0.170193 0.375926 0.048972 0.133333
0 1289 0.136336 0.462037 0.041717 0.159259
0 1290 0.104293 0.465278 0.044135 0.147222
0 1291 0.009674 0.572222 0.018138 0.168519
0 1292 0.049879 0.611111 0.047763 0.174074
0 1293 0.083132 0.630093 0.036880 0.104630
0 1294 0.332527 0.714352 0.047158 0.165741
0 1295 0.076481 0.187037 0.036880 0.124074
0 1296 0.077690 0.216667 0.039299 0.114815
0 1299 0.107316 0.698611 0.051391 0.173148
0 1306 0.301693 0.662963 0.042322 0.168519
0 1307 0.338573 0.630556 0.044740 0.168519
0 1308 0.360641 0.663426 0.036880 0.143519
0 1311 0.733978 0.800926 0.061669 0.148148
0 1312 0.734583 0.765741 0.054414 0.159259
0 1313 0.752116 0.749074 0.043531 0.140741
0 1314 0.347037 0.838889 0.027811 0.107407
0 1316 0.429262 0.357870 0.042322 0.119444
0 1317 0.342201 0.844907 0.048368 0.173148
0 1320 0.795647 0.277315 0.035067 0.139815
0 1321 0.356106 0.197685 0.036276 0.132407
0 1322 0.246070 0.257870 0.037485 0.126852
0 1323 0.444982 0.314352 0.047158 0.158333
0 1325 0.236699 0.599074 0.041717 0.153704
0 1326 0.242443 0.570370 0.037485 0.146296
0 1327 0.022370 0.926852 0.043531 0.146296
0 1328 0.198005 0.595370 0.044135 0.146296
0 1329 0.212817 0.543519 0.042322 0.151852
0 1330 0.177751 0.556944 0.047158 0.154630
0 1342 0.462515 0.590278 0.039903 0.152778
0 1343 0.391173 0.243981 0.030230 0.128704
0 1344 0.413241 0.249537 0.032044 0.126852
0 1345 0.501511 0.576389 0.036880 0.150926
0 1365 0.721886 0.961574 0.048368 0.076852
0 1389 0.924426 0.920370 0.049577 0.151852
0 1394 0.676239 0.969907 0.039299 0.060185
0 1412 0.719468 0.384259 0.042322 0.118519
0 1413 0.764813 0.387500 0.042322 0.137963
0 1444 0.278114 0.385648 0.044740 0.137963
0 1445 0.255744 0.397222 0.035067 0.140741
0 1490 0.548670 0.508796 0.032044 0.126852
0 1501 0.251511 0.976389 0.039903 0.049074
0 1502 0.474002 0.978704 0.039903 0.044444
0 1510 0.511185 0.836111 0.051391 0.181481
0 1522 0.419891 0.891204 0.048972 0.152778
0 1531 0.535369 0.591667 0.044135 0.157407
0 1532 0.487304 0.932870 0.054414 0.134259
0 1549 0.326481 0.782870 0.048368 0.173148
0 1555 0.551995 0.522685 0.037485 0.132407
0 1556 0.520556 0.531481 0.029021 0.107407
0 1557 0.548065 0.620833 0.041717 0.149074
0 1565 0.477328 0.890278 0.061064 0.193519
0 1567 0.359129 0.487037 0.037485 0.135185
0 1570 0.337364 0.401852 0.039903 0.151852
0 1572 0.299274 0.524537 0.039903 0.171296
0 1573 0.480955 0.434259 0.027207 0.120370
0 1592 0.370617 0.715741 0.037485 0.151852
0 1593 0.386336 0.770833 0.044740 0.162037
0 1594 0.412938 0.746759 0.041112 0.167593
0 1595 0.360036 0.740741 0.039299 0.174074
0 1650 0.466747 0.744907 0.044740 0.154630
0 1653 0.675937 0.712963 0.050786 0.157407
0 1654 0.261487 0.457407 0.061064 0.137037
0 1655 0.469468 0.546759 0.039299 0.137963
0 1657 0.457981 0.517593 0.048972 0.135185
0 1658 0.262394 0.643519 0.038694 0.157407
0 1659 0.159613 0.853241 0.055623 0.162037
0 1660 0.467654 0.422685 0.032044 0.149074
0 1661 0.500605 0.402778 0.037485 0.140741
0 1662 0.486094 0.638426 0.042322 0.160185
0 1667 0.443168 0.449537 0.032648 0.115741
0 1668 0.493954 0.466667 0.032648 0.118519
0 1670 0.264208 0.680556 0.044740 0.164815
0 1672 0.333434 0.951852 0.039299 0.098148
0 1673 0.276602 0.957870 0.041717 0.084259
0 1675 0.583434 0.935185 0.038694 0.125926
0 1676 0.549577 0.914352 0.047158 0.169444
0 1680 0.989722 0.104630 0.018138 0.114815
0 1681 0.748489 0.146759 0.026602 0.089815
0 1682 0.942866 0.056481 0.036880 0.111111
0 1683 0.970375 0.062037 0.029021 0.118519
0 1684 0.985490 0.129630 0.027811 0.131481
0 1685 0.921100 0.096296 0.034462 0.129630
0 1686 0.955260 0.149537 0.041112 0.139815
0 1687 0.977630 0.158333 0.037485 0.129630
0 1688 0.913845 0.169444 0.034462 0.131481
0 1689 0.921403 0.177315 0.038694 0.130556
0 1690 0.904172 0.141204 0.036880 0.132407
0 1691 0.895103 0.193981 0.039299 0.132407
0 1692 0.987001 0.374537 0.024788 0.126852
0 1694 0.877872 0.428704 0.048368 0.135185
0 1706 0.590689 0.038889 0.029021 0.075926
0 1709 0.579202 0.037963 0.025393 0.068519
0 1710 0.553204 0.034259 0.035067 0.066667
0 1715 0.688936 0.051852 0.036880 0.101852
0 1716 0.677146 0.101389 0.037485 0.115741
0 1717 0.676239 0.129167 0.034462 0.128704
0 1718 0.700121 0.073611 0.035067 0.130556
0 1725 0.584643 0.048148 0.032648 0.094444
0 1726 0.611245 0.055556 0.035067 0.109259
0 1727 0.567412 0.207407 0.044135 0.135185
0 1728 0.734281 0.168056 0.034462 0.128704
0 1736 0.239722 0.026852 0.032044 0.051852
0 1737 0.207376 0.026852 0.035067 0.051852
0 1741 0.088573 0.038426 0.036880 0.075000
0 1742 0.119407 0.036111 0.030834 0.070370
0 1743 0.152963 0.037037 0.035067 0.072222
0 1744 0.608222 0.085648 0.035067 0.117593
0 1745 0.391173 0.050000 0.030230 0.098148
0 1746 0.413543 0.054167 0.035067 0.106481
0 1747 0.441354 0.045833 0.032648 0.089815
0 1748 0.407195 0.043519 0.032044 0.085185
0 1749 0.236397 0.081481 0.035067 0.118519
0 1750 0.196796 0.090278 0.036880 0.117593
0 1751 0.607013 0.069907 0.032648 0.121296
0 1752 0.640871 0.085185 0.032648 0.114815
0 1753 0.620919 0.112963 0.037485 0.138889
0 1754 0.577086 0.125926 0.034462 0.135185
0 1755 0.401753 0.160185 0.032044 0.120370
0 1756 0.385127 0.114352 0.036276 0.132407
0 1757 0.267533 0.096759 0.036880 0.121296
0 1758 0.206167 0.062500 0.035067 0.112037
0 1759 0.259674 0.056481 0.032044 0.109259
0 1760 0.969770 0.127315 0.035067 0.126852
0 1761 0.600363 0.037963 0.032648 0.074074
