0 1168 0.381802 0.818056 0.039299 0.167593
0 1169 0.362152 0.869444 0.038694 0.157407
0 1173 0.643289 0.829167 0.049577 0.176852
0 1175 0.370012 0.576852 0.044740 0.142593
0 1176 0.328597 0.587037 0.041717 0.146296
0 1181 0.062878 0.621296 0.047158 0.151852
0 1184 0.071947 0.779167 0.054414 0.182407
0 1185 0.112152 0.800463 0.048972 0.195370
0 1188 0.711608 0.475000 0.037485 0.168519
0 1193 0.679867 0.490741 0.048972 0.164815
0 1194 0.692563 0.535185 0.042926 0.161111
0 1195 0.795345 0.776389 0.044135 0.156481
0 1196 0.777509 0.813426 0.054414 0.156481
0 1197 0.362455 0.282407 0.036880 0.135185
0 1198 0.314692 0.306481 0.034462 0.129630
0 1199 0.406892 0.284259 0.037485 0.135185
0 1200 0.398730 0.306944 0.046554 0.139815
0 1201 0.256348 0.784722 0.045949 0.173148
0 1202 0.358827 0.691667 0.039299 0.170370
0 1203 0.362757 0.704167 0.047158 0.156481
0 1205 0.252721 0.815741 0.045949 0.185185
0 1206 0.320738 0.323148 0.045345 0.137037
0 1208 0.634220 0.934259 0.048368 0.129630
0 1209 0.689843 0.920370 0.045949 0.161111
0 1210 0.651149 0.898611 0.041112 0.162037
0 1214 0.968561 0.797685 0.051995 0.162037
0 1215 0.915357 0.753241 0.053204 0.150926
0 1216 0.985187 0.748611 0.027207 0.171296
0 1217 0.894498 0.955093 0.055018 0.089815
0 1218 0.938936 0.956019 0.044740 0.087963
0 1220 0.812576 0.959722 0.048368 0.082407
0 1221 0.764208 0.943056 0.045949 0.115741
0 1222 0.810459 0.541667 0.036880 0.153704
0 1223 0.866687 0.568519 0.048972 0.164815
0 1224 0.842805 0.497685 0.031439 0.104630
0 1225 0.873640 0.511574 0.033857 0.123148
0 1229 0.380593 0.965741 0.044135 0.068519
0 1235 0.152963 0.156019 0.035067 0.126852
0 1236 0.102781 0.275463 0.044740 0.162037
0 1237 0.182588 0.183333 0.035067 0.129630
0 1238 0.664450 0.111574 0.033857 0.126852
0 1239 0.695284 0.114352 0.032648 0.117593
0 1240 0.354293 0.158796 0.036276 0.115741
0 1241 0.321040 0.228241 0.038694 0.139815
0 1242 0.423216 0.187500 0.032648 0.132407
0 1243 0.525998 0.156019 0.035067 0.143519
0 1244 0.433495 0.148148 0.032648 0.127778
0 1245 0.512999 0.188889 0.040508 0.124074
0 1246 0.590992 0.142593 0.036880 0.124074
0 1247 0.626965 0.133796 0.042322 0.126852
0 1249 0.674426 0.135648 0.044135 0.123148
0 1250 0.720375 0.102315 0.034462 0.112037
0 1251 0.744559 0.131944 0.034462 0.134259
0 1252 0.769045 0.256944 0.044740 0.132407
0 1253 0.902056 0.311111 0.035067 0.112963
0 1254 0.930472 0.306019 0.035067 0.134259
0 1255 0.963724 0.223148 0.032648 0.124074
0 1257 0.916868 0.262963 0.034462 0.131481
0 1258 0.962213 0.278704 0.039299 0.140741
0 1259 0.944377 0.352315 0.043531 0.152778
0 1260 0.912334 0.354630 0.042322 0.157407
0 1261 0.778416 0.350000 0.029625 0.098148
0 1262 0.805320 0.326389 0.037485 0.134259
0 1263 0.820435 0.334259 0.030230 0.107407
0 1265 0.986094 0.262500 0.026602 0.145370
0 1266 0.897823 0.424537 0.054414 0.137963
0 1267 0.943168 0.425463 0.042322 0.156481
0 1268 0.954655 0.415741 0.041112 0.146296
0 1269 0.980955 0.402315 0.035671 0.154630
0 1270 0.980653 0.434259 0.036276 0.146296
0 1273 0.917170 0.485648 0.048368 0.143519
0 1274 0.924426 0.560185 0.047158 0.155556
0 1275 0.611548 0.325463 0.042926 0.137963
0 1276 0.642080 0.337037 0.039903 0.151852
0 1277 0.770556 0.305093 0.030834 0.125000
0 1278 0.750302 0.300926 0.033857 0.124074
0 1279 0.662334 0.398611 0.038089 0.152778
0 1280 0.632104 0.389815 0.036880 0.146296
0 1281 0.665961 0.367130 0.029625 0.110185
0 1282 0.679565 0.370833 0.030230 0.108333
0 1283 0.694982 0.375926 0.041717 0.140741
0 1284 0.857316 0.375926 0.037485 0.131481
0 1285 0.866082 0.362963 0.035671 0.124074
0 1286 0.775695 0.598611 0.050786 0.160185
0 1287 0.150544 0.337500 0.042322 0.137963
0 1288 0.188634 0.331944 0.042322 0.132407
0 1289 0.183192 0.404630 0.041112 0.157407
0 1290 0.133615 0.405556 0.042322 0.142593
0 1291 0.051088 0.504630 0.042926 0.164815
0 1292 0.079504 0.531481 0.048972 0.168519
0 1293 0.111548 0.546296 0.034462 0.101852
0 1294 0.419287 0.661574 0.044135 0.158333
0 1295 0.093108 0.193981 0.037485 0.123148
0 1296 0.084946 0.210185 0.039299 0.114815
0 1299 0.110036 0.615741 0.048368 0.157407
0 1306 0.298368 0.665278 0.041717 0.163889
0 1307 0.310157 0.634722 0.038694 0.165741
0 1308 0.349154 0.652778 0.036880 0.146296
0 1311 0.621524 0.803704 0.062878 0.148148
0 1312 0.622430 0.767593 0.067110 0.159259
0 1313 0.635429 0.751852 0.042322 0.140741
0 1314 0.327086 0.837963 0.027811 0.107407
0 1316 0.513603 0.313889 0.039299 0.118519
0 1317 0.333736 0.841667 0.049577 0.170370
0 1320 0.780230 0.237037 0.034462 0.140741
0 1321 0.383918 0.167593 0.037485 0.131481
0 1322 0.293229 0.230556 0.037485 0.125926
0 1323 0.507860 0.274537 0.044740 0.160185
0 1325 0.237304 0.596759 0.039299 0.154630
0 1326 0.240629 0.566667 0.037485 0.146296
0 1327 0.064994 0.850463 0.048972 0.162037
0 1328 0.198005 0.597222 0.044135 0.146296
0 1329 0.214329 0.539352 0.036880 0.150926
0 1330 0.178960 0.558796 0.047158 0.154630
0 1342 0.488513 0.582870 0.039903 0.160185
0 1343 0.393591 0.242593 0.030230 0.129630
0 1344 0.414148 0.249537 0.032648 0.126852
0 1345 0.518138 0.570370 0.036276 0.146296
0 1365 0.711911 0.953241 0.042926 0.093519
0 1389 0.911729 0.856944 0.049577 0.167593
0 1394 0.671100 0.957407 0.038694 0.087037
0 1412 0.720375 0.386111 0.041717 0.118519
0 1413 0.766324 0.388426 0.041717 0.137963
0 1444 0.279021 0.383796 0.044135 0.137963
0 1445 0.257255 0.397685 0.034462 0.137963
0 1490 0.549577 0.506019 0.032648 0.126852
0 1501 0.253930 0.977778 0.039903 0.046296
0 1502 0.477025 0.978704 0.038694 0.044444
0 1510 0.531439 0.825463 0.045949 0.178704
0 1522 0.435308 0.879630 0.045949 0.161111
0 1531 0.534160 0.590741 0.044135 0.157407
0 1532 0.506046 0.921296 0.058041 0.155556
0 1549 0.326784 0.776852 0.044135 0.174074
0 1555 0.553204 0.523611 0.039903 0.132407
0 1556 0.525695 0.526852 0.029625 0.107407
0 1557 0.548670 0.622685 0.041717 0.149074
0 1565 0.494256 0.871759 0.046554 0.191667
0 1567 0.359734 0.488889 0.037485 0.135185
0 1570 0.338573 0.404167 0.035067 0.145370
0 1572 0.306530 0.481019 0.037485 0.162037
0 1573 0.482467 0.434722 0.027811 0.121296
0 1592 0.375453 0.720370 0.037485 0.157407
0 1593 0.390266 0.777778 0.048972 0.164815
0 1594 0.414450 0.745833 0.044135 0.167593
0 1595 0.363362 0.740741 0.038694 0.174074
0 1650 0.466747 0.748611 0.044740 0.154630
0 1653 0.678356 0.706019 0.051995 0.149074
0 1654 0.258464 0.459722 0.056227 0.137963
0 1655 0.474002 0.553704 0.038694 0.135185
0 1657 0.459492 0.521296 0.049577 0.135185
0 1658 0.279021 0.586111 0.039299 0.151852
0 1659 0.194982 0.808333 0.061064 0.157407
0 1660 0.469770 0.423611 0.032648 0.149074
0 1661 0.490326 0.397685 0.033857 0.139815
0 1662 0.494861 0.637037 0.041717 0.159259
0 1667 0.455260 0.451852 0.030230 0.114815
0 1668 0.495466 0.466667 0.032044 0.118519
0 1670 0.271161 0.622222 0.048972 0.168519
0 1672 0.217050 0.962963 0.037485 0.075926
0 1673 0.152358 0.958796 0.045949 0.084259
0 1676 0.541717 0.969907 0.048368 0.060185
0 1680 0.989722 0.066667 0.018138 0.107407
0 1681 0.695889 0.122685 0.026602 0.089815
0 1682 0.949214 0.035648 0.032648 0.069444
0 1683 0.974607 0.037037 0.030230 0.072222
0 1684 0.987908 0.092593 0.021765 0.129630
0 1685 0.925030 0.055556 0.036276 0.109259
0 1686 0.957074 0.106019 0.042322 0.132407
0 1687 0.979746 0.112037 0.036880 0.124074
0 1688 0.922310 0.121296 0.034462 0.124074
0 1689 0.936215 0.133333 0.041717 0.131481
0 1690 0.917775 0.084722 0.035067 0.121296
0 1691 0.894800 0.136111 0.042322 0.131481
0 1692 0.984281 0.342130 0.030230 0.126852
0 1694 0.897823 0.384259 0.045949 0.135185
0 1706 0.567412 0.026852 0.027207 0.051852
0 1709 0.551391 0.025000 0.025393 0.048148
0 1715 0.700726 0.032407 0.035067 0.062963
0 1716 0.686518 0.069907 0.036880 0.115741
0 1717 0.669589 0.086574 0.034462 0.126852
0 1718 0.712213 0.053704 0.035067 0.105556
0 1725 0.630895 0.037963 0.032044 0.074074
0 1726 0.655079 0.039352 0.029625 0.076852
0 1727 0.555320 0.158796 0.041717 0.134259
0 1728 0.718863 0.137037 0.035067 0.129630
0 1736 0.210097 0.019907 0.032044 0.037963
0 1737 0.171403 0.025463 0.034462 0.049074
0 1741 0.056227 0.019907 0.030230 0.037963
0 1742 0.079807 0.019907 0.031439 0.037963
0 1743 0.108827 0.023611 0.027811 0.045370
0 1744 0.650846 0.057870 0.034462 0.106481
0 1745 0.457376 0.042130 0.029625 0.082407
0 1746 0.472491 0.045833 0.034462 0.089815
0 1747 0.456167 0.025000 0.028416 0.048148
0 1748 0.431076 0.023611 0.027811 0.045370
0 1749 0.196191 0.061574 0.035671 0.117593
0 1750 0.159915 0.064352 0.036880 0.115741
0 1751 0.638150 0.052778 0.032044 0.103704
0 1752 0.681378 0.057870 0.032648 0.110185
0 1753 0.642080 0.081019 0.037485 0.137963
0 1754 0.608525 0.081481 0.034462 0.124074
0 1755 0.449214 0.111111 0.032648 0.111111
0 1756 0.431076 0.083333 0.035067 0.129630
0 1757 0.297461 0.063889 0.036276 0.118519
0 1758 0.247279 0.043981 0.033857 0.086111
0 1759 0.294135 0.033333 0.029625 0.064815
0 1760 0.974002 0.093056 0.035067 0.126852
0 1761 0.579202 0.025463 0.027811 0.049074
