0 1168 0.375151 0.817593 0.040508 0.166667
0 1169 0.352479 0.875000 0.048368 0.150000
0 1173 0.643289 0.824537 0.049577 0.176852
0 1175 0.366082 0.574074 0.044135 0.142593
0 1176 0.329807 0.587037 0.041717 0.146296
0 1181 0.062576 0.599537 0.046554 0.149074
0 1184 0.071342 0.761111 0.054414 0.181481
0 1185 0.110339 0.767130 0.051391 0.191667
0 1188 0.706469 0.462963 0.036880 0.170370
0 1193 0.673821 0.476389 0.048972 0.167593
0 1194 0.690145 0.522685 0.041717 0.162037
0 1195 0.788089 0.765278 0.044135 0.156481
0 1196 0.772068 0.800463 0.053204 0.152778
0 1197 0.363059 0.282407 0.036880 0.135185
0 1198 0.315296 0.307407 0.034462 0.129630
0 1199 0.406892 0.286111 0.037485 0.135185
0 1200 0.396010 0.306481 0.041112 0.140741
0 1201 0.271463 0.763426 0.045949 0.173148
0 1202 0.393894 0.674074 0.039299 0.164815
0 1203 0.394196 0.691204 0.044740 0.150926
0 1205 0.259371 0.794444 0.045949 0.185185
0 1206 0.321040 0.323148 0.044740 0.137037
0 1208 0.634825 0.928241 0.048368 0.141667
0 1209 0.692866 0.912037 0.045949 0.170370
0 1210 0.657195 0.883796 0.041112 0.162037
0 1214 0.964631 0.782870 0.048972 0.162037
0 1215 0.914752 0.737963 0.048368 0.151852
0 1216 0.981862 0.732870 0.033857 0.171296
0 1217 0.884220 0.939815 0.058646 0.120370
0 1218 0.930472 0.940278 0.045949 0.119444
0 1220 0.819831 0.948611 0.048368 0.104630
0 1221 0.771765 0.929167 0.048972 0.141667
0 1222 0.811971 0.528241 0.036276 0.150926
0 1223 0.865175 0.553704 0.048368 0.164815
0 1224 0.848549 0.485185 0.033253 0.103704
0 1225 0.874849 0.498148 0.033857 0.122222
0 1229 0.407497 0.956944 0.048368 0.086111
0 1235 0.154776 0.146759 0.035067 0.126852
0 1236 0.110339 0.263889 0.039299 0.162963
0 1237 0.188936 0.173148 0.034462 0.125926
0 1238 0.646312 0.103704 0.033857 0.124074
0 1239 0.675635 0.110185 0.032044 0.118519
0 1240 0.357316 0.144907 0.035067 0.115741
0 1241 0.334643 0.218056 0.039299 0.132407
0 1242 0.436518 0.180093 0.032648 0.132407
0 1243 0.522370 0.143981 0.035067 0.143519
0 1244 0.445889 0.138426 0.032044 0.125000
0 1245 0.519347 0.181019 0.039903 0.123148
0 1246 0.591294 0.131019 0.035067 0.123148
0 1247 0.627570 0.127315 0.042322 0.126852
0 1249 0.674426 0.131019 0.044135 0.123148
0 1250 0.715840 0.100463 0.035067 0.112037
0 1251 0.737304 0.122222 0.034462 0.129630
0 1252 0.767533 0.245833 0.044135 0.132407
0 1253 0.892080 0.297222 0.034462 0.112963
0 1254 0.922007 0.292130 0.035067 0.134259
0 1255 0.963724 0.206481 0.032648 0.124074
0 1257 0.912938 0.250926 0.035067 0.131481
0 1258 0.962817 0.263889 0.039299 0.140741
0 1259 0.946493 0.338889 0.041717 0.150000
0 1260 0.912334 0.343519 0.042322 0.157407
0 1261 0.776602 0.334259 0.029625 0.098148
0 1262 0.804111 0.312500 0.037485 0.134259
0 1263 0.818017 0.317593 0.030230 0.107407
0 1265 0.987001 0.250463 0.024788 0.145370
0 1266 0.899335 0.410648 0.052600 0.137963
0 1267 0.946191 0.414815 0.042322 0.157407
0 1268 0.953446 0.402778 0.041112 0.146296
0 1269 0.980048 0.391667 0.037485 0.153704
0 1270 0.980653 0.421296 0.037485 0.146296
0 1273 0.915054 0.475000 0.048972 0.144444
0 1274 0.925030 0.542130 0.047158 0.149074
0 1275 0.606106 0.308796 0.041717 0.136111
0 1276 0.640871 0.321296 0.039903 0.151852
0 1277 0.759371 0.290278 0.032648 0.121296
0 1278 0.741233 0.291667 0.035067 0.125926
0 1279 0.658706 0.383333 0.039299 0.148148
0 1280 0.628779 0.373148 0.036276 0.142593
0 1281 0.658706 0.352315 0.029625 0.110185
0 1282 0.672310 0.362037 0.030230 0.107407
0 1283 0.691354 0.367593 0.036880 0.133333
0 1284 0.855804 0.375000 0.038089 0.131481
0 1285 0.865478 0.362963 0.034462 0.124074
0 1286 0.773579 0.577778 0.050181 0.159259
0 1287 0.158404 0.330093 0.042322 0.137963
0 1288 0.194075 0.322222 0.042322 0.131481
0 1289 0.193773 0.387963 0.036880 0.153704
0 1290 0.147823 0.390741 0.039299 0.138889
0 1291 0.064994 0.486574 0.039299 0.165741
0 1292 0.090085 0.509259 0.042322 0.168519
0 1293 0.117896 0.526389 0.032648 0.099074
0 1294 0.435611 0.652315 0.044135 0.162037
0 1295 0.105200 0.193981 0.037485 0.123148
0 1296 0.081923 0.207407 0.039299 0.120370
0 1299 0.110036 0.597222 0.048368 0.157407
0 1306 0.294135 0.665741 0.041717 0.162963
0 1307 0.300181 0.638426 0.039299 0.165741
0 1308 0.346131 0.655556 0.036880 0.153704
0 1311 0.589178 0.800000 0.046554 0.148148
0 1312 0.593108 0.767130 0.056832 0.160185
0 1313 0.605200 0.750000 0.042322 0.140741
0 1314 0.324365 0.838889 0.027207 0.107407
0 1316 0.532950 0.299074 0.039299 0.118519
0 1317 0.328295 0.842593 0.049577 0.168519
0 1320 0.777509 0.225000 0.033857 0.138889
0 1321 0.390871 0.159259 0.039299 0.131481
0 1322 0.302297 0.220833 0.043531 0.126852
0 1323 0.519045 0.260185 0.044135 0.157407
0 1325 0.237908 0.596759 0.039299 0.154630
0 1326 0.241233 0.566667 0.037485 0.146296
0 1327 0.079202 0.826389 0.048368 0.158333
0 1328 0.197703 0.598148 0.042322 0.146296
0 1329 0.214027 0.539352 0.037485 0.150926
0 1330 0.179565 0.558796 0.047158 0.154630
0 1342 0.490931 0.582870 0.039903 0.160185
0 1343 0.394196 0.243519 0.030230 0.129630
0 1344 0.413543 0.249537 0.032648 0.126852
0 1345 0.523579 0.567593 0.036276 0.146296
0 1365 0.709794 0.948148 0.038694 0.101852
0 1389 0.910520 0.838426 0.049577 0.165741
0 1394 0.672914 0.948611 0.038694 0.104630
0 1412 0.721584 0.385648 0.039299 0.117593
0 1413 0.766324 0.388889 0.041717 0.137037
0 1444 0.279927 0.386574 0.044740 0.137963
0 1445 0.256046 0.398611 0.034462 0.137963
0 1490 0.549577 0.506019 0.032648 0.126852
0 1501 0.254232 0.977778 0.039299 0.046296
0 1502 0.477630 0.980093 0.038694 0.041667
0 1510 0.530834 0.829167 0.044740 0.178704
0 1522 0.436820 0.880556 0.048972 0.157407
0 1531 0.534764 0.590741 0.044135 0.157407
0 1532 0.511185 0.920370 0.061064 0.157407
0 1549 0.328597 0.776852 0.044135 0.174074
0 1555 0.553204 0.523611 0.039903 0.132407
0 1556 0.525998 0.523148 0.030230 0.107407
0 1557 0.547461 0.622685 0.041717 0.152778
0 1565 0.499093 0.867130 0.046554 0.189815
0 1567 0.358525 0.488889 0.037485 0.135185
0 1570 0.336457 0.406481 0.035671 0.146296
0 1572 0.311971 0.472685 0.037485 0.162037
0 1573 0.482467 0.435648 0.027811 0.121296
0 1592 0.374547 0.720370 0.036880 0.157407
0 1593 0.394800 0.781019 0.048368 0.167593
0 1594 0.415357 0.748148 0.045949 0.170370
0 1595 0.363362 0.740741 0.038694 0.174074
0 1624 0.009976 0.425926 0.018742 0.161111
0 1641 0.003930 0.251852 0.006651 0.129630
0 1650 0.466747 0.749537 0.044740 0.154630
0 1653 0.681378 0.706019 0.051995 0.149074
0 1654 0.260580 0.458333 0.054414 0.142593
0 1655 0.474607 0.554630 0.038694 0.135185
0 1657 0.459492 0.521296 0.049577 0.135185
0 1658 0.281439 0.572222 0.039299 0.151852
0 1659 0.204353 0.799074 0.059250 0.157407
0 1660 0.470979 0.424537 0.032648 0.149074
0 1661 0.489117 0.398148 0.033857 0.140741
0 1662 0.502418 0.637037 0.041112 0.157407
0 1667 0.451632 0.457407 0.030230 0.114815
0 1668 0.495466 0.467593 0.032044 0.118519
0 1670 0.276602 0.608333 0.048972 0.168519
0 1672 0.180472 0.971759 0.036880 0.058333
0 1673 0.119407 0.967130 0.044135 0.067593
0 1680 0.989722 0.056019 0.018138 0.104630
0 1681 0.676542 0.116667 0.027811 0.090741
0 1682 0.950121 0.030556 0.032044 0.059259
0 1683 0.980048 0.031944 0.030230 0.062037
0 1684 0.988815 0.082870 0.019952 0.128704
0 1685 0.923216 0.048611 0.036276 0.095370
0 1686 0.956469 0.093981 0.042322 0.130556
0 1687 0.980653 0.100926 0.037485 0.124074
0 1688 0.925333 0.107407 0.034462 0.124074
0 1689 0.938029 0.120370 0.041717 0.131481
0 1690 0.919891 0.071296 0.034462 0.120370
0 1691 0.901753 0.121759 0.041717 0.130556
0 1692 0.985187 0.331944 0.028416 0.126852
0 1694 0.903265 0.372685 0.044740 0.134259
0 1706 0.555925 0.024074 0.027207 0.046296
0 1709 0.537787 0.021759 0.025998 0.041667
0 1715 0.704958 0.026852 0.035067 0.051852
0 1716 0.693773 0.062963 0.036880 0.112963
0 1717 0.669589 0.079167 0.034462 0.126852
0 1718 0.723700 0.046759 0.035067 0.091667
0 1725 0.639359 0.032407 0.032044 0.062963
0 1726 0.664148 0.034259 0.029625 0.066667
0 1727 0.553507 0.146759 0.041717 0.134259
0 1728 0.717050 0.127315 0.035067 0.128704
0 1736 0.200423 0.018519 0.032044 0.035185
0 1737 0.159915 0.025463 0.032044 0.049074
0 1742 0.071040 0.019444 0.028416 0.037037
0 1743 0.098247 0.021759 0.024788 0.041667
0 1744 0.660822 0.050463 0.033857 0.099074
0 1745 0.474305 0.037963 0.033253 0.074074
0 1746 0.492745 0.044907 0.032648 0.087963
0 1747 0.459492 0.020833 0.026602 0.039815
0 1748 0.434401 0.020833 0.025998 0.039815
0 1749 0.187122 0.055556 0.034462 0.109259
0 1750 0.150242 0.058796 0.036880 0.115741
0 1751 0.643289 0.045833 0.032648 0.089815
0 1752 0.692261 0.054167 0.032648 0.106481
0 1753 0.647219 0.071296 0.035671 0.131481
0 1754 0.617291 0.072222 0.033857 0.124074
0 1755 0.462515 0.100463 0.032648 0.110185
0 1756 0.443773 0.074537 0.030230 0.128704
0 1757 0.305018 0.058333 0.035671 0.114815
0 1758 0.257860 0.041667 0.034462 0.081481
0 1759 0.301088 0.033796 0.030230 0.065741
0 1760 0.976119 0.078241 0.034462 0.126852
0 1761 0.573458 0.019444 0.027207 0.037037
