0 1168 0.386336 0.817593 0.038694 0.170370
0 1169 0.367594 0.865278 0.038694 0.163889
0 1173 0.646917 0.833796 0.048368 0.176852
0 1175 0.375453 0.577315 0.047158 0.143519
0 1176 0.331318 0.587037 0.042322 0.146296
0 1181 0.062273 0.636111 0.045949 0.151852
0 1184 0.071342 0.798611 0.054414 0.182407
0 1185 0.114571 0.817593 0.051391 0.194444
0 1188 0.714027 0.485648 0.038694 0.167593
0 1193 0.684704 0.501852 0.048972 0.162963
0 1194 0.694680 0.550000 0.045949 0.162963
0 1195 0.806227 0.781944 0.044135 0.156481
0 1196 0.784764 0.820833 0.059250 0.154630
0 1197 0.361245 0.281481 0.036880 0.135185
0 1198 0.314087 0.304630 0.034462 0.129630
0 1199 0.407799 0.282407 0.038089 0.135185
0 1200 0.402056 0.303704 0.053204 0.142593
0 1201 0.245768 0.807407 0.046554 0.175926
0 1202 0.327993 0.707407 0.039299 0.172222
0 1203 0.331016 0.721759 0.046554 0.156481
0 1205 0.251511 0.837037 0.045949 0.188889
0 1206 0.320435 0.323148 0.045949 0.137037
0 1208 0.632709 0.941667 0.048972 0.116667
0 1209 0.689238 0.925926 0.045949 0.150000
0 1210 0.646312 0.912500 0.041112 0.162037
0 1214 0.971584 0.814815 0.050786 0.166667
0 1215 0.924123 0.764352 0.053809 0.152778
0 1216 0.987606 0.763889 0.022370 0.168519
0 1217 0.903869 0.968519 0.049577 0.064815
0 1218 0.949214 0.970370 0.041112 0.061111
0 1220 0.807134 0.970833 0.048368 0.060185
0 1221 0.759976 0.956019 0.045949 0.087963
0 1222 0.811669 0.554167 0.036880 0.154630
0 1223 0.868803 0.582407 0.049577 0.164815
0 1224 0.840992 0.509722 0.030230 0.104630
0 1225 0.871826 0.521759 0.033857 0.123148
0 1229 0.367291 0.978241 0.039299 0.045370
0 1235 0.149940 0.163426 0.035067 0.126852
0 1236 0.090992 0.284722 0.044135 0.162037
0 1237 0.178053 0.194444 0.034462 0.129630
0 1238 0.679565 0.118981 0.033857 0.126852
0 1239 0.712213 0.123611 0.031439 0.119444
0 1240 0.347944 0.162963 0.036880 0.116667
0 1241 0.308041 0.236574 0.036880 0.139815
0 1242 0.409915 0.193981 0.032648 0.132407
0 1243 0.527811 0.168056 0.037485 0.143519
0 1244 0.422612 0.161111 0.032648 0.129630
0 1245 0.505139 0.194444 0.041717 0.124074
0 1246 0.589782 0.150926 0.036880 0.124074
0 1247 0.625756 0.139352 0.042322 0.126852
0 1249 0.675030 0.142593 0.044135 0.125926
0 1250 0.720375 0.108796 0.034462 0.112037
0 1251 0.749395 0.139815 0.034462 0.133333
0 1252 0.774184 0.265278 0.044135 0.132407
0 1253 0.909008 0.323148 0.034462 0.112963
0 1254 0.937727 0.318056 0.035067 0.134259
0 1255 0.959794 0.232407 0.032044 0.124074
0 1257 0.921100 0.274074 0.034462 0.131481
0 1258 0.962213 0.293981 0.039299 0.139815
0 1259 0.944075 0.364352 0.044135 0.154630
0 1260 0.911125 0.367593 0.042322 0.157407
0 1261 0.780834 0.362963 0.029625 0.098148
0 1262 0.805925 0.339352 0.037485 0.134259
0 1263 0.822249 0.349074 0.030230 0.107407
0 1265 0.986397 0.273611 0.027207 0.145370
0 1266 0.896917 0.438426 0.053809 0.137963
0 1267 0.941959 0.434722 0.042322 0.156481
0 1268 0.955865 0.426852 0.041112 0.146296
0 1269 0.982164 0.411574 0.033253 0.154630
0 1270 0.982164 0.448611 0.033253 0.145370
0 1273 0.920496 0.500000 0.046554 0.148148
0 1274 0.924728 0.569907 0.046554 0.152778
0 1275 0.616989 0.338889 0.041717 0.137037
0 1276 0.643591 0.351852 0.039299 0.151852
0 1277 0.779323 0.316204 0.030230 0.126852
0 1278 0.758767 0.308333 0.033857 0.125926
0 1279 0.664450 0.410185 0.037485 0.153704
0 1280 0.636034 0.401389 0.037485 0.145370
0 1281 0.669891 0.374537 0.030230 0.110185
0 1282 0.685611 0.384722 0.031439 0.110185
0 1283 0.700423 0.383333 0.041717 0.142593
0 1284 0.857920 0.375926 0.037485 0.131481
0 1285 0.866687 0.363889 0.035671 0.124074
0 1286 0.778718 0.611574 0.050786 0.158333
0 1287 0.142080 0.346759 0.039903 0.137963
0 1288 0.181983 0.342130 0.042322 0.132407
0 1289 0.173519 0.414352 0.041112 0.152778
0 1290 0.126360 0.419444 0.043531 0.142593
0 1291 0.037787 0.520833 0.040508 0.163889
0 1292 0.070738 0.549074 0.049577 0.168519
0 1293 0.104595 0.566204 0.035067 0.102778
0 1294 0.396010 0.671296 0.044740 0.161111
0 1295 0.085852 0.191667 0.037485 0.124074
0 1296 0.083132 0.210185 0.039299 0.114815
0 1299 0.109432 0.635185 0.048368 0.159259
0 1306 0.300484 0.663889 0.042322 0.164815
0 1307 0.320435 0.633796 0.038694 0.165741
0 1308 0.352479 0.656019 0.037485 0.143519
0 1311 0.655683 0.803704 0.046554 0.148148
0 1312 0.657799 0.770833 0.060459 0.160185
0 1313 0.663845 0.750000 0.042322 0.140741
0 1314 0.327086 0.837963 0.027811 0.107407
0 1316 0.495163 0.326852 0.039903 0.118519
0 1317 0.336759 0.841667 0.048368 0.172222
0 1320 0.784462 0.247685 0.034462 0.139815
0 1321 0.378779 0.175926 0.034462 0.131481
0 1322 0.281439 0.238426 0.038089 0.125000
0 1323 0.493349 0.285185 0.045949 0.159259
0 1325 0.236397 0.597222 0.041112 0.153704
0 1326 0.240629 0.566667 0.037485 0.146296
0 1327 0.056832 0.879630 0.051995 0.170370
0 1328 0.197703 0.596296 0.044740 0.146296
0 1329 0.214933 0.539352 0.036880 0.150926
0 1330 0.177751 0.557870 0.047158 0.154630
0 1342 0.483676 0.582870 0.039903 0.160185
0 1343 0.393591 0.242130 0.030230 0.128704
0 1344 0.414148 0.247685 0.032648 0.126852
0 1345 0.512696 0.572222 0.036276 0.146296
0 1365 0.717654 0.955556 0.047158 0.088889
0 1389 0.912334 0.875000 0.049577 0.168519
0 1394 0.672310 0.961111 0.038694 0.075926
0 1412 0.719770 0.385185 0.041717 0.118519
0 1413 0.766324 0.387500 0.041717 0.137963
0 1444 0.279021 0.381944 0.044135 0.137963
0 1445 0.256651 0.397685 0.034462 0.137963
0 1490 0.550181 0.506019 0.032648 0.126852
0 1501 0.253325 0.977315 0.039903 0.047222
0 1502 0.477025 0.978241 0.038694 0.045370
0 1510 0.527811 0.820833 0.049577 0.176852
0 1522 0.434099 0.881019 0.045949 0.162037
0 1531 0.533857 0.590741 0.044740 0.157407
0 1532 0.501511 0.922685 0.055018 0.154630
0 1549 0.324063 0.776852 0.045949 0.174074
0 1555 0.553204 0.522685 0.039903 0.132407
0 1556 0.525393 0.529630 0.029021 0.107407
0 1557 0.548670 0.622685 0.041717 0.149074
0 1565 0.493954 0.875000 0.048368 0.192593
0 1567 0.359734 0.488889 0.037485 0.135185
0 1570 0.338271 0.402315 0.035671 0.147222
0 1572 0.300484 0.485648 0.036276 0.162037
0 1573 0.481862 0.434259 0.027811 0.120370
0 1592 0.374849 0.720370 0.037485 0.157407
0 1593 0.387545 0.775000 0.048368 0.162963
0 1594 0.414148 0.744907 0.042322 0.165741
0 1595 0.361245 0.740741 0.039299 0.174074
0 1650 0.466747 0.747685 0.044740 0.154630
0 1653 0.677146 0.707407 0.051995 0.151852
0 1654 0.256953 0.461111 0.058041 0.135185
0 1655 0.473700 0.550926 0.039299 0.135185
0 1657 0.458888 0.519444 0.049577 0.135185
0 1658 0.274788 0.598148 0.039299 0.151852
0 1659 0.184401 0.814815 0.056832 0.155556
0 1660 0.470677 0.421759 0.032044 0.149074
0 1661 0.491536 0.397222 0.036276 0.140741
0 1662 0.488513 0.637500 0.042322 0.160185
0 1667 0.453748 0.449537 0.032044 0.115741
0 1668 0.494861 0.466667 0.032044 0.118519
0 1670 0.266022 0.638889 0.048368 0.168519
0 1672 0.251511 0.955093 0.037485 0.087963
0 1673 0.184099 0.954630 0.048972 0.092593
0 1675 0.580713 0.977778 0.039299 0.046296
0 1676 0.546554 0.956019 0.049577 0.087963
0 1680 0.989722 0.076389 0.018138 0.110185
0 1681 0.714027 0.128241 0.025393 0.089815
0 1682 0.947400 0.039352 0.036276 0.076852
0 1683 0.972793 0.043056 0.029021 0.084259
0 1684 0.987606 0.101852 0.023579 0.131481
0 1685 0.925030 0.061111 0.036276 0.120370
0 1686 0.959492 0.118056 0.041112 0.132407
0 1687 0.978839 0.122222 0.036276 0.124074
0 1688 0.920496 0.133333 0.034462 0.125926
0 1689 0.928960 0.146759 0.041717 0.132407
0 1690 0.915659 0.097685 0.036880 0.125000
0 1691 0.890871 0.149537 0.041717 0.130556
0 1692 0.983676 0.350463 0.031439 0.126852
0 1694 0.889359 0.394444 0.048368 0.135185
0 1706 0.577690 0.029630 0.027207 0.057407
0 1709 0.563785 0.027315 0.024788 0.052778
0 1715 0.697400 0.037037 0.035671 0.072222
0 1716 0.681681 0.076389 0.036880 0.115741
0 1717 0.670193 0.095833 0.034462 0.126852
0 1718 0.707376 0.057870 0.035067 0.113889
0 1725 0.622128 0.042130 0.032648 0.082407
0 1726 0.647521 0.044907 0.030230 0.087963
0 1727 0.556530 0.172222 0.042926 0.135185
0 1728 0.720073 0.145370 0.035067 0.129630
0 1736 0.217352 0.019907 0.032044 0.037963
0 1737 0.182890 0.025926 0.034462 0.050000
0 1741 0.064087 0.025463 0.030230 0.049074
0 1742 0.090085 0.022685 0.027811 0.043519
0 1743 0.122733 0.027315 0.027811 0.052778
0 1744 0.639964 0.066204 0.034462 0.110185
0 1745 0.439541 0.044907 0.027811 0.087963
0 1746 0.457074 0.046759 0.032648 0.091667
0 1747 0.452842 0.029167 0.030230 0.056481
0 1748 0.424426 0.028704 0.029021 0.055556
0 1749 0.207981 0.068981 0.037485 0.121296
0 1750 0.170193 0.070833 0.036880 0.117593
0 1751 0.629686 0.055093 0.032044 0.108333
0 1752 0.671100 0.061574 0.032648 0.113889
0 1753 0.636638 0.090278 0.037485 0.137963
0 1754 0.600060 0.089815 0.034462 0.124074
0 1755 0.436518 0.120370 0.032648 0.112963
0 1756 0.419287 0.090741 0.034462 0.129630
0 1757 0.288392 0.073611 0.037485 0.121296
0 1758 0.236397 0.050000 0.033857 0.098148
0 1759 0.287183 0.042130 0.030230 0.082407
0 1760 0.974002 0.101389 0.035067 0.126852
0 1761 0.587364 0.026389 0.029625 0.050926
