0 1163 0.668682 0.985648 0.030230 0.028704
0 1164 0.724607 0.949074 0.046554 0.101852
0 1165 0.679867 0.966667 0.041717 0.066667
0 1166 0.881499 0.844444 0.054414 0.146296
0 1168 0.166264 0.773148 0.045949 0.175926
0 1169 0.138452 0.799537 0.051995 0.160185
0 1173 0.641475 0.600926 0.043531 0.153704
0 1175 0.336155 0.562500 0.041112 0.149074
0 1176 0.299879 0.561111 0.044740 0.146296
0 1181 0.115780 0.397222 0.041717 0.140741
0 1183 0.009069 0.461574 0.016929 0.147222
0 1184 0.077993 0.505556 0.051995 0.161111
0 1185 0.132709 0.506944 0.044135 0.165741
0 1188 0.618198 0.319907 0.034462 0.156481
0 1193 0.599456 0.342130 0.052600 0.154630
0 1194 0.638452 0.366204 0.038694 0.150926
0 1195 0.723700 0.669444 0.044740 0.153704
0 1196 0.742140 0.706944 0.051391 0.149074
0 1197 0.349456 0.285185 0.043531 0.129630
0 1198 0.317715 0.301852 0.034462 0.135185
0 1199 0.441959 0.269444 0.037485 0.135185
0 1200 0.432285 0.292130 0.041112 0.137963
0 1201 0.484281 0.576852 0.037485 0.153704
0 1202 0.510278 0.506944 0.038694 0.149074
0 1203 0.517533 0.538426 0.042322 0.143519
0 1205 0.460701 0.618056 0.038694 0.173148
0 1206 0.328295 0.313889 0.041112 0.140741
0 1208 0.647521 0.775926 0.045949 0.175926
0 1209 0.739722 0.782407 0.046554 0.151852
0 1210 0.750605 0.748611 0.041717 0.154630
0 1212 0.956167 0.806944 0.058646 0.178704
0 1213 0.598247 0.919907 0.051391 0.162037
0 1214 0.911125 0.620833 0.049577 0.160185
0 1215 0.870617 0.573611 0.050786 0.145370
0 1216 0.936518 0.568981 0.045949 0.160185
0 1217 0.871221 0.711574 0.051995 0.165741
0 1218 0.911729 0.712963 0.044740 0.164815
0 1220 0.828597 0.706019 0.050181 0.165741
0 1221 0.805925 0.664352 0.047158 0.171296
0 1222 0.851874 0.374537 0.036276 0.136111
0 1223 0.888452 0.403704 0.046554 0.151852
0 1224 0.901451 0.356481 0.027811 0.101852
0 1225 0.918682 0.350463 0.029625 0.110185
0 1227 0.522370 0.979630 0.036276 0.040741
0 1229 0.730955 0.879630 0.053204 0.188889
0 1230 0.818924 0.800463 0.063482 0.160185
0 1231 0.788089 0.845370 0.053809 0.155556
0 1235 0.201632 0.046296 0.029625 0.090741
0 1236 0.129988 0.122222 0.041112 0.151852
0 1237 0.294740 0.073611 0.038089 0.117593
0 1238 0.425030 0.033796 0.037485 0.065741
0 1239 0.452237 0.029167 0.032648 0.056481
0 1240 0.429867 0.053241 0.030230 0.104630
0 1241 0.465840 0.110648 0.036880 0.134259
0 1242 0.490629 0.068519 0.036880 0.122222
0 1243 0.525393 0.040741 0.032648 0.079630
0 1244 0.532648 0.060648 0.031439 0.119444
0 1245 0.550181 0.073148 0.032648 0.125926
0 1246 0.595828 0.047685 0.036880 0.093519
0 1247 0.626058 0.045833 0.041717 0.089815
0 1249 0.665054 0.064815 0.038694 0.122222
0 1250 0.691052 0.053241 0.030230 0.104630
0 1251 0.713120 0.050000 0.032044 0.098148
0 1252 0.734583 0.134722 0.038694 0.126852
0 1253 0.766022 0.137500 0.033857 0.104630
0 1254 0.788996 0.125000 0.033857 0.124074
0 1255 0.963724 0.069907 0.032648 0.119444
0 1257 0.929565 0.101389 0.032044 0.123148
0 1258 0.962515 0.119444 0.039903 0.140741
0 1259 0.958585 0.191204 0.041717 0.141667
0 1260 0.911125 0.180556 0.039903 0.146296
0 1261 0.840085 0.183333 0.035671 0.088889
0 1262 0.867594 0.185185 0.036276 0.124074
0 1263 0.884825 0.194444 0.029625 0.103704
0 1265 0.991233 0.105556 0.017533 0.129630
0 1266 0.905683 0.261574 0.047158 0.137963
0 1267 0.941354 0.288889 0.042322 0.157407
0 1268 0.951028 0.267593 0.039903 0.137037
0 1269 0.972793 0.258333 0.037485 0.148148
0 1270 0.982467 0.297685 0.033857 0.143519
0 1271 0.971584 0.336574 0.036276 0.137963
0 1272 0.991536 0.356019 0.015719 0.132407
0 1273 0.954655 0.351852 0.047158 0.140741
0 1274 0.936215 0.395833 0.039299 0.143519
0 1275 0.598247 0.154630 0.039299 0.129630
0 1276 0.636034 0.156944 0.038694 0.145370
0 1277 0.643894 0.183796 0.027811 0.115741
0 1278 0.628174 0.182407 0.032648 0.124074
0 1279 0.607920 0.218981 0.036880 0.137963
0 1280 0.575272 0.223611 0.036880 0.137963
0 1281 0.649637 0.227315 0.034462 0.110185
0 1282 0.674728 0.239815 0.030230 0.101852
0 1283 0.700726 0.234722 0.048368 0.134259
0 1284 0.765719 0.292130 0.039299 0.132407
0 1285 0.794135 0.295370 0.033253 0.124074
0 1286 0.810459 0.390278 0.048972 0.147222
0 1287 0.280834 0.199537 0.040508 0.132407
0 1288 0.331923 0.204167 0.035067 0.126852
0 1289 0.356409 0.236111 0.036880 0.148148
0 1290 0.314692 0.238426 0.036880 0.126852
0 1291 0.204353 0.285648 0.038694 0.143519
0 1292 0.236397 0.307870 0.039903 0.149074
0 1293 0.254232 0.333796 0.023579 0.095370
0 1294 0.528718 0.469444 0.039299 0.142593
0 1295 0.159613 0.185648 0.037485 0.123148
0 1296 0.084643 0.181481 0.045949 0.114815
0 1297 0.021161 0.299537 0.041112 0.143519
0 1298 0.036578 0.318056 0.046554 0.143519
0 1299 0.152963 0.382407 0.045949 0.151852
0 1306 0.098549 0.664815 0.044740 0.164815
0 1307 0.124244 0.634722 0.047763 0.154630
0 1308 0.156288 0.626389 0.045345 0.149074
0 1311 0.244861 0.914815 0.047158 0.146296
0 1312 0.246372 0.876389 0.063482 0.165741
0 1313 0.265115 0.842593 0.039299 0.131481
0 1314 0.074365 0.742593 0.032648 0.118519
0 1316 0.656590 0.120833 0.037485 0.110185
0 1317 0.062878 0.750000 0.056832 0.168519
0 1320 0.734583 0.109259 0.035067 0.129630
0 1321 0.450423 0.056944 0.032648 0.112037
0 1322 0.435913 0.111574 0.042322 0.119444
0 1323 0.637848 0.099074 0.039903 0.157407
0 1325 0.242443 0.587500 0.043531 0.162037
0 1326 0.243047 0.563889 0.037485 0.146296
0 1327 0.149940 0.588889 0.044740 0.151852
0 1328 0.195586 0.585185 0.041717 0.146296
0 1329 0.210097 0.539815 0.039299 0.148148
0 1330 0.165659 0.568519 0.043531 0.146296
0 1342 0.574970 0.560648 0.039903 0.160185
0 1343 0.396312 0.238889 0.032044 0.129630
0 1344 0.418984 0.244444 0.032648 0.129630
0 1345 0.602479 0.535185 0.032044 0.148148
0 1365 0.712817 0.821759 0.043531 0.147222
0 1389 0.885127 0.633333 0.044740 0.148148
0 1394 0.696796 0.787500 0.039299 0.137963
0 1412 0.725514 0.380093 0.039903 0.115741
0 1413 0.770254 0.382407 0.042322 0.135185
0 1444 0.282950 0.380093 0.044740 0.137963
0 1445 0.258767 0.393981 0.035067 0.137963
0 1490 0.555925 0.506019 0.032044 0.126852
0 1501 0.252418 0.976389 0.039299 0.049074
0 1502 0.476421 0.977778 0.038694 0.046296
0 1510 0.527509 0.821296 0.044135 0.181481
0 1522 0.449214 0.872685 0.044740 0.160185
0 1531 0.537183 0.587963 0.039299 0.159259
0 1532 0.572854 0.778241 0.055018 0.165741
0 1549 0.327388 0.777315 0.052600 0.165741
0 1555 0.555623 0.519907 0.039903 0.132407
0 1556 0.535671 0.515741 0.030230 0.107407
0 1557 0.564389 0.620370 0.041717 0.153704
0 1565 0.501814 0.866667 0.049577 0.187037
0 1567 0.363966 0.488889 0.037485 0.129630
0 1570 0.294438 0.408333 0.042322 0.148148
0 1572 0.350060 0.425926 0.042322 0.151852
0 1573 0.483978 0.429630 0.032044 0.120370
0 1592 0.373942 0.719444 0.036880 0.157407
0 1593 0.396917 0.772685 0.052600 0.165741
0 1594 0.415054 0.742130 0.041717 0.171296
0 1595 0.367291 0.737963 0.039299 0.174074
0 1624 0.126663 0.304167 0.039299 0.149074
0 1632 0.033555 0.227778 0.029625 0.131481
0 1633 0.049577 0.237037 0.035067 0.133333
0 1634 0.007557 0.903241 0.013906 0.184259
0 1641 0.004232 0.210185 0.007255 0.125926
0 1642 0.089782 0.306944 0.036880 0.145370
0 1650 0.536880 0.715278 0.049577 0.143519
0 1651 0.113362 0.890741 0.046554 0.185185
0 1652 0.175635 0.865741 0.052600 0.177778
0 1653 0.683192 0.694444 0.051995 0.148148
0 1654 0.250605 0.462037 0.046554 0.140741
0 1655 0.473096 0.546296 0.036880 0.137037
0 1657 0.461004 0.514352 0.048972 0.134259
0 1658 0.322854 0.425463 0.035067 0.143519
0 1659 0.301391 0.661111 0.047763 0.151852
0 1660 0.471584 0.416667 0.032648 0.146296
0 1661 0.490931 0.392593 0.035067 0.140741
0 1662 0.515719 0.643056 0.037485 0.167593
0 1664 0.069226 0.300926 0.036880 0.124074
0 1667 0.447400 0.448611 0.030230 0.115741
0 1668 0.498489 0.464815 0.032044 0.118519
0 1670 0.314692 0.453241 0.048972 0.160185
0 1681 0.465840 0.023611 0.022370 0.045370
0 1693 0.987606 0.222222 0.023579 0.124074
0 1694 0.894498 0.219444 0.044135 0.135185
0 1717 0.764208 0.014352 0.027811 0.026852
0 1727 0.552600 0.042130 0.037485 0.082407
0 1728 0.682890 0.037963 0.029625 0.074074
0 1755 0.593712 0.016204 0.027811 0.030556
0 1935 0.992443 0.067593 0.012696 0.090741
