0 1164 0.777509 0.964815 0.051995 0.070370
0 1165 0.740024 0.986111 0.025393 0.029630
0 1166 0.931378 0.862963 0.052600 0.146296
0 1168 0.234885 0.794444 0.058646 0.175926
0 1169 0.209492 0.827778 0.045345 0.161111
0 1173 0.627570 0.663889 0.049577 0.161111
0 1175 0.346735 0.569907 0.039299 0.145370
0 1176 0.315599 0.572222 0.042322 0.146296
0 1181 0.102177 0.446296 0.048368 0.142593
0 1184 0.065599 0.576389 0.050181 0.173148
0 1185 0.126663 0.578241 0.046554 0.176852
0 1188 0.646010 0.361574 0.039299 0.156481
0 1193 0.621826 0.374537 0.048972 0.154630
0 1194 0.660218 0.405093 0.038694 0.154630
0 1195 0.743349 0.696759 0.041717 0.154630
0 1196 0.744256 0.727315 0.051995 0.149074
0 1197 0.358222 0.282407 0.036880 0.135185
0 1198 0.315296 0.303704 0.034462 0.135185
0 1199 0.420193 0.275926 0.037485 0.135185
0 1200 0.425635 0.300926 0.042322 0.140741
0 1201 0.434401 0.634722 0.040508 0.162037
0 1202 0.492443 0.577778 0.039299 0.151852
0 1203 0.495163 0.602315 0.043531 0.149074
0 1205 0.405079 0.658796 0.037485 0.165741
0 1206 0.324063 0.318056 0.044740 0.137963
0 1208 0.640266 0.806944 0.045949 0.176852
0 1209 0.720979 0.812963 0.046554 0.157407
0 1210 0.718863 0.775000 0.041112 0.157407
0 1212 0.978839 0.881481 0.039903 0.177778
0 1213 0.601572 0.969907 0.050786 0.060185
0 1214 0.923216 0.668056 0.050786 0.160185
0 1215 0.884220 0.620833 0.051391 0.149074
0 1216 0.944982 0.611111 0.047158 0.157407
0 1217 0.874244 0.775000 0.054414 0.170370
0 1218 0.915961 0.781019 0.045949 0.165741
0 1220 0.831318 0.778241 0.050786 0.165741
0 1221 0.798670 0.733333 0.045949 0.175926
0 1222 0.838271 0.416667 0.036880 0.151852
0 1223 0.876965 0.441667 0.046554 0.151852
0 1224 0.882709 0.389815 0.025393 0.103704
0 1225 0.906288 0.389815 0.030230 0.109259
0 1229 0.659311 0.916667 0.059855 0.168519
0 1230 0.795345 0.876389 0.068319 0.162037
0 1231 0.767533 0.927778 0.053809 0.140741
0 1235 0.176542 0.062500 0.033857 0.119444
0 1236 0.122430 0.164815 0.041717 0.153704
0 1237 0.258162 0.098148 0.039903 0.124074
0 1238 0.486699 0.047222 0.035067 0.092593
0 1239 0.512696 0.045833 0.032648 0.089815
0 1240 0.412938 0.075000 0.030230 0.107407
0 1241 0.432285 0.143519 0.035067 0.137037
0 1242 0.484281 0.097222 0.037485 0.127778
0 1243 0.523277 0.061111 0.034462 0.120370
0 1244 0.516626 0.085185 0.032044 0.125926
0 1245 0.541415 0.102315 0.038089 0.126852
0 1246 0.591898 0.065278 0.036276 0.119444
0 1247 0.628174 0.062500 0.041112 0.115741
0 1249 0.668077 0.089352 0.042322 0.128704
0 1250 0.688634 0.072222 0.030230 0.112963
0 1251 0.715236 0.066204 0.035067 0.121296
0 1252 0.749698 0.161111 0.039903 0.127778
0 1253 0.803809 0.181481 0.032044 0.112963
0 1254 0.827690 0.169444 0.033857 0.127778
0 1255 0.966445 0.107870 0.032044 0.121296
0 1257 0.920193 0.148611 0.032648 0.126852
0 1258 0.964933 0.160185 0.039903 0.140741
0 1259 0.952842 0.231019 0.042322 0.143519
0 1260 0.904474 0.230556 0.041112 0.157407
0 1261 0.816203 0.214815 0.030230 0.096296
0 1262 0.844015 0.209259 0.036276 0.124074
0 1263 0.860036 0.225926 0.029625 0.103704
0 1265 0.988513 0.141204 0.021765 0.137963
0 1266 0.909613 0.303241 0.046554 0.137963
0 1267 0.943773 0.329630 0.042322 0.157407
0 1268 0.957981 0.300926 0.040508 0.137037
0 1269 0.978235 0.300000 0.037485 0.153704
0 1270 0.980048 0.335648 0.037485 0.145370
0 1271 0.980955 0.374537 0.034462 0.139815
0 1273 0.946796 0.382870 0.047158 0.143519
0 1274 0.934099 0.438426 0.044740 0.149074
0 1275 0.606409 0.196296 0.039903 0.129630
0 1276 0.632709 0.201389 0.039299 0.147222
0 1277 0.674123 0.212500 0.027811 0.115741
0 1278 0.657799 0.212037 0.035067 0.124074
0 1279 0.617594 0.270833 0.039299 0.143519
0 1280 0.587062 0.271759 0.037485 0.143519
0 1281 0.650242 0.261111 0.029625 0.107407
0 1282 0.674728 0.272685 0.030230 0.104630
0 1283 0.704655 0.270370 0.048972 0.133333
0 1284 0.788996 0.326389 0.039903 0.132407
0 1285 0.825272 0.332407 0.033857 0.124074
0 1286 0.797158 0.442130 0.046554 0.147222
0 1287 0.241233 0.233333 0.037485 0.131481
0 1288 0.288089 0.233796 0.034462 0.126852
0 1289 0.308343 0.275463 0.037485 0.149074
0 1290 0.269347 0.279167 0.041717 0.132407
0 1291 0.169589 0.332870 0.039299 0.147222
0 1292 0.191354 0.356944 0.039299 0.149074
0 1293 0.211608 0.381944 0.027811 0.095370
0 1294 0.506651 0.552315 0.044740 0.165741
0 1295 0.159008 0.189352 0.035067 0.123148
0 1296 0.083434 0.185185 0.044740 0.114815
0 1297 0.009371 0.350000 0.017533 0.146296
0 1298 0.029927 0.359259 0.044135 0.144444
0 1299 0.140871 0.438426 0.045949 0.150926
0 1306 0.163845 0.669907 0.044740 0.165741
0 1307 0.173519 0.645833 0.039903 0.165741
0 1308 0.217352 0.642593 0.036880 0.151852
0 1311 0.348549 0.885648 0.053809 0.149074
0 1312 0.351270 0.845370 0.055623 0.159259
0 1313 0.363059 0.822222 0.041717 0.135185
0 1314 0.150242 0.801852 0.032044 0.118519
0 1316 0.628779 0.172222 0.037485 0.118519
0 1317 0.131197 0.803704 0.061669 0.174074
0 1320 0.751511 0.138889 0.035067 0.129630
0 1321 0.432890 0.081019 0.036276 0.121296
0 1322 0.402963 0.146296 0.040508 0.125926
0 1323 0.613059 0.142593 0.039903 0.157407
0 1325 0.241233 0.594444 0.043531 0.159259
0 1326 0.243349 0.565741 0.036880 0.146296
0 1327 0.138755 0.643056 0.044135 0.156481
0 1328 0.198912 0.591667 0.042322 0.146296
0 1329 0.211911 0.540278 0.039299 0.149074
0 1330 0.179262 0.559259 0.044135 0.153704
0 1342 0.552297 0.557870 0.039299 0.160185
0 1343 0.394800 0.241667 0.032648 0.129630
0 1344 0.418984 0.246296 0.032648 0.129630
0 1345 0.586759 0.546296 0.038089 0.142593
0 1365 0.708888 0.865278 0.042926 0.145370
0 1389 0.905381 0.694907 0.047763 0.150926
0 1394 0.680169 0.825463 0.039903 0.137963
0 1412 0.726119 0.382870 0.039903 0.115741
0 1413 0.770254 0.386111 0.042322 0.135185
0 1444 0.282950 0.382870 0.044740 0.137963
0 1445 0.258767 0.395833 0.035067 0.137963
0 1490 0.555320 0.508796 0.032044 0.126852
0 1501 0.257255 0.975926 0.039299 0.046296
0 1502 0.473398 0.979630 0.039903 0.042593
0 1510 0.527207 0.823611 0.044740 0.180556
0 1522 0.446493 0.875000 0.046554 0.159259
0 1531 0.536880 0.587037 0.039903 0.159259
0 1532 0.570435 0.824537 0.053809 0.169444
0 1549 0.327993 0.771296 0.047763 0.164815
0 1555 0.551995 0.521759 0.039903 0.132407
0 1556 0.538694 0.520370 0.030230 0.107407
0 1557 0.559553 0.624074 0.041717 0.151852
0 1565 0.500907 0.867593 0.046554 0.190741
0 1567 0.363966 0.488889 0.037485 0.129630
0 1570 0.305623 0.405556 0.040508 0.148148
0 1572 0.344317 0.431019 0.042926 0.150926
0 1573 0.485490 0.435648 0.029021 0.121296
0 1592 0.373035 0.721296 0.037485 0.157407
0 1593 0.397521 0.775463 0.053809 0.165741
0 1594 0.414148 0.743056 0.042322 0.171296
0 1595 0.364873 0.739815 0.039299 0.174074
0 1624 0.091596 0.336574 0.039299 0.154630
0 1633 0.004232 0.272222 0.007255 0.140741
0 1634 0.007557 0.906481 0.013906 0.185185
0 1641 0.004232 0.216204 0.007255 0.126852
0 1642 0.058948 0.335185 0.040508 0.144444
0 1650 0.509674 0.737500 0.049577 0.143519
0 1651 0.064994 0.915278 0.057437 0.169444
0 1652 0.135127 0.913889 0.059855 0.172222
0 1653 0.684401 0.703704 0.051995 0.148148
0 1654 0.237606 0.467130 0.047158 0.143519
0 1655 0.472491 0.548148 0.036880 0.137037
0 1657 0.460701 0.519444 0.049577 0.135185
0 1658 0.302902 0.456481 0.033857 0.146296
0 1659 0.290508 0.702778 0.048972 0.151852
0 1660 0.474002 0.418519 0.032648 0.146296
0 1661 0.492745 0.395370 0.035067 0.140741
0 1662 0.510278 0.636574 0.037485 0.156481
0 1664 0.028718 0.333796 0.036880 0.132407
0 1667 0.447400 0.451389 0.030230 0.115741
0 1668 0.499395 0.466667 0.032648 0.118519
0 1670 0.318017 0.487037 0.045949 0.175926
0 1681 0.525393 0.044444 0.027811 0.074074
0 1686 0.946796 0.033796 0.033857 0.065741
0 1687 0.976421 0.034722 0.030230 0.067593
0 1689 0.917473 0.028704 0.029625 0.055556
0 1691 0.892382 0.025926 0.038694 0.050000
0 1693 0.984885 0.257407 0.029021 0.124074
0 1694 0.894498 0.261111 0.044135 0.135185
0 1717 0.729746 0.032407 0.027811 0.062963
0 1727 0.553507 0.056944 0.036880 0.112037
0 1728 0.679262 0.054630 0.029625 0.107407
0 1749 0.116687 0.018519 0.026602 0.035185
0 1750 0.082527 0.026852 0.030834 0.051852
0 1753 0.702842 0.026389 0.032044 0.050926
0 1754 0.668682 0.020370 0.027811 0.038889
0 1755 0.562878 0.031944 0.026602 0.062037
0 1757 0.353083 0.016667 0.030230 0.031481
0 1760 0.975514 0.026852 0.029625 0.051852
