0 1164 0.784462 0.971759 0.046554 0.056481
0 1166 0.967956 0.879167 0.042322 0.143519
0 1168 0.285973 0.814352 0.039903 0.171296
0 1169 0.260278 0.856481 0.041717 0.174074
0 1173 0.625151 0.723611 0.049577 0.176852
0 1175 0.350967 0.571296 0.041717 0.142593
0 1176 0.314692 0.578704 0.041717 0.146296
0 1181 0.087666 0.479630 0.053204 0.142593
0 1184 0.066505 0.625463 0.053204 0.173148
0 1185 0.121524 0.628241 0.047158 0.182407
0 1188 0.663543 0.387963 0.036880 0.162963
0 1193 0.636638 0.393981 0.045949 0.154630
0 1194 0.663543 0.436111 0.039299 0.157407
0 1195 0.751209 0.708796 0.041717 0.154630
0 1196 0.745163 0.745370 0.056227 0.155556
0 1197 0.367896 0.287037 0.036880 0.135185
0 1198 0.315296 0.305556 0.034462 0.135185
0 1199 0.409915 0.282407 0.037485 0.135185
0 1200 0.412636 0.306481 0.041717 0.140741
0 1201 0.401451 0.667593 0.039903 0.162963
0 1202 0.471886 0.613889 0.039299 0.151852
0 1203 0.480955 0.631019 0.044135 0.149074
0 1205 0.364268 0.686574 0.039299 0.169444
0 1206 0.322551 0.320833 0.044135 0.137963
0 1208 0.643591 0.839815 0.046554 0.175926
0 1209 0.717050 0.845833 0.045949 0.165741
0 1210 0.698307 0.798148 0.041112 0.157407
0 1212 0.980955 0.919907 0.035671 0.160185
0 1214 0.933495 0.699074 0.051995 0.159259
0 1215 0.885732 0.654167 0.055623 0.150926
0 1216 0.958888 0.645833 0.045949 0.163889
0 1217 0.871221 0.819907 0.056832 0.165741
0 1218 0.911729 0.825926 0.045949 0.175926
0 1220 0.833736 0.832407 0.055623 0.166667
0 1221 0.786578 0.781944 0.050786 0.173148
0 1222 0.828900 0.448611 0.036276 0.150926
0 1223 0.868198 0.467130 0.045949 0.150926
0 1224 0.872430 0.414352 0.030230 0.104630
0 1225 0.895103 0.418519 0.032044 0.111111
0 1229 0.593410 0.931019 0.053809 0.139815
0 1230 0.776904 0.929167 0.067715 0.141667
0 1231 0.745466 0.960648 0.054414 0.076852
0 1235 0.165659 0.087500 0.035067 0.126852
0 1236 0.133615 0.194444 0.042322 0.157407
0 1237 0.240629 0.122222 0.039903 0.124074
0 1238 0.527811 0.057407 0.035067 0.111111
0 1239 0.556832 0.060648 0.032648 0.119444
0 1240 0.399637 0.097685 0.031439 0.106481
0 1241 0.409613 0.162037 0.034462 0.137037
0 1242 0.477328 0.123611 0.034462 0.132407
0 1243 0.523277 0.074537 0.034462 0.136111
0 1244 0.505139 0.098611 0.032044 0.123148
0 1245 0.540206 0.125926 0.039299 0.125926
0 1246 0.590689 0.082407 0.036276 0.120370
0 1247 0.628174 0.080556 0.042322 0.124074
0 1249 0.668984 0.104630 0.039299 0.124074
0 1250 0.698609 0.081481 0.029625 0.112963
0 1251 0.720073 0.084259 0.033857 0.129630
0 1252 0.755744 0.185185 0.039903 0.131481
0 1253 0.824365 0.211111 0.032044 0.112963
0 1254 0.850967 0.201389 0.034462 0.132407
0 1255 0.964329 0.137963 0.032648 0.124074
0 1257 0.909311 0.172685 0.033857 0.126852
0 1258 0.966747 0.186111 0.039903 0.140741
0 1259 0.947703 0.259722 0.041717 0.143519
0 1260 0.906892 0.262037 0.042322 0.157407
0 1261 0.797158 0.237963 0.029625 0.096296
0 1262 0.825272 0.232407 0.036276 0.124074
0 1263 0.845526 0.250926 0.029625 0.103704
0 1265 0.986699 0.174074 0.025393 0.142593
0 1266 0.906892 0.341204 0.051995 0.137963
0 1267 0.944377 0.356481 0.042322 0.157407
0 1268 0.956771 0.325000 0.041717 0.140741
0 1269 0.980955 0.325463 0.036880 0.154630
0 1270 0.978235 0.355556 0.041112 0.146296
0 1271 0.985187 0.391667 0.028416 0.135185
0 1273 0.935308 0.405093 0.045949 0.143519
0 1274 0.928053 0.463426 0.044740 0.149074
0 1275 0.608827 0.224074 0.039903 0.129630
0 1276 0.634522 0.232407 0.039299 0.151852
0 1277 0.691657 0.231019 0.027811 0.115741
0 1278 0.675030 0.232407 0.034462 0.124074
0 1279 0.626663 0.302315 0.039299 0.143519
0 1280 0.599456 0.298611 0.036880 0.143519
0 1281 0.642382 0.283333 0.029625 0.107407
0 1282 0.668077 0.300463 0.030230 0.106481
0 1283 0.701028 0.301389 0.044135 0.137963
0 1284 0.810157 0.347685 0.039903 0.132407
0 1285 0.847642 0.350926 0.033857 0.124074
0 1286 0.783555 0.476389 0.049577 0.149074
0 1287 0.214329 0.262037 0.038089 0.135185
0 1288 0.257557 0.257407 0.037485 0.125926
0 1289 0.274788 0.303241 0.036880 0.149074
0 1290 0.237606 0.309722 0.042322 0.132407
0 1291 0.142382 0.376389 0.039299 0.156481
0 1292 0.160822 0.393981 0.038694 0.149074
0 1293 0.180774 0.418519 0.031439 0.096296
0 1294 0.489420 0.596759 0.044135 0.165741
0 1295 0.158706 0.191204 0.032044 0.123148
0 1296 0.082527 0.186111 0.042926 0.114815
0 1298 0.017533 0.386574 0.033857 0.145370
0 1299 0.130895 0.480556 0.044135 0.161111
0 1306 0.202237 0.670833 0.041717 0.162037
0 1307 0.206469 0.627315 0.039299 0.165741
0 1308 0.258162 0.647222 0.044740 0.146296
0 1311 0.410822 0.856019 0.041717 0.149074
0 1312 0.404474 0.825463 0.055623 0.160185
0 1313 0.426844 0.803704 0.042322 0.135185
0 1314 0.201330 0.816204 0.029021 0.110185
0 1316 0.603386 0.199074 0.037485 0.118519
0 1317 0.190447 0.825463 0.061669 0.169444
0 1320 0.762999 0.161111 0.035067 0.129630
0 1321 0.419891 0.100463 0.036880 0.121296
0 1322 0.383313 0.168519 0.037485 0.125926
0 1323 0.587666 0.164815 0.039903 0.157407
0 1325 0.240629 0.596759 0.044740 0.154630
0 1326 0.243349 0.566667 0.036880 0.146296
0 1327 0.135429 0.692593 0.045949 0.161111
0 1328 0.200121 0.594444 0.042322 0.146296
0 1329 0.213120 0.541204 0.039299 0.149074
0 1330 0.178960 0.556481 0.044740 0.153704
0 1342 0.524788 0.566204 0.039903 0.160185
0 1343 0.395405 0.243056 0.032648 0.128704
0 1344 0.415961 0.249074 0.031439 0.129630
0 1345 0.569226 0.550000 0.036880 0.140741
0 1365 0.707678 0.890278 0.040508 0.147222
0 1389 0.903869 0.738426 0.048368 0.160185
0 1394 0.676542 0.867130 0.039903 0.145370
0 1412 0.724305 0.384722 0.039903 0.115741
0 1413 0.767231 0.387963 0.042322 0.135185
0 1444 0.281741 0.383796 0.044740 0.137963
0 1445 0.257860 0.398611 0.034462 0.137963
0 1490 0.554111 0.509722 0.032044 0.126852
0 1501 0.257557 0.976852 0.039903 0.046296
0 1502 0.472491 0.979630 0.039299 0.042593
0 1510 0.527207 0.825926 0.044740 0.179630
0 1522 0.444680 0.877778 0.047763 0.159259
0 1531 0.536578 0.592593 0.044135 0.159259
0 1532 0.565296 0.858796 0.055623 0.173148
0 1549 0.327993 0.775926 0.045345 0.164815
0 1555 0.552600 0.522685 0.039903 0.132407
0 1556 0.536880 0.524074 0.030230 0.107407
0 1557 0.550786 0.622685 0.041112 0.150926
0 1565 0.500302 0.868519 0.046554 0.190741
0 1567 0.362455 0.488889 0.036880 0.129630
0 1570 0.312878 0.408796 0.038089 0.149074
0 1572 0.337969 0.433796 0.044740 0.150926
0 1573 0.484281 0.434722 0.027811 0.121296
0 1592 0.370919 0.722222 0.036880 0.157407
0 1593 0.399033 0.775463 0.059250 0.162037
0 1594 0.412334 0.747685 0.043531 0.171296
0 1595 0.364268 0.740741 0.039299 0.174074
0 1624 0.063785 0.361574 0.039299 0.156481
0 1634 0.006348 0.907407 0.011487 0.185185
0 1641 0.004232 0.225463 0.007255 0.126852
0 1642 0.036578 0.359259 0.041717 0.142593
0 1650 0.483071 0.739352 0.049577 0.143519
0 1651 0.023579 0.936574 0.045949 0.128704
0 1652 0.089178 0.931481 0.046554 0.137037
0 1653 0.683495 0.704167 0.053809 0.149074
0 1654 0.235187 0.467130 0.058041 0.143519
0 1655 0.472491 0.548148 0.036880 0.137037
0 1657 0.461306 0.523148 0.049577 0.135185
0 1658 0.296252 0.489815 0.035067 0.151852
0 1659 0.271765 0.731019 0.044135 0.154630
0 1660 0.474607 0.422222 0.032648 0.148148
0 1661 0.491838 0.397222 0.034462 0.140741
0 1662 0.506953 0.637037 0.040508 0.157407
0 1664 0.009976 0.358796 0.018742 0.132407
0 1667 0.445586 0.452315 0.030230 0.115741
0 1668 0.497582 0.469444 0.032648 0.118519
0 1670 0.308646 0.507407 0.046554 0.196296
0 1681 0.569528 0.059259 0.027811 0.087037
0 1684 0.990024 0.041667 0.017533 0.081481
0 1686 0.950423 0.045370 0.036276 0.088889
0 1687 0.978537 0.049537 0.034462 0.097222
0 1688 0.901149 0.034722 0.034462 0.067593
0 1689 0.923519 0.046759 0.039299 0.091667
0 1690 0.923216 0.022222 0.033857 0.042593
0 1691 0.906288 0.051389 0.039903 0.100926
0 1693 0.983071 0.284722 0.032648 0.123148
0 1694 0.903567 0.297685 0.044135 0.134259
0 1716 0.756046 0.027315 0.036880 0.052778
0 1717 0.703144 0.043519 0.033857 0.085185
0 1718 0.781741 0.021759 0.030230 0.041667
0 1727 0.547461 0.074537 0.039299 0.123148
0 1728 0.677751 0.078241 0.029021 0.121296
0 1744 0.719468 0.019907 0.032648 0.037963
0 1746 0.581016 0.013426 0.031439 0.025000
0 1749 0.131499 0.030556 0.034462 0.059259
0 1750 0.099456 0.034259 0.036880 0.066667
0 1752 0.748489 0.022685 0.030230 0.043519
0 1753 0.685611 0.035648 0.032648 0.069444
0 1754 0.655381 0.031481 0.032648 0.061111
0 1755 0.541717 0.041667 0.026602 0.081481
0 1756 0.516022 0.040741 0.034462 0.079630
0 1757 0.341596 0.027315 0.030230 0.052778
0 1758 0.304414 0.015741 0.027207 0.029630
0 1760 0.975514 0.037963 0.029625 0.074074
