0 1164 0.776602 0.964352 0.051391 0.071296
0 1165 0.738513 0.984722 0.024788 0.032407
0 1166 0.928960 0.861574 0.053809 0.145370
0 1168 0.232769 0.793519 0.061669 0.175926
0 1169 0.207678 0.826389 0.046554 0.162037
0 1173 0.628174 0.661574 0.049577 0.160185
0 1175 0.346131 0.569444 0.039299 0.146296
0 1176 0.315599 0.572222 0.042322 0.146296
0 1181 0.103386 0.444444 0.047158 0.142593
0 1184 0.066203 0.573611 0.050181 0.173148
0 1185 0.127267 0.576389 0.046554 0.176852
0 1188 0.644800 0.361574 0.039299 0.156481
0 1193 0.621524 0.373611 0.048368 0.154630
0 1194 0.659613 0.403241 0.038694 0.154630
0 1195 0.742745 0.695833 0.041717 0.154630
0 1196 0.744256 0.726852 0.051995 0.148148
0 1197 0.357920 0.282407 0.037485 0.135185
0 1198 0.315296 0.303704 0.034462 0.135185
0 1199 0.420798 0.275926 0.037485 0.135185
0 1200 0.426239 0.300926 0.042322 0.140741
0 1201 0.435308 0.632407 0.041112 0.161111
0 1202 0.493047 0.575926 0.039299 0.151852
0 1203 0.495768 0.601389 0.043531 0.149074
0 1205 0.406892 0.656944 0.037485 0.165741
0 1206 0.324365 0.318056 0.044135 0.137963
0 1208 0.640266 0.806019 0.045949 0.175000
0 1209 0.721584 0.812037 0.046554 0.157407
0 1210 0.720073 0.773148 0.041112 0.157407
0 1212 0.978235 0.878704 0.041112 0.179630
0 1213 0.600967 0.968519 0.053204 0.062963
0 1214 0.922612 0.665741 0.049577 0.159259
0 1215 0.883615 0.618981 0.051391 0.149074
0 1216 0.944377 0.610185 0.047158 0.157407
0 1217 0.873942 0.772685 0.053809 0.169444
0 1218 0.915357 0.778241 0.045949 0.165741
0 1220 0.830713 0.775463 0.050786 0.165741
0 1221 0.799274 0.730556 0.045949 0.175926
0 1222 0.838875 0.414815 0.036880 0.151852
0 1223 0.877570 0.440741 0.046554 0.151852
0 1224 0.883615 0.387963 0.025998 0.103704
0 1225 0.906892 0.388889 0.030230 0.109259
0 1229 0.662636 0.915741 0.062878 0.170370
0 1230 0.797158 0.873611 0.068319 0.162037
0 1231 0.768138 0.925926 0.053809 0.144444
0 1235 0.177146 0.061111 0.033857 0.118519
0 1236 0.121524 0.162963 0.041112 0.153704
0 1237 0.258767 0.096759 0.039903 0.123148
0 1238 0.484885 0.047222 0.035067 0.092593
0 1239 0.510278 0.044907 0.032648 0.087963
0 1240 0.413543 0.074074 0.030230 0.107407
0 1241 0.433192 0.142130 0.034462 0.136111
0 1242 0.484281 0.096296 0.037485 0.127778
0 1243 0.523277 0.060648 0.034462 0.119444
0 1244 0.517533 0.085185 0.031439 0.125926
0 1245 0.542019 0.101389 0.038089 0.126852
0 1246 0.592503 0.064815 0.036276 0.118519
0 1247 0.628174 0.061574 0.041112 0.115741
0 1249 0.667775 0.088426 0.041717 0.128704
0 1250 0.688634 0.071759 0.030230 0.112037
0 1251 0.714631 0.065278 0.035067 0.121296
0 1252 0.749093 0.160185 0.039903 0.127778
0 1253 0.802902 0.179630 0.032648 0.112963
0 1254 0.826481 0.167593 0.033857 0.127778
0 1255 0.966143 0.106944 0.031439 0.121296
0 1257 0.920193 0.147685 0.032648 0.126852
0 1258 0.964933 0.159259 0.039903 0.140741
0 1259 0.953446 0.230093 0.042322 0.143519
0 1260 0.904474 0.228704 0.041112 0.157407
0 1261 0.817412 0.213889 0.030230 0.096296
0 1262 0.844619 0.208333 0.036276 0.124074
0 1263 0.860641 0.225000 0.029625 0.103704
0 1265 0.988815 0.139352 0.021161 0.137963
0 1266 0.909915 0.301389 0.047158 0.137963
0 1267 0.943168 0.327778 0.042322 0.157407
0 1268 0.957981 0.300000 0.040508 0.137037
0 1269 0.978235 0.298611 0.037485 0.152778
0 1270 0.980351 0.334722 0.036880 0.145370
0 1271 0.980955 0.373611 0.034462 0.139815
0 1273 0.947400 0.381944 0.047158 0.143519
0 1274 0.934099 0.436574 0.044740 0.149074
0 1275 0.606409 0.195370 0.039903 0.129630
0 1276 0.632406 0.200000 0.038694 0.148148
0 1277 0.672914 0.211574 0.027811 0.115741
0 1278 0.657195 0.212037 0.035067 0.124074
0 1279 0.617594 0.269907 0.039299 0.143519
0 1280 0.586457 0.270833 0.037485 0.143519
0 1281 0.649637 0.259259 0.029625 0.107407
0 1282 0.674728 0.271759 0.030230 0.104630
0 1283 0.704051 0.268981 0.048972 0.132407
0 1284 0.788089 0.325463 0.039299 0.132407
0 1285 0.824063 0.331481 0.033857 0.124074
0 1286 0.797158 0.439352 0.046554 0.147222
0 1287 0.242443 0.231944 0.037485 0.130556
0 1288 0.288996 0.232870 0.035067 0.126852
0 1289 0.309553 0.273611 0.037485 0.149074
0 1290 0.271161 0.277315 0.041717 0.132407
0 1291 0.170798 0.331481 0.039299 0.148148
0 1292 0.192563 0.355093 0.039299 0.149074
0 1293 0.212515 0.380093 0.027207 0.095370
0 1294 0.506651 0.549537 0.044740 0.165741
0 1295 0.158706 0.189352 0.035671 0.123148
0 1296 0.083434 0.185185 0.044740 0.114815
0 1297 0.009674 0.347685 0.018138 0.145370
0 1298 0.030532 0.356481 0.044135 0.142593
0 1299 0.141475 0.436574 0.045949 0.150926
0 1306 0.162334 0.669907 0.046554 0.165741
0 1307 0.172310 0.644907 0.039903 0.165741
0 1308 0.215840 0.641667 0.037485 0.151852
0 1311 0.345224 0.884722 0.050786 0.149074
0 1312 0.347642 0.846296 0.055623 0.159259
0 1313 0.360641 0.823148 0.041717 0.135185
0 1314 0.148126 0.801852 0.032648 0.118519
0 1316 0.629988 0.171296 0.037485 0.118519
0 1317 0.128779 0.802778 0.061669 0.174074
0 1320 0.751511 0.137963 0.035067 0.129630
0 1321 0.433495 0.080093 0.036276 0.121296
0 1322 0.403869 0.144907 0.041112 0.126852
0 1323 0.614268 0.141667 0.039903 0.157407
0 1325 0.241233 0.593981 0.043531 0.160185
0 1326 0.243349 0.565741 0.036880 0.146296
0 1327 0.138755 0.641204 0.044135 0.156481
0 1328 0.198307 0.590741 0.042322 0.146296
0 1329 0.211306 0.540278 0.039299 0.149074
0 1330 0.179262 0.559259 0.044135 0.153704
0 1342 0.552902 0.557870 0.039299 0.160185
0 1343 0.394800 0.241667 0.032648 0.129630
0 1344 0.418984 0.246296 0.032648 0.129630
0 1345 0.587969 0.546759 0.038089 0.143519
0 1365 0.709190 0.864352 0.043531 0.145370
0 1389 0.905079 0.693056 0.047158 0.150926
0 1394 0.680169 0.823611 0.039903 0.137963
0 1412 0.726119 0.382870 0.039903 0.115741
0 1413 0.770254 0.385185 0.042322 0.135185
0 1444 0.282950 0.381944 0.044740 0.137963
0 1445 0.258767 0.395833 0.035067 0.137963
0 1490 0.555320 0.508796 0.032044 0.126852
0 1501 0.257255 0.975926 0.039299 0.046296
0 1502 0.473398 0.979630 0.039903 0.042593
0 1510 0.527207 0.823611 0.044740 0.180556
0 1522 0.446796 0.875000 0.045949 0.159259
0 1531 0.536880 0.587037 0.039903 0.159259
0 1532 0.570435 0.823148 0.053809 0.168519
0 1549 0.328295 0.771296 0.048368 0.164815
0 1555 0.551995 0.520833 0.039903 0.132407
0 1556 0.538694 0.520370 0.030230 0.107407
0 1557 0.560459 0.624074 0.042322 0.151852
0 1565 0.500907 0.867593 0.046554 0.190741
0 1567 0.363966 0.488889 0.037485 0.129630
0 1570 0.305623 0.405093 0.040508 0.149074
0 1572 0.344317 0.430556 0.042926 0.151852
0 1573 0.485490 0.435185 0.029021 0.120370
0 1592 0.373035 0.721296 0.037485 0.157407
0 1593 0.397521 0.775463 0.053809 0.165741
0 1594 0.414148 0.743056 0.042322 0.171296
0 1595 0.364873 0.739815 0.039299 0.174074
0 1624 0.092805 0.335648 0.039299 0.154630
0 1633 0.005139 0.270833 0.009069 0.139815
0 1634 0.007557 0.906481 0.013906 0.185185
0 1641 0.004232 0.215278 0.007255 0.126852
0 1642 0.060459 0.333796 0.041112 0.143519
0 1650 0.510883 0.736574 0.049577 0.143519
0 1651 0.067715 0.914352 0.059250 0.171296
0 1652 0.137243 0.912963 0.061669 0.174074
0 1653 0.684401 0.703704 0.051995 0.148148
0 1654 0.237304 0.467130 0.046554 0.143519
0 1655 0.472491 0.548148 0.036880 0.137037
0 1657 0.460701 0.518981 0.049577 0.134259
0 1658 0.302902 0.455093 0.033857 0.145370
0 1659 0.290810 0.701852 0.049577 0.151852
0 1660 0.474002 0.418519 0.032648 0.146296
0 1661 0.492745 0.394444 0.035067 0.140741
0 1662 0.510278 0.636574 0.037485 0.156481
0 1664 0.029927 0.332407 0.036880 0.131481
0 1667 0.447400 0.450463 0.030230 0.115741
0 1668 0.499395 0.466667 0.032648 0.118519
0 1670 0.318017 0.487500 0.045949 0.173148
0 1681 0.522975 0.043519 0.027811 0.074074
0 1686 0.946796 0.033333 0.033857 0.064815
0 1687 0.976421 0.033796 0.030230 0.065741
0 1689 0.917473 0.028241 0.028416 0.054630
0 1691 0.891475 0.025463 0.038089 0.049074
0 1693 0.984885 0.256481 0.029021 0.124074
0 1694 0.894498 0.259259 0.044135 0.135185
0 1717 0.730955 0.031944 0.027811 0.062037
0 1727 0.553507 0.056019 0.036880 0.110185
0 1728 0.679565 0.054167 0.029021 0.106481
0 1749 0.115478 0.018056 0.026602 0.034259
0 1750 0.081620 0.026852 0.030230 0.051852
0 1753 0.703446 0.025926 0.032044 0.050000
0 1754 0.669891 0.019907 0.027811 0.037963
0 1755 0.564087 0.031481 0.026602 0.061111
0 1757 0.353083 0.016667 0.030230 0.031481
0 1760 0.975514 0.026389 0.029625 0.050926
