0 1163 0.638150 0.980556 0.038089 0.038889
0 1164 0.695284 0.948148 0.045949 0.105556
0 1165 0.645405 0.960648 0.041717 0.078704
0 1166 0.864873 0.840741 0.046554 0.148148
0 1168 0.141475 0.751389 0.042322 0.176852
0 1169 0.102177 0.783333 0.039903 0.166667
0 1173 0.647521 0.564815 0.044740 0.153704
0 1175 0.326481 0.557870 0.044740 0.149074
0 1176 0.287183 0.544907 0.043531 0.145370
0 1181 0.126360 0.370833 0.041112 0.132407
0 1183 0.020556 0.434259 0.039903 0.142593
0 1184 0.087969 0.477315 0.048972 0.160185
0 1185 0.138755 0.478241 0.045345 0.167593
0 1188 0.600967 0.309259 0.035067 0.157407
0 1191 0.021765 0.524537 0.042322 0.163889
0 1193 0.586759 0.330556 0.042926 0.151852
0 1194 0.624849 0.351852 0.039299 0.146296
0 1195 0.708283 0.655556 0.044135 0.153704
0 1196 0.743047 0.684722 0.051995 0.149074
0 1197 0.359432 0.280093 0.042926 0.128704
0 1198 0.319528 0.302778 0.034462 0.133333
0 1199 0.446796 0.264815 0.037485 0.135185
0 1200 0.435308 0.286111 0.041112 0.135185
0 1201 0.507860 0.548611 0.037485 0.150926
0 1202 0.522672 0.472222 0.039299 0.142593
0 1203 0.523277 0.503704 0.039299 0.142593
0 1205 0.487304 0.590741 0.039903 0.174074
0 1206 0.337364 0.312500 0.039903 0.141667
0 1208 0.657497 0.767130 0.046554 0.169444
0 1209 0.743047 0.768519 0.045949 0.155556
0 1210 0.765115 0.734722 0.046554 0.154630
0 1211 0.991233 0.789815 0.016324 0.137037
0 1212 0.944680 0.768981 0.056227 0.173148
0 1213 0.603083 0.884259 0.051391 0.174074
0 1214 0.902660 0.599537 0.049577 0.160185
0 1215 0.862152 0.550926 0.051995 0.146296
0 1216 0.927449 0.546296 0.047158 0.157407
0 1217 0.870617 0.679167 0.050786 0.154630
0 1218 0.908102 0.680093 0.042322 0.165741
0 1220 0.828900 0.674074 0.045949 0.159259
0 1221 0.802297 0.629630 0.047158 0.172222
0 1222 0.862455 0.359722 0.036880 0.134259
0 1223 0.895103 0.387963 0.046554 0.151852
0 1224 0.905079 0.339352 0.026602 0.102778
0 1225 0.923216 0.334722 0.030230 0.110185
0 1227 0.551088 0.952315 0.050181 0.095370
0 1229 0.762999 0.860648 0.056832 0.178704
0 1230 0.826481 0.768981 0.064087 0.162037
0 1231 0.800484 0.813426 0.054414 0.160185
0 1235 0.225816 0.040741 0.030834 0.079630
0 1236 0.142382 0.104167 0.039299 0.145370
0 1237 0.326179 0.068056 0.048972 0.117593
0 1238 0.393894 0.033333 0.032044 0.064815
0 1239 0.422612 0.023148 0.032648 0.044444
0 1240 0.436518 0.047685 0.030230 0.093519
0 1241 0.481258 0.100926 0.036276 0.133333
0 1242 0.496372 0.059722 0.037485 0.117593
0 1243 0.524788 0.030556 0.031439 0.059259
0 1244 0.540508 0.054167 0.030230 0.106481
0 1245 0.561064 0.062963 0.035067 0.122222
0 1246 0.597642 0.040741 0.034462 0.079630
0 1247 0.625756 0.037963 0.039903 0.074074
0 1249 0.663241 0.056944 0.038694 0.112037
0 1250 0.691959 0.041667 0.029625 0.081481
0 1251 0.713120 0.043056 0.032044 0.084259
0 1252 0.729746 0.120833 0.038694 0.126852
0 1253 0.753325 0.127315 0.030230 0.104630
0 1254 0.772975 0.108796 0.034462 0.123148
0 1255 0.964631 0.053241 0.032044 0.104630
0 1257 0.930774 0.085185 0.034462 0.124074
0 1258 0.963422 0.100463 0.039299 0.139815
0 1259 0.959492 0.169907 0.041112 0.137963
0 1260 0.914148 0.159722 0.038694 0.139815
0 1261 0.852177 0.169907 0.034462 0.087963
0 1262 0.877570 0.173148 0.036880 0.124074
0 1263 0.893894 0.180093 0.029625 0.102778
0 1265 0.990629 0.088426 0.017533 0.128704
0 1266 0.906892 0.242130 0.047158 0.137963
0 1267 0.936215 0.269444 0.041717 0.157407
0 1268 0.950423 0.249537 0.038694 0.134259
0 1269 0.973700 0.238889 0.036880 0.146296
0 1270 0.982467 0.275463 0.033857 0.143519
0 1271 0.970375 0.318981 0.037485 0.134259
0 1272 0.989722 0.333796 0.019347 0.149074
0 1273 0.955260 0.339815 0.043531 0.144444
0 1274 0.937424 0.376389 0.044135 0.137963
0 1275 0.596131 0.131019 0.038694 0.123148
0 1276 0.634825 0.136111 0.038694 0.137037
0 1277 0.626965 0.168056 0.027811 0.115741
0 1278 0.609432 0.170370 0.032648 0.124074
0 1279 0.605502 0.201389 0.036880 0.137963
0 1280 0.569528 0.197685 0.036276 0.134259
0 1281 0.647823 0.212037 0.034462 0.116667
0 1282 0.672310 0.226852 0.030230 0.101852
0 1283 0.696796 0.221759 0.046554 0.136111
0 1284 0.758767 0.280093 0.039903 0.132407
0 1285 0.785369 0.278241 0.030230 0.121296
0 1286 0.810762 0.366204 0.043531 0.145370
0 1287 0.300786 0.183333 0.039299 0.129630
0 1288 0.354897 0.190278 0.036276 0.126852
0 1289 0.382104 0.213426 0.036276 0.136111
0 1290 0.342805 0.222685 0.037485 0.126852
0 1291 0.225816 0.261111 0.036880 0.142593
0 1292 0.257557 0.284722 0.037485 0.149074
0 1293 0.277509 0.308796 0.030230 0.087963
0 1294 0.544740 0.438889 0.038694 0.142593
0 1295 0.161427 0.182870 0.037485 0.123148
0 1296 0.086457 0.181019 0.045949 0.115741
0 1297 0.036276 0.280093 0.042322 0.143519
0 1298 0.048670 0.299537 0.046554 0.139815
0 1299 0.159613 0.360185 0.049577 0.153704
0 1306 0.079807 0.668519 0.043531 0.168519
0 1307 0.089782 0.625463 0.038089 0.160185
0 1308 0.120617 0.612963 0.039299 0.148148
0 1311 0.193168 0.932870 0.048972 0.136111
0 1312 0.196191 0.892593 0.069528 0.168519
0 1313 0.220979 0.873148 0.041717 0.146296
0 1314 0.044135 0.721759 0.031439 0.113889
0 1316 0.664752 0.098611 0.036880 0.108333
0 1317 0.031439 0.729630 0.055623 0.172222
0 1318 0.009674 0.442130 0.018138 0.106481
0 1319 0.008464 0.354167 0.015719 0.093519
0 1320 0.725212 0.097222 0.034462 0.129630
0 1321 0.460097 0.050463 0.031439 0.099074
0 1322 0.454655 0.095833 0.042322 0.121296
0 1323 0.638452 0.076852 0.039903 0.150000
0 1325 0.241536 0.587037 0.041717 0.159259
0 1326 0.243047 0.562963 0.037485 0.146296
0 1327 0.150846 0.581481 0.044135 0.148148
0 1328 0.198609 0.587963 0.041717 0.144444
0 1329 0.213724 0.539815 0.039299 0.148148
0 1330 0.163845 0.571759 0.044740 0.143519
0 1342 0.589480 0.555093 0.044740 0.156481
0 1343 0.396312 0.238889 0.032044 0.129630
0 1344 0.418984 0.244444 0.032648 0.129630
0 1345 0.606711 0.533333 0.034462 0.150000
0 1365 0.714631 0.800926 0.043531 0.142593
0 1389 0.874244 0.613426 0.043531 0.143519
0 1394 0.705865 0.774537 0.039299 0.137963
0 1412 0.725514 0.380093 0.039903 0.115741
0 1413 0.770254 0.382407 0.042322 0.135185
0 1444 0.281741 0.378704 0.042322 0.140741
0 1445 0.259069 0.393981 0.034462 0.137963
0 1490 0.555925 0.506019 0.032044 0.126852
0 1501 0.248489 0.979167 0.039903 0.043519
0 1502 0.480351 0.975926 0.039299 0.048148
0 1510 0.528416 0.821296 0.044740 0.181481
0 1522 0.449214 0.872685 0.044740 0.160185
0 1531 0.537183 0.587963 0.039299 0.159259
0 1532 0.571342 0.757870 0.053204 0.163889
0 1549 0.326481 0.780556 0.047158 0.161111
0 1555 0.557134 0.519907 0.039299 0.132407
0 1556 0.535369 0.514815 0.029625 0.107407
0 1557 0.564087 0.621296 0.042322 0.153704
0 1565 0.502721 0.868519 0.051391 0.185185
0 1567 0.363966 0.488889 0.037485 0.129630
0 1570 0.287787 0.415278 0.042322 0.149074
0 1572 0.358525 0.431481 0.042322 0.151852
0 1573 0.489420 0.428241 0.032044 0.121296
0 1592 0.374849 0.719444 0.037485 0.157407
0 1593 0.397219 0.773148 0.051995 0.164815
0 1594 0.415659 0.740278 0.041717 0.171296
0 1595 0.368803 0.738889 0.039903 0.174074
0 1624 0.142684 0.293981 0.038694 0.149074
0 1632 0.059855 0.216667 0.030230 0.131481
0 1633 0.078900 0.221759 0.034462 0.132407
0 1634 0.007557 0.904167 0.013906 0.184259
0 1641 0.003325 0.210648 0.005441 0.126852
0 1642 0.104897 0.293519 0.039299 0.146296
0 1650 0.546554 0.713426 0.049577 0.143519
0 1651 0.143289 0.867130 0.062878 0.180556
0 1652 0.203446 0.836574 0.050181 0.173148
0 1653 0.683192 0.695370 0.051995 0.148148
0 1654 0.256651 0.462963 0.046554 0.142593
0 1655 0.473398 0.545370 0.036276 0.137037
0 1657 0.464329 0.518519 0.049577 0.135185
0 1658 0.332830 0.409259 0.034462 0.140741
0 1659 0.305320 0.644444 0.055623 0.148148
0 1660 0.469770 0.416667 0.032648 0.146296
0 1661 0.491233 0.392593 0.034462 0.140741
0 1662 0.514813 0.641667 0.036880 0.164815
0 1664 0.085550 0.289352 0.032044 0.123148
0 1666 0.984583 0.983796 0.025998 0.034259
0 1667 0.447400 0.448611 0.030230 0.115741
0 1668 0.497884 0.464815 0.032044 0.118519
0 1670 0.319226 0.438889 0.047158 0.159259
0 1681 0.423519 0.016667 0.022370 0.031481
0 1694 0.902056 0.200926 0.044740 0.131481
0 1727 0.551391 0.033333 0.036276 0.064815
0 1728 0.687727 0.031944 0.029625 0.062037
0 1935 0.989420 0.045833 0.018742 0.089815
