0 1163 0.682890 0.989352 0.027207 0.023148
0 1164 0.736699 0.951852 0.046554 0.094444
0 1165 0.691959 0.970370 0.041717 0.059259
0 1166 0.892080 0.846296 0.050181 0.146296
0 1168 0.177449 0.776852 0.042926 0.175926
0 1169 0.152963 0.805093 0.051995 0.160185
0 1173 0.638452 0.614815 0.044740 0.159259
0 1175 0.340085 0.563426 0.040508 0.150926
0 1176 0.305925 0.566667 0.045949 0.146296
0 1181 0.114571 0.402778 0.039299 0.135185
0 1183 0.003023 0.479630 0.004837 0.159259
0 1184 0.073458 0.519444 0.051391 0.162963
0 1185 0.129686 0.520833 0.045345 0.163889
0 1188 0.623035 0.329167 0.034462 0.156481
0 1193 0.608525 0.346296 0.042926 0.157407
0 1194 0.645103 0.372685 0.038694 0.154630
0 1195 0.730048 0.675000 0.044135 0.153704
0 1196 0.742745 0.713426 0.051391 0.149074
0 1197 0.349154 0.286111 0.044135 0.129630
0 1198 0.317715 0.300926 0.034462 0.135185
0 1199 0.438331 0.271296 0.037485 0.135185
0 1200 0.431378 0.294444 0.041717 0.138889
0 1201 0.473398 0.587963 0.038694 0.153704
0 1202 0.508464 0.521296 0.038694 0.150000
0 1203 0.514510 0.553241 0.043531 0.143519
0 1205 0.447703 0.625000 0.039299 0.170370
0 1206 0.327388 0.314815 0.041717 0.138889
0 1208 0.645707 0.785185 0.045949 0.181481
0 1209 0.739722 0.787037 0.046554 0.151852
0 1210 0.744256 0.752778 0.041112 0.155556
0 1212 0.966143 0.814352 0.058041 0.171296
0 1213 0.598247 0.928241 0.051391 0.145370
0 1214 0.914148 0.629167 0.049577 0.160185
0 1215 0.874547 0.581481 0.051391 0.148148
0 1216 0.939541 0.577315 0.045949 0.160185
0 1217 0.873035 0.726389 0.050786 0.169444
0 1218 0.915357 0.723148 0.045949 0.164815
0 1220 0.828900 0.719907 0.050786 0.165741
0 1221 0.804111 0.677315 0.047158 0.171296
0 1222 0.848549 0.382870 0.036880 0.141667
0 1223 0.886034 0.409259 0.046554 0.151852
0 1224 0.898126 0.363889 0.027207 0.103704
0 1225 0.916264 0.357870 0.029625 0.110185
0 1229 0.717956 0.893056 0.051391 0.189815
0 1230 0.812878 0.812500 0.063482 0.162037
0 1231 0.785671 0.868981 0.051391 0.165741
0 1235 0.194377 0.050000 0.032044 0.098148
0 1236 0.128174 0.131481 0.041112 0.153704
0 1237 0.285369 0.076389 0.037485 0.117593
0 1238 0.437122 0.033796 0.035067 0.065741
0 1239 0.464329 0.031481 0.032648 0.061111
0 1240 0.425030 0.055556 0.030230 0.107407
0 1241 0.456771 0.117130 0.036880 0.134259
0 1242 0.487908 0.071296 0.036276 0.120370
0 1243 0.525393 0.044907 0.032648 0.087963
0 1244 0.526602 0.063889 0.032648 0.124074
0 1245 0.545949 0.078704 0.032648 0.125926
0 1246 0.596131 0.050000 0.036276 0.098148
0 1247 0.625756 0.049074 0.041112 0.096296
0 1249 0.666264 0.069907 0.038694 0.123148
0 1250 0.690447 0.057407 0.030230 0.107407
0 1251 0.712817 0.053704 0.032648 0.105556
0 1252 0.737001 0.139815 0.038694 0.125926
0 1253 0.773579 0.146296 0.033253 0.107407
0 1254 0.796252 0.132407 0.033857 0.124074
0 1255 0.965236 0.078241 0.032044 0.121296
0 1257 0.928356 0.109259 0.032044 0.124074
0 1258 0.961911 0.125926 0.039903 0.140741
0 1259 0.958283 0.199537 0.042322 0.143519
0 1260 0.911125 0.189815 0.039903 0.150000
0 1261 0.836155 0.189815 0.033857 0.090741
0 1262 0.862757 0.189815 0.036276 0.124074
0 1263 0.881197 0.200000 0.029625 0.103704
0 1265 0.991233 0.111111 0.017533 0.129630
0 1266 0.905985 0.268981 0.046554 0.137963
0 1267 0.941354 0.296296 0.042322 0.157407
0 1268 0.952237 0.275000 0.039903 0.137037
0 1269 0.974002 0.266667 0.037485 0.150000
0 1270 0.981862 0.306944 0.033857 0.143519
0 1271 0.974002 0.345370 0.038694 0.138889
0 1273 0.951028 0.355556 0.047158 0.140741
0 1274 0.935006 0.404167 0.039299 0.145370
0 1275 0.600967 0.162963 0.039903 0.129630
0 1276 0.633615 0.166204 0.038694 0.145370
0 1277 0.650544 0.189352 0.027811 0.115741
0 1278 0.634825 0.186111 0.033857 0.124074
0 1279 0.607920 0.226852 0.036880 0.138889
0 1280 0.577690 0.232870 0.036880 0.137963
0 1281 0.649940 0.234722 0.032648 0.110185
0 1282 0.675937 0.245370 0.030230 0.101852
0 1283 0.701935 0.239352 0.048368 0.132407
0 1284 0.769952 0.298611 0.039299 0.132407
0 1285 0.798972 0.301852 0.034462 0.124074
0 1286 0.808343 0.402778 0.048368 0.151852
0 1287 0.272672 0.204630 0.037485 0.133333
0 1288 0.322551 0.209722 0.034462 0.126852
0 1289 0.346131 0.239815 0.036880 0.144444
0 1290 0.306227 0.244907 0.036880 0.126852
0 1291 0.197400 0.296759 0.039299 0.147222
0 1292 0.227932 0.317130 0.039903 0.149074
0 1293 0.246372 0.345370 0.025998 0.096296
0 1294 0.521463 0.484259 0.039299 0.144444
0 1295 0.157799 0.185648 0.037485 0.123148
0 1296 0.084039 0.181481 0.045949 0.114815
0 1297 0.019649 0.306944 0.038089 0.143519
0 1298 0.034764 0.326389 0.046554 0.143519
0 1299 0.151451 0.397685 0.044135 0.150926
0 1306 0.111850 0.665741 0.043531 0.164815
0 1307 0.137243 0.637963 0.044740 0.159259
0 1308 0.165659 0.630556 0.044740 0.150000
0 1311 0.266626 0.903704 0.043531 0.142593
0 1312 0.269952 0.866204 0.058646 0.160185
0 1313 0.284160 0.837963 0.039903 0.131481
0 1314 0.092503 0.755556 0.032648 0.118519
0 1316 0.652358 0.129630 0.037485 0.111111
0 1317 0.073156 0.758333 0.056832 0.168519
0 1320 0.737606 0.112963 0.035067 0.129630
0 1321 0.447400 0.060185 0.033857 0.118519
0 1322 0.427449 0.119444 0.042322 0.118519
0 1323 0.633615 0.109259 0.039903 0.157407
0 1325 0.241838 0.587963 0.043531 0.162963
0 1326 0.243047 0.563889 0.037485 0.146296
0 1327 0.146917 0.598148 0.044740 0.151852
0 1328 0.196191 0.586111 0.041717 0.146296
0 1329 0.208888 0.539815 0.039299 0.148148
0 1330 0.166868 0.565741 0.043531 0.148148
0 1342 0.570133 0.564352 0.039903 0.160185
0 1343 0.396312 0.238889 0.032044 0.129630
0 1344 0.418984 0.244444 0.032648 0.129630
0 1345 0.600363 0.539352 0.033857 0.147222
0 1365 0.711608 0.828704 0.043531 0.148148
0 1389 0.886941 0.646759 0.045949 0.149074
0 1394 0.692866 0.793981 0.039903 0.137963
0 1412 0.726119 0.380093 0.039903 0.115741
0 1413 0.770254 0.382407 0.042322 0.135185
0 1444 0.282950 0.381019 0.044740 0.137963
0 1445 0.258767 0.393981 0.035067 0.137963
0 1490 0.555925 0.506019 0.032044 0.126852
0 1501 0.253628 0.976389 0.039299 0.049074
0 1502 0.474002 0.977778 0.038694 0.046296
0 1510 0.527509 0.821759 0.044135 0.180556
0 1522 0.448609 0.872685 0.044740 0.160185
0 1531 0.536880 0.587963 0.039903 0.159259
0 1532 0.575877 0.787963 0.056227 0.166667
0 1549 0.327993 0.773611 0.053809 0.169444
0 1555 0.555018 0.519907 0.039903 0.132407
0 1556 0.536276 0.516667 0.030230 0.107407
0 1557 0.565296 0.620370 0.041112 0.153704
0 1565 0.501511 0.866204 0.048972 0.187963
0 1567 0.363966 0.488889 0.037485 0.129630
0 1570 0.299577 0.407407 0.041717 0.148148
0 1572 0.347642 0.425926 0.042322 0.151852
0 1573 0.483374 0.429630 0.032044 0.120370
0 1592 0.373640 0.719444 0.037485 0.157407
0 1593 0.397219 0.772685 0.053204 0.165741
0 1594 0.414752 0.742130 0.042322 0.171296
0 1595 0.367896 0.737963 0.039299 0.174074
0 1624 0.119407 0.311111 0.039299 0.151852
0 1632 0.024788 0.232407 0.029021 0.131481
0 1633 0.038392 0.241667 0.036880 0.138889
0 1634 0.007557 0.905093 0.013906 0.184259
0 1641 0.003930 0.211574 0.006651 0.126852
0 1642 0.081923 0.312500 0.036880 0.145370
0 1650 0.531439 0.719907 0.049577 0.143519
0 1651 0.104293 0.899537 0.050181 0.184259
0 1652 0.163845 0.878704 0.047158 0.181481
0 1653 0.683192 0.695370 0.051995 0.148148
0 1654 0.247582 0.461574 0.046554 0.139815
0 1655 0.472793 0.546296 0.036276 0.137037
0 1657 0.460399 0.514352 0.048972 0.134259
0 1658 0.317715 0.431944 0.034462 0.143519
0 1659 0.301088 0.668981 0.049577 0.150926
0 1660 0.472189 0.416667 0.032648 0.146296
0 1661 0.491536 0.392593 0.035067 0.140741
0 1662 0.514510 0.640278 0.037485 0.163889
0 1664 0.060157 0.306481 0.036880 0.124074
0 1667 0.447400 0.449537 0.030230 0.115741
0 1668 0.499093 0.464815 0.032044 0.118519
0 1670 0.312878 0.458796 0.048972 0.160185
0 1681 0.477328 0.027315 0.024788 0.052778
0 1693 0.987001 0.229630 0.024788 0.124074
0 1694 0.892987 0.226852 0.044740 0.135185
0 1717 0.757255 0.017593 0.027207 0.033333
0 1727 0.554414 0.045833 0.037485 0.089815
0 1728 0.681076 0.039352 0.029625 0.076852
0 1749 0.092503 0.011111 0.031439 0.020370
0 1755 0.588875 0.019907 0.027811 0.037963
0 1760 0.969468 0.013426 0.024788 0.025000
0 1935 0.993652 0.076852 0.010278 0.090741
