0 1164 0.788996 0.968519 0.051995 0.062963
0 1166 0.960701 0.876852 0.042322 0.148148
0 1168 0.274486 0.811111 0.047158 0.170370
0 1169 0.244861 0.849074 0.042322 0.172222
0 1173 0.623337 0.708333 0.049577 0.174074
0 1175 0.350665 0.571296 0.041112 0.142593
0 1176 0.314087 0.576852 0.041717 0.146296
0 1181 0.088271 0.471296 0.058041 0.142593
0 1184 0.062273 0.606481 0.053204 0.166667
0 1185 0.123337 0.612963 0.047158 0.181481
0 1188 0.661125 0.382407 0.036880 0.162963
0 1193 0.635429 0.388426 0.044740 0.154630
0 1194 0.662334 0.427778 0.039299 0.157407
0 1195 0.748489 0.703241 0.042322 0.154630
0 1196 0.742745 0.738426 0.055018 0.152778
0 1197 0.364873 0.286111 0.036880 0.135185
0 1198 0.315599 0.304630 0.035067 0.135185
0 1199 0.410520 0.281481 0.037485 0.135185
0 1200 0.416566 0.304630 0.042322 0.140741
0 1201 0.415357 0.660185 0.039903 0.162963
0 1202 0.473700 0.609259 0.039299 0.151852
0 1203 0.485187 0.622685 0.044135 0.149074
0 1205 0.375756 0.672685 0.040508 0.165741
0 1206 0.322854 0.319907 0.044740 0.137963
0 1208 0.643289 0.832407 0.045949 0.179630
0 1209 0.717956 0.836111 0.046554 0.162963
0 1210 0.701330 0.791667 0.041112 0.157407
0 1212 0.982164 0.912500 0.033253 0.162037
0 1214 0.931681 0.690741 0.051995 0.159259
0 1215 0.887243 0.642593 0.052600 0.148148
0 1216 0.955260 0.634722 0.045949 0.163889
0 1217 0.873035 0.809259 0.055623 0.168519
0 1218 0.914148 0.812037 0.045949 0.170370
0 1220 0.832830 0.820370 0.055018 0.164815
0 1221 0.789601 0.767130 0.050786 0.171296
0 1222 0.831318 0.440278 0.036276 0.150926
0 1223 0.868501 0.459722 0.046554 0.150926
0 1224 0.875151 0.406944 0.028416 0.104630
0 1225 0.897521 0.408796 0.030834 0.110185
0 1229 0.613059 0.928241 0.051995 0.145370
0 1230 0.785671 0.919907 0.073156 0.154630
0 1231 0.752721 0.952778 0.058041 0.094444
0 1235 0.169287 0.079167 0.035067 0.126852
0 1236 0.132406 0.187037 0.042322 0.157407
0 1237 0.245466 0.116667 0.039903 0.124074
0 1238 0.514510 0.052778 0.035067 0.103704
0 1239 0.544135 0.057870 0.032648 0.113889
0 1240 0.402358 0.090741 0.029625 0.107407
0 1241 0.415357 0.158333 0.035067 0.137037
0 1242 0.478537 0.116204 0.036880 0.132407
0 1243 0.523277 0.066667 0.034462 0.131481
0 1244 0.507255 0.097685 0.032648 0.123148
0 1245 0.540508 0.115741 0.039903 0.125926
0 1246 0.591898 0.077315 0.036276 0.121296
0 1247 0.626965 0.075463 0.042322 0.123148
0 1249 0.666566 0.100463 0.040508 0.125000
0 1250 0.695284 0.078704 0.030230 0.112963
0 1251 0.720677 0.081019 0.033857 0.128704
0 1252 0.753930 0.178704 0.039903 0.131481
0 1253 0.818924 0.202778 0.032044 0.112963
0 1254 0.846131 0.194907 0.034462 0.132407
0 1255 0.964329 0.130556 0.032648 0.124074
0 1257 0.911729 0.164352 0.032648 0.126852
0 1258 0.966747 0.178704 0.039903 0.140741
0 1259 0.948912 0.251389 0.041717 0.143519
0 1260 0.906288 0.252778 0.042322 0.157407
0 1261 0.800786 0.228704 0.029625 0.096296
0 1262 0.830713 0.225926 0.036276 0.124074
0 1263 0.849758 0.243519 0.029625 0.103704
0 1265 0.987001 0.164815 0.024788 0.140741
0 1266 0.907799 0.331944 0.051391 0.137963
0 1267 0.943773 0.350926 0.042322 0.157407
0 1268 0.960097 0.312500 0.042322 0.137963
0 1269 0.980653 0.318981 0.037485 0.154630
0 1270 0.978839 0.350000 0.039903 0.146296
0 1271 0.983676 0.387500 0.031439 0.137963
0 1273 0.937424 0.396759 0.046554 0.143519
0 1274 0.928658 0.455093 0.044740 0.149074
0 1275 0.608827 0.216667 0.039903 0.129630
0 1276 0.634522 0.223611 0.039299 0.150926
0 1277 0.686820 0.226389 0.027811 0.115741
0 1278 0.671100 0.225926 0.035067 0.124074
0 1279 0.623035 0.292130 0.039299 0.143519
0 1280 0.596433 0.290278 0.036880 0.143519
0 1281 0.643591 0.275000 0.029625 0.107407
0 1282 0.670496 0.292130 0.030230 0.106481
0 1283 0.701330 0.296296 0.043531 0.138889
0 1284 0.804716 0.343981 0.039903 0.132407
0 1285 0.844619 0.346296 0.033857 0.124074
0 1286 0.785671 0.465278 0.047763 0.149074
0 1287 0.222491 0.250463 0.038694 0.132407
0 1288 0.266022 0.251389 0.035067 0.126852
0 1289 0.285369 0.295833 0.037485 0.149074
0 1290 0.246675 0.298611 0.042322 0.132407
0 1291 0.150846 0.364352 0.039299 0.156481
0 1292 0.168077 0.382870 0.038694 0.149074
0 1293 0.188936 0.407407 0.029625 0.096296
0 1294 0.495768 0.586574 0.044740 0.165741
0 1295 0.159613 0.190278 0.032648 0.123148
0 1296 0.082830 0.186111 0.043531 0.114815
0 1297 0.002418 0.377778 0.003628 0.148148
0 1298 0.020859 0.378241 0.040508 0.145370
0 1299 0.135127 0.467593 0.045345 0.159259
0 1306 0.191657 0.673611 0.042322 0.162037
0 1307 0.198912 0.632870 0.039903 0.165741
0 1308 0.244256 0.646759 0.039903 0.150926
0 1311 0.395707 0.866667 0.039299 0.148148
0 1312 0.387545 0.828241 0.058041 0.160185
0 1313 0.408706 0.810185 0.042322 0.135185
0 1314 0.186820 0.812037 0.030230 0.112963
0 1316 0.610641 0.190741 0.037485 0.118519
0 1317 0.174123 0.823148 0.061669 0.172222
0 1320 0.760580 0.154630 0.035067 0.129630
0 1321 0.423216 0.094907 0.036276 0.121296
0 1322 0.388150 0.160648 0.037485 0.126852
0 1323 0.594921 0.157407 0.039903 0.157407
0 1325 0.240326 0.596296 0.044135 0.155556
0 1326 0.243349 0.566667 0.036880 0.146296
0 1327 0.135127 0.678241 0.046554 0.162037
0 1328 0.200121 0.593519 0.042322 0.146296
0 1329 0.212515 0.541204 0.039299 0.149074
0 1330 0.178960 0.556481 0.044740 0.153704
0 1342 0.533857 0.564352 0.039903 0.160185
0 1343 0.395405 0.242130 0.032648 0.128704
0 1344 0.417473 0.249074 0.032044 0.129630
0 1345 0.573761 0.548148 0.037485 0.140741
0 1365 0.706167 0.885648 0.039903 0.156481
0 1389 0.903869 0.726389 0.048368 0.158333
0 1394 0.676542 0.856019 0.039903 0.145370
0 1412 0.724305 0.383796 0.039903 0.115741
0 1413 0.768440 0.387037 0.042322 0.135185
0 1444 0.282346 0.382870 0.044740 0.137963
0 1445 0.258162 0.398611 0.035067 0.137963
0 1490 0.554716 0.509722 0.032044 0.126852
0 1501 0.257255 0.975926 0.039299 0.046296
0 1502 0.472491 0.979630 0.039299 0.042593
0 1510 0.527207 0.825000 0.044740 0.179630
0 1522 0.445586 0.876852 0.047158 0.159259
0 1531 0.536578 0.592130 0.044135 0.160185
0 1532 0.569528 0.850463 0.054414 0.173148
0 1549 0.328900 0.774074 0.044740 0.164815
0 1555 0.551995 0.522685 0.039903 0.132407
0 1556 0.537485 0.522222 0.030230 0.107407
0 1557 0.552297 0.622685 0.041717 0.150926
0 1565 0.500302 0.868519 0.046554 0.190741
0 1567 0.363059 0.488889 0.036880 0.129630
0 1570 0.310157 0.407870 0.039903 0.149074
0 1572 0.339782 0.433796 0.044740 0.150926
0 1573 0.484885 0.434722 0.027811 0.121296
0 1592 0.371524 0.722222 0.036880 0.157407
0 1593 0.398126 0.775926 0.063482 0.159259
0 1594 0.413241 0.746759 0.042926 0.171296
0 1595 0.364268 0.740741 0.039299 0.174074
0 1624 0.071040 0.353241 0.039299 0.156481
0 1634 0.006651 0.907407 0.012092 0.185185
0 1641 0.004232 0.224537 0.007255 0.126852
0 1642 0.042019 0.353241 0.036880 0.143519
0 1650 0.486699 0.742130 0.049577 0.143519
0 1651 0.032346 0.929630 0.045345 0.140741
0 1652 0.101270 0.925463 0.046554 0.149074
0 1653 0.682890 0.703241 0.053809 0.149074
0 1654 0.238815 0.467130 0.050786 0.143519
0 1655 0.472793 0.548148 0.036276 0.137037
0 1657 0.461306 0.522222 0.049577 0.135185
0 1658 0.301088 0.482407 0.035067 0.151852
0 1659 0.279323 0.721759 0.047158 0.152778
0 1660 0.474607 0.421296 0.032648 0.146296
0 1661 0.492140 0.397222 0.035067 0.140741
0 1662 0.508162 0.637037 0.039299 0.157407
0 1664 0.014208 0.353241 0.027207 0.132407
0 1667 0.446191 0.452315 0.030230 0.115741
0 1668 0.498186 0.469444 0.032648 0.118519
0 1670 0.309250 0.503241 0.046554 0.193519
0 1681 0.556832 0.055093 0.027811 0.084259
0 1684 0.990629 0.037963 0.016324 0.074074
0 1686 0.947703 0.041204 0.035671 0.080556
0 1687 0.977932 0.045370 0.032044 0.088889
0 1688 0.897219 0.028704 0.033857 0.055556
0 1689 0.919891 0.040741 0.039299 0.079630
0 1691 0.902056 0.046296 0.039903 0.090741
0 1693 0.983374 0.276852 0.032044 0.124074
0 1694 0.901149 0.287500 0.044135 0.134259
0 1716 0.762696 0.024074 0.036880 0.046296
0 1717 0.710097 0.040741 0.029625 0.079630
0 1727 0.548670 0.068519 0.036880 0.122222
0 1728 0.677751 0.070833 0.029021 0.119444
0 1744 0.726119 0.015278 0.032648 0.028704
0 1746 0.590085 0.012963 0.031439 0.024074
0 1749 0.130290 0.025000 0.028416 0.048148
0 1750 0.093410 0.031019 0.035671 0.060185
0 1752 0.755441 0.020370 0.029625 0.038889
0 1753 0.691657 0.032870 0.032648 0.063889
0 1754 0.658102 0.027778 0.030834 0.053704
0 1755 0.547763 0.038889 0.026602 0.075926
0 1756 0.522975 0.037963 0.035067 0.074074
0 1757 0.346433 0.023148 0.030230 0.044444
0 1758 0.307437 0.013889 0.027207 0.025926
0 1760 0.975514 0.035185 0.029625 0.068519
