0 1163 0.546252 0.960185 0.046554 0.081481
0 1164 0.598549 0.935648 0.043531 0.130556
0 1165 0.545949 0.943981 0.031439 0.113889
0 1166 0.788694 0.821759 0.045345 0.139815
0 1167 0.029625 0.944444 0.058041 0.111111
0 1168 0.089782 0.674537 0.042926 0.163889
0 1169 0.045345 0.712500 0.045949 0.160185
0 1173 0.610641 0.456019 0.044740 0.137963
0 1175 0.259976 0.526389 0.037485 0.150926
0 1176 0.215840 0.509259 0.038694 0.146296
0 1181 0.122430 0.299074 0.038089 0.137037
0 1182 0.016626 0.325926 0.032044 0.148148
0 1183 0.067715 0.347685 0.047158 0.143519
0 1184 0.131802 0.384722 0.043531 0.154630
0 1185 0.175030 0.397222 0.041717 0.172222
0 1188 0.566203 0.238889 0.034462 0.135185
0 1191 0.116687 0.436574 0.042322 0.149074
0 1192 0.033253 0.449074 0.039903 0.140741
0 1193 0.562878 0.279630 0.041112 0.151852
0 1194 0.597037 0.290741 0.032044 0.142593
0 1195 0.682285 0.602778 0.044135 0.159259
0 1196 0.729444 0.598611 0.046554 0.150926
0 1197 0.378174 0.263889 0.036880 0.124074
0 1198 0.362455 0.284259 0.027207 0.112963
0 1199 0.467050 0.255556 0.024788 0.135185
0 1200 0.466143 0.275926 0.030230 0.137037
0 1201 0.538089 0.435185 0.033857 0.135185
0 1202 0.570133 0.378241 0.030230 0.145370
0 1203 0.603990 0.389815 0.030230 0.135185
0 1205 0.512999 0.495833 0.038089 0.158333
0 1206 0.392987 0.299537 0.031439 0.132407
0 1208 0.699214 0.727778 0.045345 0.174074
0 1209 0.771765 0.709722 0.039299 0.150926
0 1210 0.778114 0.664815 0.044740 0.140741
0 1211 0.959492 0.664815 0.042322 0.138889
0 1212 0.913845 0.649537 0.046554 0.156481
0 1213 0.625756 0.760648 0.048368 0.165741
0 1214 0.884220 0.520833 0.044135 0.137963
0 1215 0.844317 0.487500 0.046554 0.136111
0 1216 0.910520 0.474537 0.041112 0.147222
0 1217 0.840085 0.577315 0.044135 0.149074
0 1218 0.877872 0.589352 0.038694 0.160185
0 1220 0.804716 0.582870 0.041112 0.150926
0 1221 0.770254 0.522222 0.039903 0.168519
0 1222 0.910218 0.311111 0.032044 0.137037
0 1223 0.928658 0.330093 0.036276 0.137963
0 1224 0.906288 0.284259 0.030230 0.085185
0 1225 0.928658 0.287963 0.030230 0.096296
0 1226 0.986699 0.591204 0.025393 0.160185
0 1227 0.681983 0.854630 0.051995 0.174074
0 1229 0.883313 0.804630 0.049577 0.185185
0 1230 0.839782 0.654167 0.071342 0.145370
0 1231 0.857013 0.709259 0.042926 0.153704
0 1235 0.344619 0.038426 0.032648 0.075000
0 1236 0.210701 0.063889 0.034462 0.125926
0 1237 0.418077 0.056019 0.046554 0.110185
0 1238 0.295042 0.013426 0.035067 0.025000
0 1240 0.470375 0.025000 0.025393 0.048148
0 1241 0.545949 0.064352 0.032648 0.123148
0 1242 0.521161 0.041667 0.030230 0.081481
0 1244 0.557739 0.030093 0.022370 0.058333
0 1245 0.578597 0.043056 0.035067 0.084259
0 1246 0.596735 0.016667 0.025393 0.031481
0 1247 0.632406 0.015741 0.026602 0.029630
0 1249 0.662636 0.032407 0.029021 0.062963
0 1252 0.698912 0.070370 0.035067 0.124074
0 1253 0.713120 0.087963 0.027207 0.098148
0 1254 0.735490 0.077778 0.029625 0.112963
0 1255 0.957678 0.019444 0.030230 0.037037
0 1257 0.935006 0.044444 0.029625 0.087037
0 1258 0.970375 0.045370 0.032648 0.088889
0 1259 0.964027 0.097222 0.032044 0.120370
0 1260 0.943168 0.095833 0.031439 0.117593
0 1261 0.888150 0.129630 0.025393 0.085185
0 1262 0.902056 0.122685 0.041112 0.115741
0 1263 0.927449 0.138889 0.032648 0.112963
0 1264 0.946191 0.124537 0.027811 0.099074
0 1265 0.987304 0.043056 0.022975 0.084259
0 1266 0.918077 0.165278 0.051391 0.112037
0 1267 0.931983 0.197685 0.032044 0.123148
0 1268 0.963120 0.184259 0.035067 0.125926
0 1269 0.983676 0.158796 0.030230 0.115741
0 1270 0.986094 0.207870 0.026602 0.121296
0 1271 0.963724 0.267130 0.032648 0.121296
0 1272 0.984885 0.278241 0.029021 0.139815
0 1273 0.953446 0.289815 0.033857 0.131481
0 1274 0.954051 0.329630 0.038694 0.131481
0 1275 0.608525 0.068519 0.034462 0.124074
0 1276 0.636941 0.076852 0.033253 0.120370
0 1277 0.571644 0.111111 0.029625 0.103704
0 1278 0.553204 0.116204 0.030230 0.121296
0 1279 0.612455 0.135648 0.035067 0.130556
0 1280 0.563785 0.145833 0.034462 0.132407
0 1281 0.642080 0.168519 0.032648 0.114815
0 1282 0.666868 0.182870 0.026602 0.104630
0 1283 0.690447 0.176389 0.035067 0.128704
0 1284 0.713422 0.237037 0.037485 0.124074
0 1285 0.743349 0.235648 0.029625 0.119444
0 1286 0.814087 0.285648 0.042926 0.132407
0 1287 0.365780 0.130556 0.032648 0.124074
0 1288 0.410520 0.142130 0.035067 0.121296
0 1289 0.474607 0.168056 0.030230 0.134259
0 1290 0.410822 0.172222 0.032044 0.135185
0 1291 0.292019 0.191204 0.031439 0.137963
0 1292 0.331318 0.205093 0.030230 0.132407
0 1293 0.352177 0.240741 0.022370 0.092593
0 1294 0.598247 0.350000 0.036880 0.129630
0 1295 0.164148 0.146296 0.034462 0.118519
0 1296 0.089480 0.173148 0.032648 0.112963
0 1297 0.075877 0.209259 0.030834 0.133333
0 1298 0.107920 0.229630 0.034462 0.135185
0 1299 0.159008 0.283796 0.039903 0.126852
0 1303 0.027207 0.206019 0.043531 0.126852
0 1305 0.006953 0.239352 0.012696 0.139815
0 1306 0.007255 0.668519 0.013301 0.164815
0 1307 0.013906 0.635648 0.026602 0.154630
0 1308 0.020254 0.599074 0.039299 0.137037
0 1311 0.011487 0.946296 0.021765 0.109259
0 1312 0.031439 0.920370 0.048368 0.161111
0 1313 0.069528 0.913426 0.049577 0.150926
0 1316 0.691052 0.044444 0.030230 0.087037
0 1318 0.045647 0.356944 0.029625 0.106481
0 1319 0.045042 0.282870 0.027207 0.087963
0 1320 0.716445 0.056944 0.038694 0.112037
0 1321 0.493349 0.034259 0.030230 0.066667
0 1322 0.519045 0.063426 0.038089 0.113889
0 1323 0.674426 0.043519 0.030834 0.085185
0 1325 0.238815 0.589815 0.037485 0.157407
0 1326 0.243652 0.566204 0.035067 0.139815
0 1327 0.157195 0.586574 0.042322 0.143519
0 1328 0.199819 0.588426 0.038089 0.134259
0 1329 0.213422 0.538426 0.047158 0.150926
0 1330 0.165054 0.550463 0.042322 0.137963
0 1342 0.629686 0.539815 0.034462 0.148148
0 1343 0.396312 0.238889 0.032044 0.124074
0 1344 0.420496 0.242130 0.027207 0.126852
0 1345 0.622430 0.520370 0.039299 0.146296
0 1356 0.176542 0.965278 0.047158 0.071296
0 1364 0.079202 0.952778 0.056832 0.096296
0 1365 0.742443 0.749537 0.039903 0.139815
0 1378 0.649033 0.968981 0.044135 0.063889
0 1389 0.864268 0.555556 0.044135 0.140741
0 1394 0.733374 0.716667 0.039903 0.137037
0 1412 0.725212 0.380556 0.041717 0.118519
0 1413 0.771765 0.376852 0.040508 0.137037
0 1443 0.905985 0.930556 0.036880 0.140741
0 1444 0.282346 0.373148 0.039903 0.137037
0 1445 0.263301 0.383796 0.034462 0.128704
0 1490 0.557437 0.501389 0.031439 0.123148
0 1501 0.251209 0.971296 0.044135 0.059259
0 1502 0.449516 0.965278 0.048972 0.071296
0 1510 0.521765 0.821759 0.050786 0.184259
0 1522 0.448307 0.870370 0.046554 0.161111
0 1531 0.537485 0.586574 0.037485 0.154630
0 1532 0.588875 0.708333 0.049577 0.159259
0 1549 0.338271 0.787037 0.044135 0.162963
0 1555 0.558041 0.519907 0.041112 0.137963
0 1556 0.537787 0.501389 0.024788 0.087963
0 1557 0.561669 0.618056 0.047158 0.156481
0 1565 0.498186 0.862500 0.048368 0.189815
0 1567 0.365478 0.483333 0.036880 0.135185
0 1570 0.304111 0.463426 0.041112 0.160185
0 1572 0.363362 0.417593 0.035067 0.146296
0 1573 0.496372 0.420833 0.032648 0.119444
0 1592 0.379081 0.713889 0.033857 0.153704
0 1593 0.400242 0.770370 0.045949 0.151852
0 1594 0.418984 0.740741 0.042322 0.170370
0 1595 0.370919 0.735185 0.034462 0.172222
0 1624 0.187424 0.254167 0.041112 0.143519
0 1632 0.131802 0.169444 0.026602 0.112963
0 1633 0.149637 0.167593 0.032044 0.118519
0 1634 0.007255 0.906481 0.013301 0.174074
0 1641 0.003023 0.212500 0.004837 0.121296
0 1642 0.144498 0.262037 0.033857 0.157407
0 1650 0.558646 0.685185 0.044740 0.146296
0 1651 0.236699 0.796759 0.044135 0.171296
0 1652 0.283253 0.757407 0.038089 0.174074
0 1653 0.677146 0.704630 0.045949 0.159259
0 1654 0.259371 0.459259 0.041112 0.140741
0 1655 0.477025 0.541204 0.032648 0.132407
0 1657 0.471282 0.512963 0.046554 0.129630
0 1658 0.373337 0.377315 0.032044 0.143519
0 1659 0.318319 0.598611 0.046554 0.143519
0 1660 0.470073 0.409259 0.032044 0.140741
0 1661 0.501814 0.392593 0.031439 0.146296
0 1662 0.496372 0.628704 0.038694 0.162963
0 1664 0.128174 0.246296 0.027811 0.118519
0 1666 0.873640 0.937500 0.051995 0.126852
0 1667 0.450423 0.441667 0.033857 0.101852
0 1668 0.502418 0.456019 0.031439 0.117593
0 1670 0.367291 0.394444 0.041717 0.148148
