0 1161 0.981862 0.961574 0.036276 0.078704
0 1163 0.477328 0.941667 0.052600 0.118519
0 1164 0.511487 0.923148 0.048368 0.155556
0 1165 0.451028 0.926852 0.042322 0.148148
0 1166 0.720375 0.796759 0.045345 0.139815
0 1167 0.097340 0.872222 0.050786 0.174074
0 1168 0.046554 0.612963 0.043531 0.157407
0 1169 0.017533 0.637500 0.033857 0.160185
0 1173 0.543229 0.393056 0.036880 0.143519
0 1175 0.170798 0.492593 0.042926 0.142593
0 1176 0.133615 0.496296 0.047158 0.146296
0 1181 0.110943 0.244444 0.040508 0.137037
0 1182 0.051391 0.268519 0.033857 0.144444
0 1183 0.099758 0.287963 0.043531 0.140741
0 1184 0.160822 0.314815 0.044740 0.146296
0 1185 0.198609 0.330093 0.041717 0.169444
0 1188 0.535067 0.195833 0.037485 0.139815
0 1189 0.051391 0.407407 0.045949 0.135185
0 1190 0.036880 0.462037 0.048368 0.161111
0 1191 0.178960 0.371759 0.037485 0.149074
0 1192 0.102177 0.382407 0.047158 0.140741
0 1193 0.548972 0.230093 0.042322 0.149074
0 1194 0.578295 0.229167 0.032044 0.132407
0 1195 0.679565 0.532407 0.047158 0.151852
0 1196 0.716445 0.529167 0.049577 0.149074
0 1197 0.413845 0.253704 0.036880 0.124074
0 1198 0.411125 0.277778 0.027811 0.112963
0 1199 0.470073 0.246296 0.024788 0.135185
0 1200 0.480048 0.270370 0.032648 0.140741
0 1201 0.565296 0.331944 0.037485 0.134259
0 1202 0.595224 0.304167 0.039299 0.128704
0 1203 0.648126 0.309259 0.035067 0.142593
0 1205 0.584643 0.404630 0.039903 0.159259
0 1206 0.442563 0.288889 0.036276 0.131481
0 1208 0.728537 0.679630 0.043531 0.168519
0 1209 0.787183 0.646296 0.042322 0.146296
0 1210 0.778416 0.597222 0.036880 0.140741
0 1211 0.926844 0.592593 0.038694 0.146296
0 1212 0.894800 0.558333 0.043531 0.137037
0 1213 0.644498 0.674074 0.043531 0.162963
0 1214 0.865175 0.465741 0.042322 0.137037
0 1215 0.828900 0.429167 0.047158 0.132407
0 1216 0.888452 0.418519 0.048972 0.142593
0 1217 0.815296 0.496296 0.042926 0.148148
0 1218 0.827993 0.518519 0.039299 0.151852
0 1220 0.774486 0.484259 0.041112 0.135185
0 1221 0.733374 0.442130 0.048368 0.150926
0 1222 0.909008 0.265741 0.032044 0.135185
0 1223 0.943168 0.294907 0.042322 0.137963
0 1224 0.906892 0.240741 0.030230 0.085185
0 1225 0.923216 0.249074 0.030230 0.101852
0 1226 0.974305 0.520370 0.045345 0.157407
0 1227 0.816203 0.784259 0.042322 0.177778
0 1228 0.979444 0.467593 0.039903 0.142593
0 1229 0.932890 0.699074 0.045949 0.179630
0 1230 0.857618 0.594907 0.070738 0.149074
0 1231 0.873640 0.627315 0.041112 0.141667
0 1235 0.442866 0.031019 0.029625 0.060185
0 1236 0.275695 0.044907 0.030230 0.087963
0 1237 0.493047 0.043981 0.036880 0.086111
0 1241 0.600665 0.051852 0.032044 0.101852
0 1242 0.546856 0.022685 0.025998 0.043519
0 1245 0.602177 0.025926 0.035067 0.050000
0 1252 0.697098 0.038426 0.035067 0.075000
0 1253 0.685611 0.056019 0.027811 0.099074
0 1254 0.710399 0.053241 0.032648 0.104630
0 1257 0.932890 0.021296 0.025393 0.040741
0 1258 0.961608 0.020370 0.027207 0.038889
0 1259 0.980048 0.051852 0.029021 0.101852
0 1260 0.952237 0.044444 0.031439 0.085185
0 1261 0.910520 0.086111 0.025393 0.085185
0 1262 0.929565 0.083796 0.027207 0.115741
0 1263 0.949214 0.087037 0.032648 0.111111
0 1264 0.970677 0.075463 0.032044 0.099074
0 1266 0.927449 0.116204 0.043531 0.117593
0 1267 0.963120 0.147222 0.030230 0.124074
0 1268 0.979141 0.119907 0.033253 0.126852
0 1271 0.954958 0.206019 0.034462 0.121296
0 1272 0.987908 0.233796 0.022975 0.139815
0 1273 0.958585 0.252778 0.034462 0.131481
0 1274 0.972189 0.290278 0.038694 0.132407
0 1275 0.627267 0.043056 0.034462 0.084259
0 1276 0.652660 0.037963 0.033253 0.074074
0 1277 0.528416 0.066204 0.030230 0.112037
0 1278 0.513603 0.066204 0.033253 0.115741
0 1279 0.621221 0.085185 0.034462 0.124074
0 1280 0.588271 0.094444 0.032648 0.125926
0 1281 0.647521 0.130556 0.032648 0.114815
0 1282 0.663543 0.142130 0.027207 0.104630
0 1283 0.691052 0.135648 0.035067 0.128704
0 1284 0.662636 0.185648 0.032648 0.123148
0 1285 0.697400 0.193056 0.029625 0.115741
0 1286 0.846131 0.227315 0.039299 0.126852
0 1287 0.409915 0.091667 0.032648 0.124074
0 1288 0.447400 0.095833 0.030230 0.121296
0 1289 0.527811 0.120370 0.033857 0.129630
0 1290 0.469166 0.121759 0.031439 0.125000
0 1291 0.349456 0.137037 0.032648 0.135185
0 1292 0.388150 0.153241 0.030230 0.132407
0 1293 0.407195 0.184259 0.022370 0.092593
0 1294 0.633011 0.291204 0.031439 0.137963
0 1295 0.133615 0.131019 0.029021 0.117593
0 1296 0.099154 0.156481 0.032648 0.112963
0 1297 0.120919 0.163889 0.035067 0.129630
0 1298 0.153869 0.175926 0.034462 0.135185
0 1299 0.134220 0.234722 0.030230 0.126852
0 1300 0.025393 0.100000 0.039903 0.118519
0 1302 0.002418 0.160185 0.003628 0.140741
0 1303 0.038694 0.144444 0.038694 0.125926
0 1304 0.023579 0.207407 0.030230 0.098148
0 1305 0.041717 0.177778 0.035067 0.140741
0 1313 0.002116 0.934259 0.003023 0.131481
0 1318 0.084341 0.293519 0.029625 0.105556
0 1319 0.080411 0.229167 0.026602 0.082407
0 1320 0.720375 0.039352 0.036880 0.076852
0 1322 0.572551 0.046296 0.037485 0.090741
0 1325 0.236699 0.591204 0.034462 0.156481
0 1326 0.241838 0.556944 0.035067 0.139815
0 1327 0.159613 0.581019 0.044740 0.137963
0 1328 0.204958 0.587037 0.039903 0.142593
0 1329 0.215236 0.538426 0.047158 0.150926
0 1330 0.165054 0.546759 0.042322 0.137963
0 1342 0.644498 0.519444 0.033857 0.148148
0 1343 0.400544 0.234259 0.032044 0.124074
0 1344 0.420798 0.237500 0.027811 0.126852
0 1345 0.616082 0.510648 0.030230 0.145370
0 1350 0.010883 0.954630 0.020556 0.092593
0 1352 0.153567 0.944444 0.051995 0.112963
0 1353 0.171403 0.975000 0.038089 0.051852
0 1354 0.099758 0.957407 0.042322 0.087037
0 1355 0.055018 0.950000 0.045949 0.101852
0 1356 0.216143 0.921759 0.051391 0.158333
0 1364 0.126965 0.887500 0.047158 0.165741
0 1365 0.761487 0.690741 0.039299 0.140741
0 1377 0.728537 0.959259 0.026602 0.079630
0 1378 0.717050 0.922685 0.047158 0.156481
0 1389 0.851874 0.498611 0.039903 0.139815
0 1394 0.732769 0.653704 0.037485 0.137037
0 1412 0.725816 0.376852 0.041717 0.118519
0 1413 0.773277 0.373611 0.039903 0.137963
0 1443 0.823761 0.875463 0.044135 0.154630
0 1444 0.282346 0.373148 0.039903 0.137037
0 1445 0.263906 0.373611 0.034462 0.128704
0 1490 0.557134 0.498148 0.032044 0.124074
0 1501 0.255441 0.970833 0.044135 0.060185
0 1502 0.429262 0.956019 0.055623 0.089815
0 1510 0.500907 0.810185 0.051391 0.181481
0 1522 0.448005 0.867130 0.047158 0.162037
0 1531 0.538089 0.585648 0.037485 0.154630
0 1532 0.604897 0.666204 0.048972 0.160185
0 1549 0.338573 0.784259 0.043531 0.162963
0 1555 0.559250 0.517130 0.041112 0.137963
0 1556 0.539601 0.500463 0.023579 0.091667
0 1557 0.569528 0.608333 0.038694 0.157407
0 1565 0.498186 0.852315 0.048368 0.200926
0 1567 0.365780 0.478704 0.036276 0.140741
0 1570 0.301088 0.499074 0.037485 0.159259
0 1572 0.376965 0.399074 0.034462 0.146296
0 1573 0.495768 0.425463 0.031439 0.128704
0 1592 0.381499 0.711111 0.032648 0.151852
0 1593 0.398428 0.766204 0.047158 0.150926
0 1594 0.423519 0.750463 0.041717 0.163889
0 1595 0.373942 0.734259 0.040508 0.175926
0 1624 0.220073 0.220833 0.039903 0.143519
0 1632 0.162938 0.137963 0.027207 0.112963
0 1633 0.189541 0.131481 0.029625 0.131481
0 1634 0.006651 0.910185 0.012092 0.174074
0 1641 0.004534 0.211111 0.007860 0.120370
0 1642 0.179565 0.233333 0.033857 0.140741
0 1650 0.560157 0.679167 0.044135 0.154630
0 1651 0.280532 0.733796 0.039903 0.180556
0 1652 0.327993 0.698611 0.036880 0.171296
0 1653 0.681983 0.694907 0.047158 0.143519
0 1654 0.264208 0.456481 0.033857 0.140741
0 1655 0.479444 0.534722 0.032648 0.132407
0 1657 0.472793 0.507407 0.047158 0.129630
0 1658 0.370919 0.366204 0.038089 0.143519
0 1659 0.322854 0.572222 0.047158 0.142593
0 1660 0.472793 0.401852 0.030230 0.140741
0 1661 0.505139 0.388889 0.032044 0.146296
0 1662 0.457074 0.578241 0.039903 0.162037
0 1664 0.160822 0.222222 0.027811 0.118519
0 1666 0.788392 0.884722 0.059250 0.162037
0 1667 0.452237 0.432870 0.035067 0.099074
0 1668 0.478839 0.450926 0.029021 0.118519
0 1670 0.431681 0.357870 0.041112 0.149074
