0 1163 0.564692 0.964815 0.045949 0.072222
0 1164 0.619407 0.937500 0.047763 0.125000
0 1165 0.571947 0.947222 0.032648 0.107407
0 1166 0.803809 0.825000 0.048972 0.140741
0 1167 0.017231 0.959259 0.033253 0.083333
0 1168 0.098851 0.686574 0.039299 0.160185
0 1169 0.051391 0.732870 0.045949 0.162037
0 1173 0.631802 0.484259 0.044740 0.148148
0 1175 0.277207 0.530093 0.046554 0.141667
0 1176 0.238815 0.513889 0.038694 0.146296
0 1181 0.128476 0.316667 0.036880 0.137037
0 1182 0.012394 0.345370 0.023579 0.151852
0 1183 0.058646 0.364352 0.045949 0.136111
0 1184 0.121524 0.403704 0.044740 0.153704
0 1185 0.167775 0.416204 0.041717 0.171296
0 1188 0.571342 0.251852 0.032648 0.135185
0 1191 0.094317 0.458333 0.044740 0.151852
0 1192 0.019952 0.475463 0.038694 0.143519
0 1193 0.569528 0.298148 0.041112 0.153704
0 1194 0.600060 0.307407 0.032044 0.142593
0 1195 0.689238 0.618981 0.044740 0.160185
0 1196 0.735187 0.615741 0.047158 0.146296
0 1197 0.370919 0.268519 0.036880 0.124074
0 1198 0.347340 0.287963 0.027207 0.112963
0 1199 0.467050 0.257407 0.024788 0.135185
0 1200 0.460701 0.275926 0.030230 0.137037
0 1201 0.528718 0.462037 0.032044 0.135185
0 1202 0.564389 0.391204 0.029625 0.126852
0 1203 0.581620 0.420370 0.030230 0.135185
0 1205 0.512092 0.518056 0.036276 0.158333
0 1206 0.379081 0.302315 0.029021 0.132407
0 1208 0.690750 0.736111 0.047763 0.177778
0 1209 0.764510 0.725000 0.039299 0.151852
0 1210 0.778114 0.681019 0.044740 0.143519
0 1211 0.969166 0.693981 0.042322 0.154630
0 1212 0.922612 0.675463 0.050786 0.158333
0 1213 0.623337 0.782407 0.049577 0.161111
0 1214 0.891173 0.538889 0.041112 0.142593
0 1215 0.847037 0.502778 0.047158 0.138889
0 1216 0.914752 0.491204 0.041112 0.150926
0 1217 0.850967 0.597685 0.044135 0.149074
0 1218 0.893289 0.606019 0.044135 0.160185
0 1220 0.810157 0.602778 0.041112 0.151852
0 1221 0.779021 0.542593 0.041717 0.164815
0 1222 0.910218 0.325000 0.032044 0.137037
0 1223 0.921100 0.341667 0.034462 0.140741
0 1224 0.908102 0.298148 0.030230 0.085185
0 1225 0.931681 0.299074 0.030230 0.096296
0 1226 0.989420 0.609722 0.019952 0.147222
0 1227 0.649033 0.882407 0.046554 0.181481
0 1229 0.859432 0.839815 0.052600 0.194444
0 1230 0.838271 0.679167 0.070738 0.147222
0 1231 0.845828 0.735185 0.045949 0.157407
0 1235 0.316808 0.037963 0.031439 0.074074
0 1236 0.194377 0.068981 0.035671 0.132407
0 1237 0.397521 0.058796 0.040508 0.115741
0 1238 0.318622 0.017593 0.037485 0.033333
0 1239 0.334341 0.011574 0.032648 0.021296
0 1240 0.463724 0.030093 0.025393 0.058333
0 1241 0.530834 0.072685 0.033857 0.123148
0 1242 0.513603 0.046759 0.030834 0.091667
0 1244 0.555925 0.036111 0.022370 0.070370
0 1245 0.573156 0.048148 0.039903 0.094444
0 1246 0.596735 0.021759 0.025393 0.041667
0 1247 0.630593 0.020370 0.026602 0.038889
0 1249 0.669287 0.034722 0.030230 0.067593
0 1252 0.705562 0.082407 0.035067 0.124074
0 1253 0.721886 0.093519 0.027811 0.098148
0 1254 0.743047 0.083333 0.029021 0.112963
0 1255 0.958283 0.031019 0.029021 0.060185
0 1257 0.935611 0.054630 0.029625 0.105556
0 1258 0.970375 0.057407 0.032648 0.112963
0 1259 0.961911 0.114815 0.032648 0.120370
0 1260 0.937727 0.108796 0.031439 0.117593
0 1261 0.880290 0.139815 0.025393 0.085185
0 1262 0.898126 0.136111 0.040508 0.114815
0 1263 0.919589 0.150926 0.032648 0.112963
0 1264 0.936518 0.140741 0.027811 0.098148
0 1265 0.988815 0.049537 0.021161 0.093519
0 1266 0.917775 0.180093 0.047158 0.113889
0 1267 0.926844 0.211111 0.031439 0.124074
0 1268 0.960701 0.199074 0.033857 0.125926
0 1269 0.981560 0.173148 0.032044 0.114815
0 1270 0.986094 0.219907 0.026602 0.121296
0 1271 0.965538 0.279167 0.032648 0.121296
0 1272 0.985792 0.292130 0.027207 0.139815
0 1273 0.955562 0.303704 0.036880 0.135185
0 1274 0.950423 0.348148 0.038694 0.125926
0 1275 0.603688 0.085648 0.034462 0.123148
0 1276 0.634220 0.088889 0.035067 0.124074
0 1277 0.582527 0.126852 0.029625 0.103704
0 1278 0.565296 0.129167 0.030230 0.121296
0 1279 0.610339 0.151852 0.034462 0.131481
0 1280 0.559553 0.156944 0.034462 0.132407
0 1281 0.642987 0.182407 0.032044 0.114815
0 1282 0.666868 0.193981 0.026602 0.104630
0 1283 0.690750 0.185185 0.035671 0.129630
0 1284 0.725514 0.248148 0.037485 0.124074
0 1285 0.757255 0.248611 0.029625 0.123148
0 1286 0.810459 0.303241 0.044135 0.134259
0 1287 0.351270 0.143519 0.032648 0.124074
0 1288 0.401451 0.149537 0.035067 0.121296
0 1289 0.457981 0.177315 0.029625 0.134259
0 1290 0.397521 0.185185 0.032044 0.135185
0 1291 0.281439 0.210648 0.032044 0.137963
0 1292 0.314087 0.222685 0.029625 0.134259
0 1293 0.332225 0.256944 0.022370 0.097222
0 1294 0.588573 0.369444 0.036880 0.129630
0 1295 0.168380 0.156481 0.034462 0.122222
0 1296 0.087666 0.175000 0.032648 0.112963
0 1297 0.068319 0.223611 0.030230 0.134259
0 1298 0.094921 0.244444 0.035067 0.135185
0 1299 0.162636 0.299074 0.039903 0.137037
0 1303 0.021161 0.222685 0.041112 0.126852
0 1306 0.022068 0.671296 0.042926 0.164815
0 1307 0.026300 0.626852 0.039299 0.151852
0 1308 0.033857 0.592130 0.038694 0.128704
0 1311 0.045042 0.942593 0.039299 0.116667
0 1312 0.058646 0.912963 0.047158 0.164815
0 1313 0.100967 0.899074 0.047158 0.151852
0 1316 0.682890 0.053704 0.030834 0.105556
0 1318 0.037183 0.375463 0.029625 0.106481
0 1319 0.033857 0.298611 0.027811 0.087963
0 1320 0.713724 0.061574 0.039299 0.121296
0 1321 0.486699 0.036574 0.030230 0.071296
0 1322 0.504534 0.070370 0.039299 0.116667
0 1323 0.661125 0.051852 0.030834 0.101852
0 1325 0.239722 0.588889 0.038089 0.157407
0 1326 0.243652 0.568056 0.035067 0.139815
0 1327 0.154776 0.586574 0.043531 0.143519
0 1328 0.200121 0.589352 0.037485 0.134259
0 1329 0.213422 0.539815 0.045949 0.151852
0 1330 0.165054 0.552315 0.042322 0.137963
0 1342 0.623035 0.545370 0.034462 0.148148
0 1343 0.396312 0.239815 0.032044 0.124074
0 1344 0.420496 0.243519 0.027207 0.125926
0 1345 0.620314 0.521759 0.037485 0.145370
0 1356 0.171705 0.981019 0.029021 0.039815
0 1364 0.055018 0.962037 0.049577 0.077778
0 1365 0.737304 0.762500 0.039299 0.136111
0 1378 0.635429 0.986574 0.031439 0.028704
0 1389 0.867291 0.569444 0.044135 0.140741
0 1394 0.727932 0.736111 0.039903 0.137037
0 1412 0.725212 0.381481 0.041717 0.118519
0 1413 0.771463 0.378241 0.041112 0.136111
0 1443 0.929262 0.942593 0.041112 0.116667
0 1444 0.282044 0.373148 0.040508 0.137037
0 1445 0.262696 0.386574 0.034462 0.130556
0 1490 0.558041 0.502315 0.031439 0.123148
0 1501 0.250302 0.971759 0.044740 0.058333
0 1502 0.453748 0.971759 0.045345 0.058333
0 1510 0.526602 0.815741 0.050786 0.185185
0 1522 0.448609 0.870370 0.045949 0.161111
0 1531 0.537485 0.588426 0.037485 0.154630
0 1532 0.587062 0.724074 0.049577 0.159259
0 1549 0.337666 0.787037 0.044135 0.162963
0 1555 0.558041 0.520833 0.041112 0.137963
0 1556 0.537183 0.504630 0.025998 0.092593
0 1557 0.562273 0.618056 0.047158 0.156481
0 1565 0.499395 0.865741 0.047158 0.187037
0 1567 0.364873 0.484722 0.036880 0.134259
0 1570 0.298368 0.455556 0.039299 0.161111
0 1572 0.363059 0.420370 0.034462 0.146296
0 1573 0.496977 0.423611 0.032648 0.113889
0 1592 0.378174 0.715278 0.034462 0.154630
0 1593 0.399637 0.768056 0.050786 0.156481
0 1594 0.416566 0.737963 0.042322 0.170370
0 1595 0.370314 0.737500 0.034462 0.171296
0 1624 0.177751 0.264352 0.039903 0.143519
0 1632 0.121524 0.178704 0.026602 0.112963
0 1633 0.137243 0.182407 0.033857 0.118519
0 1634 0.007255 0.904630 0.013301 0.174074
0 1641 0.003023 0.213889 0.004837 0.122222
0 1642 0.136941 0.271296 0.034462 0.157407
0 1650 0.551391 0.692593 0.044740 0.146296
0 1651 0.213120 0.807870 0.044135 0.167593
0 1652 0.267231 0.771759 0.044740 0.162037
0 1653 0.677751 0.705093 0.045949 0.160185
0 1654 0.258767 0.460185 0.042322 0.140741
0 1655 0.477025 0.543056 0.032648 0.132407
0 1657 0.469770 0.514352 0.047158 0.130556
0 1658 0.367896 0.382870 0.032044 0.143519
0 1659 0.314994 0.608796 0.047158 0.143519
0 1660 0.469770 0.412037 0.032648 0.140741
0 1661 0.500302 0.393056 0.032044 0.145370
0 1662 0.504837 0.632407 0.038694 0.164815
0 1664 0.119710 0.255556 0.027811 0.118519
0 1666 0.898428 0.949537 0.047158 0.102778
0 1667 0.449516 0.443056 0.033253 0.104630
0 1668 0.502418 0.457870 0.031439 0.117593
0 1670 0.351572 0.403241 0.042926 0.149074
