0 1163 0.575877 0.967130 0.046554 0.067593
0 1164 0.626965 0.942130 0.053204 0.115741
0 1165 0.582527 0.950463 0.035671 0.100926
0 1166 0.814087 0.827778 0.044135 0.140741
0 1167 0.013603 0.965278 0.025998 0.071296
0 1168 0.104897 0.702778 0.039299 0.168519
0 1169 0.056530 0.741667 0.046554 0.162963
0 1173 0.637848 0.494444 0.044740 0.148148
0 1175 0.285369 0.532870 0.049577 0.139815
0 1176 0.249698 0.516667 0.038694 0.146296
0 1181 0.131197 0.324074 0.036276 0.137037
0 1182 0.008767 0.352778 0.016324 0.151852
0 1183 0.053507 0.374074 0.045345 0.140741
0 1184 0.117594 0.413889 0.044135 0.153704
0 1185 0.164148 0.425463 0.041717 0.171296
0 1188 0.576179 0.258333 0.032648 0.135185
0 1191 0.083434 0.468056 0.049577 0.150926
0 1192 0.015115 0.486111 0.029021 0.148148
0 1193 0.573156 0.301852 0.041112 0.153704
0 1194 0.600363 0.314815 0.032648 0.142593
0 1195 0.692261 0.628241 0.044740 0.160185
0 1196 0.737001 0.625000 0.045949 0.146296
0 1197 0.369407 0.270833 0.037485 0.123148
0 1198 0.340387 0.289815 0.027811 0.112963
0 1199 0.465236 0.258333 0.025998 0.135185
0 1200 0.458283 0.275926 0.030230 0.137037
0 1201 0.523881 0.473148 0.032044 0.135185
0 1202 0.558343 0.400463 0.029625 0.126852
0 1203 0.571040 0.431019 0.029625 0.132407
0 1205 0.512696 0.524537 0.036276 0.149074
0 1206 0.373640 0.304167 0.029021 0.132407
0 1208 0.685308 0.738889 0.048972 0.172222
0 1209 0.764813 0.731481 0.042322 0.155556
0 1210 0.778114 0.688889 0.044740 0.144444
0 1211 0.973096 0.706481 0.041717 0.155556
0 1212 0.925635 0.689352 0.050786 0.158333
0 1213 0.620617 0.795370 0.048972 0.164815
0 1214 0.894498 0.546759 0.039299 0.145370
0 1215 0.847037 0.506019 0.047158 0.134259
0 1216 0.916264 0.498611 0.041717 0.152778
0 1217 0.855502 0.606944 0.044740 0.149074
0 1218 0.898126 0.616204 0.044135 0.160185
0 1220 0.814692 0.614352 0.041717 0.154630
0 1221 0.782346 0.554167 0.043531 0.165741
0 1222 0.905381 0.329630 0.032044 0.137037
0 1223 0.917473 0.347685 0.034462 0.143519
0 1224 0.908404 0.303241 0.029625 0.086111
0 1225 0.932890 0.304630 0.030230 0.096296
0 1227 0.630290 0.900926 0.059855 0.181481
0 1229 0.849456 0.844907 0.048368 0.189815
0 1230 0.837062 0.692130 0.070738 0.149074
0 1231 0.840387 0.744907 0.045949 0.158333
0 1235 0.303809 0.038889 0.028416 0.075926
0 1236 0.186215 0.071759 0.036276 0.136111
0 1237 0.387243 0.060185 0.047763 0.114815
0 1238 0.331318 0.021296 0.037485 0.040741
0 1239 0.345828 0.012963 0.032648 0.024074
0 1240 0.461004 0.032407 0.025998 0.062963
0 1241 0.524788 0.078704 0.035067 0.124074
0 1242 0.511487 0.049074 0.031439 0.096296
0 1244 0.555320 0.039815 0.022370 0.077778
0 1245 0.571947 0.050463 0.039903 0.099074
0 1246 0.596735 0.024074 0.025393 0.046296
0 1247 0.630593 0.022685 0.026602 0.043519
0 1248 0.659613 0.026852 0.026602 0.051852
0 1249 0.667473 0.037500 0.030230 0.073148
0 1252 0.708585 0.087963 0.035067 0.124074
0 1253 0.726723 0.098148 0.027811 0.098148
0 1254 0.747279 0.086111 0.029021 0.112963
0 1255 0.959492 0.033333 0.029021 0.064815
0 1257 0.936518 0.060185 0.029021 0.114815
0 1258 0.970979 0.062037 0.032648 0.114815
0 1259 0.960701 0.122222 0.032648 0.120370
0 1260 0.933495 0.113426 0.031439 0.117593
0 1261 0.877267 0.145833 0.025393 0.084259
0 1262 0.896614 0.141667 0.039903 0.114815
0 1263 0.915357 0.156944 0.032648 0.112037
0 1264 0.931983 0.149074 0.027207 0.098148
0 1265 0.989117 0.054630 0.020556 0.100000
0 1266 0.917775 0.186574 0.045949 0.115741
0 1267 0.926844 0.217593 0.030230 0.124074
0 1268 0.960097 0.205556 0.033857 0.125926
0 1269 0.980653 0.179630 0.032648 0.114815
0 1270 0.986094 0.225463 0.026602 0.121296
0 1271 0.965538 0.283796 0.032648 0.121296
0 1272 0.987001 0.298611 0.024788 0.139815
0 1273 0.957678 0.311574 0.038694 0.137963
0 1274 0.949214 0.356481 0.038694 0.122222
0 1275 0.601572 0.093056 0.035067 0.123148
0 1276 0.633615 0.094444 0.035067 0.124074
0 1277 0.587969 0.133333 0.029625 0.103704
0 1278 0.571040 0.134722 0.029625 0.121296
0 1279 0.609734 0.159259 0.034462 0.131481
0 1280 0.560157 0.164352 0.034462 0.132407
0 1281 0.642987 0.185185 0.032044 0.114815
0 1282 0.666868 0.198611 0.026602 0.104630
0 1283 0.691354 0.189815 0.036880 0.129630
0 1284 0.731258 0.251852 0.036880 0.124074
0 1285 0.760883 0.251389 0.028416 0.123148
0 1286 0.810157 0.311574 0.044740 0.134259
0 1287 0.343410 0.148148 0.032648 0.124074
0 1288 0.396917 0.153241 0.034462 0.121296
0 1289 0.449516 0.181019 0.029625 0.134259
0 1290 0.391475 0.192593 0.032044 0.135185
0 1291 0.275393 0.218981 0.032044 0.137963
0 1292 0.305623 0.231481 0.029625 0.137037
0 1293 0.323458 0.264352 0.021765 0.099074
0 1294 0.583736 0.378704 0.036880 0.129630
0 1295 0.169287 0.161574 0.035067 0.125000
0 1296 0.086457 0.175926 0.032648 0.112963
0 1297 0.065296 0.230093 0.030230 0.134259
0 1298 0.088875 0.251852 0.033857 0.135185
0 1299 0.163845 0.306019 0.039903 0.141667
0 1303 0.017836 0.228241 0.034462 0.125000
0 1306 0.027509 0.671759 0.044135 0.165741
0 1307 0.034764 0.624537 0.039299 0.150926
0 1308 0.048368 0.593519 0.054414 0.129630
0 1311 0.065296 0.941204 0.039903 0.119444
0 1312 0.075574 0.909722 0.047158 0.165741
0 1313 0.118501 0.894444 0.048368 0.148148
0 1316 0.678960 0.060185 0.032648 0.116667
0 1318 0.033857 0.383796 0.030230 0.106481
0 1319 0.028416 0.305093 0.027811 0.087963
0 1320 0.713422 0.064352 0.039903 0.125000
0 1321 0.483374 0.038426 0.030834 0.075000
0 1322 0.497884 0.073611 0.039299 0.117593
0 1323 0.657497 0.055093 0.030834 0.108333
0 1325 0.240024 0.588889 0.038694 0.157407
0 1326 0.243652 0.568981 0.035067 0.139815
0 1327 0.153265 0.586574 0.044135 0.143519
0 1328 0.200726 0.589352 0.037485 0.134259
0 1329 0.213120 0.540278 0.045345 0.150926
0 1330 0.165054 0.554167 0.042322 0.137963
0 1342 0.618803 0.548148 0.034462 0.148148
0 1343 0.396312 0.239815 0.032044 0.124074
0 1344 0.420496 0.244444 0.027207 0.125926
0 1345 0.619407 0.522685 0.034462 0.145370
0 1364 0.044135 0.966667 0.049577 0.068519
0 1365 0.734281 0.767593 0.039299 0.137037
0 1389 0.868803 0.575000 0.044740 0.140741
0 1394 0.724305 0.740741 0.038694 0.137037
0 1412 0.724909 0.381481 0.041112 0.118519
0 1413 0.771161 0.379167 0.041717 0.136111
0 1443 0.940145 0.947685 0.041112 0.106481
0 1444 0.282044 0.373611 0.040508 0.137963
0 1445 0.262092 0.387500 0.034462 0.130556
0 1490 0.557437 0.502315 0.031439 0.123148
0 1501 0.250000 0.972685 0.044135 0.056481
0 1502 0.457074 0.973611 0.043531 0.054630
0 1510 0.526602 0.817593 0.050786 0.185185
0 1522 0.448609 0.870833 0.045949 0.160185
0 1531 0.537485 0.589352 0.037485 0.154630
0 1532 0.583434 0.728704 0.049577 0.159259
0 1549 0.337062 0.786111 0.044135 0.162963
0 1555 0.558041 0.520833 0.041112 0.137963
0 1556 0.536880 0.506019 0.026602 0.095370
0 1557 0.562878 0.620833 0.047158 0.156481
0 1565 0.500605 0.866667 0.045949 0.187037
0 1567 0.364873 0.485185 0.036880 0.133333
0 1570 0.297461 0.452315 0.037485 0.163889
0 1572 0.362757 0.422222 0.035067 0.146296
0 1573 0.495768 0.425000 0.032648 0.112963
0 1592 0.377872 0.716204 0.035067 0.154630
0 1593 0.399033 0.769907 0.050786 0.156481
0 1594 0.415961 0.737963 0.042322 0.170370
0 1595 0.370012 0.737500 0.035067 0.171296
0 1624 0.173216 0.268981 0.039299 0.143519
0 1632 0.116082 0.183333 0.026602 0.112963
0 1633 0.131499 0.188889 0.034462 0.118519
0 1634 0.007255 0.903704 0.013301 0.174074
0 1641 0.003023 0.213426 0.004837 0.123148
0 1642 0.133313 0.275000 0.034462 0.157407
0 1650 0.549879 0.697685 0.044135 0.149074
0 1651 0.201028 0.812500 0.044135 0.167593
0 1652 0.260580 0.781944 0.048368 0.162037
0 1653 0.678356 0.705093 0.045949 0.160185
0 1654 0.258464 0.460648 0.042926 0.141667
0 1655 0.477025 0.543981 0.032648 0.132407
0 1657 0.469166 0.514352 0.047158 0.130556
0 1658 0.364873 0.385648 0.032044 0.143519
0 1659 0.312878 0.613889 0.046554 0.144444
0 1660 0.469770 0.413426 0.032648 0.139815
0 1661 0.498791 0.392593 0.032648 0.144444
0 1662 0.508464 0.633333 0.038694 0.164815
0 1664 0.115780 0.260185 0.027207 0.118519
0 1666 0.907195 0.955093 0.047763 0.091667
0 1667 0.449214 0.443981 0.032648 0.106481
0 1668 0.501209 0.459722 0.031439 0.117593
0 1670 0.344619 0.406944 0.043531 0.149074
