0 1163 0.548670 0.961111 0.046554 0.079630
0 1164 0.600665 0.935648 0.044135 0.130556
0 1165 0.548368 0.944444 0.031439 0.112963
0 1166 0.790206 0.822685 0.045949 0.139815
0 1167 0.028416 0.945833 0.055623 0.108333
0 1168 0.091596 0.676389 0.041717 0.163889
0 1169 0.045345 0.713426 0.045949 0.160185
0 1173 0.612455 0.458333 0.044740 0.138889
0 1175 0.261185 0.526852 0.036276 0.150000
0 1176 0.217654 0.510185 0.038694 0.146296
0 1181 0.122733 0.300926 0.037485 0.137037
0 1182 0.016022 0.327778 0.030834 0.148148
0 1183 0.066808 0.349537 0.046554 0.143519
0 1184 0.131197 0.389352 0.043531 0.154630
0 1185 0.174426 0.398611 0.041717 0.171296
0 1188 0.566505 0.239815 0.033857 0.135185
0 1191 0.114873 0.438426 0.042322 0.149074
0 1192 0.032044 0.451852 0.039903 0.140741
0 1193 0.563482 0.281481 0.041112 0.151852
0 1194 0.597642 0.292593 0.032044 0.142593
0 1195 0.682890 0.605093 0.044135 0.160185
0 1196 0.730048 0.600463 0.046554 0.150926
0 1197 0.377570 0.264815 0.036880 0.124074
0 1198 0.361245 0.284259 0.027207 0.112963
0 1199 0.467050 0.255556 0.024788 0.135185
0 1200 0.465538 0.275926 0.030230 0.137037
0 1201 0.537183 0.437963 0.033253 0.135185
0 1202 0.569528 0.379167 0.030230 0.143519
0 1203 0.602177 0.392593 0.030230 0.135185
0 1205 0.512394 0.499074 0.036880 0.159259
0 1206 0.391475 0.299537 0.030834 0.132407
0 1208 0.698307 0.728704 0.045949 0.174074
0 1209 0.771161 0.711111 0.039299 0.151852
0 1210 0.778114 0.665741 0.044740 0.140741
0 1211 0.960701 0.667130 0.042322 0.137963
0 1212 0.914752 0.652778 0.047158 0.157407
0 1213 0.625151 0.762500 0.048368 0.165741
0 1214 0.884522 0.522685 0.044740 0.137963
0 1215 0.844921 0.489352 0.046554 0.137963
0 1216 0.910520 0.475926 0.041112 0.148148
0 1217 0.841294 0.579167 0.044135 0.149074
0 1218 0.879686 0.591204 0.039903 0.160185
0 1220 0.804716 0.583796 0.041112 0.150926
0 1221 0.771161 0.523611 0.039299 0.167593
0 1222 0.910520 0.312037 0.031439 0.137037
0 1223 0.928053 0.331019 0.036276 0.137963
0 1224 0.906288 0.285185 0.030230 0.085185
0 1225 0.929262 0.288889 0.030230 0.096296
0 1226 0.987001 0.593056 0.024788 0.160185
0 1227 0.678053 0.859259 0.053809 0.175926
0 1229 0.882104 0.806481 0.048368 0.185185
0 1230 0.839782 0.656019 0.071342 0.145370
0 1231 0.856106 0.712037 0.043531 0.153704
0 1235 0.342201 0.038426 0.031439 0.075000
0 1236 0.209190 0.063889 0.035067 0.125926
0 1237 0.415961 0.056019 0.044740 0.110185
0 1238 0.296856 0.013889 0.035067 0.025926
0 1239 0.320435 0.008333 0.032648 0.014815
0 1240 0.469770 0.025463 0.025393 0.049074
0 1241 0.544135 0.065278 0.032648 0.123148
0 1242 0.520556 0.042130 0.030230 0.082407
0 1244 0.557739 0.030556 0.022370 0.059259
0 1245 0.577690 0.043519 0.035671 0.085185
0 1246 0.596735 0.017130 0.025393 0.032407
0 1247 0.632406 0.016204 0.026602 0.030556
0 1249 0.663241 0.033333 0.029021 0.064815
0 1252 0.699516 0.071296 0.035067 0.124074
0 1253 0.714027 0.087963 0.027811 0.098148
0 1254 0.736094 0.077778 0.029625 0.112963
0 1255 0.959492 0.019907 0.030230 0.037963
0 1257 0.935006 0.044907 0.029625 0.087963
0 1258 0.970375 0.046759 0.032648 0.091667
0 1259 0.964027 0.099074 0.032044 0.120370
0 1260 0.942563 0.096759 0.031439 0.117593
0 1261 0.886941 0.130556 0.025393 0.085185
0 1262 0.901451 0.124074 0.041112 0.114815
0 1263 0.926844 0.139815 0.032648 0.112963
0 1264 0.944982 0.125463 0.027811 0.099074
0 1265 0.987304 0.043056 0.022975 0.084259
0 1266 0.917775 0.166667 0.051995 0.112963
0 1267 0.931076 0.198611 0.031439 0.123148
0 1268 0.962515 0.186111 0.035067 0.125926
0 1269 0.983676 0.160648 0.030230 0.115741
0 1270 0.986094 0.208796 0.026602 0.121296
0 1271 0.963724 0.268056 0.032648 0.121296
0 1272 0.984885 0.279167 0.029021 0.139815
0 1273 0.953446 0.290741 0.033857 0.131481
0 1274 0.953446 0.330556 0.038694 0.131481
0 1275 0.607920 0.070370 0.034462 0.124074
0 1276 0.636941 0.077778 0.033253 0.120370
0 1277 0.572249 0.112963 0.029625 0.103704
0 1278 0.554414 0.117130 0.030230 0.121296
0 1279 0.612152 0.136574 0.034462 0.130556
0 1280 0.563785 0.146759 0.034462 0.132407
0 1281 0.642080 0.170370 0.032648 0.114815
0 1282 0.666868 0.183796 0.026602 0.104630
0 1283 0.690145 0.177315 0.034462 0.128704
0 1284 0.714631 0.238889 0.037485 0.124074
0 1285 0.744861 0.237500 0.029021 0.119444
0 1286 0.813785 0.287500 0.043531 0.132407
0 1287 0.364571 0.132407 0.032648 0.124074
0 1288 0.409311 0.143056 0.035067 0.121296
0 1289 0.473398 0.169907 0.030230 0.134259
0 1290 0.409613 0.173148 0.032044 0.135185
0 1291 0.290810 0.192130 0.031439 0.137963
0 1292 0.330109 0.206019 0.030230 0.132407
0 1293 0.350363 0.242130 0.022370 0.093519
0 1294 0.597642 0.351852 0.036880 0.129630
0 1295 0.165054 0.146296 0.033857 0.118519
0 1296 0.088875 0.173148 0.032648 0.112963
0 1297 0.074970 0.210648 0.030230 0.134259
0 1298 0.106711 0.231481 0.034462 0.135185
0 1299 0.159613 0.285185 0.039903 0.127778
0 1303 0.025998 0.206944 0.043531 0.126852
0 1305 0.006046 0.240278 0.010883 0.139815
0 1306 0.009976 0.669444 0.018742 0.164815
0 1307 0.014510 0.634722 0.027811 0.154630
0 1308 0.022370 0.598148 0.043531 0.135185
0 1311 0.013301 0.946296 0.025393 0.109259
0 1312 0.034160 0.919907 0.047763 0.162037
0 1313 0.071947 0.912963 0.049577 0.151852
0 1316 0.690145 0.044907 0.029625 0.087963
0 1318 0.045042 0.358796 0.029625 0.106481
0 1319 0.043833 0.284722 0.027207 0.087963
0 1320 0.716445 0.057407 0.038694 0.112963
0 1321 0.492745 0.034259 0.030230 0.066667
0 1322 0.517836 0.063889 0.038089 0.114815
0 1323 0.673216 0.044444 0.030834 0.087037
0 1325 0.239117 0.589815 0.038089 0.157407
0 1326 0.243652 0.566204 0.035067 0.139815
0 1327 0.157195 0.586574 0.042322 0.143519
0 1328 0.199516 0.588426 0.037485 0.134259
0 1329 0.213422 0.538426 0.047158 0.150926
0 1330 0.165054 0.550463 0.042322 0.137963
0 1342 0.629686 0.539815 0.034462 0.148148
0 1343 0.396312 0.238889 0.032044 0.124074
0 1344 0.420496 0.242130 0.027207 0.126852
0 1345 0.621826 0.520370 0.039299 0.146296
0 1356 0.176239 0.966204 0.046554 0.069444
0 1364 0.077086 0.953704 0.056227 0.094444
0 1365 0.742140 0.750926 0.039299 0.138889
0 1378 0.648126 0.970370 0.044740 0.061111
0 1389 0.864268 0.556481 0.044135 0.140741
0 1394 0.732769 0.718519 0.039903 0.137037
0 1412 0.725212 0.380556 0.041717 0.118519
0 1413 0.771765 0.377315 0.040508 0.136111
0 1443 0.908102 0.931481 0.037485 0.138889
0 1444 0.282346 0.373148 0.039903 0.137037
0 1445 0.263301 0.383796 0.034462 0.128704
0 1490 0.557437 0.501389 0.031439 0.123148
0 1501 0.250907 0.971296 0.044740 0.059259
0 1502 0.450121 0.966204 0.048972 0.069444
0 1510 0.522370 0.822222 0.050786 0.185185
0 1522 0.448307 0.870370 0.046554 0.161111
0 1531 0.537485 0.586574 0.037485 0.154630
0 1532 0.588875 0.709722 0.049577 0.160185
0 1549 0.338271 0.787037 0.044135 0.162963
0 1555 0.558041 0.519907 0.041112 0.137963
0 1556 0.537787 0.501852 0.024788 0.088889
0 1557 0.561669 0.617593 0.047158 0.157407
0 1565 0.498186 0.862500 0.048368 0.189815
0 1567 0.365478 0.483333 0.036880 0.135185
0 1570 0.303507 0.462500 0.041112 0.160185
0 1572 0.363362 0.417593 0.035067 0.146296
0 1573 0.496372 0.420833 0.032648 0.119444
0 1592 0.379081 0.713889 0.033857 0.153704
0 1593 0.400846 0.771296 0.044740 0.151852
0 1594 0.418984 0.740741 0.042322 0.170370
0 1595 0.370919 0.736111 0.034462 0.172222
0 1624 0.186820 0.255093 0.041112 0.143519
0 1632 0.131197 0.170370 0.026602 0.112963
0 1633 0.148428 0.169444 0.032044 0.118519
0 1634 0.007255 0.905556 0.013301 0.174074
0 1641 0.003023 0.212500 0.004837 0.121296
0 1642 0.143894 0.262963 0.033857 0.157407
0 1650 0.557437 0.685185 0.044740 0.146296
0 1651 0.234885 0.797222 0.044135 0.170370
0 1652 0.282346 0.758796 0.038694 0.173148
0 1653 0.677146 0.704630 0.045949 0.159259
0 1654 0.259371 0.459259 0.041112 0.140741
0 1655 0.477025 0.541204 0.032648 0.132407
0 1657 0.471282 0.512963 0.046554 0.129630
0 1658 0.372733 0.377315 0.032044 0.143519
0 1659 0.318017 0.599537 0.047158 0.143519
0 1660 0.470073 0.409722 0.032044 0.139815
0 1661 0.501814 0.392593 0.031439 0.146296
0 1662 0.497582 0.630093 0.038694 0.163889
0 1664 0.127570 0.246296 0.027811 0.118519
0 1666 0.876360 0.938426 0.051391 0.125000
0 1667 0.450423 0.441667 0.033857 0.101852
0 1668 0.502418 0.456019 0.031439 0.117593
0 1670 0.365478 0.395370 0.041717 0.148148
