0 1163 0.541717 0.958333 0.047158 0.085185
0 1164 0.594317 0.935185 0.043531 0.131481
0 1165 0.541112 0.943519 0.031439 0.114815
0 1166 0.786276 0.820833 0.044135 0.139815
0 1167 0.034160 0.941204 0.058646 0.115741
0 1168 0.086457 0.670370 0.044740 0.162963
0 1169 0.042322 0.706944 0.044740 0.160185
0 1173 0.607013 0.452778 0.044740 0.137037
0 1175 0.256953 0.525000 0.039903 0.151852
0 1176 0.211608 0.508333 0.038694 0.146296
0 1181 0.121221 0.296296 0.038089 0.137037
0 1182 0.017231 0.322685 0.033253 0.147222
0 1183 0.069528 0.343981 0.047158 0.143519
0 1184 0.133011 0.376389 0.043531 0.154630
0 1185 0.176239 0.393519 0.041717 0.172222
0 1188 0.565599 0.236574 0.034462 0.134259
0 1191 0.120617 0.432870 0.042926 0.149074
0 1192 0.035671 0.444444 0.039903 0.140741
0 1193 0.561064 0.276389 0.041112 0.150926
0 1194 0.595828 0.288889 0.032044 0.142593
0 1195 0.681983 0.598611 0.043531 0.158333
0 1196 0.728839 0.596296 0.046554 0.151852
0 1197 0.379686 0.262963 0.037485 0.124074
0 1198 0.364873 0.284259 0.027207 0.112963
0 1199 0.467050 0.254630 0.024788 0.135185
0 1200 0.466445 0.275463 0.030834 0.137963
0 1201 0.539601 0.430556 0.034462 0.135185
0 1202 0.571342 0.374537 0.030230 0.145370
0 1203 0.607316 0.384722 0.030834 0.136111
0 1205 0.513906 0.489352 0.039903 0.156481
0 1206 0.395707 0.299074 0.033253 0.131481
0 1208 0.700423 0.725926 0.045345 0.172222
0 1209 0.773277 0.706944 0.039903 0.150926
0 1210 0.778114 0.662037 0.044740 0.140741
0 1211 0.957981 0.660648 0.041717 0.139815
0 1212 0.912938 0.645370 0.045949 0.155556
0 1213 0.627570 0.756019 0.048368 0.165741
0 1214 0.883615 0.518056 0.042926 0.137963
0 1215 0.843410 0.482870 0.045949 0.134259
0 1216 0.909311 0.471296 0.041112 0.146296
0 1217 0.838271 0.573611 0.044135 0.149074
0 1218 0.874849 0.586111 0.037485 0.159259
0 1220 0.804716 0.580556 0.041112 0.151852
0 1221 0.768138 0.519444 0.039299 0.170370
0 1222 0.910218 0.308333 0.032044 0.137037
0 1223 0.930169 0.328241 0.036880 0.137963
0 1224 0.906288 0.281481 0.030230 0.085185
0 1225 0.928053 0.285185 0.030230 0.096296
0 1226 0.985792 0.586111 0.027207 0.159259
0 1227 0.687424 0.849537 0.053204 0.173148
0 1229 0.885732 0.800926 0.051995 0.185185
0 1230 0.839782 0.649537 0.071342 0.145370
0 1231 0.859129 0.704630 0.042322 0.151852
0 1235 0.348851 0.037963 0.035067 0.074074
0 1236 0.213724 0.063426 0.034462 0.125000
0 1237 0.426239 0.054630 0.048368 0.107407
0 1238 0.291415 0.012963 0.033857 0.024074
0 1240 0.471584 0.024074 0.025393 0.046296
0 1241 0.548368 0.064352 0.032648 0.123148
0 1242 0.523579 0.040278 0.030230 0.078704
0 1244 0.558343 0.029167 0.022370 0.056481
0 1245 0.580109 0.042593 0.033253 0.083333
0 1246 0.596735 0.015741 0.025393 0.029630
0 1247 0.633011 0.014815 0.026602 0.027778
0 1249 0.662031 0.031019 0.029021 0.060185
0 1252 0.697703 0.068519 0.035067 0.124074
0 1253 0.711608 0.087037 0.027811 0.098148
0 1254 0.733978 0.076852 0.030230 0.112963
0 1255 0.954353 0.018981 0.029625 0.036111
0 1257 0.934704 0.043056 0.029021 0.084259
0 1258 0.970375 0.043519 0.032648 0.085185
0 1259 0.964933 0.094444 0.031439 0.120370
0 1260 0.943773 0.093056 0.031439 0.117593
0 1261 0.889359 0.127778 0.025393 0.085185
0 1262 0.902660 0.120833 0.041112 0.115741
0 1263 0.929262 0.136111 0.032648 0.112963
0 1264 0.948005 0.122685 0.027811 0.099074
0 1265 0.987001 0.042130 0.023579 0.082407
0 1266 0.918077 0.162037 0.051391 0.112963
0 1267 0.933495 0.195370 0.031439 0.124074
0 1268 0.964329 0.181481 0.035067 0.125926
0 1269 0.983978 0.156481 0.029625 0.114815
0 1270 0.986094 0.205093 0.026602 0.121296
0 1271 0.962515 0.264352 0.032648 0.121296
0 1272 0.984885 0.276389 0.029021 0.139815
0 1273 0.953446 0.287963 0.033857 0.131481
0 1274 0.955260 0.327778 0.038694 0.131481
0 1275 0.609129 0.065741 0.034462 0.124074
0 1276 0.637848 0.074537 0.032648 0.119444
0 1277 0.569226 0.108333 0.029625 0.103704
0 1278 0.551391 0.113426 0.030230 0.121296
0 1279 0.612455 0.132407 0.035067 0.129630
0 1280 0.564389 0.143056 0.034462 0.132407
0 1281 0.642080 0.166667 0.032648 0.114815
0 1282 0.666868 0.181019 0.026602 0.104630
0 1283 0.690447 0.175463 0.035067 0.128704
0 1284 0.711004 0.234259 0.037485 0.124074
0 1285 0.740629 0.233333 0.029021 0.118519
0 1286 0.815296 0.282407 0.042926 0.131481
0 1287 0.368198 0.127778 0.032648 0.124074
0 1288 0.411729 0.140278 0.035067 0.121296
0 1289 0.477630 0.166204 0.030230 0.134259
0 1290 0.413241 0.169444 0.032044 0.135185
0 1291 0.294438 0.189352 0.031439 0.137963
0 1292 0.334946 0.201389 0.030230 0.132407
0 1293 0.355804 0.237963 0.022370 0.092593
0 1294 0.600060 0.347222 0.036880 0.129630
0 1295 0.162031 0.144444 0.033857 0.118519
0 1296 0.089480 0.172222 0.032648 0.112963
0 1297 0.078900 0.207870 0.032044 0.132407
0 1298 0.110036 0.226852 0.033857 0.135185
0 1299 0.157799 0.281019 0.039903 0.126852
0 1303 0.028416 0.202315 0.043531 0.126852
0 1305 0.009069 0.237037 0.016929 0.140741
0 1306 0.002116 0.668519 0.003023 0.164815
0 1307 0.012394 0.635648 0.023579 0.154630
0 1308 0.016022 0.601389 0.030834 0.139815
0 1311 0.007557 0.947222 0.013906 0.107407
0 1312 0.026300 0.921296 0.048972 0.159259
0 1313 0.065901 0.915278 0.049577 0.150926
0 1316 0.692563 0.043056 0.029625 0.084259
0 1318 0.047461 0.353241 0.029625 0.106481
0 1319 0.046856 0.280093 0.027207 0.087963
0 1320 0.717050 0.056019 0.038694 0.110185
0 1321 0.494559 0.033796 0.030230 0.065741
0 1322 0.521463 0.062037 0.038089 0.114815
0 1323 0.676844 0.042130 0.030834 0.082407
0 1325 0.238815 0.589815 0.037485 0.157407
0 1326 0.243652 0.566204 0.035067 0.139815
0 1327 0.157799 0.586574 0.042322 0.143519
0 1328 0.200726 0.588426 0.038694 0.134259
0 1329 0.213422 0.538426 0.047158 0.150926
0 1330 0.165054 0.549537 0.042322 0.137963
0 1342 0.630290 0.538889 0.034462 0.148148
0 1343 0.396312 0.238889 0.032044 0.124074
0 1344 0.420496 0.241667 0.027207 0.125926
0 1345 0.622430 0.519444 0.039299 0.146296
0 1355 0.005441 0.980556 0.009674 0.037037
0 1356 0.177751 0.962963 0.048368 0.075926
0 1364 0.083434 0.951389 0.059250 0.099074
0 1365 0.743652 0.747222 0.039903 0.140741
0 1378 0.651149 0.966667 0.044740 0.068519
0 1389 0.863664 0.552778 0.044135 0.140741
0 1394 0.734281 0.712963 0.039299 0.137037
0 1412 0.725212 0.380556 0.041717 0.118519
0 1413 0.771765 0.376852 0.040508 0.137037
0 1443 0.901753 0.929167 0.038089 0.143519
0 1444 0.282346 0.373148 0.039903 0.137037
0 1445 0.263301 0.382870 0.034462 0.128704
0 1490 0.557437 0.500926 0.031439 0.124074
0 1501 0.251511 0.971296 0.044740 0.059259
0 1502 0.449214 0.963426 0.048368 0.075000
0 1510 0.520859 0.821296 0.051391 0.183333
0 1522 0.448307 0.869907 0.046554 0.162037
0 1531 0.537485 0.586574 0.037485 0.154630
0 1532 0.589480 0.706019 0.049577 0.160185
0 1549 0.338271 0.786111 0.044135 0.162963
0 1555 0.558041 0.518981 0.041112 0.137963
0 1556 0.537787 0.500926 0.024788 0.087037
0 1557 0.561669 0.618056 0.047158 0.156481
0 1565 0.498186 0.861574 0.048368 0.191667
0 1567 0.365478 0.482870 0.036880 0.136111
0 1570 0.305320 0.465278 0.041112 0.160185
0 1572 0.363362 0.416667 0.035067 0.146296
0 1573 0.496372 0.421296 0.032648 0.120370
0 1592 0.379383 0.713426 0.033253 0.152778
0 1593 0.400242 0.768981 0.048368 0.150926
0 1594 0.419589 0.741667 0.042322 0.170370
0 1595 0.370919 0.734722 0.034462 0.173148
0 1624 0.189541 0.252315 0.041717 0.143519
0 1632 0.133615 0.168519 0.026602 0.112963
0 1633 0.151753 0.164815 0.031439 0.118519
0 1634 0.006953 0.906481 0.012696 0.174074
0 1641 0.003023 0.211574 0.004837 0.121296
0 1642 0.145707 0.260185 0.033857 0.157407
0 1650 0.558646 0.684259 0.044740 0.146296
0 1651 0.240326 0.794907 0.044135 0.173148
0 1652 0.285973 0.755093 0.037485 0.176852
0 1653 0.677146 0.703241 0.045949 0.156481
0 1654 0.259674 0.459259 0.040508 0.140741
0 1655 0.477025 0.541204 0.032648 0.132407
0 1657 0.471282 0.512963 0.046554 0.129630
0 1658 0.374547 0.376389 0.032044 0.143519
0 1659 0.318924 0.596296 0.046554 0.142593
0 1660 0.470073 0.408796 0.032044 0.139815
0 1661 0.501814 0.392593 0.031439 0.146296
0 1662 0.493954 0.626389 0.038694 0.162037
0 1664 0.129988 0.244444 0.027811 0.118519
0 1666 0.868803 0.935648 0.053204 0.130556
0 1667 0.450423 0.441204 0.033857 0.100926
0 1668 0.503023 0.456019 0.031439 0.117593
0 1670 0.370314 0.393519 0.041717 0.148148
