0 1163 0.521765 0.952315 0.053204 0.097222
0 1164 0.568319 0.931481 0.047158 0.138889
0 1165 0.514510 0.940278 0.041112 0.121296
0 1166 0.765115 0.815741 0.051391 0.140741
0 1167 0.055623 0.926852 0.050786 0.148148
0 1168 0.073156 0.649074 0.048368 0.162963
0 1169 0.031137 0.682407 0.041717 0.155556
0 1173 0.591898 0.436574 0.044740 0.137963
0 1175 0.234281 0.515278 0.034462 0.145370
0 1176 0.187424 0.504167 0.041112 0.145370
0 1181 0.115780 0.278704 0.040508 0.137037
0 1182 0.026300 0.307407 0.034462 0.146296
0 1183 0.076179 0.322685 0.044740 0.143519
0 1184 0.135429 0.367130 0.043531 0.154630
0 1185 0.182588 0.375463 0.041112 0.173148
0 1188 0.561669 0.223611 0.036276 0.134259
0 1189 0.008464 0.457407 0.015719 0.146296
0 1191 0.138452 0.417593 0.048368 0.148148
0 1192 0.051995 0.421296 0.039903 0.140741
0 1193 0.556227 0.263426 0.041112 0.149074
0 1194 0.589782 0.275926 0.032044 0.142593
0 1195 0.679867 0.576852 0.044135 0.151852
0 1196 0.724002 0.577778 0.044135 0.148148
0 1197 0.388755 0.260185 0.037485 0.124074
0 1198 0.379081 0.281481 0.027811 0.112963
0 1199 0.466747 0.251852 0.025393 0.135185
0 1200 0.470375 0.274537 0.032648 0.139815
0 1201 0.548670 0.400926 0.036880 0.135185
0 1202 0.579807 0.358796 0.032648 0.145370
0 1203 0.619407 0.361574 0.034462 0.141667
0 1205 0.524184 0.459722 0.035067 0.143519
0 1206 0.410520 0.296296 0.037485 0.131481
0 1208 0.709492 0.718056 0.044135 0.173148
0 1209 0.780834 0.692130 0.041717 0.150926
0 1210 0.777811 0.645370 0.044135 0.140741
0 1211 0.948609 0.640741 0.038694 0.146296
0 1212 0.906590 0.620833 0.047763 0.150926
0 1213 0.636336 0.732870 0.048972 0.165741
0 1214 0.881197 0.503704 0.038089 0.137037
0 1215 0.836155 0.466204 0.047158 0.132407
0 1216 0.904776 0.455093 0.041717 0.143519
0 1217 0.829504 0.546296 0.044740 0.138889
0 1218 0.859129 0.565278 0.041112 0.152778
0 1220 0.795042 0.555556 0.041112 0.146296
0 1221 0.758767 0.498611 0.042322 0.163889
0 1222 0.909311 0.294444 0.031439 0.135185
0 1223 0.937424 0.318056 0.039299 0.137963
0 1224 0.904474 0.268519 0.030230 0.085185
0 1225 0.925635 0.274074 0.030230 0.096296
0 1226 0.981560 0.564815 0.035671 0.151852
0 1227 0.727630 0.837037 0.068319 0.174074
0 1228 0.986699 0.512500 0.025393 0.143519
0 1229 0.908706 0.772685 0.048368 0.184259
0 1230 0.839782 0.629167 0.071342 0.145370
0 1231 0.862757 0.676852 0.041112 0.146296
0 1235 0.376663 0.036111 0.037485 0.070370
0 1236 0.232467 0.058796 0.041717 0.115741
0 1237 0.454051 0.050463 0.053204 0.099074
0 1238 0.269649 0.011574 0.032648 0.021296
0 1240 0.478839 0.022685 0.025393 0.043519
0 1241 0.564087 0.061574 0.032648 0.121296
0 1242 0.533857 0.033796 0.030230 0.065741
0 1244 0.565599 0.025000 0.022370 0.048148
0 1245 0.586759 0.036574 0.030834 0.071296
0 1252 0.695889 0.055093 0.035067 0.108333
0 1253 0.702842 0.081944 0.027207 0.099074
0 1254 0.726723 0.071759 0.031439 0.112037
0 1257 0.933495 0.035185 0.026602 0.068519
0 1258 0.968259 0.035648 0.030834 0.069444
0 1259 0.972189 0.081481 0.030230 0.120370
0 1260 0.948609 0.079167 0.031439 0.117593
0 1261 0.896614 0.113889 0.025393 0.085185
0 1262 0.910520 0.108796 0.036276 0.115741
0 1263 0.935913 0.122222 0.032648 0.112963
0 1264 0.957074 0.111574 0.027811 0.099074
0 1265 0.985792 0.038889 0.025998 0.075926
0 1266 0.921403 0.149074 0.044740 0.118519
0 1267 0.942563 0.182407 0.030230 0.124074
0 1268 0.971584 0.163889 0.035067 0.125926
0 1270 0.987304 0.190278 0.024184 0.121296
0 1271 0.958888 0.250463 0.032648 0.121296
0 1272 0.986094 0.268056 0.026602 0.139815
0 1273 0.953748 0.277778 0.034462 0.131481
0 1274 0.961306 0.315741 0.038694 0.131481
0 1275 0.614268 0.058333 0.035067 0.114815
0 1276 0.641778 0.063426 0.029625 0.112037
0 1277 0.558343 0.095833 0.029625 0.106481
0 1278 0.539903 0.099537 0.030230 0.121296
0 1279 0.614873 0.119444 0.035067 0.129630
0 1280 0.569226 0.131944 0.034462 0.132407
0 1281 0.642684 0.155556 0.032648 0.114815
0 1282 0.666868 0.170833 0.026602 0.104630
0 1283 0.691657 0.167130 0.035067 0.128704
0 1284 0.697703 0.217593 0.037485 0.124074
0 1285 0.726119 0.218981 0.029021 0.115741
0 1286 0.820435 0.263426 0.041112 0.128704
0 1287 0.381499 0.120370 0.032648 0.124074
0 1288 0.419891 0.127315 0.033253 0.121296
0 1289 0.494256 0.154630 0.029625 0.135185
0 1290 0.426844 0.157407 0.031439 0.135185
0 1291 0.307739 0.179167 0.031439 0.137963
0 1292 0.351270 0.186574 0.030230 0.132407
0 1293 0.376360 0.220370 0.022370 0.092593
0 1294 0.610641 0.330093 0.033857 0.134259
0 1295 0.150846 0.137963 0.034462 0.118519
0 1296 0.091294 0.168519 0.032648 0.112963
0 1297 0.092503 0.189815 0.033857 0.129630
0 1298 0.122733 0.210185 0.030230 0.135185
0 1299 0.149940 0.268056 0.039903 0.126852
0 1300 0.003930 0.132407 0.006651 0.118519
0 1303 0.034462 0.181944 0.043531 0.126852
0 1304 0.008162 0.239352 0.015115 0.099074
0 1305 0.019952 0.222222 0.033857 0.140741
0 1307 0.002418 0.635648 0.003628 0.156481
0 1308 0.007557 0.604630 0.013906 0.142593
0 1312 0.013301 0.925463 0.025393 0.150926
0 1313 0.043531 0.924074 0.049577 0.148148
0 1316 0.698912 0.030556 0.030230 0.059259
0 1318 0.059553 0.333796 0.029625 0.106481
0 1319 0.060157 0.268981 0.027207 0.087963
0 1320 0.719468 0.051852 0.037485 0.101852
0 1321 0.500907 0.031019 0.029625 0.060185
0 1322 0.536276 0.056019 0.037485 0.110185
0 1323 0.691959 0.028241 0.030834 0.054630
0 1325 0.238210 0.590278 0.036276 0.156481
0 1326 0.243652 0.562500 0.035067 0.139815
0 1327 0.158404 0.584259 0.044740 0.140741
0 1328 0.204958 0.587963 0.041112 0.135185
0 1329 0.214027 0.538426 0.047158 0.150926
0 1330 0.165054 0.547685 0.042322 0.137963
0 1342 0.633918 0.533333 0.034462 0.148148
0 1343 0.400544 0.236111 0.032044 0.124074
0 1344 0.420496 0.239815 0.027207 0.125926
0 1345 0.624849 0.518519 0.039299 0.146296
0 1352 0.138452 0.974537 0.048368 0.049074
0 1355 0.018742 0.969907 0.036276 0.060185
0 1356 0.183192 0.950926 0.054414 0.100000
0 1364 0.098549 0.937963 0.062878 0.125926
0 1365 0.750605 0.734259 0.039299 0.140741
0 1378 0.672007 0.952315 0.046554 0.097222
0 1389 0.860641 0.537500 0.041717 0.139815
0 1394 0.736094 0.695370 0.038089 0.137037
0 1412 0.725212 0.379630 0.041717 0.118519
0 1413 0.772370 0.375926 0.040508 0.137037
0 1443 0.880290 0.921296 0.049577 0.153704
0 1444 0.282346 0.373148 0.039903 0.137037
0 1445 0.263301 0.380093 0.034462 0.128704
0 1490 0.557437 0.500463 0.031439 0.123148
0 1501 0.252721 0.971296 0.044740 0.059259
0 1502 0.445889 0.955556 0.048972 0.090741
0 1510 0.517231 0.823148 0.051391 0.181481
0 1522 0.448307 0.869444 0.046554 0.161111
0 1531 0.537485 0.585648 0.037485 0.154630
0 1532 0.596131 0.692130 0.049577 0.160185
0 1549 0.338573 0.785185 0.043531 0.162963
0 1555 0.558041 0.518056 0.041112 0.137963
0 1556 0.538392 0.498148 0.023579 0.083333
0 1557 0.561669 0.619444 0.047158 0.157407
0 1565 0.497884 0.858796 0.048972 0.197222
0 1567 0.365780 0.481944 0.036276 0.137963
0 1570 0.307437 0.473611 0.041717 0.160185
0 1572 0.363966 0.413889 0.035067 0.146296
0 1573 0.496070 0.422222 0.032044 0.122222
0 1592 0.380290 0.712037 0.032648 0.151852
0 1593 0.400544 0.772222 0.050181 0.161111
0 1594 0.421403 0.745370 0.042322 0.170370
0 1595 0.371524 0.732407 0.035671 0.175926
0 1624 0.198307 0.242593 0.041112 0.142593
0 1632 0.141778 0.163889 0.027207 0.112963
0 1633 0.167170 0.155556 0.032044 0.125926
0 1634 0.006953 0.907407 0.012696 0.174074
0 1641 0.003325 0.211574 0.005441 0.121296
0 1642 0.155381 0.252315 0.033857 0.152778
0 1650 0.560762 0.681481 0.044135 0.150000
0 1651 0.254232 0.776852 0.042926 0.179630
0 1652 0.298972 0.734722 0.039299 0.176852
0 1653 0.677449 0.698148 0.046554 0.146296
0 1654 0.260883 0.458333 0.039299 0.140741
0 1655 0.477025 0.539352 0.032648 0.132407
0 1657 0.471282 0.512037 0.046554 0.129630
0 1658 0.376965 0.371759 0.033253 0.143519
0 1659 0.321644 0.586111 0.048368 0.142593
0 1660 0.470677 0.406481 0.030834 0.140741
0 1661 0.500302 0.390741 0.032044 0.146296
0 1662 0.481258 0.613426 0.038694 0.158333
0 1664 0.139057 0.237963 0.027811 0.118519
0 1666 0.845224 0.925926 0.049577 0.150000
0 1667 0.451028 0.439815 0.035067 0.098148
0 1668 0.499698 0.456019 0.030834 0.117593
0 1670 0.387848 0.385185 0.041717 0.148148
