0 1160 0.258162 0.981019 0.029021 0.039815
0 1161 0.641173 0.943519 0.040508 0.112963
0 1162 0.657195 0.918519 0.059250 0.164815
0 1163 0.300484 0.905556 0.056832 0.174074
0 1164 0.330109 0.858796 0.047158 0.154630
0 1165 0.259069 0.884722 0.046554 0.165741
0 1166 0.540810 0.736574 0.046554 0.134259
0 1167 0.074365 0.656019 0.051995 0.163889
0 1168 0.015115 0.475000 0.029021 0.157407
0 1173 0.401149 0.273148 0.034462 0.137037
0 1175 0.049577 0.396759 0.039903 0.143519
0 1176 0.021161 0.401852 0.041112 0.140741
0 1179 0.034764 0.190741 0.034462 0.142593
0 1181 0.155381 0.157870 0.029021 0.132407
0 1182 0.112757 0.186111 0.034462 0.135185
0 1183 0.143289 0.198148 0.044740 0.140741
0 1184 0.188331 0.214815 0.039299 0.140741
0 1185 0.239420 0.225926 0.042322 0.151852
0 1186 0.081016 0.451852 0.047158 0.146296
0 1187 0.036880 0.442130 0.042322 0.137963
0 1188 0.458888 0.127778 0.033857 0.140741
0 1189 0.221282 0.270370 0.035067 0.129630
0 1190 0.225514 0.321296 0.039903 0.142593
0 1191 0.291717 0.271296 0.039299 0.137037
0 1192 0.267836 0.262963 0.037485 0.135185
0 1193 0.497884 0.144907 0.041717 0.149074
0 1194 0.523881 0.133333 0.033253 0.135185
0 1195 0.626360 0.407870 0.041112 0.149074
0 1196 0.664752 0.392130 0.038089 0.134259
0 1197 0.484281 0.217593 0.032648 0.140741
0 1198 0.504534 0.244444 0.027207 0.129630
0 1199 0.513603 0.215741 0.029625 0.129630
0 1200 0.523579 0.186111 0.032648 0.129630
0 1201 0.608827 0.167593 0.036276 0.138889
0 1202 0.629081 0.168981 0.029625 0.132407
0 1203 0.670496 0.178241 0.035067 0.137963
0 1205 0.648730 0.191667 0.037485 0.144444
0 1206 0.534160 0.241667 0.038089 0.131481
0 1207 0.792926 0.883796 0.056227 0.182407
0 1208 0.712817 0.558796 0.041112 0.160185
0 1209 0.787787 0.512037 0.041112 0.135185
0 1210 0.779021 0.472685 0.042926 0.134259
0 1211 0.883918 0.423611 0.036276 0.139815
0 1212 0.845526 0.414815 0.050181 0.148148
0 1213 0.693168 0.477778 0.041717 0.153704
0 1214 0.827690 0.348611 0.038694 0.143519
0 1215 0.786578 0.323148 0.043531 0.129630
0 1216 0.828597 0.315278 0.038089 0.143519
0 1217 0.706771 0.358796 0.042322 0.145370
0 1218 0.682285 0.365278 0.039299 0.145370
0 1219 0.940145 0.244444 0.039903 0.135185
0 1220 0.702842 0.307870 0.040508 0.126852
0 1221 0.690447 0.285648 0.036276 0.143519
0 1222 0.920193 0.190741 0.032648 0.133333
0 1223 0.958585 0.211574 0.039299 0.134259
0 1224 0.916868 0.161111 0.029625 0.085185
0 1225 0.952237 0.174074 0.029021 0.107407
0 1226 0.936518 0.376389 0.043531 0.143519
0 1227 0.862757 0.529630 0.045949 0.170370
0 1228 0.953748 0.339815 0.039299 0.135185
0 1229 0.981560 0.484722 0.035671 0.167593
0 1230 0.909915 0.502315 0.043531 0.149074
0 1231 0.937424 0.526852 0.036880 0.146296
0 1241 0.691657 0.022685 0.031439 0.043519
0 1266 0.947400 0.035648 0.035067 0.069444
0 1267 0.963724 0.052778 0.029021 0.103704
0 1271 0.942563 0.079167 0.031439 0.113889
0 1272 0.989420 0.088889 0.019952 0.120370
0 1273 0.986699 0.170833 0.026602 0.132407
0 1274 0.987304 0.215278 0.024184 0.132407
0 1277 0.437424 0.010185 0.024788 0.018519
0 1278 0.426844 0.019444 0.022975 0.037037
0 1279 0.639661 0.023611 0.035067 0.045370
0 1281 0.652963 0.052315 0.032648 0.102778
0 1282 0.639057 0.065278 0.027811 0.104630
0 1283 0.672914 0.060185 0.042322 0.118519
0 1284 0.614268 0.092130 0.035067 0.121296
0 1285 0.646010 0.102315 0.029625 0.115741
0 1286 0.919589 0.123611 0.038694 0.126852
0 1287 0.484281 0.034722 0.032648 0.067593
0 1288 0.519952 0.035185 0.026602 0.068519
0 1289 0.597944 0.049074 0.031439 0.096296
0 1290 0.570133 0.050463 0.037485 0.099074
0 1291 0.489722 0.054167 0.032648 0.106481
0 1292 0.516324 0.066667 0.032648 0.131481
0 1293 0.526602 0.090278 0.022975 0.082407
0 1294 0.671403 0.158333 0.032044 0.131481
0 1295 0.139057 0.114815 0.030230 0.112963
0 1296 0.122128 0.113889 0.032648 0.112963
0 1297 0.236397 0.067130 0.037485 0.126852
0 1298 0.273277 0.065741 0.035067 0.122222
0 1299 0.175937 0.120370 0.032648 0.124074
0 1301 0.050181 0.061574 0.030230 0.121296
0 1302 0.090689 0.069444 0.036276 0.125926
0 1303 0.155381 0.053704 0.038694 0.105556
0 1304 0.098549 0.101852 0.030230 0.098148
0 1305 0.123337 0.073148 0.035067 0.140741
0 1315 0.067715 0.063426 0.037485 0.112037
0 1318 0.155079 0.192130 0.029625 0.104630
0 1319 0.123942 0.177315 0.024184 0.084259
0 1322 0.667473 0.023148 0.037485 0.044444
0 1325 0.214027 0.611111 0.031439 0.137037
0 1326 0.231560 0.569444 0.035067 0.140741
0 1327 0.160520 0.587500 0.041717 0.143519
0 1328 0.204655 0.592130 0.039299 0.154630
0 1329 0.213422 0.537037 0.043531 0.151852
0 1330 0.172914 0.532407 0.037485 0.137037
0 1342 0.639661 0.467130 0.035067 0.149074
0 1343 0.403567 0.230093 0.032044 0.126852
0 1344 0.421705 0.231019 0.027207 0.126852
0 1345 0.607618 0.456944 0.032648 0.150926
0 1350 0.056530 0.767593 0.046554 0.157407
0 1351 0.184704 0.867593 0.039299 0.137037
0 1352 0.233374 0.797222 0.043531 0.174074
0 1353 0.212817 0.851852 0.043531 0.159259
0 1354 0.158404 0.828241 0.047158 0.169444
0 1355 0.099758 0.764352 0.043531 0.160185
0 1356 0.278718 0.770370 0.049577 0.170370
0 1364 0.108827 0.664815 0.042322 0.162963
0 1365 0.770859 0.567593 0.039903 0.135185
0 1373 0.973096 0.940741 0.048972 0.111111
0 1374 0.984885 0.849074 0.027811 0.129630
0 1375 0.942866 0.924074 0.052600 0.151852
0 1377 0.858827 0.803704 0.032044 0.109259
0 1378 0.829504 0.743056 0.050786 0.165741
0 1387 0.084643 0.305093 0.035067 0.149074
0 1388 0.127570 0.906944 0.061669 0.178704
0 1389 0.817715 0.381944 0.039299 0.139815
0 1394 0.738210 0.531019 0.033857 0.132407
0 1408 0.893289 0.972685 0.042926 0.052778
0 1412 0.729141 0.374074 0.041112 0.125926
0 1413 0.775695 0.373611 0.039903 0.137963
0 1443 0.674728 0.745833 0.044740 0.143519
0 1444 0.293833 0.367593 0.044740 0.137037
0 1445 0.267231 0.369907 0.033857 0.128704
0 1490 0.561669 0.492593 0.032648 0.124074
0 1494 0.856711 0.973148 0.043531 0.055556
0 1501 0.262394 0.969444 0.043531 0.062963
0 1502 0.434704 0.952315 0.051995 0.095370
0 1510 0.508464 0.807407 0.049577 0.179630
0 1522 0.451028 0.860185 0.047158 0.162963
0 1531 0.575272 0.617593 0.041717 0.153704
0 1532 0.607618 0.628704 0.047158 0.148148
0 1549 0.350363 0.785185 0.046554 0.162963
0 1555 0.562273 0.514815 0.043531 0.137037
0 1556 0.542926 0.508796 0.025393 0.106481
0 1557 0.593410 0.599074 0.039299 0.157407
0 1565 0.513906 0.855093 0.056832 0.187963
0 1567 0.362152 0.467130 0.037485 0.130556
0 1570 0.288694 0.571759 0.046554 0.149074
0 1572 0.383918 0.374074 0.039903 0.151852
0 1573 0.507860 0.426389 0.031439 0.143519
0 1592 0.388452 0.712037 0.032044 0.150000
0 1593 0.399637 0.762963 0.051995 0.157407
0 1594 0.428658 0.734722 0.041112 0.156481
0 1595 0.379081 0.726852 0.042322 0.170370
0 1624 0.296252 0.185648 0.047158 0.143519
0 1632 0.206771 0.048611 0.027811 0.095370
0 1633 0.221886 0.050463 0.031439 0.099074
0 1634 0.009069 0.908333 0.016929 0.175926
0 1641 0.005441 0.206019 0.009674 0.121296
0 1642 0.255744 0.180093 0.031439 0.139815
0 1650 0.562878 0.676389 0.044740 0.154630
0 1651 0.349758 0.648611 0.046554 0.167593
0 1652 0.431378 0.636574 0.036880 0.149074
0 1653 0.681983 0.689815 0.045949 0.146296
0 1654 0.263301 0.451852 0.036880 0.146296
0 1655 0.495768 0.536111 0.037485 0.137037
0 1657 0.477328 0.500463 0.046554 0.137963
0 1658 0.373640 0.362500 0.038694 0.145370
0 1659 0.328597 0.561111 0.034462 0.142593
0 1660 0.476723 0.394907 0.030834 0.139815
0 1661 0.509976 0.400463 0.036880 0.145370
0 1662 0.440750 0.547222 0.038694 0.148148
0 1664 0.229141 0.188889 0.027811 0.118519
0 1666 0.634220 0.750000 0.056832 0.157407
0 1667 0.452842 0.432407 0.030230 0.098148
0 1668 0.474002 0.434259 0.030230 0.118519
0 1670 0.570133 0.297685 0.048368 0.149074
