0 1160 0.213120 0.979167 0.036880 0.039815
0 1161 0.564692 0.944907 0.037485 0.112037
0 1162 0.585852 0.918519 0.061669 0.159259
0 1163 0.273277 0.897685 0.047158 0.173148
0 1164 0.292926 0.860185 0.046554 0.157407
0 1165 0.226119 0.878241 0.043531 0.162037
0 1166 0.501209 0.728704 0.038694 0.135185
0 1167 0.070435 0.618056 0.056227 0.162037
0 1168 0.009069 0.451852 0.016929 0.157407
0 1173 0.367291 0.281944 0.034462 0.136111
0 1174 0.009674 0.263889 0.018138 0.140741
0 1175 0.040508 0.371296 0.037485 0.138889
0 1176 0.014813 0.372222 0.028416 0.140741
0 1179 0.038694 0.175926 0.035067 0.146296
0 1181 0.172310 0.136111 0.030230 0.127778
0 1182 0.123942 0.166667 0.033857 0.135185
0 1183 0.157799 0.188426 0.044740 0.137963
0 1184 0.191657 0.200463 0.035067 0.139815
0 1185 0.250302 0.211111 0.042322 0.151852
0 1186 0.110641 0.429167 0.050786 0.145370
0 1187 0.071040 0.427778 0.046554 0.137037
0 1188 0.441354 0.122222 0.033857 0.140741
0 1189 0.254534 0.257407 0.035067 0.129630
0 1190 0.258767 0.302778 0.039903 0.142593
0 1191 0.319528 0.252778 0.039299 0.135185
0 1192 0.295949 0.244444 0.036880 0.129630
0 1193 0.483676 0.128241 0.042322 0.149074
0 1194 0.509976 0.121296 0.033253 0.133333
0 1195 0.612757 0.381019 0.041717 0.147222
0 1196 0.652358 0.371759 0.037485 0.134259
0 1197 0.491536 0.207407 0.032648 0.140741
0 1198 0.518440 0.242593 0.032044 0.129630
0 1199 0.522370 0.207407 0.033857 0.131481
0 1200 0.530230 0.176852 0.032648 0.129630
0 1201 0.620919 0.144444 0.036276 0.135185
0 1202 0.640871 0.153241 0.030230 0.132407
0 1203 0.674728 0.157870 0.035067 0.134259
0 1205 0.661427 0.174537 0.039903 0.143519
0 1206 0.553204 0.231944 0.042322 0.132407
0 1207 0.787787 0.831944 0.055623 0.182407
0 1208 0.710701 0.531481 0.041717 0.161111
0 1209 0.788996 0.493056 0.041112 0.141667
0 1210 0.766022 0.457870 0.041112 0.134259
0 1211 0.875151 0.399537 0.036880 0.134259
0 1212 0.838573 0.393981 0.043531 0.143519
0 1213 0.692261 0.447222 0.042322 0.151852
0 1214 0.819226 0.331944 0.038694 0.143519
0 1215 0.774788 0.304630 0.041717 0.129630
0 1216 0.821342 0.298148 0.040508 0.142593
0 1217 0.704353 0.325000 0.042322 0.140741
0 1218 0.674123 0.329630 0.039903 0.140741
0 1219 0.917775 0.229630 0.039903 0.135185
0 1220 0.707981 0.280093 0.037485 0.126852
0 1221 0.710399 0.258796 0.036276 0.143519
0 1222 0.922007 0.172685 0.032648 0.128704
0 1223 0.961306 0.192593 0.038694 0.133333
0 1224 0.918682 0.145370 0.029625 0.085185
0 1225 0.963120 0.163889 0.029021 0.107407
0 1226 0.934099 0.356019 0.037485 0.143519
0 1227 0.860339 0.487963 0.045949 0.161111
0 1228 0.952237 0.322222 0.039903 0.135185
0 1229 0.981258 0.441667 0.036276 0.159259
0 1230 0.909915 0.488426 0.043531 0.139815
0 1231 0.939238 0.516204 0.036880 0.147222
0 1241 0.712817 0.018056 0.037485 0.034259
0 1266 0.935913 0.025463 0.035067 0.049074
0 1267 0.967050 0.044444 0.029625 0.087037
0 1271 0.934099 0.060648 0.029021 0.104630
0 1272 0.980048 0.056944 0.020556 0.104630
0 1273 0.990931 0.153241 0.018138 0.132407
0 1274 0.987304 0.200463 0.024184 0.132407
0 1278 0.404474 0.013889 0.022975 0.025926
0 1281 0.652660 0.043056 0.032044 0.084259
0 1282 0.639057 0.049537 0.027811 0.091667
0 1283 0.671705 0.054167 0.042322 0.106481
0 1284 0.613362 0.079167 0.034462 0.121296
0 1285 0.641778 0.089352 0.029625 0.113889
0 1286 0.927751 0.106944 0.036880 0.126852
0 1287 0.494861 0.025463 0.030834 0.049074
0 1288 0.530230 0.027315 0.026602 0.052778
0 1289 0.608222 0.042130 0.031439 0.082407
0 1290 0.585852 0.044444 0.027811 0.087037
0 1291 0.509976 0.050463 0.032044 0.099074
0 1292 0.532648 0.055556 0.032648 0.109259
0 1293 0.551995 0.082870 0.022975 0.082407
0 1294 0.681378 0.135185 0.031439 0.129630
0 1295 0.142382 0.112037 0.029625 0.111111
0 1296 0.132104 0.100926 0.032044 0.112963
0 1297 0.258162 0.056944 0.037485 0.112037
0 1298 0.293833 0.056944 0.035067 0.112037
0 1299 0.179565 0.098148 0.032648 0.124074
0 1301 0.070738 0.054630 0.030230 0.107407
0 1302 0.113059 0.061111 0.036276 0.120370
0 1303 0.177449 0.045833 0.039299 0.089815
0 1304 0.129686 0.076389 0.029625 0.093519
0 1305 0.151451 0.064352 0.034462 0.126852
0 1318 0.167473 0.187037 0.030230 0.098148
0 1319 0.151149 0.171296 0.024184 0.081481
0 1322 0.686215 0.018519 0.037485 0.035185
0 1325 0.203446 0.618519 0.032044 0.137037
0 1326 0.229746 0.575926 0.035067 0.140741
0 1327 0.162031 0.589352 0.042322 0.143519
0 1328 0.204958 0.592130 0.039903 0.154630
0 1329 0.209190 0.540278 0.041112 0.150926
0 1330 0.168077 0.532407 0.037485 0.137037
0 1342 0.633615 0.448611 0.036276 0.149074
0 1343 0.402963 0.235648 0.032044 0.126852
0 1344 0.422914 0.231944 0.027207 0.126852
0 1345 0.603386 0.446759 0.032648 0.150926
0 1350 0.053204 0.724074 0.055623 0.162963
0 1351 0.201935 0.834259 0.038694 0.135185
0 1352 0.252116 0.775926 0.043531 0.174074
0 1353 0.223700 0.829630 0.041112 0.151852
0 1354 0.171403 0.807407 0.041717 0.174074
0 1355 0.096131 0.718981 0.044740 0.160185
0 1356 0.287787 0.747685 0.049577 0.171296
0 1364 0.107013 0.628704 0.042322 0.162963
0 1365 0.766022 0.544444 0.039903 0.135185
0 1366 0.587364 0.975463 0.039299 0.050926
0 1373 0.966143 0.922222 0.056832 0.137037
0 1374 0.976421 0.809259 0.044740 0.146296
0 1375 0.928356 0.896296 0.064692 0.161111
0 1377 0.860339 0.756019 0.032648 0.110185
0 1378 0.833736 0.701852 0.050786 0.157407
0 1387 0.107316 0.289352 0.038089 0.149074
0 1388 0.117896 0.877778 0.060459 0.185185
0 1389 0.808646 0.359722 0.039299 0.132407
0 1393 0.984583 0.537500 0.029625 0.117593
0 1394 0.738513 0.508333 0.034462 0.125926
0 1395 0.992443 0.724074 0.015115 0.092593
0 1408 0.868803 0.952778 0.043531 0.096296
0 1412 0.731560 0.375463 0.041112 0.126852
0 1413 0.775695 0.374537 0.039903 0.137963
0 1443 0.644800 0.736111 0.044135 0.153704
0 1444 0.294438 0.370370 0.044740 0.137037
0 1445 0.265115 0.370833 0.035671 0.128704
0 1490 0.563180 0.493519 0.032044 0.124074
0 1494 0.838573 0.953704 0.043531 0.094444
0 1501 0.264208 0.969444 0.043531 0.062963
0 1502 0.435913 0.953704 0.056832 0.092593
0 1510 0.509674 0.809259 0.049577 0.179630
0 1522 0.451935 0.866667 0.046554 0.162963
0 1531 0.575574 0.617593 0.042322 0.153704
0 1532 0.606409 0.630556 0.047158 0.148148
0 1549 0.349758 0.790278 0.047763 0.160185
0 1555 0.570133 0.519444 0.043531 0.137037
0 1556 0.542926 0.509722 0.025393 0.106481
0 1557 0.591596 0.593056 0.040508 0.152778
0 1565 0.519045 0.856944 0.059855 0.187963
0 1567 0.363966 0.467130 0.036276 0.128704
0 1570 0.298368 0.587500 0.042926 0.156481
0 1572 0.383918 0.377778 0.039903 0.151852
0 1573 0.505441 0.432870 0.031439 0.143519
0 1592 0.392080 0.717593 0.032044 0.148148
0 1593 0.401149 0.766667 0.050181 0.155556
0 1594 0.435006 0.732407 0.036880 0.164815
0 1595 0.380290 0.727778 0.042322 0.170370
0 1624 0.311669 0.184259 0.051391 0.142593
0 1632 0.226119 0.042130 0.027811 0.082407
0 1633 0.231258 0.049074 0.029625 0.096296
0 1634 0.009371 0.908796 0.017533 0.176852
0 1641 0.003325 0.200463 0.005441 0.121296
0 1642 0.264813 0.167593 0.036276 0.135185
0 1650 0.564692 0.679167 0.044740 0.154630
0 1651 0.360943 0.636574 0.038694 0.162037
0 1652 0.459794 0.632870 0.046554 0.152778
0 1653 0.681983 0.689815 0.045949 0.150000
0 1654 0.258464 0.452315 0.041717 0.145370
0 1655 0.496977 0.535185 0.037485 0.137037
0 1657 0.477025 0.505093 0.047158 0.137963
0 1658 0.375453 0.364352 0.038694 0.145370
0 1659 0.326179 0.556481 0.034462 0.142593
0 1660 0.477630 0.399537 0.033857 0.139815
0 1661 0.510883 0.400926 0.037485 0.146296
0 1662 0.444982 0.545370 0.039903 0.151852
0 1664 0.241838 0.185185 0.027811 0.118519
0 1666 0.597944 0.731019 0.058041 0.149074
0 1667 0.452842 0.433333 0.029021 0.098148
0 1668 0.474909 0.440741 0.029625 0.118519
0 1670 0.587969 0.280093 0.048972 0.149074
