0 1161 0.925635 0.950463 0.043531 0.100926
0 1162 0.942563 0.919444 0.049577 0.157407
0 1163 0.436518 0.933333 0.047158 0.135185
0 1164 0.478235 0.907407 0.050786 0.159259
0 1165 0.408102 0.917130 0.045949 0.162037
0 1166 0.686518 0.779167 0.046554 0.139815
0 1167 0.103990 0.812037 0.051995 0.157407
0 1168 0.032648 0.576389 0.043531 0.156481
0 1169 0.013301 0.597685 0.025393 0.160185
0 1173 0.517533 0.357870 0.037485 0.143519
0 1175 0.137545 0.475926 0.039299 0.142593
0 1176 0.104293 0.487963 0.046554 0.146296
0 1181 0.108222 0.216667 0.039903 0.137037
0 1182 0.061971 0.246759 0.034462 0.143519
0 1183 0.108525 0.268519 0.044135 0.140741
0 1184 0.170496 0.289815 0.044740 0.146296
0 1185 0.204958 0.291667 0.042322 0.151852
0 1188 0.516324 0.177315 0.037485 0.139815
0 1189 0.090992 0.373148 0.041717 0.135185
0 1190 0.084946 0.421759 0.048972 0.154630
0 1191 0.191657 0.348611 0.037485 0.149074
0 1192 0.148730 0.350000 0.038694 0.140741
0 1193 0.536880 0.209722 0.042322 0.149074
0 1194 0.571644 0.203241 0.032044 0.132407
0 1195 0.676542 0.502778 0.042322 0.151852
0 1196 0.709190 0.493056 0.043531 0.143519
0 1197 0.431076 0.249074 0.037485 0.124074
0 1198 0.431076 0.272222 0.027811 0.112963
0 1199 0.473096 0.242593 0.024788 0.135185
0 1200 0.498791 0.249537 0.032648 0.139815
0 1201 0.576179 0.286574 0.037485 0.134259
0 1202 0.605200 0.275926 0.039903 0.131481
0 1203 0.663845 0.280556 0.035067 0.142593
0 1205 0.613966 0.335648 0.039299 0.150926
0 1206 0.462817 0.283796 0.030834 0.132407
0 1208 0.723096 0.652315 0.039903 0.167593
0 1209 0.787787 0.618519 0.042322 0.151852
0 1210 0.778416 0.564815 0.036880 0.140741
0 1211 0.914752 0.546296 0.039903 0.144444
0 1212 0.883918 0.521759 0.048368 0.137963
0 1213 0.658102 0.626389 0.044135 0.160185
0 1214 0.857920 0.439352 0.042322 0.141667
0 1215 0.822854 0.402315 0.047158 0.132407
0 1216 0.879686 0.392593 0.049577 0.142593
0 1217 0.797763 0.458333 0.047763 0.146296
0 1218 0.802902 0.481019 0.039903 0.137963
0 1219 0.991536 0.332407 0.015719 0.125926
0 1220 0.753325 0.450926 0.041112 0.144444
0 1221 0.712817 0.407407 0.044740 0.151852
0 1222 0.909311 0.249074 0.032648 0.135185
0 1223 0.946796 0.275463 0.042322 0.137963
0 1224 0.909311 0.222222 0.030230 0.085185
0 1225 0.923216 0.232870 0.030230 0.106481
0 1226 0.963120 0.486574 0.043531 0.158333
0 1227 0.847642 0.730556 0.048368 0.179630
0 1228 0.971886 0.433796 0.039299 0.143519
0 1229 0.947098 0.647222 0.051391 0.175926
0 1230 0.880290 0.568056 0.071342 0.149074
0 1231 0.891778 0.608333 0.039903 0.144444
0 1235 0.479746 0.021759 0.032044 0.041667
0 1236 0.299577 0.033796 0.030834 0.065741
0 1237 0.532950 0.036111 0.041717 0.070370
0 1241 0.613966 0.043981 0.032044 0.086111
0 1242 0.555623 0.016667 0.022975 0.031481
0 1252 0.702539 0.031481 0.029021 0.061111
0 1253 0.675937 0.042130 0.027811 0.080556
0 1254 0.698912 0.043056 0.030230 0.084259
0 1259 0.980048 0.040741 0.029021 0.079630
0 1260 0.952237 0.030556 0.031439 0.059259
0 1261 0.915961 0.064815 0.025393 0.085185
0 1262 0.935308 0.061111 0.030230 0.105556
0 1263 0.953446 0.064815 0.032648 0.101852
0 1264 0.973096 0.051852 0.032044 0.092593
0 1266 0.937122 0.088889 0.042322 0.118519
0 1267 0.969770 0.118519 0.030230 0.124074
0 1268 0.983676 0.095833 0.031439 0.126852
0 1271 0.959492 0.176389 0.035067 0.121296
0 1272 0.989420 0.209722 0.019952 0.132407
0 1273 0.966445 0.233796 0.034462 0.132407
0 1274 0.978235 0.274537 0.037485 0.132407
0 1275 0.636336 0.022685 0.032044 0.043519
0 1277 0.511185 0.052778 0.029625 0.103704
0 1278 0.497582 0.050926 0.035067 0.100000
0 1279 0.627267 0.062963 0.034462 0.112963
0 1280 0.596131 0.066667 0.032648 0.124074
0 1281 0.651753 0.108333 0.032648 0.114815
0 1282 0.659915 0.124537 0.027207 0.104630
0 1283 0.685611 0.116204 0.035067 0.128704
0 1284 0.640266 0.166204 0.037485 0.121296
0 1285 0.678053 0.169907 0.029625 0.115741
0 1286 0.866687 0.202315 0.039299 0.126852
0 1287 0.426844 0.073148 0.032648 0.124074
0 1288 0.465538 0.073611 0.031439 0.121296
0 1289 0.548972 0.100926 0.033857 0.129630
0 1290 0.502418 0.099074 0.036276 0.114815
0 1291 0.379686 0.110185 0.032648 0.131481
0 1292 0.415357 0.124537 0.030230 0.132407
0 1293 0.424426 0.156019 0.022975 0.093519
0 1294 0.640871 0.263426 0.031439 0.137963
0 1295 0.130290 0.129167 0.029625 0.117593
0 1296 0.104897 0.149074 0.032044 0.112963
0 1297 0.137243 0.145833 0.033857 0.128704
0 1298 0.180472 0.149074 0.034462 0.135185
0 1299 0.136034 0.214815 0.030230 0.133333
0 1300 0.052902 0.073148 0.039299 0.118519
0 1302 0.015719 0.143981 0.030230 0.134259
0 1303 0.052600 0.110185 0.038694 0.118519
0 1304 0.025998 0.182407 0.030230 0.098148
0 1305 0.044135 0.150926 0.035067 0.140741
0 1318 0.100060 0.267130 0.029625 0.104630
0 1319 0.086155 0.200463 0.025998 0.082407
0 1320 0.724909 0.030556 0.037485 0.059259
0 1322 0.594317 0.040741 0.037485 0.079630
0 1325 0.235792 0.592130 0.032648 0.154630
0 1326 0.239420 0.556019 0.035067 0.139815
0 1327 0.160822 0.579167 0.042322 0.137963
0 1328 0.205562 0.587963 0.038694 0.153704
0 1329 0.215840 0.535648 0.047158 0.150926
0 1330 0.166868 0.544907 0.042322 0.137963
0 1342 0.645405 0.510185 0.034462 0.148148
0 1343 0.398730 0.232870 0.032044 0.125000
0 1344 0.422612 0.233796 0.027811 0.126852
0 1345 0.615780 0.499537 0.030834 0.143519
0 1350 0.026602 0.938426 0.051995 0.125000
0 1351 0.133918 0.965278 0.041717 0.071296
0 1352 0.170496 0.918519 0.054414 0.162963
0 1353 0.180774 0.951389 0.048368 0.099074
0 1354 0.107618 0.937963 0.043531 0.125926
0 1355 0.072854 0.932870 0.047763 0.136111
0 1356 0.241233 0.887500 0.045949 0.175000
0 1364 0.138452 0.829167 0.047158 0.165741
0 1365 0.769649 0.662963 0.038694 0.135185
0 1377 0.761487 0.935648 0.028416 0.104630
0 1378 0.749395 0.889815 0.048972 0.157407
0 1387 0.003628 0.376389 0.006046 0.152778
0 1389 0.844619 0.471759 0.039903 0.139815
0 1394 0.731560 0.623148 0.037485 0.137037
0 1412 0.727328 0.374074 0.042322 0.118519
0 1413 0.773881 0.372685 0.039903 0.137963
0 1443 0.784160 0.837963 0.044740 0.153704
0 1444 0.282648 0.371296 0.040508 0.137037
0 1445 0.265115 0.370833 0.034462 0.128704
0 1490 0.559250 0.494444 0.032648 0.124074
0 1501 0.256651 0.970370 0.044135 0.061111
0 1502 0.429262 0.954630 0.055623 0.090741
0 1510 0.507860 0.813426 0.051995 0.182407
0 1522 0.449819 0.863426 0.047158 0.162037
0 1531 0.541717 0.597685 0.037485 0.154630
0 1532 0.606711 0.649074 0.048972 0.148148
0 1549 0.338271 0.784259 0.044135 0.162963
0 1555 0.560459 0.516204 0.041112 0.137963
0 1556 0.540508 0.504630 0.025393 0.103704
0 1557 0.579202 0.601852 0.039903 0.157407
0 1565 0.500000 0.855093 0.049577 0.187963
0 1567 0.355502 0.471296 0.036276 0.140741
0 1570 0.295647 0.514815 0.043531 0.159259
0 1572 0.381499 0.381481 0.033857 0.148148
0 1573 0.495768 0.425926 0.031439 0.140741
0 1592 0.382104 0.710185 0.032648 0.151852
0 1593 0.401451 0.764352 0.053204 0.150926
0 1594 0.423821 0.743519 0.042322 0.150000
0 1595 0.378476 0.735185 0.042322 0.175926
0 1624 0.237606 0.209259 0.038694 0.140741
0 1632 0.174426 0.115741 0.027207 0.112963
0 1633 0.196191 0.112963 0.032044 0.127778
0 1634 0.007255 0.905556 0.013301 0.174074
0 1641 0.005139 0.208333 0.009069 0.120370
0 1642 0.198307 0.222222 0.033857 0.140741
0 1650 0.559855 0.678241 0.043531 0.154630
0 1651 0.294135 0.697222 0.040508 0.175926
0 1652 0.345828 0.671759 0.036276 0.154630
0 1653 0.684099 0.693981 0.046554 0.143519
0 1654 0.267231 0.453704 0.035067 0.140741
0 1655 0.482467 0.531944 0.032648 0.132407
0 1657 0.474607 0.504630 0.047158 0.129630
0 1658 0.371826 0.362963 0.039903 0.142593
0 1659 0.330411 0.566667 0.032044 0.142593
0 1660 0.473398 0.398148 0.030230 0.140741
0 1661 0.512092 0.387963 0.035067 0.146296
0 1662 0.441354 0.556019 0.038694 0.152778
0 1664 0.175937 0.213889 0.027811 0.118519
0 1666 0.758464 0.846296 0.041717 0.157407
0 1667 0.452237 0.430093 0.035067 0.099074
0 1668 0.469770 0.447222 0.029021 0.118519
0 1670 0.469468 0.352315 0.041717 0.149074
