0 1161 0.928053 0.950926 0.043531 0.100000
0 1162 0.945284 0.919907 0.051391 0.154630
0 1163 0.438634 0.933796 0.046554 0.134259
0 1164 0.479141 0.908333 0.051391 0.159259
0 1165 0.409915 0.917593 0.044740 0.162963
0 1166 0.688634 0.781019 0.045949 0.139815
0 1167 0.103386 0.815741 0.051995 0.159259
0 1168 0.033253 0.578241 0.043531 0.156481
0 1169 0.013906 0.599537 0.026602 0.160185
0 1173 0.518742 0.359722 0.037485 0.143519
0 1175 0.138452 0.476852 0.038694 0.142593
0 1176 0.106106 0.489815 0.046554 0.146296
0 1181 0.108222 0.217593 0.039903 0.137037
0 1182 0.061669 0.247685 0.035067 0.143519
0 1183 0.107920 0.269444 0.044135 0.140741
0 1184 0.169891 0.290741 0.044740 0.146296
0 1185 0.204958 0.293519 0.042322 0.151852
0 1188 0.517533 0.178241 0.037485 0.139815
0 1189 0.089178 0.374537 0.041717 0.134259
0 1190 0.083132 0.423611 0.048972 0.154630
0 1191 0.191052 0.349537 0.037485 0.149074
0 1192 0.145707 0.351852 0.037485 0.140741
0 1193 0.537485 0.211574 0.042322 0.149074
0 1194 0.571947 0.204167 0.032648 0.132407
0 1195 0.677751 0.504630 0.042322 0.151852
0 1196 0.709794 0.493981 0.043531 0.143519
0 1197 0.430169 0.249074 0.036880 0.124074
0 1198 0.430169 0.273148 0.027207 0.112963
0 1199 0.473096 0.242593 0.024788 0.135185
0 1200 0.497884 0.250926 0.032044 0.140741
0 1201 0.575574 0.288426 0.037485 0.134259
0 1202 0.604595 0.276852 0.039903 0.131481
0 1203 0.663241 0.281481 0.035067 0.142593
0 1205 0.612757 0.338889 0.039299 0.151852
0 1206 0.461608 0.284259 0.030834 0.131481
0 1208 0.723096 0.652778 0.039903 0.168519
0 1209 0.787787 0.620370 0.042322 0.151852
0 1210 0.778416 0.565741 0.036880 0.140741
0 1211 0.915054 0.548611 0.039299 0.145370
0 1212 0.884522 0.523611 0.048368 0.137963
0 1213 0.657799 0.629167 0.043531 0.160185
0 1214 0.858222 0.440278 0.041717 0.141667
0 1215 0.822854 0.403241 0.047158 0.132407
0 1216 0.879988 0.394444 0.048972 0.142593
0 1217 0.798670 0.460648 0.048368 0.147222
0 1218 0.803507 0.483333 0.039903 0.137037
0 1219 0.991838 0.334259 0.015115 0.125926
0 1220 0.755139 0.453704 0.041112 0.144444
0 1221 0.714027 0.408333 0.044740 0.151852
0 1222 0.909311 0.250000 0.032648 0.135185
0 1223 0.946191 0.276389 0.042322 0.137963
0 1224 0.909311 0.224074 0.030230 0.085185
0 1225 0.923216 0.233796 0.030230 0.106481
0 1226 0.963120 0.487963 0.043531 0.157407
0 1227 0.846433 0.733333 0.048368 0.179630
0 1228 0.971886 0.434722 0.039299 0.143519
0 1229 0.946493 0.650000 0.051391 0.175926
0 1230 0.879081 0.568981 0.071342 0.149074
0 1231 0.889964 0.609722 0.039903 0.143519
0 1235 0.478537 0.022222 0.032044 0.042593
0 1236 0.298670 0.034722 0.032648 0.067593
0 1237 0.530834 0.036111 0.041112 0.070370
0 1241 0.612757 0.044444 0.032044 0.087037
0 1242 0.555320 0.017130 0.022370 0.032407
0 1252 0.702539 0.031481 0.029021 0.061111
0 1253 0.676542 0.042593 0.027811 0.081481
0 1254 0.699516 0.043519 0.030230 0.085185
0 1259 0.980048 0.041204 0.029021 0.080556
0 1260 0.952237 0.031481 0.031439 0.061111
0 1261 0.915961 0.066667 0.025393 0.085185
0 1262 0.935006 0.062500 0.029625 0.106481
0 1263 0.952842 0.066204 0.032648 0.102778
0 1264 0.972793 0.053241 0.032648 0.093519
0 1266 0.937122 0.089815 0.042322 0.118519
0 1267 0.969770 0.120370 0.030230 0.124074
0 1268 0.983676 0.095833 0.031439 0.126852
0 1271 0.959492 0.177315 0.035067 0.121296
0 1272 0.989420 0.211111 0.019952 0.133333
0 1273 0.966143 0.235185 0.033857 0.131481
0 1274 0.977932 0.275463 0.038089 0.132407
0 1275 0.636336 0.024074 0.032044 0.046296
0 1277 0.511790 0.053241 0.029625 0.104630
0 1278 0.498791 0.051852 0.035067 0.101852
0 1279 0.627267 0.064352 0.034462 0.113889
0 1280 0.596131 0.068519 0.032648 0.124074
0 1281 0.651753 0.110185 0.032648 0.114815
0 1282 0.660218 0.125463 0.027811 0.104630
0 1283 0.686215 0.117130 0.035067 0.128704
0 1284 0.641173 0.167130 0.038089 0.121296
0 1285 0.678658 0.171759 0.029625 0.115741
0 1286 0.865478 0.204167 0.039299 0.126852
0 1287 0.425635 0.074074 0.032648 0.124074
0 1288 0.464329 0.074537 0.031439 0.121296
0 1289 0.547763 0.101852 0.033857 0.129630
0 1290 0.500302 0.100000 0.035671 0.114815
0 1291 0.377872 0.111111 0.032648 0.131481
0 1292 0.413845 0.125463 0.029625 0.132407
0 1293 0.423216 0.157870 0.022975 0.093519
0 1294 0.640266 0.265278 0.031439 0.137963
0 1295 0.130593 0.130093 0.029021 0.117593
0 1296 0.104595 0.149074 0.032648 0.112963
0 1297 0.136034 0.146759 0.033857 0.128704
0 1298 0.179262 0.150926 0.034462 0.135185
0 1299 0.136034 0.215741 0.030230 0.133333
0 1300 0.051088 0.074074 0.039299 0.118519
0 1302 0.015115 0.144444 0.029021 0.135185
0 1303 0.051995 0.112037 0.038694 0.118519
0 1304 0.025998 0.184259 0.030230 0.098148
0 1305 0.044135 0.152778 0.035067 0.140741
0 1318 0.098851 0.268519 0.029625 0.105556
0 1319 0.086457 0.201389 0.026602 0.082407
0 1320 0.724909 0.031019 0.037485 0.060185
0 1322 0.593108 0.041204 0.037485 0.080556
0 1325 0.236094 0.592130 0.033253 0.154630
0 1326 0.239420 0.556019 0.035067 0.139815
0 1327 0.160520 0.579167 0.042926 0.137963
0 1328 0.205562 0.587500 0.038694 0.152778
0 1329 0.215840 0.536111 0.047158 0.151852
0 1330 0.166868 0.545833 0.042322 0.137963
0 1342 0.645405 0.510185 0.034462 0.148148
0 1343 0.398730 0.233333 0.032044 0.124074
0 1344 0.423216 0.233796 0.027811 0.126852
0 1345 0.615780 0.499537 0.030834 0.143519
0 1350 0.025695 0.940278 0.050181 0.121296
0 1351 0.133313 0.966204 0.041717 0.069444
0 1352 0.168984 0.920370 0.053809 0.161111
0 1353 0.180169 0.952315 0.048368 0.097222
0 1354 0.107618 0.938889 0.043531 0.124074
0 1355 0.071644 0.933796 0.048972 0.134259
0 1356 0.240024 0.891204 0.045949 0.176852
0 1364 0.137848 0.831944 0.047158 0.165741
0 1365 0.769045 0.663889 0.038694 0.135185
0 1377 0.759371 0.936574 0.027811 0.104630
0 1378 0.746977 0.889815 0.048972 0.157407
0 1387 0.003325 0.377778 0.005441 0.153704
0 1389 0.844619 0.472685 0.039903 0.139815
0 1394 0.731560 0.625000 0.037485 0.137037
0 1412 0.727328 0.374074 0.042322 0.118519
0 1413 0.773881 0.372685 0.039903 0.137963
0 1443 0.785369 0.840741 0.044740 0.155556
0 1444 0.282648 0.371296 0.040508 0.137037
0 1445 0.265115 0.370833 0.034462 0.128704
0 1490 0.559250 0.494444 0.032648 0.124074
0 1501 0.256651 0.970370 0.044135 0.061111
0 1502 0.429262 0.954630 0.055623 0.090741
0 1510 0.508464 0.814352 0.051995 0.182407
0 1522 0.449819 0.863426 0.047158 0.162037
0 1531 0.541717 0.596759 0.037485 0.154630
0 1532 0.606106 0.649537 0.048972 0.149074
0 1549 0.338271 0.784259 0.044135 0.162963
0 1555 0.559855 0.516204 0.041112 0.137963
0 1556 0.540508 0.504167 0.025393 0.102778
0 1557 0.578597 0.601852 0.039903 0.157407
0 1565 0.499395 0.854630 0.049577 0.188889
0 1567 0.356106 0.472222 0.036276 0.140741
0 1570 0.296252 0.513889 0.042322 0.159259
0 1572 0.381499 0.382407 0.033857 0.148148
0 1573 0.495768 0.426389 0.031439 0.137963
0 1592 0.382104 0.710185 0.032648 0.151852
0 1593 0.401149 0.764352 0.052600 0.150926
0 1594 0.423821 0.743519 0.042322 0.150000
0 1595 0.377872 0.735185 0.042322 0.175926
0 1624 0.236699 0.210185 0.039299 0.140741
0 1632 0.173821 0.116667 0.027207 0.112963
0 1633 0.195889 0.114352 0.031439 0.128704
0 1634 0.007255 0.905556 0.013301 0.174074
0 1641 0.005139 0.208333 0.009069 0.120370
0 1642 0.197098 0.223148 0.033857 0.140741
0 1650 0.559855 0.678241 0.043531 0.154630
0 1651 0.293229 0.699074 0.039903 0.175926
0 1652 0.344619 0.673611 0.036276 0.156481
0 1653 0.683495 0.693981 0.046554 0.143519
0 1654 0.266929 0.453704 0.034462 0.140741
0 1655 0.482467 0.531944 0.032648 0.132407
0 1657 0.474607 0.504630 0.047158 0.129630
0 1658 0.371826 0.362963 0.039903 0.142593
0 1659 0.330109 0.566667 0.032648 0.142593
0 1660 0.473398 0.398148 0.030230 0.140741
0 1661 0.511790 0.387963 0.034462 0.146296
0 1662 0.441959 0.556481 0.038694 0.151852
0 1664 0.175333 0.213889 0.027811 0.118519
0 1666 0.760580 0.848148 0.041112 0.159259
0 1667 0.452237 0.430093 0.035067 0.099074
0 1668 0.469770 0.447222 0.029021 0.118519
0 1670 0.468259 0.352315 0.041717 0.149074
