0 1161 0.940145 0.952778 0.043531 0.096296
0 1162 0.962515 0.922222 0.045949 0.148148
0 1163 0.448912 0.935185 0.046554 0.131481
0 1164 0.484583 0.914815 0.053809 0.159259
0 1165 0.418682 0.919907 0.041717 0.162037
0 1166 0.694680 0.785648 0.048368 0.139815
0 1167 0.100967 0.830093 0.051995 0.169444
0 1168 0.036880 0.585648 0.043531 0.156481
0 1169 0.015417 0.607870 0.029625 0.160185
0 1173 0.523579 0.367130 0.037485 0.143519
0 1175 0.143289 0.479630 0.035067 0.142593
0 1176 0.112152 0.490741 0.046554 0.146296
0 1181 0.108222 0.222222 0.039903 0.137037
0 1182 0.060459 0.251389 0.033857 0.143519
0 1183 0.106106 0.273148 0.044135 0.140741
0 1184 0.167775 0.293519 0.044135 0.146296
0 1185 0.203144 0.299074 0.042322 0.153704
0 1188 0.521765 0.183796 0.037485 0.139815
0 1189 0.081923 0.381019 0.041717 0.134259
0 1190 0.071947 0.432870 0.049577 0.154630
0 1191 0.191052 0.354167 0.037485 0.149074
0 1192 0.133615 0.357870 0.032648 0.139815
0 1193 0.539299 0.217130 0.042322 0.149074
0 1194 0.573458 0.209722 0.032044 0.132407
0 1195 0.677751 0.510185 0.043531 0.151852
0 1196 0.711608 0.496759 0.043531 0.143519
0 1197 0.426542 0.250926 0.036880 0.124074
0 1198 0.426239 0.273148 0.027811 0.112963
0 1199 0.472189 0.243519 0.025393 0.135185
0 1200 0.493349 0.257870 0.031439 0.147222
0 1201 0.573761 0.296759 0.037485 0.134259
0 1202 0.602479 0.282407 0.040508 0.131481
0 1203 0.660218 0.287963 0.035067 0.142593
0 1205 0.607920 0.352315 0.039299 0.154630
0 1206 0.457376 0.285185 0.032044 0.131481
0 1208 0.723096 0.656019 0.039903 0.167593
0 1209 0.788996 0.625926 0.042322 0.151852
0 1210 0.778416 0.573148 0.036880 0.140741
0 1211 0.915961 0.557407 0.039903 0.146296
0 1212 0.887545 0.531019 0.047158 0.137963
0 1213 0.655985 0.640741 0.043531 0.162963
0 1214 0.859734 0.445370 0.042322 0.138889
0 1215 0.823458 0.407870 0.047158 0.132407
0 1216 0.881802 0.399074 0.048972 0.142593
0 1217 0.802600 0.468519 0.051391 0.148148
0 1218 0.808343 0.491667 0.039903 0.137037
0 1219 0.992443 0.341204 0.013906 0.126852
0 1220 0.761185 0.463889 0.041112 0.146296
0 1221 0.718863 0.415741 0.047158 0.151852
0 1222 0.909311 0.253704 0.032648 0.135185
0 1223 0.944982 0.281944 0.042322 0.137963
0 1224 0.908706 0.227778 0.030230 0.085185
0 1225 0.923216 0.237037 0.030230 0.105556
0 1226 0.963724 0.493519 0.044740 0.153704
0 1227 0.840689 0.745370 0.048972 0.181481
0 1228 0.973096 0.441204 0.039299 0.143519
0 1229 0.944680 0.662037 0.048972 0.177778
0 1230 0.874244 0.574537 0.071342 0.149074
0 1231 0.883313 0.615741 0.041112 0.142593
0 1235 0.468561 0.024537 0.035067 0.047222
0 1236 0.295647 0.037963 0.038694 0.074074
0 1237 0.522068 0.036574 0.036880 0.071296
0 1241 0.608222 0.046296 0.032648 0.090741
0 1242 0.554111 0.018056 0.022370 0.034259
0 1252 0.701632 0.032870 0.030834 0.063889
0 1253 0.678356 0.045370 0.027811 0.085185
0 1254 0.702539 0.046759 0.031439 0.091667
0 1259 0.980048 0.043519 0.029021 0.085185
0 1260 0.952237 0.033796 0.031439 0.065741
0 1261 0.915961 0.072222 0.025393 0.085185
0 1262 0.934099 0.067130 0.029021 0.108333
0 1263 0.952237 0.070833 0.032648 0.104630
0 1264 0.971886 0.059722 0.032044 0.099074
0 1266 0.935308 0.095370 0.042322 0.118519
0 1267 0.969166 0.125926 0.030230 0.124074
0 1268 0.983676 0.098611 0.031439 0.126852
0 1271 0.957074 0.182870 0.035067 0.121296
0 1272 0.989117 0.216204 0.020556 0.134259
0 1273 0.964631 0.239815 0.034462 0.131481
0 1274 0.976421 0.279167 0.038694 0.132407
0 1275 0.634522 0.028241 0.032044 0.054630
0 1276 0.655683 0.028241 0.029625 0.054630
0 1277 0.515417 0.055556 0.029625 0.107407
0 1278 0.503023 0.054167 0.035067 0.106481
0 1279 0.625453 0.067593 0.034462 0.116667
0 1280 0.594317 0.074074 0.032648 0.124074
0 1281 0.650544 0.114815 0.032648 0.114815
0 1282 0.660822 0.129167 0.027811 0.104630
0 1283 0.686820 0.121759 0.035067 0.128704
0 1284 0.644800 0.172222 0.038089 0.122222
0 1285 0.681681 0.176389 0.029625 0.115741
0 1286 0.861850 0.209722 0.039299 0.126852
0 1287 0.421403 0.078704 0.032648 0.124074
0 1288 0.459794 0.077315 0.030834 0.121296
0 1289 0.544740 0.106481 0.033857 0.129630
0 1290 0.493349 0.105093 0.035067 0.117593
0 1291 0.371826 0.115741 0.032648 0.131481
0 1292 0.408102 0.130093 0.030230 0.132407
0 1293 0.418984 0.163426 0.022975 0.093519
0 1294 0.639661 0.270833 0.031439 0.137963
0 1295 0.130593 0.131019 0.029021 0.117593
0 1296 0.103386 0.150926 0.032648 0.112963
0 1297 0.131499 0.150463 0.034462 0.128704
0 1298 0.173821 0.156481 0.034462 0.135185
0 1299 0.135429 0.220370 0.030230 0.131481
0 1300 0.045042 0.080556 0.039299 0.118519
0 1302 0.013603 0.149074 0.025998 0.137037
0 1303 0.048972 0.119444 0.038694 0.120370
0 1304 0.025998 0.188889 0.030230 0.098148
0 1305 0.044135 0.158333 0.035067 0.140741
0 1318 0.095828 0.274074 0.029625 0.105556
0 1319 0.085248 0.206944 0.026602 0.082407
0 1320 0.723700 0.032870 0.037485 0.063889
0 1322 0.588875 0.042130 0.037485 0.082407
0 1325 0.236094 0.591667 0.033253 0.155556
0 1326 0.240024 0.556019 0.035067 0.139815
0 1327 0.160520 0.579167 0.042926 0.137963
0 1328 0.205260 0.587500 0.039299 0.150926
0 1329 0.215840 0.536574 0.047158 0.150926
0 1330 0.165659 0.546759 0.042322 0.137963
0 1342 0.645707 0.512037 0.033857 0.148148
0 1343 0.398730 0.234259 0.032044 0.124074
0 1344 0.423216 0.234722 0.027811 0.126852
0 1345 0.616082 0.501852 0.030230 0.144444
0 1350 0.022975 0.945370 0.044740 0.111111
0 1351 0.131197 0.969907 0.041112 0.062037
0 1352 0.164148 0.925926 0.053809 0.150000
0 1353 0.177146 0.956481 0.048368 0.088889
0 1354 0.106409 0.943056 0.043531 0.115741
0 1355 0.067110 0.937500 0.053204 0.126852
0 1356 0.234885 0.902778 0.046554 0.181481
0 1364 0.136034 0.843981 0.047158 0.165741
0 1365 0.766929 0.669444 0.039299 0.137037
0 1377 0.752721 0.943056 0.026602 0.104630
0 1378 0.739420 0.899537 0.051995 0.162037
0 1389 0.846433 0.478241 0.039903 0.139815
0 1394 0.729746 0.631481 0.037485 0.137037
0 1412 0.726723 0.375000 0.042322 0.118519
0 1413 0.773881 0.372685 0.039903 0.137963
0 1443 0.790508 0.851852 0.044135 0.162963
0 1444 0.282346 0.372222 0.039903 0.137037
0 1445 0.264510 0.370833 0.034462 0.128704
0 1490 0.558948 0.495370 0.032044 0.124074
0 1501 0.256348 0.970370 0.044740 0.061111
0 1502 0.428053 0.954630 0.055623 0.090741
0 1510 0.506953 0.813426 0.051391 0.182407
0 1522 0.449214 0.864352 0.047158 0.162037
0 1531 0.540508 0.594907 0.037485 0.154630
0 1532 0.606106 0.653704 0.048972 0.151852
0 1549 0.338271 0.784259 0.044135 0.162963
0 1555 0.559855 0.516204 0.041112 0.137963
0 1556 0.540206 0.503241 0.024788 0.100926
0 1557 0.576179 0.602778 0.039903 0.157407
0 1565 0.499395 0.853704 0.049577 0.192593
0 1567 0.358525 0.473148 0.036276 0.140741
0 1570 0.298065 0.510185 0.038694 0.159259
0 1572 0.379686 0.385648 0.033857 0.147222
0 1573 0.495768 0.426852 0.031439 0.131481
0 1592 0.382104 0.710185 0.032648 0.151852
0 1593 0.400242 0.764815 0.051995 0.151852
0 1594 0.423821 0.744907 0.042322 0.152778
0 1595 0.376663 0.735185 0.042322 0.175926
0 1624 0.233071 0.212037 0.039299 0.140741
0 1632 0.171403 0.122222 0.027207 0.112963
0 1633 0.194982 0.118981 0.032044 0.130556
0 1634 0.007255 0.906481 0.013301 0.174074
0 1641 0.005139 0.209259 0.009069 0.120370
0 1642 0.193470 0.225000 0.033857 0.140741
0 1650 0.559250 0.678241 0.043531 0.154630
0 1651 0.289299 0.706481 0.039299 0.177778
0 1652 0.339178 0.680093 0.036276 0.165741
0 1653 0.683495 0.693981 0.046554 0.143519
0 1654 0.266324 0.454630 0.034462 0.140741
0 1655 0.481862 0.532870 0.032648 0.132407
0 1657 0.474607 0.504630 0.047158 0.129630
0 1658 0.371524 0.362963 0.039299 0.142593
0 1659 0.328597 0.567593 0.035671 0.142593
0 1660 0.473398 0.399074 0.030230 0.140741
0 1661 0.512092 0.389815 0.031439 0.146296
0 1662 0.445284 0.560648 0.039299 0.154630
0 1664 0.171705 0.215741 0.027811 0.118519
0 1666 0.768440 0.856019 0.041112 0.162037
0 1667 0.452237 0.431019 0.035067 0.099074
0 1668 0.470979 0.448148 0.029021 0.118519
0 1670 0.462817 0.350463 0.041717 0.149074
