0 1160 0.266626 0.981481 0.029021 0.038889
0 1161 0.654776 0.943056 0.041112 0.113889
0 1162 0.670193 0.917130 0.056227 0.160185
0 1163 0.304111 0.906481 0.056832 0.174074
0 1164 0.335550 0.859259 0.047158 0.157407
0 1165 0.266324 0.881944 0.052600 0.165741
0 1166 0.546252 0.738426 0.042926 0.134259
0 1167 0.076179 0.662037 0.051995 0.166667
0 1168 0.018742 0.482407 0.036276 0.157407
0 1173 0.405985 0.275000 0.034462 0.137037
0 1175 0.052902 0.401389 0.040508 0.143519
0 1176 0.022370 0.406481 0.043531 0.140741
0 1179 0.033555 0.194907 0.034462 0.141667
0 1181 0.150846 0.160648 0.029625 0.132407
0 1182 0.110036 0.191667 0.033857 0.135185
0 1183 0.139661 0.200926 0.044740 0.140741
0 1184 0.187727 0.217593 0.040508 0.140741
0 1185 0.237606 0.228704 0.042322 0.151852
0 1186 0.075877 0.454630 0.042926 0.146296
0 1187 0.031137 0.443981 0.041717 0.132407
0 1188 0.460701 0.129630 0.033857 0.140741
0 1189 0.214027 0.275000 0.035067 0.129630
0 1190 0.219468 0.324074 0.039903 0.142593
0 1191 0.286276 0.275463 0.039299 0.139815
0 1192 0.262394 0.265741 0.037485 0.135185
0 1193 0.500605 0.148611 0.041112 0.149074
0 1194 0.526300 0.135185 0.033253 0.135185
0 1195 0.628779 0.413426 0.041112 0.149074
0 1196 0.667473 0.395370 0.038694 0.135185
0 1197 0.481258 0.218519 0.032648 0.138889
0 1198 0.502418 0.244444 0.026602 0.129630
0 1199 0.512394 0.217130 0.028416 0.128704
0 1200 0.523579 0.188889 0.032648 0.129630
0 1201 0.606409 0.173148 0.036276 0.140741
0 1202 0.627267 0.172685 0.029625 0.132407
0 1203 0.669891 0.181019 0.035067 0.137963
0 1205 0.645707 0.195833 0.037485 0.147222
0 1206 0.532044 0.243519 0.037485 0.131481
0 1207 0.795647 0.900000 0.055623 0.190741
0 1208 0.712817 0.561574 0.041112 0.160185
0 1209 0.787787 0.513889 0.041112 0.135185
0 1210 0.779927 0.476389 0.044740 0.134259
0 1211 0.886034 0.428241 0.036880 0.139815
0 1212 0.846735 0.418519 0.051391 0.148148
0 1213 0.691959 0.484259 0.041717 0.153704
0 1214 0.829504 0.351389 0.038694 0.143519
0 1215 0.788996 0.325926 0.044740 0.129630
0 1216 0.831620 0.318056 0.039299 0.143519
0 1217 0.708585 0.363889 0.042322 0.146296
0 1218 0.684704 0.372222 0.039299 0.146296
0 1219 0.944982 0.247222 0.039903 0.135185
0 1220 0.701935 0.312500 0.041112 0.126852
0 1221 0.688029 0.290278 0.036276 0.143519
0 1222 0.920193 0.193981 0.032648 0.134259
0 1223 0.958283 0.214352 0.038694 0.134259
0 1224 0.916868 0.163889 0.029625 0.085185
0 1225 0.950423 0.175926 0.029021 0.107407
0 1226 0.937424 0.381481 0.041717 0.144444
0 1227 0.863059 0.538426 0.046554 0.171296
0 1228 0.954051 0.343519 0.039903 0.135185
0 1229 0.981258 0.490278 0.036276 0.167593
0 1230 0.908102 0.503704 0.044740 0.144444
0 1231 0.936820 0.527778 0.036880 0.146296
0 1241 0.688029 0.023148 0.029021 0.044444
0 1266 0.946191 0.038426 0.036276 0.075000
0 1267 0.964631 0.053704 0.029625 0.105556
0 1271 0.944377 0.082870 0.032648 0.115741
0 1272 0.989722 0.094444 0.019347 0.120370
0 1273 0.986094 0.173611 0.027811 0.132407
0 1274 0.987304 0.218056 0.024184 0.132407
0 1277 0.442261 0.012963 0.024788 0.024074
0 1278 0.429867 0.021296 0.022975 0.040741
0 1279 0.639359 0.025463 0.034462 0.049074
0 1281 0.652963 0.053704 0.032648 0.105556
0 1282 0.639661 0.068056 0.027811 0.104630
0 1283 0.672914 0.061111 0.042322 0.120370
0 1284 0.614873 0.094907 0.035067 0.121296
0 1285 0.646614 0.104167 0.029625 0.115741
0 1286 0.917775 0.127315 0.038694 0.126852
0 1287 0.482467 0.036574 0.032648 0.071296
0 1288 0.518138 0.036111 0.026602 0.070370
0 1289 0.595526 0.050926 0.031439 0.100000
0 1290 0.568319 0.051389 0.037485 0.100926
0 1291 0.484281 0.055556 0.032648 0.109259
0 1292 0.512092 0.068519 0.032648 0.131481
0 1293 0.522975 0.092130 0.022975 0.082407
0 1294 0.669589 0.163889 0.032044 0.133333
0 1295 0.138452 0.114815 0.030230 0.112963
0 1296 0.120919 0.115741 0.032648 0.112963
0 1297 0.231258 0.071296 0.036880 0.127778
0 1298 0.269649 0.068056 0.035067 0.123148
0 1299 0.175333 0.124074 0.032648 0.124074
0 1301 0.047158 0.062037 0.030230 0.122222
0 1302 0.086457 0.072222 0.036276 0.125926
0 1303 0.150544 0.054630 0.038694 0.107407
0 1304 0.091898 0.106019 0.030230 0.099074
0 1305 0.118501 0.075000 0.035067 0.140741
0 1315 0.064692 0.066667 0.037485 0.114815
0 1318 0.152660 0.192593 0.029625 0.105556
0 1319 0.119105 0.178704 0.024184 0.085185
0 1322 0.664450 0.024074 0.037485 0.046296
0 1325 0.215840 0.609722 0.031439 0.137963
0 1326 0.231560 0.568519 0.035067 0.140741
0 1327 0.160520 0.587500 0.041717 0.143519
0 1328 0.204655 0.592130 0.039299 0.154630
0 1329 0.213724 0.536574 0.044135 0.150926
0 1330 0.173519 0.532407 0.037485 0.137037
0 1342 0.639057 0.469907 0.035067 0.149074
0 1343 0.403567 0.230093 0.032044 0.126852
0 1344 0.421705 0.231019 0.027207 0.126852
0 1345 0.608827 0.458796 0.032648 0.150926
0 1350 0.058948 0.777778 0.046554 0.157407
0 1351 0.181076 0.871296 0.039299 0.137037
0 1352 0.232164 0.800926 0.044740 0.174074
0 1353 0.210097 0.857407 0.045345 0.161111
0 1354 0.155985 0.833333 0.047158 0.170370
0 1355 0.099456 0.771759 0.045345 0.162037
0 1356 0.276602 0.773148 0.048972 0.170370
0 1364 0.110641 0.671296 0.042322 0.162963
0 1365 0.771463 0.572222 0.039903 0.135185
0 1373 0.974002 0.944444 0.047158 0.107407
0 1374 0.985792 0.854630 0.025998 0.127778
0 1375 0.945586 0.927315 0.051995 0.147222
0 1377 0.857618 0.812963 0.032044 0.109259
0 1378 0.827690 0.748611 0.050786 0.165741
0 1387 0.082527 0.308333 0.034462 0.150000
0 1388 0.128779 0.912963 0.061669 0.175926
0 1389 0.818924 0.386574 0.039299 0.139815
0 1394 0.738210 0.533796 0.033857 0.132407
0 1408 0.897823 0.975463 0.041112 0.049074
0 1412 0.729141 0.374074 0.041112 0.125926
0 1413 0.775695 0.373611 0.039903 0.137963
0 1443 0.677751 0.750463 0.044740 0.143519
0 1444 0.293833 0.367593 0.044740 0.137037
0 1445 0.267836 0.370833 0.033857 0.128704
0 1490 0.561669 0.491667 0.032648 0.124074
0 1494 0.859734 0.976389 0.043531 0.049074
0 1501 0.261790 0.969444 0.043531 0.062963
0 1502 0.434401 0.952315 0.050181 0.095370
0 1510 0.508464 0.807407 0.049577 0.179630
0 1522 0.451028 0.859259 0.047158 0.162963
0 1531 0.575272 0.617593 0.041717 0.153704
0 1532 0.605804 0.628704 0.047158 0.148148
0 1549 0.349758 0.784259 0.046554 0.162963
0 1555 0.561669 0.513889 0.043531 0.137037
0 1556 0.542322 0.508796 0.025393 0.106481
0 1557 0.592503 0.599074 0.039903 0.157407
0 1565 0.511487 0.854167 0.056832 0.187963
0 1567 0.360339 0.467593 0.037485 0.133333
0 1570 0.286578 0.568519 0.045949 0.148148
0 1572 0.383918 0.373148 0.039903 0.151852
0 1573 0.507860 0.424537 0.031439 0.143519
0 1592 0.387848 0.710648 0.032044 0.150926
0 1593 0.399033 0.762963 0.048368 0.155556
0 1594 0.426239 0.736111 0.041112 0.155556
0 1595 0.378779 0.726852 0.041717 0.170370
0 1624 0.292926 0.185648 0.048972 0.143519
0 1632 0.202539 0.049074 0.027811 0.096296
0 1633 0.220375 0.050926 0.032044 0.100000
0 1634 0.009069 0.907407 0.016929 0.175926
0 1641 0.005441 0.205093 0.009674 0.121296
0 1642 0.253325 0.181944 0.031439 0.139815
0 1650 0.562878 0.676389 0.044740 0.154630
0 1651 0.347944 0.651852 0.046554 0.168519
0 1652 0.425635 0.637037 0.033857 0.148148
0 1653 0.681983 0.689815 0.045949 0.146296
0 1654 0.264208 0.451852 0.036276 0.146296
0 1655 0.495768 0.534259 0.037485 0.137037
0 1657 0.477328 0.499537 0.046554 0.137963
0 1658 0.373640 0.362500 0.038694 0.145370
0 1659 0.329202 0.561111 0.034462 0.142593
0 1660 0.476421 0.394907 0.031439 0.139815
0 1661 0.509069 0.399074 0.037485 0.146296
0 1662 0.440145 0.547222 0.038694 0.150000
0 1664 0.226723 0.189815 0.027811 0.118519
0 1666 0.639661 0.750926 0.053204 0.153704
0 1667 0.452539 0.431944 0.030834 0.099074
0 1668 0.473398 0.433333 0.030230 0.118519
0 1670 0.566505 0.300463 0.048368 0.149074
