0 1160 0.192866 0.977315 0.036276 0.047222
0 1161 0.539299 0.946759 0.037485 0.108333
0 1162 0.557134 0.918981 0.056227 0.160185
0 1163 0.262092 0.896759 0.047763 0.173148
0 1164 0.283253 0.858333 0.046554 0.157407
0 1165 0.213724 0.876389 0.044135 0.162037
0 1166 0.490326 0.725000 0.038694 0.135185
0 1167 0.071342 0.606019 0.051995 0.162037
0 1168 0.007255 0.439352 0.013301 0.156481
0 1173 0.356409 0.285185 0.039299 0.135185
0 1174 0.012394 0.261111 0.023579 0.140741
0 1175 0.039299 0.361574 0.037485 0.136111
0 1176 0.012394 0.362037 0.023579 0.140741
0 1179 0.038089 0.172222 0.035067 0.146296
0 1181 0.175333 0.125463 0.030230 0.125000
0 1182 0.127570 0.161111 0.033857 0.135185
0 1183 0.162636 0.184259 0.044740 0.137037
0 1184 0.192261 0.195833 0.035067 0.139815
0 1185 0.253930 0.207407 0.042322 0.151852
0 1186 0.120314 0.422222 0.043531 0.146296
0 1187 0.085248 0.418519 0.047158 0.137037
0 1188 0.435308 0.120370 0.033857 0.140741
0 1189 0.265417 0.251852 0.035067 0.129630
0 1190 0.265417 0.295370 0.039903 0.142593
0 1191 0.328295 0.250463 0.039903 0.139815
0 1192 0.306832 0.236574 0.036880 0.126852
0 1193 0.477630 0.119907 0.042322 0.147222
0 1194 0.504534 0.114815 0.033253 0.131481
0 1195 0.607618 0.373611 0.041112 0.145370
0 1196 0.648126 0.366204 0.037485 0.134259
0 1197 0.494559 0.204630 0.032648 0.140741
0 1198 0.523881 0.238889 0.032044 0.129630
0 1199 0.525393 0.204630 0.035067 0.131481
0 1200 0.533857 0.175000 0.032648 0.129630
0 1201 0.625756 0.137963 0.036276 0.135185
0 1202 0.645103 0.147685 0.030230 0.132407
0 1203 0.675333 0.148611 0.035067 0.130556
0 1205 0.667775 0.171296 0.044135 0.140741
0 1206 0.557437 0.227315 0.041112 0.132407
0 1207 0.787787 0.817130 0.055623 0.182407
0 1208 0.708585 0.526852 0.041112 0.162963
0 1209 0.787787 0.488426 0.041112 0.145370
0 1210 0.760278 0.450000 0.041717 0.135185
0 1211 0.871221 0.393056 0.037485 0.134259
0 1212 0.835852 0.385648 0.042926 0.141667
0 1213 0.692261 0.435185 0.042322 0.151852
0 1214 0.816203 0.326389 0.038694 0.143519
0 1215 0.773579 0.299074 0.041717 0.129630
0 1216 0.819528 0.291667 0.041717 0.142593
0 1217 0.704655 0.312037 0.041717 0.138889
0 1218 0.674728 0.317593 0.039903 0.140741
0 1219 0.911729 0.221296 0.039903 0.135185
0 1220 0.713120 0.273611 0.035671 0.126852
0 1221 0.721584 0.249537 0.036880 0.139815
0 1222 0.922612 0.166667 0.032648 0.127778
0 1223 0.962213 0.184722 0.039299 0.132407
0 1224 0.918984 0.139815 0.030230 0.085185
0 1225 0.963120 0.156481 0.029021 0.107407
0 1226 0.933797 0.349537 0.039299 0.145370
0 1227 0.863059 0.475463 0.046554 0.163889
0 1228 0.952237 0.316667 0.039903 0.135185
0 1229 0.981258 0.430556 0.036276 0.157407
0 1230 0.909915 0.483796 0.043531 0.139815
0 1231 0.941354 0.515741 0.037485 0.151852
0 1241 0.718259 0.016667 0.033857 0.031481
0 1267 0.968259 0.041667 0.029625 0.081481
0 1271 0.931076 0.055556 0.029021 0.101852
0 1272 0.977025 0.051852 0.020556 0.101852
0 1273 0.992443 0.147685 0.015115 0.132407
0 1274 0.987908 0.193981 0.022975 0.132407
0 1278 0.399637 0.013889 0.024184 0.025926
0 1281 0.652660 0.039815 0.032044 0.077778
0 1283 0.671100 0.051852 0.042322 0.101852
0 1284 0.613362 0.075463 0.034462 0.121296
0 1285 0.640568 0.085185 0.029625 0.112963
0 1286 0.928356 0.100926 0.036880 0.125926
0 1287 0.497582 0.025463 0.025393 0.049074
0 1288 0.533253 0.022685 0.026602 0.043519
0 1289 0.611245 0.040278 0.031439 0.078704
0 1290 0.591898 0.043056 0.027811 0.084259
0 1291 0.519045 0.048148 0.032044 0.094444
0 1292 0.538694 0.052778 0.031439 0.103704
0 1293 0.559855 0.075463 0.022975 0.082407
0 1294 0.685006 0.127778 0.031439 0.129630
0 1295 0.143289 0.110648 0.029021 0.110185
0 1296 0.135429 0.096296 0.032648 0.112963
0 1297 0.265417 0.054167 0.037485 0.106481
0 1298 0.301693 0.054167 0.035067 0.106481
0 1299 0.179565 0.089815 0.032648 0.124074
0 1301 0.077993 0.048611 0.030230 0.095370
0 1302 0.121221 0.059722 0.036880 0.117593
0 1303 0.184099 0.042130 0.038089 0.082407
0 1304 0.138150 0.068981 0.029625 0.093519
0 1305 0.159311 0.061111 0.034462 0.120370
0 1318 0.171705 0.182407 0.030230 0.098148
0 1319 0.157195 0.168519 0.024184 0.081481
0 1325 0.199819 0.619907 0.032044 0.139815
0 1326 0.231560 0.582870 0.036276 0.139815
0 1327 0.162636 0.590278 0.042322 0.143519
0 1328 0.204958 0.593056 0.039903 0.154630
0 1329 0.207376 0.540278 0.041112 0.150926
0 1330 0.166868 0.532407 0.037485 0.137037
0 1342 0.629081 0.441667 0.036880 0.148148
0 1343 0.402358 0.238426 0.032044 0.126852
0 1344 0.422914 0.234722 0.027207 0.126852
0 1345 0.602177 0.443056 0.032648 0.150926
0 1350 0.051088 0.711574 0.056227 0.162037
0 1351 0.208585 0.825463 0.038694 0.132407
0 1352 0.258767 0.768519 0.043531 0.172222
0 1353 0.229746 0.823148 0.041112 0.151852
0 1354 0.174728 0.803241 0.039903 0.178704
0 1355 0.092201 0.701852 0.044135 0.155556
0 1356 0.287787 0.734722 0.049577 0.171296
0 1364 0.107013 0.614352 0.042322 0.162037
0 1365 0.763603 0.538889 0.039903 0.135185
0 1366 0.601270 0.964815 0.045345 0.072222
0 1373 0.964027 0.915278 0.059855 0.145370
0 1374 0.977025 0.798148 0.044740 0.148148
0 1375 0.924123 0.884259 0.063482 0.162963
0 1377 0.860943 0.739352 0.032648 0.110185
0 1378 0.836155 0.687037 0.050786 0.157407
0 1387 0.113059 0.285648 0.035067 0.149074
0 1388 0.115478 0.862963 0.055623 0.185185
0 1389 0.805018 0.350463 0.039299 0.132407
0 1393 0.983978 0.530556 0.030834 0.125926
0 1394 0.738815 0.502778 0.035067 0.125926
0 1395 0.990024 0.718981 0.018742 0.108333
0 1408 0.863362 0.944444 0.043531 0.112963
0 1412 0.732769 0.376389 0.041112 0.126852
0 1413 0.775695 0.375463 0.039903 0.137963
0 1443 0.633918 0.727778 0.044135 0.146296
0 1444 0.294438 0.371296 0.044740 0.137037
0 1445 0.264510 0.371759 0.036880 0.128704
0 1490 0.563180 0.493519 0.032044 0.124074
0 1494 0.833132 0.946296 0.043531 0.109259
0 1501 0.264208 0.968981 0.043531 0.063889
0 1502 0.435913 0.953704 0.056832 0.092593
0 1510 0.509674 0.809259 0.049577 0.179630
0 1522 0.453144 0.865741 0.046554 0.162963
0 1531 0.576179 0.616667 0.042322 0.153704
0 1532 0.605804 0.631481 0.047158 0.148148
0 1549 0.349154 0.792130 0.048972 0.160185
0 1555 0.571040 0.521296 0.041717 0.137037
0 1556 0.543229 0.511574 0.025998 0.106481
0 1557 0.590085 0.590741 0.041112 0.150000
0 1565 0.517231 0.857870 0.056227 0.187963
0 1567 0.363362 0.465741 0.036276 0.129630
0 1570 0.300786 0.592593 0.040508 0.157407
0 1572 0.383918 0.379630 0.039903 0.151852
0 1573 0.504232 0.433796 0.031439 0.143519
0 1592 0.393289 0.719444 0.032044 0.148148
0 1593 0.402056 0.768056 0.047158 0.158333
0 1594 0.435913 0.733796 0.037485 0.165741
0 1595 0.380290 0.728704 0.042322 0.170370
0 1624 0.317412 0.184259 0.051995 0.142593
0 1632 0.229746 0.039352 0.027811 0.076852
0 1633 0.234885 0.050000 0.029625 0.098148
0 1634 0.009674 0.908796 0.018138 0.176852
0 1641 0.002418 0.198611 0.003628 0.121296
0 1642 0.268138 0.163426 0.038089 0.134259
0 1650 0.565296 0.679167 0.044740 0.154630
0 1651 0.364268 0.631019 0.036880 0.162037
0 1652 0.473398 0.633796 0.045949 0.154630
0 1653 0.682588 0.693519 0.047158 0.151852
0 1654 0.257255 0.453241 0.041717 0.143519
0 1655 0.497582 0.534259 0.037485 0.137037
0 1657 0.476421 0.508333 0.047158 0.137037
0 1658 0.377872 0.364352 0.038694 0.145370
0 1659 0.324970 0.555556 0.034462 0.142593
0 1660 0.478235 0.401389 0.035067 0.139815
0 1661 0.510883 0.401852 0.037485 0.146296
0 1662 0.445889 0.546759 0.039299 0.154630
0 1664 0.246070 0.183333 0.027811 0.118519
0 1666 0.590689 0.725926 0.043531 0.150000
0 1667 0.453748 0.433333 0.029625 0.098148
0 1668 0.475514 0.442593 0.029625 0.118519
0 1670 0.593410 0.271759 0.048972 0.149074
