0 1161 0.879081 0.946759 0.044740 0.108333
0 1162 0.889359 0.916204 0.055623 0.162037
0 1163 0.406590 0.926389 0.046554 0.149074
0 1164 0.443470 0.900000 0.052600 0.159259
0 1165 0.375151 0.908333 0.047763 0.164815
0 1166 0.658706 0.768056 0.046554 0.139815
0 1167 0.098549 0.778704 0.050786 0.164815
0 1168 0.027207 0.556481 0.053204 0.164815
0 1169 0.011185 0.572685 0.021161 0.160185
0 1173 0.504232 0.333796 0.037485 0.143519
0 1175 0.113362 0.462963 0.032044 0.142593
0 1176 0.084039 0.474074 0.047158 0.146296
0 1181 0.108222 0.202315 0.039903 0.137963
0 1182 0.068319 0.232870 0.035067 0.143519
0 1183 0.109432 0.248611 0.044740 0.141667
0 1184 0.177146 0.274074 0.044740 0.142593
0 1185 0.211608 0.275926 0.042322 0.151852
0 1186 0.003930 0.529630 0.006651 0.157407
0 1188 0.502721 0.163426 0.032044 0.139815
0 1189 0.116082 0.345833 0.037485 0.130556
0 1190 0.113664 0.396759 0.049577 0.154630
0 1191 0.206771 0.333796 0.037485 0.149074
0 1192 0.177751 0.327778 0.042322 0.129630
0 1193 0.533253 0.193519 0.041112 0.144444
0 1194 0.563785 0.187963 0.032044 0.137037
0 1195 0.668682 0.486111 0.042322 0.151852
0 1196 0.704958 0.469444 0.045949 0.142593
0 1197 0.443168 0.245370 0.037485 0.124074
0 1198 0.447098 0.266667 0.027207 0.112963
0 1199 0.478235 0.237963 0.025393 0.135185
0 1200 0.506348 0.237500 0.032044 0.139815
0 1201 0.582830 0.259722 0.037485 0.134259
0 1202 0.611245 0.255556 0.036276 0.131481
0 1203 0.666868 0.256481 0.035067 0.140741
0 1205 0.626965 0.294907 0.038694 0.150926
0 1206 0.478235 0.276389 0.030230 0.132407
0 1207 0.944377 0.936111 0.044740 0.129630
0 1208 0.725816 0.627778 0.047763 0.162963
0 1209 0.790810 0.593519 0.042322 0.151852
0 1210 0.780532 0.538426 0.039903 0.139815
0 1211 0.912334 0.517593 0.038694 0.140741
0 1212 0.876058 0.493056 0.045949 0.139815
0 1213 0.665357 0.590278 0.044135 0.154630
0 1214 0.853386 0.420833 0.041717 0.145370
0 1215 0.821040 0.387500 0.047158 0.132407
0 1216 0.873942 0.375000 0.048972 0.142593
0 1217 0.778416 0.433796 0.046554 0.145370
0 1218 0.781137 0.453241 0.039903 0.137963
0 1219 0.986094 0.310648 0.022975 0.128704
0 1220 0.733374 0.417593 0.041112 0.138889
0 1221 0.700423 0.379630 0.041717 0.151852
0 1222 0.912938 0.238889 0.032648 0.135185
0 1223 0.951028 0.257407 0.042322 0.137037
0 1224 0.911427 0.209259 0.029625 0.085185
0 1225 0.926542 0.219444 0.029625 0.107407
0 1226 0.955865 0.462500 0.048368 0.154630
0 1227 0.863059 0.691667 0.048972 0.181481
0 1228 0.968863 0.415278 0.039299 0.143519
0 1229 0.961004 0.606019 0.045345 0.173148
0 1230 0.891778 0.544444 0.067715 0.142593
0 1231 0.902963 0.586574 0.039299 0.143519
0 1235 0.504232 0.018519 0.032648 0.035185
0 1236 0.317412 0.030556 0.030230 0.059259
0 1237 0.560459 0.032870 0.037485 0.063889
0 1241 0.630895 0.037963 0.032044 0.074074
0 1252 0.706167 0.026852 0.022975 0.051852
0 1253 0.666264 0.032870 0.027811 0.063889
0 1254 0.687424 0.034722 0.027811 0.067593
0 1261 0.916566 0.047685 0.025393 0.084259
0 1262 0.938331 0.045833 0.031439 0.089815
0 1263 0.956469 0.048611 0.032648 0.095370
0 1264 0.978839 0.035648 0.032648 0.069444
0 1266 0.943470 0.075463 0.041717 0.117593
0 1267 0.971584 0.098148 0.030230 0.124074
0 1268 0.983676 0.087500 0.031439 0.126852
0 1271 0.963120 0.156019 0.035067 0.121296
0 1272 0.989722 0.188889 0.019347 0.131481
0 1273 0.972793 0.219907 0.033857 0.132407
0 1274 0.981560 0.259722 0.033253 0.132407
0 1277 0.501511 0.044444 0.029625 0.087037
0 1278 0.483978 0.043519 0.032044 0.085185
0 1279 0.633313 0.051389 0.034462 0.100926
0 1280 0.601572 0.056019 0.032648 0.110185
0 1281 0.653567 0.093519 0.032648 0.114815
0 1282 0.655985 0.111574 0.027811 0.104630
0 1283 0.682890 0.102315 0.036880 0.128704
0 1284 0.629081 0.147222 0.034462 0.120370
0 1285 0.667473 0.154167 0.030230 0.115741
0 1286 0.880895 0.182870 0.039903 0.126852
0 1287 0.443168 0.063426 0.032648 0.121296
0 1288 0.480955 0.063426 0.034462 0.121296
0 1289 0.560459 0.086111 0.033857 0.129630
0 1290 0.519952 0.082407 0.036276 0.114815
0 1291 0.400242 0.093519 0.032648 0.131481
0 1292 0.436820 0.112963 0.030834 0.131481
0 1293 0.444982 0.136574 0.022975 0.091667
0 1294 0.645103 0.242130 0.031439 0.137963
0 1295 0.129988 0.125463 0.030230 0.117593
0 1296 0.104897 0.144444 0.032044 0.112963
0 1297 0.153869 0.131944 0.033253 0.128704
0 1298 0.201330 0.134259 0.035067 0.135185
0 1299 0.140871 0.199074 0.030230 0.135185
0 1300 0.071644 0.055093 0.039299 0.104630
0 1301 0.003325 0.097685 0.005441 0.126852
0 1302 0.025393 0.129167 0.036276 0.128704
0 1303 0.069528 0.092130 0.038694 0.117593
0 1304 0.032346 0.164815 0.029625 0.098148
0 1305 0.052600 0.131481 0.035067 0.140741
0 1315 0.010580 0.118056 0.019952 0.137963
0 1318 0.112152 0.252778 0.029625 0.101852
0 1319 0.086155 0.192130 0.025998 0.087963
0 1320 0.728839 0.024074 0.035671 0.046296
0 1322 0.609432 0.037037 0.037485 0.072222
0 1325 0.234885 0.593056 0.032044 0.154630
0 1326 0.237606 0.556019 0.035067 0.139815
0 1327 0.161125 0.578241 0.041717 0.137963
0 1328 0.203748 0.591204 0.038694 0.154630
0 1329 0.215840 0.533333 0.047158 0.151852
0 1330 0.171403 0.542130 0.041717 0.137963
0 1342 0.645103 0.502778 0.035067 0.148148
0 1343 0.399637 0.230093 0.032648 0.128704
0 1344 0.421403 0.232870 0.027811 0.126852
0 1345 0.613966 0.497685 0.035671 0.143519
0 1350 0.045647 0.922685 0.050181 0.156481
0 1351 0.147823 0.946296 0.040508 0.109259
0 1352 0.194680 0.889352 0.058041 0.173148
0 1353 0.189541 0.937037 0.048972 0.127778
0 1354 0.111245 0.921296 0.041112 0.155556
0 1355 0.088875 0.915278 0.047158 0.158333
0 1356 0.251511 0.856019 0.045949 0.171296
0 1364 0.140568 0.790278 0.046554 0.165741
0 1365 0.771765 0.647222 0.039299 0.135185
0 1377 0.790206 0.914815 0.030230 0.109259
0 1378 0.778114 0.875926 0.049577 0.162963
0 1387 0.016324 0.357407 0.031439 0.155556
0 1388 0.126360 0.971296 0.038694 0.059259
0 1389 0.839178 0.454167 0.039903 0.139815
0 1394 0.735187 0.602315 0.036276 0.137963
0 1412 0.728537 0.372685 0.042322 0.119444
0 1413 0.774486 0.372685 0.039903 0.137963
0 1443 0.760278 0.821296 0.044135 0.159259
0 1444 0.283253 0.369444 0.041717 0.137037
0 1445 0.266324 0.369907 0.034462 0.128704
0 1490 0.561064 0.491667 0.032648 0.124074
0 1501 0.257557 0.969907 0.044740 0.062037
0 1502 0.431983 0.954167 0.055018 0.091667
0 1510 0.502721 0.808796 0.050181 0.178704
0 1522 0.451028 0.860648 0.047158 0.162037
0 1531 0.547461 0.604167 0.040508 0.154630
0 1532 0.604293 0.642593 0.048972 0.148148
0 1549 0.337364 0.783796 0.045949 0.162037
0 1555 0.560459 0.514352 0.041112 0.137963
0 1556 0.541112 0.506019 0.025393 0.106481
0 1557 0.583434 0.600926 0.039903 0.157407
0 1565 0.503628 0.856019 0.049577 0.187963
0 1567 0.353688 0.474074 0.037485 0.140741
0 1570 0.287183 0.523148 0.039903 0.159259
0 1572 0.385127 0.375463 0.033857 0.150926
0 1573 0.503023 0.425463 0.031439 0.145370
0 1592 0.383313 0.710185 0.032648 0.151852
0 1593 0.402358 0.760648 0.050181 0.156481
0 1594 0.423821 0.744444 0.042322 0.146296
0 1595 0.377872 0.733333 0.042322 0.172222
0 1624 0.246070 0.203704 0.036276 0.142593
0 1632 0.181681 0.098148 0.027207 0.112963
0 1633 0.199516 0.093981 0.031439 0.126852
0 1634 0.007557 0.905556 0.013906 0.174074
0 1641 0.005441 0.205556 0.009674 0.120370
0 1642 0.214027 0.212037 0.032648 0.140741
0 1650 0.560459 0.677315 0.043531 0.154630
0 1651 0.307437 0.681019 0.039299 0.175000
0 1652 0.366385 0.660185 0.036276 0.151852
0 1653 0.683192 0.693056 0.047158 0.149074
0 1654 0.267836 0.450926 0.035067 0.140741
0 1655 0.486397 0.530093 0.034462 0.134259
0 1657 0.472793 0.504630 0.047158 0.129630
0 1658 0.373035 0.362963 0.039903 0.142593
0 1659 0.332225 0.568519 0.029625 0.142593
0 1660 0.473398 0.396296 0.030230 0.140741
0 1661 0.510278 0.386574 0.039903 0.145370
0 1662 0.432285 0.548148 0.039903 0.159259
0 1664 0.186215 0.208333 0.027811 0.118519
0 1666 0.725514 0.826389 0.051995 0.158333
0 1667 0.452539 0.428241 0.034462 0.099074
0 1668 0.469770 0.446296 0.029021 0.118519
0 1670 0.489722 0.351389 0.043531 0.149074
