0 1160 0.131197 0.972222 0.060459 0.055556
0 1161 0.471282 0.943519 0.040508 0.114815
0 1162 0.493652 0.912963 0.059855 0.162963
0 1163 0.230955 0.886574 0.055623 0.167593
0 1164 0.250000 0.853241 0.046554 0.158333
0 1165 0.180774 0.868981 0.047158 0.162037
0 1166 0.466143 0.707870 0.035067 0.143519
0 1167 0.079202 0.564815 0.048368 0.162963
0 1168 0.002721 0.409259 0.004232 0.144444
0 1173 0.324970 0.296759 0.040508 0.126852
0 1174 0.020254 0.247222 0.039299 0.140741
0 1175 0.025091 0.334259 0.038089 0.135185
0 1176 0.006046 0.333333 0.010883 0.140741
0 1177 0.003930 0.233796 0.006651 0.128704
0 1179 0.038996 0.144907 0.034462 0.137963
0 1180 0.007557 0.113426 0.013906 0.126852
0 1181 0.184401 0.102778 0.030230 0.124074
0 1182 0.130895 0.147222 0.034462 0.135185
0 1183 0.175635 0.163889 0.041717 0.133333
0 1184 0.192563 0.186574 0.034462 0.139815
0 1185 0.263301 0.193981 0.039299 0.150926
0 1186 0.151753 0.394907 0.039903 0.145370
0 1187 0.118803 0.394907 0.046554 0.136111
0 1188 0.412938 0.103241 0.041112 0.139815
0 1189 0.296856 0.239815 0.035067 0.129630
0 1190 0.294740 0.267593 0.036880 0.142593
0 1191 0.360036 0.222222 0.039299 0.140741
0 1192 0.338573 0.214352 0.037485 0.126852
0 1193 0.465236 0.101852 0.039299 0.144444
0 1194 0.490024 0.096296 0.033253 0.125926
0 1195 0.594317 0.354630 0.041112 0.146296
0 1196 0.633615 0.340741 0.042322 0.133333
0 1197 0.504232 0.196296 0.032648 0.140741
0 1198 0.538996 0.225000 0.032044 0.129630
0 1199 0.533857 0.193519 0.036276 0.129630
0 1200 0.535067 0.157407 0.032648 0.129630
0 1201 0.642080 0.112037 0.037485 0.131481
0 1202 0.655985 0.118981 0.029021 0.128704
0 1203 0.678356 0.121296 0.035067 0.124074
0 1205 0.692261 0.142593 0.036276 0.140741
0 1206 0.569528 0.214815 0.038694 0.131481
0 1207 0.790206 0.751852 0.050786 0.168519
0 1208 0.703144 0.498148 0.038694 0.162963
0 1209 0.781741 0.462037 0.037485 0.138889
0 1210 0.741838 0.421759 0.037485 0.132407
0 1211 0.857920 0.370370 0.035067 0.133333
0 1212 0.824063 0.363426 0.038694 0.143519
0 1213 0.688029 0.399074 0.042322 0.146296
0 1214 0.807134 0.306019 0.038694 0.143519
0 1215 0.768440 0.279630 0.041112 0.120370
0 1216 0.814389 0.274074 0.045949 0.142593
0 1217 0.705865 0.278241 0.039299 0.134259
0 1218 0.677146 0.285185 0.039903 0.140741
0 1219 0.892080 0.199074 0.039299 0.135185
0 1220 0.727630 0.254167 0.032044 0.128704
0 1221 0.750605 0.224537 0.034462 0.132407
0 1222 0.924426 0.148148 0.032648 0.122222
0 1223 0.963724 0.169444 0.039903 0.131481
0 1224 0.920798 0.124074 0.030230 0.085185
0 1225 0.963422 0.138889 0.029625 0.107407
0 1226 0.933797 0.326389 0.039299 0.139815
0 1227 0.877570 0.435185 0.046554 0.157407
0 1228 0.951028 0.294444 0.039903 0.135185
0 1229 0.980351 0.397222 0.038089 0.159259
0 1230 0.909915 0.465741 0.043531 0.140741
0 1231 0.949214 0.494907 0.036276 0.139815
0 1241 0.741838 0.012500 0.030230 0.023148
0 1271 0.924123 0.043056 0.029625 0.084259
0 1272 0.967956 0.049537 0.020556 0.097222
0 1273 0.994256 0.121296 0.010278 0.114815
0 1274 0.990024 0.172685 0.018742 0.132407
0 1283 0.673216 0.042130 0.038089 0.082407
0 1284 0.614571 0.065278 0.034462 0.121296
0 1285 0.635429 0.074074 0.030230 0.112963
0 1286 0.931076 0.082407 0.036276 0.124074
0 1287 0.510883 0.021759 0.019347 0.041667
0 1289 0.624547 0.029630 0.032648 0.057407
0 1290 0.599758 0.032407 0.027811 0.062963
0 1291 0.535369 0.035648 0.032044 0.069444
0 1292 0.555925 0.045833 0.028416 0.089815
0 1293 0.576481 0.057407 0.022370 0.081481
0 1294 0.691959 0.104630 0.032044 0.129630
0 1295 0.136034 0.100926 0.029021 0.109259
0 1296 0.145405 0.083333 0.032044 0.112963
0 1297 0.286276 0.045370 0.036880 0.088889
0 1298 0.322249 0.038426 0.035067 0.075000
0 1299 0.178356 0.066667 0.031439 0.129630
0 1301 0.098851 0.041204 0.027207 0.080556
0 1302 0.140871 0.047685 0.027811 0.093519
0 1303 0.206771 0.031481 0.026602 0.061111
0 1304 0.160520 0.050000 0.029625 0.092593
0 1305 0.175333 0.044907 0.035067 0.087963
0 1318 0.182588 0.166667 0.030230 0.098148
0 1319 0.174728 0.160185 0.024184 0.081481
0 1325 0.189843 0.623611 0.032648 0.145370
0 1326 0.234281 0.599537 0.036880 0.149074
0 1327 0.167473 0.591204 0.042322 0.143519
0 1328 0.204958 0.593056 0.039903 0.154630
0 1329 0.201330 0.538426 0.041112 0.150926
0 1330 0.162636 0.529630 0.037485 0.135185
0 1341 0.679565 0.973148 0.039903 0.055556
0 1342 0.616989 0.420833 0.039299 0.149074
0 1343 0.404474 0.235648 0.032648 0.126852
0 1344 0.424123 0.236574 0.027207 0.126852
0 1345 0.597944 0.433796 0.032648 0.150926
0 1350 0.053809 0.659259 0.042322 0.140741
0 1351 0.226723 0.799074 0.038694 0.124074
0 1352 0.276300 0.744444 0.043531 0.162963
0 1353 0.246675 0.803241 0.042322 0.150926
0 1354 0.194377 0.791204 0.039299 0.178704
0 1355 0.094921 0.656019 0.048368 0.149074
0 1356 0.294438 0.693981 0.043531 0.171296
0 1362 0.972793 0.985648 0.029021 0.030556
0 1364 0.113059 0.568519 0.041112 0.153704
0 1365 0.757557 0.518981 0.038694 0.134259
0 1366 0.637545 0.932407 0.048972 0.137037
0 1373 0.954958 0.865741 0.065901 0.148148
0 1374 0.974002 0.767130 0.050786 0.154630
0 1375 0.912938 0.850000 0.058041 0.172222
0 1377 0.865780 0.693056 0.032648 0.110185
0 1378 0.838573 0.643056 0.045949 0.150926
0 1382 0.981560 0.845833 0.032044 0.176852
0 1387 0.132406 0.263426 0.042322 0.147222
0 1388 0.105200 0.821296 0.060459 0.175926
0 1389 0.789299 0.328704 0.039299 0.125926
0 1393 0.975514 0.506944 0.032044 0.126852
0 1394 0.737001 0.476852 0.035067 0.125926
0 1395 0.980653 0.704167 0.037485 0.169444
0 1408 0.850060 0.920833 0.043531 0.160185
0 1412 0.735792 0.374537 0.041112 0.126852
0 1413 0.775695 0.374537 0.039903 0.137963
0 1443 0.607618 0.719907 0.042322 0.145370
0 1444 0.295042 0.371296 0.044740 0.137037
0 1445 0.264208 0.373611 0.038694 0.128704
0 1490 0.563180 0.493519 0.032044 0.124074
0 1494 0.818622 0.920833 0.043531 0.150926
0 1501 0.264208 0.968519 0.043531 0.064815
0 1502 0.436518 0.952315 0.054414 0.095370
0 1510 0.509069 0.807407 0.049577 0.179630
0 1522 0.454353 0.864815 0.046554 0.162963
0 1531 0.577388 0.614815 0.042322 0.153704
0 1532 0.604595 0.631019 0.047158 0.149074
0 1549 0.347340 0.790278 0.050181 0.160185
0 1555 0.569831 0.523148 0.036880 0.137037
0 1556 0.544135 0.515741 0.027811 0.107407
0 1557 0.593410 0.587500 0.041717 0.149074
0 1565 0.513603 0.856481 0.048972 0.187037
0 1567 0.363966 0.464352 0.035067 0.128704
0 1570 0.310157 0.604630 0.042322 0.162963
0 1572 0.383918 0.381481 0.039903 0.151852
0 1573 0.503628 0.430093 0.031439 0.143519
0 1592 0.396312 0.725000 0.032044 0.146296
0 1593 0.403567 0.766667 0.046554 0.151852
0 1594 0.433495 0.734259 0.038694 0.164815
0 1595 0.379081 0.730556 0.042322 0.170370
0 1624 0.324667 0.164815 0.051995 0.135185
0 1632 0.249698 0.033333 0.035067 0.064815
0 1633 0.245466 0.050926 0.029021 0.100000
0 1634 0.010278 0.903241 0.019347 0.191667
0 1642 0.277207 0.151389 0.042926 0.128704
0 1650 0.565901 0.677315 0.044740 0.154630
0 1651 0.374547 0.617130 0.047763 0.169444
0 1652 0.510883 0.635185 0.039903 0.153704
0 1653 0.683192 0.692593 0.043531 0.151852
0 1654 0.254534 0.453704 0.042322 0.140741
0 1655 0.499698 0.531019 0.036880 0.137963
0 1657 0.474607 0.510185 0.047158 0.135185
0 1658 0.386034 0.366204 0.039299 0.145370
0 1659 0.324365 0.542593 0.040508 0.142593
0 1660 0.479141 0.400463 0.034462 0.139815
0 1661 0.511487 0.400926 0.037485 0.142593
0 1662 0.448005 0.543056 0.039903 0.150926
0 1664 0.262394 0.177778 0.027811 0.118519
0 1666 0.563482 0.709722 0.044740 0.154630
0 1667 0.455562 0.432407 0.029625 0.098148
0 1668 0.478839 0.444444 0.030230 0.118519
0 1670 0.613362 0.243056 0.048972 0.149074
