0 1158 0.010883 0.982407 0.020556 0.037037
0 1161 0.232769 0.863426 0.047158 0.137963
0 1162 0.258767 0.829167 0.049577 0.156481
0 1163 0.092201 0.823148 0.052600 0.175926
0 1164 0.141475 0.768056 0.045949 0.162037
0 1165 0.073156 0.775000 0.047158 0.151852
0 1166 0.348549 0.662963 0.040508 0.146296
0 1167 0.136638 0.411574 0.039903 0.149074
0 1173 0.204353 0.236111 0.039903 0.135185
0 1174 0.061971 0.178241 0.041717 0.137963
0 1177 0.036276 0.174074 0.032648 0.129630
0 1178 0.060762 0.061111 0.039299 0.118519
0 1179 0.088875 0.062963 0.039903 0.124074
0 1180 0.059250 0.047222 0.032648 0.092593
0 1181 0.211306 0.040741 0.034462 0.079630
0 1182 0.175333 0.067130 0.033857 0.128704
0 1183 0.227932 0.084259 0.036276 0.124074
0 1184 0.198307 0.128704 0.038694 0.135185
0 1185 0.259371 0.128704 0.035067 0.151852
0 1186 0.266626 0.298611 0.039903 0.139815
0 1187 0.238513 0.294444 0.041717 0.131481
0 1188 0.364571 0.058333 0.030230 0.114815
0 1189 0.392684 0.140278 0.041717 0.126852
0 1190 0.418380 0.166667 0.037485 0.135185
0 1191 0.479444 0.126852 0.035067 0.131481
0 1192 0.439238 0.115741 0.034462 0.125926
0 1193 0.435611 0.056944 0.039299 0.112037
0 1194 0.450726 0.051852 0.025998 0.101852
0 1195 0.555320 0.241204 0.041717 0.137963
0 1196 0.601572 0.237963 0.044740 0.127778
0 1197 0.536276 0.126389 0.031439 0.130556
0 1198 0.574667 0.159259 0.032044 0.129630
0 1199 0.558041 0.127778 0.030230 0.124074
0 1200 0.552297 0.084259 0.032044 0.129630
0 1201 0.634522 0.041667 0.033253 0.081481
0 1202 0.667170 0.040741 0.029625 0.079630
0 1203 0.686518 0.039352 0.029625 0.076852
0 1205 0.720073 0.043981 0.032648 0.086111
0 1206 0.615478 0.144444 0.038694 0.120370
0 1207 0.774486 0.540278 0.045949 0.150926
0 1208 0.667170 0.380556 0.041717 0.153704
0 1209 0.710399 0.357407 0.036276 0.135185
0 1210 0.678356 0.322222 0.037485 0.129630
0 1211 0.764208 0.276852 0.031439 0.125926
0 1212 0.735187 0.274074 0.041112 0.137037
0 1213 0.692261 0.263426 0.037485 0.137963
0 1214 0.795949 0.225463 0.041717 0.137963
0 1215 0.769649 0.202778 0.042322 0.118519
0 1216 0.797158 0.182407 0.040508 0.124074
0 1217 0.775695 0.168981 0.037485 0.130556
0 1218 0.747884 0.166204 0.035067 0.134259
0 1219 0.799879 0.116204 0.036276 0.128704
0 1220 0.818017 0.152778 0.037485 0.120370
0 1221 0.849758 0.140278 0.036880 0.130556
0 1222 0.943168 0.080556 0.035067 0.112963
0 1223 0.982164 0.091667 0.034462 0.127778
0 1224 0.940145 0.047685 0.030230 0.084259
0 1225 0.964933 0.058796 0.029021 0.095370
0 1226 0.921403 0.221759 0.032648 0.134259
0 1227 0.947703 0.288426 0.039299 0.154630
0 1228 0.964933 0.203704 0.039903 0.135185
0 1229 0.988210 0.249537 0.022370 0.143519
0 1230 0.920496 0.416667 0.050181 0.140741
0 1231 0.942563 0.402315 0.032648 0.128704
0 1284 0.583434 0.025000 0.035067 0.048148
0 1285 0.616082 0.027315 0.025393 0.052778
0 1286 0.939238 0.030556 0.027207 0.059259
0 1294 0.709794 0.034722 0.032648 0.067593
0 1296 0.188331 0.035648 0.028416 0.069444
0 1318 0.219770 0.088889 0.029625 0.094444
0 1319 0.198307 0.093519 0.024184 0.081481
0 1325 0.140266 0.625463 0.036276 0.154630
0 1326 0.194680 0.616204 0.032648 0.149074
0 1327 0.165659 0.581019 0.042322 0.137963
0 1328 0.204958 0.580093 0.039903 0.154630
0 1329 0.192866 0.528241 0.039903 0.150926
0 1330 0.157799 0.517593 0.037485 0.129630
0 1341 0.685006 0.885648 0.048368 0.210185
0 1342 0.517836 0.306944 0.033253 0.139815
0 1343 0.407195 0.222222 0.032044 0.124074
0 1344 0.427449 0.223611 0.027811 0.126852
0 1345 0.482164 0.304630 0.034462 0.127778
0 1350 0.106409 0.484259 0.044740 0.138889
0 1351 0.292624 0.709259 0.039903 0.124074
0 1352 0.299879 0.599074 0.047158 0.153704
0 1353 0.323458 0.696296 0.041112 0.157407
0 1354 0.293229 0.713889 0.043531 0.181481
0 1355 0.135127 0.487963 0.034462 0.140741
0 1356 0.276602 0.549074 0.041717 0.162963
0 1357 0.051088 0.400000 0.045345 0.127778
0 1358 0.064994 0.404167 0.030834 0.139815
0 1359 0.637243 0.936574 0.068924 0.125000
0 1360 0.585248 0.901852 0.067715 0.198148
0 1361 0.831318 0.851389 0.045949 0.193519
0 1362 0.915659 0.877778 0.051391 0.198148
0 1363 0.867896 0.869444 0.056227 0.179630
0 1364 0.163845 0.424074 0.043531 0.146296
0 1365 0.729444 0.406944 0.036880 0.123148
0 1366 0.735792 0.706944 0.039903 0.160185
0 1373 0.913543 0.709259 0.061669 0.151852
0 1374 0.971584 0.665278 0.055623 0.158333
0 1375 0.879686 0.687037 0.051995 0.161111
0 1377 0.884522 0.528241 0.032648 0.104630
0 1378 0.871826 0.482870 0.047158 0.137963
0 1382 0.948912 0.698611 0.044135 0.154630
0 1387 0.200121 0.186111 0.033857 0.138889
0 1388 0.079202 0.661574 0.059250 0.169444
0 1389 0.775695 0.249074 0.038694 0.124074
0 1391 0.986094 0.585185 0.026602 0.148148
0 1393 0.967956 0.414352 0.026602 0.121296
0 1394 0.691657 0.381481 0.033857 0.118519
0 1395 0.951632 0.608796 0.050786 0.158333
0 1396 0.964329 0.611111 0.031439 0.109259
0 1397 0.982467 0.510648 0.033857 0.154630
0 1398 0.722793 0.909259 0.046554 0.157407
0 1399 0.753628 0.896296 0.041717 0.151852
0 1408 0.837666 0.773148 0.050181 0.164815
0 1412 0.743047 0.358796 0.042322 0.123148
0 1413 0.779927 0.360648 0.039903 0.137963
0 1416 0.969166 0.857407 0.050786 0.187037
0 1443 0.509371 0.711574 0.046554 0.145370
0 1444 0.296856 0.355093 0.044740 0.137963
0 1445 0.284764 0.367593 0.035067 0.140741
0 1490 0.563482 0.482407 0.032648 0.124074
0 1494 0.808948 0.761574 0.043531 0.162037
0 1501 0.267231 0.963889 0.047158 0.074074
0 1502 0.438936 0.948148 0.054414 0.105556
0 1510 0.510883 0.797685 0.048368 0.182407
0 1522 0.457074 0.850926 0.047158 0.162963
0 1531 0.576179 0.598148 0.042322 0.153704
0 1532 0.606409 0.612963 0.045949 0.151852
0 1549 0.351874 0.773611 0.054414 0.160185
0 1555 0.572854 0.512963 0.034462 0.137037
0 1556 0.537485 0.525926 0.029021 0.107407
0 1557 0.599154 0.579630 0.041112 0.146296
0 1565 0.515417 0.848611 0.044135 0.182407
0 1567 0.363966 0.448148 0.042322 0.129630
0 1570 0.345828 0.617593 0.039903 0.164815
0 1572 0.384825 0.364815 0.041717 0.151852
0 1573 0.504837 0.418056 0.031439 0.143519
0 1592 0.398730 0.695370 0.032044 0.146296
0 1593 0.406892 0.753241 0.048368 0.162037
0 1594 0.438936 0.718981 0.039903 0.158333
0 1595 0.380290 0.719444 0.042322 0.170370
0 1624 0.342805 0.115741 0.035067 0.135185
0 1632 0.317715 0.037963 0.034462 0.074074
0 1633 0.295647 0.037963 0.022975 0.074074
0 1634 0.011487 0.891204 0.021765 0.182407
0 1642 0.288694 0.121759 0.029625 0.128704
0 1650 0.570435 0.664815 0.044135 0.146296
0 1651 0.474002 0.610648 0.041112 0.160185
0 1652 0.570738 0.649537 0.047158 0.150926
0 1653 0.685611 0.677778 0.044740 0.151852
0 1654 0.258767 0.437963 0.042322 0.140741
0 1655 0.505744 0.521759 0.034462 0.137963
0 1657 0.476723 0.491667 0.046554 0.135185
0 1658 0.405683 0.344907 0.039903 0.132407
0 1659 0.322249 0.479630 0.048368 0.148148
0 1660 0.480048 0.386574 0.030230 0.139815
0 1661 0.512394 0.387037 0.036880 0.135185
0 1662 0.450423 0.535185 0.039903 0.146296
0 1664 0.316505 0.137963 0.027207 0.118519
0 1666 0.474607 0.689815 0.049577 0.153704
0 1667 0.458888 0.421296 0.032648 0.098148
0 1668 0.477932 0.431481 0.029625 0.118519
0 1670 0.685611 0.140278 0.044740 0.143519
0 1942 0.003023 0.172685 0.004837 0.121296
