0 1159 0.016324 0.985185 0.030230 0.031481
0 1160 0.034764 0.960648 0.061064 0.078704
0 1161 0.338573 0.909722 0.042322 0.143519
0 1162 0.363664 0.883333 0.051391 0.162963
0 1163 0.157799 0.857407 0.061669 0.168519
0 1164 0.190750 0.810648 0.046554 0.162037
0 1165 0.120919 0.824074 0.045949 0.159259
0 1166 0.411125 0.669907 0.035067 0.143519
0 1167 0.100363 0.476389 0.044740 0.154630
0 1173 0.248186 0.277315 0.041717 0.134259
0 1174 0.039903 0.210185 0.042322 0.140741
0 1175 0.006046 0.272685 0.010883 0.134259
0 1177 0.021161 0.203241 0.033857 0.132407
0 1178 0.030230 0.098611 0.038694 0.121296
0 1179 0.057437 0.100926 0.035067 0.142593
0 1180 0.037485 0.067593 0.032648 0.124074
0 1181 0.201632 0.058333 0.032044 0.111111
0 1182 0.152358 0.098148 0.033857 0.129630
0 1183 0.198609 0.129630 0.036880 0.125926
0 1184 0.196191 0.153704 0.039299 0.135185
0 1185 0.268742 0.162037 0.034462 0.151852
0 1186 0.214027 0.346759 0.043531 0.145370
0 1187 0.180472 0.343981 0.044135 0.132407
0 1188 0.385732 0.071296 0.029021 0.137037
0 1189 0.352177 0.181944 0.034462 0.126852
0 1190 0.359129 0.211111 0.038694 0.135185
0 1191 0.426239 0.169444 0.030230 0.129630
0 1192 0.398428 0.163426 0.043531 0.126852
0 1193 0.447400 0.070833 0.039903 0.139815
0 1194 0.471584 0.067593 0.029021 0.124074
0 1195 0.571342 0.296759 0.041112 0.137963
0 1196 0.616082 0.287963 0.044740 0.135185
0 1197 0.526602 0.162500 0.032648 0.137963
0 1198 0.566808 0.186111 0.032044 0.129630
0 1199 0.548670 0.158333 0.033253 0.124074
0 1200 0.535067 0.116667 0.032648 0.129630
0 1201 0.645103 0.067593 0.037485 0.129630
0 1202 0.670496 0.069444 0.029021 0.116667
0 1203 0.688634 0.064815 0.035067 0.124074
0 1205 0.718561 0.071296 0.032044 0.137037
0 1206 0.593712 0.176389 0.038694 0.121296
0 1207 0.793229 0.639815 0.045949 0.166667
0 1208 0.688029 0.430556 0.041112 0.155556
0 1209 0.752721 0.402315 0.033857 0.134259
0 1210 0.701935 0.369444 0.037485 0.129630
0 1211 0.811971 0.312963 0.031439 0.125926
0 1212 0.777207 0.313426 0.042926 0.130556
0 1213 0.695284 0.329167 0.042322 0.137963
0 1214 0.798670 0.264352 0.038694 0.143519
0 1215 0.769045 0.234259 0.041112 0.118519
0 1216 0.806227 0.224537 0.039299 0.132407
0 1217 0.730955 0.214352 0.037485 0.132407
0 1218 0.694377 0.215741 0.038089 0.138889
0 1219 0.849758 0.156944 0.041717 0.134259
0 1220 0.772370 0.197222 0.032044 0.127778
0 1221 0.805925 0.175926 0.033857 0.129630
0 1222 0.929262 0.106944 0.032648 0.115741
0 1223 0.976421 0.128241 0.039903 0.132407
0 1224 0.931076 0.081481 0.030230 0.085185
0 1225 0.963724 0.097222 0.030230 0.105556
0 1226 0.931681 0.272685 0.037485 0.139815
0 1227 0.918682 0.357407 0.039299 0.157407
0 1228 0.953144 0.248148 0.039299 0.135185
0 1229 0.984281 0.315741 0.031439 0.153704
0 1230 0.906590 0.426852 0.045345 0.135185
0 1231 0.941354 0.443519 0.037485 0.140741
0 1273 0.996372 0.071296 0.007255 0.074074
0 1284 0.603083 0.040741 0.034462 0.079630
0 1285 0.634825 0.042593 0.030230 0.083333
0 1286 0.935308 0.044907 0.035067 0.087963
0 1292 0.598851 0.028241 0.027207 0.054630
0 1293 0.607316 0.026852 0.022370 0.051852
0 1294 0.702237 0.057870 0.032044 0.112037
0 1295 0.142684 0.056481 0.030230 0.105556
0 1296 0.166264 0.053241 0.032648 0.104630
0 1297 0.325272 0.017593 0.029021 0.033333
0 1298 0.363966 0.016667 0.030230 0.031481
0 1299 0.163845 0.039352 0.032648 0.076852
0 1318 0.205562 0.134259 0.030230 0.098148
0 1319 0.165054 0.151852 0.024184 0.081481
0 1325 0.171403 0.629630 0.039299 0.153704
0 1326 0.217956 0.611574 0.029625 0.149074
0 1327 0.160520 0.582870 0.041717 0.137963
0 1328 0.204958 0.588426 0.039903 0.154630
0 1329 0.191959 0.531944 0.041717 0.150926
0 1330 0.157799 0.523148 0.037485 0.129630
0 1341 0.683797 0.929167 0.048368 0.143519
0 1342 0.572854 0.355093 0.035671 0.139815
0 1343 0.403567 0.228241 0.032044 0.123148
0 1344 0.426542 0.230093 0.027207 0.126852
0 1345 0.542322 0.364815 0.037485 0.142593
0 1350 0.065901 0.559722 0.051995 0.139815
0 1351 0.270556 0.746296 0.039299 0.124074
0 1352 0.284462 0.670833 0.051391 0.162037
0 1353 0.301693 0.749074 0.049577 0.162963
0 1354 0.252418 0.766667 0.052600 0.177778
0 1355 0.109734 0.562037 0.044135 0.140741
0 1356 0.282346 0.612037 0.045949 0.157407
0 1357 0.005139 0.440278 0.009069 0.139815
0 1358 0.014813 0.451389 0.028416 0.139815
0 1360 0.577086 0.952778 0.064692 0.096296
0 1361 0.841898 0.927315 0.046554 0.147222
0 1362 0.932890 0.931019 0.048368 0.139815
0 1363 0.893894 0.936111 0.053809 0.129630
0 1364 0.131197 0.486574 0.043531 0.137963
0 1365 0.748186 0.455556 0.033253 0.125926
0 1366 0.698912 0.810185 0.049577 0.157407
0 1373 0.929867 0.780556 0.065296 0.150000
0 1374 0.971282 0.704630 0.053809 0.159259
0 1375 0.899033 0.755093 0.059250 0.156481
0 1377 0.878476 0.604167 0.032648 0.104630
0 1378 0.853386 0.559259 0.046554 0.148148
0 1382 0.966747 0.769444 0.044740 0.170370
0 1387 0.174426 0.219907 0.042926 0.139815
0 1388 0.097340 0.741667 0.059250 0.183333
0 1389 0.777509 0.287037 0.039903 0.124074
0 1393 0.968863 0.450000 0.032044 0.118519
0 1394 0.719166 0.425463 0.034462 0.125000
0 1395 0.968259 0.651852 0.048972 0.164815
0 1396 0.986094 0.653241 0.024184 0.110185
0 1397 0.987304 0.550463 0.024184 0.154630
0 1398 0.717654 0.953241 0.049577 0.095370
0 1399 0.742443 0.949074 0.041112 0.103704
0 1408 0.838875 0.836574 0.044135 0.165741
0 1412 0.740629 0.365278 0.041112 0.126852
0 1413 0.776300 0.370833 0.039903 0.137963
0 1416 0.976421 0.917593 0.043531 0.164815
0 1443 0.566203 0.718519 0.046554 0.146296
0 1444 0.296856 0.365278 0.044740 0.137963
0 1445 0.277509 0.371296 0.035067 0.135185
0 1490 0.563180 0.487963 0.032044 0.124074
0 1494 0.805925 0.835185 0.043531 0.159259
0 1501 0.264208 0.966667 0.043531 0.068519
0 1502 0.437122 0.948148 0.050786 0.101852
0 1510 0.510883 0.803704 0.049577 0.179630
0 1522 0.456167 0.855556 0.046554 0.162963
0 1531 0.578900 0.608333 0.041717 0.153704
0 1532 0.603990 0.621296 0.045949 0.151852
0 1549 0.352177 0.776852 0.056227 0.159259
0 1555 0.569226 0.518519 0.036880 0.137037
0 1556 0.540508 0.525000 0.029021 0.107407
0 1557 0.597340 0.584259 0.041112 0.146296
0 1565 0.513603 0.852315 0.048972 0.187963
0 1567 0.362455 0.456944 0.044135 0.128704
0 1570 0.334341 0.615741 0.038694 0.170370
0 1572 0.385732 0.371296 0.039903 0.151852
0 1573 0.503023 0.424537 0.031439 0.143519
0 1592 0.399940 0.705093 0.032044 0.145370
0 1593 0.409311 0.757870 0.048368 0.160185
0 1594 0.435913 0.728704 0.038694 0.157407
0 1595 0.376058 0.722222 0.042322 0.170370
0 1624 0.335248 0.133333 0.039299 0.135185
0 1632 0.284160 0.032407 0.032648 0.062963
0 1633 0.272068 0.043519 0.026602 0.085185
0 1634 0.009976 0.893056 0.018742 0.195370
0 1642 0.274486 0.131019 0.030230 0.128704
0 1650 0.568622 0.669444 0.044135 0.150000
0 1651 0.421403 0.612963 0.041112 0.159259
0 1652 0.565296 0.650926 0.047158 0.153704
0 1653 0.687424 0.683333 0.044740 0.151852
0 1654 0.256046 0.444444 0.041717 0.140741
0 1655 0.504232 0.520370 0.035067 0.137037
0 1657 0.473700 0.499074 0.046554 0.135185
0 1658 0.403869 0.352315 0.039903 0.134259
0 1659 0.321342 0.511574 0.044135 0.143519
0 1660 0.478537 0.390278 0.030834 0.139815
0 1661 0.514510 0.391667 0.037485 0.135185
0 1662 0.449214 0.539815 0.039903 0.146296
0 1664 0.304414 0.156481 0.027207 0.118519
0 1666 0.526300 0.700000 0.041717 0.150000
0 1667 0.454655 0.425000 0.030230 0.098148
0 1668 0.480653 0.437037 0.030230 0.118519
0 1670 0.655079 0.181481 0.048972 0.142593
0 1942 0.002116 0.181019 0.003023 0.121296
