0 1158 0.015115 0.983333 0.029021 0.035185
0 1161 0.249698 0.871759 0.051995 0.137963
0 1162 0.273881 0.839352 0.048368 0.156481
0 1163 0.103083 0.831019 0.053809 0.178704
0 1164 0.150544 0.775000 0.056832 0.162963
0 1165 0.079202 0.787037 0.047158 0.151852
0 1166 0.356106 0.663889 0.033857 0.146296
0 1167 0.127570 0.424537 0.039903 0.149074
0 1173 0.211306 0.242593 0.036880 0.129630
0 1174 0.058646 0.185185 0.042322 0.138889
0 1177 0.032044 0.178704 0.031439 0.131481
0 1178 0.055018 0.064352 0.039903 0.121296
0 1179 0.081016 0.065278 0.035067 0.125000
0 1180 0.055018 0.051852 0.032648 0.101852
0 1181 0.211306 0.041204 0.034462 0.080556
0 1182 0.171100 0.073148 0.033857 0.129630
0 1183 0.223096 0.093519 0.036276 0.125926
0 1184 0.198912 0.133333 0.038694 0.135185
0 1185 0.261185 0.135185 0.035067 0.151852
0 1186 0.255744 0.306944 0.039903 0.139815
0 1187 0.227630 0.301389 0.042926 0.132407
0 1188 0.366385 0.061574 0.030230 0.121296
0 1189 0.386941 0.148611 0.039903 0.126852
0 1190 0.405079 0.174074 0.037485 0.135185
0 1191 0.473398 0.135185 0.035067 0.131481
0 1192 0.431681 0.123148 0.035067 0.125926
0 1193 0.436820 0.058333 0.039299 0.114815
0 1194 0.454353 0.053704 0.023579 0.105556
0 1195 0.557437 0.250463 0.041112 0.137963
0 1196 0.604293 0.248148 0.044135 0.129630
0 1197 0.535067 0.132870 0.031439 0.128704
0 1198 0.573458 0.163889 0.032044 0.129630
0 1199 0.556530 0.133333 0.029625 0.124074
0 1200 0.546856 0.089815 0.032044 0.129630
0 1201 0.636638 0.045370 0.035067 0.088889
0 1202 0.667775 0.044444 0.029625 0.087037
0 1203 0.688634 0.043981 0.032648 0.086111
0 1205 0.719468 0.048148 0.032648 0.094444
0 1206 0.611245 0.150000 0.038694 0.120370
0 1207 0.777509 0.563889 0.045949 0.164815
0 1208 0.671403 0.391204 0.041717 0.156481
0 1209 0.717654 0.371759 0.036276 0.143519
0 1210 0.682588 0.331481 0.037485 0.129630
0 1211 0.774486 0.280556 0.031439 0.125926
0 1212 0.740931 0.282870 0.039299 0.137963
0 1213 0.694075 0.275463 0.037485 0.137963
0 1214 0.794135 0.233333 0.040508 0.140741
0 1215 0.769952 0.208333 0.041717 0.118519
0 1216 0.803507 0.189352 0.038694 0.123148
0 1217 0.766626 0.176852 0.037485 0.131481
0 1218 0.740024 0.171759 0.035067 0.134259
0 1219 0.809855 0.122222 0.036880 0.129630
0 1220 0.811669 0.161111 0.035671 0.122222
0 1221 0.838271 0.146759 0.036880 0.136111
0 1222 0.939541 0.084259 0.035067 0.112963
0 1223 0.980955 0.097222 0.036880 0.131481
0 1224 0.938936 0.052778 0.030230 0.085185
0 1225 0.963120 0.063889 0.029021 0.100000
0 1226 0.922612 0.230093 0.033857 0.136111
0 1227 0.944377 0.299537 0.038694 0.150926
0 1228 0.961911 0.212037 0.039903 0.135185
0 1229 0.986699 0.259259 0.025393 0.146296
0 1230 0.914752 0.412037 0.045949 0.142593
0 1231 0.942563 0.407870 0.036276 0.128704
0 1284 0.584039 0.029167 0.035067 0.056481
0 1285 0.621524 0.030556 0.026602 0.059259
0 1286 0.938634 0.034259 0.029625 0.066667
0 1294 0.710097 0.034722 0.032044 0.067593
0 1295 0.158706 0.037500 0.029625 0.073148
0 1296 0.183797 0.039352 0.031439 0.076852
0 1299 0.143894 0.018056 0.032648 0.034259
0 1318 0.217352 0.097685 0.029625 0.095370
0 1319 0.192261 0.106481 0.024184 0.081481
0 1325 0.146312 0.625463 0.036276 0.154630
0 1326 0.199819 0.614352 0.032044 0.149074
0 1327 0.163845 0.581019 0.042322 0.137963
0 1328 0.204958 0.581019 0.039903 0.154630
0 1329 0.192563 0.529167 0.040508 0.150926
0 1330 0.157799 0.518519 0.037485 0.129630
0 1341 0.685006 0.893056 0.048368 0.197222
0 1342 0.529021 0.315278 0.039903 0.139815
0 1343 0.407195 0.222222 0.032044 0.124074
0 1344 0.426239 0.224537 0.027811 0.126852
0 1345 0.493349 0.317130 0.036276 0.132407
0 1350 0.090085 0.496759 0.051995 0.145370
0 1351 0.288996 0.716667 0.039903 0.124074
0 1352 0.297158 0.617130 0.046554 0.162037
0 1353 0.323458 0.705556 0.041112 0.157407
0 1354 0.288392 0.725463 0.048368 0.182407
0 1355 0.130290 0.496296 0.036880 0.140741
0 1356 0.276602 0.559722 0.042926 0.160185
0 1357 0.037787 0.410185 0.046554 0.131481
0 1358 0.055623 0.413426 0.037485 0.139815
0 1359 0.635429 0.948148 0.061669 0.101852
0 1360 0.582225 0.911111 0.074970 0.177778
0 1361 0.831318 0.864352 0.045949 0.184259
0 1362 0.920798 0.897685 0.051995 0.206481
0 1363 0.868803 0.893056 0.058041 0.197222
0 1364 0.157799 0.435185 0.043531 0.146296
0 1365 0.733071 0.416204 0.033253 0.123148
0 1366 0.733978 0.727315 0.039903 0.160185
0 1373 0.914148 0.720370 0.061669 0.151852
0 1374 0.971584 0.675926 0.055623 0.159259
0 1375 0.882104 0.700926 0.050786 0.164815
0 1377 0.879686 0.540278 0.032648 0.104630
0 1378 0.870012 0.499074 0.047158 0.144444
0 1382 0.950726 0.708796 0.044135 0.154630
0 1387 0.194982 0.190741 0.032044 0.140741
0 1388 0.084643 0.677315 0.059250 0.176852
0 1389 0.776300 0.255556 0.038694 0.124074
0 1391 0.988513 0.593519 0.021765 0.148148
0 1393 0.969468 0.422685 0.027207 0.121296
0 1394 0.698307 0.389352 0.033857 0.123148
0 1395 0.955260 0.618519 0.050786 0.161111
0 1396 0.969770 0.622222 0.031439 0.109259
0 1397 0.982769 0.516204 0.033253 0.154630
0 1398 0.716747 0.922222 0.046554 0.157407
0 1399 0.751511 0.907407 0.042322 0.151852
0 1408 0.837364 0.784259 0.045949 0.164815
0 1412 0.743047 0.359722 0.042322 0.125000
0 1413 0.779625 0.361574 0.039299 0.137963
0 1416 0.968863 0.874074 0.047763 0.192593
0 1443 0.523579 0.714352 0.047158 0.145370
0 1444 0.296856 0.356944 0.044740 0.137963
0 1445 0.284764 0.367593 0.035067 0.140741
0 1490 0.562878 0.483333 0.032648 0.124074
0 1494 0.807437 0.774074 0.044135 0.159259
0 1501 0.266626 0.964352 0.045949 0.073148
0 1502 0.438331 0.948148 0.053204 0.105556
0 1510 0.510278 0.796296 0.048368 0.181481
0 1522 0.456771 0.852778 0.046554 0.162963
0 1531 0.576784 0.599074 0.042322 0.153704
0 1532 0.606409 0.613889 0.045949 0.151852
0 1549 0.350665 0.774537 0.054414 0.160185
0 1555 0.571947 0.513889 0.036276 0.137037
0 1556 0.536880 0.525926 0.029021 0.107407
0 1557 0.599154 0.581481 0.041112 0.146296
0 1565 0.514510 0.849074 0.045949 0.185185
0 1567 0.363966 0.448611 0.042322 0.128704
0 1570 0.340992 0.621296 0.039903 0.164815
0 1572 0.383918 0.366667 0.039903 0.151852
0 1573 0.504837 0.418981 0.031439 0.143519
0 1592 0.399033 0.696759 0.031439 0.145370
0 1593 0.406288 0.751852 0.049577 0.159259
0 1594 0.438029 0.720370 0.039299 0.157407
0 1595 0.380290 0.719444 0.042322 0.170370
0 1624 0.342805 0.117593 0.039903 0.135185
0 1632 0.313482 0.037963 0.025998 0.074074
0 1633 0.292019 0.037963 0.026602 0.074074
0 1634 0.011790 0.888889 0.022370 0.177778
0 1642 0.285671 0.123611 0.029625 0.128704
0 1650 0.570435 0.664815 0.044135 0.146296
0 1651 0.467352 0.610185 0.043531 0.159259
0 1652 0.571342 0.650463 0.047158 0.152778
0 1653 0.684401 0.682407 0.044740 0.151852
0 1654 0.256953 0.437963 0.042322 0.140741
0 1655 0.505744 0.521759 0.034462 0.137963
0 1657 0.475514 0.492593 0.046554 0.135185
0 1658 0.405683 0.345833 0.039903 0.132407
0 1659 0.321947 0.486111 0.046554 0.150000
0 1660 0.480048 0.386574 0.030230 0.139815
0 1661 0.512394 0.387963 0.036880 0.135185
0 1662 0.449819 0.536111 0.039903 0.146296
0 1664 0.316505 0.139815 0.027207 0.118519
0 1666 0.483676 0.692593 0.054414 0.153704
0 1667 0.457376 0.422222 0.032044 0.098148
0 1668 0.477328 0.432407 0.029625 0.118519
0 1670 0.680169 0.147685 0.044740 0.143519
0 1942 0.003023 0.173611 0.004837 0.121296
