0 1158 0.006651 0.978241 0.012092 0.041667
0 1161 0.214027 0.853241 0.047158 0.137963
0 1162 0.235490 0.813889 0.047763 0.161111
0 1163 0.084643 0.809259 0.049577 0.175926
0 1164 0.134522 0.763889 0.044135 0.166667
0 1165 0.062273 0.763889 0.047158 0.151852
0 1166 0.333434 0.654167 0.038089 0.145370
0 1167 0.146917 0.396759 0.039903 0.149074
0 1173 0.194075 0.228704 0.042322 0.140741
0 1174 0.065901 0.170833 0.041112 0.136111
0 1177 0.039601 0.167130 0.032044 0.128704
0 1178 0.068622 0.058796 0.039299 0.115741
0 1179 0.097944 0.060185 0.038694 0.118519
0 1180 0.064087 0.042130 0.032648 0.082407
0 1181 0.207074 0.038426 0.034462 0.075000
0 1182 0.182285 0.060185 0.034462 0.116667
0 1183 0.233071 0.073611 0.036880 0.121296
0 1184 0.197703 0.122222 0.039903 0.135185
0 1185 0.255744 0.119444 0.035067 0.151852
0 1186 0.279927 0.288426 0.039903 0.139815
0 1187 0.245163 0.283796 0.041717 0.128704
0 1188 0.362757 0.055093 0.030230 0.108333
0 1189 0.404172 0.127315 0.041717 0.126852
0 1190 0.431681 0.161111 0.037485 0.135185
0 1191 0.484885 0.116667 0.035067 0.131481
0 1192 0.448005 0.104630 0.031439 0.124074
0 1193 0.434704 0.054630 0.039903 0.107407
0 1194 0.445889 0.049537 0.028416 0.097222
0 1195 0.552902 0.231019 0.041717 0.137963
0 1196 0.597944 0.226852 0.044740 0.125926
0 1197 0.538694 0.118981 0.031439 0.132407
0 1198 0.575877 0.153704 0.032044 0.129630
0 1199 0.561669 0.121296 0.030230 0.124074
0 1200 0.558948 0.076852 0.032044 0.129630
0 1201 0.633011 0.037963 0.031439 0.074074
0 1202 0.664148 0.037037 0.029625 0.072222
0 1203 0.683797 0.034259 0.026602 0.066667
0 1205 0.722491 0.038889 0.031439 0.075926
0 1206 0.620919 0.139815 0.038694 0.124074
0 1207 0.768440 0.528241 0.047158 0.162037
0 1208 0.662031 0.370370 0.041112 0.148148
0 1209 0.704353 0.348611 0.036276 0.132407
0 1210 0.675333 0.311111 0.037485 0.129630
0 1211 0.755139 0.268519 0.031439 0.125926
0 1212 0.729141 0.263889 0.043531 0.135185
0 1213 0.691354 0.250463 0.036880 0.137963
0 1214 0.798065 0.216667 0.043531 0.135185
0 1215 0.769649 0.196296 0.042322 0.118519
0 1216 0.797158 0.174074 0.040508 0.124074
0 1217 0.785369 0.158333 0.037485 0.129630
0 1218 0.756651 0.157870 0.034462 0.134259
0 1219 0.787787 0.107407 0.035067 0.125926
0 1220 0.826481 0.143519 0.038694 0.118519
0 1221 0.855804 0.134722 0.036880 0.134259
0 1222 0.948005 0.075926 0.035067 0.112963
0 1223 0.983676 0.085185 0.031439 0.125926
0 1224 0.941354 0.043519 0.029021 0.079630
0 1225 0.966747 0.052778 0.029021 0.090741
0 1226 0.920798 0.213889 0.033857 0.135185
0 1227 0.951935 0.268056 0.039299 0.152778
0 1228 0.968561 0.193519 0.039903 0.135185
0 1229 0.990024 0.237963 0.018742 0.138889
0 1230 0.926239 0.416204 0.053204 0.139815
0 1231 0.943168 0.395833 0.030230 0.128704
0 1284 0.582225 0.019907 0.035067 0.037963
0 1285 0.612152 0.022685 0.024788 0.043519
0 1286 0.943168 0.023148 0.026602 0.044444
0 1318 0.222189 0.078241 0.029625 0.093519
0 1319 0.204958 0.078704 0.024184 0.081481
0 1325 0.133313 0.625463 0.035671 0.154630
0 1326 0.191959 0.616204 0.032044 0.149074
0 1327 0.167775 0.581019 0.041717 0.137963
0 1328 0.204958 0.580093 0.039903 0.154630
0 1329 0.192866 0.528241 0.039903 0.150926
0 1330 0.158102 0.514815 0.036880 0.129630
0 1341 0.686820 0.863889 0.048368 0.190741
0 1342 0.505744 0.297685 0.029625 0.139815
0 1343 0.405079 0.218519 0.032648 0.127778
0 1344 0.429262 0.222685 0.027811 0.126852
0 1345 0.470979 0.291667 0.032648 0.125926
0 1350 0.114873 0.470833 0.043531 0.137963
0 1351 0.297461 0.700000 0.039903 0.124074
0 1352 0.303507 0.580093 0.047158 0.147222
0 1353 0.323458 0.687037 0.041112 0.157407
0 1354 0.297461 0.700926 0.041112 0.181481
0 1355 0.142684 0.475000 0.035067 0.140741
0 1356 0.279021 0.537037 0.041717 0.166667
0 1357 0.064389 0.390741 0.044135 0.129630
0 1358 0.079202 0.398148 0.036276 0.140741
0 1359 0.642684 0.925463 0.065296 0.145370
0 1360 0.584643 0.877778 0.065296 0.192593
0 1361 0.831318 0.826389 0.045949 0.186111
0 1362 0.911729 0.857870 0.050786 0.195370
0 1363 0.862757 0.858333 0.055623 0.190741
0 1364 0.172310 0.410185 0.042322 0.144444
0 1365 0.725212 0.396759 0.036880 0.123148
0 1366 0.740024 0.684722 0.039903 0.160185
0 1373 0.912334 0.696296 0.061669 0.151852
0 1374 0.971584 0.653241 0.055623 0.156481
0 1375 0.875756 0.668981 0.055018 0.154630
0 1377 0.891778 0.512963 0.032648 0.103704
0 1378 0.873640 0.469907 0.047158 0.137963
0 1382 0.944075 0.685648 0.044135 0.154630
0 1387 0.205562 0.179630 0.035067 0.138889
0 1388 0.074667 0.644444 0.058646 0.162963
0 1389 0.775091 0.240741 0.038694 0.124074
0 1391 0.983374 0.575000 0.033253 0.148148
0 1393 0.966747 0.399074 0.026602 0.116667
0 1394 0.683797 0.373148 0.033857 0.118519
0 1395 0.947703 0.597222 0.050181 0.155556
0 1396 0.958283 0.596296 0.031439 0.109259
0 1397 0.982467 0.504630 0.033857 0.153704
0 1398 0.723398 0.896759 0.046554 0.162037
0 1399 0.756953 0.879630 0.041112 0.150000
0 1400 0.990326 0.927315 0.018138 0.147222
0 1408 0.839178 0.759259 0.051995 0.164815
0 1412 0.743047 0.357870 0.042322 0.121296
0 1413 0.780230 0.359722 0.039299 0.137963
0 1416 0.964027 0.844444 0.051391 0.187037
0 1443 0.501511 0.706944 0.044135 0.145370
0 1444 0.297461 0.354167 0.044740 0.137963
0 1445 0.284764 0.366667 0.035067 0.140741
0 1490 0.564087 0.480556 0.032648 0.124074
0 1494 0.811366 0.745833 0.043531 0.160185
0 1501 0.268138 0.963426 0.047763 0.075000
0 1502 0.439541 0.948148 0.055623 0.105556
0 1510 0.512092 0.797685 0.048368 0.182407
0 1522 0.457074 0.849074 0.047158 0.162963
0 1531 0.575877 0.598148 0.041717 0.153704
0 1532 0.606409 0.611111 0.045949 0.151852
0 1549 0.353386 0.772685 0.053809 0.160185
0 1555 0.573761 0.511111 0.032648 0.137037
0 1556 0.538996 0.524074 0.030834 0.107407
0 1557 0.599758 0.577778 0.041112 0.146296
0 1565 0.516324 0.848148 0.042322 0.179630
0 1567 0.363966 0.447222 0.042322 0.129630
0 1570 0.351874 0.612963 0.039903 0.164815
0 1572 0.387545 0.363889 0.044740 0.151852
0 1573 0.504837 0.416204 0.031439 0.143519
0 1592 0.398428 0.693981 0.031439 0.145370
0 1593 0.408706 0.749537 0.044740 0.156481
0 1594 0.438634 0.718056 0.039299 0.160185
0 1595 0.380290 0.718519 0.042322 0.170370
0 1624 0.342805 0.115278 0.035067 0.136111
0 1632 0.321040 0.039352 0.031439 0.076852
0 1633 0.298368 0.037500 0.023579 0.073148
0 1634 0.011487 0.889352 0.021765 0.184259
0 1642 0.290508 0.120833 0.029625 0.128704
0 1650 0.570435 0.664815 0.044135 0.146296
0 1651 0.480653 0.612037 0.037485 0.162963
0 1652 0.570133 0.649074 0.047158 0.150000
0 1653 0.686215 0.677778 0.044740 0.151852
0 1654 0.261790 0.439815 0.042322 0.140741
0 1655 0.506348 0.521759 0.034462 0.137963
0 1657 0.477932 0.491667 0.046554 0.135185
0 1658 0.405985 0.343056 0.039299 0.132407
0 1659 0.325272 0.470370 0.048368 0.148148
0 1660 0.480653 0.385648 0.030230 0.139815
0 1661 0.512999 0.386111 0.035671 0.135185
0 1662 0.451028 0.533333 0.039903 0.146296
0 1664 0.316505 0.135185 0.027207 0.118519
0 1666 0.464631 0.687500 0.040508 0.156481
0 1667 0.460399 0.421296 0.033253 0.098148
0 1668 0.479141 0.430556 0.029625 0.118519
0 1670 0.694982 0.129167 0.041717 0.141667
0 1942 0.003023 0.171759 0.004837 0.121296
