0 1160 0.173216 0.973611 0.036880 0.054630
0 1161 0.507860 0.945370 0.038694 0.109259
0 1162 0.531439 0.919907 0.065296 0.162037
0 1163 0.249093 0.892130 0.054414 0.171296
0 1164 0.270556 0.856481 0.046554 0.157407
0 1165 0.200423 0.875463 0.044135 0.162037
0 1166 0.478537 0.720370 0.039299 0.135185
0 1167 0.076179 0.589352 0.047158 0.162037
0 1168 0.006651 0.426389 0.012092 0.152778
0 1173 0.343108 0.287500 0.036880 0.126852
0 1174 0.016022 0.255556 0.030834 0.140741
0 1175 0.033857 0.350000 0.037485 0.135185
0 1176 0.009674 0.350000 0.018138 0.140741
0 1179 0.038089 0.160648 0.035067 0.143519
0 1181 0.178960 0.115741 0.030230 0.124074
0 1182 0.129383 0.155556 0.033857 0.135185
0 1183 0.169287 0.175000 0.044740 0.137037
0 1184 0.192866 0.191204 0.035067 0.139815
0 1185 0.258162 0.202778 0.042322 0.151852
0 1186 0.133615 0.417130 0.038694 0.145370
0 1187 0.100967 0.409259 0.047158 0.137037
0 1188 0.426239 0.114352 0.036276 0.139815
0 1189 0.278718 0.245370 0.035067 0.129630
0 1190 0.272975 0.275926 0.046554 0.142593
0 1191 0.341294 0.237037 0.039299 0.140741
0 1192 0.321040 0.229167 0.037485 0.126852
0 1193 0.471282 0.111111 0.041717 0.146296
0 1194 0.498489 0.107407 0.033253 0.129630
0 1195 0.601572 0.368056 0.041112 0.145370
0 1196 0.643289 0.358796 0.037485 0.134259
0 1197 0.498186 0.200926 0.032648 0.140741
0 1198 0.530532 0.234259 0.032044 0.129630
0 1199 0.529021 0.200926 0.036276 0.131481
0 1200 0.535067 0.168519 0.032648 0.129630
0 1201 0.632709 0.126852 0.036880 0.133333
0 1202 0.649335 0.135648 0.030230 0.130556
0 1203 0.675937 0.137963 0.035067 0.125926
0 1205 0.675333 0.161574 0.041112 0.134259
0 1206 0.562273 0.222222 0.039903 0.131481
0 1207 0.790810 0.786111 0.049577 0.172222
0 1208 0.705260 0.512037 0.039299 0.162963
0 1209 0.785973 0.475926 0.037485 0.138889
0 1210 0.753023 0.439352 0.040508 0.134259
0 1211 0.866989 0.386574 0.037485 0.134259
0 1212 0.830713 0.375463 0.041112 0.141667
0 1213 0.691052 0.419907 0.042322 0.150926
0 1214 0.812576 0.318056 0.038694 0.143519
0 1215 0.771463 0.289815 0.041112 0.118519
0 1216 0.817412 0.284259 0.043531 0.142593
0 1217 0.705260 0.298148 0.040508 0.137037
0 1218 0.675937 0.304630 0.039903 0.140741
0 1219 0.903869 0.212037 0.039903 0.135185
0 1220 0.719166 0.265741 0.034462 0.127778
0 1221 0.734583 0.238889 0.037485 0.137037
0 1222 0.923821 0.159259 0.032648 0.125926
0 1223 0.963120 0.176852 0.038694 0.131481
0 1224 0.919589 0.133333 0.030230 0.085185
0 1225 0.963120 0.149074 0.029021 0.107407
0 1226 0.934099 0.338426 0.043531 0.141667
0 1227 0.867291 0.455093 0.046554 0.162037
0 1228 0.951632 0.307407 0.039903 0.135185
0 1229 0.981258 0.418056 0.036276 0.154630
0 1230 0.909915 0.477778 0.043531 0.140741
0 1231 0.944680 0.506944 0.036880 0.147222
0 1241 0.730955 0.015741 0.018138 0.029630
0 1267 0.968863 0.038426 0.029625 0.075000
0 1271 0.927449 0.050463 0.029021 0.097222
0 1272 0.972793 0.051852 0.020556 0.101852
0 1273 0.993047 0.137037 0.012696 0.125926
0 1274 0.988815 0.184722 0.021161 0.132407
0 1281 0.652660 0.035648 0.032044 0.069444
0 1283 0.671100 0.048148 0.041112 0.094444
0 1284 0.613966 0.070833 0.034462 0.121296
0 1285 0.638452 0.080556 0.030230 0.112963
0 1286 0.929262 0.093981 0.036276 0.125000
0 1287 0.500907 0.025000 0.019952 0.048148
0 1288 0.536276 0.020370 0.026602 0.038889
0 1289 0.616989 0.035648 0.032044 0.069444
0 1290 0.594317 0.037963 0.027811 0.074074
0 1291 0.526300 0.043519 0.032044 0.085185
0 1292 0.545949 0.050000 0.030230 0.098148
0 1293 0.567715 0.067593 0.022975 0.081481
0 1294 0.689238 0.119444 0.031439 0.129630
0 1295 0.141475 0.109259 0.029021 0.109259
0 1296 0.139359 0.090741 0.032044 0.112963
0 1297 0.273881 0.050926 0.037485 0.100000
0 1298 0.310157 0.047685 0.035067 0.093519
0 1299 0.179565 0.079630 0.032648 0.124074
0 1301 0.087062 0.045370 0.030230 0.088889
0 1302 0.130593 0.056481 0.035067 0.111111
0 1303 0.189541 0.035648 0.030834 0.069444
0 1304 0.147823 0.059722 0.029625 0.093519
0 1305 0.165961 0.055556 0.034462 0.109259
0 1318 0.175937 0.175926 0.030230 0.098148
0 1319 0.164450 0.164815 0.024184 0.081481
0 1325 0.195586 0.621296 0.032044 0.142593
0 1326 0.233676 0.590741 0.036880 0.142593
0 1327 0.164450 0.591204 0.042322 0.143519
0 1328 0.204958 0.593056 0.039903 0.154630
0 1329 0.204958 0.539352 0.041112 0.150926
0 1330 0.165659 0.532407 0.037485 0.137037
0 1341 0.680774 0.983333 0.039903 0.035185
0 1342 0.624244 0.432870 0.038089 0.149074
0 1343 0.404172 0.235648 0.032044 0.126852
0 1344 0.422914 0.236574 0.027207 0.126852
0 1345 0.600363 0.439352 0.032648 0.150926
0 1350 0.048368 0.687963 0.053204 0.153704
0 1351 0.215840 0.814352 0.038694 0.128704
0 1352 0.266022 0.758796 0.043531 0.167593
0 1353 0.236699 0.814815 0.041717 0.151852
0 1354 0.177449 0.797685 0.039299 0.178704
0 1355 0.087969 0.681481 0.044135 0.150000
0 1356 0.291112 0.717130 0.046554 0.171296
0 1364 0.107618 0.595833 0.041112 0.160185
0 1365 0.759371 0.525926 0.038694 0.131481
0 1366 0.616687 0.950926 0.044740 0.100000
0 1373 0.960399 0.897222 0.062273 0.148148
0 1374 0.978235 0.787037 0.043531 0.148148
0 1375 0.918984 0.869907 0.060459 0.163889
0 1377 0.860641 0.719907 0.032044 0.110185
0 1378 0.835852 0.672222 0.047763 0.161111
0 1382 0.983676 0.869907 0.029021 0.184259
0 1387 0.119105 0.277315 0.035067 0.149074
0 1388 0.111548 0.846759 0.053809 0.180556
0 1389 0.800181 0.339352 0.039299 0.132407
0 1393 0.981862 0.519444 0.031439 0.127778
0 1394 0.737606 0.493519 0.035067 0.125926
0 1395 0.987001 0.713889 0.024788 0.131481
0 1408 0.856711 0.934259 0.043531 0.133333
0 1412 0.734583 0.377315 0.041112 0.126852
0 1413 0.775695 0.376389 0.039903 0.137963
0 1443 0.623942 0.725926 0.042322 0.146296
0 1444 0.295042 0.372222 0.044740 0.137037
0 1445 0.263906 0.372685 0.038089 0.128704
0 1490 0.563180 0.493519 0.032044 0.124074
0 1494 0.827086 0.936574 0.043531 0.128704
0 1501 0.264208 0.968519 0.043531 0.064815
0 1502 0.436215 0.953241 0.056227 0.093519
0 1510 0.509674 0.808333 0.049577 0.179630
0 1522 0.454353 0.864815 0.046554 0.162963
0 1531 0.576784 0.615741 0.042322 0.153704
0 1532 0.605200 0.632407 0.047158 0.148148
0 1549 0.347944 0.792593 0.048972 0.159259
0 1555 0.570133 0.522222 0.038694 0.137037
0 1556 0.543531 0.512963 0.026602 0.107407
0 1557 0.590085 0.588426 0.041112 0.149074
0 1565 0.515417 0.857407 0.052600 0.187037
0 1567 0.362757 0.464352 0.035067 0.128704
0 1570 0.304414 0.598611 0.039299 0.162037
0 1572 0.383918 0.380556 0.039903 0.151852
0 1573 0.504232 0.432870 0.031439 0.143519
0 1592 0.394498 0.721759 0.032044 0.147222
0 1593 0.401149 0.767593 0.044135 0.153704
0 1594 0.433797 0.733796 0.038089 0.165741
0 1595 0.380290 0.730556 0.042322 0.170370
0 1624 0.320435 0.176389 0.051995 0.139815
0 1632 0.237908 0.036574 0.030834 0.071296
0 1633 0.238815 0.050463 0.029021 0.099074
0 1634 0.009976 0.909722 0.018742 0.176852
0 1642 0.272068 0.158333 0.039903 0.131481
0 1650 0.565296 0.678241 0.044740 0.154630
0 1651 0.367594 0.623148 0.037485 0.162963
0 1652 0.490326 0.634259 0.037485 0.153704
0 1653 0.682890 0.693519 0.045345 0.151852
0 1654 0.255744 0.454167 0.042322 0.141667
0 1655 0.498186 0.533796 0.037485 0.137963
0 1657 0.475816 0.508333 0.045949 0.135185
0 1658 0.381197 0.365278 0.039299 0.145370
0 1659 0.324667 0.551852 0.036276 0.142593
0 1660 0.478537 0.401389 0.034462 0.139815
0 1661 0.510883 0.404630 0.037485 0.146296
0 1662 0.447098 0.548148 0.039299 0.157407
0 1664 0.251511 0.182407 0.027811 0.118519
0 1666 0.577690 0.721759 0.045345 0.156481
0 1667 0.454655 0.433333 0.029021 0.098148
0 1668 0.478537 0.443519 0.029625 0.118519
0 1670 0.600665 0.260648 0.048972 0.149074
