0 1159 0.022975 0.983796 0.029021 0.034259
0 1160 0.043229 0.961111 0.063482 0.077778
0 1161 0.354897 0.916667 0.058041 0.142593
0 1162 0.376663 0.885185 0.060459 0.157407
0 1163 0.166566 0.860648 0.055018 0.167593
0 1164 0.195284 0.817130 0.050786 0.162037
0 1165 0.126360 0.830093 0.045949 0.160185
0 1166 0.416264 0.674537 0.034462 0.143519
0 1167 0.099154 0.484722 0.044740 0.154630
0 1173 0.256651 0.278241 0.042926 0.132407
0 1174 0.036880 0.213889 0.042322 0.140741
0 1175 0.008767 0.280556 0.016324 0.135185
0 1177 0.017533 0.206944 0.033857 0.132407
0 1178 0.024788 0.106944 0.038694 0.121296
0 1179 0.052600 0.105556 0.035067 0.142593
0 1180 0.034160 0.071296 0.032044 0.124074
0 1181 0.199516 0.062500 0.031439 0.117593
0 1182 0.149335 0.101852 0.033857 0.129630
0 1183 0.195586 0.133333 0.036880 0.125926
0 1184 0.194982 0.158796 0.039299 0.136111
0 1185 0.269952 0.165741 0.034462 0.151852
0 1186 0.207074 0.353241 0.042926 0.145370
0 1187 0.173216 0.349537 0.044135 0.132407
0 1188 0.388755 0.073611 0.029021 0.137963
0 1189 0.346131 0.186574 0.034462 0.126852
0 1190 0.351270 0.217593 0.039903 0.135185
0 1191 0.417170 0.178704 0.030230 0.135185
0 1192 0.392080 0.168981 0.045345 0.126852
0 1193 0.448912 0.072222 0.039299 0.140741
0 1194 0.474002 0.071296 0.032648 0.125926
0 1195 0.573761 0.302315 0.041112 0.137963
0 1196 0.617896 0.292593 0.044740 0.135185
0 1197 0.524184 0.166204 0.032648 0.137963
0 1198 0.563785 0.190741 0.032044 0.129630
0 1199 0.547158 0.162037 0.033857 0.124074
0 1200 0.535067 0.121296 0.032648 0.129630
0 1201 0.646312 0.071759 0.037485 0.132407
0 1202 0.670496 0.075000 0.029021 0.120370
0 1203 0.687424 0.070370 0.035067 0.124074
0 1205 0.716747 0.077778 0.033253 0.140741
0 1206 0.591294 0.181481 0.038694 0.124074
0 1207 0.795042 0.653241 0.045949 0.171296
0 1208 0.689843 0.436574 0.038694 0.154630
0 1209 0.757557 0.409722 0.033857 0.134259
0 1210 0.706167 0.375000 0.037485 0.129630
0 1211 0.817715 0.319907 0.032044 0.126852
0 1212 0.782950 0.320370 0.041112 0.135185
0 1213 0.695284 0.334722 0.042322 0.137963
0 1214 0.798670 0.268981 0.038694 0.143519
0 1215 0.769649 0.238889 0.041112 0.118519
0 1216 0.807437 0.230093 0.039299 0.136111
0 1217 0.726119 0.220833 0.037485 0.132407
0 1218 0.688936 0.222685 0.039299 0.139815
0 1219 0.854293 0.163426 0.041112 0.134259
0 1220 0.765115 0.203241 0.032044 0.128704
0 1221 0.799879 0.181481 0.033857 0.129630
0 1222 0.928658 0.111111 0.032648 0.114815
0 1223 0.974607 0.132870 0.039903 0.132407
0 1224 0.929867 0.085185 0.030230 0.085185
0 1225 0.963724 0.102778 0.030230 0.105556
0 1226 0.932890 0.278241 0.037485 0.139815
0 1227 0.915054 0.365741 0.039299 0.157407
0 1228 0.952237 0.253704 0.039903 0.135185
0 1229 0.984281 0.321759 0.031439 0.154630
0 1230 0.905381 0.433796 0.047763 0.139815
0 1231 0.941657 0.450000 0.036880 0.140741
0 1273 0.995768 0.076389 0.007255 0.076852
0 1283 0.675635 0.022222 0.036880 0.042593
0 1284 0.606711 0.043519 0.034462 0.085185
0 1285 0.633011 0.043981 0.030230 0.086111
0 1286 0.934704 0.048611 0.036276 0.095370
0 1292 0.592201 0.030556 0.027207 0.059259
0 1293 0.604293 0.030093 0.022370 0.058333
0 1294 0.701028 0.062963 0.032044 0.114815
0 1295 0.140266 0.061574 0.030230 0.106481
0 1296 0.163241 0.055556 0.032648 0.107407
0 1297 0.322249 0.019444 0.029021 0.037037
0 1298 0.358222 0.019444 0.029625 0.037037
0 1299 0.165054 0.043519 0.032648 0.085185
0 1302 0.167170 0.030093 0.027207 0.058333
0 1303 0.244256 0.013889 0.019347 0.025926
0 1318 0.203144 0.137963 0.030230 0.098148
0 1319 0.167473 0.151852 0.024184 0.081481
0 1325 0.172914 0.629630 0.036276 0.153704
0 1326 0.221282 0.610648 0.030230 0.149074
0 1327 0.160520 0.583796 0.041717 0.137963
0 1328 0.204958 0.589352 0.039903 0.154630
0 1329 0.191959 0.531944 0.041717 0.150926
0 1330 0.158102 0.524074 0.036880 0.129630
0 1341 0.682588 0.934722 0.048368 0.132407
0 1342 0.578295 0.365741 0.044135 0.140741
0 1343 0.402358 0.229167 0.032044 0.123148
0 1344 0.426844 0.231944 0.027811 0.126852
0 1345 0.549274 0.375000 0.035671 0.146296
0 1350 0.063482 0.572685 0.051995 0.139815
0 1351 0.265719 0.753704 0.039299 0.124074
0 1352 0.283555 0.679630 0.048368 0.162963
0 1353 0.294438 0.756481 0.039903 0.162963
0 1354 0.244861 0.769444 0.054414 0.175926
0 1355 0.107618 0.567593 0.044740 0.140741
0 1356 0.283555 0.621296 0.045949 0.159259
0 1357 0.002116 0.444907 0.003023 0.139815
0 1358 0.011790 0.456944 0.022370 0.139815
0 1360 0.575574 0.959259 0.060459 0.083333
0 1361 0.844619 0.934259 0.045949 0.133333
0 1362 0.937727 0.936574 0.048368 0.128704
0 1363 0.896614 0.942130 0.053204 0.117593
0 1364 0.128174 0.491667 0.042322 0.135185
0 1365 0.749395 0.464352 0.033253 0.126852
0 1366 0.692866 0.825000 0.048368 0.157407
0 1373 0.932285 0.789352 0.066505 0.149074
0 1374 0.972491 0.711111 0.052600 0.159259
0 1375 0.899335 0.766204 0.058646 0.160185
0 1377 0.878476 0.611574 0.032648 0.104630
0 1378 0.850060 0.568981 0.045949 0.147222
0 1382 0.968561 0.778704 0.043531 0.170370
0 1387 0.170798 0.222685 0.045345 0.139815
0 1388 0.097037 0.750926 0.058646 0.185185
0 1389 0.778114 0.291667 0.039903 0.124074
0 1393 0.970375 0.457407 0.031439 0.122222
0 1394 0.722793 0.431481 0.034462 0.125926
0 1395 0.971282 0.655556 0.047763 0.164815
0 1396 0.988513 0.657407 0.021765 0.109259
0 1397 0.987304 0.556944 0.024184 0.154630
0 1398 0.715840 0.956944 0.044740 0.087963
0 1399 0.742140 0.954630 0.041717 0.092593
0 1408 0.840085 0.845833 0.044135 0.165741
0 1412 0.740024 0.366204 0.041112 0.126852
0 1413 0.775695 0.370833 0.039903 0.137963
0 1416 0.977932 0.923611 0.042926 0.154630
0 1443 0.573156 0.720370 0.045949 0.146296
0 1444 0.296856 0.366204 0.044740 0.137963
0 1445 0.275695 0.370833 0.035067 0.134259
0 1490 0.563180 0.489815 0.032044 0.124074
0 1494 0.805925 0.843519 0.043531 0.155556
0 1501 0.264208 0.967130 0.043531 0.067593
0 1502 0.437122 0.948611 0.050786 0.100926
0 1510 0.511487 0.804630 0.049577 0.179630
0 1522 0.455562 0.857407 0.046554 0.162963
0 1531 0.579504 0.610185 0.041717 0.153704
0 1532 0.603990 0.624074 0.045949 0.151852
0 1549 0.351572 0.778704 0.056227 0.159259
0 1555 0.568924 0.518519 0.037485 0.137037
0 1556 0.542322 0.524074 0.029021 0.107407
0 1557 0.596735 0.584259 0.041112 0.146296
0 1565 0.513603 0.852315 0.048972 0.187963
0 1567 0.362455 0.457870 0.042926 0.128704
0 1570 0.331923 0.612037 0.038694 0.164815
0 1572 0.385732 0.372222 0.039903 0.151852
0 1573 0.503023 0.425463 0.031439 0.143519
0 1592 0.399940 0.706944 0.032044 0.145370
0 1593 0.406892 0.757870 0.045949 0.156481
0 1594 0.435913 0.729630 0.038694 0.157407
0 1595 0.375453 0.722222 0.042322 0.170370
0 1624 0.334643 0.137037 0.039299 0.135185
0 1632 0.278718 0.032407 0.032648 0.062963
0 1633 0.268440 0.044907 0.026602 0.087963
0 1634 0.009976 0.888426 0.018742 0.204630
0 1642 0.275998 0.134722 0.032044 0.128704
0 1650 0.568017 0.670833 0.044135 0.150926
0 1651 0.413543 0.613889 0.039903 0.159259
0 1652 0.562273 0.649074 0.045949 0.153704
0 1653 0.686820 0.684259 0.044740 0.151852
0 1654 0.256348 0.446296 0.042322 0.140741
0 1655 0.503628 0.521296 0.035067 0.137037
0 1657 0.475514 0.500000 0.046554 0.135185
0 1658 0.402358 0.354167 0.039299 0.136111
0 1659 0.321342 0.514815 0.044135 0.142593
0 1660 0.478839 0.391204 0.031439 0.139815
0 1661 0.513906 0.391667 0.037485 0.135185
0 1662 0.449214 0.539815 0.039903 0.146296
0 1664 0.301391 0.160185 0.027207 0.118519
0 1666 0.532044 0.700926 0.041112 0.148148
0 1667 0.454655 0.425926 0.030230 0.098148
0 1668 0.480653 0.437037 0.030230 0.118519
0 1670 0.649637 0.188889 0.048972 0.144444
