0 1161 0.183495 0.836574 0.044135 0.143519
0 1162 0.208585 0.802778 0.053204 0.161111
0 1163 0.075877 0.791204 0.048972 0.180556
0 1164 0.117594 0.749537 0.044135 0.158333
0 1165 0.047763 0.754630 0.047158 0.151852
0 1166 0.310762 0.644907 0.037485 0.145370
0 1167 0.157497 0.374537 0.042926 0.147222
0 1173 0.182285 0.211111 0.041717 0.135185
0 1174 0.070738 0.159722 0.041112 0.134259
0 1177 0.040810 0.153704 0.029625 0.129630
0 1178 0.079504 0.051852 0.039299 0.101852
0 1179 0.110036 0.050926 0.037485 0.100000
0 1180 0.070435 0.037963 0.032044 0.074074
0 1181 0.199516 0.034259 0.035067 0.066667
0 1182 0.191657 0.050463 0.035067 0.099074
0 1183 0.240931 0.058333 0.036880 0.114815
0 1184 0.200121 0.112963 0.039903 0.135185
0 1185 0.248489 0.104630 0.035067 0.151852
0 1186 0.293229 0.275000 0.039903 0.140741
0 1187 0.264510 0.268056 0.041717 0.128704
0 1188 0.360339 0.050463 0.030230 0.099074
0 1189 0.418077 0.108796 0.041717 0.126852
0 1190 0.450423 0.150000 0.037485 0.135185
0 1191 0.491536 0.101389 0.035067 0.132407
0 1192 0.463724 0.084722 0.037485 0.112037
0 1193 0.434704 0.049074 0.039903 0.096296
0 1194 0.439843 0.045370 0.028416 0.088889
0 1195 0.550484 0.216204 0.041717 0.137963
0 1196 0.590085 0.209722 0.044740 0.126852
0 1197 0.539601 0.110648 0.032044 0.128704
0 1198 0.578295 0.145833 0.032044 0.128704
0 1199 0.568319 0.111111 0.030230 0.124074
0 1200 0.566808 0.067593 0.032044 0.127778
0 1201 0.633011 0.033333 0.031439 0.064815
0 1202 0.659613 0.031481 0.029021 0.061111
0 1203 0.680169 0.028241 0.025393 0.054630
0 1205 0.729746 0.030556 0.027811 0.059259
0 1206 0.629383 0.133796 0.038694 0.128704
0 1207 0.759976 0.497685 0.045949 0.156481
0 1208 0.655381 0.350463 0.036276 0.152778
0 1209 0.697098 0.333333 0.036276 0.133333
0 1210 0.672612 0.296296 0.036880 0.129630
0 1211 0.743652 0.255556 0.031439 0.125926
0 1212 0.721886 0.250926 0.037485 0.133333
0 1213 0.691052 0.233796 0.037485 0.137963
0 1214 0.798670 0.206944 0.043531 0.130556
0 1215 0.769045 0.187037 0.042322 0.118519
0 1216 0.797461 0.162963 0.039903 0.124074
0 1217 0.799879 0.143519 0.037485 0.129630
0 1218 0.768742 0.142130 0.034462 0.134259
0 1219 0.773579 0.096296 0.034462 0.125926
0 1220 0.839480 0.129630 0.039299 0.118519
0 1221 0.871524 0.120833 0.036880 0.134259
0 1222 0.954353 0.068519 0.034462 0.112963
0 1223 0.984885 0.073148 0.029021 0.125926
0 1224 0.943168 0.037963 0.027811 0.072222
0 1225 0.969770 0.043981 0.029021 0.082407
0 1226 0.919891 0.196296 0.039299 0.131481
0 1227 0.955865 0.250926 0.039903 0.144444
0 1228 0.971886 0.182407 0.039299 0.135185
0 1229 0.992140 0.219444 0.014510 0.135185
0 1230 0.932588 0.403704 0.052600 0.140741
0 1231 0.944377 0.386574 0.030230 0.128704
0 1285 0.608525 0.017593 0.024788 0.033333
0 1318 0.230048 0.061111 0.029625 0.088889
0 1319 0.217050 0.055556 0.024184 0.081481
0 1325 0.122430 0.625000 0.034462 0.153704
0 1326 0.188936 0.615278 0.032044 0.149074
0 1327 0.168077 0.580093 0.042322 0.137963
0 1328 0.204958 0.579167 0.039903 0.154630
0 1329 0.192866 0.525463 0.039903 0.150926
0 1330 0.158706 0.512037 0.036880 0.129630
0 1341 0.687424 0.850463 0.048368 0.199074
0 1342 0.490326 0.282870 0.029021 0.139815
0 1343 0.405381 0.217130 0.032044 0.128704
0 1344 0.429262 0.221759 0.027811 0.126852
0 1345 0.456771 0.273148 0.028416 0.125926
0 1350 0.124244 0.452315 0.044135 0.137963
0 1351 0.298670 0.683333 0.039903 0.124074
0 1352 0.308948 0.556481 0.045949 0.151852
0 1353 0.324365 0.671296 0.041717 0.157407
0 1354 0.300484 0.684722 0.042322 0.178704
0 1355 0.156590 0.448148 0.035067 0.140741
0 1356 0.284764 0.514352 0.041112 0.163889
0 1357 0.077388 0.370370 0.032648 0.131481
0 1358 0.098851 0.380556 0.038089 0.137037
0 1359 0.636638 0.910185 0.065296 0.168519
0 1360 0.590387 0.853241 0.073156 0.191667
0 1361 0.828597 0.800000 0.046554 0.185185
0 1362 0.907799 0.824537 0.048972 0.184259
0 1363 0.861850 0.832407 0.056227 0.181481
0 1364 0.185006 0.384259 0.036276 0.137037
0 1365 0.720073 0.382870 0.036276 0.123148
0 1366 0.738210 0.649537 0.038694 0.160185
0 1373 0.904172 0.674074 0.059855 0.148148
0 1374 0.973398 0.643056 0.051995 0.154630
0 1375 0.867896 0.652315 0.058646 0.162037
0 1377 0.899033 0.488889 0.032648 0.096296
0 1378 0.878476 0.451389 0.047158 0.137963
0 1382 0.934099 0.664352 0.043531 0.154630
0 1387 0.207678 0.171759 0.034462 0.141667
0 1388 0.074667 0.623148 0.058646 0.162963
0 1389 0.774486 0.229630 0.038694 0.124074
0 1391 0.978839 0.561111 0.041112 0.148148
0 1393 0.967654 0.388426 0.027207 0.115741
0 1394 0.673519 0.357870 0.033857 0.121296
0 1395 0.942866 0.583796 0.047763 0.154630
0 1396 0.948005 0.581944 0.031439 0.110185
0 1397 0.982467 0.487963 0.033857 0.153704
0 1398 0.724909 0.875000 0.045949 0.159259
0 1399 0.758767 0.855093 0.041112 0.141667
0 1400 0.984885 0.918519 0.029021 0.157407
0 1408 0.845224 0.737037 0.051995 0.164815
0 1412 0.743047 0.356019 0.042322 0.117593
0 1413 0.780532 0.358796 0.039903 0.137963
0 1416 0.952842 0.821296 0.054414 0.179630
0 1443 0.490326 0.696759 0.038694 0.145370
0 1444 0.298670 0.353241 0.044740 0.137963
0 1445 0.284764 0.365741 0.035067 0.140741
0 1490 0.564087 0.480556 0.032648 0.124074
0 1494 0.813180 0.712963 0.043531 0.146296
0 1496 0.977630 0.837963 0.042322 0.140741
0 1501 0.269045 0.962500 0.048368 0.076852
0 1502 0.438331 0.946759 0.056832 0.108333
0 1510 0.513301 0.795833 0.048368 0.182407
0 1522 0.456771 0.847222 0.046554 0.162963
0 1531 0.575272 0.598148 0.041717 0.153704
0 1532 0.606409 0.609259 0.045949 0.151852
0 1549 0.353083 0.771759 0.054414 0.162037
0 1555 0.574667 0.510185 0.030834 0.137037
0 1556 0.541717 0.521759 0.033857 0.106481
0 1557 0.600060 0.575000 0.041717 0.146296
0 1565 0.516324 0.846296 0.042322 0.179630
0 1567 0.363966 0.446296 0.042322 0.129630
0 1570 0.364571 0.609722 0.038694 0.163889
0 1572 0.388452 0.361111 0.045345 0.151852
0 1573 0.504837 0.414352 0.031439 0.143519
0 1592 0.398428 0.693519 0.031439 0.146296
0 1593 0.408404 0.749537 0.046554 0.160185
0 1594 0.438331 0.716667 0.038694 0.162963
0 1595 0.380290 0.717593 0.042322 0.170370
0 1624 0.342805 0.114352 0.035067 0.137963
0 1632 0.323458 0.042593 0.025393 0.083333
0 1633 0.303204 0.037500 0.024788 0.073148
0 1634 0.011487 0.885648 0.021765 0.184259
0 1642 0.292624 0.118981 0.029021 0.128704
0 1647 0.987908 0.747685 0.022975 0.121296
0 1650 0.570435 0.664815 0.044135 0.146296
0 1651 0.492140 0.613889 0.041112 0.162963
0 1652 0.568924 0.648148 0.047158 0.148148
0 1653 0.686215 0.677778 0.044740 0.151852
0 1654 0.262394 0.438889 0.042322 0.140741
0 1655 0.506348 0.520833 0.034462 0.137963
0 1656 0.090689 0.976389 0.037485 0.049074
0 1657 0.477025 0.491667 0.047158 0.135185
0 1658 0.406590 0.342130 0.039299 0.132407
0 1659 0.327690 0.460648 0.041112 0.149074
0 1660 0.481560 0.383796 0.029625 0.139815
0 1661 0.513906 0.385185 0.035067 0.135185
0 1662 0.450726 0.532407 0.039299 0.146296
0 1664 0.316505 0.131481 0.027207 0.118519
0 1666 0.451935 0.677778 0.041717 0.159259
0 1667 0.460701 0.419444 0.032648 0.098148
0 1668 0.481560 0.425000 0.029625 0.118519
0 1670 0.706469 0.115741 0.039299 0.140741
0 1942 0.003023 0.170833 0.004837 0.121296
