0 1161 0.061366 0.704630 0.041717 0.138889
0 1162 0.086155 0.664815 0.047763 0.159259
0 1163 0.017533 0.673611 0.033857 0.171296
0 1164 0.029625 0.649074 0.058041 0.159259
0 1166 0.130895 0.643519 0.044135 0.142593
0 1167 0.301693 0.248148 0.042322 0.140741
0 1170 0.019347 0.211111 0.037485 0.129630
0 1171 0.006348 0.191667 0.011487 0.140741
0 1172 0.049879 0.174537 0.040508 0.132407
0 1173 0.101874 0.133796 0.040508 0.134259
0 1174 0.111850 0.074537 0.039903 0.125000
0 1177 0.065901 0.070833 0.030230 0.117593
0 1184 0.223096 0.050000 0.039903 0.098148
0 1185 0.255744 0.053241 0.039903 0.104630
0 1186 0.409915 0.159722 0.037485 0.132407
0 1187 0.385127 0.162963 0.037485 0.124074
0 1188 0.354293 0.026389 0.037485 0.050926
0 1189 0.510883 0.032407 0.037485 0.062963
0 1190 0.544740 0.050000 0.039903 0.098148
0 1191 0.578597 0.027315 0.035067 0.052778
0 1192 0.547461 0.027315 0.034462 0.052778
0 1193 0.386336 0.028241 0.037485 0.054630
0 1194 0.402056 0.020370 0.032648 0.038889
0 1195 0.535973 0.131019 0.040508 0.128704
0 1196 0.557134 0.122685 0.040508 0.126852
0 1197 0.582830 0.052778 0.032648 0.103704
0 1198 0.644196 0.069444 0.041717 0.124074
0 1199 0.609432 0.055556 0.035067 0.109259
0 1206 0.677449 0.067130 0.039299 0.121296
0 1207 0.709190 0.316204 0.039903 0.145370
0 1208 0.615478 0.233333 0.039903 0.140741
0 1209 0.674728 0.227778 0.037485 0.135185
0 1210 0.642684 0.201852 0.037485 0.120370
0 1211 0.681378 0.148148 0.032648 0.125926
0 1212 0.636336 0.148611 0.039299 0.126852
0 1213 0.696191 0.106944 0.034462 0.132407
0 1214 0.779927 0.130556 0.037485 0.129630
0 1215 0.749093 0.117593 0.039903 0.118519
0 1216 0.754232 0.088889 0.036880 0.124074
0 1217 0.944377 0.069907 0.042322 0.123148
0 1218 0.908706 0.083333 0.035067 0.125926
0 1219 0.700726 0.044444 0.036276 0.087037
0 1220 0.948609 0.057407 0.037485 0.112963
0 1221 0.947703 0.051389 0.036880 0.100926
0 1222 0.951632 0.021296 0.032648 0.040741
0 1226 0.951028 0.101389 0.039903 0.130556
0 1228 0.977025 0.094907 0.033857 0.123148
0 1230 0.935006 0.282407 0.039299 0.137037
0 1231 0.966747 0.283796 0.037485 0.132407
0 1232 0.972491 0.691204 0.046554 0.162037
0 1233 0.612757 0.957407 0.038089 0.087037
0 1324 0.662031 0.935185 0.050786 0.127778
0 1325 0.102177 0.608333 0.044740 0.153704
0 1326 0.189541 0.610648 0.044135 0.145370
0 1327 0.169589 0.575463 0.041717 0.137963
0 1328 0.211306 0.576389 0.039299 0.149074
0 1329 0.195284 0.515741 0.035067 0.135185
0 1330 0.168682 0.517130 0.039903 0.134259
0 1337 0.009371 0.267593 0.017533 0.146296
0 1338 0.032648 0.273611 0.044740 0.152778
0 1341 0.727328 0.695833 0.048368 0.186111
0 1342 0.445586 0.229167 0.033857 0.132407
0 1343 0.411125 0.215741 0.035067 0.131481
0 1344 0.432285 0.218519 0.035067 0.131481
0 1345 0.420193 0.240741 0.039903 0.140741
0 1348 0.016929 0.499074 0.032648 0.151852
0 1349 0.035067 0.500926 0.044740 0.170370
0 1350 0.249093 0.320833 0.039903 0.134259
0 1351 0.290810 0.547222 0.037485 0.131481
0 1352 0.321040 0.409722 0.045949 0.149074
0 1353 0.318319 0.506944 0.044135 0.160185
0 1354 0.322249 0.540741 0.047158 0.168519
0 1355 0.283253 0.302778 0.038089 0.137037
0 1356 0.320133 0.378241 0.038089 0.152778
0 1357 0.219770 0.269444 0.036880 0.135185
0 1358 0.239117 0.281944 0.036880 0.132407
0 1359 0.654474 0.711574 0.057437 0.165741
0 1360 0.629081 0.660185 0.065901 0.187037
0 1361 0.807739 0.648148 0.044740 0.179630
0 1362 0.845526 0.620833 0.046554 0.182407
0 1363 0.835550 0.656019 0.053204 0.178704
0 1364 0.332527 0.255093 0.039903 0.132407
0 1365 0.698307 0.267130 0.035067 0.123148
0 1366 0.705562 0.416667 0.033857 0.142593
0 1368 0.963422 0.467130 0.036880 0.123148
0 1373 0.888755 0.557407 0.056832 0.157407
0 1374 0.983676 0.570370 0.032648 0.175926
0 1375 0.863966 0.512963 0.056832 0.157407
0 1377 0.931076 0.342593 0.032648 0.096296
0 1378 0.911729 0.322222 0.043531 0.131481
0 1382 0.935611 0.540278 0.039299 0.149074
0 1387 0.215840 0.157870 0.037485 0.137963
0 1388 0.117896 0.474074 0.051995 0.153704
0 1389 0.769045 0.148611 0.037485 0.121296
0 1390 0.983374 0.377778 0.033253 0.125926
0 1391 0.915659 0.447685 0.042926 0.156481
0 1392 0.977932 0.392593 0.021161 0.081481
0 1393 0.957074 0.347222 0.033857 0.124074
0 1394 0.639057 0.253704 0.032648 0.107407
0 1395 0.902056 0.481944 0.048368 0.150926
0 1396 0.887243 0.464815 0.034462 0.112963
0 1397 0.966747 0.417130 0.039903 0.156481
0 1398 0.758162 0.723148 0.048368 0.153704
0 1399 0.785671 0.717130 0.039299 0.149074
0 1400 0.909613 0.750463 0.056227 0.171296
0 1401 0.899335 0.565741 0.048972 0.194444
0 1404 0.959492 0.788426 0.047158 0.165741
0 1405 0.901451 0.823611 0.058041 0.156481
0 1406 0.943470 0.815741 0.052600 0.203704
0 1408 0.897823 0.641204 0.047158 0.150926
0 1411 0.928658 0.916667 0.048368 0.161111
0 1412 0.743652 0.356019 0.039903 0.121296
0 1413 0.784160 0.357870 0.042322 0.143519
0 1415 0.961911 0.947222 0.055623 0.105556
0 1416 0.928053 0.692593 0.048368 0.177778
0 1434 0.073458 0.948611 0.044135 0.104630
0 1443 0.415357 0.636111 0.042322 0.148148
0 1444 0.294740 0.349074 0.044135 0.137037
0 1445 0.288089 0.368519 0.034462 0.142593
0 1489 0.896614 0.938426 0.062878 0.123148
0 1490 0.554716 0.490741 0.032044 0.129630
0 1494 0.876663 0.619444 0.044740 0.151852
0 1496 0.972793 0.691667 0.044740 0.159259
0 1501 0.274486 0.961574 0.049577 0.078704
0 1502 0.443773 0.945370 0.054414 0.111111
0 1510 0.515417 0.793981 0.048972 0.176852
0 1522 0.460399 0.846759 0.046554 0.162037
0 1531 0.572854 0.593519 0.039299 0.157407
0 1532 0.611548 0.604167 0.046554 0.150926
0 1549 0.353688 0.769444 0.047158 0.166667
0 1550 0.209190 0.844907 0.038694 0.154630
0 1551 0.282044 0.840741 0.062273 0.162963
0 1555 0.587364 0.505556 0.041717 0.137037
0 1556 0.556227 0.515741 0.030230 0.109259
0 1557 0.605200 0.574074 0.042322 0.151852
0 1565 0.523277 0.846759 0.042926 0.182407
0 1567 0.362152 0.442130 0.042322 0.137963
0 1570 0.457376 0.588889 0.044135 0.162963
0 1572 0.397219 0.354630 0.042322 0.151852
0 1573 0.497884 0.405093 0.032044 0.132407
0 1587 0.776904 0.943981 0.053204 0.110185
0 1588 0.744256 0.964352 0.037485 0.069444
0 1592 0.406892 0.705093 0.037485 0.165741
0 1593 0.419287 0.745370 0.079202 0.162963
0 1594 0.450726 0.716204 0.041717 0.165741
0 1595 0.387243 0.714352 0.039299 0.167593
0 1621 0.950423 0.627778 0.036276 0.140741
0 1624 0.345224 0.112963 0.037485 0.140741
0 1632 0.334341 0.065741 0.031439 0.116667
0 1633 0.307739 0.063426 0.032648 0.115741
0 1634 0.013906 0.883333 0.026602 0.188889
0 1642 0.300484 0.110185 0.032648 0.131481
0 1647 0.939541 0.660648 0.049577 0.165741
0 1650 0.577388 0.656019 0.060459 0.165741
0 1651 0.539299 0.615741 0.039903 0.164815
0 1652 0.574365 0.641667 0.044740 0.164815
0 1653 0.690750 0.673148 0.044135 0.148148
0 1654 0.278114 0.437037 0.037485 0.135185
0 1655 0.512092 0.512963 0.035067 0.135185
0 1656 0.233978 0.830556 0.050786 0.162963
0 1657 0.493954 0.495833 0.037485 0.143519
0 1658 0.414148 0.342130 0.036276 0.137963
0 1659 0.358827 0.408796 0.039299 0.143519
0 1660 0.481258 0.382407 0.032648 0.142593
0 1661 0.520859 0.385185 0.029625 0.148148
0 1662 0.452842 0.530093 0.047158 0.145370
0 1664 0.321040 0.120370 0.035067 0.118519
0 1666 0.368501 0.620833 0.046554 0.158333
0 1667 0.464933 0.429630 0.037485 0.120370
0 1668 0.490629 0.424074 0.029625 0.120370
0 1670 0.775393 0.051852 0.036880 0.101852
0 1942 0.006651 0.167593 0.012092 0.124074
