0 1161 0.119105 0.795370 0.047158 0.146296
0 1162 0.147521 0.754167 0.051995 0.165741
0 1163 0.058343 0.750000 0.053809 0.179630
0 1164 0.082527 0.729167 0.056227 0.167593
0 1165 0.023579 0.720370 0.045949 0.151852
0 1166 0.246070 0.633796 0.036276 0.143519
0 1167 0.201028 0.324537 0.040508 0.145370
0 1173 0.145707 0.179630 0.043531 0.137037
0 1174 0.087666 0.132407 0.042322 0.135185
0 1177 0.047763 0.123148 0.027811 0.125926
0 1178 0.102177 0.038889 0.032648 0.075926
0 1179 0.127267 0.038426 0.036880 0.075000
0 1180 0.086759 0.025463 0.032044 0.049074
0 1181 0.167473 0.019444 0.038694 0.037037
0 1182 0.213422 0.038426 0.037485 0.075000
0 1183 0.259371 0.043056 0.035067 0.084259
0 1184 0.205562 0.080556 0.039903 0.118519
0 1185 0.246372 0.083333 0.039299 0.144444
0 1186 0.336759 0.232407 0.037485 0.131481
0 1187 0.302902 0.230556 0.036276 0.124074
0 1188 0.356106 0.040278 0.037485 0.078704
0 1189 0.452842 0.070370 0.037485 0.131481
0 1190 0.492745 0.104630 0.038694 0.129630
0 1191 0.514510 0.062963 0.036276 0.124074
0 1192 0.492745 0.062963 0.035067 0.122222
0 1193 0.418682 0.040741 0.036880 0.079630
0 1194 0.431983 0.034722 0.032044 0.067593
0 1195 0.539601 0.186111 0.044135 0.129630
0 1196 0.574667 0.181019 0.041717 0.126852
0 1197 0.552600 0.085648 0.032648 0.126852
0 1198 0.602177 0.113426 0.041112 0.125000
0 1199 0.576481 0.083796 0.034462 0.117593
0 1200 0.578597 0.047685 0.035067 0.093519
0 1201 0.629383 0.016667 0.030230 0.031481
0 1206 0.645103 0.107407 0.039903 0.125926
0 1207 0.731862 0.433333 0.046554 0.151852
0 1208 0.633918 0.314352 0.045345 0.154630
0 1209 0.682588 0.292593 0.036276 0.135185
0 1210 0.668077 0.256481 0.037485 0.120370
0 1211 0.725816 0.224074 0.032044 0.125926
0 1212 0.696191 0.218981 0.035671 0.139815
0 1213 0.688634 0.188889 0.033857 0.140741
0 1214 0.801995 0.181019 0.036880 0.134259
0 1215 0.764813 0.163889 0.038694 0.118519
0 1216 0.782346 0.137037 0.037485 0.124074
0 1217 0.843108 0.116667 0.041717 0.120370
0 1218 0.811669 0.108796 0.036880 0.117593
0 1219 0.742140 0.066667 0.032044 0.114815
0 1220 0.886336 0.110185 0.037485 0.129630
0 1221 0.910520 0.095833 0.036276 0.134259
0 1222 0.968863 0.049537 0.032044 0.097222
0 1223 0.989117 0.060648 0.020556 0.119444
0 1224 0.944075 0.025000 0.029625 0.048148
0 1226 0.923821 0.159722 0.038694 0.134259
0 1227 0.962213 0.197685 0.039299 0.145370
0 1228 0.980048 0.155093 0.037485 0.126852
0 1230 0.926542 0.370833 0.044135 0.137963
0 1231 0.944075 0.349074 0.033253 0.137037
0 1232 0.980653 0.804630 0.037485 0.162963
0 1324 0.821947 0.973148 0.035671 0.051852
0 1325 0.099758 0.612963 0.044740 0.155556
0 1326 0.188029 0.610185 0.037485 0.146296
0 1327 0.168077 0.578241 0.042322 0.137963
0 1328 0.204051 0.577315 0.039299 0.150926
0 1329 0.193470 0.519907 0.037485 0.143519
0 1330 0.162031 0.509259 0.038694 0.133333
0 1341 0.701330 0.793519 0.048368 0.198148
0 1342 0.456771 0.241667 0.034462 0.131481
0 1343 0.409311 0.214352 0.037485 0.132407
0 1344 0.429867 0.219907 0.033857 0.130556
0 1345 0.416868 0.242130 0.048972 0.139815
0 1350 0.162031 0.400000 0.043531 0.137037
0 1351 0.286276 0.647685 0.036880 0.126852
0 1352 0.321947 0.492593 0.045345 0.155556
0 1353 0.324365 0.630556 0.044135 0.161111
0 1354 0.305623 0.657870 0.044135 0.180556
0 1355 0.189843 0.400926 0.036276 0.138889
0 1356 0.298670 0.462500 0.044740 0.156481
0 1357 0.124547 0.336111 0.037485 0.135185
0 1358 0.145707 0.343519 0.037485 0.140741
0 1359 0.634825 0.831481 0.058041 0.170370
0 1360 0.601874 0.780556 0.067110 0.179630
0 1361 0.821342 0.743519 0.044135 0.179630
0 1362 0.885429 0.763889 0.053809 0.190741
0 1363 0.853083 0.785648 0.059250 0.178704
0 1364 0.222189 0.335648 0.039299 0.139815
0 1365 0.701935 0.337963 0.033857 0.125926
0 1366 0.728537 0.563426 0.037485 0.143519
0 1368 0.987304 0.539352 0.024184 0.132407
0 1373 0.895707 0.628704 0.056227 0.157407
0 1374 0.980048 0.631019 0.038694 0.176852
0 1375 0.865478 0.599074 0.056227 0.146296
0 1377 0.907799 0.432407 0.032044 0.096296
0 1378 0.885127 0.397222 0.043531 0.135185
0 1382 0.927751 0.612500 0.039299 0.149074
0 1387 0.214329 0.156944 0.036880 0.137963
0 1388 0.076784 0.568056 0.060459 0.165741
0 1389 0.781439 0.201389 0.038089 0.121296
0 1391 0.955260 0.522222 0.044740 0.157407
0 1393 0.964631 0.354167 0.034462 0.123148
0 1394 0.654776 0.324074 0.032648 0.107407
0 1395 0.929262 0.550926 0.048368 0.159259
0 1396 0.928356 0.538889 0.034462 0.112963
0 1397 0.979444 0.463426 0.039903 0.156481
0 1398 0.736397 0.822685 0.049577 0.162037
0 1399 0.770859 0.808796 0.038694 0.149074
0 1400 0.964027 0.863426 0.056227 0.165741
0 1401 0.951028 0.635185 0.047158 0.201852
0 1405 0.965236 0.935185 0.053809 0.129630
0 1408 0.870617 0.688426 0.047158 0.150926
0 1412 0.741838 0.355556 0.037485 0.120370
0 1413 0.783253 0.355556 0.041717 0.142593
0 1416 0.942563 0.768981 0.059250 0.182407
0 1443 0.464329 0.675000 0.042322 0.148148
0 1444 0.294740 0.348148 0.044135 0.137037
0 1445 0.287787 0.363426 0.035067 0.143519
0 1490 0.566505 0.480556 0.038694 0.135185
0 1494 0.843108 0.675000 0.044135 0.151852
0 1496 0.976723 0.799537 0.041717 0.162037
0 1501 0.270556 0.961574 0.048972 0.078704
0 1502 0.439541 0.944907 0.054414 0.110185
0 1510 0.513906 0.794907 0.048368 0.180556
0 1522 0.457074 0.847685 0.045949 0.162037
0 1531 0.574063 0.600000 0.039299 0.157407
0 1532 0.609734 0.609259 0.051391 0.151852
0 1549 0.352479 0.769444 0.049577 0.170370
0 1550 0.106106 0.969907 0.039299 0.058333
0 1551 0.185308 0.950000 0.048972 0.101852
0 1555 0.575272 0.509259 0.034462 0.137037
0 1556 0.547158 0.515741 0.031439 0.109259
0 1557 0.602781 0.575926 0.042322 0.151852
0 1565 0.515719 0.841667 0.045949 0.188889
0 1567 0.364571 0.447685 0.041112 0.137963
0 1570 0.399637 0.608796 0.039903 0.162037
0 1572 0.392382 0.354630 0.042322 0.151852
0 1573 0.498791 0.404630 0.032648 0.131481
0 1592 0.401753 0.705093 0.036880 0.163889
0 1593 0.410218 0.749074 0.053809 0.161111
0 1594 0.440145 0.716667 0.042322 0.166667
0 1595 0.383313 0.714352 0.045949 0.167593
0 1624 0.342805 0.110185 0.036276 0.140741
0 1632 0.325877 0.050000 0.029021 0.098148
0 1633 0.304716 0.043981 0.031439 0.086111
0 1634 0.011487 0.882870 0.021765 0.187963
0 1642 0.296554 0.116667 0.032044 0.131481
0 1647 0.971584 0.718056 0.047158 0.165741
0 1650 0.570435 0.659259 0.047763 0.146296
0 1651 0.520556 0.601852 0.038694 0.168519
0 1652 0.565296 0.650000 0.047158 0.140741
0 1653 0.687727 0.673148 0.044135 0.148148
0 1654 0.262696 0.435185 0.036880 0.140741
0 1655 0.509371 0.516667 0.034462 0.140741
0 1656 0.153265 0.941204 0.042926 0.119444
0 1657 0.478839 0.491204 0.043531 0.137963
0 1658 0.409613 0.341204 0.036880 0.136111
0 1659 0.337666 0.434722 0.041717 0.143519
0 1660 0.480955 0.382407 0.032044 0.142593
0 1661 0.509069 0.387500 0.032648 0.141667
0 1662 0.451330 0.531944 0.041717 0.145370
0 1664 0.319528 0.117130 0.036880 0.117593
0 1666 0.419287 0.657407 0.046554 0.162963
0 1667 0.460097 0.426852 0.037485 0.120370
0 1668 0.487304 0.423148 0.030230 0.124074
0 1670 0.739420 0.086574 0.036276 0.126852
0 1942 0.003930 0.168519 0.006651 0.122222
