0 1161 0.064087 0.707870 0.041112 0.139815
0 1162 0.088875 0.669444 0.045949 0.162963
0 1163 0.019045 0.675463 0.036880 0.171296
0 1164 0.031439 0.653704 0.061669 0.159259
0 1166 0.135127 0.643519 0.044135 0.142593
0 1167 0.298065 0.251852 0.042322 0.140741
0 1170 0.017533 0.216667 0.033857 0.129630
0 1171 0.004232 0.194444 0.007255 0.140741
0 1172 0.045647 0.177315 0.041717 0.132407
0 1173 0.101874 0.135648 0.040508 0.134259
0 1174 0.110641 0.077778 0.039903 0.127778
0 1177 0.064087 0.072685 0.030230 0.117593
0 1184 0.221584 0.050926 0.039299 0.100000
0 1185 0.255744 0.056019 0.039903 0.110185
0 1186 0.406892 0.163426 0.037485 0.132407
0 1187 0.382104 0.164815 0.037485 0.124074
0 1188 0.354897 0.027315 0.037485 0.052778
0 1189 0.507255 0.033796 0.037485 0.065741
0 1190 0.541112 0.051852 0.039903 0.101852
0 1191 0.575272 0.028704 0.035671 0.055556
0 1192 0.544438 0.031019 0.034462 0.060185
0 1193 0.388150 0.028704 0.037485 0.055556
0 1194 0.403265 0.020833 0.032648 0.039815
0 1195 0.536276 0.133796 0.041112 0.128704
0 1196 0.558041 0.125463 0.041112 0.126852
0 1197 0.581016 0.053241 0.032648 0.104630
0 1198 0.642987 0.071296 0.041717 0.124074
0 1199 0.607013 0.056019 0.035067 0.110185
0 1200 0.607316 0.022222 0.032044 0.042593
0 1206 0.675030 0.068056 0.039299 0.121296
0 1207 0.708888 0.322685 0.041717 0.147222
0 1208 0.615478 0.237037 0.039903 0.140741
0 1209 0.674728 0.230556 0.037485 0.135185
0 1210 0.643894 0.205093 0.037485 0.121296
0 1211 0.685006 0.153241 0.032648 0.126852
0 1212 0.638150 0.151389 0.039299 0.126852
0 1213 0.695889 0.110648 0.033857 0.132407
0 1214 0.780532 0.133333 0.037485 0.129630
0 1215 0.750302 0.120370 0.039903 0.118519
0 1216 0.755441 0.090741 0.036880 0.124074
0 1217 0.941959 0.072222 0.042322 0.124074
0 1218 0.905079 0.086111 0.035067 0.125926
0 1219 0.704353 0.045833 0.037485 0.089815
0 1220 0.944377 0.058796 0.037485 0.115741
0 1221 0.947098 0.054167 0.036880 0.106481
0 1222 0.951632 0.022685 0.032648 0.043519
0 1226 0.949214 0.103704 0.039903 0.131481
0 1227 0.988815 0.121759 0.021161 0.149074
0 1228 0.976723 0.097685 0.034462 0.123148
0 1230 0.934401 0.286111 0.039299 0.137037
0 1231 0.966143 0.287500 0.037485 0.132407
0 1232 0.971282 0.694444 0.047763 0.162963
0 1233 0.621221 0.958333 0.039299 0.085185
0 1324 0.669891 0.937500 0.050786 0.123148
0 1325 0.100665 0.608333 0.044135 0.153704
0 1326 0.189541 0.610648 0.044135 0.145370
0 1327 0.169589 0.575463 0.041717 0.137963
0 1328 0.210701 0.577315 0.039299 0.149074
0 1329 0.194982 0.515741 0.034462 0.135185
0 1330 0.168682 0.516204 0.039903 0.134259
0 1337 0.007860 0.272222 0.014510 0.146296
0 1338 0.029021 0.278704 0.044740 0.153704
0 1341 0.726723 0.700463 0.048368 0.186111
0 1342 0.445586 0.228241 0.033857 0.132407
0 1343 0.410520 0.214815 0.035067 0.131481
0 1344 0.432285 0.218056 0.035067 0.132407
0 1345 0.420193 0.239815 0.039903 0.140741
0 1348 0.013906 0.506019 0.026602 0.152778
0 1349 0.030230 0.507870 0.045949 0.171296
0 1350 0.243954 0.325463 0.039299 0.134259
0 1351 0.289601 0.552778 0.037485 0.131481
0 1352 0.321040 0.413426 0.045949 0.149074
0 1353 0.317715 0.514352 0.044135 0.160185
0 1354 0.321342 0.548148 0.046554 0.170370
0 1355 0.278114 0.306481 0.037485 0.137037
0 1356 0.316808 0.381019 0.039903 0.154630
0 1357 0.214631 0.274074 0.037485 0.135185
0 1358 0.233978 0.285185 0.036276 0.131481
0 1359 0.656288 0.717593 0.058646 0.166667
0 1360 0.626663 0.667130 0.064692 0.187963
0 1361 0.809553 0.652778 0.044740 0.179630
0 1362 0.849154 0.629167 0.046554 0.182407
0 1363 0.836155 0.662037 0.054414 0.179630
0 1364 0.328295 0.259722 0.039903 0.132407
0 1365 0.698307 0.271296 0.035067 0.124074
0 1366 0.706771 0.423611 0.033857 0.143519
0 1368 0.965840 0.469907 0.036880 0.123148
0 1373 0.888755 0.560185 0.056832 0.157407
0 1374 0.984281 0.575000 0.031439 0.175926
0 1375 0.862757 0.517593 0.056832 0.155556
0 1377 0.929867 0.347222 0.032648 0.096296
0 1378 0.908706 0.325926 0.043531 0.133333
0 1382 0.935006 0.543981 0.039299 0.149074
0 1387 0.215840 0.157870 0.037485 0.137963
0 1388 0.115478 0.477315 0.051995 0.152778
0 1389 0.770254 0.151389 0.037485 0.121296
0 1390 0.983676 0.380556 0.032648 0.125926
0 1391 0.918077 0.451852 0.042926 0.157407
0 1392 0.979141 0.396296 0.021161 0.081481
0 1393 0.957074 0.346759 0.033857 0.123148
0 1394 0.640871 0.257407 0.032648 0.107407
0 1395 0.903567 0.486111 0.048972 0.151852
0 1396 0.889661 0.469444 0.034462 0.112963
0 1397 0.968863 0.419907 0.039299 0.156481
0 1398 0.756953 0.727778 0.048368 0.153704
0 1399 0.785973 0.722685 0.038694 0.149074
0 1400 0.910822 0.756019 0.056227 0.171296
0 1401 0.902358 0.570370 0.048972 0.194444
0 1404 0.960097 0.793981 0.047158 0.165741
0 1405 0.903265 0.829167 0.058041 0.156481
0 1406 0.947098 0.824074 0.051391 0.205556
0 1408 0.897823 0.643056 0.047158 0.150926
0 1411 0.931681 0.920833 0.048368 0.154630
0 1412 0.743652 0.355093 0.039903 0.121296
0 1413 0.784160 0.357870 0.042322 0.143519
0 1415 0.965538 0.951389 0.055623 0.097222
0 1416 0.927751 0.694907 0.048972 0.178704
0 1434 0.073156 0.952315 0.043531 0.097222
0 1443 0.418380 0.637963 0.042322 0.148148
0 1444 0.294740 0.349074 0.044135 0.137037
0 1445 0.288392 0.368056 0.033857 0.143519
0 1489 0.900242 0.942130 0.062878 0.115741
0 1490 0.555925 0.489815 0.033253 0.131481
0 1494 0.875453 0.622222 0.044740 0.151852
0 1496 0.971584 0.695370 0.045949 0.159259
0 1501 0.274486 0.961574 0.049577 0.078704
0 1502 0.443773 0.945833 0.054414 0.110185
0 1510 0.515417 0.793981 0.048972 0.176852
0 1522 0.460399 0.845833 0.046554 0.162037
0 1531 0.572854 0.592593 0.039299 0.157407
0 1532 0.611548 0.603241 0.046554 0.150926
0 1549 0.353990 0.769444 0.047763 0.166667
0 1550 0.204958 0.857407 0.038694 0.155556
0 1551 0.279021 0.845370 0.062273 0.162963
0 1555 0.587364 0.505556 0.041717 0.137037
0 1556 0.555623 0.515741 0.030230 0.109259
0 1557 0.604595 0.574074 0.042322 0.151852
0 1565 0.522975 0.847685 0.043531 0.182407
0 1567 0.363362 0.443056 0.042322 0.137963
0 1570 0.454353 0.589352 0.044135 0.162037
0 1572 0.397219 0.355556 0.042322 0.151852
0 1573 0.497884 0.405093 0.032044 0.132407
0 1587 0.784160 0.948148 0.053204 0.101852
0 1588 0.750302 0.967130 0.036276 0.063889
0 1592 0.406892 0.706019 0.037485 0.165741
0 1593 0.420798 0.745370 0.081016 0.162963
0 1594 0.450726 0.715741 0.041717 0.166667
0 1595 0.386941 0.714352 0.038694 0.167593
0 1621 0.952237 0.630556 0.036276 0.140741
0 1624 0.345224 0.112963 0.037485 0.140741
0 1632 0.333736 0.063426 0.031439 0.115741
0 1633 0.307739 0.061574 0.032648 0.115741
0 1634 0.014208 0.882870 0.027207 0.189815
0 1642 0.300484 0.110185 0.032648 0.131481
0 1647 0.940145 0.663426 0.049577 0.165741
0 1650 0.576481 0.656019 0.058646 0.162037
0 1651 0.538694 0.614815 0.039903 0.164815
0 1652 0.574063 0.640741 0.045345 0.164815
0 1653 0.690750 0.673148 0.044135 0.148148
0 1654 0.277509 0.436111 0.037485 0.135185
0 1655 0.512092 0.512963 0.035067 0.135185
0 1656 0.232769 0.837037 0.050786 0.162963
0 1657 0.493349 0.494907 0.037485 0.143519
0 1658 0.414148 0.342130 0.036276 0.137963
0 1659 0.357316 0.409259 0.038694 0.142593
0 1660 0.480653 0.382407 0.033857 0.142593
0 1661 0.520859 0.386111 0.029625 0.146296
0 1662 0.452842 0.530556 0.047158 0.144444
0 1664 0.321644 0.119444 0.035067 0.118519
0 1666 0.370919 0.623148 0.046554 0.157407
0 1667 0.464933 0.429630 0.037485 0.120370
0 1668 0.490326 0.423148 0.030230 0.120370
0 1670 0.773277 0.052315 0.036276 0.102778
0 1942 0.006348 0.167593 0.011487 0.124074
