0 1161 0.175333 0.833796 0.047158 0.143519
0 1162 0.201632 0.798148 0.052600 0.166667
0 1163 0.073156 0.783333 0.048368 0.177778
0 1164 0.112152 0.747222 0.044135 0.155556
0 1165 0.044135 0.750926 0.047158 0.151852
0 1166 0.302902 0.643056 0.037485 0.145370
0 1167 0.159915 0.368981 0.045345 0.145370
0 1173 0.176542 0.207407 0.044740 0.135185
0 1174 0.072551 0.156944 0.041112 0.134259
0 1177 0.042019 0.150000 0.029625 0.129630
0 1178 0.083132 0.050000 0.039299 0.098148
0 1179 0.111850 0.049074 0.037485 0.096296
0 1180 0.072249 0.037037 0.032044 0.072222
0 1181 0.197703 0.033333 0.035067 0.064815
0 1182 0.194377 0.049074 0.034462 0.096296
0 1183 0.243652 0.054167 0.036276 0.106481
0 1184 0.201632 0.111111 0.039299 0.135185
0 1185 0.246675 0.100000 0.035067 0.151852
0 1186 0.296856 0.271296 0.039903 0.140741
0 1187 0.269347 0.264352 0.041717 0.128704
0 1188 0.359734 0.049074 0.030230 0.096296
0 1189 0.422007 0.104167 0.042322 0.126852
0 1190 0.455865 0.145370 0.037485 0.135185
0 1191 0.495163 0.095833 0.035067 0.132407
0 1192 0.467654 0.081944 0.034462 0.112037
0 1193 0.432285 0.048611 0.039903 0.095370
0 1194 0.438634 0.043981 0.028416 0.086111
0 1195 0.549879 0.212500 0.041717 0.137963
0 1196 0.587364 0.207870 0.044135 0.126852
0 1197 0.540206 0.108333 0.032044 0.127778
0 1198 0.581016 0.141667 0.032648 0.125926
0 1199 0.570738 0.108333 0.030230 0.124074
0 1200 0.568017 0.065741 0.032044 0.125926
0 1201 0.633011 0.031944 0.031439 0.062037
0 1202 0.658404 0.030093 0.029021 0.058333
0 1203 0.679565 0.026852 0.025393 0.051852
0 1204 0.709492 0.025926 0.028416 0.050000
0 1205 0.732164 0.028241 0.026602 0.054630
0 1206 0.629988 0.130556 0.038694 0.129630
0 1207 0.756348 0.492130 0.045949 0.156481
0 1208 0.652963 0.343981 0.036276 0.149074
0 1209 0.694982 0.331481 0.036880 0.135185
0 1210 0.672007 0.292593 0.036880 0.129630
0 1211 0.740931 0.251852 0.032044 0.125926
0 1212 0.717956 0.246296 0.036880 0.131481
0 1213 0.690447 0.229167 0.037485 0.137963
0 1214 0.798670 0.203704 0.043531 0.129630
0 1215 0.768742 0.184259 0.041717 0.118519
0 1216 0.798065 0.160185 0.039903 0.124074
0 1217 0.804111 0.138889 0.037485 0.129630
0 1218 0.773277 0.139352 0.035067 0.134259
0 1219 0.769952 0.093519 0.034462 0.125926
0 1220 0.843712 0.125926 0.039299 0.118519
0 1221 0.873942 0.118519 0.036880 0.133333
0 1222 0.956167 0.066667 0.034462 0.112963
0 1223 0.984885 0.068519 0.029021 0.127778
0 1224 0.944075 0.037037 0.027207 0.070370
0 1225 0.970979 0.042130 0.029021 0.080556
0 1226 0.918682 0.189352 0.039299 0.128704
0 1227 0.957074 0.243519 0.039903 0.142593
0 1228 0.973096 0.179630 0.039299 0.135185
0 1229 0.992443 0.213889 0.013906 0.133333
0 1230 0.934704 0.400926 0.051995 0.140741
0 1231 0.944982 0.383796 0.030230 0.128704
0 1285 0.607316 0.015741 0.024788 0.029630
0 1318 0.233071 0.055093 0.029625 0.086111
0 1319 0.223096 0.046296 0.024184 0.081481
0 1325 0.119710 0.623148 0.033857 0.153704
0 1326 0.188331 0.615278 0.032044 0.149074
0 1327 0.167473 0.580093 0.042322 0.137963
0 1328 0.204958 0.579167 0.039903 0.154630
0 1329 0.192866 0.525463 0.039903 0.150926
0 1330 0.159311 0.512037 0.036880 0.129630
0 1341 0.687424 0.841667 0.048368 0.196296
0 1342 0.486699 0.275463 0.029021 0.139815
0 1343 0.405985 0.217593 0.032044 0.129630
0 1344 0.429262 0.220833 0.027811 0.126852
0 1345 0.452842 0.267593 0.027811 0.125926
0 1350 0.127872 0.445833 0.044135 0.137963
0 1351 0.296856 0.676852 0.039903 0.124074
0 1352 0.310459 0.549074 0.046554 0.151852
0 1353 0.325272 0.666667 0.042322 0.157407
0 1354 0.301088 0.681944 0.042322 0.178704
0 1355 0.161427 0.439815 0.035067 0.140741
0 1356 0.287183 0.507407 0.041112 0.162963
0 1357 0.082527 0.367593 0.035671 0.131481
0 1358 0.103688 0.377778 0.040508 0.137037
0 1359 0.633011 0.900926 0.065296 0.168519
0 1360 0.593410 0.846296 0.070738 0.192593
0 1361 0.826784 0.790741 0.046554 0.181481
0 1362 0.905079 0.817593 0.048368 0.185185
0 1363 0.860641 0.823611 0.056227 0.178704
0 1364 0.188029 0.380556 0.036276 0.137037
0 1365 0.716143 0.376389 0.035671 0.123148
0 1366 0.738513 0.638889 0.038089 0.153704
0 1373 0.902056 0.667593 0.059250 0.146296
0 1374 0.974607 0.643056 0.049577 0.154630
0 1375 0.868501 0.648148 0.057437 0.162963
0 1377 0.900846 0.483333 0.032648 0.096296
0 1378 0.879081 0.443981 0.047158 0.137963
0 1382 0.932285 0.656944 0.043531 0.152778
0 1387 0.207678 0.168519 0.034462 0.140741
0 1388 0.073458 0.614352 0.058646 0.163889
0 1389 0.774486 0.226852 0.038694 0.124074
0 1391 0.977630 0.557407 0.042322 0.148148
0 1393 0.966143 0.383796 0.027811 0.117593
0 1394 0.670496 0.352778 0.033857 0.120370
0 1395 0.941657 0.580093 0.046554 0.154630
0 1396 0.944982 0.577315 0.031439 0.110185
0 1397 0.982467 0.482407 0.033857 0.153704
0 1398 0.724909 0.866667 0.045949 0.157407
0 1399 0.758767 0.846296 0.041112 0.135185
0 1400 0.981258 0.914815 0.036276 0.157407
0 1408 0.847642 0.729630 0.051995 0.164815
0 1412 0.743047 0.356019 0.042322 0.117593
0 1413 0.781137 0.358796 0.039903 0.137963
0 1416 0.951330 0.818519 0.056227 0.179630
0 1443 0.487304 0.693981 0.037485 0.145370
0 1444 0.298368 0.353241 0.044135 0.137963
0 1445 0.284764 0.365741 0.035067 0.140741
0 1490 0.564087 0.480556 0.032648 0.124074
0 1494 0.815599 0.708333 0.043531 0.146296
0 1496 0.977025 0.840278 0.041112 0.136111
0 1501 0.269045 0.962037 0.048368 0.077778
0 1502 0.438331 0.946296 0.056832 0.109259
0 1510 0.513301 0.795833 0.048368 0.182407
0 1522 0.456771 0.847222 0.046554 0.162963
0 1531 0.575272 0.598148 0.041717 0.153704
0 1532 0.606711 0.609259 0.046554 0.151852
0 1549 0.353083 0.771759 0.054414 0.162037
0 1555 0.574667 0.510185 0.030834 0.137037
0 1556 0.542019 0.520833 0.033253 0.106481
0 1557 0.600665 0.575000 0.041717 0.146296
0 1565 0.516324 0.846296 0.042322 0.179630
0 1567 0.363966 0.445370 0.042322 0.129630
0 1570 0.368803 0.609259 0.038694 0.162963
0 1572 0.388755 0.360185 0.044740 0.151852
0 1573 0.504837 0.414352 0.031439 0.143519
0 1592 0.398428 0.694444 0.031439 0.146296
0 1593 0.409008 0.748611 0.047763 0.160185
0 1594 0.438331 0.716204 0.038694 0.163889
0 1595 0.380895 0.717593 0.042322 0.170370
0 1624 0.342805 0.114352 0.035067 0.137963
0 1632 0.323458 0.043981 0.025393 0.086111
0 1633 0.304716 0.037500 0.025393 0.073148
0 1634 0.011487 0.884722 0.021765 0.184259
0 1642 0.293229 0.118981 0.029021 0.128704
0 1647 0.986094 0.740278 0.026602 0.121296
0 1650 0.570435 0.664815 0.044135 0.146296
0 1651 0.498489 0.609722 0.042926 0.158333
0 1652 0.568924 0.648148 0.047158 0.148148
0 1653 0.686215 0.677778 0.044740 0.151852
0 1654 0.261790 0.437963 0.042322 0.140741
0 1655 0.506348 0.520833 0.034462 0.137963
0 1656 0.097944 0.971759 0.038694 0.058333
0 1657 0.477025 0.491667 0.047158 0.135185
0 1658 0.407195 0.342130 0.039299 0.132407
0 1659 0.327993 0.457870 0.038089 0.149074
0 1660 0.482164 0.383796 0.029625 0.139815
0 1661 0.513603 0.385185 0.034462 0.135185
0 1662 0.450726 0.532407 0.039299 0.146296
0 1664 0.316505 0.130556 0.027207 0.118519
0 1666 0.448005 0.672222 0.042322 0.155556
0 1667 0.459190 0.418519 0.030834 0.098148
0 1668 0.482164 0.423148 0.029625 0.118519
0 1670 0.709492 0.112037 0.039299 0.140741
0 1942 0.003023 0.170833 0.004837 0.121296
