0 1161 0.100363 0.771296 0.042322 0.153704
0 1162 0.127872 0.732407 0.048972 0.168519
0 1163 0.048670 0.729630 0.053809 0.179630
0 1164 0.067110 0.708796 0.056832 0.167593
0 1165 0.014208 0.709722 0.027207 0.158333
0 1166 0.216143 0.643981 0.036880 0.143519
0 1167 0.221886 0.304630 0.042322 0.146296
0 1172 0.002116 0.225000 0.003023 0.137037
0 1173 0.130593 0.168519 0.043531 0.138889
0 1174 0.094015 0.120370 0.041717 0.135185
0 1177 0.049577 0.109259 0.029021 0.125926
0 1178 0.107316 0.031481 0.032044 0.061111
0 1179 0.134522 0.030556 0.036880 0.059259
0 1180 0.093410 0.018519 0.032044 0.035185
0 1182 0.223700 0.024074 0.037485 0.046296
0 1183 0.267231 0.035648 0.035067 0.069444
0 1184 0.209190 0.067593 0.039903 0.118519
0 1185 0.246372 0.071759 0.039299 0.141667
0 1186 0.353688 0.217593 0.037485 0.135185
0 1187 0.318924 0.207407 0.036880 0.124074
0 1188 0.356106 0.035185 0.037485 0.068519
0 1189 0.467956 0.056019 0.037485 0.110185
0 1190 0.506046 0.086111 0.038694 0.129630
0 1191 0.531741 0.053704 0.036880 0.105556
0 1192 0.509069 0.054167 0.035067 0.106481
0 1193 0.409008 0.037500 0.036880 0.073148
0 1194 0.426239 0.030093 0.032648 0.058333
0 1195 0.537787 0.171296 0.044135 0.129630
0 1196 0.569528 0.166204 0.042322 0.126852
0 1197 0.558646 0.074537 0.032648 0.126852
0 1198 0.615478 0.100000 0.041112 0.124074
0 1199 0.582225 0.072685 0.035067 0.121296
0 1200 0.586457 0.043056 0.035067 0.084259
0 1206 0.652963 0.096296 0.039903 0.124074
0 1207 0.720375 0.401389 0.046554 0.150926
0 1208 0.630895 0.287963 0.048972 0.153704
0 1209 0.678960 0.278704 0.036276 0.135185
0 1210 0.660822 0.238889 0.037485 0.120370
0 1211 0.717352 0.206481 0.032044 0.125926
0 1212 0.678960 0.203241 0.041112 0.139815
0 1213 0.691052 0.169444 0.033857 0.140741
0 1214 0.795647 0.168056 0.037485 0.134259
0 1215 0.761487 0.151852 0.039299 0.118519
0 1216 0.775393 0.120370 0.036880 0.124074
0 1217 0.869710 0.111111 0.041717 0.124074
0 1218 0.836155 0.104630 0.037485 0.124074
0 1219 0.730653 0.055556 0.032044 0.109259
0 1220 0.902660 0.083333 0.037485 0.129630
0 1221 0.925333 0.081944 0.036880 0.134259
0 1222 0.964933 0.043519 0.032648 0.085185
0 1223 0.990326 0.052315 0.018138 0.102778
0 1226 0.926844 0.143981 0.038694 0.134259
0 1227 0.967352 0.177778 0.038694 0.148148
0 1228 0.979141 0.139352 0.036880 0.126852
0 1230 0.924728 0.352315 0.044135 0.137963
0 1231 0.948307 0.326852 0.035671 0.133333
0 1232 0.979444 0.768519 0.039903 0.162963
0 1233 0.740024 0.974074 0.036276 0.051852
0 1324 0.781741 0.964815 0.042322 0.066667
0 1325 0.090085 0.606944 0.047158 0.154630
0 1326 0.188029 0.608796 0.039903 0.145370
0 1327 0.168682 0.577315 0.042322 0.137963
0 1328 0.204655 0.577315 0.039299 0.149074
0 1329 0.193470 0.517130 0.036276 0.139815
0 1330 0.164450 0.508796 0.039903 0.134259
0 1341 0.711004 0.765741 0.049577 0.192593
0 1342 0.448005 0.233796 0.033857 0.132407
0 1343 0.409311 0.212500 0.037485 0.132407
0 1344 0.430169 0.216667 0.034462 0.131481
0 1345 0.413845 0.232870 0.048972 0.139815
0 1350 0.181681 0.376852 0.044135 0.137037
0 1351 0.285369 0.632870 0.037485 0.137963
0 1352 0.323156 0.471759 0.042926 0.156481
0 1353 0.325272 0.605556 0.044740 0.159259
0 1354 0.307437 0.638889 0.044135 0.190741
0 1355 0.208283 0.375463 0.036880 0.139815
0 1356 0.298065 0.440278 0.043531 0.156481
0 1357 0.146917 0.321296 0.037485 0.135185
0 1358 0.168077 0.331481 0.037485 0.140741
0 1359 0.639057 0.798148 0.058041 0.168519
0 1360 0.604595 0.744907 0.059250 0.169444
0 1361 0.819226 0.717593 0.044740 0.179630
0 1362 0.879383 0.727778 0.053809 0.190741
0 1363 0.847642 0.756019 0.059250 0.178704
0 1364 0.253325 0.314352 0.039903 0.139815
0 1365 0.697098 0.320370 0.035067 0.124074
0 1366 0.721584 0.529630 0.036880 0.144444
0 1368 0.984885 0.523611 0.026602 0.128704
0 1373 0.891173 0.606481 0.055623 0.157407
0 1374 0.982769 0.610648 0.033253 0.176852
0 1375 0.861850 0.575000 0.056227 0.146296
0 1377 0.912636 0.408333 0.032044 0.096296
0 1378 0.892382 0.377778 0.043531 0.135185
0 1382 0.929867 0.596759 0.039903 0.149074
0 1387 0.215840 0.156019 0.037485 0.137963
0 1388 0.083132 0.546759 0.058646 0.165741
0 1389 0.779927 0.188426 0.037485 0.121296
0 1391 0.946796 0.500000 0.044740 0.157407
0 1393 0.964933 0.342130 0.033857 0.123148
0 1394 0.651753 0.305556 0.032648 0.107407
0 1395 0.920798 0.535185 0.048368 0.159259
0 1396 0.922007 0.518519 0.035067 0.112963
0 1397 0.978537 0.457870 0.041717 0.156481
0 1398 0.740931 0.796296 0.048972 0.162963
0 1399 0.773881 0.785648 0.038694 0.149074
0 1400 0.938029 0.828241 0.056227 0.165741
0 1401 0.934704 0.616667 0.049577 0.200000
0 1405 0.945889 0.910185 0.057437 0.146296
0 1408 0.882406 0.672685 0.046554 0.150926
0 1412 0.742443 0.355093 0.037485 0.121296
0 1413 0.784160 0.355093 0.042322 0.143519
0 1416 0.937727 0.750463 0.050786 0.187963
0 1443 0.451632 0.665741 0.042322 0.148148
0 1444 0.293229 0.346296 0.043531 0.137037
0 1445 0.286276 0.362963 0.034462 0.142593
0 1490 0.567110 0.478704 0.039903 0.135185
0 1494 0.861245 0.661111 0.044135 0.151852
0 1496 0.977932 0.771296 0.042926 0.159259
0 1501 0.271463 0.961574 0.048368 0.078704
0 1502 0.440750 0.944907 0.053204 0.110185
0 1510 0.514510 0.794444 0.048368 0.179630
0 1522 0.460399 0.843981 0.046554 0.162037
0 1531 0.574063 0.596296 0.039299 0.157407
0 1532 0.607618 0.608333 0.051995 0.151852
0 1549 0.353688 0.768519 0.049577 0.170370
0 1550 0.134825 0.950926 0.042322 0.096296
0 1551 0.212213 0.928241 0.049577 0.145370
0 1555 0.577086 0.507870 0.035671 0.137963
0 1556 0.552297 0.512037 0.029625 0.109259
0 1557 0.602781 0.573148 0.042322 0.151852
0 1565 0.520859 0.837500 0.047763 0.191667
0 1567 0.365478 0.447685 0.041717 0.137963
0 1570 0.411729 0.603241 0.042322 0.162037
0 1572 0.394196 0.353704 0.042322 0.151852
0 1573 0.496372 0.400926 0.032648 0.131481
0 1592 0.404776 0.710185 0.036880 0.164815
0 1593 0.410822 0.748611 0.056227 0.162037
0 1594 0.443773 0.714352 0.042322 0.167593
0 1595 0.383011 0.717593 0.046554 0.164815
0 1621 0.977630 0.676389 0.035067 0.136111
0 1624 0.344015 0.107407 0.037485 0.140741
0 1632 0.327993 0.051852 0.029625 0.101852
0 1633 0.304111 0.046759 0.031439 0.091667
0 1634 0.011790 0.874537 0.022370 0.199074
0 1642 0.295647 0.115741 0.032648 0.131481
0 1647 0.959492 0.702315 0.049577 0.165741
0 1650 0.569226 0.661111 0.047763 0.146296
0 1651 0.526602 0.611111 0.038694 0.168519
0 1652 0.564087 0.651389 0.047158 0.136111
0 1653 0.688331 0.671296 0.044135 0.146296
0 1654 0.262999 0.432407 0.037485 0.140741
0 1655 0.512092 0.512963 0.035067 0.140741
0 1656 0.181076 0.921759 0.041717 0.154630
0 1657 0.480048 0.491204 0.043531 0.137963
0 1658 0.411125 0.341204 0.036276 0.137963
0 1659 0.342503 0.425926 0.040508 0.142593
0 1660 0.479444 0.382407 0.035067 0.142593
0 1661 0.509371 0.388889 0.032044 0.140741
0 1662 0.451632 0.531481 0.043531 0.144444
0 1664 0.319226 0.117130 0.036276 0.117593
0 1666 0.407195 0.650000 0.046554 0.162963
0 1667 0.460097 0.424074 0.037485 0.120370
0 1668 0.486094 0.423148 0.030230 0.124074
0 1670 0.751511 0.076389 0.036276 0.126852
0 1942 0.004232 0.167593 0.007255 0.124074
