0 1161 0.034462 0.689352 0.042322 0.143519
0 1162 0.059250 0.656019 0.053204 0.163889
0 1163 0.007860 0.652315 0.014510 0.169444
0 1164 0.020254 0.622685 0.039299 0.154630
0 1166 0.103688 0.643519 0.044135 0.142593
0 1167 0.328900 0.219444 0.042322 0.140741
0 1170 0.044740 0.191667 0.037485 0.129630
0 1171 0.020556 0.181944 0.039903 0.137963
0 1172 0.075574 0.159722 0.042322 0.132407
0 1173 0.091898 0.121296 0.043531 0.131481
0 1174 0.121524 0.063426 0.039903 0.125000
0 1177 0.074365 0.058796 0.030230 0.115741
0 1184 0.228537 0.041204 0.039903 0.080556
0 1185 0.262092 0.043981 0.034462 0.086111
0 1186 0.430774 0.143056 0.036880 0.132407
0 1187 0.400846 0.140741 0.037485 0.124074
0 1188 0.354897 0.024537 0.037485 0.047222
0 1190 0.567110 0.036111 0.039903 0.070370
0 1193 0.383918 0.027778 0.037485 0.053704
0 1194 0.399637 0.018981 0.032648 0.036111
0 1195 0.526602 0.113889 0.039903 0.127778
0 1196 0.549274 0.106481 0.039299 0.125926
0 1197 0.593108 0.047685 0.032648 0.093519
0 1198 0.653265 0.061574 0.041717 0.119444
0 1199 0.620314 0.050000 0.035067 0.098148
0 1206 0.686215 0.059259 0.036276 0.114815
0 1207 0.726119 0.288426 0.039903 0.145370
0 1208 0.613362 0.210185 0.039299 0.140741
0 1209 0.674123 0.208333 0.037485 0.135185
0 1210 0.634220 0.181481 0.037485 0.120370
0 1211 0.662031 0.120833 0.032648 0.123148
0 1212 0.620919 0.127315 0.039903 0.126852
0 1213 0.702237 0.081944 0.034462 0.130556
0 1214 0.771765 0.115741 0.036880 0.129630
0 1215 0.739117 0.100000 0.039299 0.118519
0 1216 0.745768 0.086111 0.036880 0.124074
0 1217 0.954051 0.057407 0.042322 0.112963
0 1218 0.931076 0.063889 0.035067 0.125926
0 1219 0.679565 0.037037 0.032648 0.072222
0 1220 0.954051 0.050926 0.037485 0.100000
0 1221 0.954655 0.033796 0.037485 0.065741
0 1222 0.951632 0.011574 0.032648 0.021296
0 1226 0.957074 0.086111 0.039903 0.129630
0 1228 0.980653 0.080556 0.031439 0.120370
0 1230 0.937727 0.257870 0.039903 0.137963
0 1231 0.969166 0.264352 0.037485 0.132407
0 1232 0.979444 0.669444 0.039903 0.162963
0 1233 0.556227 0.956481 0.038694 0.085185
0 1324 0.610339 0.925463 0.051391 0.149074
0 1325 0.119407 0.611111 0.044135 0.153704
0 1326 0.190447 0.610648 0.045949 0.145370
0 1327 0.169287 0.575463 0.041112 0.137963
0 1328 0.211306 0.575463 0.039299 0.149074
0 1329 0.195889 0.515741 0.035067 0.135185
0 1330 0.170496 0.520833 0.039903 0.134259
0 1337 0.019045 0.238889 0.036880 0.146296
0 1338 0.051391 0.243519 0.043531 0.146296
0 1341 0.728537 0.668519 0.048368 0.192593
0 1342 0.443773 0.228241 0.033857 0.132407
0 1343 0.412334 0.218519 0.035067 0.131481
0 1344 0.432285 0.224537 0.035067 0.132407
0 1345 0.419287 0.243519 0.040508 0.140741
0 1346 0.008464 0.518056 0.015719 0.160185
0 1348 0.043229 0.458333 0.036880 0.146296
0 1349 0.070738 0.460185 0.045949 0.161111
0 1350 0.278114 0.302315 0.039903 0.134259
0 1351 0.297461 0.517130 0.037485 0.132407
0 1352 0.330713 0.384722 0.045949 0.149074
0 1353 0.314389 0.471759 0.044740 0.160185
0 1354 0.328295 0.501852 0.044740 0.168519
0 1355 0.316808 0.281019 0.042322 0.137963
0 1356 0.341898 0.357870 0.035671 0.149074
0 1357 0.249093 0.258333 0.037485 0.135185
0 1358 0.270556 0.262500 0.036880 0.132407
0 1359 0.657799 0.668981 0.049577 0.163889
0 1360 0.651451 0.619444 0.058646 0.177778
0 1361 0.792926 0.615741 0.041717 0.179630
0 1362 0.819831 0.571759 0.047158 0.182407
0 1363 0.829807 0.626389 0.048972 0.180556
0 1364 0.359734 0.230093 0.039903 0.132407
0 1365 0.697400 0.242593 0.034462 0.112963
0 1366 0.699516 0.377778 0.033857 0.138889
0 1368 0.946493 0.449074 0.035671 0.124074
0 1373 0.889964 0.539815 0.056832 0.157407
0 1374 0.981560 0.543519 0.035671 0.175926
0 1375 0.858222 0.494907 0.050181 0.145370
0 1377 0.946191 0.325926 0.032648 0.096296
0 1378 0.928053 0.303241 0.043531 0.126852
0 1382 0.940145 0.518981 0.039903 0.149074
0 1387 0.215840 0.157870 0.037485 0.137963
0 1388 0.142987 0.451389 0.051391 0.154630
0 1389 0.765417 0.139352 0.037485 0.121296
0 1390 0.983071 0.362037 0.032648 0.125926
0 1391 0.899940 0.422685 0.041717 0.156481
0 1392 0.970073 0.371296 0.022370 0.081481
0 1393 0.955865 0.350926 0.033857 0.124074
0 1394 0.634522 0.226389 0.032044 0.112037
0 1395 0.892987 0.461574 0.043531 0.150926
0 1396 0.872128 0.439815 0.034462 0.112963
0 1397 0.952842 0.397685 0.039903 0.156481
0 1398 0.755441 0.697222 0.042926 0.164815
0 1399 0.782950 0.685648 0.039903 0.149074
0 1400 0.899033 0.717593 0.054414 0.170370
0 1401 0.887243 0.544907 0.048972 0.193519
0 1402 0.977025 0.912037 0.043531 0.174074
0 1404 0.951632 0.754167 0.045949 0.158333
0 1405 0.882104 0.781019 0.055623 0.156481
0 1406 0.925635 0.773611 0.053204 0.193519
0 1408 0.897823 0.627315 0.047158 0.150926
0 1409 0.975514 0.604167 0.036880 0.150926
0 1411 0.905683 0.877778 0.049577 0.174074
0 1412 0.744256 0.358796 0.039903 0.121296
0 1413 0.784160 0.358796 0.042322 0.143519
0 1415 0.940145 0.923611 0.050786 0.152778
0 1416 0.927449 0.675463 0.044740 0.173148
0 1424 0.866989 0.965741 0.048368 0.066667
0 1434 0.079807 0.925000 0.047158 0.151852
0 1443 0.396010 0.626852 0.042322 0.148148
0 1444 0.294740 0.349537 0.044135 0.137963
0 1445 0.284462 0.368981 0.034462 0.143519
0 1456 0.827388 0.964815 0.045345 0.070370
0 1489 0.883313 0.915278 0.065296 0.167593
0 1490 0.553204 0.495833 0.030230 0.126852
0 1494 0.881499 0.604630 0.044740 0.151852
0 1496 0.980048 0.669444 0.038694 0.159259
0 1501 0.274486 0.960648 0.049577 0.080556
0 1502 0.443470 0.944444 0.053809 0.112963
0 1510 0.515115 0.795833 0.049577 0.176852
0 1522 0.463120 0.850926 0.045949 0.162963
0 1531 0.571644 0.595370 0.039299 0.157407
0 1532 0.612152 0.607870 0.046554 0.150926
0 1549 0.354897 0.771296 0.047158 0.164815
0 1550 0.228537 0.812037 0.039903 0.157407
0 1551 0.289299 0.800926 0.051391 0.157407
0 1555 0.587364 0.508333 0.041717 0.137037
0 1556 0.558646 0.517130 0.030230 0.110185
0 1557 0.606106 0.577778 0.041717 0.151852
0 1565 0.524184 0.846759 0.041112 0.184259
0 1567 0.362757 0.445833 0.042322 0.137963
0 1570 0.464631 0.586111 0.044135 0.166667
0 1572 0.396917 0.353704 0.041717 0.151852
0 1573 0.499698 0.407870 0.032044 0.132407
0 1587 0.735792 0.927315 0.059250 0.145370
0 1588 0.703144 0.952778 0.038694 0.094444
0 1592 0.405985 0.708796 0.036880 0.165741
0 1593 0.411125 0.748611 0.070133 0.162037
0 1594 0.450726 0.720370 0.041717 0.162963
0 1595 0.389057 0.717130 0.039299 0.167593
0 1610 0.925333 0.975463 0.040508 0.049074
0 1621 0.941959 0.610185 0.036276 0.140741
0 1624 0.345828 0.114815 0.037485 0.140741
0 1632 0.339178 0.083333 0.031439 0.116667
0 1633 0.309553 0.073148 0.032648 0.116667
0 1634 0.012394 0.887037 0.023579 0.185185
0 1642 0.298670 0.112037 0.032648 0.131481
0 1647 0.935308 0.639352 0.049577 0.165741
0 1650 0.577086 0.654630 0.065901 0.175926
0 1651 0.541112 0.620370 0.039903 0.164815
0 1652 0.574365 0.640741 0.042322 0.164815
0 1653 0.692563 0.674074 0.044135 0.148148
0 1654 0.278718 0.441667 0.037485 0.137037
0 1655 0.512092 0.516667 0.035067 0.135185
0 1656 0.255744 0.799074 0.050786 0.153704
0 1657 0.496372 0.496759 0.037485 0.143519
0 1658 0.415961 0.343981 0.036276 0.137963
0 1659 0.360641 0.406944 0.039299 0.143519
0 1660 0.481862 0.379167 0.032648 0.143519
0 1661 0.521765 0.389815 0.030230 0.148148
0 1662 0.452842 0.528704 0.047158 0.148148
0 1664 0.321644 0.121296 0.035067 0.118519
0 1666 0.347340 0.604630 0.050181 0.151852
0 1667 0.465538 0.427315 0.037485 0.121296
0 1668 0.491536 0.429630 0.029021 0.120370
0 1670 0.778416 0.050926 0.036880 0.100000
0 1942 0.006953 0.168519 0.012696 0.124074
