0 1161 0.113059 0.788889 0.044740 0.150000
0 1162 0.141778 0.748148 0.051391 0.166667
0 1163 0.055320 0.745370 0.053809 0.179630
0 1164 0.078597 0.723611 0.056832 0.167593
0 1165 0.021161 0.718981 0.041112 0.154630
0 1166 0.239117 0.636574 0.036880 0.143519
0 1167 0.204353 0.319444 0.041112 0.146296
0 1173 0.142080 0.177315 0.043531 0.137963
0 1174 0.089178 0.130556 0.041717 0.135185
0 1177 0.048972 0.118519 0.027811 0.125926
0 1178 0.105804 0.036574 0.032648 0.071296
0 1179 0.129081 0.035648 0.036880 0.069444
0 1180 0.086759 0.024074 0.032044 0.046296
0 1182 0.214631 0.034722 0.037485 0.067593
0 1183 0.260580 0.041204 0.035067 0.080556
0 1184 0.205562 0.077778 0.039903 0.118519
0 1185 0.246372 0.080093 0.039299 0.143519
0 1186 0.340387 0.229630 0.037485 0.133333
0 1187 0.306530 0.225000 0.036276 0.124074
0 1188 0.356106 0.038889 0.037485 0.075926
0 1189 0.456469 0.066667 0.037485 0.125926
0 1190 0.496977 0.100000 0.038694 0.129630
0 1191 0.519045 0.061111 0.036880 0.120370
0 1192 0.496372 0.060648 0.035067 0.119444
0 1193 0.416868 0.040278 0.036880 0.078704
0 1194 0.431378 0.033333 0.032044 0.064815
0 1195 0.538996 0.181944 0.044135 0.128704
0 1196 0.573156 0.176389 0.042322 0.126852
0 1197 0.553507 0.081944 0.032044 0.126852
0 1198 0.606409 0.109259 0.041112 0.124074
0 1199 0.577993 0.081481 0.035067 0.118519
0 1200 0.580411 0.046296 0.035067 0.090741
0 1206 0.647521 0.104630 0.039903 0.125926
0 1207 0.729444 0.425000 0.046554 0.151852
0 1208 0.633313 0.307870 0.046554 0.154630
0 1209 0.680774 0.287963 0.036276 0.135185
0 1210 0.666264 0.251852 0.037485 0.120370
0 1211 0.724607 0.220370 0.032044 0.125926
0 1212 0.692563 0.215278 0.036880 0.139815
0 1213 0.689238 0.183333 0.033857 0.140741
0 1214 0.800484 0.178241 0.037485 0.134259
0 1215 0.763603 0.161111 0.038694 0.118519
0 1216 0.780834 0.133333 0.036880 0.124074
0 1217 0.849758 0.115278 0.041717 0.123148
0 1218 0.818319 0.107407 0.036880 0.120370
0 1219 0.739722 0.062500 0.032044 0.113889
0 1220 0.889964 0.102778 0.037485 0.129630
0 1221 0.914450 0.093056 0.036880 0.134259
0 1222 0.967956 0.048148 0.032648 0.094444
0 1223 0.989420 0.058796 0.019952 0.115741
0 1224 0.944075 0.023148 0.029625 0.044444
0 1226 0.924426 0.156019 0.038694 0.134259
0 1227 0.963422 0.193056 0.039299 0.145370
0 1228 0.979444 0.151389 0.037485 0.126852
0 1230 0.926239 0.366204 0.044740 0.137963
0 1231 0.944982 0.343981 0.033857 0.136111
0 1232 0.980351 0.796296 0.038089 0.162963
0 1324 0.811971 0.971759 0.036276 0.054630
0 1325 0.096735 0.611574 0.045949 0.154630
0 1326 0.188029 0.609259 0.037485 0.146296
0 1327 0.168380 0.578241 0.041717 0.137963
0 1328 0.204051 0.576852 0.039299 0.150000
0 1329 0.193470 0.519444 0.037485 0.142593
0 1330 0.162334 0.509259 0.039299 0.133333
0 1341 0.703144 0.787037 0.048368 0.198148
0 1342 0.453748 0.239815 0.034462 0.131481
0 1343 0.409311 0.214352 0.037485 0.132407
0 1344 0.430169 0.219444 0.034462 0.131481
0 1345 0.416868 0.239352 0.048972 0.139815
0 1350 0.166566 0.394444 0.044135 0.137037
0 1351 0.285973 0.644444 0.037485 0.129630
0 1352 0.322551 0.487037 0.042926 0.157407
0 1353 0.324667 0.625000 0.044740 0.161111
0 1354 0.305623 0.654630 0.044135 0.183333
0 1355 0.193773 0.395370 0.036880 0.138889
0 1356 0.298972 0.457870 0.044135 0.156481
0 1357 0.129988 0.333333 0.037485 0.135185
0 1358 0.150544 0.340741 0.037485 0.140741
0 1359 0.634220 0.825463 0.058041 0.173148
0 1360 0.602781 0.772222 0.066505 0.177778
0 1361 0.820133 0.737037 0.044135 0.179630
0 1362 0.883918 0.755556 0.054414 0.190741
0 1363 0.851874 0.780093 0.059250 0.178704
0 1364 0.228839 0.331944 0.039299 0.139815
0 1365 0.701028 0.332870 0.034462 0.125000
0 1366 0.726723 0.555093 0.037485 0.143519
0 1368 0.987304 0.535648 0.024184 0.132407
0 1373 0.894498 0.623148 0.056227 0.157407
0 1374 0.980653 0.625463 0.037485 0.176852
0 1375 0.864873 0.593519 0.056227 0.146296
0 1377 0.908404 0.426852 0.032044 0.096296
0 1378 0.886941 0.392593 0.043531 0.135185
0 1382 0.928356 0.608796 0.039299 0.149074
0 1387 0.214631 0.156944 0.037485 0.137963
0 1388 0.078295 0.562500 0.059855 0.165741
0 1389 0.781741 0.193981 0.037485 0.121296
0 1391 0.952842 0.517593 0.044740 0.157407
0 1393 0.964631 0.351389 0.034462 0.123148
0 1394 0.653567 0.319444 0.032648 0.107407
0 1395 0.927146 0.547222 0.048972 0.159259
0 1396 0.926542 0.533333 0.034462 0.112963
0 1397 0.979444 0.461574 0.039903 0.156481
0 1398 0.737606 0.817130 0.049577 0.162037
0 1399 0.771463 0.803241 0.038694 0.149074
0 1400 0.961306 0.850463 0.056832 0.165741
0 1401 0.946191 0.629630 0.048368 0.201852
0 1405 0.959794 0.930093 0.053809 0.137963
0 1408 0.873337 0.683796 0.046554 0.150926
0 1412 0.742140 0.355093 0.036880 0.121296
0 1413 0.783253 0.355556 0.041717 0.142593
0 1416 0.941354 0.764815 0.058041 0.183333
0 1443 0.461911 0.672222 0.042322 0.148148
0 1444 0.294438 0.348148 0.043531 0.137037
0 1445 0.287183 0.362963 0.035067 0.142593
0 1490 0.566808 0.480556 0.039299 0.135185
0 1494 0.847037 0.671296 0.043531 0.151852
0 1496 0.977630 0.793981 0.041112 0.162037
0 1501 0.270556 0.961574 0.048972 0.078704
0 1502 0.439843 0.944907 0.053809 0.110185
0 1510 0.513906 0.794907 0.048368 0.180556
0 1522 0.457678 0.845833 0.045949 0.162037
0 1531 0.574063 0.599074 0.039299 0.157407
0 1532 0.609129 0.609259 0.051391 0.151852
0 1549 0.352479 0.769444 0.049577 0.170370
0 1550 0.113664 0.965278 0.041112 0.067593
0 1551 0.192866 0.944907 0.049577 0.112037
0 1555 0.575574 0.508796 0.035067 0.137963
0 1556 0.548368 0.514815 0.031439 0.109259
0 1557 0.602781 0.575000 0.042322 0.151852
0 1565 0.516022 0.841667 0.046554 0.190741
0 1567 0.364571 0.447685 0.041112 0.137963
0 1570 0.401451 0.608796 0.039903 0.162037
0 1572 0.392382 0.353704 0.042322 0.151852
0 1573 0.497582 0.403704 0.032648 0.131481
0 1592 0.402358 0.706481 0.036880 0.164815
0 1593 0.410218 0.749074 0.055018 0.161111
0 1594 0.440750 0.716204 0.042322 0.167593
0 1595 0.383918 0.714352 0.045949 0.167593
0 1624 0.342805 0.110185 0.036276 0.140741
0 1632 0.326481 0.050000 0.029021 0.098148
0 1633 0.304111 0.044444 0.031439 0.087037
0 1634 0.011487 0.881481 0.021765 0.188889
0 1642 0.296554 0.115741 0.032044 0.131481
0 1647 0.967956 0.714352 0.048368 0.165741
0 1650 0.570133 0.660185 0.048368 0.146296
0 1651 0.521765 0.603704 0.038694 0.168519
0 1652 0.565296 0.650000 0.047158 0.138889
0 1653 0.687727 0.672685 0.044135 0.147222
0 1654 0.262394 0.433333 0.037485 0.140741
0 1655 0.509976 0.515741 0.034462 0.140741
0 1656 0.159613 0.937037 0.043531 0.127778
0 1657 0.478839 0.491204 0.043531 0.137963
0 1658 0.409915 0.340741 0.037485 0.137037
0 1659 0.339178 0.432407 0.042322 0.142593
0 1660 0.480653 0.382407 0.032648 0.142593
0 1661 0.509069 0.387500 0.032648 0.141667
0 1662 0.451028 0.531481 0.042322 0.144444
0 1664 0.319831 0.117130 0.037485 0.117593
0 1666 0.416264 0.656481 0.046554 0.162963
0 1667 0.460097 0.425926 0.037485 0.120370
0 1668 0.486699 0.423148 0.030230 0.124074
0 1670 0.741838 0.084722 0.036276 0.126852
0 1942 0.003930 0.168056 0.006651 0.123148
