0 1161 0.169891 0.830093 0.047158 0.143519
0 1162 0.196191 0.795370 0.051391 0.168519
0 1163 0.072854 0.779630 0.050181 0.177778
0 1164 0.108525 0.745833 0.046554 0.154630
0 1165 0.041717 0.747685 0.048368 0.152778
0 1166 0.297763 0.641667 0.038089 0.146296
0 1167 0.163845 0.364815 0.044740 0.146296
0 1173 0.173519 0.204167 0.044740 0.134259
0 1174 0.073761 0.154167 0.041112 0.134259
0 1177 0.042019 0.148611 0.029625 0.128704
0 1178 0.084039 0.049074 0.038694 0.096296
0 1179 0.113059 0.048148 0.037485 0.094444
0 1180 0.074063 0.035648 0.032044 0.069444
0 1181 0.194982 0.032870 0.035671 0.063889
0 1182 0.195889 0.049537 0.035067 0.097222
0 1183 0.244861 0.054167 0.036276 0.106481
0 1184 0.202237 0.107870 0.039299 0.132407
0 1185 0.246372 0.098611 0.035671 0.150926
0 1186 0.300484 0.267130 0.039903 0.139815
0 1187 0.271463 0.261574 0.041112 0.128704
0 1188 0.359734 0.048148 0.031439 0.094444
0 1189 0.424123 0.100000 0.041717 0.127778
0 1190 0.458585 0.141204 0.038089 0.134259
0 1191 0.496675 0.092593 0.035671 0.133333
0 1192 0.469468 0.080093 0.034462 0.113889
0 1193 0.431076 0.047685 0.039903 0.093519
0 1194 0.437727 0.043056 0.029021 0.084259
0 1195 0.548670 0.210185 0.041717 0.137037
0 1196 0.586155 0.206019 0.044135 0.126852
0 1197 0.541415 0.106481 0.032044 0.127778
0 1198 0.581620 0.139352 0.033857 0.126852
0 1199 0.571040 0.106019 0.030834 0.123148
0 1200 0.568319 0.062963 0.032648 0.122222
0 1201 0.633011 0.030093 0.031439 0.058333
0 1202 0.657497 0.028704 0.028416 0.055556
0 1203 0.678658 0.026389 0.025998 0.050926
0 1204 0.708585 0.024537 0.029021 0.047222
0 1205 0.733071 0.026852 0.027207 0.051852
0 1206 0.630895 0.128241 0.039299 0.128704
0 1207 0.754837 0.485648 0.046554 0.154630
0 1208 0.650544 0.340741 0.037485 0.150000
0 1209 0.694377 0.328241 0.036880 0.134259
0 1210 0.671403 0.289352 0.036880 0.128704
0 1211 0.739117 0.249074 0.032044 0.125926
0 1212 0.716445 0.243981 0.036276 0.132407
0 1213 0.689541 0.225463 0.036880 0.137963
0 1214 0.798972 0.201389 0.042926 0.130556
0 1215 0.768138 0.182407 0.041717 0.118519
0 1216 0.796554 0.158333 0.039299 0.124074
0 1217 0.807437 0.135185 0.036880 0.127778
0 1218 0.775695 0.136111 0.035067 0.131481
0 1219 0.767231 0.091204 0.033857 0.125000
0 1220 0.846433 0.124074 0.038694 0.120370
0 1221 0.876965 0.116667 0.036880 0.133333
0 1222 0.957074 0.064815 0.033857 0.111111
0 1223 0.985187 0.067593 0.028416 0.127778
0 1224 0.943773 0.035648 0.027811 0.069444
0 1225 0.971282 0.039815 0.028416 0.077778
0 1226 0.918380 0.186111 0.038694 0.129630
0 1227 0.957074 0.238889 0.039903 0.142593
0 1228 0.973398 0.177315 0.038694 0.134259
0 1229 0.992745 0.210648 0.013301 0.132407
0 1230 0.933495 0.398148 0.050786 0.140741
0 1231 0.944377 0.380556 0.030230 0.129630
0 1285 0.607316 0.014815 0.024788 0.027778
0 1318 0.235490 0.050926 0.029625 0.085185
0 1319 0.226119 0.042593 0.024184 0.081481
0 1325 0.117896 0.622222 0.035067 0.153704
0 1326 0.188029 0.614352 0.032648 0.149074
0 1327 0.167473 0.579167 0.042322 0.137963
0 1328 0.204353 0.578704 0.039903 0.153704
0 1329 0.192563 0.524537 0.039299 0.150926
0 1330 0.159311 0.511111 0.036880 0.129630
0 1341 0.688029 0.837963 0.048368 0.196296
0 1342 0.484281 0.272222 0.030230 0.138889
0 1343 0.406288 0.217130 0.032648 0.130556
0 1344 0.428960 0.220370 0.028416 0.127778
0 1345 0.448609 0.266204 0.029021 0.128704
0 1350 0.130290 0.441204 0.044135 0.137963
0 1351 0.294740 0.675000 0.039299 0.124074
0 1352 0.311366 0.543519 0.047158 0.151852
0 1353 0.324667 0.663889 0.042322 0.157407
0 1354 0.301391 0.679630 0.042926 0.179630
0 1355 0.163543 0.436574 0.036880 0.139815
0 1356 0.287787 0.502315 0.042322 0.162037
0 1357 0.086457 0.365278 0.036276 0.132407
0 1358 0.107013 0.375000 0.039903 0.137037
0 1359 0.632104 0.893981 0.062273 0.165741
0 1360 0.593712 0.840278 0.070133 0.191667
0 1361 0.826481 0.787037 0.045949 0.181481
0 1362 0.902660 0.813426 0.049577 0.186111
0 1363 0.859432 0.818981 0.056227 0.178704
0 1364 0.190750 0.376852 0.036880 0.137037
0 1365 0.714933 0.373148 0.035671 0.124074
0 1366 0.737606 0.631481 0.037485 0.151852
0 1373 0.901753 0.664352 0.058646 0.147222
0 1374 0.975212 0.643981 0.048368 0.158333
0 1375 0.867896 0.643519 0.057437 0.161111
0 1377 0.901451 0.478704 0.032648 0.096296
0 1378 0.879383 0.439352 0.046554 0.137963
0 1382 0.931378 0.652315 0.042926 0.152778
0 1387 0.208283 0.166667 0.034462 0.140741
0 1388 0.072854 0.609722 0.058646 0.163889
0 1389 0.775091 0.223611 0.038694 0.123148
0 1391 0.976119 0.554167 0.042926 0.149074
0 1393 0.965538 0.380556 0.029021 0.118519
0 1394 0.668984 0.350926 0.033253 0.118519
0 1395 0.940750 0.577778 0.047158 0.155556
0 1396 0.944075 0.573148 0.032044 0.111111
0 1397 0.982164 0.480093 0.034462 0.154630
0 1398 0.725816 0.862037 0.046554 0.157407
0 1399 0.759674 0.843056 0.040508 0.136111
0 1400 0.979141 0.909722 0.040508 0.158333
0 1408 0.849456 0.725463 0.051995 0.163889
0 1412 0.742745 0.355556 0.041717 0.118519
0 1413 0.781137 0.357870 0.039903 0.137963
0 1416 0.950726 0.812963 0.056227 0.179630
0 1443 0.484583 0.692130 0.038089 0.145370
0 1444 0.297763 0.352315 0.044135 0.137963
0 1445 0.284764 0.364815 0.035067 0.140741
0 1490 0.563785 0.480093 0.033253 0.125000
0 1494 0.817110 0.705093 0.044135 0.147222
0 1496 0.977025 0.843981 0.042322 0.128704
0 1501 0.269045 0.961574 0.048368 0.078704
0 1502 0.438331 0.945370 0.056832 0.109259
0 1510 0.513301 0.795370 0.048368 0.181481
0 1522 0.456771 0.847222 0.046554 0.162963
0 1531 0.574970 0.598148 0.041112 0.153704
0 1532 0.606711 0.609259 0.046554 0.151852
0 1549 0.352781 0.771296 0.053809 0.162963
0 1555 0.574365 0.510185 0.031439 0.137037
0 1556 0.542019 0.519907 0.033253 0.106481
0 1557 0.600665 0.574537 0.041717 0.147222
0 1565 0.516022 0.845833 0.042926 0.180556
0 1567 0.363966 0.444907 0.042322 0.130556
0 1570 0.371826 0.608796 0.038694 0.162037
0 1572 0.388755 0.359259 0.044740 0.151852
0 1573 0.504232 0.413426 0.031439 0.141667
0 1592 0.398428 0.694907 0.031439 0.147222
0 1593 0.408706 0.748611 0.048368 0.160185
0 1594 0.438331 0.715741 0.038694 0.164815
0 1595 0.380895 0.716667 0.042322 0.170370
0 1624 0.342805 0.113889 0.035067 0.138889
0 1632 0.323156 0.044444 0.025998 0.087037
0 1633 0.304716 0.037963 0.026602 0.074074
0 1634 0.011487 0.884722 0.021765 0.184259
0 1642 0.293531 0.118519 0.029625 0.129630
0 1647 0.982164 0.743056 0.034462 0.150926
0 1650 0.570133 0.663889 0.044740 0.146296
0 1651 0.500000 0.608333 0.042322 0.159259
0 1652 0.568319 0.647685 0.047158 0.147222
0 1653 0.686215 0.676852 0.044740 0.151852
0 1654 0.262696 0.436574 0.041717 0.139815
0 1655 0.506348 0.520370 0.034462 0.138889
0 1656 0.102781 0.968981 0.038694 0.063889
0 1657 0.477025 0.491204 0.047158 0.136111
0 1658 0.407195 0.341667 0.039299 0.133333
0 1659 0.328597 0.455556 0.038089 0.148148
0 1660 0.481862 0.383333 0.030230 0.140741
0 1661 0.512999 0.384722 0.034462 0.136111
0 1662 0.450423 0.531944 0.039903 0.145370
0 1664 0.317110 0.128704 0.029625 0.118519
0 1666 0.445284 0.670833 0.042926 0.156481
0 1667 0.458888 0.418981 0.031439 0.100926
0 1668 0.482769 0.422685 0.029625 0.119444
0 1670 0.711608 0.109259 0.038694 0.138889
0 1942 0.003023 0.169907 0.004837 0.121296
