0 1161 0.091294 0.750926 0.042322 0.153704
0 1162 0.114571 0.707407 0.048972 0.162963
0 1163 0.038392 0.712963 0.053809 0.175926
0 1164 0.056227 0.696759 0.056832 0.167593
0 1165 0.007557 0.692130 0.013906 0.154630
0 1166 0.188029 0.642130 0.036276 0.143519
0 1167 0.250302 0.286111 0.042322 0.146296
0 1172 0.012092 0.210185 0.022975 0.137037
0 1173 0.119105 0.157407 0.043531 0.135185
0 1174 0.098851 0.105556 0.039299 0.135185
0 1177 0.052600 0.097685 0.030230 0.126852
0 1178 0.116989 0.025926 0.027207 0.050000
0 1179 0.139359 0.025926 0.036880 0.050000
0 1183 0.279323 0.030093 0.035067 0.058333
0 1184 0.214329 0.060185 0.039299 0.116667
0 1185 0.247582 0.068519 0.039299 0.135185
0 1186 0.369407 0.200926 0.037485 0.135185
0 1187 0.335852 0.193519 0.036880 0.124074
0 1188 0.356106 0.033333 0.037485 0.064815
0 1189 0.481862 0.050000 0.037485 0.098148
0 1190 0.519649 0.071296 0.039299 0.129630
0 1191 0.545042 0.043519 0.036880 0.085185
0 1192 0.521161 0.047222 0.035067 0.092593
0 1193 0.401149 0.035185 0.036880 0.068519
0 1194 0.418380 0.026389 0.032648 0.050926
0 1195 0.538089 0.160185 0.044740 0.129630
0 1196 0.565901 0.154167 0.042322 0.126852
0 1197 0.565901 0.068056 0.032648 0.126852
0 1198 0.625756 0.091667 0.041112 0.124074
0 1199 0.590387 0.066204 0.034462 0.121296
0 1200 0.594921 0.038426 0.033857 0.075000
0 1206 0.659915 0.086574 0.039299 0.121296
0 1207 0.711608 0.377315 0.047158 0.150926
0 1208 0.624244 0.268519 0.046554 0.150000
0 1209 0.676542 0.267593 0.036276 0.135185
0 1210 0.655381 0.227778 0.037485 0.120370
0 1211 0.707981 0.189352 0.031439 0.126852
0 1212 0.663241 0.186574 0.043531 0.137963
0 1213 0.692866 0.152778 0.035067 0.140741
0 1214 0.790206 0.155556 0.037485 0.133333
0 1215 0.758767 0.141667 0.039903 0.118519
0 1216 0.769952 0.108333 0.036880 0.124074
0 1217 0.895405 0.097222 0.041112 0.124074
0 1218 0.856409 0.101852 0.041717 0.125926
0 1219 0.720375 0.053704 0.033253 0.105556
0 1220 0.914450 0.072222 0.036880 0.129630
0 1221 0.934401 0.069907 0.036880 0.134259
0 1222 0.960701 0.037500 0.032648 0.073148
0 1223 0.990931 0.043981 0.016929 0.086111
0 1226 0.932588 0.130093 0.039299 0.134259
0 1227 0.976421 0.159259 0.033857 0.148148
0 1228 0.977328 0.126389 0.036880 0.126852
0 1230 0.928356 0.331944 0.044135 0.137963
0 1231 0.954353 0.314352 0.036880 0.132407
0 1232 0.975816 0.738889 0.044740 0.162963
0 1233 0.704051 0.967593 0.042926 0.064815
0 1324 0.746675 0.956019 0.045949 0.084259
0 1325 0.091596 0.607870 0.046554 0.154630
0 1326 0.188634 0.608796 0.041112 0.145370
0 1327 0.168984 0.577315 0.041717 0.137963
0 1328 0.206469 0.577315 0.039299 0.149074
0 1329 0.194075 0.514815 0.035067 0.137037
0 1330 0.168077 0.510648 0.039903 0.134259
0 1338 0.006348 0.317593 0.011487 0.155556
0 1341 0.716747 0.743056 0.048972 0.186111
0 1342 0.448005 0.228241 0.033857 0.132407
0 1343 0.409915 0.212037 0.036276 0.131481
0 1344 0.430472 0.215741 0.035067 0.131481
0 1345 0.412334 0.233796 0.045949 0.139815
0 1349 0.005139 0.561574 0.009069 0.162037
0 1350 0.200726 0.361574 0.044740 0.136111
0 1351 0.283555 0.608796 0.037485 0.136111
0 1352 0.322249 0.453704 0.045949 0.153704
0 1353 0.319831 0.576389 0.044740 0.160185
0 1354 0.310762 0.614815 0.044740 0.187037
0 1355 0.230955 0.354167 0.038694 0.139815
0 1356 0.298670 0.420833 0.043531 0.156481
0 1357 0.169891 0.304630 0.037485 0.135185
0 1358 0.186820 0.317593 0.037485 0.140741
0 1359 0.647823 0.773148 0.058646 0.168519
0 1360 0.607316 0.728704 0.062273 0.183333
0 1361 0.820435 0.697222 0.044740 0.179630
0 1362 0.874244 0.693519 0.047158 0.190741
0 1363 0.844015 0.728704 0.055623 0.185185
0 1364 0.282044 0.306481 0.039299 0.140741
0 1365 0.694075 0.309259 0.035067 0.124074
0 1366 0.716747 0.497685 0.035671 0.145370
0 1368 0.980351 0.508796 0.032044 0.123148
0 1373 0.889661 0.591667 0.056227 0.157407
0 1374 0.982769 0.597685 0.032044 0.176852
0 1375 0.860339 0.559259 0.056832 0.146296
0 1377 0.919287 0.387963 0.032044 0.096296
0 1378 0.897219 0.361111 0.043531 0.135185
0 1382 0.931076 0.581019 0.039903 0.149074
0 1387 0.215840 0.156019 0.037485 0.137963
0 1388 0.091898 0.524537 0.056832 0.162037
0 1389 0.778114 0.178241 0.037485 0.121296
0 1390 0.988513 0.404630 0.021765 0.125926
0 1391 0.937727 0.486111 0.044740 0.157407
0 1393 0.961911 0.343056 0.033857 0.123148
0 1394 0.651149 0.289815 0.032648 0.107407
0 1395 0.917473 0.524074 0.048972 0.159259
0 1396 0.912938 0.502778 0.035067 0.112963
0 1397 0.976723 0.448611 0.041717 0.156481
0 1398 0.747884 0.772222 0.049577 0.162963
0 1399 0.781137 0.765278 0.038694 0.149074
0 1400 0.926542 0.806481 0.056227 0.170370
0 1401 0.923821 0.602778 0.049577 0.196296
0 1404 0.978235 0.840741 0.043531 0.181481
0 1405 0.930774 0.884722 0.061064 0.147222
0 1406 0.977932 0.878704 0.041717 0.209259
0 1408 0.890568 0.660648 0.047158 0.150926
0 1411 0.961911 0.958796 0.051995 0.082407
0 1412 0.742745 0.354167 0.038089 0.121296
0 1413 0.784160 0.356019 0.042322 0.143519
0 1416 0.931681 0.730093 0.048368 0.189815
0 1443 0.438936 0.658333 0.042322 0.148148
0 1444 0.293229 0.346296 0.043531 0.137037
0 1445 0.286578 0.362963 0.033857 0.142593
0 1490 0.566808 0.482407 0.039299 0.135185
0 1494 0.870012 0.647222 0.043531 0.151852
0 1496 0.976421 0.741667 0.045949 0.159259
0 1501 0.272370 0.961574 0.048972 0.078704
0 1502 0.442261 0.944907 0.053809 0.110185
0 1510 0.514510 0.793981 0.048368 0.178704
0 1522 0.460399 0.844907 0.046554 0.162037
0 1531 0.574063 0.593519 0.039299 0.157407
0 1532 0.609432 0.604630 0.051995 0.151852
0 1549 0.354293 0.767593 0.049577 0.170370
0 1550 0.160520 0.933333 0.039299 0.133333
0 1551 0.232769 0.905556 0.049577 0.157407
0 1555 0.579807 0.505093 0.041112 0.137963
0 1556 0.553204 0.513889 0.030230 0.109259
0 1557 0.603386 0.573148 0.042322 0.151852
0 1565 0.522975 0.835185 0.053204 0.192593
0 1567 0.366687 0.447685 0.041717 0.137963
0 1570 0.425333 0.596759 0.044135 0.162037
0 1572 0.395405 0.353704 0.042322 0.151852
0 1573 0.497279 0.403241 0.032044 0.132407
0 1587 0.839480 0.970833 0.051391 0.058333
0 1592 0.406892 0.711111 0.037485 0.164815
0 1593 0.410822 0.746759 0.056227 0.162037
0 1594 0.447400 0.713426 0.042322 0.167593
0 1595 0.382709 0.719907 0.045949 0.163889
0 1621 0.966747 0.662963 0.036276 0.140741
0 1624 0.344619 0.109259 0.037485 0.140741
0 1632 0.328900 0.053704 0.029021 0.105556
0 1633 0.304111 0.050463 0.031439 0.099074
0 1634 0.012696 0.878704 0.024184 0.190741
0 1642 0.293833 0.115741 0.032648 0.131481
0 1647 0.954051 0.686574 0.049577 0.165741
0 1650 0.569831 0.661574 0.048972 0.147222
0 1651 0.531137 0.614352 0.039299 0.165741
0 1652 0.568924 0.650463 0.048368 0.145370
0 1653 0.688936 0.671296 0.044135 0.146296
0 1654 0.264208 0.435185 0.037485 0.140741
0 1655 0.512092 0.510185 0.035067 0.137037
0 1656 0.200726 0.899074 0.043531 0.162963
0 1657 0.480955 0.490741 0.042926 0.137037
0 1658 0.411729 0.341204 0.036276 0.137963
0 1659 0.347340 0.419444 0.038089 0.142593
0 1660 0.478235 0.382407 0.037485 0.142593
0 1661 0.514510 0.390741 0.031439 0.140741
0 1662 0.451632 0.531019 0.044740 0.143519
0 1664 0.321040 0.117130 0.035067 0.117593
0 1666 0.398730 0.641667 0.046554 0.162963
0 1667 0.461306 0.427778 0.037485 0.120370
0 1668 0.486699 0.422222 0.030230 0.124074
0 1670 0.761487 0.062500 0.036880 0.121296
0 1942 0.004837 0.167593 0.008464 0.124074
