0 1161 0.147219 0.813426 0.048972 0.143519
0 1162 0.173216 0.779167 0.050181 0.169444
0 1163 0.068924 0.767593 0.054414 0.179630
0 1164 0.092503 0.742130 0.056832 0.154630
0 1165 0.032346 0.734722 0.053809 0.156481
0 1166 0.275695 0.634722 0.041112 0.150926
0 1167 0.181983 0.348148 0.039903 0.146296
0 1173 0.161427 0.193981 0.043531 0.134259
0 1174 0.079807 0.144907 0.041112 0.134259
0 1177 0.044135 0.143981 0.027811 0.126852
0 1178 0.090387 0.045370 0.035671 0.088889
0 1179 0.118803 0.045833 0.036880 0.089815
0 1180 0.084341 0.031481 0.032044 0.061111
0 1181 0.183495 0.031019 0.039299 0.060185
0 1182 0.203748 0.050000 0.037485 0.098148
0 1183 0.252116 0.054167 0.035067 0.106481
0 1184 0.205260 0.095833 0.039299 0.121296
0 1185 0.246372 0.094907 0.038089 0.147222
0 1186 0.318017 0.250463 0.037485 0.136111
0 1187 0.283555 0.249537 0.037485 0.128704
0 1188 0.360339 0.045370 0.037485 0.088889
0 1189 0.435006 0.083796 0.038089 0.130556
0 1190 0.472793 0.124537 0.038694 0.130556
0 1191 0.504837 0.080093 0.036276 0.134259
0 1192 0.478537 0.074074 0.034462 0.122222
0 1193 0.427146 0.044907 0.038089 0.087963
0 1194 0.435006 0.040741 0.030834 0.079630
0 1195 0.544740 0.201852 0.043531 0.131481
0 1196 0.581620 0.197685 0.042322 0.126852
0 1197 0.548670 0.098611 0.032044 0.126852
0 1198 0.586155 0.131019 0.040508 0.128704
0 1199 0.572551 0.096296 0.032648 0.118519
0 1200 0.571644 0.053241 0.034462 0.104630
0 1201 0.633313 0.024074 0.030834 0.046296
0 1202 0.654776 0.023611 0.025393 0.045370
0 1203 0.676542 0.023611 0.027811 0.045370
0 1204 0.705260 0.018519 0.029625 0.035185
0 1205 0.738210 0.021759 0.027811 0.041667
0 1206 0.636336 0.118981 0.039299 0.126852
0 1207 0.746070 0.465741 0.047158 0.157407
0 1208 0.641475 0.332407 0.041112 0.153704
0 1209 0.691354 0.315278 0.036880 0.134259
0 1210 0.669891 0.275463 0.037485 0.125000
0 1211 0.733071 0.238889 0.032044 0.125926
0 1212 0.709794 0.234722 0.033857 0.137963
0 1213 0.687727 0.211574 0.034462 0.139815
0 1214 0.800181 0.193519 0.040508 0.131481
0 1215 0.766626 0.174074 0.039903 0.118519
0 1216 0.790508 0.150000 0.038089 0.124074
0 1217 0.822854 0.121296 0.035067 0.118519
0 1218 0.788089 0.122222 0.035671 0.116667
0 1219 0.756348 0.081944 0.032648 0.121296
0 1220 0.860339 0.118056 0.037485 0.126852
0 1221 0.892080 0.108796 0.036880 0.134259
0 1222 0.962213 0.058333 0.033253 0.105556
0 1223 0.987001 0.064815 0.024788 0.125926
0 1224 0.944075 0.033333 0.029625 0.064815
0 1225 0.973398 0.031481 0.026602 0.061111
0 1226 0.919589 0.174074 0.035067 0.133333
0 1227 0.958283 0.220370 0.039903 0.142593
0 1228 0.975816 0.167593 0.038694 0.131481
0 1229 0.995163 0.198611 0.008464 0.132407
0 1230 0.929565 0.387963 0.046554 0.138889
0 1231 0.942563 0.369444 0.031439 0.135185
0 1310 0.993349 0.544907 0.012092 0.110185
0 1318 0.245768 0.037963 0.029625 0.074074
0 1319 0.233978 0.041667 0.024184 0.079630
0 1325 0.111245 0.618981 0.039903 0.156481
0 1326 0.188331 0.612963 0.034462 0.148148
0 1327 0.167473 0.579167 0.042322 0.137963
0 1328 0.204353 0.578241 0.039903 0.152778
0 1329 0.192866 0.522685 0.038694 0.147222
0 1330 0.160520 0.510648 0.038089 0.130556
0 1341 0.693168 0.822222 0.048972 0.198148
0 1342 0.473700 0.258796 0.034462 0.136111
0 1343 0.407799 0.216204 0.035671 0.132407
0 1344 0.429262 0.219907 0.030230 0.128704
0 1345 0.430774 0.261111 0.035671 0.140741
0 1350 0.141173 0.421296 0.044135 0.137037
0 1351 0.287787 0.668981 0.036276 0.126852
0 1352 0.317412 0.520370 0.049577 0.151852
0 1353 0.324063 0.652315 0.043531 0.160185
0 1354 0.304414 0.669907 0.044135 0.182407
0 1355 0.174728 0.425463 0.042322 0.134259
0 1356 0.292019 0.481481 0.049577 0.157407
0 1357 0.104595 0.353704 0.037485 0.135185
0 1358 0.123640 0.362963 0.036880 0.140741
0 1359 0.634522 0.872685 0.058646 0.173148
0 1360 0.596131 0.813426 0.065296 0.187963
0 1361 0.825574 0.771296 0.044135 0.179630
0 1362 0.893289 0.799074 0.053809 0.190741
0 1363 0.855804 0.801389 0.057437 0.178704
0 1364 0.205562 0.363426 0.039903 0.139815
0 1365 0.709492 0.361574 0.035671 0.128704
0 1366 0.734885 0.600463 0.036880 0.147222
0 1373 0.900544 0.651852 0.056227 0.155556
0 1374 0.978537 0.649537 0.041717 0.175000
0 1375 0.866989 0.625463 0.056832 0.154630
0 1377 0.905079 0.459259 0.032648 0.096296
0 1378 0.881197 0.421296 0.045345 0.137037
0 1382 0.928658 0.633796 0.041112 0.150926
0 1387 0.211608 0.160648 0.036276 0.137963
0 1388 0.071947 0.591204 0.060459 0.165741
0 1389 0.779927 0.211574 0.037485 0.121296
0 1391 0.970677 0.542593 0.044135 0.151852
0 1393 0.964631 0.368981 0.033253 0.121296
0 1394 0.663543 0.343981 0.033253 0.108333
0 1395 0.938331 0.567593 0.048368 0.159259
0 1396 0.940447 0.557407 0.034462 0.112963
0 1397 0.980955 0.471296 0.036880 0.155556
0 1398 0.730955 0.843056 0.048368 0.162037
0 1399 0.765115 0.830093 0.039299 0.143519
0 1400 0.971886 0.889815 0.055018 0.164815
0 1408 0.858222 0.708796 0.050181 0.154630
0 1412 0.742443 0.355556 0.039903 0.118519
0 1413 0.782044 0.356944 0.040508 0.139815
0 1416 0.948609 0.791204 0.058041 0.182407
0 1443 0.474305 0.686111 0.041717 0.148148
0 1444 0.296554 0.350463 0.044135 0.137963
0 1445 0.285973 0.364352 0.035067 0.141667
0 1490 0.565296 0.481019 0.036276 0.130556
0 1494 0.826481 0.692130 0.047158 0.150926
0 1496 0.977025 0.849074 0.044740 0.118519
0 1501 0.269649 0.961574 0.048368 0.078704
0 1502 0.438936 0.945370 0.055623 0.109259
0 1510 0.513301 0.795370 0.048368 0.181481
0 1522 0.456771 0.847222 0.046554 0.162963
0 1531 0.574365 0.600000 0.039903 0.155556
0 1532 0.608525 0.609259 0.048972 0.151852
0 1549 0.352479 0.770833 0.051995 0.165741
0 1551 0.156892 0.969907 0.039299 0.062037
0 1555 0.574667 0.510185 0.033253 0.137037
0 1556 0.544135 0.518519 0.032648 0.107407
0 1557 0.601572 0.575463 0.042322 0.149074
0 1565 0.516022 0.843981 0.044135 0.184259
0 1567 0.363966 0.446296 0.042322 0.133333
0 1570 0.387243 0.608796 0.039299 0.162037
0 1572 0.389964 0.357407 0.043531 0.151852
0 1573 0.502116 0.410185 0.032044 0.135185
0 1592 0.399637 0.699074 0.033857 0.153704
0 1593 0.409311 0.748611 0.050786 0.160185
0 1594 0.439238 0.716204 0.040508 0.165741
0 1595 0.381802 0.715741 0.044135 0.168519
0 1624 0.342805 0.112037 0.036276 0.140741
0 1632 0.323156 0.048611 0.025998 0.095370
0 1633 0.305925 0.042130 0.030230 0.082407
0 1634 0.011487 0.884722 0.021765 0.184259
0 1642 0.295647 0.117593 0.031439 0.131481
0 1647 0.980048 0.734259 0.038694 0.164815
0 1650 0.570435 0.661111 0.046554 0.146296
0 1651 0.508464 0.605556 0.041112 0.162963
0 1652 0.567110 0.649074 0.047158 0.144444
0 1653 0.686820 0.675463 0.044740 0.150926
0 1654 0.265417 0.433333 0.037485 0.138889
0 1655 0.507255 0.519907 0.033857 0.139815
0 1656 0.124849 0.958333 0.039299 0.085185
0 1657 0.477932 0.491667 0.045345 0.137037
0 1658 0.408102 0.341204 0.038694 0.134259
0 1659 0.332225 0.447222 0.039299 0.146296
0 1660 0.481560 0.382870 0.030834 0.141667
0 1661 0.510883 0.386111 0.033857 0.138889
0 1662 0.450726 0.531944 0.040508 0.145370
0 1664 0.319226 0.122685 0.036276 0.117593
0 1666 0.433797 0.664815 0.045345 0.161111
0 1667 0.459492 0.424537 0.035067 0.112037
0 1668 0.485792 0.422685 0.029625 0.123148
0 1670 0.722189 0.097222 0.036880 0.129630
0 1942 0.003325 0.169444 0.005441 0.122222
