0 1161 0.087666 0.737037 0.042322 0.153704
0 1162 0.107013 0.697685 0.048368 0.158333
0 1163 0.031137 0.704630 0.053809 0.170370
0 1164 0.051693 0.683796 0.056227 0.163889
0 1165 0.003628 0.688426 0.006046 0.154630
0 1166 0.169891 0.642593 0.045949 0.142593
0 1167 0.263603 0.275000 0.042322 0.146296
0 1170 0.002116 0.226389 0.003023 0.121296
0 1172 0.017231 0.199074 0.033253 0.137037
0 1173 0.116082 0.150926 0.044740 0.135185
0 1174 0.102479 0.098148 0.039299 0.135185
0 1177 0.056832 0.091204 0.030230 0.126852
0 1178 0.122430 0.021296 0.027207 0.040741
0 1183 0.284462 0.027315 0.034462 0.052778
0 1184 0.216143 0.057870 0.039299 0.113889
0 1185 0.248186 0.067130 0.039299 0.132407
0 1186 0.378174 0.193056 0.036880 0.134259
0 1187 0.348851 0.187963 0.037485 0.124074
0 1188 0.356106 0.031944 0.037485 0.062037
0 1189 0.486699 0.045370 0.037485 0.088889
0 1190 0.526300 0.064352 0.039299 0.126852
0 1191 0.553507 0.039352 0.036880 0.076852
0 1192 0.527207 0.043981 0.035067 0.086111
0 1193 0.398730 0.033333 0.036880 0.064815
0 1194 0.413845 0.024074 0.032044 0.046296
0 1195 0.537787 0.153704 0.044135 0.129630
0 1196 0.563785 0.145833 0.041717 0.126852
0 1197 0.569528 0.063889 0.032648 0.122222
0 1198 0.632104 0.087037 0.041717 0.124074
0 1199 0.594619 0.062963 0.034462 0.120370
0 1200 0.600060 0.035185 0.032044 0.068519
0 1206 0.669589 0.085648 0.039299 0.121296
0 1207 0.708585 0.364352 0.047158 0.150926
0 1208 0.621826 0.261111 0.041717 0.142593
0 1209 0.675937 0.258333 0.036276 0.135185
0 1210 0.652358 0.222222 0.037485 0.120370
0 1211 0.701935 0.180093 0.031439 0.126852
0 1212 0.655381 0.174074 0.041112 0.129630
0 1213 0.693773 0.141204 0.034462 0.137963
0 1214 0.786578 0.149537 0.037485 0.132407
0 1215 0.756348 0.136111 0.039903 0.118519
0 1216 0.766929 0.102778 0.036880 0.124074
0 1217 0.909311 0.089815 0.041112 0.124074
0 1218 0.872430 0.101852 0.038694 0.125926
0 1219 0.714933 0.050926 0.035671 0.100000
0 1220 0.921403 0.068519 0.037485 0.127778
0 1221 0.937424 0.065741 0.036880 0.127778
0 1222 0.958283 0.033796 0.032648 0.065741
0 1223 0.991536 0.038889 0.015719 0.075926
0 1226 0.937424 0.121759 0.039299 0.134259
0 1227 0.982164 0.147685 0.030834 0.149074
0 1228 0.976421 0.118519 0.037485 0.125926
0 1230 0.931378 0.318981 0.044135 0.137963
0 1231 0.958283 0.308796 0.037485 0.132407
0 1232 0.973096 0.722685 0.047763 0.162037
0 1233 0.682285 0.964815 0.045345 0.072222
0 1324 0.727328 0.950463 0.045949 0.099074
0 1325 0.094317 0.608796 0.045949 0.154630
0 1326 0.188936 0.609722 0.041717 0.145370
0 1327 0.169589 0.576389 0.041717 0.137963
0 1328 0.207678 0.577315 0.039299 0.149074
0 1329 0.194377 0.513889 0.034462 0.135185
0 1330 0.168682 0.512500 0.039903 0.134259
0 1338 0.012999 0.304630 0.024788 0.153704
0 1341 0.718863 0.731019 0.048368 0.182407
0 1342 0.448005 0.224537 0.033857 0.132407
0 1343 0.410520 0.212037 0.035067 0.131481
0 1344 0.431076 0.215741 0.035067 0.131481
0 1345 0.415357 0.235185 0.043531 0.140741
0 1349 0.009371 0.548148 0.017533 0.162963
0 1350 0.212213 0.351389 0.044740 0.136111
0 1351 0.284160 0.594907 0.036276 0.132407
0 1352 0.318924 0.441667 0.046554 0.153704
0 1353 0.317715 0.560648 0.044135 0.160185
0 1354 0.314389 0.600000 0.045949 0.183333
0 1355 0.245163 0.344907 0.041717 0.139815
0 1356 0.300181 0.409722 0.044135 0.156481
0 1357 0.180169 0.296296 0.037485 0.135185
0 1358 0.198307 0.305093 0.036276 0.132407
0 1359 0.649637 0.758333 0.058646 0.168519
0 1360 0.612152 0.714815 0.063482 0.187037
0 1361 0.819831 0.685185 0.044740 0.179630
0 1362 0.869105 0.678241 0.046554 0.186111
0 1363 0.841294 0.712037 0.053809 0.187037
0 1364 0.294740 0.296759 0.039299 0.139815
0 1365 0.694377 0.300000 0.034462 0.124074
0 1366 0.714631 0.478241 0.035067 0.145370
0 1368 0.976723 0.498611 0.033253 0.123148
0 1373 0.888755 0.582407 0.056832 0.157407
0 1374 0.982467 0.591204 0.032648 0.176852
0 1375 0.859129 0.550000 0.056832 0.146296
0 1377 0.922914 0.375000 0.032044 0.096296
0 1378 0.900242 0.351852 0.043531 0.135185
0 1382 0.931983 0.570833 0.039299 0.149074
0 1387 0.215840 0.156944 0.037485 0.137963
0 1388 0.097340 0.507407 0.053204 0.155556
0 1389 0.776300 0.169907 0.037485 0.121296
0 1390 0.988210 0.395370 0.022370 0.125926
0 1391 0.932890 0.478704 0.044740 0.157407
0 1392 0.987304 0.418519 0.019347 0.081481
0 1393 0.960097 0.343981 0.033857 0.123148
0 1394 0.649940 0.281481 0.032648 0.107407
0 1395 0.915659 0.516667 0.048972 0.159259
0 1396 0.906892 0.494444 0.035067 0.112963
0 1397 0.975514 0.441204 0.040508 0.156481
0 1398 0.750000 0.759259 0.048972 0.161111
0 1399 0.782950 0.753241 0.038694 0.149074
0 1400 0.923519 0.793981 0.056227 0.171296
0 1401 0.919589 0.596296 0.049577 0.196296
0 1404 0.973096 0.831944 0.046554 0.165741
0 1405 0.919589 0.870833 0.058041 0.150926
0 1406 0.973096 0.869444 0.047763 0.209259
0 1408 0.892684 0.656019 0.046554 0.150926
0 1411 0.953446 0.949074 0.049577 0.101852
0 1412 0.743047 0.353241 0.038694 0.121296
0 1413 0.784160 0.356019 0.042322 0.143519
0 1416 0.928356 0.718056 0.048972 0.186111
0 1434 0.067412 0.978704 0.040508 0.044444
0 1443 0.434099 0.651852 0.042322 0.148148
0 1444 0.293833 0.347222 0.043531 0.137037
0 1445 0.288392 0.363889 0.033857 0.142593
0 1489 0.920496 0.968056 0.053809 0.063889
0 1490 0.564994 0.484259 0.038089 0.135185
0 1494 0.871524 0.640741 0.044135 0.151852
0 1496 0.975212 0.728704 0.045949 0.159259
0 1501 0.272975 0.961574 0.048972 0.078704
0 1502 0.442866 0.945370 0.053809 0.109259
0 1510 0.515115 0.793981 0.048368 0.178704
0 1522 0.460399 0.844907 0.046554 0.162037
0 1531 0.574063 0.591667 0.039299 0.157407
0 1532 0.610036 0.603704 0.050786 0.151852
0 1549 0.354595 0.768056 0.048972 0.169444
0 1550 0.171100 0.922222 0.039903 0.157407
0 1551 0.244861 0.890741 0.049577 0.159259
0 1555 0.581923 0.504630 0.041717 0.137037
0 1556 0.553809 0.514815 0.030230 0.109259
0 1557 0.603386 0.573148 0.042322 0.151852
0 1565 0.526300 0.837037 0.053809 0.192593
0 1567 0.367291 0.447685 0.041717 0.137963
0 1570 0.434401 0.593981 0.044135 0.162037
0 1572 0.396614 0.354630 0.042322 0.151852
0 1573 0.497884 0.404167 0.032044 0.132407
0 1587 0.822854 0.965741 0.053204 0.068519
0 1592 0.406892 0.709722 0.037485 0.165741
0 1593 0.413241 0.746296 0.062273 0.162963
0 1594 0.449819 0.712963 0.042322 0.168519
0 1595 0.383615 0.717130 0.042926 0.165741
0 1621 0.958585 0.658333 0.036880 0.140741
0 1624 0.344619 0.110185 0.037485 0.140741
0 1632 0.329807 0.055093 0.029625 0.108333
0 1633 0.305018 0.053241 0.032044 0.104630
0 1634 0.012696 0.878704 0.024184 0.190741
0 1642 0.293833 0.114815 0.032648 0.131481
0 1647 0.951935 0.677315 0.048972 0.165741
0 1650 0.571342 0.660185 0.050786 0.148148
0 1651 0.533857 0.614815 0.039903 0.164815
0 1652 0.572854 0.650463 0.048972 0.150926
0 1653 0.689541 0.671759 0.044135 0.147222
0 1654 0.264208 0.438889 0.037485 0.140741
0 1655 0.512092 0.509259 0.035067 0.135185
0 1656 0.214631 0.888889 0.049577 0.168519
0 1657 0.481862 0.490741 0.042322 0.137037
0 1658 0.412334 0.341204 0.036276 0.137963
0 1659 0.350363 0.415741 0.036880 0.142593
0 1660 0.477328 0.382407 0.039299 0.142593
0 1661 0.518742 0.391667 0.031439 0.140741
0 1662 0.451935 0.531019 0.045345 0.143519
0 1664 0.321342 0.117130 0.034462 0.117593
0 1666 0.391475 0.636574 0.046554 0.160185
0 1667 0.461911 0.430556 0.037485 0.120370
0 1668 0.488513 0.421296 0.030230 0.124074
0 1670 0.762999 0.057870 0.036276 0.113889
0 1942 0.005139 0.167593 0.009069 0.124074
