0 1161 0.089480 0.744444 0.042322 0.153704
0 1162 0.111548 0.703241 0.048972 0.160185
0 1163 0.035369 0.709259 0.053809 0.174074
0 1164 0.054111 0.691204 0.056227 0.165741
0 1165 0.006046 0.690278 0.010883 0.154630
0 1166 0.180169 0.642130 0.039903 0.143519
0 1167 0.255744 0.281481 0.042322 0.146296
0 1172 0.014208 0.205556 0.027207 0.137037
0 1173 0.117594 0.154630 0.044135 0.135185
0 1174 0.100665 0.102778 0.039299 0.135185
0 1177 0.054414 0.094907 0.030230 0.126852
0 1178 0.119407 0.024074 0.027207 0.046296
0 1183 0.281439 0.029167 0.034462 0.056481
0 1184 0.214933 0.058796 0.039299 0.115741
0 1185 0.248186 0.068056 0.039299 0.134259
0 1186 0.373035 0.197685 0.037485 0.134259
0 1187 0.341294 0.190741 0.036880 0.124074
0 1188 0.356106 0.032407 0.037485 0.062963
0 1189 0.483676 0.047685 0.037485 0.093519
0 1190 0.523277 0.067593 0.039299 0.129630
0 1191 0.548670 0.041667 0.036880 0.081481
0 1192 0.523579 0.045833 0.035067 0.089815
0 1193 0.399940 0.034259 0.036880 0.066667
0 1194 0.416566 0.025463 0.032648 0.049074
0 1195 0.538089 0.157407 0.044740 0.129630
0 1196 0.564692 0.150463 0.042322 0.126852
0 1197 0.567110 0.065741 0.032648 0.125926
0 1198 0.628476 0.089815 0.041717 0.124074
0 1199 0.592201 0.064352 0.034462 0.121296
0 1200 0.597037 0.037037 0.033253 0.072222
0 1206 0.664148 0.086574 0.039299 0.121296
0 1207 0.710399 0.371759 0.047158 0.150926
0 1208 0.623337 0.265741 0.044740 0.146296
0 1209 0.676542 0.264815 0.036276 0.135185
0 1210 0.654172 0.225000 0.037485 0.120370
0 1211 0.705260 0.184722 0.032044 0.126852
0 1212 0.659915 0.181019 0.042926 0.134259
0 1213 0.693470 0.147685 0.035067 0.139815
0 1214 0.788996 0.153241 0.037485 0.132407
0 1215 0.757557 0.138889 0.039903 0.118519
0 1216 0.768742 0.106481 0.036880 0.124074
0 1217 0.901451 0.093519 0.041112 0.124074
0 1218 0.861548 0.101852 0.043531 0.125926
0 1219 0.717956 0.052315 0.034462 0.102778
0 1220 0.917473 0.070833 0.036880 0.128704
0 1221 0.935611 0.067593 0.036880 0.131481
0 1222 0.960097 0.035648 0.032648 0.069444
0 1223 0.991233 0.042130 0.016324 0.082407
0 1226 0.935006 0.126389 0.039299 0.134259
0 1227 0.978839 0.154167 0.032648 0.149074
0 1228 0.977025 0.123148 0.037485 0.125926
0 1230 0.929565 0.326389 0.044135 0.137963
0 1231 0.955865 0.311574 0.037485 0.132407
0 1232 0.974607 0.731944 0.045949 0.162037
0 1233 0.694680 0.966204 0.044740 0.067593
0 1324 0.738210 0.953704 0.045949 0.090741
0 1325 0.093410 0.607870 0.046554 0.154630
0 1326 0.188634 0.608796 0.041112 0.145370
0 1327 0.169287 0.576389 0.042322 0.137963
0 1328 0.207074 0.577315 0.039299 0.149074
0 1329 0.194075 0.514352 0.035067 0.136111
0 1330 0.168682 0.511574 0.039903 0.134259
0 1338 0.009371 0.311574 0.017533 0.154630
0 1341 0.717654 0.737500 0.048368 0.184259
0 1342 0.448005 0.226389 0.033857 0.132407
0 1343 0.410218 0.212037 0.035671 0.131481
0 1344 0.430774 0.215741 0.034462 0.131481
0 1345 0.413845 0.234722 0.045345 0.139815
0 1349 0.006953 0.556019 0.012696 0.162037
0 1350 0.205562 0.356944 0.044740 0.136111
0 1351 0.283857 0.603241 0.036880 0.134259
0 1352 0.321040 0.449074 0.045949 0.153704
0 1353 0.318622 0.568981 0.044740 0.160185
0 1354 0.312273 0.608333 0.045345 0.185185
0 1355 0.237001 0.350463 0.039903 0.139815
0 1356 0.298972 0.416204 0.044135 0.156481
0 1357 0.174123 0.300926 0.037485 0.135185
0 1358 0.191354 0.312037 0.036880 0.137037
0 1359 0.648428 0.766667 0.058646 0.168519
0 1360 0.608525 0.724074 0.063482 0.187037
0 1361 0.820435 0.691667 0.044740 0.179630
0 1362 0.871826 0.687037 0.047158 0.188889
0 1363 0.843410 0.721759 0.054414 0.187963
0 1364 0.287485 0.302778 0.039299 0.140741
0 1365 0.694075 0.305556 0.035067 0.124074
0 1366 0.715840 0.489352 0.035067 0.145370
0 1368 0.978839 0.504167 0.032648 0.123148
0 1373 0.889359 0.587037 0.056832 0.157407
0 1374 0.982467 0.594907 0.032648 0.176852
0 1375 0.859734 0.554630 0.056832 0.146296
0 1377 0.920496 0.382407 0.032044 0.096296
0 1378 0.898428 0.357407 0.043531 0.135185
0 1382 0.931681 0.576389 0.039903 0.149074
0 1387 0.215840 0.156019 0.037485 0.137963
0 1388 0.094317 0.517593 0.055623 0.159259
0 1389 0.777509 0.174537 0.037485 0.121296
0 1390 0.988513 0.400000 0.021765 0.125926
0 1391 0.935913 0.482407 0.044740 0.157407
0 1392 0.989117 0.422222 0.019347 0.081481
0 1393 0.961306 0.343056 0.033857 0.123148
0 1394 0.651149 0.286111 0.032648 0.107407
0 1395 0.916868 0.521296 0.048972 0.159259
0 1396 0.910218 0.499074 0.034462 0.112963
0 1397 0.976119 0.444907 0.041717 0.156481
0 1398 0.749093 0.766204 0.049577 0.162037
0 1399 0.781741 0.760648 0.038694 0.149074
0 1400 0.924728 0.801389 0.056227 0.171296
0 1401 0.922007 0.600000 0.049577 0.196296
0 1404 0.975816 0.837037 0.044740 0.174074
0 1405 0.925937 0.878704 0.059855 0.148148
0 1406 0.976119 0.875000 0.044135 0.209259
0 1408 0.891475 0.658796 0.046554 0.150926
0 1411 0.958888 0.954630 0.051995 0.090741
0 1412 0.742745 0.353241 0.038089 0.121296
0 1413 0.784160 0.356019 0.042322 0.143519
0 1416 0.930472 0.724537 0.048368 0.187963
0 1443 0.437122 0.655556 0.042322 0.148148
0 1444 0.293531 0.347222 0.044135 0.137037
0 1445 0.287183 0.362963 0.033857 0.142593
0 1489 0.923519 0.974074 0.051391 0.053704
0 1490 0.566808 0.483333 0.039299 0.135185
0 1494 0.871221 0.644444 0.043531 0.151852
0 1496 0.975816 0.735185 0.045949 0.159259
0 1501 0.272370 0.961574 0.048972 0.078704
0 1502 0.442261 0.945370 0.053809 0.109259
0 1510 0.514510 0.793981 0.048368 0.178704
0 1522 0.460399 0.844907 0.046554 0.162037
0 1531 0.574063 0.592593 0.039299 0.157407
0 1532 0.609734 0.603704 0.051391 0.151852
0 1549 0.354595 0.767593 0.048972 0.170370
0 1550 0.165357 0.928704 0.039299 0.144444
0 1551 0.238815 0.899074 0.049577 0.157407
0 1555 0.580411 0.504630 0.042322 0.137037
0 1556 0.553204 0.513889 0.030230 0.109259
0 1557 0.603386 0.573148 0.042322 0.151852
0 1565 0.524486 0.836111 0.053809 0.192593
0 1567 0.366989 0.447685 0.042322 0.137963
0 1570 0.428960 0.595833 0.044135 0.162037
0 1572 0.396010 0.354630 0.042322 0.151852
0 1573 0.497884 0.404167 0.032044 0.132407
0 1587 0.832527 0.968519 0.053204 0.062963
0 1592 0.406892 0.710648 0.037485 0.165741
0 1593 0.410822 0.746759 0.056227 0.162037
0 1594 0.448609 0.712963 0.042322 0.168519
0 1595 0.383313 0.718981 0.044740 0.163889
0 1621 0.963120 0.660185 0.036276 0.140741
0 1624 0.344619 0.109259 0.037485 0.140741
0 1632 0.328900 0.054167 0.029021 0.106481
0 1633 0.304111 0.051389 0.031439 0.100926
0 1634 0.012696 0.878704 0.024184 0.190741
0 1642 0.293833 0.115741 0.032648 0.131481
0 1647 0.953144 0.682870 0.048972 0.165741
0 1650 0.570435 0.660648 0.050181 0.147222
0 1651 0.532346 0.614815 0.039299 0.164815
0 1652 0.570738 0.650463 0.048368 0.147222
0 1653 0.689541 0.671759 0.044135 0.147222
0 1654 0.264208 0.437037 0.037485 0.140741
0 1655 0.512092 0.509259 0.035067 0.135185
0 1656 0.206771 0.894907 0.045949 0.165741
0 1657 0.481258 0.490741 0.042322 0.137037
0 1658 0.411729 0.341204 0.036276 0.137963
0 1659 0.348549 0.417593 0.038089 0.142593
0 1660 0.477932 0.382407 0.038089 0.142593
0 1661 0.516324 0.390741 0.031439 0.140741
0 1662 0.451935 0.531019 0.045345 0.143519
0 1664 0.321342 0.117130 0.034462 0.117593
0 1666 0.396312 0.639352 0.046554 0.162037
0 1667 0.461306 0.428704 0.037485 0.120370
0 1668 0.487908 0.422222 0.030230 0.124074
0 1670 0.762092 0.059722 0.036880 0.117593
0 1942 0.005139 0.167593 0.009069 0.124074
