0 1161 0.086155 0.735648 0.041717 0.152778
0 1162 0.106106 0.696759 0.047763 0.160185
0 1163 0.029927 0.702778 0.053809 0.170370
0 1164 0.051088 0.682407 0.056227 0.162963
0 1165 0.003023 0.688426 0.004837 0.154630
0 1166 0.167473 0.642593 0.047158 0.142593
0 1167 0.266022 0.273148 0.042322 0.146296
0 1170 0.002418 0.225000 0.003628 0.120370
0 1172 0.018138 0.198148 0.035067 0.137037
0 1173 0.115478 0.150000 0.044740 0.135185
0 1174 0.103083 0.097222 0.039299 0.135185
0 1177 0.057437 0.090278 0.030230 0.126852
0 1178 0.123035 0.020370 0.027207 0.038889
0 1183 0.285067 0.026389 0.034462 0.050926
0 1184 0.216143 0.057407 0.039299 0.112963
0 1185 0.248186 0.066667 0.039299 0.131481
0 1186 0.379383 0.191667 0.036880 0.133333
0 1187 0.350060 0.186111 0.037485 0.124074
0 1188 0.356106 0.031944 0.037485 0.062037
0 1189 0.487304 0.044444 0.037485 0.087037
0 1190 0.526904 0.063889 0.039299 0.125926
0 1191 0.554716 0.038889 0.036880 0.075926
0 1192 0.527811 0.043519 0.035067 0.085185
0 1193 0.398126 0.033333 0.036880 0.064815
0 1194 0.413241 0.023611 0.032044 0.045370
0 1195 0.537787 0.152778 0.044135 0.129630
0 1196 0.563482 0.144907 0.042322 0.126852
0 1197 0.570133 0.062963 0.032648 0.120370
0 1198 0.632104 0.086111 0.041717 0.124074
0 1199 0.595224 0.062500 0.034462 0.119444
0 1200 0.600665 0.034722 0.032044 0.067593
0 1206 0.669589 0.084722 0.039299 0.121296
0 1207 0.708585 0.362500 0.047158 0.150926
0 1208 0.621524 0.260648 0.041112 0.141667
0 1209 0.675937 0.256481 0.036276 0.135185
0 1210 0.651753 0.221296 0.037485 0.120370
0 1211 0.701028 0.178241 0.032044 0.126852
0 1212 0.654474 0.172222 0.040508 0.129630
0 1213 0.693773 0.139815 0.034462 0.137037
0 1214 0.786578 0.149074 0.037485 0.131481
0 1215 0.755744 0.135185 0.039903 0.118519
0 1216 0.766324 0.101852 0.036880 0.124074
0 1217 0.910822 0.088889 0.041717 0.124074
0 1218 0.875151 0.101852 0.036880 0.125926
0 1219 0.714329 0.050463 0.035671 0.099074
0 1220 0.922310 0.067593 0.036880 0.127778
0 1221 0.938029 0.065278 0.036880 0.126852
0 1222 0.958283 0.032870 0.032648 0.063889
0 1223 0.991536 0.038426 0.015719 0.075000
0 1226 0.938029 0.119907 0.039299 0.134259
0 1227 0.982769 0.146759 0.030834 0.149074
0 1228 0.976119 0.117593 0.036880 0.125926
0 1230 0.931983 0.317130 0.044135 0.137963
0 1231 0.958888 0.308796 0.037485 0.132407
0 1232 0.972793 0.720370 0.048368 0.162963
0 1233 0.678960 0.964352 0.044740 0.073148
0 1324 0.724002 0.949074 0.046554 0.100000
0 1325 0.094921 0.608796 0.045949 0.154630
0 1326 0.188936 0.609722 0.041717 0.145370
0 1327 0.169589 0.576389 0.041717 0.137963
0 1328 0.207678 0.577315 0.039299 0.149074
0 1329 0.194377 0.513889 0.034462 0.135185
0 1330 0.168682 0.512500 0.039903 0.134259
0 1338 0.014208 0.303241 0.027207 0.152778
0 1341 0.719468 0.729167 0.048368 0.182407
0 1342 0.448005 0.224537 0.033857 0.132407
0 1343 0.410520 0.212037 0.035067 0.131481
0 1344 0.431378 0.215741 0.034462 0.131481
0 1345 0.415961 0.235648 0.043531 0.139815
0 1349 0.009976 0.546296 0.018742 0.162963
0 1350 0.214027 0.350000 0.044740 0.135185
0 1351 0.284764 0.593519 0.036276 0.131481
0 1352 0.318924 0.440741 0.046554 0.153704
0 1353 0.317412 0.557870 0.044740 0.160185
0 1354 0.314994 0.597685 0.045949 0.182407
0 1355 0.246372 0.343056 0.041717 0.139815
0 1356 0.300786 0.407870 0.044135 0.156481
0 1357 0.181983 0.294444 0.037485 0.135185
0 1358 0.200121 0.303704 0.036276 0.131481
0 1359 0.650242 0.756481 0.058646 0.168519
0 1360 0.612757 0.712963 0.063482 0.187037
0 1361 0.819226 0.683333 0.044740 0.179630
0 1362 0.868198 0.675926 0.047158 0.185185
0 1363 0.840689 0.709259 0.053809 0.187037
0 1364 0.295949 0.294444 0.039299 0.138889
0 1365 0.694377 0.299074 0.034462 0.124074
0 1366 0.714027 0.475463 0.035067 0.145370
0 1368 0.976119 0.497685 0.033253 0.123148
0 1373 0.888755 0.580556 0.056832 0.157407
0 1374 0.982467 0.590741 0.032648 0.175926
0 1375 0.859129 0.549074 0.056832 0.146296
0 1377 0.923519 0.374074 0.032044 0.096296
0 1378 0.900242 0.350000 0.043531 0.135185
0 1382 0.932285 0.569907 0.039903 0.149074
0 1387 0.215840 0.156944 0.037485 0.137963
0 1388 0.098247 0.505093 0.052600 0.154630
0 1389 0.776300 0.168981 0.037485 0.121296
0 1390 0.987908 0.394444 0.022975 0.125926
0 1391 0.932285 0.476852 0.044740 0.157407
0 1392 0.987001 0.416667 0.019952 0.081481
0 1393 0.960097 0.343981 0.033857 0.123148
0 1394 0.649335 0.280556 0.032648 0.107407
0 1395 0.915054 0.515278 0.048972 0.158333
0 1396 0.905985 0.493519 0.034462 0.112963
0 1397 0.975212 0.439352 0.041112 0.156481
0 1398 0.750605 0.757870 0.048972 0.160185
0 1399 0.782950 0.751389 0.038694 0.149074
0 1400 0.922914 0.792130 0.056227 0.171296
0 1401 0.918984 0.595370 0.049577 0.196296
0 1404 0.972491 0.830093 0.046554 0.165741
0 1405 0.918077 0.868519 0.057437 0.151852
0 1406 0.972491 0.868056 0.048972 0.210185
0 1408 0.892987 0.656019 0.047158 0.150926
0 1411 0.951935 0.947685 0.048972 0.104630
0 1412 0.743047 0.353241 0.038694 0.121296
0 1413 0.784160 0.356019 0.042322 0.143519
0 1416 0.928356 0.716667 0.048972 0.185185
0 1434 0.067412 0.977315 0.040508 0.047222
0 1443 0.433495 0.650926 0.042322 0.148148
0 1444 0.293833 0.347222 0.043531 0.137037
0 1445 0.288392 0.363889 0.033857 0.142593
0 1489 0.919891 0.966667 0.055018 0.066667
0 1490 0.564389 0.485185 0.038089 0.135185
0 1494 0.871524 0.639815 0.044135 0.151852
0 1496 0.975212 0.726852 0.045949 0.159259
0 1501 0.272975 0.961574 0.048972 0.078704
0 1502 0.442866 0.945370 0.053809 0.109259
0 1510 0.515115 0.793519 0.048368 0.177778
0 1522 0.460399 0.844907 0.046554 0.162037
0 1531 0.574063 0.591667 0.039299 0.157407
0 1532 0.610339 0.603704 0.050181 0.151852
0 1549 0.354595 0.768056 0.048972 0.169444
0 1550 0.172914 0.918519 0.039903 0.157407
0 1551 0.246372 0.888889 0.048972 0.159259
0 1555 0.582225 0.504630 0.042322 0.137037
0 1556 0.553809 0.514815 0.030230 0.109259
0 1557 0.603990 0.573148 0.042322 0.151852
0 1565 0.526904 0.837963 0.053809 0.192593
0 1567 0.367291 0.447685 0.041717 0.137963
0 1570 0.435611 0.593981 0.044135 0.162037
0 1572 0.396614 0.354630 0.042322 0.151852
0 1573 0.497884 0.404167 0.032044 0.132407
0 1587 0.820435 0.964815 0.053204 0.070370
0 1592 0.406892 0.709722 0.037485 0.165741
0 1593 0.414148 0.746296 0.064087 0.162963
0 1594 0.450423 0.712963 0.042322 0.168519
0 1595 0.383918 0.717130 0.042322 0.165741
0 1621 0.957981 0.656481 0.036880 0.140741
0 1624 0.344619 0.110185 0.037485 0.140741
0 1632 0.329807 0.055556 0.029625 0.109259
0 1633 0.305018 0.053704 0.032044 0.105556
0 1634 0.012696 0.878704 0.024184 0.190741
0 1642 0.293833 0.114815 0.032648 0.131481
0 1647 0.951330 0.675463 0.048972 0.165741
0 1650 0.571644 0.660185 0.050181 0.148148
0 1651 0.533857 0.614815 0.039903 0.164815
0 1652 0.572854 0.649537 0.048972 0.150926
0 1653 0.689541 0.671759 0.044135 0.147222
0 1654 0.265417 0.438889 0.037485 0.140741
0 1655 0.512092 0.509259 0.035067 0.135185
0 1656 0.217050 0.887963 0.050786 0.168519
0 1657 0.482164 0.490741 0.041717 0.137037
0 1658 0.412334 0.341204 0.036276 0.137963
0 1659 0.350363 0.414815 0.036880 0.142593
0 1660 0.477328 0.382407 0.039299 0.142593
0 1661 0.519347 0.391667 0.031439 0.140741
0 1662 0.451935 0.531019 0.045345 0.143519
0 1664 0.321644 0.118056 0.035067 0.117593
0 1666 0.390266 0.635648 0.046554 0.160185
0 1667 0.461911 0.430556 0.037485 0.120370
0 1668 0.489117 0.421296 0.030230 0.124074
0 1670 0.763301 0.057407 0.036880 0.112963
0 1942 0.005441 0.167593 0.009674 0.124074
