0 1161 0.131197 0.804167 0.049577 0.143519
0 1162 0.159008 0.765278 0.051995 0.165741
0 1163 0.063482 0.758333 0.054414 0.179630
0 1164 0.087969 0.736111 0.056227 0.162963
0 1165 0.026602 0.726852 0.051995 0.153704
0 1166 0.262394 0.627315 0.039903 0.150926
0 1167 0.193168 0.335185 0.039299 0.146296
0 1173 0.152963 0.188426 0.043531 0.139815
0 1174 0.084341 0.137963 0.041717 0.135185
0 1177 0.045949 0.134259 0.027811 0.125926
0 1178 0.095526 0.043056 0.032648 0.084259
0 1179 0.123337 0.043519 0.036276 0.085185
0 1180 0.086759 0.028241 0.032044 0.054630
0 1181 0.174123 0.024537 0.038694 0.047222
0 1182 0.211608 0.045833 0.037485 0.089815
0 1183 0.256348 0.048148 0.035067 0.094444
0 1184 0.205562 0.087037 0.039903 0.118519
0 1185 0.246372 0.090278 0.039299 0.145370
0 1186 0.328295 0.239815 0.037485 0.133333
0 1187 0.293833 0.239352 0.036276 0.125000
0 1188 0.356711 0.042593 0.037485 0.083333
0 1189 0.444377 0.075926 0.037485 0.131481
0 1190 0.483676 0.112963 0.038694 0.129630
0 1191 0.509069 0.069444 0.036276 0.129630
0 1192 0.486094 0.068056 0.035067 0.123148
0 1193 0.423519 0.042593 0.036880 0.083333
0 1194 0.433192 0.037500 0.032044 0.073148
0 1195 0.541415 0.194444 0.044135 0.129630
0 1196 0.577690 0.189352 0.041717 0.126852
0 1197 0.550786 0.091204 0.032648 0.126852
0 1198 0.594015 0.122222 0.041717 0.127778
0 1199 0.574063 0.089352 0.034462 0.115741
0 1200 0.574970 0.049537 0.035067 0.097222
0 1201 0.631802 0.019444 0.030230 0.037037
0 1202 0.650544 0.016204 0.025393 0.030556
0 1203 0.672914 0.018981 0.027811 0.036111
0 1205 0.740629 0.018519 0.027811 0.035185
0 1206 0.640568 0.112037 0.039299 0.125926
0 1207 0.737908 0.448148 0.046554 0.153704
0 1208 0.635732 0.320370 0.041717 0.153704
0 1209 0.686820 0.303241 0.036276 0.134259
0 1210 0.668682 0.265278 0.037485 0.123148
0 1211 0.728235 0.230556 0.032044 0.125926
0 1212 0.704051 0.227315 0.033253 0.139815
0 1213 0.688029 0.200000 0.033857 0.140741
0 1214 0.801391 0.187037 0.038089 0.133333
0 1215 0.765719 0.168519 0.039299 0.118519
0 1216 0.785973 0.143519 0.037485 0.124074
0 1217 0.831318 0.118981 0.039903 0.117593
0 1218 0.798972 0.112963 0.036880 0.111111
0 1219 0.748186 0.075463 0.032044 0.117593
0 1220 0.873640 0.113426 0.037485 0.128704
0 1221 0.902660 0.102315 0.036276 0.134259
0 1222 0.966143 0.053241 0.032648 0.100926
0 1223 0.988513 0.063426 0.021765 0.125000
0 1224 0.944075 0.028704 0.029625 0.055556
0 1226 0.921403 0.166204 0.036276 0.134259
0 1227 0.960097 0.206944 0.039903 0.143519
0 1228 0.977932 0.160648 0.038089 0.128704
0 1229 0.994559 0.183333 0.009674 0.131481
0 1230 0.927449 0.379167 0.044740 0.137963
0 1231 0.941959 0.359722 0.032648 0.137963
0 1309 0.844619 0.975926 0.032648 0.050000
0 1310 0.988210 0.542593 0.022370 0.122222
0 1318 0.253325 0.031944 0.029021 0.062037
0 1319 0.240024 0.040278 0.024184 0.078704
0 1324 0.842805 0.976852 0.035067 0.046296
0 1325 0.105502 0.616204 0.042926 0.156481
0 1326 0.188029 0.611574 0.036276 0.147222
0 1327 0.168077 0.578241 0.042322 0.137963
0 1328 0.204051 0.577778 0.039299 0.151852
0 1329 0.193168 0.521296 0.038089 0.146296
0 1330 0.161427 0.509722 0.038694 0.132407
0 1341 0.697400 0.807407 0.048972 0.198148
0 1342 0.465538 0.247222 0.033857 0.131481
0 1343 0.409311 0.215278 0.037485 0.132407
0 1344 0.429565 0.219907 0.032044 0.130556
0 1345 0.422914 0.250000 0.040508 0.140741
0 1350 0.152660 0.410185 0.044135 0.137037
0 1351 0.286578 0.657870 0.036276 0.126852
0 1352 0.321040 0.503241 0.049577 0.152778
0 1353 0.323761 0.642130 0.044135 0.162037
0 1354 0.305623 0.662963 0.044135 0.181481
0 1355 0.182285 0.412500 0.038089 0.137963
0 1356 0.295647 0.471296 0.047158 0.157407
0 1357 0.113966 0.341667 0.036880 0.135185
0 1358 0.136336 0.350000 0.036880 0.140741
0 1359 0.636034 0.843519 0.058041 0.166667
0 1360 0.598851 0.794907 0.064692 0.184259
0 1361 0.823761 0.757407 0.044135 0.179630
0 1362 0.889057 0.779630 0.053809 0.190741
0 1363 0.853688 0.791204 0.058041 0.178704
0 1364 0.212515 0.346759 0.039299 0.139815
0 1365 0.704353 0.349074 0.032648 0.129630
0 1366 0.732164 0.578241 0.037485 0.143519
0 1368 0.987304 0.546759 0.024184 0.132407
0 1373 0.898126 0.639815 0.056227 0.157407
0 1374 0.979444 0.640278 0.039903 0.176852
0 1375 0.866687 0.610648 0.056227 0.149074
0 1377 0.906288 0.444444 0.032648 0.096296
0 1378 0.882709 0.407407 0.043531 0.135185
0 1382 0.927146 0.619907 0.039299 0.149074
0 1387 0.213120 0.158796 0.036880 0.137963
0 1388 0.074365 0.578241 0.060459 0.165741
0 1389 0.781439 0.205093 0.038089 0.121296
0 1391 0.962515 0.531944 0.044740 0.154630
0 1393 0.964329 0.360648 0.035067 0.123148
0 1394 0.659008 0.333333 0.032648 0.107407
0 1395 0.933797 0.558333 0.048972 0.159259
0 1396 0.933797 0.547222 0.034462 0.112963
0 1397 0.980048 0.466204 0.038694 0.156481
0 1398 0.733978 0.831944 0.049577 0.162037
0 1399 0.769649 0.819907 0.038694 0.149074
0 1400 0.969770 0.880093 0.055623 0.165741
0 1401 0.958888 0.643056 0.047158 0.204630
0 1405 0.973398 0.943056 0.051995 0.113889
0 1408 0.865175 0.697222 0.048368 0.151852
0 1412 0.742140 0.355556 0.038089 0.120370
0 1413 0.782346 0.356481 0.041112 0.140741
0 1416 0.945889 0.778241 0.058646 0.182407
0 1443 0.468561 0.680556 0.042322 0.148148
0 1444 0.295647 0.349537 0.043531 0.137963
0 1445 0.286578 0.363889 0.035067 0.142593
0 1490 0.566203 0.481944 0.038089 0.134259
0 1494 0.835248 0.682870 0.045345 0.150926
0 1496 0.976723 0.819907 0.044135 0.145370
0 1501 0.269952 0.961574 0.048972 0.078704
0 1502 0.439238 0.944907 0.055018 0.110185
0 1510 0.513906 0.794907 0.048368 0.180556
0 1522 0.456771 0.847222 0.046554 0.162963
0 1531 0.574063 0.600926 0.039299 0.157407
0 1532 0.609432 0.609259 0.050786 0.151852
0 1549 0.352479 0.770370 0.050786 0.168519
0 1551 0.172007 0.959259 0.044135 0.083333
0 1555 0.574970 0.509259 0.035067 0.137037
0 1556 0.545345 0.517593 0.032648 0.109259
0 1557 0.602177 0.576389 0.042322 0.150926
0 1565 0.516022 0.842593 0.045345 0.187037
0 1567 0.364268 0.446759 0.041717 0.136111
0 1570 0.395103 0.608796 0.039299 0.162037
0 1572 0.391475 0.355556 0.042926 0.151852
0 1573 0.500605 0.407407 0.032648 0.131481
0 1592 0.400846 0.702315 0.035067 0.158333
0 1593 0.409613 0.749074 0.052600 0.161111
0 1594 0.439843 0.716667 0.041717 0.166667
0 1595 0.382709 0.714815 0.044740 0.168519
0 1624 0.342805 0.111111 0.036276 0.140741
0 1632 0.324667 0.049537 0.027811 0.097222
0 1633 0.305320 0.043519 0.031439 0.085185
0 1634 0.011487 0.883796 0.021765 0.186111
0 1642 0.296856 0.116667 0.031439 0.131481
0 1647 0.977630 0.725926 0.042322 0.164815
0 1650 0.570738 0.659259 0.047158 0.146296
0 1651 0.514813 0.603241 0.039299 0.165741
0 1652 0.566505 0.649537 0.047158 0.141667
0 1653 0.687122 0.674537 0.044135 0.149074
0 1654 0.262394 0.435185 0.037485 0.140741
0 1655 0.508464 0.518519 0.033857 0.140741
0 1656 0.140871 0.947222 0.038694 0.107407
0 1657 0.478537 0.492130 0.044135 0.137963
0 1658 0.409008 0.341204 0.038089 0.136111
0 1659 0.335248 0.440741 0.040508 0.144444
0 1660 0.481560 0.382870 0.030834 0.141667
0 1661 0.509371 0.387037 0.033253 0.140741
0 1662 0.451028 0.531944 0.041112 0.145370
0 1664 0.319226 0.118981 0.036276 0.117593
0 1666 0.425333 0.661111 0.046554 0.162963
0 1667 0.460097 0.428704 0.037485 0.120370
0 1668 0.487304 0.423148 0.030230 0.124074
0 1670 0.730955 0.090278 0.036276 0.126852
0 1942 0.003628 0.168981 0.006046 0.123148
