0 1166 0.019347 0.581019 0.037485 0.139815
0 1167 0.431983 0.152778 0.041717 0.135185
0 1170 0.122128 0.117593 0.043531 0.118519
0 1171 0.081620 0.106481 0.042322 0.135185
0 1172 0.135429 0.083796 0.036276 0.132407
0 1173 0.059855 0.060185 0.039903 0.118519
0 1174 0.136034 0.029167 0.031439 0.056481
0 1177 0.101572 0.029630 0.030230 0.057407
0 1186 0.488513 0.075000 0.033857 0.120370
0 1187 0.457981 0.068519 0.035671 0.114815
0 1188 0.356711 0.018519 0.037485 0.035185
0 1193 0.376965 0.018056 0.036880 0.034259
0 1194 0.394800 0.014352 0.032648 0.026852
0 1195 0.487606 0.056481 0.039299 0.111111
0 1196 0.521161 0.053241 0.038694 0.104630
0 1197 0.614571 0.022685 0.032044 0.043519
0 1198 0.684401 0.033333 0.037485 0.064815
0 1206 0.709492 0.037963 0.034462 0.074074
0 1207 0.721886 0.171296 0.038694 0.129630
0 1208 0.612757 0.133796 0.039299 0.139815
0 1209 0.690447 0.131019 0.036276 0.121296
0 1210 0.637848 0.098611 0.037485 0.121296
0 1211 0.609432 0.050926 0.032648 0.100000
0 1212 0.584039 0.056944 0.039903 0.112037
0 1213 0.729746 0.043056 0.033857 0.084259
0 1214 0.750302 0.070833 0.036276 0.123148
0 1215 0.719468 0.064815 0.039903 0.118519
0 1216 0.702842 0.052778 0.036880 0.103704
0 1226 0.949214 0.043519 0.039903 0.085185
0 1228 0.968863 0.038889 0.032044 0.075926
0 1230 0.930774 0.162963 0.039299 0.129630
0 1231 0.970979 0.181019 0.037485 0.132407
0 1232 0.979746 0.575926 0.038089 0.153704
0 1233 0.389964 0.980556 0.039903 0.040741
0 1324 0.434401 0.922685 0.050181 0.154630
0 1325 0.135732 0.606019 0.041717 0.154630
0 1326 0.189541 0.603704 0.040508 0.146296
0 1327 0.167170 0.566204 0.038089 0.137963
0 1328 0.211306 0.568056 0.039299 0.149074
0 1329 0.195889 0.508333 0.035067 0.135185
0 1330 0.170193 0.510185 0.039299 0.135185
0 1336 0.011185 0.281481 0.021161 0.137037
0 1337 0.066203 0.156481 0.034462 0.140741
0 1338 0.102781 0.168056 0.043531 0.145370
0 1341 0.712817 0.570833 0.048368 0.182407
0 1342 0.439541 0.218981 0.035067 0.132407
0 1343 0.412031 0.209259 0.034462 0.131481
0 1344 0.432285 0.215278 0.035067 0.132407
0 1345 0.412334 0.228704 0.050786 0.140741
0 1346 0.078597 0.387963 0.050786 0.146296
0 1347 0.055018 0.373148 0.041112 0.146296
0 1348 0.138452 0.340278 0.036276 0.137963
0 1349 0.165054 0.344444 0.047158 0.157407
0 1350 0.327086 0.231481 0.039903 0.125926
0 1351 0.314389 0.402778 0.037485 0.125926
0 1352 0.348549 0.287037 0.046554 0.142593
0 1353 0.332225 0.364815 0.041717 0.151852
0 1354 0.337969 0.390278 0.045949 0.167593
0 1355 0.353386 0.230093 0.039299 0.137963
0 1356 0.433495 0.284259 0.041112 0.135185
0 1357 0.322249 0.187500 0.036276 0.126852
0 1358 0.341898 0.196296 0.036880 0.131481
0 1359 0.693470 0.543519 0.049577 0.153704
0 1360 0.659613 0.489815 0.045949 0.170370
0 1361 0.735187 0.487037 0.044740 0.179630
0 1362 0.746977 0.423148 0.044135 0.162963
0 1363 0.789299 0.480093 0.051391 0.178704
0 1364 0.448912 0.168981 0.036880 0.132407
0 1365 0.701028 0.168519 0.034462 0.112963
0 1366 0.701935 0.246296 0.033857 0.122222
0 1368 0.878779 0.365741 0.032044 0.118519
0 1373 0.896614 0.450926 0.055623 0.146296
0 1374 0.974002 0.463426 0.049577 0.173148
0 1375 0.862757 0.429167 0.053204 0.141667
0 1377 0.970375 0.250926 0.029021 0.090741
0 1378 0.952237 0.218519 0.039903 0.124074
0 1381 0.960097 0.425463 0.041112 0.143519
0 1382 0.931983 0.437037 0.041717 0.142593
0 1385 0.963120 0.366667 0.036276 0.135185
0 1387 0.215840 0.149537 0.037485 0.137963
0 1388 0.205260 0.374537 0.051391 0.154630
0 1389 0.767231 0.132870 0.037485 0.121296
0 1390 0.977025 0.301389 0.031439 0.126852
0 1391 0.856711 0.351852 0.047158 0.157407
0 1392 0.954353 0.302778 0.027207 0.092593
0 1393 0.942563 0.314815 0.033857 0.124074
0 1394 0.646010 0.141204 0.042926 0.112037
0 1395 0.863966 0.380093 0.043531 0.139815
0 1396 0.831318 0.361574 0.032648 0.112037
0 1397 0.931983 0.332870 0.039299 0.156481
0 1398 0.740931 0.598148 0.041717 0.162963
0 1399 0.767836 0.581944 0.039903 0.137963
0 1400 0.869407 0.625000 0.049577 0.170370
0 1401 0.868803 0.510648 0.049577 0.193519
0 1402 0.912938 0.758796 0.049577 0.182407
0 1403 0.176542 0.919444 0.059250 0.162963
0 1404 0.908706 0.664352 0.044740 0.156481
0 1405 0.832830 0.663426 0.056227 0.149074
0 1406 0.880895 0.676852 0.045949 0.190741
0 1407 0.548670 0.927315 0.055018 0.137963
0 1408 0.895405 0.570833 0.042322 0.149074
0 1409 0.949214 0.534722 0.039903 0.150926
0 1411 0.842805 0.733796 0.049577 0.165741
0 1412 0.741536 0.351389 0.039299 0.121296
0 1413 0.777207 0.353241 0.041717 0.143519
0 1414 0.517231 0.971759 0.041717 0.056481
0 1415 0.896312 0.802778 0.053809 0.185185
0 1416 0.948912 0.608333 0.053809 0.170370
0 1424 0.847340 0.868519 0.048972 0.157407
0 1434 0.076179 0.799074 0.044740 0.170370
0 1443 0.348851 0.569444 0.042322 0.146296
0 1444 0.290810 0.345833 0.042322 0.137963
0 1445 0.285369 0.361574 0.033857 0.143519
0 1447 0.977328 0.750000 0.044135 0.170370
0 1456 0.810762 0.866667 0.050786 0.174074
0 1486 0.822249 0.947685 0.055623 0.104630
0 1488 0.973700 0.850926 0.051391 0.185185
0 1489 0.850060 0.788426 0.059250 0.176852
0 1490 0.550786 0.485648 0.030230 0.126852
0 1494 0.883615 0.565278 0.044135 0.145370
0 1495 0.944075 0.767130 0.041717 0.095370
0 1496 0.980955 0.577778 0.038089 0.148148
0 1501 0.273881 0.958796 0.048368 0.084259
0 1502 0.443168 0.942130 0.053204 0.117593
0 1510 0.515115 0.783796 0.049577 0.176852
0 1522 0.460399 0.844444 0.046554 0.162963
0 1531 0.574970 0.583333 0.038694 0.162963
0 1532 0.613059 0.600000 0.047158 0.151852
0 1549 0.353688 0.763889 0.047158 0.164815
0 1550 0.290810 0.703241 0.037485 0.156481
0 1551 0.367594 0.678704 0.053204 0.181481
0 1555 0.585852 0.500463 0.042322 0.137963
0 1556 0.557437 0.510648 0.030230 0.110185
0 1557 0.608222 0.572222 0.042322 0.151852
0 1565 0.527207 0.837500 0.042322 0.187963
0 1567 0.360036 0.446759 0.041717 0.137963
0 1570 0.486094 0.569444 0.044740 0.164815
0 1572 0.396312 0.343519 0.041717 0.151852
0 1573 0.496977 0.398611 0.032648 0.132407
0 1583 0.674728 0.949074 0.032648 0.103704
0 1584 0.649940 0.940278 0.045949 0.121296
0 1587 0.638150 0.871759 0.053809 0.167593
0 1588 0.620919 0.918519 0.043531 0.164815
0 1592 0.404776 0.695833 0.036880 0.165741
0 1593 0.412031 0.741204 0.068319 0.162037
0 1594 0.448609 0.710648 0.042322 0.160185
0 1595 0.386638 0.707870 0.039299 0.167593
0 1610 0.910520 0.899074 0.047158 0.175926
0 1615 0.891778 0.943519 0.060459 0.114815
0 1621 0.917775 0.540741 0.042322 0.140741
0 1624 0.344015 0.109259 0.037485 0.140741
0 1626 0.952237 0.978704 0.041112 0.044444
0 1632 0.322249 0.094444 0.032648 0.116667
0 1633 0.309250 0.071759 0.032044 0.115741
0 1634 0.011487 0.877315 0.021765 0.184259
0 1642 0.296856 0.102778 0.032648 0.131481
0 1643 0.942866 0.932407 0.055018 0.133333
0 1647 0.923519 0.584259 0.048972 0.161111
0 1650 0.563482 0.650463 0.043531 0.156481
0 1651 0.556832 0.640741 0.053204 0.157407
0 1652 0.585852 0.625463 0.042322 0.160185
0 1653 0.694075 0.673148 0.043531 0.148148
0 1654 0.273881 0.429630 0.036276 0.146296
0 1655 0.521463 0.511111 0.034462 0.135185
0 1656 0.335248 0.666667 0.046554 0.174074
0 1657 0.498791 0.493056 0.037485 0.143519
0 1658 0.414752 0.337500 0.037485 0.137963
0 1659 0.374849 0.393056 0.039903 0.143519
0 1660 0.479444 0.368056 0.032648 0.143519
0 1661 0.520859 0.379167 0.032044 0.149074
0 1662 0.450121 0.528241 0.042926 0.149074
0 1664 0.318017 0.117593 0.035067 0.118519
0 1666 0.314994 0.551389 0.047158 0.156481
0 1667 0.465538 0.419907 0.037485 0.121296
0 1668 0.490326 0.418981 0.030230 0.115741
0 1669 0.715840 0.942593 0.050786 0.114815
0 1670 0.776904 0.050926 0.037485 0.100000
0 1942 0.006348 0.164815 0.011487 0.124074
