0 1166 0.022068 0.583796 0.042926 0.143519
0 1167 0.426542 0.155556 0.041717 0.135185
0 1170 0.119710 0.122222 0.042322 0.120370
0 1171 0.078597 0.111111 0.042322 0.135185
0 1172 0.133615 0.088426 0.036276 0.132407
0 1173 0.061366 0.064352 0.039299 0.121296
0 1174 0.134522 0.031019 0.033253 0.060185
0 1177 0.100363 0.031481 0.030230 0.061111
0 1186 0.485490 0.079630 0.033857 0.120370
0 1187 0.452842 0.072222 0.036276 0.114815
0 1188 0.356711 0.018519 0.037485 0.035185
0 1193 0.376965 0.018981 0.036880 0.036111
0 1194 0.394800 0.014815 0.032648 0.027778
0 1195 0.489420 0.058796 0.039299 0.113889
0 1196 0.522370 0.054630 0.038694 0.107407
0 1197 0.613966 0.025000 0.032044 0.048148
0 1198 0.683192 0.035185 0.037485 0.068519
0 1206 0.708888 0.039352 0.034462 0.076852
0 1207 0.722793 0.175926 0.039299 0.129630
0 1208 0.610943 0.137500 0.039299 0.139815
0 1209 0.689843 0.135648 0.036276 0.121296
0 1210 0.637545 0.103241 0.036880 0.121296
0 1211 0.611850 0.053241 0.032648 0.104630
0 1212 0.586457 0.059259 0.039903 0.116667
0 1213 0.728537 0.044907 0.033857 0.087963
0 1214 0.751511 0.072685 0.036276 0.123148
0 1215 0.720677 0.067593 0.039903 0.118519
0 1216 0.705865 0.054630 0.036880 0.107407
0 1226 0.951028 0.045370 0.039903 0.088889
0 1228 0.970073 0.040741 0.032044 0.079630
0 1230 0.930774 0.169444 0.039299 0.129630
0 1231 0.971282 0.185648 0.036880 0.132407
0 1232 0.980048 0.580093 0.037485 0.154630
0 1233 0.399637 0.979167 0.039903 0.043519
0 1324 0.444075 0.920370 0.051391 0.159259
0 1325 0.136336 0.606019 0.041717 0.154630
0 1326 0.192866 0.604630 0.041112 0.146296
0 1327 0.167170 0.568056 0.038089 0.137963
0 1328 0.211306 0.568981 0.039299 0.149074
0 1329 0.195889 0.509259 0.035067 0.135185
0 1330 0.170193 0.511111 0.039299 0.135185
0 1336 0.009674 0.287037 0.018138 0.137037
0 1337 0.062576 0.161111 0.034462 0.140741
0 1338 0.097944 0.172685 0.043531 0.145370
0 1341 0.715236 0.577315 0.048368 0.182407
0 1342 0.439541 0.219907 0.035067 0.132407
0 1343 0.412031 0.210185 0.034462 0.131481
0 1344 0.432285 0.216204 0.035067 0.132407
0 1345 0.411427 0.229630 0.051391 0.140741
0 1346 0.073156 0.395370 0.053204 0.144444
0 1347 0.049879 0.378704 0.041717 0.146296
0 1348 0.133615 0.348611 0.037485 0.137963
0 1349 0.159613 0.352778 0.047158 0.157407
0 1350 0.325877 0.233796 0.039903 0.126852
0 1351 0.313180 0.411574 0.037485 0.126852
0 1352 0.346735 0.293519 0.046554 0.144444
0 1353 0.329202 0.370370 0.041717 0.153704
0 1354 0.337062 0.396759 0.045345 0.167593
0 1355 0.350363 0.232870 0.039299 0.137963
0 1356 0.427751 0.287963 0.040508 0.137037
0 1357 0.318622 0.190278 0.036276 0.126852
0 1358 0.337969 0.199074 0.037485 0.131481
0 1359 0.692563 0.551389 0.048972 0.154630
0 1360 0.660822 0.497685 0.048368 0.171296
0 1361 0.739722 0.493519 0.045345 0.179630
0 1362 0.750605 0.428704 0.044135 0.162963
0 1363 0.792019 0.488426 0.049577 0.178704
0 1364 0.443470 0.173611 0.036880 0.132407
0 1365 0.699819 0.172222 0.034462 0.112963
0 1366 0.701935 0.252315 0.033857 0.123148
0 1368 0.881499 0.369907 0.032648 0.119444
0 1373 0.896614 0.455556 0.055623 0.146296
0 1374 0.975212 0.468519 0.048368 0.175926
0 1375 0.863362 0.433333 0.053204 0.142593
0 1377 0.970073 0.256481 0.029625 0.090741
0 1378 0.951632 0.224074 0.041112 0.124074
0 1381 0.963724 0.429167 0.041112 0.143519
0 1382 0.933192 0.441667 0.041717 0.142593
0 1385 0.964329 0.371296 0.036276 0.135185
0 1387 0.215840 0.150463 0.037485 0.137963
0 1388 0.201632 0.379167 0.051391 0.154630
0 1389 0.767231 0.132870 0.037485 0.121296
0 1390 0.978839 0.306019 0.031439 0.126852
0 1391 0.857920 0.356481 0.047158 0.157407
0 1392 0.956167 0.307870 0.027207 0.093519
0 1393 0.941959 0.318519 0.033857 0.124074
0 1394 0.645103 0.146759 0.043531 0.112037
0 1395 0.865175 0.383796 0.043531 0.139815
0 1396 0.833434 0.367130 0.032044 0.112037
0 1397 0.932890 0.335648 0.039903 0.156481
0 1398 0.741536 0.603704 0.041717 0.162963
0 1399 0.769045 0.587500 0.039903 0.137963
0 1400 0.869407 0.627778 0.049577 0.170370
0 1401 0.869407 0.512500 0.049577 0.193519
0 1402 0.916566 0.768056 0.049577 0.184259
0 1403 0.173216 0.925000 0.058646 0.151852
0 1404 0.911125 0.671759 0.044740 0.156481
0 1405 0.833434 0.669907 0.056227 0.149074
0 1406 0.882709 0.681019 0.045949 0.189815
0 1407 0.547763 0.934259 0.055623 0.131481
0 1408 0.894800 0.573611 0.042322 0.149074
0 1409 0.950423 0.537500 0.039903 0.150926
0 1411 0.845828 0.743519 0.049577 0.168519
0 1412 0.741536 0.352315 0.039299 0.121296
0 1413 0.777811 0.354167 0.041717 0.143519
0 1414 0.513301 0.976852 0.038694 0.046296
0 1415 0.897219 0.810185 0.055623 0.185185
0 1416 0.946493 0.613889 0.053809 0.170370
0 1424 0.847340 0.876852 0.048972 0.157407
0 1434 0.077086 0.807407 0.044135 0.170370
0 1443 0.350060 0.574074 0.042322 0.146296
0 1444 0.290810 0.346759 0.042322 0.137963
0 1445 0.285369 0.361574 0.033857 0.143519
0 1447 0.978839 0.753704 0.042322 0.170370
0 1456 0.811366 0.876852 0.050786 0.175926
0 1486 0.824063 0.952315 0.055623 0.095370
0 1488 0.974909 0.861111 0.048972 0.187037
0 1489 0.852479 0.794907 0.059250 0.176852
0 1490 0.551088 0.486574 0.029625 0.126852
0 1494 0.882406 0.567130 0.044135 0.145370
0 1495 0.947703 0.772685 0.041717 0.095370
0 1496 0.980653 0.581944 0.038694 0.149074
0 1501 0.273881 0.958796 0.048368 0.084259
0 1502 0.443168 0.942130 0.053204 0.117593
0 1510 0.515115 0.784722 0.049577 0.176852
0 1522 0.460399 0.845370 0.046554 0.162963
0 1531 0.576179 0.582407 0.038694 0.164815
0 1532 0.613059 0.600463 0.047158 0.150926
0 1549 0.353688 0.764815 0.047158 0.164815
0 1550 0.286880 0.710648 0.039299 0.154630
0 1551 0.361850 0.682407 0.053809 0.181481
0 1555 0.585852 0.500926 0.042322 0.137037
0 1556 0.558041 0.511574 0.030230 0.110185
0 1557 0.608222 0.573148 0.042322 0.151852
0 1565 0.527207 0.837963 0.042322 0.188889
0 1567 0.360339 0.447685 0.042322 0.137963
0 1570 0.484885 0.571296 0.044740 0.166667
0 1572 0.396312 0.345370 0.041717 0.151852
0 1573 0.497582 0.399537 0.032648 0.132407
0 1583 0.675030 0.953241 0.033253 0.095370
0 1584 0.650242 0.944444 0.046554 0.112963
0 1587 0.644196 0.874537 0.053809 0.167593
0 1588 0.625756 0.919907 0.043531 0.162037
0 1592 0.405381 0.696759 0.036880 0.165741
0 1593 0.412031 0.742130 0.068319 0.162037
0 1594 0.448609 0.711574 0.042322 0.160185
0 1595 0.386638 0.708796 0.039299 0.167593
0 1610 0.912636 0.903704 0.046554 0.172222
0 1615 0.893289 0.947685 0.058646 0.106481
0 1621 0.918984 0.544444 0.042322 0.140741
0 1624 0.344015 0.109259 0.037485 0.140741
0 1632 0.322854 0.094907 0.032648 0.115741
0 1633 0.309250 0.071759 0.032044 0.115741
0 1634 0.011487 0.877315 0.021765 0.184259
0 1642 0.297461 0.102778 0.032648 0.131481
0 1643 0.943773 0.935648 0.054414 0.126852
0 1647 0.924728 0.587500 0.048972 0.162037
0 1650 0.562878 0.651389 0.043531 0.156481
0 1651 0.557134 0.639815 0.053809 0.159259
0 1652 0.585852 0.627315 0.043531 0.160185
0 1653 0.694680 0.674074 0.043531 0.148148
0 1654 0.272672 0.431481 0.036276 0.146296
0 1655 0.521161 0.512037 0.035067 0.135185
0 1656 0.327388 0.675000 0.046554 0.174074
0 1657 0.498791 0.493981 0.037485 0.143519
0 1658 0.414752 0.337500 0.037485 0.137963
0 1659 0.374244 0.394907 0.039903 0.143519
0 1660 0.480653 0.369907 0.032648 0.143519
0 1661 0.521463 0.380093 0.032044 0.149074
0 1662 0.450423 0.528704 0.043531 0.148148
0 1664 0.318622 0.117593 0.035067 0.118519
0 1666 0.316203 0.555093 0.047158 0.156481
0 1667 0.465538 0.420833 0.037485 0.121296
0 1668 0.490931 0.418981 0.030230 0.115741
0 1669 0.717654 0.946759 0.050786 0.106481
0 1670 0.776904 0.050926 0.037485 0.100000
0 1942 0.006651 0.164815 0.012092 0.124074
