0 1162 0.013906 0.635185 0.026602 0.155556
0 1164 0.007255 0.589815 0.013301 0.153704
0 1166 0.065901 0.611574 0.043531 0.139815
0 1167 0.368803 0.179630 0.042322 0.135185
0 1170 0.090085 0.159722 0.037485 0.125000
0 1171 0.050786 0.145370 0.042322 0.135185
0 1172 0.109734 0.123611 0.036880 0.132407
0 1173 0.075272 0.098611 0.039299 0.132407
0 1174 0.129081 0.048148 0.039299 0.094444
0 1177 0.089480 0.048611 0.030230 0.095370
0 1184 0.232164 0.029630 0.039903 0.057407
0 1185 0.263906 0.031019 0.032044 0.060185
0 1186 0.459794 0.110185 0.029625 0.125926
0 1187 0.422612 0.101852 0.036276 0.118519
0 1188 0.356711 0.021759 0.037485 0.041667
0 1193 0.380290 0.025926 0.037485 0.050000
0 1194 0.396614 0.017130 0.032648 0.032407
0 1195 0.506651 0.086111 0.039903 0.124074
0 1196 0.536880 0.078241 0.038694 0.121296
0 1197 0.607920 0.039815 0.032044 0.077778
0 1198 0.666868 0.047222 0.037485 0.092593
0 1199 0.630593 0.040741 0.035067 0.079630
0 1206 0.696191 0.049537 0.034462 0.097222
0 1207 0.730653 0.228704 0.039299 0.138889
0 1208 0.610036 0.177778 0.042322 0.140741
0 1209 0.683192 0.170370 0.036276 0.127778
0 1210 0.634220 0.142130 0.037485 0.121296
0 1211 0.636941 0.079167 0.032044 0.123148
0 1212 0.603990 0.089352 0.039903 0.126852
0 1213 0.714631 0.057870 0.033857 0.113889
0 1214 0.761487 0.092130 0.036880 0.125000
0 1215 0.732164 0.086111 0.039903 0.118519
0 1216 0.732164 0.063889 0.037485 0.124074
0 1217 0.964027 0.029167 0.041717 0.056481
0 1218 0.936820 0.045833 0.034462 0.089815
0 1219 0.648730 0.026389 0.032648 0.050926
0 1220 0.963120 0.033796 0.037485 0.065741
0 1226 0.960399 0.063889 0.039299 0.125926
0 1228 0.977932 0.057407 0.032044 0.111111
0 1230 0.934401 0.215278 0.039299 0.136111
0 1231 0.972491 0.227315 0.036880 0.132407
0 1232 0.982467 0.623148 0.033857 0.162963
0 1233 0.477025 0.966204 0.039903 0.069444
0 1324 0.535067 0.910185 0.051995 0.162963
0 1325 0.133615 0.607870 0.042322 0.154630
0 1326 0.191657 0.607407 0.043531 0.146296
0 1327 0.168682 0.575463 0.039903 0.137963
0 1328 0.211306 0.573611 0.039299 0.149074
0 1329 0.195889 0.512963 0.035067 0.135185
0 1330 0.170193 0.516204 0.039299 0.134259
0 1337 0.040206 0.200463 0.041717 0.143519
0 1338 0.066505 0.206944 0.043531 0.149074
0 1341 0.725816 0.626852 0.048972 0.185185
0 1342 0.440750 0.226389 0.033857 0.132407
0 1343 0.412031 0.218519 0.034462 0.131481
0 1344 0.432285 0.221759 0.035067 0.132407
0 1345 0.415659 0.236111 0.044135 0.140741
0 1346 0.035671 0.453704 0.047158 0.150000
0 1347 0.015719 0.440278 0.030230 0.160185
0 1348 0.088271 0.397685 0.033857 0.137963
0 1349 0.112455 0.399074 0.047158 0.157407
0 1350 0.311971 0.261574 0.039903 0.134259
0 1351 0.307437 0.464815 0.036880 0.131481
0 1352 0.341898 0.341667 0.046554 0.148148
0 1353 0.314692 0.427315 0.044135 0.160185
0 1354 0.337969 0.448611 0.044740 0.167593
0 1355 0.336155 0.262037 0.041112 0.137037
0 1356 0.380895 0.324074 0.036276 0.148148
0 1357 0.285973 0.223611 0.036276 0.126852
0 1358 0.308948 0.236574 0.037485 0.132407
0 1359 0.679262 0.610648 0.055018 0.154630
0 1360 0.664148 0.563889 0.052600 0.175926
0 1361 0.771765 0.552778 0.044135 0.179630
0 1362 0.787183 0.503241 0.047158 0.182407
0 1363 0.810459 0.561111 0.046554 0.181481
0 1364 0.395405 0.196759 0.039903 0.132407
0 1365 0.697098 0.207407 0.033857 0.112963
0 1366 0.699214 0.318056 0.034462 0.137963
0 1368 0.913845 0.407870 0.041717 0.123148
0 1373 0.892684 0.494444 0.056227 0.150000
0 1374 0.976119 0.502778 0.046554 0.175926
0 1375 0.858525 0.460185 0.051995 0.142593
0 1377 0.962817 0.295370 0.032044 0.094444
0 1378 0.946796 0.265278 0.044740 0.126852
0 1381 0.979746 0.463426 0.039299 0.143519
0 1382 0.938634 0.481019 0.040508 0.147222
0 1385 0.979444 0.407870 0.036276 0.134259
0 1387 0.215840 0.156019 0.037485 0.137963
0 1388 0.173216 0.415278 0.051391 0.154630
0 1389 0.766626 0.136574 0.037485 0.121296
0 1390 0.985187 0.337963 0.029625 0.125926
0 1391 0.879686 0.393056 0.047158 0.156481
0 1392 0.966747 0.346296 0.027811 0.096296
0 1393 0.947400 0.337963 0.033857 0.124074
0 1394 0.636941 0.188889 0.032044 0.112963
0 1395 0.881499 0.422222 0.043531 0.146296
0 1396 0.851572 0.405093 0.033253 0.112037
0 1397 0.939541 0.367130 0.039903 0.156481
0 1398 0.751511 0.646296 0.042322 0.161111
0 1399 0.776904 0.632870 0.038694 0.137963
0 1400 0.883313 0.670833 0.050786 0.173148
0 1401 0.876058 0.523611 0.049577 0.193519
0 1402 0.953446 0.838426 0.054414 0.184259
0 1403 0.123640 0.962500 0.055018 0.075000
0 1404 0.937727 0.714352 0.047158 0.156481
0 1405 0.853083 0.722685 0.055623 0.154630
0 1406 0.901149 0.721759 0.046554 0.193519
0 1407 0.534764 0.972685 0.047763 0.052778
0 1408 0.894800 0.599074 0.044740 0.150000
0 1409 0.957074 0.567130 0.039903 0.150926
0 1411 0.873035 0.806481 0.049577 0.174074
0 1412 0.742745 0.355093 0.039299 0.121296
0 1413 0.785067 0.358796 0.041717 0.143519
0 1415 0.916566 0.875000 0.058041 0.190741
0 1416 0.933192 0.647222 0.050181 0.170370
0 1424 0.855502 0.931944 0.050786 0.136111
0 1434 0.085248 0.870370 0.047158 0.175926
0 1443 0.370012 0.603704 0.042322 0.148148
0 1444 0.296554 0.352315 0.044135 0.137963
0 1445 0.284160 0.365278 0.033857 0.143519
0 1456 0.820435 0.926852 0.050786 0.142593
0 1489 0.871524 0.854630 0.065901 0.185185
0 1490 0.552600 0.493981 0.030230 0.126852
0 1494 0.876965 0.582870 0.044135 0.147222
0 1495 0.975816 0.819444 0.037485 0.100000
0 1496 0.980955 0.620833 0.036880 0.150926
0 1501 0.274184 0.959722 0.048972 0.082407
0 1502 0.443470 0.943519 0.053809 0.114815
0 1510 0.515115 0.792593 0.049577 0.175926
0 1522 0.462515 0.849074 0.045949 0.162963
0 1531 0.571947 0.591667 0.039903 0.157407
0 1532 0.613059 0.604167 0.047158 0.150926
0 1549 0.355200 0.771296 0.046554 0.164815
0 1550 0.262999 0.755093 0.038694 0.150926
0 1551 0.321040 0.737037 0.050786 0.174074
0 1555 0.586457 0.506481 0.042322 0.137037
0 1556 0.561064 0.516204 0.030230 0.110185
0 1557 0.607013 0.576852 0.042322 0.151852
0 1565 0.526602 0.842130 0.041112 0.189815
0 1567 0.363966 0.448611 0.042322 0.137963
0 1570 0.472793 0.587963 0.044740 0.168519
0 1572 0.396312 0.351852 0.041717 0.151852
0 1573 0.501814 0.405093 0.032648 0.132407
0 1587 0.685611 0.897222 0.056832 0.168519
0 1588 0.656590 0.931944 0.044740 0.137963
0 1592 0.405985 0.703241 0.036880 0.165741
0 1593 0.412031 0.748611 0.068319 0.162037
0 1594 0.449516 0.718981 0.041717 0.160185
0 1595 0.389057 0.716204 0.039299 0.167593
0 1610 0.923821 0.939815 0.045949 0.118519
0 1621 0.927449 0.580556 0.036276 0.140741
0 1624 0.344619 0.113889 0.037485 0.140741
0 1632 0.337666 0.095370 0.032044 0.116667
0 1633 0.309250 0.075463 0.032044 0.115741
0 1634 0.012394 0.883333 0.023579 0.185185
0 1642 0.298972 0.108333 0.032044 0.131481
0 1643 0.952237 0.967593 0.051995 0.064815
0 1647 0.931681 0.613426 0.049577 0.165741
0 1650 0.570133 0.647685 0.060459 0.173148
0 1651 0.552902 0.636574 0.044135 0.165741
0 1652 0.583434 0.633333 0.042322 0.164815
0 1653 0.695586 0.675926 0.044135 0.148148
0 1654 0.278718 0.439815 0.037485 0.140741
0 1655 0.513906 0.518519 0.035067 0.135185
0 1656 0.287183 0.727778 0.045949 0.174074
0 1657 0.497582 0.496759 0.037485 0.143519
0 1658 0.413543 0.343056 0.036276 0.137963
0 1659 0.368803 0.406944 0.039903 0.143519
0 1660 0.481862 0.375463 0.032648 0.143519
0 1661 0.522975 0.388426 0.032648 0.149074
0 1662 0.451632 0.531481 0.047158 0.148148
0 1664 0.321947 0.119444 0.034462 0.118519
0 1666 0.327388 0.581019 0.046554 0.150926
0 1667 0.465538 0.424537 0.037485 0.121296
0 1668 0.492745 0.421759 0.030230 0.115741
0 1670 0.777207 0.050463 0.036880 0.099074
0 1942 0.007255 0.169444 0.013301 0.124074
