0 1162 0.011185 0.634722 0.021161 0.154630
0 1164 0.006046 0.587963 0.010883 0.153704
0 1166 0.062273 0.608796 0.043531 0.137963
0 1167 0.372430 0.176852 0.042322 0.135185
0 1170 0.092805 0.157407 0.036880 0.127778
0 1171 0.052600 0.143519 0.042322 0.135185
0 1172 0.111548 0.119907 0.036880 0.132407
0 1173 0.074063 0.095833 0.039299 0.132407
0 1174 0.129081 0.046759 0.039299 0.091667
0 1177 0.090085 0.046759 0.030230 0.091667
0 1184 0.231560 0.028704 0.039903 0.055556
0 1185 0.263301 0.030093 0.032044 0.058333
0 1186 0.461608 0.107407 0.029625 0.125926
0 1187 0.424728 0.099074 0.036880 0.118519
0 1188 0.356711 0.021296 0.037485 0.040741
0 1193 0.379383 0.025463 0.036880 0.049074
0 1194 0.396010 0.017130 0.032648 0.032407
0 1195 0.504837 0.083333 0.039903 0.124074
0 1196 0.536276 0.075926 0.038694 0.120370
0 1197 0.608827 0.038889 0.032648 0.075926
0 1198 0.668077 0.046296 0.037485 0.090741
0 1199 0.631197 0.039815 0.035067 0.077778
0 1206 0.698005 0.048611 0.034462 0.095370
0 1207 0.730048 0.224537 0.039299 0.137963
0 1208 0.609432 0.175000 0.042322 0.140741
0 1209 0.683797 0.167593 0.036276 0.125926
0 1210 0.634522 0.138426 0.036880 0.121296
0 1211 0.634522 0.076389 0.032044 0.123148
0 1212 0.602177 0.086574 0.039903 0.126852
0 1213 0.715236 0.056944 0.033857 0.112037
0 1214 0.760883 0.089815 0.036880 0.124074
0 1215 0.730955 0.084259 0.039903 0.118519
0 1216 0.729746 0.063426 0.037485 0.123148
0 1217 0.964027 0.026389 0.041717 0.050926
0 1218 0.936820 0.043519 0.034462 0.085185
0 1219 0.646917 0.025463 0.032648 0.049074
0 1220 0.963120 0.032407 0.037485 0.062963
0 1226 0.961004 0.062500 0.039299 0.123148
0 1228 0.977932 0.056019 0.032044 0.110185
0 1230 0.934099 0.211574 0.039903 0.136111
0 1231 0.972793 0.223611 0.037485 0.132407
0 1232 0.981862 0.618981 0.033857 0.162037
0 1233 0.471584 0.967593 0.039903 0.066667
0 1324 0.527207 0.909259 0.051995 0.162963
0 1325 0.134220 0.607870 0.042322 0.154630
0 1326 0.191657 0.606944 0.043531 0.145370
0 1327 0.168682 0.575463 0.039903 0.137963
0 1328 0.211306 0.573611 0.039299 0.149074
0 1329 0.195889 0.512963 0.035067 0.135185
0 1330 0.170193 0.515741 0.039299 0.135185
0 1337 0.042019 0.196759 0.041717 0.143519
0 1338 0.067715 0.204167 0.043531 0.149074
0 1341 0.724607 0.623611 0.048972 0.184259
0 1342 0.440750 0.226389 0.033857 0.132407
0 1343 0.412031 0.218519 0.034462 0.131481
0 1344 0.432285 0.220833 0.035067 0.132407
0 1345 0.415357 0.236111 0.044740 0.140741
0 1346 0.036880 0.448611 0.047158 0.149074
0 1347 0.017533 0.435185 0.033857 0.159259
0 1348 0.091294 0.392593 0.033857 0.137037
0 1349 0.116082 0.393519 0.047158 0.157407
0 1350 0.313180 0.258796 0.039903 0.134259
0 1351 0.308646 0.460648 0.036880 0.130556
0 1352 0.342805 0.337963 0.047158 0.148148
0 1353 0.315599 0.422685 0.043531 0.160185
0 1354 0.337969 0.443981 0.044740 0.167593
0 1355 0.336457 0.259259 0.040508 0.137037
0 1356 0.383313 0.322222 0.036276 0.148148
0 1357 0.288996 0.220833 0.036276 0.126852
0 1358 0.311366 0.233796 0.037485 0.132407
0 1359 0.681983 0.606944 0.054414 0.154630
0 1360 0.663241 0.559259 0.053204 0.175926
0 1361 0.769347 0.548148 0.045345 0.179630
0 1362 0.784764 0.497685 0.047158 0.182407
0 1363 0.809250 0.556019 0.046554 0.180556
0 1364 0.399033 0.193981 0.039903 0.132407
0 1365 0.697098 0.204630 0.033857 0.112963
0 1366 0.699214 0.314352 0.034462 0.137963
0 1368 0.910520 0.405093 0.039903 0.123148
0 1373 0.892987 0.490741 0.055623 0.150000
0 1374 0.975514 0.500000 0.047763 0.175926
0 1375 0.858827 0.457407 0.052600 0.142593
0 1377 0.963422 0.292130 0.032044 0.093519
0 1378 0.947400 0.262500 0.044740 0.126852
0 1381 0.979444 0.460185 0.039903 0.142593
0 1382 0.937727 0.477778 0.041112 0.146296
0 1385 0.978235 0.405093 0.036276 0.134259
0 1387 0.215840 0.156019 0.037485 0.137963
0 1388 0.175635 0.412500 0.051391 0.154630
0 1389 0.766626 0.136574 0.037485 0.121296
0 1390 0.984885 0.336111 0.030230 0.125926
0 1391 0.877872 0.390278 0.047158 0.156481
0 1392 0.966143 0.343519 0.027811 0.096296
0 1393 0.946796 0.336111 0.033857 0.124074
0 1394 0.636941 0.186111 0.032044 0.112963
0 1395 0.879686 0.418519 0.043531 0.146296
0 1396 0.850363 0.402778 0.033253 0.112963
0 1397 0.938936 0.364352 0.039903 0.156481
0 1398 0.750302 0.641204 0.042322 0.158333
0 1399 0.776300 0.629167 0.038694 0.137963
0 1400 0.882709 0.668056 0.050786 0.173148
0 1401 0.875453 0.521759 0.049577 0.193519
0 1402 0.949819 0.831944 0.054414 0.184259
0 1403 0.127267 0.959259 0.059855 0.081481
0 1404 0.935913 0.710648 0.047158 0.156481
0 1405 0.850967 0.717130 0.056227 0.154630
0 1406 0.899940 0.719907 0.046554 0.193519
0 1407 0.535671 0.969907 0.049577 0.058333
0 1408 0.894498 0.597222 0.044135 0.150000
0 1409 0.954655 0.564352 0.039903 0.150926
0 1411 0.871826 0.801852 0.049577 0.174074
0 1412 0.742443 0.355093 0.039903 0.121296
0 1413 0.785067 0.357870 0.041717 0.143519
0 1415 0.915054 0.869444 0.058646 0.190741
0 1416 0.934099 0.645370 0.050786 0.170370
0 1424 0.854293 0.929630 0.050786 0.140741
0 1434 0.085248 0.865278 0.047158 0.175000
0 1443 0.368198 0.601852 0.042322 0.148148
0 1444 0.295949 0.352315 0.044135 0.137963
0 1445 0.284764 0.365278 0.033857 0.143519
0 1456 0.819226 0.923611 0.050786 0.147222
0 1489 0.869105 0.849074 0.065901 0.185185
0 1490 0.552600 0.493056 0.030230 0.126852
0 1494 0.876360 0.581481 0.044135 0.146296
0 1495 0.974002 0.814352 0.038694 0.099074
0 1496 0.980955 0.616667 0.036880 0.150000
0 1501 0.274184 0.959722 0.048972 0.082407
0 1502 0.443470 0.943519 0.053809 0.114815
0 1510 0.515115 0.792130 0.049577 0.176852
0 1522 0.461911 0.849074 0.045949 0.162963
0 1531 0.571947 0.591667 0.039903 0.157407
0 1532 0.613059 0.604167 0.047158 0.150926
0 1549 0.354897 0.771296 0.047158 0.164815
0 1550 0.264813 0.752315 0.038694 0.149074
0 1551 0.324667 0.731019 0.053204 0.178704
0 1555 0.586155 0.506481 0.041717 0.137037
0 1556 0.561064 0.516204 0.030230 0.110185
0 1557 0.607316 0.576852 0.041717 0.151852
0 1565 0.526602 0.841667 0.041112 0.190741
0 1567 0.363966 0.448611 0.042322 0.137963
0 1570 0.473398 0.587963 0.044740 0.168519
0 1572 0.396312 0.350926 0.041717 0.151852
0 1573 0.501814 0.404167 0.032648 0.132407
0 1587 0.681983 0.894444 0.056832 0.168519
0 1588 0.654474 0.931019 0.044135 0.139815
0 1592 0.405985 0.702315 0.036880 0.165741
0 1593 0.412031 0.747685 0.068319 0.162037
0 1594 0.449516 0.718056 0.041717 0.160185
0 1595 0.388452 0.715278 0.039299 0.167593
0 1610 0.922612 0.937500 0.045949 0.123148
0 1621 0.926239 0.577778 0.036276 0.140741
0 1624 0.344619 0.113889 0.037485 0.140741
0 1632 0.335852 0.095370 0.032044 0.116667
0 1633 0.309250 0.074537 0.032044 0.115741
0 1634 0.012394 0.882870 0.023579 0.184259
0 1642 0.298972 0.108333 0.032044 0.131481
0 1643 0.950423 0.964352 0.051995 0.069444
0 1647 0.930472 0.611574 0.049577 0.165741
0 1650 0.568924 0.649074 0.058041 0.170370
0 1651 0.553507 0.636574 0.045345 0.165741
0 1652 0.583736 0.633333 0.042926 0.164815
0 1653 0.695586 0.675926 0.044135 0.148148
0 1654 0.278718 0.439815 0.037485 0.140741
0 1655 0.514510 0.518519 0.035067 0.135185
0 1656 0.288996 0.726852 0.045949 0.174074
0 1657 0.497582 0.496759 0.037485 0.143519
0 1658 0.414148 0.343056 0.036276 0.137963
0 1659 0.369407 0.406944 0.039903 0.143519
0 1660 0.481862 0.375000 0.032648 0.142593
0 1661 0.522975 0.388426 0.032648 0.149074
0 1662 0.451028 0.531481 0.047158 0.148148
0 1664 0.321947 0.119444 0.034462 0.118519
0 1666 0.326784 0.579630 0.046554 0.151852
0 1667 0.465538 0.424537 0.037485 0.121296
0 1668 0.492745 0.421759 0.030230 0.115741
0 1670 0.777207 0.050463 0.036880 0.099074
0 1942 0.007255 0.169444 0.013301 0.124074
