0 1161 0.031439 0.687500 0.043531 0.141667
0 1162 0.056227 0.653704 0.053204 0.162963
0 1163 0.006651 0.649074 0.012092 0.168519
0 1164 0.019649 0.621296 0.038089 0.153704
0 1166 0.100060 0.642593 0.044135 0.142593
0 1167 0.331923 0.216667 0.042322 0.140741
0 1170 0.047763 0.190741 0.037485 0.129630
0 1171 0.022370 0.180093 0.042322 0.136111
0 1172 0.079202 0.158333 0.043531 0.131481
0 1173 0.090689 0.120370 0.043531 0.131481
0 1174 0.122128 0.062500 0.039903 0.123148
0 1177 0.074970 0.057870 0.030230 0.113889
0 1184 0.229141 0.040278 0.039903 0.078704
0 1185 0.262999 0.043519 0.033857 0.085185
0 1186 0.432588 0.141204 0.036880 0.132407
0 1187 0.402660 0.137963 0.037485 0.124074
0 1188 0.354897 0.024074 0.037485 0.046296
0 1190 0.568924 0.034259 0.039903 0.066667
0 1193 0.383918 0.027778 0.037485 0.053704
0 1194 0.399637 0.018981 0.032648 0.036111
0 1195 0.524788 0.112037 0.039903 0.125926
0 1196 0.548065 0.104167 0.039299 0.125000
0 1197 0.594015 0.047222 0.032044 0.092593
0 1198 0.653869 0.061111 0.041717 0.118519
0 1199 0.621524 0.049537 0.035067 0.097222
0 1206 0.687122 0.058796 0.035671 0.113889
0 1207 0.728235 0.285648 0.039299 0.145370
0 1208 0.612757 0.207407 0.039299 0.140741
0 1209 0.675030 0.206019 0.036880 0.134259
0 1210 0.633011 0.179167 0.037485 0.121296
0 1211 0.660520 0.118981 0.032044 0.123148
0 1212 0.620314 0.123611 0.039903 0.126852
0 1213 0.703446 0.079167 0.034462 0.130556
0 1214 0.770859 0.114815 0.037485 0.129630
0 1215 0.738513 0.098148 0.039299 0.118519
0 1216 0.745163 0.086111 0.036880 0.124074
0 1217 0.955260 0.055556 0.042322 0.109259
0 1218 0.932285 0.063426 0.035067 0.125000
0 1219 0.677146 0.036111 0.032648 0.070370
0 1220 0.954051 0.050000 0.037485 0.098148
0 1221 0.955260 0.031944 0.037485 0.062037
0 1226 0.957678 0.084259 0.039903 0.129630
0 1228 0.980955 0.079630 0.032044 0.120370
0 1230 0.937727 0.255093 0.039903 0.137963
0 1231 0.969166 0.262500 0.037485 0.132407
0 1232 0.979746 0.665741 0.039299 0.162963
0 1233 0.551088 0.957407 0.039299 0.085185
0 1324 0.604293 0.924074 0.051391 0.150000
0 1325 0.121826 0.612037 0.044135 0.153704
0 1326 0.190447 0.610648 0.045949 0.145370
0 1327 0.169287 0.575463 0.041112 0.137963
0 1328 0.211306 0.575463 0.039299 0.149074
0 1329 0.195889 0.515741 0.035067 0.135185
0 1330 0.170496 0.520833 0.039903 0.134259
0 1337 0.019952 0.236111 0.038694 0.146296
0 1338 0.053809 0.243056 0.043531 0.149074
0 1341 0.728537 0.665741 0.048368 0.192593
0 1342 0.443168 0.228241 0.033857 0.132407
0 1343 0.412334 0.218519 0.035067 0.131481
0 1344 0.432285 0.224537 0.035067 0.132407
0 1345 0.419287 0.242593 0.040508 0.140741
0 1346 0.010580 0.514352 0.019952 0.160185
0 1348 0.046252 0.453704 0.036880 0.146296
0 1349 0.073761 0.455093 0.045949 0.160185
0 1350 0.281137 0.300463 0.039903 0.134259
0 1351 0.298368 0.512500 0.036880 0.132407
0 1352 0.333132 0.382870 0.045949 0.149074
0 1353 0.314994 0.468981 0.044740 0.160185
0 1354 0.329504 0.498148 0.044740 0.168519
0 1355 0.320435 0.277315 0.042322 0.137963
0 1356 0.344317 0.355556 0.035671 0.148148
0 1357 0.252721 0.257407 0.037485 0.135185
0 1358 0.272975 0.261574 0.036880 0.132407
0 1359 0.658706 0.665741 0.048972 0.162963
0 1360 0.653567 0.615741 0.058041 0.177778
0 1361 0.791415 0.612963 0.042322 0.179630
0 1362 0.817110 0.567130 0.046554 0.182407
0 1363 0.828597 0.624537 0.048972 0.182407
0 1364 0.361548 0.227315 0.039903 0.132407
0 1365 0.697400 0.239815 0.034462 0.112963
0 1366 0.699516 0.374074 0.033857 0.138889
0 1368 0.943773 0.447222 0.037485 0.124074
0 1373 0.889964 0.537963 0.056832 0.157407
0 1374 0.981560 0.540741 0.035671 0.175926
0 1375 0.857618 0.493519 0.050181 0.144444
0 1377 0.948005 0.324074 0.032648 0.096296
0 1378 0.929867 0.301389 0.043531 0.126852
0 1382 0.940750 0.517130 0.039903 0.149074
0 1387 0.215840 0.157870 0.037485 0.137963
0 1388 0.144800 0.448611 0.051391 0.154630
0 1389 0.765417 0.139352 0.037485 0.121296
0 1390 0.983676 0.361111 0.031439 0.125926
0 1391 0.898730 0.419907 0.041717 0.156481
0 1392 0.969166 0.369444 0.021765 0.081481
0 1393 0.955865 0.350926 0.033857 0.124074
0 1394 0.634522 0.224074 0.032044 0.112963
0 1395 0.892382 0.458796 0.043531 0.150926
0 1396 0.870617 0.437037 0.035067 0.112963
0 1397 0.951632 0.395833 0.039903 0.156481
0 1398 0.755744 0.693981 0.042322 0.163889
0 1399 0.782346 0.681944 0.039903 0.147222
0 1400 0.897823 0.714352 0.053204 0.171296
0 1401 0.886638 0.543056 0.048972 0.193519
0 1402 0.976421 0.906944 0.044740 0.175000
0 1404 0.950423 0.750926 0.045949 0.157407
0 1405 0.879081 0.775926 0.055623 0.155556
0 1406 0.924426 0.771759 0.053204 0.193519
0 1408 0.897823 0.625463 0.047158 0.150926
0 1409 0.974305 0.601389 0.036880 0.150926
0 1411 0.902660 0.873148 0.049577 0.174074
0 1412 0.743652 0.357870 0.039903 0.121296
0 1413 0.784160 0.358796 0.042322 0.143519
0 1415 0.937727 0.921296 0.050786 0.157407
0 1416 0.927449 0.673148 0.044740 0.172222
0 1424 0.867291 0.963426 0.048972 0.071296
0 1434 0.080411 0.922222 0.047158 0.155556
0 1443 0.393591 0.625926 0.042322 0.148148
0 1444 0.294740 0.349537 0.044135 0.137963
0 1445 0.284160 0.368981 0.033857 0.143519
0 1456 0.826784 0.962500 0.047763 0.075000
0 1489 0.881499 0.912037 0.065296 0.174074
0 1490 0.553204 0.496759 0.030230 0.126852
0 1494 0.881499 0.603704 0.044740 0.151852
0 1496 0.980048 0.666667 0.038694 0.159259
0 1501 0.274486 0.960648 0.049577 0.080556
0 1502 0.443470 0.944444 0.053809 0.112963
0 1510 0.515115 0.796759 0.049577 0.176852
0 1522 0.463724 0.851852 0.045949 0.162963
0 1531 0.571644 0.595370 0.039299 0.157407
0 1532 0.612757 0.607870 0.046554 0.150926
0 1549 0.354897 0.771296 0.047158 0.164815
0 1550 0.229746 0.809259 0.039903 0.157407
0 1551 0.289601 0.799074 0.049577 0.157407
0 1555 0.587364 0.509259 0.041717 0.137037
0 1556 0.559250 0.517130 0.030230 0.110185
0 1557 0.606106 0.578704 0.041717 0.151852
0 1565 0.524184 0.846759 0.041112 0.184259
0 1567 0.363362 0.445833 0.042322 0.137963
0 1570 0.465236 0.586111 0.044135 0.166667
0 1572 0.396917 0.353704 0.041717 0.151852
0 1573 0.500000 0.407870 0.032648 0.132407
0 1587 0.732164 0.925463 0.059250 0.149074
0 1588 0.699516 0.950926 0.038694 0.098148
0 1592 0.405985 0.709722 0.036880 0.165741
0 1593 0.410822 0.749537 0.069528 0.162037
0 1594 0.450423 0.720370 0.042322 0.162963
0 1595 0.389057 0.718056 0.039299 0.167593
0 1610 0.924426 0.973148 0.042322 0.053704
0 1621 0.941052 0.608333 0.036880 0.140741
0 1624 0.345828 0.114815 0.037485 0.140741
0 1632 0.339782 0.085185 0.031439 0.116667
0 1633 0.309553 0.075000 0.032648 0.116667
0 1634 0.012394 0.887037 0.023579 0.185185
0 1642 0.298065 0.112037 0.032648 0.131481
0 1647 0.935308 0.637500 0.049577 0.165741
0 1650 0.576481 0.654630 0.065901 0.175926
0 1651 0.542322 0.622222 0.039903 0.164815
0 1652 0.574970 0.640741 0.042322 0.164815
0 1653 0.692563 0.675000 0.044135 0.148148
0 1654 0.278416 0.442130 0.036880 0.137963
0 1655 0.512092 0.517593 0.035067 0.135185
0 1656 0.258767 0.797222 0.050786 0.153704
0 1657 0.496372 0.496759 0.037485 0.143519
0 1658 0.415961 0.344907 0.036276 0.137963
0 1659 0.360641 0.406944 0.039299 0.143519
0 1660 0.481862 0.378704 0.032648 0.142593
0 1661 0.521463 0.389352 0.030834 0.149074
0 1662 0.452842 0.528704 0.047158 0.148148
0 1664 0.321040 0.121296 0.035067 0.118519
0 1666 0.344921 0.602778 0.050181 0.150000
0 1667 0.465538 0.426852 0.037485 0.120370
0 1668 0.491536 0.428704 0.029021 0.120370
0 1670 0.778416 0.050926 0.036880 0.100000
0 1942 0.006953 0.168519 0.012696 0.124074
