0 1167 0.482467 0.106019 0.039903 0.134259
0 1170 0.158102 0.067593 0.044135 0.118519
0 1171 0.126965 0.061111 0.042322 0.120370
0 1172 0.159311 0.056019 0.036880 0.110185
0 1173 0.012999 0.034722 0.024788 0.067593
0 1186 0.542926 0.044444 0.037485 0.087037
0 1187 0.508767 0.045370 0.034462 0.088889
0 1188 0.356106 0.017130 0.037485 0.032407
0 1193 0.376965 0.018056 0.036880 0.034259
0 1195 0.468561 0.034722 0.039903 0.067593
0 1196 0.500907 0.029167 0.038089 0.056481
0 1207 0.720979 0.121759 0.036880 0.132407
0 1208 0.622128 0.078241 0.036276 0.137963
0 1209 0.690750 0.078241 0.036880 0.121296
0 1210 0.635127 0.049537 0.036880 0.097222
0 1211 0.586759 0.024074 0.032044 0.046296
0 1212 0.554414 0.023611 0.039903 0.045370
0 1213 0.733676 0.019444 0.034462 0.037037
0 1214 0.725514 0.043981 0.036276 0.086111
0 1215 0.698307 0.044444 0.039903 0.087037
0 1216 0.676542 0.037037 0.037485 0.072222
0 1230 0.936518 0.090278 0.038694 0.128704
0 1231 0.970677 0.113426 0.036880 0.132407
0 1232 0.977630 0.520370 0.043531 0.153704
0 1233 0.248489 0.975463 0.039903 0.049074
0 1324 0.305320 0.959722 0.051995 0.078704
0 1325 0.093712 0.601852 0.048368 0.153704
0 1326 0.149940 0.595833 0.041112 0.145370
0 1327 0.148126 0.551389 0.037485 0.137963
0 1328 0.198005 0.557870 0.039299 0.149074
0 1329 0.194982 0.507870 0.039299 0.136111
0 1330 0.167170 0.503704 0.039299 0.135185
0 1334 0.006953 0.265278 0.012696 0.104630
0 1335 0.017836 0.204167 0.034462 0.145370
0 1336 0.050786 0.206944 0.037485 0.132407
0 1337 0.110339 0.103704 0.034462 0.131481
0 1338 0.133011 0.115741 0.044740 0.144444
0 1339 0.018440 0.454167 0.035671 0.154630
0 1340 0.008464 0.430556 0.015719 0.146296
0 1341 0.687727 0.504167 0.048972 0.176852
0 1342 0.437122 0.214352 0.035067 0.132407
0 1343 0.409915 0.200926 0.035067 0.131481
0 1344 0.431076 0.206944 0.035067 0.132407
0 1345 0.406590 0.230093 0.036880 0.139815
0 1346 0.160822 0.308333 0.038694 0.142593
0 1347 0.138755 0.290741 0.041717 0.146296
0 1348 0.224909 0.267593 0.030230 0.131481
0 1349 0.253325 0.272222 0.044740 0.146296
0 1350 0.341596 0.162037 0.038694 0.129630
0 1351 0.334643 0.321296 0.036880 0.124074
0 1352 0.360943 0.214352 0.041112 0.134259
0 1353 0.377872 0.302315 0.037485 0.149074
0 1354 0.374849 0.311111 0.044740 0.157407
0 1355 0.394196 0.186574 0.038694 0.123148
0 1356 0.492443 0.243519 0.036880 0.138889
0 1357 0.382104 0.140278 0.033857 0.117593
0 1358 0.395707 0.148148 0.032044 0.124074
0 1359 0.683797 0.444444 0.053204 0.137037
0 1360 0.640871 0.406481 0.049577 0.170370
0 1361 0.692261 0.373611 0.044740 0.167593
0 1362 0.703748 0.330556 0.043531 0.162963
0 1363 0.723096 0.366204 0.049577 0.160185
0 1364 0.503930 0.114352 0.036880 0.132407
0 1365 0.695889 0.102315 0.035067 0.104630
0 1366 0.692563 0.168056 0.034462 0.121296
0 1367 0.957678 0.433333 0.038694 0.142593
0 1368 0.850665 0.308333 0.032648 0.118519
0 1373 0.895707 0.400000 0.056227 0.146296
0 1374 0.959492 0.410648 0.054414 0.162037
0 1375 0.866989 0.373148 0.054414 0.137037
0 1377 0.976119 0.187963 0.027207 0.090741
0 1378 0.960399 0.157407 0.036880 0.120370
0 1381 0.944680 0.365741 0.036880 0.135185
0 1382 0.922310 0.379167 0.039299 0.143519
0 1383 0.978235 0.332870 0.041112 0.139815
0 1385 0.969166 0.301852 0.037485 0.129630
0 1386 0.005139 0.175463 0.009069 0.123148
0 1387 0.214027 0.143981 0.037485 0.137963
0 1388 0.256046 0.314815 0.046554 0.151852
0 1389 0.764813 0.125926 0.032648 0.120370
0 1390 0.959492 0.249074 0.032648 0.112963
0 1391 0.821040 0.293519 0.047158 0.157407
0 1392 0.940750 0.262500 0.026602 0.089815
0 1393 0.934099 0.265741 0.033857 0.124074
0 1394 0.649940 0.090741 0.030230 0.107407
0 1395 0.848247 0.332407 0.043531 0.146296
0 1396 0.791415 0.305556 0.032648 0.103704
0 1397 0.934401 0.282870 0.039299 0.150926
0 1398 0.721584 0.517130 0.039299 0.156481
0 1399 0.751511 0.505093 0.039903 0.137963
0 1400 0.845828 0.553241 0.048368 0.167593
0 1401 0.865478 0.462963 0.048972 0.188889
0 1402 0.856711 0.650463 0.051995 0.176852
0 1403 0.250302 0.807407 0.051995 0.179630
0 1404 0.879686 0.594907 0.044740 0.156481
0 1405 0.811366 0.590741 0.054414 0.148148
0 1406 0.848247 0.597685 0.045949 0.182407
0 1407 0.572551 0.824074 0.051995 0.168519
0 1408 0.901451 0.531944 0.042322 0.149074
0 1409 0.928658 0.496759 0.039903 0.150926
0 1411 0.787787 0.634259 0.049577 0.153704
0 1412 0.740931 0.345833 0.039299 0.121296
0 1413 0.779021 0.345833 0.041717 0.137963
0 1414 0.581923 0.924537 0.048972 0.152778
0 1415 0.871826 0.702315 0.050786 0.176852
0 1416 0.967654 0.546296 0.046554 0.170370
0 1424 0.828597 0.768981 0.048972 0.156481
0 1425 0.980048 0.760185 0.037485 0.151852
0 1434 0.039601 0.687963 0.044135 0.162963
0 1443 0.334341 0.534722 0.042322 0.143519
0 1444 0.292019 0.340278 0.042322 0.137963
0 1445 0.285067 0.358333 0.034462 0.140741
0 1447 0.954958 0.691667 0.058646 0.162963
0 1456 0.792019 0.764815 0.045949 0.162963
0 1486 0.817715 0.879630 0.051391 0.175926
0 1488 0.933495 0.752315 0.059250 0.178704
0 1489 0.821342 0.695833 0.058646 0.176852
0 1490 0.548368 0.481019 0.030230 0.126852
0 1491 0.504837 0.956481 0.060459 0.087037
0 1494 0.883615 0.518981 0.044135 0.145370
0 1495 0.920798 0.714352 0.042322 0.087963
0 1496 0.978839 0.517593 0.042322 0.148148
0 1501 0.274184 0.954167 0.047763 0.091667
0 1502 0.443168 0.938889 0.053204 0.122222
0 1510 0.513301 0.778704 0.043531 0.179630
0 1522 0.459190 0.836111 0.046554 0.162963
0 1531 0.570435 0.580093 0.039299 0.160185
0 1532 0.611850 0.593519 0.045949 0.151852
0 1549 0.352479 0.756944 0.047158 0.165741
0 1550 0.374244 0.607407 0.043531 0.140741
0 1551 0.444680 0.617130 0.051391 0.167593
0 1555 0.585852 0.495833 0.042322 0.137963
0 1556 0.555925 0.503241 0.029625 0.110185
0 1557 0.608222 0.562963 0.042322 0.151852
0 1565 0.525393 0.827778 0.042322 0.188889
0 1567 0.362455 0.433796 0.041717 0.137963
0 1570 0.503628 0.560648 0.044740 0.160185
0 1572 0.392684 0.340741 0.041717 0.151852
0 1573 0.496372 0.391204 0.032648 0.132407
0 1583 0.672612 0.868981 0.029625 0.130556
0 1584 0.657497 0.877778 0.046554 0.179630
0 1587 0.581016 0.868981 0.049577 0.171296
0 1588 0.553507 0.916204 0.045345 0.156481
0 1592 0.403869 0.692130 0.037485 0.165741
0 1593 0.411125 0.736574 0.051995 0.162037
0 1594 0.449214 0.700926 0.041112 0.162963
0 1595 0.386941 0.700463 0.037485 0.167593
0 1610 0.877570 0.793981 0.046554 0.158333
0 1615 0.873640 0.873148 0.061669 0.181481
0 1621 0.896614 0.501389 0.037485 0.139815
0 1624 0.344015 0.102778 0.037485 0.140741
0 1626 0.926844 0.923611 0.067715 0.154630
0 1629 0.972793 0.915741 0.053204 0.168519
0 1632 0.321644 0.091204 0.032648 0.115741
0 1633 0.312576 0.067130 0.032648 0.115741
0 1634 0.020859 0.864352 0.040508 0.180556
0 1642 0.294438 0.096296 0.032648 0.131481
0 1643 0.920496 0.845370 0.051391 0.164815
0 1647 0.916566 0.561111 0.048368 0.157407
0 1650 0.566505 0.644907 0.045949 0.152778
0 1651 0.551088 0.632407 0.041717 0.153704
0 1652 0.594921 0.626389 0.038694 0.156481
0 1653 0.695284 0.662037 0.044740 0.148148
0 1654 0.272975 0.422222 0.036880 0.146296
0 1655 0.522975 0.511111 0.035067 0.135185
0 1656 0.412938 0.605556 0.045949 0.168519
0 1657 0.499698 0.488426 0.036880 0.143519
0 1658 0.413241 0.330093 0.036880 0.137963
0 1659 0.395405 0.370833 0.039903 0.143519
0 1660 0.477932 0.361574 0.029625 0.143519
0 1661 0.522370 0.370833 0.032648 0.149074
0 1662 0.444982 0.512963 0.042322 0.151852
0 1664 0.318622 0.105556 0.035067 0.118519
0 1666 0.307437 0.510648 0.044135 0.150926
0 1667 0.464027 0.410648 0.036880 0.121296
0 1668 0.491233 0.409722 0.029625 0.115741
0 1669 0.718259 0.880556 0.051995 0.196296
0 1670 0.776904 0.051852 0.037485 0.101852
0 1942 0.005744 0.158333 0.010278 0.124074
