0 1167 0.459794 0.131019 0.040508 0.134259
0 1170 0.139964 0.092593 0.044135 0.118519
0 1171 0.105804 0.079630 0.042322 0.135185
0 1172 0.146010 0.064815 0.036880 0.127778
0 1173 0.036578 0.049074 0.040508 0.096296
0 1174 0.136336 0.019444 0.029625 0.037037
0 1186 0.509674 0.057407 0.032648 0.112963
0 1187 0.478839 0.053241 0.035067 0.104630
0 1188 0.356106 0.016667 0.037485 0.031481
0 1193 0.376965 0.018056 0.036880 0.034259
0 1194 0.394800 0.011111 0.032648 0.020370
0 1195 0.476119 0.047222 0.039299 0.092593
0 1196 0.513301 0.043981 0.038694 0.086111
0 1198 0.693168 0.022222 0.036880 0.042593
0 1206 0.714329 0.029167 0.034462 0.056481
0 1207 0.720073 0.147685 0.036276 0.132407
0 1208 0.616082 0.107407 0.038694 0.140741
0 1209 0.691959 0.102315 0.036880 0.121296
0 1210 0.638150 0.070370 0.036880 0.116667
0 1211 0.597340 0.037500 0.032648 0.073148
0 1212 0.570133 0.040741 0.039903 0.079630
0 1213 0.732467 0.033333 0.034462 0.064815
0 1214 0.737606 0.056019 0.036276 0.108333
0 1215 0.707981 0.055556 0.039903 0.109259
0 1216 0.687424 0.044907 0.037485 0.087963
0 1226 0.939541 0.030556 0.039903 0.059259
0 1228 0.961004 0.025463 0.032044 0.049074
0 1230 0.931983 0.127778 0.039299 0.129630
0 1231 0.972793 0.150463 0.037485 0.132407
0 1232 0.978537 0.550463 0.041717 0.154630
0 1233 0.325877 0.978241 0.038694 0.043519
0 1324 0.367896 0.939815 0.059855 0.120370
0 1325 0.125453 0.602315 0.042926 0.154630
0 1326 0.170193 0.599537 0.036880 0.145370
0 1327 0.162334 0.558796 0.036880 0.137963
0 1328 0.211306 0.558796 0.039299 0.149074
0 1329 0.195889 0.503704 0.035067 0.135185
0 1330 0.170193 0.506481 0.039299 0.135185
0 1335 0.003628 0.236574 0.006046 0.145370
0 1336 0.019952 0.243056 0.037485 0.134259
0 1337 0.086759 0.131019 0.034462 0.132407
0 1338 0.120012 0.147222 0.044135 0.146296
0 1341 0.706167 0.535185 0.048368 0.175926
0 1342 0.439541 0.213426 0.035067 0.132407
0 1343 0.411427 0.202778 0.034462 0.131481
0 1344 0.432285 0.210648 0.035067 0.132407
0 1345 0.417170 0.228241 0.038694 0.139815
0 1346 0.116687 0.347685 0.038694 0.143519
0 1347 0.091898 0.331481 0.041112 0.146296
0 1348 0.178658 0.305556 0.036880 0.137037
0 1349 0.203748 0.306944 0.042322 0.150926
0 1350 0.330713 0.202778 0.039903 0.124074
0 1351 0.322249 0.367593 0.037485 0.124074
0 1352 0.350060 0.251852 0.038694 0.137037
0 1353 0.344317 0.326389 0.036880 0.149074
0 1354 0.347037 0.343056 0.045949 0.160185
0 1355 0.363966 0.196296 0.039903 0.137037
0 1356 0.462515 0.268981 0.041112 0.137963
0 1357 0.347944 0.167130 0.036880 0.126852
0 1358 0.361850 0.175463 0.032044 0.132407
0 1359 0.693168 0.495370 0.050181 0.144444
0 1360 0.649940 0.444907 0.049577 0.171296
0 1361 0.710399 0.439815 0.044740 0.179630
0 1362 0.726723 0.375926 0.043531 0.162963
0 1363 0.762999 0.424074 0.048368 0.175926
0 1364 0.476119 0.149537 0.036880 0.132407
0 1365 0.701028 0.134259 0.034462 0.112963
0 1366 0.698912 0.204167 0.033857 0.121296
0 1368 0.869105 0.338889 0.032044 0.118519
0 1373 0.897823 0.426852 0.055623 0.146296
0 1374 0.970375 0.435648 0.054414 0.162037
0 1375 0.859129 0.401852 0.053204 0.137037
0 1377 0.972491 0.220370 0.027207 0.090741
0 1378 0.955260 0.187963 0.036276 0.120370
0 1381 0.951330 0.392593 0.036880 0.137037
0 1382 0.923216 0.405556 0.039903 0.142593
0 1385 0.962515 0.336574 0.037485 0.134259
0 1387 0.215236 0.143981 0.037485 0.137963
0 1388 0.224909 0.344907 0.044740 0.154630
0 1389 0.764813 0.130556 0.032648 0.120370
0 1390 0.966445 0.274074 0.032044 0.124074
0 1391 0.843410 0.325000 0.047158 0.157407
0 1392 0.946796 0.280093 0.026602 0.089815
0 1393 0.945586 0.289815 0.033857 0.124074
0 1394 0.646614 0.114815 0.029625 0.111111
0 1395 0.856711 0.358333 0.043531 0.142593
0 1396 0.811971 0.337037 0.032648 0.105556
0 1397 0.930169 0.309722 0.039299 0.156481
0 1398 0.733676 0.555556 0.035671 0.157407
0 1399 0.762999 0.546759 0.039903 0.137963
0 1400 0.868198 0.596296 0.049577 0.170370
0 1401 0.866989 0.491204 0.049577 0.191667
0 1402 0.884522 0.703241 0.051995 0.176852
0 1403 0.208888 0.872222 0.051391 0.185185
0 1404 0.894800 0.625463 0.044740 0.156481
0 1405 0.817715 0.625000 0.053809 0.148148
0 1406 0.870314 0.638889 0.046554 0.188889
0 1407 0.550786 0.877315 0.051995 0.154630
0 1408 0.900242 0.553241 0.042322 0.149074
0 1409 0.941354 0.525463 0.039903 0.150926
0 1411 0.822249 0.690278 0.048368 0.160185
0 1412 0.740931 0.348611 0.039299 0.121296
0 1413 0.776602 0.350000 0.041717 0.140741
0 1414 0.536578 0.946296 0.046554 0.109259
0 1415 0.887545 0.758333 0.051995 0.185185
0 1416 0.957376 0.576852 0.048972 0.170370
0 1424 0.841294 0.822222 0.048972 0.157407
0 1434 0.061064 0.739352 0.043531 0.165741
0 1443 0.341596 0.545833 0.042322 0.143519
0 1444 0.290810 0.341204 0.042322 0.137963
0 1445 0.285067 0.360648 0.034462 0.141667
0 1447 0.968863 0.721296 0.058646 0.170370
0 1456 0.803204 0.816667 0.047763 0.168519
0 1486 0.819528 0.919907 0.056227 0.160185
0 1488 0.959190 0.800000 0.058646 0.181481
0 1489 0.835852 0.748611 0.058646 0.176852
0 1490 0.546554 0.481019 0.030230 0.126852
0 1494 0.886034 0.537500 0.044135 0.145370
0 1495 0.930472 0.743056 0.042322 0.091667
0 1496 0.982769 0.549537 0.034462 0.149074
0 1501 0.273881 0.957407 0.048368 0.087037
0 1502 0.443168 0.941204 0.053204 0.119444
0 1510 0.516324 0.779167 0.048368 0.178704
0 1522 0.460399 0.837963 0.046554 0.162963
0 1531 0.569226 0.585648 0.039299 0.160185
0 1532 0.613059 0.594444 0.047158 0.151852
0 1549 0.352479 0.759722 0.047158 0.165741
0 1550 0.316203 0.653704 0.041112 0.153704
0 1551 0.407195 0.638889 0.048972 0.181481
0 1555 0.585852 0.493519 0.042322 0.137037
0 1556 0.557134 0.505093 0.029625 0.110185
0 1557 0.608222 0.567593 0.042322 0.151852
0 1565 0.525998 0.830093 0.042322 0.187963
0 1567 0.358222 0.441204 0.041717 0.137963
0 1570 0.496372 0.561574 0.044740 0.160185
0 1572 0.395103 0.340741 0.041717 0.151852
0 1573 0.496372 0.393981 0.032648 0.132407
0 1583 0.676239 0.918981 0.032044 0.137963
0 1584 0.653567 0.916667 0.045949 0.159259
0 1587 0.608222 0.862037 0.047158 0.170370
0 1588 0.594317 0.916667 0.041112 0.159259
0 1592 0.403567 0.692130 0.036880 0.165741
0 1593 0.412031 0.735185 0.058646 0.162963
0 1594 0.449819 0.702315 0.042322 0.160185
0 1595 0.387243 0.703704 0.039299 0.168519
0 1610 0.892987 0.854630 0.047158 0.168519
0 1615 0.885127 0.918519 0.060459 0.159259
0 1621 0.909613 0.518519 0.041717 0.140741
0 1624 0.342201 0.104630 0.037485 0.140741
0 1626 0.935308 0.952315 0.067715 0.095370
0 1629 0.974305 0.943981 0.048972 0.112037
0 1632 0.321342 0.091204 0.032044 0.115741
0 1633 0.309250 0.068981 0.032044 0.115741
0 1634 0.015417 0.872222 0.029625 0.179630
0 1642 0.295647 0.095370 0.032648 0.131481
0 1643 0.936820 0.898611 0.056227 0.165741
0 1647 0.919891 0.572222 0.048972 0.157407
0 1650 0.564994 0.644907 0.044135 0.156481
0 1651 0.556832 0.633796 0.053204 0.154630
0 1652 0.585852 0.622685 0.038694 0.160185
0 1653 0.693773 0.665741 0.044135 0.148148
0 1654 0.272672 0.423148 0.036276 0.146296
0 1655 0.523579 0.512037 0.035067 0.135185
0 1656 0.373942 0.637500 0.046554 0.167593
0 1657 0.498186 0.487500 0.037485 0.143519
0 1658 0.415054 0.332870 0.036880 0.137963
0 1659 0.386336 0.382870 0.039903 0.143519
0 1660 0.476723 0.362500 0.032044 0.143519
0 1661 0.520254 0.374537 0.032044 0.149074
0 1662 0.446796 0.514815 0.042322 0.151852
0 1664 0.316808 0.104630 0.035067 0.118519
0 1666 0.304716 0.531481 0.047158 0.151852
0 1667 0.464933 0.414352 0.037485 0.121296
0 1668 0.488513 0.411574 0.030230 0.115741
0 1669 0.715236 0.916667 0.050786 0.168519
0 1670 0.776904 0.051389 0.037485 0.100926
0 1942 0.006046 0.162037 0.010883 0.124074
