0 1166 0.013603 0.575463 0.025998 0.132407
0 1167 0.444680 0.145370 0.041717 0.135185
0 1170 0.126663 0.107407 0.044135 0.118519
0 1171 0.090085 0.096296 0.042322 0.135185
0 1172 0.140266 0.075463 0.036276 0.132407
0 1173 0.051391 0.056019 0.039903 0.110185
0 1174 0.137545 0.025000 0.029625 0.048148
0 1177 0.102781 0.025000 0.030230 0.048148
0 1186 0.496070 0.066204 0.033253 0.119444
0 1187 0.466747 0.061574 0.035067 0.112037
0 1188 0.356711 0.017593 0.037485 0.033333
0 1193 0.376965 0.018056 0.036880 0.034259
0 1194 0.394800 0.012963 0.032648 0.024074
0 1195 0.483374 0.053241 0.039299 0.104630
0 1196 0.518742 0.050000 0.038694 0.098148
0 1198 0.688029 0.028704 0.037485 0.055556
0 1206 0.710097 0.035185 0.034462 0.068519
0 1207 0.720677 0.162500 0.037485 0.130556
0 1208 0.613966 0.124537 0.039299 0.139815
0 1209 0.691052 0.120833 0.036276 0.121296
0 1210 0.639057 0.088426 0.037485 0.121296
0 1211 0.605200 0.045833 0.032648 0.089815
0 1212 0.577388 0.051389 0.039903 0.100926
0 1213 0.732467 0.038426 0.034462 0.075000
0 1214 0.746070 0.065278 0.036276 0.119444
0 1215 0.715840 0.060648 0.039903 0.117593
0 1216 0.696191 0.049074 0.036880 0.096296
0 1226 0.946191 0.038889 0.039903 0.075926
0 1228 0.966143 0.033796 0.031439 0.065741
0 1230 0.930774 0.148148 0.039299 0.129630
0 1231 0.970375 0.168981 0.037485 0.132407
0 1232 0.979141 0.566204 0.039299 0.154630
0 1233 0.366687 0.980093 0.039299 0.041667
0 1324 0.412636 0.927315 0.047763 0.145370
0 1325 0.135127 0.605093 0.041717 0.154630
0 1326 0.182285 0.602315 0.039299 0.145370
0 1327 0.166566 0.563426 0.036880 0.137963
0 1328 0.211306 0.564352 0.039299 0.149074
0 1329 0.195889 0.506481 0.035067 0.135185
0 1330 0.170193 0.509259 0.039299 0.135185
0 1336 0.014208 0.268519 0.027207 0.137037
0 1337 0.074970 0.146296 0.035067 0.140741
0 1338 0.112455 0.158796 0.043531 0.145370
0 1341 0.709794 0.556944 0.048368 0.180556
0 1342 0.439541 0.217130 0.035067 0.132407
0 1343 0.412031 0.206481 0.034462 0.131481
0 1344 0.432285 0.213426 0.035067 0.132407
0 1345 0.414450 0.228704 0.046554 0.140741
0 1346 0.095828 0.368981 0.042926 0.145370
0 1347 0.068319 0.357407 0.041112 0.146296
0 1348 0.153265 0.324074 0.034462 0.137037
0 1349 0.178960 0.326852 0.045949 0.155556
0 1350 0.328900 0.222222 0.039903 0.124074
0 1351 0.317412 0.385185 0.037485 0.124074
0 1352 0.350967 0.272685 0.045345 0.139815
0 1353 0.339178 0.351852 0.042322 0.148148
0 1354 0.340387 0.375926 0.045949 0.166667
0 1355 0.357316 0.218056 0.039903 0.137963
0 1356 0.444075 0.279630 0.041717 0.137037
0 1357 0.331923 0.180093 0.036276 0.126852
0 1358 0.350967 0.187963 0.036880 0.131481
0 1359 0.693470 0.525000 0.049577 0.150000
0 1360 0.656590 0.469907 0.048368 0.171296
0 1361 0.725212 0.471296 0.044135 0.179630
0 1362 0.738210 0.406481 0.043531 0.162963
0 1363 0.781741 0.460185 0.051995 0.177778
0 1364 0.461306 0.158796 0.037485 0.132407
0 1365 0.701028 0.154630 0.034462 0.112963
0 1366 0.701330 0.231019 0.033857 0.121296
0 1368 0.875151 0.355556 0.032044 0.118519
0 1373 0.897823 0.441667 0.055623 0.146296
0 1374 0.971282 0.452315 0.052600 0.165741
0 1375 0.861548 0.418981 0.053204 0.139815
0 1377 0.970979 0.238889 0.027811 0.090741
0 1378 0.953144 0.206481 0.038089 0.122222
0 1381 0.957678 0.412037 0.038694 0.140741
0 1382 0.928356 0.425000 0.040508 0.142593
0 1385 0.961306 0.356481 0.036276 0.135185
0 1387 0.215840 0.146759 0.037485 0.137963
0 1388 0.213422 0.363426 0.050786 0.154630
0 1389 0.766626 0.131944 0.036276 0.121296
0 1390 0.973096 0.291204 0.032044 0.125000
0 1391 0.853688 0.341667 0.047158 0.157407
0 1392 0.950423 0.291204 0.026602 0.089815
0 1393 0.943773 0.305556 0.033857 0.124074
0 1394 0.646614 0.131019 0.038089 0.112037
0 1395 0.861548 0.372685 0.043531 0.139815
0 1396 0.824667 0.352315 0.032648 0.110185
0 1397 0.929867 0.324537 0.039903 0.156481
0 1398 0.738210 0.581944 0.037485 0.160185
0 1399 0.765417 0.570833 0.039903 0.137963
0 1400 0.868803 0.618519 0.048368 0.170370
0 1401 0.867594 0.505556 0.049577 0.192593
0 1402 0.903869 0.736574 0.048368 0.176852
0 1403 0.186518 0.902778 0.057437 0.179630
0 1404 0.903869 0.646759 0.044740 0.156481
0 1405 0.828295 0.649074 0.055623 0.148148
0 1406 0.877267 0.662963 0.045949 0.190741
0 1407 0.550786 0.908333 0.053204 0.148148
0 1408 0.897219 0.564352 0.042322 0.149074
0 1409 0.946191 0.531944 0.039903 0.150926
0 1411 0.836457 0.711574 0.048972 0.160185
0 1412 0.740931 0.350463 0.039299 0.121296
0 1413 0.775998 0.352315 0.041717 0.143519
0 1414 0.526300 0.960648 0.048972 0.078704
0 1415 0.893591 0.785185 0.051995 0.185185
0 1416 0.954655 0.596296 0.053204 0.170370
0 1424 0.847340 0.851852 0.048972 0.157407
0 1434 0.071947 0.779630 0.044740 0.170370
0 1443 0.345828 0.557870 0.042322 0.145370
0 1444 0.290810 0.343056 0.042322 0.137963
0 1445 0.285369 0.361111 0.033857 0.142593
0 1447 0.974607 0.737963 0.049577 0.170370
0 1456 0.809553 0.843519 0.050786 0.168519
0 1486 0.818017 0.937963 0.055623 0.124074
0 1488 0.970375 0.828704 0.055623 0.181481
0 1489 0.844015 0.772685 0.059250 0.176852
0 1490 0.550181 0.482870 0.030230 0.126852
0 1494 0.884825 0.556019 0.044135 0.145370
0 1495 0.935913 0.757870 0.042322 0.095370
0 1496 0.981560 0.568056 0.036880 0.149074
0 1501 0.273881 0.958333 0.048368 0.085185
0 1502 0.443168 0.941667 0.053204 0.118519
0 1510 0.515115 0.781481 0.049577 0.175926
0 1522 0.460399 0.841667 0.046554 0.162963
0 1531 0.572854 0.586574 0.039299 0.160185
0 1532 0.613059 0.598148 0.047158 0.151852
0 1549 0.353083 0.761111 0.047158 0.164815
0 1550 0.299879 0.685185 0.035067 0.159259
0 1551 0.381802 0.669444 0.050181 0.181481
0 1555 0.585852 0.498611 0.042322 0.137963
0 1556 0.557437 0.508796 0.030230 0.110185
0 1557 0.608222 0.571296 0.042322 0.151852
0 1565 0.527207 0.835648 0.042322 0.187963
0 1567 0.358827 0.444907 0.041717 0.137963
0 1570 0.489722 0.564815 0.044740 0.161111
0 1572 0.396312 0.340741 0.041717 0.151852
0 1573 0.496372 0.396759 0.032648 0.132407
0 1583 0.674123 0.939352 0.031439 0.123148
0 1584 0.651149 0.931481 0.045949 0.137037
0 1587 0.625453 0.867130 0.052600 0.167593
0 1588 0.610641 0.915278 0.043531 0.162037
0 1592 0.404172 0.693056 0.036880 0.165741
0 1593 0.412031 0.739352 0.065901 0.162037
0 1594 0.449214 0.706944 0.042322 0.160185
0 1595 0.386638 0.706019 0.039299 0.167593
0 1610 0.901451 0.886111 0.047158 0.175926
0 1615 0.889359 0.934722 0.060459 0.132407
0 1621 0.915357 0.531481 0.042322 0.140741
0 1624 0.343410 0.107407 0.037485 0.140741
0 1626 0.944680 0.968519 0.053809 0.062963
0 1629 0.978235 0.959722 0.041112 0.082407
0 1632 0.321342 0.093056 0.032044 0.115741
0 1633 0.309250 0.070833 0.032044 0.115741
0 1634 0.012394 0.875926 0.023579 0.181481
0 1642 0.295647 0.100926 0.032648 0.131481
0 1643 0.941052 0.921296 0.056227 0.148148
0 1647 0.921100 0.577315 0.048972 0.158333
0 1650 0.564087 0.648611 0.043531 0.156481
0 1651 0.556832 0.639352 0.053204 0.154630
0 1652 0.585550 0.623611 0.040508 0.160185
0 1653 0.694075 0.670370 0.043531 0.148148
0 1654 0.273881 0.425926 0.036276 0.146296
0 1655 0.522672 0.511111 0.034462 0.135185
0 1656 0.351572 0.653704 0.046554 0.174074
0 1657 0.498791 0.491204 0.037485 0.143519
0 1658 0.414752 0.336574 0.037485 0.137963
0 1659 0.379081 0.389352 0.039903 0.143519
0 1660 0.478235 0.365278 0.032648 0.143519
0 1661 0.519649 0.376389 0.032044 0.149074
0 1662 0.449214 0.523148 0.042322 0.150000
0 1664 0.318319 0.114352 0.034462 0.117593
0 1666 0.311971 0.543519 0.047158 0.155556
0 1667 0.465538 0.418056 0.037485 0.121296
0 1668 0.489722 0.417130 0.030230 0.115741
0 1669 0.715840 0.934259 0.051995 0.133333
0 1670 0.776904 0.050926 0.037485 0.100000
0 1942 0.006348 0.163889 0.011487 0.124074
