0 1167 0.464933 0.126389 0.039903 0.134259
0 1170 0.145103 0.084259 0.044740 0.118519
0 1171 0.111245 0.075000 0.042322 0.135185
0 1172 0.150242 0.063426 0.036880 0.125000
0 1173 0.031439 0.045370 0.042322 0.088889
0 1174 0.134522 0.018056 0.029625 0.034259
0 1186 0.515719 0.055093 0.035067 0.108333
0 1187 0.485187 0.051852 0.034462 0.101852
0 1188 0.356106 0.016667 0.037485 0.031481
0 1193 0.376965 0.018056 0.036880 0.034259
0 1195 0.474607 0.044444 0.039903 0.087037
0 1196 0.510883 0.041667 0.038694 0.081481
0 1198 0.694680 0.019907 0.037485 0.037963
0 1206 0.715538 0.026389 0.034462 0.050926
0 1207 0.720375 0.142130 0.036880 0.132407
0 1208 0.617594 0.100000 0.038089 0.140741
0 1209 0.692563 0.096759 0.036880 0.121296
0 1210 0.638150 0.062963 0.036880 0.114815
0 1211 0.595526 0.035185 0.032648 0.068519
0 1212 0.567715 0.036574 0.039903 0.071296
0 1213 0.732467 0.031019 0.034462 0.060185
0 1214 0.734583 0.052778 0.036276 0.103704
0 1215 0.704353 0.053704 0.039903 0.105556
0 1216 0.683797 0.043519 0.037485 0.085185
0 1226 0.935308 0.026852 0.039903 0.051852
0 1230 0.932588 0.120370 0.039299 0.129630
0 1231 0.973700 0.143056 0.036880 0.132407
0 1232 0.977630 0.543056 0.043531 0.154630
0 1233 0.308948 0.978241 0.038694 0.043519
0 1324 0.356409 0.944444 0.053809 0.111111
0 1325 0.121826 0.601852 0.044135 0.153704
0 1326 0.165961 0.598611 0.036880 0.145370
0 1327 0.159613 0.556944 0.037485 0.137963
0 1328 0.208888 0.557870 0.039299 0.149074
0 1329 0.195889 0.502778 0.035067 0.135185
0 1330 0.170193 0.505556 0.039299 0.135185
0 1335 0.006348 0.229167 0.011487 0.145370
0 1336 0.024788 0.232407 0.037485 0.133333
0 1337 0.092201 0.125000 0.034462 0.131481
0 1338 0.122733 0.141667 0.044740 0.146296
0 1339 0.002418 0.483796 0.003628 0.158333
0 1341 0.703144 0.528241 0.048368 0.176852
0 1342 0.439541 0.212500 0.035067 0.132407
0 1343 0.410822 0.201852 0.034462 0.131481
0 1344 0.432285 0.209722 0.035067 0.132407
0 1345 0.413845 0.229167 0.038089 0.139815
0 1346 0.125151 0.339815 0.038694 0.142593
0 1347 0.099154 0.319444 0.041112 0.146296
0 1348 0.188936 0.297685 0.039299 0.136111
0 1349 0.213422 0.302315 0.042322 0.150926
0 1350 0.331318 0.193519 0.039903 0.125926
0 1351 0.325877 0.358333 0.037485 0.124074
0 1352 0.350060 0.243519 0.036276 0.135185
0 1353 0.350665 0.321759 0.037485 0.149074
0 1354 0.352177 0.332870 0.045345 0.160185
0 1355 0.368198 0.193981 0.039903 0.134259
0 1356 0.469770 0.263426 0.039903 0.137963
0 1357 0.356409 0.163426 0.036880 0.126852
0 1358 0.371221 0.168519 0.032648 0.129630
0 1359 0.693168 0.484259 0.050181 0.142593
0 1360 0.646614 0.437963 0.048972 0.170370
0 1361 0.705562 0.425926 0.044740 0.179630
0 1362 0.723398 0.364815 0.044135 0.162963
0 1363 0.756348 0.408333 0.048368 0.172222
0 1364 0.482164 0.144907 0.036880 0.132407
0 1365 0.701028 0.128704 0.034462 0.112963
0 1366 0.697703 0.193981 0.033857 0.121296
0 1368 0.866385 0.331481 0.032648 0.118519
0 1373 0.896917 0.421296 0.056227 0.146296
0 1374 0.970979 0.428241 0.054414 0.162037
0 1375 0.860943 0.395370 0.053204 0.137037
0 1377 0.973096 0.213889 0.027207 0.090741
0 1378 0.955865 0.181481 0.036276 0.120370
0 1381 0.946493 0.387037 0.036880 0.137037
0 1382 0.924426 0.398611 0.039903 0.143519
0 1385 0.965538 0.329630 0.037485 0.131481
0 1387 0.215236 0.143981 0.037485 0.137963
0 1388 0.230955 0.337963 0.047158 0.153704
0 1389 0.764813 0.129630 0.032648 0.120370
0 1390 0.964631 0.268056 0.032044 0.121296
0 1391 0.837969 0.318519 0.047158 0.157407
0 1392 0.945586 0.276389 0.026602 0.089815
0 1393 0.943773 0.284259 0.033857 0.124074
0 1394 0.646917 0.108796 0.030230 0.108333
0 1395 0.854293 0.351852 0.043531 0.144444
0 1396 0.807134 0.330556 0.032648 0.103704
0 1397 0.930774 0.304167 0.039299 0.156481
0 1398 0.732164 0.545833 0.037485 0.156481
0 1399 0.758767 0.541204 0.039903 0.137963
0 1400 0.867594 0.587037 0.049577 0.170370
0 1401 0.866687 0.485185 0.048972 0.190741
0 1402 0.880895 0.690278 0.051995 0.176852
0 1403 0.217956 0.860185 0.056227 0.185185
0 1404 0.889964 0.619907 0.044740 0.156481
0 1405 0.817110 0.618519 0.053809 0.148148
0 1406 0.864873 0.629167 0.046554 0.186111
0 1407 0.550786 0.866204 0.051995 0.156481
0 1408 0.901451 0.548611 0.042322 0.149074
0 1409 0.938936 0.521759 0.039903 0.150926
0 1411 0.816808 0.679167 0.048368 0.160185
0 1412 0.740931 0.347685 0.039299 0.121296
0 1413 0.776602 0.348611 0.041717 0.139815
0 1414 0.547158 0.941204 0.048368 0.119444
0 1415 0.883918 0.749074 0.051995 0.185185
0 1416 0.957981 0.568519 0.047763 0.170370
0 1424 0.837969 0.809259 0.049577 0.157407
0 1434 0.056832 0.730093 0.043531 0.165741
0 1443 0.339782 0.543981 0.042322 0.143519
0 1444 0.290810 0.340278 0.042322 0.137963
0 1445 0.285067 0.360648 0.034462 0.141667
0 1447 0.965840 0.715741 0.061064 0.170370
0 1456 0.800786 0.806019 0.046554 0.167593
0 1486 0.820133 0.913426 0.056227 0.171296
0 1488 0.952539 0.789815 0.058646 0.181481
0 1489 0.834039 0.737500 0.058646 0.176852
0 1490 0.545949 0.481019 0.030230 0.126852
0 1491 0.491536 0.986574 0.045949 0.026852
0 1494 0.886638 0.530093 0.044135 0.145370
0 1495 0.929262 0.737037 0.042322 0.088889
0 1496 0.982164 0.541204 0.035671 0.149074
0 1501 0.273881 0.956944 0.048368 0.087963
0 1502 0.443168 0.940741 0.053204 0.120370
0 1510 0.517231 0.778241 0.047763 0.180556
0 1522 0.460399 0.836111 0.046554 0.162963
0 1531 0.568017 0.585648 0.039299 0.160185
0 1532 0.612455 0.593519 0.047158 0.151852
0 1549 0.351874 0.759259 0.047158 0.164815
0 1550 0.328295 0.641667 0.042322 0.151852
0 1551 0.418077 0.633333 0.048972 0.175926
0 1555 0.585852 0.493519 0.042322 0.137037
0 1556 0.557134 0.503241 0.029625 0.110185
0 1557 0.608222 0.565741 0.042322 0.151852
0 1565 0.525393 0.829167 0.042322 0.187963
0 1567 0.359432 0.439352 0.041717 0.137963
0 1570 0.498791 0.560648 0.044740 0.160185
0 1572 0.394498 0.340741 0.041717 0.151852
0 1573 0.496372 0.393056 0.032648 0.132407
0 1583 0.677449 0.908796 0.032044 0.137963
0 1584 0.652358 0.908796 0.045949 0.167593
0 1587 0.603688 0.865278 0.046554 0.176852
0 1588 0.587666 0.918519 0.039903 0.159259
0 1592 0.403869 0.692130 0.037485 0.165741
0 1593 0.411125 0.735185 0.056832 0.162963
0 1594 0.449819 0.702315 0.042322 0.160185
0 1595 0.387545 0.702778 0.039903 0.168519
0 1610 0.889964 0.839815 0.047158 0.164815
0 1615 0.883011 0.910648 0.061064 0.167593
0 1621 0.906590 0.515278 0.040508 0.139815
0 1624 0.342805 0.104630 0.037485 0.140741
0 1626 0.933495 0.945833 0.067715 0.108333
0 1629 0.973096 0.937500 0.051391 0.125000
0 1632 0.321342 0.091204 0.032044 0.115741
0 1633 0.310157 0.068981 0.032648 0.115741
0 1634 0.017533 0.870370 0.033857 0.179630
0 1642 0.295042 0.095370 0.032648 0.131481
0 1643 0.934099 0.886574 0.055623 0.165741
0 1647 0.919891 0.569444 0.048972 0.157407
0 1650 0.564994 0.643981 0.044135 0.156481
0 1651 0.555320 0.632870 0.050181 0.154630
0 1652 0.587666 0.623611 0.038694 0.160185
0 1653 0.693470 0.663889 0.044740 0.148148
0 1654 0.272672 0.422222 0.036276 0.146296
0 1655 0.524184 0.512963 0.035067 0.135185
0 1656 0.384220 0.627315 0.046554 0.176852
0 1657 0.497884 0.486574 0.036880 0.143519
0 1658 0.414450 0.331019 0.036880 0.137963
0 1659 0.388150 0.380093 0.039903 0.143519
0 1660 0.477025 0.362500 0.031439 0.143519
0 1661 0.520556 0.373611 0.032648 0.149074
0 1662 0.446191 0.513889 0.042322 0.151852
0 1664 0.317412 0.104630 0.035067 0.118519
0 1666 0.302902 0.527315 0.047158 0.150926
0 1667 0.464933 0.413426 0.037485 0.121296
0 1668 0.487908 0.409722 0.030230 0.115741
0 1669 0.715538 0.911111 0.051391 0.179630
0 1670 0.776904 0.051389 0.037485 0.100926
0 1942 0.006046 0.161111 0.010883 0.124074
