0 1166 0.018440 0.580093 0.035671 0.139815
0 1167 0.433797 0.151852 0.041717 0.135185
0 1170 0.122733 0.115741 0.043531 0.118519
0 1171 0.082830 0.105556 0.042322 0.135185
0 1172 0.136638 0.082870 0.036276 0.132407
0 1173 0.059855 0.059722 0.039903 0.117593
0 1174 0.136336 0.028704 0.030834 0.055556
0 1177 0.101572 0.029167 0.030230 0.056481
0 1186 0.489722 0.074074 0.033857 0.120370
0 1187 0.459794 0.067593 0.035671 0.114815
0 1188 0.356711 0.018056 0.037485 0.034259
0 1193 0.376965 0.018056 0.036880 0.034259
0 1194 0.394800 0.013889 0.032648 0.025926
0 1195 0.487001 0.056019 0.039299 0.110185
0 1196 0.520859 0.052778 0.039299 0.103704
0 1197 0.614571 0.021759 0.032044 0.041667
0 1198 0.685006 0.032870 0.037485 0.063889
0 1206 0.709492 0.037500 0.034462 0.073148
0 1207 0.721886 0.170370 0.038694 0.129630
0 1208 0.612757 0.131944 0.039299 0.139815
0 1209 0.690447 0.130093 0.036276 0.121296
0 1210 0.637848 0.096759 0.037485 0.121296
0 1211 0.608827 0.050000 0.032648 0.098148
0 1212 0.582830 0.056019 0.039903 0.110185
0 1213 0.730048 0.042130 0.034462 0.082407
0 1214 0.749698 0.069907 0.036276 0.123148
0 1215 0.718863 0.064815 0.039903 0.118519
0 1216 0.702237 0.052315 0.036880 0.102778
0 1226 0.948609 0.043056 0.039903 0.084259
0 1228 0.968561 0.037963 0.031439 0.074074
0 1230 0.930774 0.161111 0.039299 0.129630
0 1231 0.970375 0.179167 0.037485 0.132407
0 1232 0.979746 0.574074 0.038089 0.153704
0 1233 0.386941 0.981019 0.039903 0.039815
0 1324 0.431378 0.923148 0.050181 0.153704
0 1325 0.135732 0.606019 0.041717 0.154630
0 1326 0.188331 0.603704 0.040508 0.146296
0 1327 0.167170 0.566204 0.038089 0.137963
0 1328 0.211306 0.567130 0.039299 0.149074
0 1329 0.195889 0.508333 0.035067 0.135185
0 1330 0.170193 0.510185 0.039299 0.135185
0 1336 0.011487 0.279630 0.021765 0.137037
0 1337 0.067715 0.155556 0.035067 0.140741
0 1338 0.103990 0.167130 0.043531 0.145370
0 1341 0.712213 0.568981 0.048368 0.182407
0 1342 0.439541 0.218056 0.035067 0.132407
0 1343 0.412031 0.209259 0.034462 0.131481
0 1344 0.432285 0.215278 0.035067 0.132407
0 1345 0.412636 0.228704 0.050181 0.140741
0 1346 0.081016 0.385185 0.049577 0.146296
0 1347 0.056832 0.371296 0.041112 0.146296
0 1348 0.139964 0.337500 0.035671 0.137963
0 1349 0.166868 0.341667 0.047158 0.157407
0 1350 0.327690 0.231019 0.039903 0.125000
0 1351 0.314994 0.400000 0.037485 0.125926
0 1352 0.349154 0.285185 0.046554 0.142593
0 1353 0.333132 0.362963 0.042322 0.151852
0 1354 0.338271 0.388426 0.045345 0.167593
0 1355 0.353990 0.229167 0.039299 0.137963
0 1356 0.435006 0.283333 0.041717 0.135185
0 1357 0.324063 0.186574 0.036276 0.126852
0 1358 0.343410 0.195370 0.037485 0.131481
0 1359 0.693470 0.540741 0.049577 0.153704
0 1360 0.659008 0.486574 0.045949 0.171296
0 1361 0.733978 0.485185 0.044740 0.179630
0 1362 0.745768 0.420370 0.044135 0.162963
0 1363 0.788694 0.477315 0.051391 0.178704
0 1364 0.450726 0.168056 0.036880 0.132407
0 1365 0.701028 0.165741 0.034462 0.112963
0 1366 0.701935 0.244444 0.033857 0.122222
0 1368 0.878174 0.363889 0.032044 0.118519
0 1373 0.897219 0.450000 0.055623 0.146296
0 1374 0.973398 0.462037 0.049577 0.172222
0 1375 0.862757 0.427315 0.053204 0.141667
0 1377 0.970375 0.249074 0.029021 0.090741
0 1378 0.952237 0.217130 0.039903 0.123148
0 1381 0.959492 0.424537 0.041112 0.143519
0 1382 0.931378 0.435185 0.041717 0.142593
0 1385 0.962515 0.365741 0.036276 0.135185
0 1387 0.215840 0.149537 0.037485 0.137963
0 1388 0.206469 0.372685 0.051391 0.154630
0 1389 0.767231 0.132870 0.037485 0.121296
0 1390 0.976421 0.300000 0.031439 0.125926
0 1391 0.856106 0.350926 0.047158 0.157407
0 1392 0.953748 0.300926 0.027207 0.092593
0 1393 0.942563 0.312963 0.033857 0.124074
0 1394 0.646010 0.139352 0.042926 0.112037
0 1395 0.863362 0.379167 0.043531 0.139815
0 1396 0.830713 0.359722 0.032648 0.112037
0 1397 0.931681 0.331019 0.039903 0.156481
0 1398 0.740931 0.597222 0.041717 0.162963
0 1399 0.767836 0.580093 0.039903 0.137963
0 1400 0.869105 0.624074 0.048972 0.170370
0 1401 0.868803 0.510648 0.049577 0.193519
0 1402 0.911427 0.755556 0.048972 0.181481
0 1403 0.177449 0.917593 0.059855 0.166667
0 1404 0.908102 0.661574 0.044740 0.156481
0 1405 0.832527 0.661574 0.056832 0.149074
0 1406 0.880290 0.675000 0.045949 0.190741
0 1407 0.548972 0.924537 0.054414 0.139815
0 1408 0.895405 0.569907 0.042322 0.149074
0 1409 0.948609 0.534722 0.039903 0.150926
0 1411 0.841898 0.730556 0.048972 0.164815
0 1412 0.741233 0.351389 0.039903 0.121296
0 1413 0.776602 0.353241 0.041717 0.143519
0 1414 0.518440 0.970370 0.042926 0.059259
0 1415 0.896010 0.800926 0.053204 0.185185
0 1416 0.949819 0.606481 0.053204 0.170370
0 1424 0.847340 0.865741 0.048972 0.157407
0 1434 0.075574 0.796296 0.044740 0.170370
0 1443 0.348247 0.567593 0.042322 0.146296
0 1444 0.290810 0.345833 0.042322 0.137963
0 1445 0.285369 0.361574 0.033857 0.143519
0 1447 0.977025 0.748148 0.044740 0.170370
0 1456 0.810762 0.863426 0.050786 0.173148
0 1486 0.821644 0.946296 0.055623 0.107407
0 1488 0.973398 0.847685 0.051995 0.184259
0 1489 0.848851 0.785648 0.059250 0.176852
0 1490 0.550786 0.484722 0.030230 0.126852
0 1494 0.884220 0.564352 0.044135 0.145370
0 1495 0.942866 0.766204 0.041717 0.095370
0 1496 0.980955 0.576389 0.038089 0.149074
0 1501 0.273881 0.958796 0.048368 0.084259
0 1502 0.443168 0.942130 0.053204 0.117593
0 1510 0.515115 0.783333 0.049577 0.175926
0 1522 0.460399 0.843519 0.046554 0.162963
0 1531 0.574667 0.583796 0.039299 0.163889
0 1532 0.613059 0.599537 0.047158 0.150926
0 1549 0.353688 0.762963 0.047158 0.164815
0 1550 0.291717 0.700926 0.036880 0.157407
0 1551 0.369710 0.676852 0.052600 0.181481
0 1555 0.585852 0.500463 0.042322 0.137963
0 1556 0.557437 0.510648 0.030230 0.110185
0 1557 0.608222 0.572222 0.042322 0.151852
0 1565 0.527207 0.837500 0.042322 0.187963
0 1567 0.359734 0.446759 0.042322 0.137963
0 1570 0.486699 0.568519 0.044740 0.164815
0 1572 0.396312 0.343519 0.041717 0.151852
0 1573 0.496977 0.398611 0.032648 0.132407
0 1583 0.674426 0.947685 0.032044 0.106481
0 1584 0.649940 0.938889 0.045949 0.124074
0 1587 0.636336 0.871759 0.053809 0.167593
0 1588 0.619710 0.918519 0.043531 0.164815
0 1592 0.404776 0.694907 0.036880 0.165741
0 1593 0.412031 0.741204 0.068319 0.162037
0 1594 0.448609 0.709722 0.042322 0.160185
0 1595 0.386638 0.707870 0.039299 0.167593
0 1610 0.909311 0.897222 0.047158 0.175926
0 1615 0.891173 0.942130 0.060459 0.117593
0 1621 0.917170 0.538889 0.042322 0.140741
0 1624 0.344015 0.108333 0.037485 0.140741
0 1626 0.950726 0.976852 0.042926 0.046296
0 1629 0.981258 0.967130 0.036276 0.067593
0 1632 0.321947 0.093981 0.032044 0.115741
0 1633 0.309250 0.071759 0.032044 0.115741
0 1634 0.011487 0.876852 0.021765 0.183333
0 1642 0.296856 0.101852 0.032648 0.131481
0 1643 0.942563 0.931019 0.055623 0.136111
0 1647 0.922914 0.583333 0.048972 0.161111
0 1650 0.563482 0.650463 0.043531 0.156481
0 1651 0.556832 0.641204 0.053204 0.156481
0 1652 0.586155 0.625463 0.041717 0.160185
0 1653 0.694075 0.673148 0.043531 0.148148
0 1654 0.273881 0.428704 0.036276 0.146296
0 1655 0.521765 0.511111 0.035067 0.135185
0 1656 0.338271 0.663889 0.046554 0.174074
0 1657 0.498791 0.493056 0.037485 0.143519
0 1658 0.414752 0.337500 0.037485 0.137963
0 1659 0.375453 0.392130 0.039903 0.143519
0 1660 0.479444 0.368056 0.032648 0.143519
0 1661 0.520859 0.378241 0.032044 0.149074
0 1662 0.450121 0.528241 0.042926 0.149074
0 1664 0.317715 0.117593 0.034462 0.118519
0 1666 0.314389 0.550463 0.047158 0.156481
0 1667 0.465538 0.419907 0.037485 0.121296
0 1668 0.490326 0.418981 0.030230 0.115741
0 1669 0.715236 0.941667 0.050786 0.118519
0 1670 0.776904 0.050926 0.037485 0.100000
0 1942 0.006348 0.164815 0.011487 0.124074
