0 1167 0.553507 0.052778 0.039299 0.103704
0 1170 0.204655 0.037037 0.044135 0.072222
0 1171 0.169287 0.036574 0.042322 0.071296
0 1188 0.355502 0.016667 0.037485 0.031481
0 1193 0.374244 0.019444 0.036276 0.037037
0 1207 0.717654 0.053241 0.037485 0.104630
0 1208 0.620919 0.041667 0.037485 0.081481
0 1209 0.681076 0.042593 0.036880 0.083333
0 1214 0.714027 0.030556 0.036276 0.059259
0 1215 0.671705 0.026389 0.039903 0.050926
0 1216 0.669287 0.019444 0.037485 0.037037
0 1230 0.952539 0.029630 0.039299 0.057407
0 1231 0.981258 0.042130 0.035067 0.082407
0 1232 0.966747 0.460648 0.044740 0.154630
0 1233 0.040508 0.975926 0.039903 0.050000
0 1324 0.080411 0.960648 0.051995 0.076852
0 1326 0.051995 0.586574 0.042322 0.145370
0 1327 0.067412 0.564352 0.036880 0.137963
0 1328 0.136034 0.567130 0.045949 0.139815
0 1329 0.159915 0.533796 0.048972 0.149074
0 1330 0.130593 0.509722 0.037485 0.134259
0 1331 0.012394 0.196759 0.023579 0.137963
0 1332 0.021463 0.230556 0.027207 0.096296
0 1333 0.045345 0.227315 0.051995 0.145370
0 1334 0.087062 0.200926 0.036276 0.101852
0 1335 0.090085 0.129167 0.041112 0.134259
0 1336 0.119105 0.129630 0.032648 0.127778
0 1337 0.155079 0.060185 0.034462 0.118519
0 1338 0.186820 0.064815 0.037485 0.127778
0 1339 0.114268 0.362037 0.050786 0.146296
0 1340 0.103083 0.349537 0.039299 0.145370
0 1341 0.655985 0.409259 0.045949 0.175926
0 1342 0.415961 0.222685 0.035067 0.132407
0 1343 0.384220 0.209722 0.034462 0.132407
0 1344 0.409008 0.206944 0.034462 0.132407
0 1345 0.377267 0.225926 0.037485 0.135185
0 1346 0.288694 0.218519 0.039299 0.135185
0 1347 0.268138 0.208333 0.036880 0.137037
0 1348 0.340387 0.187500 0.035067 0.126852
0 1349 0.358827 0.181481 0.039299 0.129630
0 1350 0.394196 0.109722 0.037485 0.126852
0 1351 0.439238 0.260648 0.032044 0.115741
0 1352 0.433192 0.151852 0.034462 0.133333
0 1353 0.489722 0.245370 0.037485 0.148148
0 1354 0.491838 0.265278 0.044135 0.156481
0 1355 0.434704 0.124537 0.035067 0.123148
0 1356 0.542624 0.168519 0.036880 0.142593
0 1357 0.448609 0.089815 0.035067 0.118519
0 1358 0.470677 0.100926 0.032044 0.124074
0 1359 0.656590 0.324074 0.049577 0.131481
0 1360 0.612455 0.303241 0.048368 0.156481
0 1361 0.648126 0.255556 0.044740 0.157407
0 1362 0.666264 0.212500 0.043531 0.150926
0 1363 0.696796 0.238426 0.044135 0.150926
0 1364 0.577388 0.059259 0.037485 0.116667
0 1365 0.685611 0.046759 0.032648 0.086111
0 1366 0.681378 0.090278 0.030230 0.121296
0 1367 0.839480 0.353704 0.039299 0.138889
0 1368 0.792926 0.236574 0.032044 0.113889
0 1369 0.907497 0.386111 0.037485 0.140741
0 1371 0.949214 0.399537 0.036276 0.137963
0 1372 0.928658 0.366667 0.031439 0.118519
0 1373 0.903265 0.341204 0.054414 0.145370
0 1374 0.954353 0.347222 0.051391 0.162963
0 1375 0.887848 0.320833 0.053809 0.137963
0 1376 0.980955 0.334722 0.036880 0.137963
0 1377 0.987908 0.112963 0.022975 0.085185
0 1378 0.970375 0.090278 0.037485 0.121296
0 1379 0.988513 0.282407 0.021765 0.129630
0 1381 0.953446 0.310648 0.037485 0.132407
0 1382 0.925030 0.305556 0.039903 0.129630
0 1383 0.957376 0.257870 0.039299 0.132407
0 1384 0.948609 0.271759 0.033857 0.113889
0 1385 0.969468 0.242130 0.032044 0.128704
0 1386 0.047763 0.103704 0.039903 0.118519
0 1387 0.212817 0.147685 0.037485 0.137963
0 1388 0.353688 0.264815 0.043531 0.148148
0 1389 0.764813 0.135185 0.032648 0.120370
0 1390 0.947098 0.186574 0.029625 0.110185
0 1391 0.771463 0.231944 0.042322 0.156481
0 1392 0.924728 0.204167 0.027207 0.089815
0 1393 0.909915 0.204630 0.035067 0.109259
0 1394 0.648126 0.045370 0.030230 0.088889
0 1395 0.819831 0.263889 0.044740 0.146296
0 1396 0.745466 0.232407 0.030230 0.103704
0 1397 0.934704 0.225463 0.039903 0.143519
0 1398 0.686820 0.425000 0.047158 0.140741
0 1399 0.720677 0.424074 0.033857 0.133333
0 1400 0.775091 0.455093 0.042322 0.139815
0 1401 0.826481 0.377315 0.050786 0.182407
0 1402 0.763603 0.533796 0.049577 0.162037
0 1403 0.360943 0.672685 0.045949 0.171296
0 1404 0.818017 0.488889 0.039903 0.140741
0 1405 0.770556 0.505556 0.048972 0.140741
0 1406 0.808041 0.512963 0.046554 0.179630
0 1407 0.637545 0.668056 0.051391 0.154630
0 1408 0.887545 0.475926 0.042322 0.146296
0 1409 0.897521 0.434259 0.036880 0.146296
0 1410 0.568017 0.912500 0.057437 0.160185
0 1411 0.719468 0.505093 0.044740 0.149074
0 1412 0.742443 0.350463 0.039903 0.121296
0 1413 0.779323 0.350463 0.042322 0.139815
0 1414 0.610339 0.752778 0.044135 0.172222
0 1415 0.827690 0.586111 0.050786 0.170370
0 1416 0.951935 0.478704 0.046554 0.170370
0 1424 0.801088 0.661574 0.043531 0.150926
0 1425 0.922007 0.679167 0.039903 0.154630
0 1434 0.032044 0.635648 0.038694 0.160185
0 1443 0.309855 0.521296 0.041717 0.148148
0 1444 0.293229 0.341204 0.042322 0.137963
0 1445 0.285067 0.358333 0.034462 0.140741
0 1446 0.603386 0.904167 0.045949 0.167593
0 1447 0.905079 0.609722 0.049577 0.162037
0 1456 0.763906 0.657870 0.048972 0.156481
0 1461 0.637848 0.963889 0.035067 0.074074
0 1484 0.962515 0.556019 0.042322 0.154630
0 1486 0.792926 0.751852 0.046554 0.172222
0 1488 0.881197 0.660185 0.053809 0.174074
0 1489 0.790810 0.587500 0.059250 0.176852
0 1490 0.549274 0.483796 0.029625 0.126852
0 1491 0.581620 0.838426 0.051995 0.165741
0 1494 0.866687 0.465278 0.044135 0.145370
0 1495 0.877267 0.635648 0.042322 0.087963
0 1496 0.968259 0.460648 0.041717 0.149074
0 1501 0.276904 0.957407 0.044740 0.087037
0 1502 0.443168 0.941204 0.053204 0.117593
0 1510 0.515417 0.783333 0.047763 0.179630
0 1522 0.464329 0.836111 0.047158 0.162963
0 1531 0.579807 0.585648 0.039903 0.160185
0 1532 0.611245 0.595370 0.044740 0.151852
0 1549 0.351874 0.759259 0.045949 0.168519
0 1550 0.473700 0.548611 0.032044 0.139815
0 1551 0.510883 0.525463 0.072551 0.165741
0 1555 0.587666 0.490741 0.038694 0.137037
0 1556 0.553809 0.507870 0.032648 0.110185
0 1557 0.606711 0.567593 0.041717 0.151852
0 1565 0.526602 0.830093 0.041112 0.195370
0 1567 0.377570 0.426389 0.041717 0.137963
0 1568 0.650242 0.886111 0.046554 0.159259
0 1569 0.689541 0.900926 0.053809 0.164815
0 1570 0.495768 0.592130 0.044740 0.160185
0 1572 0.389964 0.340741 0.042322 0.151852
0 1573 0.504232 0.400463 0.032648 0.132407
0 1583 0.678356 0.770370 0.030230 0.124074
0 1584 0.660822 0.776852 0.047158 0.168519
0 1587 0.420496 0.868519 0.067110 0.170370
0 1588 0.358827 0.900926 0.048972 0.159259
0 1592 0.404172 0.701389 0.036880 0.165741
0 1593 0.420798 0.740278 0.049577 0.162037
0 1594 0.451330 0.703241 0.045345 0.156481
0 1595 0.385127 0.707870 0.037485 0.167593
0 1610 0.846433 0.693056 0.047158 0.154630
0 1615 0.845224 0.755093 0.056832 0.167593
0 1620 0.941657 0.605093 0.046554 0.147222
0 1621 0.865780 0.432407 0.036276 0.135185
0 1624 0.344317 0.105093 0.039299 0.139815
0 1625 0.003325 0.923611 0.005441 0.152778
0 1626 0.892382 0.807870 0.064087 0.163889
0 1629 0.954655 0.792130 0.055623 0.163889
0 1632 0.322854 0.094907 0.032648 0.115741
0 1633 0.314994 0.068056 0.032648 0.115741
0 1634 0.020254 0.870833 0.039299 0.182407
0 1642 0.292322 0.100463 0.032044 0.132407
0 1643 0.888755 0.734722 0.050786 0.165741
0 1647 0.850060 0.494907 0.047158 0.156481
0 1650 0.574970 0.656944 0.055623 0.145370
0 1651 0.550786 0.623611 0.041112 0.171296
0 1652 0.596735 0.630556 0.037485 0.157407
0 1653 0.712213 0.658333 0.051995 0.148148
0 1654 0.278718 0.429630 0.036276 0.144444
0 1655 0.530532 0.508333 0.034462 0.135185
0 1656 0.514510 0.505556 0.064087 0.159259
0 1657 0.506348 0.494907 0.036880 0.143519
0 1658 0.415659 0.331944 0.036880 0.136111
0 1659 0.428053 0.358796 0.039903 0.143519
0 1660 0.478839 0.370833 0.030230 0.143519
0 1661 0.519347 0.374537 0.032648 0.149074
0 1662 0.444680 0.516667 0.041717 0.151852
0 1663 0.014510 0.923611 0.027811 0.143519
0 1664 0.320738 0.109722 0.034462 0.115741
0 1666 0.301088 0.510185 0.044740 0.151852
0 1667 0.461911 0.417130 0.037485 0.121296
0 1668 0.480653 0.415278 0.030230 0.115741
0 1669 0.713422 0.771759 0.045949 0.187963
0 1670 0.776904 0.052778 0.037485 0.103704
0 1942 0.005744 0.161111 0.010278 0.124074
