0 1167 0.567715 0.045833 0.035067 0.089815
0 1170 0.208888 0.031019 0.044135 0.060185
0 1171 0.177751 0.033333 0.042322 0.064815
0 1188 0.355200 0.015278 0.036880 0.028704
0 1193 0.373337 0.018519 0.035671 0.035185
0 1207 0.720677 0.043056 0.037485 0.084259
0 1208 0.622733 0.036574 0.037485 0.071296
0 1209 0.676844 0.039352 0.036880 0.076852
0 1214 0.712213 0.029167 0.036276 0.056481
0 1215 0.669287 0.021759 0.039903 0.041667
0 1231 0.982467 0.033796 0.033857 0.065741
0 1232 0.960097 0.446759 0.044740 0.154630
0 1233 0.013906 0.980093 0.026602 0.041667
0 1324 0.044740 0.961574 0.051995 0.076852
0 1326 0.033857 0.583333 0.044740 0.146296
0 1327 0.049274 0.564352 0.036880 0.137963
0 1328 0.118501 0.565278 0.047158 0.139815
0 1329 0.145707 0.536574 0.048368 0.149074
0 1330 0.119710 0.507407 0.037485 0.135185
0 1331 0.019045 0.183796 0.036880 0.137963
0 1332 0.034764 0.216667 0.027207 0.096296
0 1333 0.053809 0.209722 0.050786 0.143519
0 1334 0.100363 0.184722 0.032648 0.100926
0 1335 0.103386 0.114352 0.041112 0.134259
0 1336 0.126360 0.114815 0.032648 0.125926
0 1337 0.154172 0.052315 0.036276 0.102778
0 1338 0.189238 0.058333 0.037485 0.114815
0 1339 0.129081 0.346759 0.051391 0.145370
0 1340 0.121524 0.335648 0.039903 0.143519
0 1341 0.652963 0.395833 0.044740 0.171296
0 1342 0.409311 0.220833 0.035067 0.132407
0 1343 0.374849 0.207870 0.035067 0.132407
0 1344 0.401149 0.201389 0.034462 0.132407
0 1345 0.360943 0.224074 0.037485 0.135185
0 1346 0.306227 0.207407 0.039299 0.131481
0 1347 0.286578 0.190741 0.041112 0.129630
0 1348 0.356711 0.173611 0.037485 0.126852
0 1349 0.376663 0.166204 0.038694 0.126852
0 1350 0.408102 0.101389 0.037485 0.126852
0 1351 0.459190 0.251389 0.032044 0.115741
0 1352 0.449214 0.134722 0.035067 0.126852
0 1353 0.503023 0.231944 0.037485 0.141667
0 1354 0.510580 0.247685 0.041717 0.156481
0 1355 0.450423 0.112963 0.035067 0.120370
0 1356 0.548670 0.153241 0.036880 0.143519
0 1357 0.463724 0.081481 0.035067 0.118519
0 1358 0.485490 0.089352 0.032648 0.123148
0 1359 0.653265 0.300000 0.050181 0.131481
0 1360 0.611850 0.286111 0.048368 0.151852
0 1361 0.642987 0.232407 0.042926 0.157407
0 1362 0.663543 0.194907 0.044135 0.149074
0 1363 0.693470 0.211574 0.044740 0.149074
0 1364 0.591294 0.056481 0.037485 0.111111
0 1365 0.681983 0.042130 0.032648 0.082407
0 1366 0.683797 0.077315 0.029021 0.117593
0 1367 0.821040 0.336111 0.038694 0.129630
0 1368 0.783555 0.225000 0.031439 0.112963
0 1369 0.886336 0.366667 0.037485 0.140741
0 1371 0.928356 0.381944 0.036880 0.137963
0 1372 0.910520 0.350000 0.035067 0.118519
0 1373 0.907195 0.334259 0.050181 0.146296
0 1374 0.951632 0.333333 0.049577 0.161111
0 1375 0.892987 0.311574 0.051995 0.137963
0 1376 0.978235 0.322222 0.038694 0.135185
0 1377 0.988210 0.096296 0.022370 0.085185
0 1378 0.967956 0.076389 0.037485 0.117593
0 1379 0.989722 0.273148 0.019347 0.129630
0 1381 0.949819 0.298611 0.037485 0.132407
0 1382 0.928053 0.300000 0.039903 0.129630
0 1383 0.956771 0.245833 0.039299 0.132407
0 1384 0.937122 0.250463 0.033857 0.108333
0 1385 0.968259 0.230093 0.032044 0.128704
0 1386 0.047763 0.082407 0.039903 0.118519
0 1387 0.212213 0.144907 0.037485 0.137963
0 1388 0.375453 0.258796 0.043531 0.149074
0 1389 0.764813 0.134259 0.032648 0.120370
0 1390 0.944377 0.173611 0.029021 0.110185
0 1391 0.762999 0.216667 0.042322 0.157407
0 1392 0.922007 0.187963 0.027811 0.090741
0 1393 0.906288 0.190278 0.035067 0.106481
0 1394 0.645707 0.038426 0.030230 0.075000
0 1395 0.815901 0.247222 0.044135 0.146296
0 1396 0.740326 0.218519 0.029625 0.096296
0 1397 0.928658 0.212037 0.039903 0.140741
0 1398 0.686518 0.408333 0.046554 0.140741
0 1399 0.717956 0.406481 0.034462 0.129630
0 1400 0.766022 0.437500 0.042322 0.139815
0 1401 0.821040 0.358796 0.049577 0.178704
0 1402 0.750907 0.517130 0.049577 0.162037
0 1403 0.380290 0.650926 0.044740 0.170370
0 1404 0.804716 0.467130 0.039903 0.137963
0 1405 0.764208 0.490741 0.048368 0.140741
0 1406 0.801693 0.490741 0.047158 0.172222
0 1407 0.647823 0.639815 0.051391 0.151852
0 1408 0.883313 0.460648 0.042322 0.143519
0 1409 0.891475 0.423148 0.036880 0.146296
0 1410 0.571040 0.882407 0.052600 0.170370
0 1411 0.707981 0.483796 0.044740 0.149074
0 1412 0.742443 0.347685 0.039903 0.121296
0 1413 0.779323 0.349537 0.042322 0.139815
0 1414 0.617291 0.721296 0.044740 0.162963
0 1415 0.824063 0.568056 0.050786 0.171296
0 1416 0.948912 0.462963 0.046554 0.168519
0 1420 0.985187 0.501389 0.028416 0.137963
0 1424 0.798368 0.641204 0.044135 0.150926
0 1425 0.917775 0.659722 0.039903 0.154630
0 1429 0.928356 0.980093 0.041717 0.041667
0 1430 0.877267 0.978241 0.041112 0.045370
0 1434 0.048065 0.629630 0.046554 0.159259
0 1443 0.309250 0.517593 0.041717 0.153704
0 1444 0.296856 0.342130 0.042322 0.137963
0 1445 0.285067 0.356481 0.034462 0.140741
0 1446 0.605804 0.875463 0.042322 0.167593
0 1447 0.896917 0.591204 0.048972 0.162037
0 1456 0.759976 0.640741 0.049577 0.157407
0 1461 0.606409 0.957870 0.035067 0.084259
0 1462 0.541112 0.986574 0.036276 0.028704
0 1473 0.985490 0.574074 0.026602 0.159259
0 1484 0.959492 0.537500 0.042322 0.154630
0 1486 0.793229 0.727778 0.047158 0.166667
0 1488 0.873337 0.640741 0.053809 0.174074
0 1489 0.786880 0.567130 0.058646 0.176852
0 1490 0.549879 0.481944 0.029625 0.126852
0 1491 0.581923 0.806944 0.058646 0.167593
0 1494 0.861850 0.454630 0.042926 0.146296
0 1495 0.868198 0.620833 0.042322 0.087963
0 1496 0.961911 0.446759 0.041112 0.149074
0 1501 0.276904 0.956944 0.044740 0.087963
0 1502 0.442563 0.941204 0.051995 0.117593
0 1510 0.515115 0.782407 0.048368 0.179630
0 1522 0.463724 0.836111 0.047158 0.162963
0 1531 0.579807 0.582870 0.039903 0.160185
0 1532 0.611245 0.595370 0.044740 0.151852
0 1549 0.351572 0.759259 0.046554 0.168519
0 1550 0.479746 0.537037 0.032044 0.140741
0 1551 0.515417 0.520833 0.064692 0.162037
0 1555 0.588271 0.488889 0.038694 0.137037
0 1556 0.557134 0.506019 0.030834 0.110185
0 1557 0.606711 0.566667 0.041717 0.151852
0 1565 0.526602 0.828704 0.041112 0.194444
0 1567 0.389057 0.422685 0.041717 0.136111
0 1568 0.647521 0.869444 0.045949 0.174074
0 1569 0.686518 0.871296 0.053809 0.159259
0 1570 0.490326 0.590278 0.044740 0.160185
0 1572 0.390568 0.338889 0.042322 0.151852
0 1573 0.505139 0.401389 0.032044 0.132407
0 1583 0.677751 0.756944 0.029021 0.126852
0 1584 0.659613 0.759722 0.047158 0.165741
0 1587 0.387545 0.862500 0.056832 0.171296
0 1588 0.324365 0.896296 0.058646 0.159259
0 1592 0.405079 0.701389 0.037485 0.165741
0 1593 0.422612 0.728241 0.049577 0.162037
0 1594 0.449819 0.696759 0.048368 0.156481
0 1595 0.386941 0.706019 0.037485 0.167593
0 1610 0.838573 0.677315 0.047158 0.154630
0 1615 0.840992 0.739815 0.056832 0.172222
0 1620 0.935611 0.586111 0.046554 0.146296
0 1621 0.861245 0.419444 0.036880 0.135185
0 1624 0.345828 0.102315 0.039903 0.139815
0 1625 0.016022 0.919444 0.030834 0.161111
0 1626 0.889661 0.787037 0.063482 0.162963
0 1629 0.948609 0.771296 0.055623 0.164815
0 1632 0.322854 0.094907 0.032648 0.115741
0 1633 0.314994 0.068056 0.032648 0.115741
0 1634 0.020556 0.868981 0.039903 0.182407
0 1642 0.292322 0.099537 0.032044 0.132407
0 1643 0.884825 0.713426 0.051391 0.165741
0 1647 0.839178 0.477778 0.047158 0.157407
0 1650 0.574970 0.656019 0.055623 0.145370
0 1651 0.553204 0.623611 0.041112 0.169444
0 1652 0.596433 0.627778 0.036880 0.159259
0 1653 0.715236 0.659259 0.051995 0.148148
0 1654 0.276904 0.426852 0.036276 0.146296
0 1655 0.533857 0.503704 0.035067 0.135185
0 1656 0.519952 0.501852 0.064087 0.159259
0 1657 0.506953 0.493056 0.036880 0.143519
0 1658 0.415659 0.330093 0.036880 0.136111
0 1659 0.430472 0.356019 0.039903 0.143519
0 1660 0.478839 0.367130 0.030230 0.143519
0 1661 0.518742 0.374537 0.032648 0.149074
0 1662 0.444680 0.515741 0.041717 0.151852
0 1663 0.029927 0.916204 0.041717 0.143519
0 1664 0.321040 0.106944 0.035067 0.115741
0 1666 0.303507 0.507407 0.044740 0.151852
0 1667 0.462515 0.418056 0.037485 0.121296
0 1668 0.483071 0.420833 0.030230 0.115741
0 1669 0.715538 0.754167 0.046554 0.187963
0 1670 0.776904 0.051389 0.037485 0.100926
0 1942 0.005744 0.161111 0.010278 0.124074
