0 1167 0.574970 0.041204 0.035067 0.080556
0 1170 0.211911 0.026389 0.044135 0.050926
0 1171 0.185006 0.027778 0.042322 0.053704
0 1188 0.355200 0.014352 0.036880 0.026852
0 1193 0.372430 0.018056 0.035067 0.034259
0 1207 0.722189 0.035648 0.036880 0.069444
0 1208 0.620919 0.030093 0.037485 0.058333
0 1209 0.672914 0.037037 0.037485 0.072222
0 1214 0.710701 0.027778 0.036880 0.053704
0 1232 0.957074 0.436574 0.044740 0.154630
0 1324 0.022672 0.962500 0.044135 0.076852
0 1326 0.025393 0.581019 0.049577 0.147222
0 1327 0.036578 0.561574 0.036880 0.137963
0 1328 0.105502 0.563426 0.046554 0.139815
0 1329 0.136941 0.531019 0.046554 0.149074
0 1330 0.110339 0.507407 0.033253 0.135185
0 1331 0.022975 0.173611 0.044740 0.137963
0 1332 0.044135 0.200926 0.027811 0.096296
0 1333 0.065599 0.202315 0.051391 0.143519
0 1334 0.111245 0.174537 0.035067 0.100926
0 1335 0.105804 0.102315 0.041112 0.132407
0 1336 0.131802 0.103241 0.032648 0.126852
0 1337 0.152963 0.046296 0.037485 0.090741
0 1338 0.191354 0.053241 0.036880 0.104630
0 1339 0.139359 0.332407 0.051391 0.144444
0 1340 0.133011 0.321759 0.039903 0.143519
0 1341 0.654474 0.388426 0.044135 0.165741
0 1342 0.401149 0.218981 0.034462 0.132407
0 1343 0.368803 0.204167 0.035067 0.132407
0 1344 0.391778 0.194907 0.035067 0.132407
0 1345 0.351270 0.219444 0.037485 0.135185
0 1346 0.320133 0.197222 0.039299 0.129630
0 1347 0.304716 0.178241 0.042322 0.130556
0 1348 0.370314 0.160185 0.035671 0.125926
0 1349 0.388452 0.156944 0.039299 0.126852
0 1350 0.418077 0.095833 0.036880 0.125000
0 1351 0.476421 0.242130 0.031439 0.115741
0 1352 0.462817 0.125926 0.042926 0.124074
0 1353 0.506651 0.221759 0.037485 0.137963
0 1354 0.522975 0.237037 0.041112 0.153704
0 1355 0.461306 0.101389 0.035067 0.117593
0 1356 0.551088 0.143056 0.036880 0.143519
0 1357 0.474607 0.071296 0.035067 0.118519
0 1358 0.495163 0.080556 0.032648 0.120370
0 1359 0.648428 0.284722 0.048972 0.132407
0 1360 0.611548 0.271296 0.048972 0.151852
0 1361 0.640266 0.214815 0.041112 0.157407
0 1362 0.662334 0.182870 0.044135 0.149074
0 1363 0.692563 0.197685 0.044135 0.149074
0 1364 0.600363 0.050463 0.037485 0.099074
0 1365 0.678356 0.042593 0.032648 0.083333
0 1366 0.684401 0.067130 0.029021 0.115741
0 1367 0.815599 0.319907 0.038694 0.132407
0 1368 0.778416 0.215741 0.032044 0.111111
0 1369 0.873640 0.352778 0.037485 0.140741
0 1371 0.913543 0.373611 0.037485 0.136111
0 1372 0.897219 0.338889 0.035067 0.118519
0 1373 0.909915 0.329167 0.049577 0.145370
0 1374 0.953748 0.323611 0.050181 0.158333
0 1375 0.895103 0.304630 0.050181 0.137037
0 1376 0.975212 0.308333 0.038694 0.131481
0 1377 0.987606 0.084259 0.022370 0.083333
0 1378 0.964933 0.064352 0.037485 0.113889
0 1379 0.987908 0.265278 0.022975 0.134259
0 1381 0.949214 0.290278 0.037485 0.132407
0 1382 0.930169 0.296296 0.039299 0.129630
0 1383 0.954353 0.235185 0.039299 0.129630
0 1384 0.931681 0.237963 0.033857 0.105556
0 1385 0.964631 0.218981 0.032044 0.128704
0 1386 0.048972 0.070370 0.041112 0.116667
0 1387 0.211608 0.143056 0.037485 0.137963
0 1388 0.389661 0.255093 0.045345 0.143519
0 1389 0.764208 0.133333 0.032648 0.120370
0 1390 0.940750 0.168981 0.029021 0.110185
0 1391 0.756348 0.206019 0.042322 0.152778
0 1392 0.919589 0.175000 0.027811 0.090741
0 1393 0.902660 0.181019 0.035067 0.106481
0 1394 0.643289 0.032870 0.030230 0.063889
0 1395 0.813482 0.235185 0.044135 0.146296
0 1396 0.733374 0.212963 0.030230 0.096296
0 1397 0.925030 0.203704 0.039903 0.140741
0 1398 0.684704 0.395833 0.045345 0.139815
0 1399 0.716143 0.394444 0.034462 0.129630
0 1400 0.758162 0.424537 0.039903 0.139815
0 1401 0.817715 0.347685 0.048972 0.176852
0 1402 0.741536 0.500463 0.047763 0.162037
0 1403 0.396614 0.636574 0.044740 0.171296
0 1404 0.795647 0.455093 0.039903 0.137963
0 1405 0.759976 0.479630 0.048368 0.140741
0 1406 0.797158 0.474074 0.047763 0.166667
0 1407 0.655079 0.620370 0.051391 0.148148
0 1408 0.881499 0.451389 0.042322 0.143519
0 1409 0.888755 0.412037 0.036276 0.140741
0 1410 0.576481 0.857407 0.051391 0.164815
0 1411 0.700726 0.470833 0.044740 0.149074
0 1412 0.742443 0.346759 0.039903 0.121296
0 1413 0.779323 0.348611 0.042322 0.139815
0 1414 0.626965 0.701389 0.044740 0.167593
0 1415 0.824063 0.551389 0.050786 0.171296
0 1416 0.946796 0.451389 0.047158 0.165741
0 1420 0.983676 0.493981 0.031439 0.139815
0 1424 0.794740 0.628241 0.044135 0.150926
0 1425 0.910520 0.646759 0.039903 0.154630
0 1429 0.917473 0.963889 0.047763 0.072222
0 1430 0.874244 0.961111 0.049577 0.074074
0 1434 0.058041 0.614352 0.039903 0.160185
0 1443 0.308948 0.514815 0.041112 0.157407
0 1444 0.300181 0.342130 0.041717 0.137963
0 1445 0.285067 0.354630 0.034462 0.140741
0 1446 0.607920 0.848611 0.040508 0.167593
0 1447 0.890266 0.578241 0.048972 0.162037
0 1456 0.755139 0.627778 0.049577 0.157407
0 1461 0.581016 0.953241 0.037485 0.093519
0 1462 0.518138 0.981019 0.036276 0.039815
0 1473 0.979746 0.565278 0.033253 0.162037
0 1484 0.956469 0.524537 0.042322 0.154630
0 1486 0.785671 0.717593 0.048972 0.168519
0 1488 0.867594 0.626852 0.054414 0.174074
0 1489 0.785067 0.554167 0.058646 0.176852
0 1490 0.551088 0.481019 0.029625 0.126852
0 1491 0.582225 0.784722 0.058041 0.167593
0 1494 0.857920 0.447222 0.041112 0.146296
0 1495 0.861548 0.610648 0.042322 0.087963
0 1496 0.959492 0.435648 0.041112 0.147222
0 1501 0.276602 0.956481 0.044135 0.088889
0 1502 0.442261 0.940741 0.051391 0.118519
0 1510 0.514813 0.782407 0.048972 0.179630
0 1522 0.463120 0.836111 0.047158 0.162963
0 1531 0.579807 0.582870 0.039903 0.160185
0 1532 0.611245 0.595370 0.044740 0.151852
0 1549 0.351572 0.759259 0.046554 0.168519
0 1550 0.480955 0.528704 0.032044 0.140741
0 1551 0.508464 0.535648 0.043531 0.154630
0 1555 0.588271 0.487037 0.038694 0.137037
0 1556 0.559553 0.504630 0.029625 0.109259
0 1557 0.606711 0.565741 0.041717 0.151852
0 1565 0.526602 0.827778 0.041112 0.192593
0 1567 0.396917 0.419444 0.041717 0.135185
0 1568 0.645103 0.847222 0.047158 0.172222
0 1569 0.686215 0.850926 0.054414 0.157407
0 1570 0.486094 0.588426 0.044740 0.160185
0 1572 0.390568 0.337037 0.042322 0.151852
0 1573 0.505139 0.398611 0.032044 0.132407
0 1583 0.677751 0.744907 0.029021 0.126852
0 1584 0.658404 0.751389 0.047158 0.165741
0 1587 0.364571 0.847222 0.062878 0.170370
0 1588 0.300484 0.888889 0.058041 0.159259
0 1592 0.405683 0.701389 0.037485 0.165741
0 1593 0.425030 0.727315 0.049577 0.162037
0 1594 0.450121 0.693056 0.046554 0.156481
0 1595 0.386941 0.704167 0.037485 0.167593
0 1610 0.832527 0.663426 0.047158 0.154630
0 1615 0.838875 0.728704 0.056227 0.172222
0 1620 0.930169 0.573148 0.045345 0.146296
0 1621 0.856409 0.410185 0.036880 0.135185
0 1624 0.347037 0.100463 0.039903 0.139815
0 1625 0.028718 0.913889 0.056227 0.170370
0 1626 0.889359 0.775000 0.064087 0.162963
0 1629 0.943168 0.757870 0.055623 0.163889
0 1632 0.322854 0.093981 0.032648 0.115741
0 1633 0.315599 0.066204 0.032648 0.115741
0 1634 0.020859 0.867130 0.040508 0.182407
0 1642 0.292322 0.097685 0.032044 0.132407
0 1643 0.880895 0.698611 0.051995 0.165741
0 1647 0.835550 0.462963 0.047158 0.157407
0 1650 0.574365 0.654167 0.055623 0.145370
0 1651 0.555018 0.624074 0.042322 0.166667
0 1652 0.596131 0.626852 0.037485 0.159259
0 1653 0.718561 0.662963 0.051391 0.148148
0 1654 0.273881 0.425000 0.036276 0.146296
0 1655 0.533857 0.502778 0.035067 0.135185
0 1656 0.522370 0.500463 0.058041 0.160185
0 1657 0.506046 0.489352 0.037485 0.143519
0 1658 0.415659 0.329167 0.036880 0.136111
0 1659 0.432890 0.354167 0.039903 0.143519
0 1660 0.478235 0.365278 0.030230 0.143519
0 1661 0.518138 0.374537 0.032648 0.149074
0 1662 0.444680 0.514815 0.041717 0.151852
0 1663 0.044740 0.905093 0.039903 0.141667
0 1664 0.321040 0.103241 0.035067 0.115741
0 1666 0.302902 0.505556 0.044740 0.151852
0 1667 0.462515 0.418981 0.037485 0.121296
0 1668 0.483071 0.418056 0.030230 0.115741
0 1669 0.714329 0.743056 0.046554 0.187963
0 1670 0.776904 0.050463 0.037485 0.099074
0 1942 0.005744 0.159259 0.010278 0.124074
