0 1167 0.499093 0.083333 0.039299 0.131481
0 1170 0.174123 0.051389 0.044740 0.100926
0 1171 0.138452 0.053704 0.042322 0.105556
0 1172 0.172007 0.046759 0.036880 0.091667
0 1186 0.564087 0.035185 0.030230 0.068519
0 1187 0.529927 0.035648 0.034462 0.069444
0 1188 0.356106 0.017593 0.037485 0.033333
0 1193 0.376360 0.018056 0.036880 0.034259
0 1195 0.466143 0.021759 0.039903 0.041667
0 1196 0.489420 0.020370 0.028416 0.038889
0 1207 0.721282 0.089352 0.037485 0.132407
0 1208 0.623337 0.063426 0.036276 0.125000
0 1209 0.685308 0.063889 0.036880 0.118519
0 1210 0.631499 0.039815 0.036880 0.077778
0 1214 0.720677 0.040741 0.036276 0.079630
0 1215 0.688029 0.038426 0.039903 0.075000
0 1216 0.672914 0.030556 0.037485 0.059259
0 1230 0.941354 0.062963 0.038694 0.124074
0 1231 0.970677 0.085648 0.036880 0.128704
0 1232 0.978235 0.503241 0.042322 0.154630
0 1233 0.187424 0.972685 0.039903 0.056481
0 1324 0.248186 0.964815 0.051391 0.070370
0 1325 0.055925 0.594907 0.048972 0.154630
0 1326 0.129081 0.590741 0.050181 0.146296
0 1327 0.125151 0.553241 0.037485 0.137963
0 1328 0.187122 0.557870 0.039299 0.149074
0 1329 0.194680 0.513426 0.043531 0.137963
0 1330 0.162938 0.503704 0.039299 0.135185
0 1333 0.012999 0.272222 0.024788 0.148148
0 1334 0.022068 0.245833 0.036880 0.104630
0 1335 0.034160 0.177315 0.041717 0.137963
0 1336 0.075272 0.179630 0.039299 0.131481
0 1337 0.124849 0.085185 0.034462 0.131481
0 1338 0.148126 0.095370 0.044740 0.140741
0 1339 0.039601 0.423148 0.053809 0.146296
0 1340 0.027207 0.410185 0.039903 0.146296
0 1341 0.676844 0.473611 0.048972 0.176852
0 1342 0.434099 0.218056 0.035067 0.132407
0 1343 0.406590 0.202778 0.034462 0.131481
0 1344 0.427146 0.207870 0.034462 0.132407
0 1345 0.402963 0.229630 0.036880 0.140741
0 1346 0.196796 0.276852 0.039299 0.135185
0 1347 0.171705 0.265278 0.041112 0.137963
0 1348 0.260278 0.243519 0.035671 0.131481
0 1349 0.283857 0.243519 0.042926 0.146296
0 1350 0.351572 0.135185 0.044135 0.120370
0 1351 0.350060 0.291204 0.031439 0.117593
0 1352 0.370012 0.193056 0.039903 0.134259
0 1353 0.411729 0.284722 0.037485 0.149074
0 1354 0.409915 0.290741 0.044740 0.157407
0 1355 0.408102 0.163426 0.039903 0.123148
0 1356 0.508464 0.226389 0.036276 0.139815
0 1357 0.401149 0.124537 0.034462 0.117593
0 1358 0.419589 0.130556 0.032648 0.124074
0 1359 0.675333 0.406481 0.054414 0.137037
0 1360 0.629988 0.376852 0.049577 0.170370
0 1361 0.675333 0.337500 0.044740 0.165741
0 1362 0.689843 0.298148 0.044740 0.162963
0 1363 0.709794 0.326852 0.044740 0.159259
0 1364 0.522672 0.092130 0.036880 0.125000
0 1365 0.695586 0.085185 0.034462 0.101852
0 1366 0.687424 0.140278 0.035067 0.121296
0 1367 0.923216 0.413889 0.037485 0.142593
0 1368 0.833736 0.286111 0.032648 0.118519
0 1369 0.983071 0.442130 0.032648 0.137963
0 1373 0.895707 0.378704 0.056227 0.146296
0 1374 0.959190 0.386574 0.053809 0.162037
0 1375 0.866687 0.354167 0.053809 0.137963
0 1377 0.980653 0.165278 0.027811 0.089815
0 1378 0.968259 0.134259 0.036880 0.120370
0 1381 0.943168 0.344907 0.037485 0.132407
0 1382 0.916868 0.353241 0.039299 0.136111
0 1383 0.967654 0.307407 0.039299 0.140741
0 1384 0.983676 0.325000 0.031439 0.124074
0 1385 0.970677 0.275926 0.036880 0.129630
0 1386 0.019347 0.157407 0.037485 0.120370
0 1387 0.213120 0.143981 0.036880 0.137963
0 1388 0.279021 0.297222 0.044135 0.148148
0 1389 0.764813 0.128704 0.032648 0.120370
0 1390 0.954958 0.236574 0.032044 0.112037
0 1391 0.804111 0.274074 0.047158 0.157407
0 1392 0.935913 0.248611 0.026602 0.089815
0 1393 0.926844 0.249074 0.033857 0.120370
0 1394 0.652963 0.071296 0.030230 0.107407
0 1395 0.840085 0.313889 0.044135 0.146296
0 1396 0.776300 0.281019 0.032648 0.104630
0 1397 0.941354 0.267130 0.039903 0.147222
0 1398 0.714027 0.491667 0.047158 0.151852
0 1399 0.742745 0.481019 0.036880 0.137963
0 1400 0.833132 0.516667 0.043531 0.153704
0 1401 0.853990 0.437963 0.052600 0.187037
0 1402 0.830713 0.608796 0.043531 0.167593
0 1403 0.277811 0.762963 0.056227 0.179630
0 1404 0.863966 0.568981 0.044740 0.154630
0 1405 0.799577 0.563889 0.052600 0.146296
0 1406 0.834341 0.567593 0.047158 0.179630
0 1407 0.589178 0.770370 0.051391 0.164815
0 1408 0.900242 0.515278 0.042322 0.149074
0 1409 0.919589 0.474537 0.039903 0.150926
0 1410 0.515417 0.970833 0.046554 0.054630
0 1411 0.767231 0.588889 0.044740 0.151852
0 1412 0.741233 0.347685 0.039903 0.121296
0 1413 0.781439 0.345833 0.041717 0.137963
0 1414 0.599154 0.886574 0.044740 0.173148
0 1415 0.856711 0.667130 0.050786 0.173148
0 1416 0.963422 0.525000 0.046554 0.170370
0 1424 0.820435 0.735185 0.048368 0.153704
0 1425 0.954655 0.732870 0.039903 0.152778
0 1434 0.022370 0.656019 0.041112 0.158333
0 1443 0.328900 0.527315 0.042322 0.143519
0 1444 0.292624 0.340278 0.042322 0.137963
0 1445 0.285067 0.355556 0.034462 0.140741
0 1446 0.581016 0.964352 0.050786 0.069444
0 1447 0.940145 0.666667 0.056832 0.162963
0 1456 0.782346 0.732870 0.045949 0.165741
0 1484 0.981862 0.610648 0.035067 0.160185
0 1486 0.811971 0.840741 0.051995 0.175926
0 1488 0.916264 0.723611 0.058646 0.178704
0 1489 0.810157 0.666204 0.059250 0.176852
0 1490 0.548368 0.482870 0.030230 0.126852
0 1491 0.533857 0.943981 0.060459 0.112037
0 1494 0.879686 0.507870 0.044740 0.145370
0 1495 0.912334 0.697685 0.042322 0.087963
0 1496 0.977932 0.503241 0.041717 0.149074
0 1501 0.275393 0.951852 0.045345 0.096296
0 1502 0.443168 0.937963 0.053204 0.124074
0 1510 0.513906 0.780556 0.044740 0.179630
0 1522 0.457981 0.836111 0.046554 0.162963
0 1531 0.577086 0.576389 0.039299 0.160185
0 1532 0.611548 0.593519 0.045345 0.151852
0 1549 0.353688 0.756019 0.047158 0.165741
0 1550 0.406590 0.584722 0.034462 0.137963
0 1551 0.458888 0.581481 0.037485 0.148148
0 1555 0.585852 0.498611 0.042322 0.137963
0 1556 0.553809 0.503241 0.030230 0.110185
0 1557 0.608222 0.562963 0.042322 0.151852
0 1565 0.525393 0.826852 0.042322 0.190741
0 1567 0.364268 0.431019 0.041717 0.137963
0 1568 0.651149 0.960648 0.048368 0.078704
0 1569 0.692866 0.967593 0.048368 0.066667
0 1570 0.501209 0.565278 0.044740 0.160185
0 1572 0.389057 0.340741 0.041717 0.151852
0 1573 0.497582 0.391204 0.032648 0.132407
0 1583 0.672007 0.840741 0.029625 0.135185
0 1584 0.655985 0.838426 0.047158 0.171296
0 1587 0.548065 0.873148 0.047763 0.170370
0 1588 0.497582 0.916204 0.045949 0.156481
0 1592 0.403567 0.692130 0.036880 0.165741
0 1593 0.408404 0.740278 0.047763 0.156481
0 1594 0.453144 0.700926 0.041717 0.162963
0 1595 0.385429 0.701389 0.036880 0.167593
0 1610 0.872128 0.761574 0.046554 0.154630
0 1615 0.862757 0.835648 0.061669 0.182407
0 1620 0.978537 0.664352 0.038089 0.150926
0 1621 0.891173 0.477315 0.037485 0.139815
0 1624 0.344015 0.103704 0.037485 0.140741
0 1626 0.919287 0.893981 0.067110 0.167593
0 1629 0.970375 0.876852 0.053204 0.170370
0 1632 0.322249 0.092130 0.032648 0.115741
0 1633 0.313180 0.067130 0.032648 0.115741
0 1634 0.020556 0.864352 0.039903 0.182407
0 1642 0.293833 0.097685 0.032648 0.132407
0 1643 0.912938 0.810185 0.050786 0.164815
0 1647 0.900544 0.550463 0.046554 0.156481
0 1650 0.571040 0.649537 0.050181 0.145370
0 1651 0.550786 0.623611 0.041112 0.171296
0 1652 0.598851 0.625463 0.039299 0.154630
0 1653 0.696796 0.655556 0.046554 0.148148
0 1654 0.272672 0.425926 0.037485 0.146296
0 1655 0.522370 0.509259 0.035067 0.135185
0 1656 0.434704 0.559722 0.045949 0.160185
0 1657 0.500302 0.491204 0.036880 0.143519
0 1658 0.413845 0.331019 0.036880 0.137963
0 1659 0.404474 0.363426 0.039903 0.143519
0 1660 0.479746 0.356944 0.029625 0.143519
0 1661 0.521765 0.371759 0.032648 0.149074
0 1662 0.444680 0.515741 0.041717 0.151852
0 1664 0.319528 0.107870 0.034462 0.117593
0 1666 0.305623 0.503241 0.044135 0.150926
0 1667 0.463422 0.409722 0.036880 0.121296
0 1668 0.490931 0.412500 0.030230 0.115741
0 1669 0.716445 0.845833 0.047158 0.195370
0 1670 0.776904 0.052315 0.037485 0.102778
0 1942 0.005744 0.158333 0.010278 0.124074
