0 1167 0.527811 0.060648 0.038694 0.119444
0 1170 0.191657 0.042593 0.044740 0.083333
0 1171 0.154172 0.041667 0.042322 0.081481
0 1172 0.177146 0.031019 0.037485 0.060185
0 1186 0.590387 0.023611 0.029625 0.045370
0 1188 0.356106 0.018056 0.037485 0.034259
0 1193 0.375756 0.020370 0.036880 0.038889
0 1207 0.720677 0.060185 0.037485 0.118519
0 1208 0.622733 0.049074 0.037485 0.096296
0 1209 0.680472 0.051852 0.036880 0.101852
0 1210 0.630290 0.027315 0.036880 0.052778
0 1214 0.716445 0.035648 0.036276 0.069444
0 1215 0.673821 0.033333 0.039299 0.064815
0 1216 0.672310 0.023148 0.037485 0.044444
0 1230 0.944982 0.044444 0.038694 0.087037
0 1231 0.977932 0.056481 0.036880 0.109259
0 1232 0.967352 0.478241 0.044740 0.154630
0 1233 0.104595 0.972685 0.039903 0.056481
0 1324 0.151753 0.962500 0.051995 0.075000
0 1325 0.018138 0.594907 0.035067 0.154630
0 1326 0.086759 0.588426 0.048972 0.145370
0 1327 0.092503 0.557870 0.037485 0.137963
0 1328 0.161427 0.561574 0.050786 0.139815
0 1329 0.183192 0.522222 0.048368 0.144444
0 1330 0.148428 0.509722 0.038089 0.134259
0 1331 0.003628 0.219907 0.006046 0.137963
0 1332 0.006046 0.256481 0.010883 0.096296
0 1333 0.025091 0.245833 0.048972 0.139815
0 1334 0.063482 0.219907 0.037485 0.104630
0 1335 0.068622 0.152315 0.041717 0.137963
0 1336 0.103688 0.152315 0.034462 0.132407
0 1337 0.141778 0.071296 0.034462 0.131481
0 1338 0.166264 0.076852 0.043531 0.138889
0 1339 0.081016 0.393519 0.051995 0.151852
0 1340 0.069831 0.375000 0.039299 0.146296
0 1341 0.667170 0.437500 0.048972 0.176852
0 1342 0.427146 0.220833 0.034462 0.132407
0 1343 0.395103 0.212037 0.034462 0.131481
0 1344 0.418077 0.211574 0.034462 0.132407
0 1345 0.389964 0.230556 0.036276 0.140741
0 1346 0.247279 0.247222 0.039903 0.135185
0 1347 0.223700 0.232870 0.042322 0.137963
0 1348 0.310157 0.210185 0.033857 0.125926
0 1349 0.332225 0.212963 0.041717 0.140741
0 1350 0.373035 0.120370 0.036276 0.125926
0 1351 0.394800 0.279167 0.031439 0.115741
0 1352 0.400846 0.169907 0.035067 0.134259
0 1353 0.461911 0.260648 0.037485 0.149074
0 1354 0.454353 0.264352 0.044135 0.156481
0 1355 0.416868 0.135648 0.038089 0.123148
0 1356 0.526904 0.194444 0.036880 0.142593
0 1357 0.425030 0.103704 0.033857 0.118519
0 1358 0.444982 0.113889 0.032648 0.124074
0 1359 0.667473 0.359722 0.054414 0.132407
0 1360 0.616989 0.334722 0.051391 0.162037
0 1361 0.653265 0.288426 0.044135 0.158333
0 1362 0.673216 0.250000 0.044135 0.159259
0 1363 0.702539 0.275926 0.044740 0.157407
0 1364 0.553204 0.070370 0.037485 0.118519
0 1365 0.690447 0.062037 0.031439 0.092593
0 1366 0.685006 0.112037 0.030230 0.120370
0 1367 0.867896 0.382870 0.044135 0.136111
0 1368 0.811064 0.255556 0.032044 0.118519
0 1369 0.941052 0.414815 0.040508 0.140741
0 1371 0.973096 0.427778 0.033253 0.135185
0 1372 0.964329 0.386574 0.031439 0.112037
0 1373 0.899335 0.359259 0.056227 0.146296
0 1374 0.952539 0.364815 0.053809 0.162963
0 1375 0.869105 0.334722 0.053809 0.137963
0 1376 0.984885 0.358796 0.029021 0.145370
0 1377 0.985792 0.138889 0.025998 0.085185
0 1378 0.970375 0.109259 0.037485 0.120370
0 1381 0.948609 0.327315 0.037485 0.132407
0 1382 0.914752 0.320370 0.039903 0.129630
0 1383 0.962213 0.280093 0.039299 0.132407
0 1384 0.967956 0.303704 0.033857 0.124074
0 1385 0.975816 0.259259 0.036276 0.129630
0 1386 0.039601 0.130556 0.039299 0.118519
0 1387 0.212515 0.144907 0.036880 0.137963
0 1388 0.313180 0.278704 0.044740 0.148148
0 1389 0.764813 0.135185 0.032648 0.120370
0 1390 0.950121 0.212963 0.029625 0.111111
0 1391 0.786276 0.248148 0.045345 0.157407
0 1392 0.929262 0.229167 0.026602 0.089815
0 1393 0.915357 0.229167 0.033857 0.117593
0 1394 0.649335 0.055093 0.030230 0.104630
0 1395 0.822854 0.282407 0.044740 0.146296
0 1396 0.758767 0.254167 0.030230 0.104630
0 1397 0.943470 0.246296 0.039299 0.146296
0 1398 0.698609 0.455093 0.046554 0.143519
0 1399 0.729746 0.448611 0.035067 0.137963
0 1400 0.805925 0.477315 0.042322 0.139815
0 1401 0.834643 0.401389 0.051391 0.184259
0 1402 0.785369 0.565278 0.048368 0.162037
0 1403 0.321644 0.708796 0.049577 0.175000
0 1404 0.839782 0.526852 0.038694 0.150000
0 1405 0.785671 0.529630 0.048972 0.140741
0 1406 0.821644 0.535185 0.047158 0.179630
0 1407 0.615175 0.710648 0.051391 0.154630
0 1408 0.894800 0.498611 0.042322 0.149074
0 1409 0.907799 0.448148 0.036880 0.146296
0 1410 0.552297 0.939352 0.059855 0.121296
0 1411 0.740931 0.540278 0.044135 0.149074
0 1412 0.741838 0.350463 0.039903 0.121296
0 1413 0.779323 0.350000 0.042322 0.138889
0 1414 0.605200 0.813426 0.044740 0.173148
0 1415 0.835248 0.624074 0.051391 0.170370
0 1416 0.962515 0.499074 0.047158 0.170370
0 1424 0.808343 0.693056 0.048368 0.152778
0 1425 0.930472 0.706944 0.039903 0.154630
0 1434 0.018742 0.639352 0.036276 0.162037
0 1443 0.315599 0.525463 0.042322 0.143519
0 1444 0.293229 0.340278 0.042322 0.137963
0 1445 0.285067 0.357407 0.034462 0.140741
0 1446 0.595828 0.935648 0.051391 0.130556
0 1447 0.921403 0.637037 0.051995 0.162963
0 1456 0.771463 0.691204 0.045949 0.165741
0 1461 0.688029 0.977778 0.031439 0.044444
0 1484 0.972491 0.578704 0.041717 0.153704
0 1486 0.801088 0.785185 0.045949 0.175926
0 1488 0.894800 0.689352 0.056832 0.176852
0 1489 0.798065 0.622685 0.059250 0.176852
0 1490 0.548368 0.485648 0.030230 0.126852
0 1491 0.564692 0.889352 0.056832 0.163889
0 1494 0.872430 0.483796 0.044740 0.145370
0 1495 0.893591 0.661574 0.042322 0.087963
0 1496 0.970677 0.475463 0.041717 0.149074
0 1501 0.275695 0.956481 0.044740 0.088889
0 1502 0.443773 0.940278 0.054414 0.119444
0 1510 0.515417 0.784259 0.046554 0.179630
0 1522 0.461306 0.836111 0.047158 0.162963
0 1531 0.579807 0.580093 0.039903 0.160185
0 1532 0.611245 0.594444 0.044740 0.151852
0 1549 0.352479 0.758333 0.045949 0.166667
0 1550 0.444075 0.565741 0.034462 0.140741
0 1551 0.485490 0.556481 0.039903 0.148148
0 1555 0.585852 0.499074 0.039903 0.137037
0 1556 0.551391 0.505093 0.030230 0.110185
0 1557 0.608222 0.564815 0.042322 0.151852
0 1565 0.527207 0.828241 0.042322 0.191667
0 1567 0.366385 0.437500 0.042322 0.137963
0 1568 0.651149 0.925463 0.048368 0.141667
0 1569 0.692261 0.934722 0.053204 0.130556
0 1570 0.506651 0.572685 0.044740 0.160185
0 1572 0.389964 0.340741 0.042322 0.151852
0 1573 0.501814 0.395833 0.032648 0.132407
0 1583 0.677146 0.792130 0.030230 0.132407
0 1584 0.658102 0.805093 0.046554 0.171296
0 1587 0.477328 0.878241 0.048972 0.171296
0 1588 0.417170 0.914352 0.038694 0.158333
0 1592 0.403567 0.698611 0.036880 0.165741
0 1593 0.408706 0.737500 0.048368 0.162037
0 1594 0.448005 0.702315 0.043531 0.156481
0 1595 0.385127 0.705093 0.037485 0.167593
0 1610 0.861850 0.719907 0.046554 0.154630
0 1615 0.852177 0.786574 0.061064 0.178704
0 1620 0.958888 0.636574 0.045949 0.150926
0 1621 0.882104 0.448148 0.036276 0.135185
0 1624 0.343108 0.107407 0.036880 0.140741
0 1626 0.902056 0.841204 0.066505 0.163889
0 1629 0.958283 0.830556 0.055623 0.170370
0 1632 0.322249 0.093981 0.032648 0.115741
0 1633 0.314389 0.068056 0.032648 0.115741
0 1634 0.020254 0.870833 0.039299 0.182407
0 1642 0.293229 0.099537 0.032648 0.132407
0 1643 0.900846 0.768056 0.050786 0.165741
0 1647 0.871826 0.525463 0.045949 0.156481
0 1650 0.574365 0.656019 0.055623 0.145370
0 1651 0.550786 0.622685 0.041112 0.171296
0 1652 0.597037 0.629167 0.039299 0.154630
0 1653 0.706167 0.658333 0.051995 0.148148
0 1654 0.275695 0.431481 0.036276 0.140741
0 1655 0.526300 0.512037 0.034462 0.135185
0 1656 0.483374 0.519907 0.041717 0.160185
0 1657 0.502721 0.493981 0.036880 0.143519
0 1658 0.415054 0.333796 0.036880 0.137963
0 1659 0.419589 0.359722 0.039903 0.143519
0 1660 0.479444 0.367130 0.030230 0.143519
0 1661 0.520556 0.374537 0.032648 0.149074
0 1662 0.444680 0.516667 0.041717 0.151852
0 1664 0.319226 0.108796 0.035067 0.115741
0 1666 0.302297 0.509722 0.044740 0.150926
0 1667 0.461608 0.414352 0.036880 0.121296
0 1668 0.478235 0.406944 0.030230 0.115741
0 1669 0.716747 0.807407 0.046554 0.190741
0 1670 0.776904 0.052778 0.037485 0.103704
0 1942 0.005744 0.160185 0.010278 0.124074
