0 1167 0.542322 0.056944 0.038694 0.112037
0 1170 0.201632 0.042130 0.044135 0.082407
0 1171 0.160822 0.040278 0.042322 0.078704
0 1172 0.174123 0.027778 0.037485 0.053704
0 1186 0.597340 0.018056 0.030230 0.034259
0 1188 0.356106 0.018519 0.037485 0.035185
0 1193 0.375151 0.020370 0.036880 0.038889
0 1207 0.718259 0.057870 0.037485 0.113889
0 1208 0.619710 0.046296 0.037485 0.090741
0 1209 0.680169 0.047685 0.037485 0.093519
0 1210 0.631802 0.023611 0.037485 0.045370
0 1214 0.715236 0.032870 0.036276 0.063889
0 1215 0.672310 0.030556 0.039903 0.059259
0 1216 0.671100 0.021296 0.037485 0.040741
0 1230 0.949516 0.037963 0.039299 0.074074
0 1231 0.979444 0.050000 0.036276 0.098148
0 1232 0.968561 0.471759 0.044740 0.154630
0 1233 0.075574 0.973611 0.039903 0.054630
0 1324 0.119105 0.961574 0.051995 0.076852
0 1325 0.010278 0.598611 0.019347 0.154630
0 1326 0.068924 0.591204 0.042322 0.145370
0 1327 0.081620 0.561574 0.037485 0.137963
0 1328 0.150544 0.565278 0.043531 0.139815
0 1329 0.169891 0.527315 0.048368 0.149074
0 1330 0.141173 0.512500 0.036880 0.134259
0 1331 0.008464 0.209722 0.015719 0.137963
0 1332 0.011790 0.245370 0.022370 0.096296
0 1333 0.036578 0.234722 0.051391 0.139815
0 1334 0.071947 0.215741 0.036276 0.101852
0 1335 0.080411 0.144444 0.042322 0.137037
0 1336 0.112152 0.142593 0.032044 0.131481
0 1337 0.147823 0.066667 0.034462 0.125926
0 1338 0.174426 0.070370 0.041717 0.135185
0 1339 0.095526 0.378704 0.049577 0.146296
0 1340 0.084946 0.362963 0.039299 0.146296
0 1341 0.664450 0.426389 0.048368 0.176852
0 1342 0.422007 0.222685 0.035067 0.132407
0 1343 0.391475 0.212037 0.034462 0.131481
0 1344 0.415054 0.211574 0.034462 0.132407
0 1345 0.384825 0.228241 0.036880 0.137963
0 1346 0.264813 0.237963 0.039903 0.135185
0 1347 0.244861 0.218519 0.037485 0.137037
0 1348 0.326179 0.199074 0.034462 0.125926
0 1349 0.346131 0.206019 0.040508 0.139815
0 1350 0.380290 0.117593 0.036276 0.125926
0 1351 0.415357 0.269907 0.031439 0.115741
0 1352 0.415659 0.163426 0.034462 0.134259
0 1353 0.476421 0.255093 0.037485 0.149074
0 1354 0.470979 0.265278 0.044740 0.156481
0 1355 0.418984 0.127315 0.035067 0.123148
0 1356 0.535369 0.185185 0.036880 0.142593
0 1357 0.434704 0.099074 0.033857 0.118519
0 1358 0.456469 0.109259 0.032648 0.124074
0 1359 0.664148 0.344907 0.053809 0.132407
0 1360 0.613966 0.319907 0.050181 0.162037
0 1361 0.652358 0.275926 0.044740 0.157407
0 1362 0.669891 0.235648 0.043531 0.156481
0 1363 0.700121 0.260648 0.044740 0.154630
0 1364 0.564087 0.063889 0.037485 0.118519
0 1365 0.688331 0.056481 0.032044 0.092593
0 1366 0.683797 0.103704 0.030230 0.120370
0 1367 0.856711 0.375000 0.039903 0.146296
0 1368 0.802600 0.248148 0.032044 0.118519
0 1369 0.928053 0.402778 0.037485 0.140741
0 1371 0.963422 0.415278 0.036880 0.134259
0 1372 0.944377 0.380556 0.031439 0.116667
0 1373 0.899637 0.349074 0.056832 0.146296
0 1374 0.956167 0.359259 0.053809 0.162963
0 1375 0.877570 0.328241 0.053809 0.137963
0 1376 0.983071 0.348611 0.032648 0.143519
0 1377 0.987908 0.129630 0.022975 0.085185
0 1378 0.970375 0.100926 0.037485 0.120370
0 1381 0.950423 0.318981 0.037485 0.132407
0 1382 0.920193 0.312963 0.039903 0.129630
0 1383 0.958888 0.271759 0.038694 0.132407
0 1384 0.960097 0.290741 0.033857 0.120370
0 1385 0.972491 0.253704 0.034462 0.129630
0 1386 0.045345 0.120370 0.039903 0.118519
0 1387 0.212817 0.147685 0.037485 0.137963
0 1388 0.333132 0.269444 0.044740 0.148148
0 1389 0.764813 0.136111 0.032648 0.120370
0 1390 0.948912 0.201389 0.029625 0.110185
0 1391 0.779021 0.242593 0.042926 0.157407
0 1392 0.927449 0.220833 0.026602 0.089815
0 1393 0.912636 0.218519 0.034462 0.114815
0 1394 0.648126 0.050926 0.030230 0.100000
0 1395 0.820435 0.274074 0.044740 0.146296
0 1396 0.752721 0.244907 0.030230 0.104630
0 1397 0.941052 0.238889 0.039299 0.146296
0 1398 0.694075 0.442593 0.047158 0.140741
0 1399 0.724002 0.442130 0.034462 0.137963
0 1400 0.793229 0.467130 0.042322 0.139815
0 1401 0.831620 0.393056 0.051391 0.184259
0 1402 0.781137 0.554167 0.049577 0.162037
0 1403 0.337969 0.694907 0.045949 0.171296
0 1404 0.830411 0.513426 0.039299 0.145370
0 1405 0.778416 0.518519 0.048972 0.140741
0 1406 0.816203 0.525000 0.047158 0.179630
0 1407 0.626663 0.696759 0.051391 0.154630
0 1408 0.891778 0.491204 0.042322 0.149074
0 1409 0.904172 0.444444 0.036880 0.146296
0 1410 0.560459 0.930093 0.058041 0.141667
0 1411 0.730955 0.528241 0.044740 0.149074
0 1412 0.741838 0.351389 0.039903 0.121296
0 1413 0.779323 0.352315 0.042322 0.139815
0 1414 0.607920 0.787500 0.044135 0.173148
0 1415 0.831318 0.606481 0.050786 0.170370
0 1416 0.957981 0.489815 0.046554 0.170370
0 1424 0.806530 0.679630 0.047158 0.151852
0 1425 0.926239 0.695833 0.039903 0.154630
0 1434 0.022068 0.637037 0.042926 0.162963
0 1443 0.310762 0.525463 0.042322 0.143519
0 1444 0.293229 0.341204 0.042322 0.137963
0 1445 0.285067 0.360185 0.034462 0.140741
0 1446 0.599758 0.923148 0.047158 0.151852
0 1447 0.912938 0.626852 0.051995 0.162963
0 1456 0.767231 0.678704 0.047158 0.162963
0 1461 0.663543 0.975000 0.034462 0.050000
0 1484 0.970375 0.574074 0.042322 0.153704
0 1486 0.797461 0.776389 0.045949 0.176852
0 1488 0.888150 0.672685 0.053204 0.173148
0 1489 0.798065 0.609722 0.059250 0.176852
0 1490 0.548972 0.487500 0.030230 0.126852
0 1491 0.571342 0.867593 0.058041 0.164815
0 1494 0.870012 0.475463 0.044740 0.145370
0 1495 0.886336 0.649537 0.042322 0.087963
0 1496 0.971886 0.467130 0.041717 0.149074
0 1501 0.276300 0.956944 0.044740 0.087963
0 1502 0.444377 0.942130 0.054414 0.117593
0 1510 0.515719 0.784259 0.047158 0.179630
0 1522 0.462515 0.836111 0.047158 0.162963
0 1531 0.579807 0.583796 0.039903 0.160185
0 1532 0.611245 0.595370 0.044740 0.151852
0 1549 0.352479 0.758796 0.045949 0.167593
0 1550 0.460399 0.555556 0.034462 0.140741
0 1551 0.503628 0.526852 0.072551 0.164815
0 1555 0.586457 0.496296 0.038694 0.137037
0 1556 0.552600 0.506019 0.031439 0.110185
0 1557 0.607316 0.566667 0.041717 0.151852
0 1565 0.526904 0.829167 0.041717 0.193519
0 1567 0.371524 0.432870 0.041717 0.137963
0 1568 0.653567 0.907870 0.048368 0.150926
0 1569 0.691657 0.922685 0.053204 0.150926
0 1570 0.503023 0.581944 0.044740 0.160185
0 1572 0.389964 0.340741 0.042322 0.151852
0 1573 0.503628 0.399537 0.032648 0.132407
0 1583 0.681378 0.784259 0.030230 0.131481
0 1584 0.659613 0.793981 0.047158 0.171296
0 1587 0.453144 0.870833 0.048972 0.171296
0 1588 0.390871 0.910648 0.040508 0.160185
0 1592 0.403567 0.701389 0.036880 0.165741
0 1593 0.415054 0.741204 0.048972 0.162037
0 1594 0.449516 0.703241 0.044135 0.156481
0 1595 0.385127 0.706944 0.037485 0.167593
0 1610 0.856106 0.709722 0.047158 0.154630
0 1615 0.843712 0.773148 0.057437 0.172222
0 1620 0.951028 0.623611 0.045949 0.150926
0 1621 0.874244 0.441667 0.036276 0.135185
0 1624 0.343410 0.106944 0.037485 0.139815
0 1626 0.896614 0.826852 0.066505 0.166667
0 1629 0.957074 0.812963 0.055623 0.166667
0 1632 0.322854 0.094907 0.032648 0.115741
0 1633 0.314389 0.068056 0.032648 0.115741
0 1634 0.020254 0.870833 0.039299 0.182407
0 1642 0.292624 0.100463 0.032648 0.132407
0 1643 0.895405 0.756944 0.050786 0.165741
0 1647 0.862757 0.514352 0.045949 0.156481
0 1650 0.574970 0.657870 0.055623 0.145370
0 1651 0.550786 0.622685 0.041112 0.171296
0 1652 0.597037 0.634722 0.039299 0.154630
0 1653 0.709794 0.659259 0.051995 0.148148
0 1654 0.277509 0.429630 0.036276 0.140741
0 1655 0.527509 0.512037 0.034462 0.135185
0 1656 0.509976 0.501852 0.075574 0.159259
0 1657 0.504534 0.493981 0.036880 0.143519
0 1658 0.415659 0.333796 0.036880 0.137963
0 1659 0.425635 0.361574 0.039903 0.143519
0 1660 0.478839 0.370833 0.030230 0.143519
0 1661 0.519952 0.374537 0.032648 0.149074
0 1662 0.444680 0.516667 0.041717 0.151852
0 1664 0.319528 0.111574 0.034462 0.115741
0 1666 0.299274 0.513426 0.044740 0.150926
0 1667 0.461608 0.416204 0.036880 0.121296
0 1668 0.479141 0.410648 0.029625 0.115741
0 1669 0.712817 0.795833 0.045949 0.193519
0 1670 0.776904 0.052778 0.037485 0.103704
0 1942 0.005744 0.160185 0.010278 0.124074
