0 1167 0.583132 0.037963 0.034462 0.074074
0 1170 0.218561 0.020370 0.044135 0.038889
0 1171 0.194680 0.020833 0.042322 0.039815
0 1207 0.728235 0.029167 0.036880 0.056481
0 1209 0.668380 0.033333 0.036880 0.064815
0 1214 0.709190 0.025926 0.037485 0.050000
0 1232 0.958888 0.424537 0.044740 0.154630
0 1324 0.005441 0.962963 0.009674 0.075926
0 1326 0.012999 0.579630 0.024788 0.148148
0 1327 0.020859 0.556019 0.036880 0.137963
0 1328 0.085248 0.560185 0.038694 0.140741
0 1329 0.125453 0.525463 0.044135 0.149074
0 1330 0.102177 0.509259 0.032648 0.135185
0 1331 0.030834 0.159722 0.044740 0.137963
0 1332 0.051391 0.186111 0.027811 0.096296
0 1333 0.074063 0.185185 0.051391 0.140741
0 1334 0.123035 0.154167 0.036880 0.108333
0 1335 0.105804 0.087037 0.041112 0.129630
0 1336 0.136336 0.085185 0.032044 0.122222
0 1337 0.152963 0.040278 0.037485 0.078704
0 1338 0.194377 0.048148 0.036880 0.094444
0 1339 0.155985 0.318981 0.045949 0.141667
0 1340 0.145103 0.306019 0.038694 0.139815
0 1341 0.652056 0.372222 0.044135 0.164815
0 1342 0.386034 0.215278 0.034462 0.132407
0 1343 0.360339 0.199074 0.035067 0.131481
0 1344 0.380895 0.189815 0.035067 0.131481
0 1345 0.337969 0.211111 0.037485 0.135185
0 1346 0.340387 0.181481 0.038694 0.129630
0 1347 0.322854 0.162500 0.042322 0.132407
0 1348 0.381802 0.145833 0.032044 0.126852
0 1349 0.402963 0.143981 0.038089 0.126852
0 1350 0.431076 0.088889 0.037485 0.118519
0 1351 0.496372 0.232870 0.031439 0.113889
0 1352 0.480653 0.116204 0.047158 0.123148
0 1353 0.510278 0.208796 0.037485 0.134259
0 1354 0.538089 0.224074 0.041112 0.150000
0 1355 0.474002 0.086574 0.035067 0.117593
0 1356 0.554414 0.131019 0.037485 0.143519
0 1357 0.487304 0.062037 0.035067 0.118519
0 1358 0.506651 0.070370 0.032648 0.118519
0 1359 0.643894 0.268981 0.045949 0.132407
0 1360 0.611548 0.251852 0.048972 0.151852
0 1361 0.639057 0.190741 0.041112 0.157407
0 1362 0.655683 0.160185 0.039299 0.148148
0 1363 0.692563 0.174537 0.044135 0.149074
0 1364 0.609129 0.044444 0.033253 0.087037
0 1365 0.672914 0.041667 0.032648 0.081481
0 1366 0.685913 0.057870 0.029625 0.113889
0 1367 0.798368 0.301852 0.036880 0.131481
0 1368 0.772975 0.206019 0.032044 0.110185
0 1369 0.855804 0.337963 0.036880 0.140741
0 1370 0.981862 0.434722 0.035067 0.139815
0 1371 0.895707 0.362037 0.036880 0.135185
0 1372 0.878174 0.327315 0.034462 0.121296
0 1373 0.913241 0.321759 0.048972 0.145370
0 1374 0.956469 0.311111 0.050786 0.153704
0 1375 0.900544 0.297222 0.048972 0.137037
0 1376 0.976723 0.296296 0.039299 0.131481
0 1377 0.986397 0.069444 0.023579 0.079630
0 1378 0.961911 0.053704 0.037485 0.105556
0 1379 0.985490 0.252778 0.027811 0.137037
0 1381 0.952237 0.281019 0.037485 0.132407
0 1382 0.932588 0.289815 0.039299 0.129630
0 1383 0.953446 0.223148 0.038694 0.125926
0 1384 0.928658 0.225463 0.033857 0.104630
0 1385 0.960701 0.206944 0.032648 0.128704
0 1386 0.050484 0.060185 0.041717 0.112963
0 1387 0.211004 0.140278 0.037485 0.137963
0 1388 0.407497 0.248148 0.045949 0.142593
0 1389 0.762999 0.130556 0.032648 0.120370
0 1390 0.935913 0.161574 0.029021 0.110185
0 1391 0.750302 0.195370 0.042322 0.146296
0 1392 0.917170 0.158333 0.027811 0.090741
0 1393 0.897823 0.168981 0.035067 0.106481
0 1394 0.639661 0.026852 0.030230 0.051852
0 1395 0.815599 0.222685 0.043531 0.143519
0 1396 0.724909 0.206481 0.030230 0.096296
0 1397 0.920798 0.192593 0.039903 0.140741
0 1398 0.681076 0.381944 0.042926 0.137963
0 1399 0.713422 0.379630 0.035067 0.129630
0 1400 0.747884 0.406944 0.039903 0.139815
0 1401 0.815901 0.336574 0.047763 0.176852
0 1402 0.729746 0.478241 0.044740 0.162037
0 1403 0.408706 0.617130 0.049577 0.171296
0 1404 0.785067 0.438426 0.039299 0.137963
0 1405 0.752418 0.465741 0.048972 0.140741
0 1406 0.789601 0.461111 0.048368 0.162963
0 1407 0.661125 0.595370 0.051391 0.148148
0 1408 0.879686 0.440278 0.042322 0.143519
0 1409 0.884522 0.398611 0.036276 0.137963
0 1410 0.575574 0.838889 0.050786 0.174074
0 1411 0.687424 0.449537 0.044740 0.149074
0 1412 0.742443 0.343981 0.039903 0.121296
0 1413 0.779323 0.347685 0.042322 0.139815
0 1414 0.634522 0.670370 0.044135 0.168519
0 1415 0.821947 0.532870 0.048972 0.171296
0 1416 0.944377 0.436574 0.047158 0.163889
0 1417 0.986094 0.397222 0.026602 0.135185
0 1419 0.986699 0.764352 0.026602 0.162037
0 1420 0.980351 0.480093 0.036880 0.139815
0 1424 0.789903 0.612500 0.044135 0.150926
0 1425 0.903567 0.630093 0.039299 0.154630
0 1429 0.909613 0.947222 0.051391 0.105556
0 1430 0.866989 0.945370 0.053204 0.107407
0 1434 0.072249 0.607407 0.051391 0.159259
0 1443 0.308948 0.514352 0.041112 0.158333
0 1444 0.304414 0.342130 0.041717 0.137963
0 1445 0.285067 0.352778 0.034462 0.140741
0 1446 0.610036 0.814352 0.038694 0.167593
0 1447 0.880895 0.566204 0.048368 0.162037
0 1456 0.752116 0.607407 0.049577 0.157407
0 1461 0.554414 0.949074 0.038694 0.100000
0 1462 0.487606 0.979167 0.036880 0.043519
0 1473 0.967956 0.551852 0.048368 0.170370
0 1484 0.949516 0.506944 0.041717 0.154630
0 1486 0.782346 0.698148 0.043531 0.159259
0 1488 0.861548 0.614352 0.054414 0.171296
0 1489 0.781741 0.536574 0.058041 0.176852
0 1490 0.552297 0.479167 0.029625 0.126852
0 1491 0.588573 0.756019 0.051391 0.167593
0 1494 0.853688 0.437963 0.039903 0.146296
0 1495 0.853083 0.597685 0.042322 0.087963
0 1496 0.959492 0.422685 0.041112 0.145370
0 1501 0.276300 0.955556 0.043531 0.090741
0 1502 0.441657 0.940741 0.050181 0.118519
0 1510 0.514510 0.781019 0.049577 0.178704
0 1522 0.462213 0.836111 0.046554 0.162963
0 1531 0.579807 0.582870 0.039903 0.160185
0 1532 0.611850 0.595370 0.044740 0.151852
0 1549 0.350363 0.759259 0.045345 0.168519
0 1550 0.481862 0.519444 0.032648 0.140741
0 1551 0.511487 0.524074 0.043531 0.150000
0 1555 0.588875 0.486111 0.038694 0.137037
0 1556 0.562576 0.499074 0.029625 0.109259
0 1557 0.605502 0.564815 0.041717 0.151852
0 1565 0.526602 0.826389 0.041112 0.191667
0 1567 0.407195 0.414815 0.041717 0.135185
0 1568 0.641778 0.821759 0.048972 0.163889
0 1569 0.679867 0.832407 0.050181 0.157407
0 1570 0.480653 0.591204 0.044740 0.160185
0 1572 0.390568 0.335185 0.042322 0.151852
0 1573 0.503930 0.394907 0.032044 0.132407
0 1583 0.677751 0.730093 0.029021 0.126852
0 1584 0.660218 0.736574 0.047158 0.165741
0 1587 0.330713 0.836574 0.064087 0.171296
0 1588 0.275393 0.875926 0.040508 0.159259
0 1592 0.406892 0.701389 0.037485 0.165741
0 1593 0.427449 0.725926 0.049577 0.162963
0 1594 0.451330 0.691204 0.041717 0.156481
0 1595 0.385732 0.702778 0.037485 0.168519
0 1610 0.825877 0.643981 0.047158 0.154630
0 1615 0.838573 0.714815 0.055623 0.168519
0 1620 0.921403 0.558796 0.039903 0.145370
0 1621 0.850665 0.398148 0.036276 0.135185
0 1624 0.347642 0.098611 0.039903 0.139815
0 1625 0.050181 0.905556 0.060459 0.179630
0 1626 0.884522 0.752315 0.062878 0.156481
0 1629 0.935308 0.743981 0.055623 0.162037
0 1632 0.322854 0.092130 0.032648 0.115741
0 1633 0.315901 0.063426 0.032044 0.115741
0 1634 0.019045 0.866204 0.036880 0.182407
0 1642 0.289903 0.094907 0.032044 0.132407
0 1643 0.871221 0.683796 0.051995 0.165741
0 1646 0.005744 0.912037 0.010278 0.159259
0 1647 0.827993 0.442130 0.044135 0.147222
0 1650 0.574063 0.652315 0.056227 0.145370
0 1651 0.556832 0.625463 0.042322 0.162037
0 1652 0.595526 0.625000 0.037485 0.159259
0 1653 0.721584 0.662500 0.051391 0.145370
0 1654 0.272068 0.427778 0.036276 0.146296
0 1655 0.532950 0.502778 0.034462 0.135185
0 1656 0.519045 0.499074 0.057437 0.159259
0 1657 0.505441 0.485648 0.037485 0.143519
0 1658 0.415961 0.327778 0.036276 0.135185
0 1659 0.432285 0.353704 0.039903 0.142593
0 1660 0.477630 0.362500 0.030230 0.143519
0 1661 0.518138 0.373611 0.032648 0.149074
0 1662 0.444680 0.514815 0.041717 0.151852
0 1663 0.064692 0.886111 0.043531 0.137037
0 1664 0.320133 0.098611 0.034462 0.115741
0 1666 0.301693 0.502778 0.044740 0.151852
0 1667 0.462515 0.420833 0.037485 0.121296
0 1668 0.483071 0.415278 0.030230 0.115741
0 1669 0.710701 0.731481 0.046554 0.190741
0 1670 0.776904 0.049074 0.037485 0.096296
0 1942 0.005744 0.158333 0.010278 0.124074
