0 1167 0.577690 0.039352 0.034462 0.076852
0 1170 0.213724 0.025000 0.044135 0.048148
0 1171 0.188029 0.025463 0.042322 0.049074
0 1193 0.372430 0.018056 0.035067 0.034259
0 1207 0.724002 0.033796 0.036880 0.065741
0 1208 0.620314 0.027778 0.037485 0.053704
0 1209 0.671100 0.036574 0.037485 0.071296
0 1214 0.710399 0.027315 0.037485 0.052778
0 1232 0.957678 0.432870 0.044740 0.154630
0 1324 0.017533 0.962500 0.033857 0.076852
0 1326 0.024788 0.579630 0.048368 0.148148
0 1327 0.031741 0.559722 0.036880 0.137963
0 1328 0.099456 0.562500 0.044135 0.139815
0 1329 0.133615 0.528241 0.045949 0.149074
0 1330 0.107920 0.508333 0.032044 0.135185
0 1331 0.025393 0.168981 0.044740 0.137963
0 1332 0.045949 0.196296 0.027811 0.096296
0 1333 0.070738 0.199537 0.051995 0.143519
0 1334 0.116989 0.169444 0.036880 0.101852
0 1335 0.105804 0.097222 0.041112 0.131481
0 1336 0.133615 0.098148 0.032648 0.125926
0 1337 0.152963 0.044444 0.037485 0.087037
0 1338 0.191959 0.051852 0.036880 0.101852
0 1339 0.144196 0.328241 0.050181 0.143519
0 1340 0.134220 0.316204 0.039903 0.143519
0 1341 0.654474 0.385185 0.044135 0.164815
0 1342 0.396312 0.218056 0.034462 0.132407
0 1343 0.366385 0.202315 0.035067 0.132407
0 1344 0.388150 0.193056 0.035067 0.132407
0 1345 0.347642 0.217593 0.037485 0.135185
0 1346 0.326179 0.191667 0.039299 0.129630
0 1347 0.310762 0.172222 0.042322 0.131481
0 1348 0.373942 0.155556 0.034462 0.125926
0 1349 0.392684 0.153241 0.039299 0.126852
0 1350 0.421705 0.093519 0.036880 0.124074
0 1351 0.483071 0.238426 0.031439 0.115741
0 1352 0.467956 0.122685 0.045949 0.123148
0 1353 0.507255 0.217593 0.037485 0.137037
0 1354 0.527811 0.232870 0.041112 0.152778
0 1355 0.464933 0.097685 0.035067 0.117593
0 1356 0.551995 0.139352 0.037485 0.143519
0 1357 0.478235 0.067593 0.035067 0.118519
0 1358 0.498791 0.077315 0.032648 0.119444
0 1359 0.644800 0.280556 0.046554 0.131481
0 1360 0.611548 0.265741 0.048972 0.151852
0 1361 0.640266 0.207407 0.041112 0.157407
0 1362 0.660218 0.175463 0.042322 0.149074
0 1363 0.692563 0.192130 0.044135 0.149074
0 1364 0.603083 0.048148 0.036880 0.094444
0 1365 0.676844 0.042593 0.032044 0.083333
0 1366 0.684099 0.064352 0.029625 0.115741
0 1367 0.810459 0.314352 0.038089 0.132407
0 1368 0.776602 0.212500 0.032044 0.110185
0 1369 0.869105 0.348148 0.036880 0.140741
0 1370 0.983374 0.443519 0.032044 0.140741
0 1371 0.908102 0.370370 0.037485 0.135185
0 1372 0.890568 0.335185 0.035067 0.118519
0 1373 0.911125 0.326389 0.049577 0.145370
0 1374 0.954353 0.319907 0.050181 0.156481
0 1375 0.896010 0.301852 0.049577 0.137037
0 1376 0.975514 0.304630 0.039299 0.131481
0 1377 0.987304 0.080093 0.022975 0.082407
0 1378 0.963724 0.059722 0.037485 0.112037
0 1379 0.987304 0.262963 0.024184 0.137037
0 1381 0.949819 0.287500 0.037485 0.132407
0 1382 0.931378 0.295370 0.039299 0.129630
0 1383 0.953446 0.231019 0.038694 0.128704
0 1384 0.929867 0.232870 0.033857 0.104630
0 1385 0.963422 0.215278 0.032044 0.128704
0 1386 0.049879 0.066667 0.041717 0.116667
0 1387 0.211608 0.142130 0.037485 0.137963
0 1388 0.394800 0.253704 0.045949 0.142593
0 1389 0.763603 0.132407 0.032648 0.120370
0 1390 0.938936 0.166204 0.029021 0.110185
0 1391 0.754534 0.202315 0.042322 0.149074
0 1392 0.918984 0.169444 0.027811 0.090741
0 1393 0.900846 0.177315 0.035067 0.106481
0 1394 0.642080 0.031019 0.030230 0.060185
0 1395 0.814087 0.231019 0.044135 0.145370
0 1396 0.730955 0.211111 0.030230 0.096296
0 1397 0.923821 0.200000 0.039903 0.140741
0 1398 0.683192 0.392130 0.044740 0.139815
0 1399 0.715840 0.388889 0.035067 0.129630
0 1400 0.755441 0.419907 0.039299 0.139815
0 1401 0.816808 0.344907 0.048368 0.176852
0 1402 0.737908 0.493981 0.046554 0.162037
0 1403 0.401753 0.631019 0.045345 0.171296
0 1404 0.792624 0.451389 0.039903 0.137963
0 1405 0.757557 0.475000 0.048368 0.140741
0 1406 0.795345 0.467593 0.047763 0.164815
0 1407 0.656892 0.612963 0.051391 0.148148
0 1408 0.880895 0.447685 0.042322 0.143519
0 1409 0.887545 0.407870 0.036276 0.139815
0 1410 0.576784 0.850926 0.050786 0.166667
0 1411 0.696493 0.464352 0.044740 0.149074
0 1412 0.742443 0.345833 0.039903 0.121296
0 1413 0.779323 0.348611 0.042322 0.139815
0 1414 0.630290 0.693519 0.044135 0.168519
0 1415 0.824063 0.544907 0.050786 0.171296
0 1416 0.946191 0.446759 0.047158 0.165741
0 1420 0.982769 0.489352 0.033253 0.139815
0 1424 0.793531 0.623611 0.044135 0.150926
0 1425 0.906892 0.642130 0.039903 0.154630
0 1429 0.913543 0.958333 0.049577 0.083333
0 1430 0.873640 0.955556 0.053204 0.085185
0 1434 0.061971 0.611574 0.042926 0.160185
0 1443 0.308948 0.514815 0.041112 0.157407
0 1444 0.301391 0.342130 0.041717 0.137963
0 1445 0.285067 0.353704 0.034462 0.140741
0 1446 0.608827 0.837500 0.039903 0.167593
0 1447 0.887545 0.574537 0.048368 0.162037
0 1456 0.753930 0.622222 0.049577 0.157407
0 1461 0.571342 0.951852 0.038694 0.096296
0 1462 0.509674 0.979167 0.036276 0.043519
0 1473 0.976119 0.561111 0.038089 0.164815
0 1484 0.954655 0.518981 0.042322 0.154630
0 1486 0.784160 0.712963 0.047158 0.168519
0 1488 0.865780 0.622685 0.054414 0.173148
0 1489 0.784160 0.549537 0.059250 0.176852
0 1490 0.551693 0.480093 0.029625 0.126852
0 1491 0.583434 0.777315 0.054414 0.167593
0 1494 0.856711 0.444444 0.041112 0.146296
0 1495 0.859129 0.606944 0.042322 0.087963
0 1496 0.959492 0.431944 0.041112 0.147222
0 1501 0.276602 0.956481 0.044135 0.088889
0 1502 0.441959 0.940741 0.050786 0.118519
0 1510 0.514510 0.781481 0.049577 0.179630
0 1522 0.462817 0.836111 0.046554 0.162963
0 1531 0.579807 0.582870 0.039903 0.160185
0 1532 0.611245 0.595370 0.044740 0.151852
0 1549 0.350967 0.759259 0.046554 0.168519
0 1550 0.481258 0.525926 0.032648 0.140741
0 1551 0.509069 0.531944 0.043531 0.152778
0 1555 0.588271 0.487037 0.038694 0.137037
0 1556 0.560157 0.502778 0.029625 0.109259
0 1557 0.606711 0.565741 0.041717 0.151852
0 1565 0.526602 0.827315 0.041112 0.193519
0 1567 0.399940 0.418519 0.041717 0.135185
0 1568 0.644196 0.837500 0.047763 0.169444
0 1569 0.684704 0.845370 0.053809 0.157407
0 1570 0.484885 0.588426 0.044740 0.160185
0 1572 0.390568 0.337037 0.042322 0.151852
0 1573 0.505139 0.397685 0.032044 0.132407
0 1583 0.677751 0.740278 0.029021 0.126852
0 1584 0.658404 0.746759 0.047158 0.165741
0 1587 0.354897 0.843056 0.064087 0.171296
0 1588 0.292624 0.885185 0.054414 0.159259
0 1592 0.406288 0.701389 0.037485 0.165741
0 1593 0.425635 0.726852 0.049577 0.162963
0 1594 0.450726 0.692593 0.045345 0.157407
0 1595 0.386336 0.703704 0.037485 0.168519
0 1610 0.830109 0.657870 0.047158 0.154630
0 1615 0.838875 0.724537 0.056227 0.171296
0 1620 0.927449 0.568981 0.043531 0.145370
0 1621 0.854595 0.406481 0.036880 0.135185
0 1624 0.347037 0.100463 0.039903 0.139815
0 1625 0.033857 0.911574 0.061669 0.173148
0 1626 0.887545 0.767593 0.064087 0.161111
0 1629 0.940750 0.753704 0.055623 0.162963
0 1632 0.322854 0.093056 0.032648 0.115741
0 1633 0.315901 0.065278 0.032044 0.115741
0 1634 0.020859 0.866204 0.040508 0.182407
0 1642 0.291112 0.096759 0.032044 0.132407
0 1643 0.878476 0.694907 0.051995 0.165741
0 1647 0.833132 0.456481 0.045949 0.153704
0 1650 0.574063 0.653241 0.056227 0.145370
0 1651 0.555623 0.625000 0.042322 0.164815
0 1652 0.595828 0.625926 0.036880 0.159259
0 1653 0.719770 0.663889 0.051391 0.148148
0 1654 0.273277 0.425926 0.036276 0.146296
0 1655 0.533555 0.502778 0.034462 0.135185
0 1656 0.522370 0.500463 0.054414 0.160185
0 1657 0.506046 0.487500 0.037485 0.143519
0 1658 0.415659 0.328704 0.036880 0.135185
0 1659 0.432285 0.353704 0.039903 0.142593
0 1660 0.478235 0.364352 0.030230 0.143519
0 1661 0.518138 0.374537 0.032648 0.149074
0 1662 0.444680 0.514815 0.041717 0.151852
0 1663 0.051391 0.899074 0.043531 0.140741
0 1664 0.320435 0.102315 0.035067 0.115741
0 1666 0.302902 0.504630 0.044740 0.151852
0 1667 0.462515 0.419907 0.037485 0.121296
0 1668 0.483071 0.417130 0.030230 0.115741
0 1669 0.713724 0.738889 0.046554 0.188889
0 1670 0.776904 0.050000 0.037485 0.098148
0 1942 0.005744 0.159259 0.010278 0.124074
