0 1167 0.515115 0.063889 0.038694 0.125926
0 1170 0.183797 0.043981 0.044740 0.086111
0 1171 0.148428 0.043981 0.041717 0.086111
0 1172 0.177146 0.037037 0.037485 0.072222
0 1186 0.582830 0.029630 0.029021 0.057407
0 1187 0.551391 0.025000 0.035067 0.048148
0 1188 0.356106 0.018056 0.037485 0.034259
0 1193 0.375756 0.019444 0.036880 0.037037
0 1207 0.721282 0.066204 0.037485 0.123148
0 1208 0.623942 0.052778 0.037485 0.103704
0 1209 0.681681 0.055556 0.036880 0.109259
0 1210 0.628476 0.031019 0.036880 0.060185
0 1214 0.717050 0.037963 0.036276 0.074074
0 1215 0.678356 0.034722 0.039903 0.067593
0 1216 0.672914 0.025463 0.037485 0.049074
0 1230 0.941354 0.050463 0.038694 0.099074
0 1231 0.974909 0.063426 0.036880 0.117593
0 1232 0.970375 0.486574 0.044740 0.154630
0 1233 0.131802 0.970833 0.039903 0.060185
0 1324 0.185308 0.962963 0.051391 0.074074
0 1325 0.028416 0.592130 0.045949 0.154630
0 1326 0.102479 0.587963 0.047763 0.146296
0 1327 0.103386 0.555093 0.037485 0.137963
0 1328 0.170193 0.559722 0.046554 0.143519
0 1329 0.193773 0.518519 0.047763 0.138889
0 1330 0.155079 0.506481 0.038089 0.135185
0 1332 0.002721 0.264815 0.004232 0.096296
0 1333 0.020556 0.254167 0.039903 0.141667
0 1334 0.046856 0.233796 0.036880 0.104630
0 1335 0.056227 0.159722 0.041112 0.137963
0 1336 0.094317 0.161574 0.037485 0.132407
0 1337 0.136336 0.074074 0.034462 0.131481
0 1338 0.160520 0.085185 0.044135 0.140741
0 1339 0.068017 0.398148 0.053809 0.146296
0 1340 0.054414 0.385185 0.039903 0.146296
0 1341 0.667473 0.445833 0.048368 0.176852
0 1342 0.431378 0.219907 0.034462 0.132407
0 1343 0.396917 0.209259 0.034462 0.131481
0 1344 0.421705 0.212500 0.034462 0.132407
0 1345 0.395103 0.230556 0.036880 0.140741
0 1346 0.229746 0.255556 0.039903 0.135185
0 1347 0.204958 0.237500 0.042322 0.137963
0 1348 0.292926 0.223148 0.035671 0.129630
0 1349 0.314389 0.226852 0.042322 0.146296
0 1350 0.366989 0.124074 0.036276 0.125926
0 1351 0.376663 0.283796 0.031439 0.115741
0 1352 0.389964 0.178241 0.037485 0.134259
0 1353 0.443168 0.265278 0.037485 0.149074
0 1354 0.434704 0.277778 0.048368 0.157407
0 1355 0.413543 0.142130 0.039903 0.123148
0 1356 0.519952 0.205093 0.036276 0.141667
0 1357 0.416566 0.109722 0.033857 0.117593
0 1358 0.433495 0.115741 0.032648 0.124074
0 1359 0.669891 0.374074 0.054414 0.133333
0 1360 0.622430 0.348611 0.051391 0.162037
0 1361 0.661427 0.307870 0.044740 0.163889
0 1362 0.676844 0.263889 0.044135 0.161111
0 1363 0.706771 0.296296 0.044740 0.159259
0 1364 0.541717 0.076852 0.037485 0.118519
0 1365 0.690750 0.072222 0.033253 0.098148
0 1366 0.686215 0.119444 0.031439 0.120370
0 1367 0.886941 0.395370 0.042322 0.137037
0 1368 0.819226 0.264815 0.032648 0.118519
0 1369 0.959794 0.424074 0.041717 0.137037
0 1371 0.981560 0.434722 0.032044 0.134259
0 1372 0.977025 0.396296 0.024184 0.112963
0 1373 0.898428 0.367593 0.055623 0.146296
0 1374 0.948912 0.370370 0.053809 0.162963
0 1375 0.866687 0.341204 0.053809 0.137963
0 1377 0.984281 0.148611 0.027811 0.086111
0 1378 0.970073 0.118519 0.036880 0.120370
0 1381 0.948609 0.330093 0.037485 0.132407
0 1382 0.914148 0.330556 0.039903 0.131481
0 1383 0.968863 0.279630 0.039299 0.133333
0 1384 0.974305 0.314815 0.034462 0.124074
0 1385 0.976421 0.263889 0.037485 0.129630
0 1386 0.035973 0.137963 0.039299 0.118519
0 1387 0.212515 0.143981 0.036880 0.137963
0 1388 0.298368 0.285185 0.044135 0.148148
0 1389 0.764813 0.132407 0.032648 0.120370
0 1390 0.951935 0.221296 0.030834 0.111111
0 1391 0.792926 0.255556 0.046554 0.157407
0 1392 0.931681 0.235648 0.026602 0.089815
0 1393 0.919589 0.235648 0.033857 0.117593
0 1394 0.651753 0.059722 0.030230 0.106481
0 1395 0.829504 0.293519 0.044740 0.146296
0 1396 0.763906 0.261574 0.032044 0.104630
0 1397 0.945586 0.252778 0.039903 0.146296
0 1398 0.701632 0.464815 0.046554 0.150000
0 1399 0.735187 0.456944 0.035067 0.137963
0 1400 0.812878 0.487963 0.041717 0.140741
0 1401 0.841596 0.413889 0.054414 0.185185
0 1402 0.800181 0.583333 0.045345 0.166667
0 1403 0.306832 0.730093 0.051391 0.178704
0 1404 0.848247 0.539352 0.042322 0.150926
0 1405 0.789601 0.538889 0.048368 0.140741
0 1406 0.825574 0.543519 0.046554 0.179630
0 1407 0.607920 0.728241 0.051391 0.154630
0 1408 0.896614 0.504167 0.042322 0.149074
0 1409 0.912031 0.456019 0.038089 0.147222
0 1410 0.542019 0.950000 0.059855 0.096296
0 1411 0.748489 0.554630 0.044740 0.150000
0 1412 0.741536 0.349537 0.039299 0.121296
0 1413 0.779927 0.348611 0.042322 0.137963
0 1414 0.606409 0.839352 0.044740 0.173148
0 1415 0.840689 0.640741 0.051391 0.170370
0 1416 0.964933 0.508333 0.047158 0.170370
0 1424 0.810157 0.706481 0.048368 0.153704
0 1425 0.935913 0.713426 0.039903 0.154630
0 1434 0.017533 0.643981 0.033857 0.162037
0 1443 0.319831 0.525463 0.042322 0.143519
0 1444 0.293229 0.340278 0.042322 0.137963
0 1445 0.285067 0.354630 0.034462 0.140741
0 1446 0.590992 0.942593 0.052600 0.116667
0 1447 0.927449 0.646759 0.051995 0.162037
0 1456 0.775695 0.702315 0.045949 0.165741
0 1484 0.975514 0.587963 0.040508 0.155556
0 1486 0.802600 0.802315 0.050181 0.176852
0 1488 0.900544 0.701389 0.058646 0.178704
0 1489 0.798065 0.632870 0.059250 0.176852
0 1490 0.548368 0.484722 0.030230 0.126852
0 1491 0.556530 0.909259 0.051391 0.157407
0 1494 0.874849 0.492130 0.044740 0.145370
0 1495 0.900242 0.673611 0.042322 0.087963
0 1496 0.969468 0.483796 0.041717 0.149074
0 1501 0.275695 0.955093 0.044740 0.091667
0 1502 0.443470 0.939352 0.053809 0.121296
0 1510 0.515115 0.783333 0.045949 0.179630
0 1522 0.459794 0.836111 0.046554 0.162963
0 1531 0.579807 0.576389 0.039903 0.160185
0 1532 0.611245 0.593519 0.044740 0.151852
0 1549 0.352781 0.757870 0.046554 0.165741
0 1550 0.428356 0.573148 0.034462 0.138889
0 1551 0.472189 0.564815 0.039903 0.148148
0 1555 0.585852 0.499537 0.041112 0.137963
0 1556 0.551995 0.503241 0.030230 0.110185
0 1557 0.608222 0.564815 0.042322 0.151852
0 1565 0.527207 0.827778 0.042322 0.190741
0 1567 0.365780 0.435648 0.042322 0.137963
0 1568 0.651149 0.938426 0.048368 0.121296
0 1569 0.692866 0.943519 0.054414 0.112963
0 1570 0.504837 0.569907 0.044740 0.160185
0 1572 0.389359 0.340741 0.042322 0.151852
0 1573 0.500000 0.393056 0.032648 0.132407
0 1583 0.672310 0.805093 0.030230 0.132407
0 1584 0.656892 0.817130 0.046554 0.171296
0 1587 0.501814 0.880093 0.065296 0.171296
0 1588 0.444377 0.911574 0.038694 0.156481
0 1592 0.403567 0.694907 0.036880 0.165741
0 1593 0.405985 0.738889 0.046554 0.157407
0 1594 0.450726 0.700926 0.042926 0.159259
0 1595 0.385127 0.704167 0.037485 0.167593
0 1610 0.866687 0.729167 0.046554 0.154630
0 1615 0.854897 0.803704 0.061669 0.181481
0 1620 0.965538 0.645833 0.044740 0.150926
0 1621 0.883615 0.458333 0.036880 0.138889
0 1624 0.344015 0.104630 0.037485 0.140741
0 1626 0.907497 0.856019 0.066505 0.160185
0 1629 0.960399 0.847222 0.055018 0.170370
0 1632 0.322249 0.093056 0.032648 0.115741
0 1633 0.313785 0.067130 0.032648 0.115741
0 1634 0.020254 0.868056 0.039299 0.182407
0 1642 0.293229 0.098611 0.032648 0.132407
0 1643 0.903869 0.779167 0.050786 0.165741
0 1647 0.881802 0.534722 0.046554 0.156481
0 1650 0.573156 0.652315 0.055623 0.145370
0 1651 0.550786 0.621759 0.041112 0.171296
0 1652 0.597037 0.625463 0.039299 0.154630
0 1653 0.702539 0.656481 0.050786 0.148148
0 1654 0.272068 0.430556 0.036276 0.142593
0 1655 0.525091 0.511111 0.034462 0.135185
0 1656 0.465538 0.537963 0.042322 0.159259
0 1657 0.501511 0.493056 0.036880 0.143519
0 1658 0.414450 0.332870 0.036880 0.137963
0 1659 0.414148 0.358796 0.039903 0.143519
0 1660 0.480653 0.364352 0.030230 0.143519
0 1661 0.521161 0.373611 0.032648 0.149074
0 1662 0.444680 0.516667 0.041717 0.151852
0 1664 0.319226 0.108333 0.035067 0.116667
0 1666 0.304111 0.506944 0.044740 0.150926
0 1667 0.461608 0.410648 0.036880 0.121296
0 1668 0.481258 0.407870 0.030230 0.115741
0 1669 0.717050 0.818981 0.047158 0.189815
0 1670 0.776904 0.052315 0.037485 0.102778
0 1942 0.005744 0.159259 0.010278 0.124074
