0 1167 0.599154 0.029630 0.035067 0.057407
0 1209 0.661729 0.023611 0.036880 0.045370
0 1214 0.706167 0.022222 0.037485 0.042593
0 1232 0.952539 0.401389 0.044135 0.154630
0 1327 0.007557 0.554630 0.013906 0.137037
0 1328 0.060459 0.554167 0.047158 0.139815
0 1329 0.100665 0.536111 0.046554 0.164815
0 1330 0.084039 0.511574 0.036276 0.143519
0 1331 0.041717 0.128241 0.053204 0.134259
0 1332 0.077388 0.151389 0.031439 0.091667
0 1333 0.097340 0.157870 0.047158 0.143519
0 1334 0.136034 0.128241 0.038694 0.097222
0 1335 0.109734 0.064815 0.038089 0.122222
0 1336 0.144800 0.060648 0.032044 0.108333
0 1338 0.193168 0.035648 0.035671 0.069444
0 1339 0.184099 0.298148 0.046554 0.142593
0 1340 0.176239 0.280093 0.038089 0.139815
0 1341 0.649335 0.343519 0.041112 0.162963
0 1342 0.356409 0.216204 0.036880 0.128704
0 1343 0.343712 0.188426 0.035671 0.128704
0 1344 0.361245 0.178241 0.033253 0.128704
0 1345 0.309553 0.188426 0.037485 0.137963
0 1346 0.379081 0.159259 0.036276 0.127778
0 1347 0.359129 0.149074 0.038694 0.135185
0 1348 0.405683 0.122685 0.031439 0.126852
0 1349 0.427146 0.121759 0.030834 0.128704
0 1350 0.457678 0.067130 0.033857 0.121296
0 1351 0.521765 0.218519 0.035067 0.112963
0 1352 0.507255 0.100463 0.047158 0.125000
0 1353 0.522672 0.187037 0.035671 0.137037
0 1354 0.562273 0.197685 0.037485 0.147222
0 1355 0.487908 0.064815 0.033857 0.112963
0 1356 0.562878 0.116204 0.033857 0.136111
0 1357 0.510883 0.055556 0.032648 0.109259
0 1358 0.529927 0.057870 0.033253 0.112037
0 1359 0.646312 0.243519 0.044740 0.148148
0 1360 0.613362 0.221296 0.048972 0.155556
0 1361 0.623942 0.158333 0.038694 0.164815
0 1362 0.650846 0.127778 0.034462 0.148148
0 1363 0.688634 0.134722 0.041112 0.149074
0 1364 0.617896 0.033796 0.027811 0.065741
0 1365 0.664450 0.035648 0.031439 0.069444
0 1366 0.701028 0.046296 0.032044 0.090741
0 1367 0.758464 0.279167 0.036880 0.137963
0 1368 0.763906 0.188426 0.033253 0.108333
0 1369 0.822551 0.302315 0.033253 0.136111
0 1370 0.977630 0.418981 0.041112 0.139815
0 1371 0.867291 0.331019 0.035671 0.136111
0 1372 0.840387 0.304167 0.036276 0.128704
0 1373 0.920496 0.311111 0.047763 0.142593
0 1374 0.956167 0.288426 0.051391 0.145370
0 1375 0.909008 0.288426 0.042926 0.136111
0 1376 0.977328 0.279630 0.033253 0.125926
0 1377 0.982769 0.045370 0.025998 0.068519
0 1378 0.956771 0.041667 0.035671 0.081481
0 1379 0.984281 0.236111 0.030230 0.137037
0 1380 0.989117 0.141204 0.021765 0.137963
0 1381 0.953748 0.261111 0.036880 0.129630
0 1382 0.934401 0.261574 0.029625 0.115741
0 1383 0.954655 0.200926 0.036276 0.125926
0 1384 0.927146 0.203704 0.034462 0.112963
0 1385 0.949214 0.187037 0.033857 0.124074
0 1386 0.058948 0.047222 0.038089 0.092593
0 1387 0.208283 0.133333 0.038089 0.138889
0 1388 0.432588 0.223148 0.045345 0.144444
0 1389 0.760580 0.125463 0.032648 0.121296
0 1390 0.910520 0.154630 0.027811 0.114815
0 1391 0.737001 0.175463 0.041112 0.145370
0 1392 0.886941 0.136111 0.027811 0.090741
0 1393 0.888755 0.151852 0.032648 0.112963
0 1394 0.636336 0.021296 0.028416 0.040741
0 1395 0.814994 0.198611 0.045949 0.136111
0 1396 0.710701 0.187500 0.029625 0.097222
0 1397 0.900242 0.176389 0.037485 0.141667
0 1398 0.678356 0.358796 0.041112 0.136111
0 1399 0.706469 0.356944 0.034462 0.130556
0 1400 0.730351 0.378241 0.039903 0.139815
0 1401 0.813180 0.305556 0.041112 0.162963
0 1402 0.712213 0.445370 0.047158 0.164815
0 1403 0.434704 0.582870 0.048368 0.167593
0 1404 0.769347 0.406944 0.035671 0.134259
0 1405 0.739722 0.439352 0.047763 0.150926
0 1406 0.779927 0.437037 0.048368 0.162963
0 1407 0.665357 0.551389 0.046554 0.145370
0 1408 0.874547 0.414352 0.039299 0.137963
0 1409 0.876058 0.374074 0.036276 0.137037
0 1410 0.574365 0.779167 0.050786 0.175000
0 1411 0.675333 0.413426 0.041112 0.141667
0 1412 0.740931 0.342130 0.039299 0.123148
0 1413 0.780532 0.343981 0.042322 0.139815
0 1414 0.651451 0.627315 0.042926 0.163889
0 1415 0.826784 0.493981 0.042926 0.162037
0 1416 0.942563 0.406944 0.042322 0.156481
0 1417 0.975514 0.377315 0.033253 0.132407
0 1419 0.981862 0.689352 0.035067 0.162037
0 1420 0.974002 0.465741 0.041112 0.150000
0 1424 0.781741 0.578704 0.044740 0.150000
0 1425 0.899637 0.597222 0.039903 0.157407
0 1429 0.909613 0.914352 0.052600 0.156481
0 1430 0.853083 0.908333 0.054414 0.159259
0 1434 0.095828 0.582870 0.042926 0.163889
0 1443 0.308343 0.512500 0.039903 0.158333
0 1444 0.317715 0.351852 0.041717 0.135185
0 1445 0.283555 0.352315 0.036276 0.143519
0 1446 0.613664 0.765741 0.041112 0.170370
0 1447 0.866989 0.532870 0.048368 0.152778
0 1452 0.600665 0.966204 0.040508 0.069444
0 1453 0.858525 0.979167 0.030230 0.041667
0 1454 0.794135 0.980556 0.036880 0.040741
0 1456 0.747884 0.578704 0.048368 0.159259
0 1457 0.180774 0.985648 0.037485 0.030556
0 1461 0.509069 0.956019 0.039903 0.087963
0 1462 0.431681 0.972222 0.041112 0.055556
0 1463 0.399033 0.987500 0.029021 0.026852
0 1473 0.953144 0.523148 0.045345 0.166667
0 1484 0.941052 0.483333 0.041717 0.157407
0 1486 0.778416 0.666667 0.050181 0.162963
0 1488 0.858222 0.581481 0.051391 0.162963
0 1489 0.782346 0.501852 0.055623 0.174074
0 1490 0.551391 0.477315 0.030230 0.126852
0 1491 0.608827 0.706019 0.044740 0.175000
0 1494 0.849154 0.417130 0.038089 0.149074
0 1495 0.840387 0.570833 0.041112 0.086111
0 1496 0.951028 0.391204 0.038694 0.126852
0 1501 0.276300 0.954167 0.043531 0.093519
0 1502 0.439843 0.939352 0.048972 0.121296
0 1510 0.512999 0.780556 0.047763 0.177778
0 1522 0.461608 0.837037 0.040508 0.153704
0 1531 0.574970 0.573611 0.039903 0.156481
0 1532 0.612757 0.590278 0.044135 0.152778
0 1549 0.348851 0.756481 0.044740 0.168519
0 1550 0.486397 0.511574 0.032044 0.139815
0 1551 0.518138 0.514352 0.042322 0.137963
0 1555 0.589782 0.485648 0.039299 0.139815
0 1556 0.570738 0.490278 0.026602 0.110185
0 1557 0.603083 0.561574 0.041717 0.152778
0 1565 0.524788 0.825926 0.045949 0.185185
0 1567 0.427449 0.410648 0.032648 0.132407
0 1568 0.635429 0.793519 0.047158 0.166667
0 1569 0.671705 0.797222 0.045949 0.161111
0 1570 0.471282 0.600463 0.041717 0.162037
0 1572 0.390266 0.332407 0.041717 0.151852
0 1573 0.499698 0.388889 0.032044 0.131481
0 1583 0.677146 0.701852 0.027811 0.122222
0 1584 0.657497 0.712500 0.045345 0.173148
0 1587 0.288392 0.823148 0.055623 0.174074
0 1588 0.237606 0.874074 0.043531 0.155556
0 1592 0.405079 0.693981 0.037485 0.156481
0 1593 0.428053 0.721759 0.048368 0.162037
0 1594 0.453748 0.689352 0.039299 0.160185
0 1595 0.384825 0.699537 0.038089 0.171296
0 1610 0.818622 0.610185 0.045949 0.150000
0 1615 0.830109 0.677778 0.053204 0.168519
0 1620 0.906288 0.532407 0.039903 0.148148
0 1621 0.839480 0.377778 0.036880 0.133333
0 1624 0.347642 0.093519 0.039903 0.138889
0 1625 0.091294 0.876389 0.054414 0.178704
0 1626 0.879988 0.719907 0.056227 0.158333
0 1629 0.925030 0.709722 0.053204 0.158333
0 1632 0.322249 0.095370 0.027811 0.124074
0 1633 0.314087 0.061111 0.032044 0.116667
0 1634 0.017231 0.861111 0.033253 0.183333
0 1642 0.291112 0.092130 0.033253 0.134259
0 1643 0.859734 0.654167 0.048368 0.167593
0 1646 0.025998 0.901852 0.050786 0.170370
0 1647 0.816505 0.419907 0.041717 0.147222
0 1650 0.573156 0.647222 0.054414 0.146296
0 1651 0.558343 0.624537 0.041717 0.169444
0 1652 0.598549 0.624074 0.037485 0.161111
0 1653 0.725816 0.657870 0.052600 0.145370
0 1654 0.272068 0.426389 0.038694 0.141667
0 1655 0.532346 0.496296 0.035671 0.137037
0 1656 0.515417 0.497685 0.067110 0.158333
0 1657 0.502721 0.483796 0.036880 0.145370
0 1658 0.414752 0.324074 0.036276 0.135185
0 1659 0.428960 0.353241 0.040508 0.143519
0 1660 0.476421 0.356481 0.030230 0.140741
0 1661 0.518138 0.369907 0.032648 0.149074
0 1662 0.444377 0.513889 0.041112 0.151852
0 1663 0.097944 0.859259 0.045949 0.131481
0 1664 0.317715 0.103704 0.035671 0.124074
0 1666 0.291717 0.499537 0.041717 0.152778
0 1667 0.462515 0.412500 0.033857 0.112037
0 1668 0.481862 0.412500 0.024184 0.115741
0 1669 0.707376 0.706481 0.049577 0.192593
0 1670 0.776904 0.046759 0.036276 0.091667
0 1942 0.005441 0.154630 0.009674 0.125926
