0 1329 0.012092 0.533333 0.022975 0.153704
0 1330 0.006953 0.516204 0.012696 0.137963
0 1331 0.094317 0.055093 0.042322 0.108333
0 1332 0.113966 0.066204 0.029625 0.089815
0 1333 0.140266 0.069444 0.044740 0.133333
0 1334 0.170496 0.064815 0.032648 0.103704
0 1339 0.313180 0.225000 0.042322 0.137037
0 1340 0.301995 0.208333 0.036880 0.140741
0 1341 0.632406 0.263426 0.039903 0.160185
0 1342 0.277509 0.153241 0.035067 0.134259
0 1343 0.286578 0.137037 0.035067 0.125926
0 1344 0.270254 0.106944 0.032648 0.132407
0 1345 0.248791 0.115741 0.036880 0.129630
0 1346 0.477025 0.075000 0.037485 0.125926
0 1347 0.461911 0.060185 0.032648 0.118519
0 1348 0.510278 0.047685 0.027811 0.093519
0 1349 0.529625 0.047222 0.030230 0.092593
0 1351 0.556227 0.117593 0.035067 0.107407
0 1352 0.556832 0.043981 0.037485 0.086111
0 1353 0.544135 0.099537 0.033857 0.121296
0 1354 0.577086 0.086111 0.036880 0.140741
0 1359 0.646010 0.130093 0.044135 0.130556
0 1360 0.617896 0.107870 0.048368 0.154630
0 1363 0.657497 0.044907 0.036880 0.087963
0 1367 0.638755 0.193056 0.033253 0.139815
0 1368 0.702842 0.131019 0.032044 0.104630
0 1369 0.695586 0.200926 0.034462 0.129630
0 1370 0.967050 0.339352 0.041717 0.149074
0 1371 0.746070 0.193981 0.033857 0.119444
0 1372 0.713422 0.193981 0.039903 0.123148
0 1373 0.951330 0.260648 0.039299 0.132407
0 1374 0.940750 0.210185 0.050786 0.135185
0 1375 0.930169 0.241667 0.035671 0.137037
0 1376 0.968561 0.206019 0.035067 0.123148
0 1379 0.982467 0.168519 0.032648 0.137037
0 1381 0.938331 0.182407 0.035067 0.120370
0 1382 0.905985 0.187500 0.038089 0.132407
0 1383 0.966143 0.106481 0.035067 0.135185
0 1384 0.939541 0.109259 0.039903 0.129630
0 1385 0.869105 0.141204 0.032044 0.119444
0 1387 0.207376 0.125926 0.039903 0.140741
0 1388 0.512999 0.145370 0.044135 0.144444
0 1389 0.747884 0.104167 0.032648 0.128704
0 1390 0.787787 0.112963 0.027811 0.118519
0 1391 0.685913 0.101852 0.036880 0.140741
0 1392 0.770859 0.092130 0.027811 0.093519
0 1393 0.801391 0.093519 0.032044 0.096296
0 1395 0.749395 0.144907 0.032044 0.137963
0 1396 0.661729 0.118056 0.028416 0.093519
0 1397 0.794438 0.124074 0.037485 0.135185
0 1398 0.659915 0.276852 0.039299 0.140741
0 1399 0.682890 0.268056 0.032044 0.132407
0 1400 0.688634 0.294444 0.039903 0.140741
0 1401 0.740024 0.209259 0.043531 0.170370
0 1402 0.633918 0.339352 0.044135 0.160185
0 1403 0.593410 0.507407 0.041717 0.159259
0 1404 0.706167 0.332407 0.039903 0.137037
0 1405 0.697703 0.366667 0.043531 0.155556
0 1406 0.738815 0.348611 0.042322 0.162037
0 1407 0.662031 0.411574 0.039903 0.152778
0 1408 0.847037 0.316204 0.036276 0.137963
0 1409 0.828295 0.296296 0.032648 0.135185
0 1410 0.625756 0.631944 0.044740 0.167593
0 1411 0.641475 0.328241 0.037485 0.139815
0 1412 0.734885 0.317593 0.036880 0.129630
0 1413 0.772975 0.314352 0.041717 0.137963
0 1414 0.671100 0.471296 0.042322 0.162963
0 1415 0.854897 0.373611 0.042322 0.160185
0 1416 0.928053 0.318519 0.039903 0.151852
0 1417 0.969468 0.294444 0.030834 0.131481
0 1418 0.987001 0.271759 0.024788 0.117593
0 1419 0.953144 0.496759 0.041717 0.149074
0 1420 0.944377 0.383796 0.043531 0.149074
0 1421 0.936215 0.630556 0.053809 0.164815
0 1422 0.979141 0.623611 0.035671 0.141667
0 1424 0.768440 0.463426 0.043531 0.149074
0 1425 0.882104 0.497685 0.042322 0.165741
0 1426 0.952237 0.442593 0.042322 0.155556
0 1427 0.045345 0.381481 0.053204 0.148148
0 1428 0.018440 0.430556 0.035671 0.153704
0 1429 0.875756 0.703704 0.044135 0.153704
0 1430 0.839178 0.724074 0.051995 0.179630
0 1432 0.695284 0.066667 0.038694 0.118519
0 1433 0.924728 0.705093 0.046554 0.176852
0 1434 0.127570 0.450000 0.039903 0.157407
0 1443 0.308041 0.506944 0.035671 0.150926
0 1444 0.348851 0.392130 0.043531 0.134259
0 1445 0.311366 0.392130 0.033857 0.145370
0 1446 0.650544 0.587963 0.042322 0.162963
0 1447 0.815599 0.435185 0.049577 0.157407
0 1448 0.714631 0.095370 0.033857 0.118519
0 1450 0.962817 0.713426 0.036880 0.154630
0 1452 0.629383 0.835648 0.039903 0.171296
0 1453 0.814389 0.821296 0.053204 0.187037
0 1454 0.765719 0.823148 0.048972 0.170370
0 1455 0.786578 0.951852 0.059250 0.096296
0 1456 0.740931 0.455556 0.044135 0.151852
0 1457 0.134825 0.956019 0.061669 0.087963
0 1461 0.317412 0.958796 0.043531 0.084259
0 1462 0.230955 0.950000 0.050786 0.100000
0 1463 0.204353 0.969444 0.042322 0.062963
0 1470 0.059250 0.948148 0.053204 0.105556
0 1473 0.910218 0.439352 0.044135 0.171296
0 1478 0.627267 0.911111 0.055018 0.162963
0 1479 0.601874 0.942130 0.058646 0.115741
0 1484 0.906590 0.393056 0.039299 0.150926
0 1486 0.740024 0.568981 0.044740 0.162037
0 1488 0.844619 0.481019 0.051995 0.160185
0 1489 0.823458 0.398611 0.050786 0.171296
0 1490 0.562878 0.467130 0.031439 0.126852
0 1491 0.673821 0.540278 0.048972 0.176852
0 1492 0.985490 0.381481 0.027811 0.142593
0 1494 0.818622 0.331944 0.036276 0.150926
0 1495 0.785067 0.456019 0.036880 0.082407
0 1496 0.953144 0.306019 0.039299 0.121296
0 1501 0.276300 0.946759 0.043531 0.108333
0 1502 0.440145 0.934722 0.048368 0.128704
0 1510 0.506348 0.779630 0.046554 0.179630
0 1522 0.460097 0.822222 0.043531 0.162963
0 1523 0.673821 0.963426 0.036880 0.075000
0 1524 0.678053 0.887037 0.050181 0.157407
0 1525 0.643289 0.950463 0.042322 0.100926
0 1526 0.702539 0.945370 0.049577 0.111111
0 1527 0.733676 0.932407 0.048972 0.137037
0 1531 0.579807 0.565741 0.039903 0.146296
0 1532 0.614268 0.582870 0.042322 0.158333
0 1549 0.351270 0.746759 0.047158 0.171296
0 1550 0.479444 0.494907 0.029021 0.132407
0 1551 0.512696 0.501389 0.039903 0.136111
0 1553 0.457074 0.967593 0.043531 0.064815
0 1555 0.591596 0.490278 0.039299 0.154630
0 1556 0.585852 0.456944 0.027811 0.115741
0 1557 0.602781 0.553241 0.039903 0.156481
0 1565 0.521161 0.819907 0.047158 0.189815
0 1567 0.465538 0.412500 0.035067 0.132407
0 1568 0.557134 0.677315 0.041717 0.167593
0 1569 0.588271 0.692593 0.043531 0.159259
0 1570 0.396010 0.618056 0.037485 0.162037
0 1572 0.390266 0.326852 0.039299 0.148148
0 1573 0.503023 0.388426 0.029021 0.126852
0 1574 0.401451 0.980093 0.037485 0.041667
0 1583 0.678053 0.616667 0.029625 0.129630
0 1584 0.664450 0.621759 0.039903 0.165741
0 1587 0.172612 0.851852 0.056227 0.168519
0 1588 0.124547 0.887500 0.043531 0.171296
0 1592 0.405079 0.690278 0.037485 0.154630
0 1593 0.431378 0.710185 0.046554 0.164815
0 1594 0.447098 0.669444 0.039299 0.168519
0 1595 0.389359 0.665278 0.044740 0.175000
0 1598 0.019045 0.951852 0.036880 0.098148
0 1599 0.835852 0.942593 0.063482 0.111111
0 1601 0.979444 0.664352 0.035067 0.162037
0 1602 0.607316 0.853704 0.045345 0.170370
0 1603 0.565296 0.912037 0.054414 0.174074
0 1605 0.655985 0.828704 0.043531 0.157407
0 1607 0.935308 0.831481 0.051995 0.164815
0 1608 0.980048 0.817593 0.038694 0.168519
0 1610 0.798972 0.511111 0.039299 0.146296
0 1615 0.793833 0.576852 0.050786 0.159259
0 1619 0.110641 0.807407 0.059250 0.190741
0 1620 0.870617 0.440741 0.042322 0.148148
0 1621 0.800484 0.288426 0.035067 0.132407
0 1624 0.348851 0.068056 0.037485 0.134259
0 1625 0.129988 0.734259 0.060459 0.168519
0 1626 0.859432 0.600000 0.044135 0.162963
0 1629 0.902660 0.587037 0.048368 0.151852
0 1632 0.320435 0.089815 0.027811 0.124074
0 1633 0.311366 0.060648 0.031439 0.119444
0 1634 0.020556 0.847685 0.039903 0.187963
0 1636 0.002116 0.806019 0.003023 0.171296
0 1642 0.291717 0.084722 0.034462 0.136111
0 1643 0.828900 0.551852 0.045949 0.162963
0 1646 0.061366 0.768056 0.061064 0.156481
0 1647 0.811366 0.343519 0.043531 0.148148
0 1650 0.573761 0.637963 0.047158 0.146296
0 1651 0.559553 0.597685 0.034462 0.143519
0 1652 0.597642 0.608796 0.036880 0.158333
0 1653 0.736094 0.649537 0.051391 0.149074
0 1654 0.266022 0.416667 0.039903 0.146296
0 1655 0.524788 0.482407 0.036276 0.140741
0 1656 0.520556 0.482407 0.048368 0.151852
0 1657 0.490931 0.482407 0.035067 0.135185
0 1658 0.409915 0.320370 0.037485 0.135185
0 1659 0.428356 0.338889 0.038089 0.138889
0 1660 0.474607 0.347222 0.032648 0.135185
0 1661 0.517231 0.364352 0.034462 0.150926
0 1662 0.444075 0.507870 0.040508 0.156481
0 1663 0.155985 0.723611 0.035067 0.137963
0 1664 0.316203 0.098611 0.036276 0.121296
0 1666 0.288996 0.497685 0.036276 0.150926
0 1667 0.468561 0.385185 0.027811 0.100000
0 1668 0.486699 0.402315 0.025393 0.115741
0 1669 0.692563 0.620833 0.048972 0.187963
0 1670 0.779625 0.040278 0.032044 0.078704
0 1942 0.005441 0.146759 0.009674 0.132407
