0 1329 0.017533 0.532407 0.033857 0.153704
0 1330 0.010580 0.515278 0.019952 0.137963
0 1331 0.090689 0.057870 0.044740 0.113889
0 1332 0.108827 0.072685 0.030230 0.089815
0 1333 0.137848 0.073148 0.044740 0.137037
0 1334 0.169287 0.070833 0.032648 0.104630
0 1339 0.305320 0.228704 0.041112 0.137037
0 1340 0.292019 0.212963 0.037485 0.140741
0 1341 0.635429 0.269907 0.039903 0.160185
0 1342 0.277509 0.158796 0.035067 0.134259
0 1343 0.293229 0.138889 0.035067 0.125926
0 1344 0.275695 0.113426 0.032648 0.132407
0 1345 0.249395 0.118519 0.036880 0.129630
0 1346 0.467352 0.083796 0.037485 0.126852
0 1347 0.454655 0.064352 0.032648 0.125000
0 1348 0.502418 0.050000 0.027811 0.098148
0 1349 0.524184 0.051389 0.030230 0.100926
0 1351 0.556832 0.125926 0.035067 0.107407
0 1352 0.555018 0.048611 0.037485 0.095370
0 1353 0.542322 0.104167 0.033857 0.121296
0 1354 0.577086 0.094444 0.036880 0.142593
0 1356 0.582527 0.064815 0.034462 0.127778
0 1359 0.647219 0.135648 0.045345 0.132407
0 1360 0.619105 0.115278 0.048368 0.154630
0 1362 0.626965 0.054167 0.037485 0.106481
0 1363 0.659311 0.050000 0.036880 0.098148
0 1367 0.647521 0.199537 0.033857 0.139815
0 1368 0.707981 0.137963 0.032648 0.103704
0 1369 0.704353 0.207407 0.033857 0.129630
0 1370 0.966143 0.344444 0.042322 0.148148
0 1371 0.759976 0.205093 0.033857 0.123148
0 1372 0.726421 0.197685 0.040508 0.123148
0 1373 0.948307 0.266204 0.040508 0.132407
0 1374 0.940145 0.217593 0.050786 0.135185
0 1375 0.929867 0.246296 0.035067 0.137037
0 1376 0.969770 0.213426 0.035067 0.123148
0 1379 0.983071 0.174074 0.032648 0.137037
0 1380 0.981258 0.054167 0.036276 0.106481
0 1381 0.938331 0.186111 0.035067 0.120370
0 1382 0.909613 0.193056 0.036880 0.130556
0 1383 0.966747 0.113426 0.035067 0.134259
0 1384 0.940447 0.119444 0.039299 0.131481
0 1385 0.876360 0.143519 0.032044 0.118519
0 1387 0.207376 0.125926 0.039903 0.140741
0 1388 0.506651 0.150926 0.044740 0.146296
0 1389 0.750302 0.107870 0.032648 0.128704
0 1390 0.797763 0.116667 0.027207 0.118519
0 1391 0.688634 0.106481 0.037485 0.140741
0 1392 0.775091 0.093981 0.027811 0.093519
0 1393 0.812273 0.098148 0.032044 0.096296
0 1395 0.758464 0.148611 0.033253 0.139815
0 1396 0.665961 0.124074 0.028416 0.094444
0 1397 0.802600 0.128704 0.038089 0.135185
0 1398 0.661729 0.284259 0.039299 0.140741
0 1399 0.685308 0.274537 0.032044 0.132407
0 1400 0.688634 0.300000 0.039903 0.140741
0 1401 0.746675 0.217593 0.042322 0.170370
0 1402 0.639964 0.345833 0.044135 0.156481
0 1403 0.581620 0.512963 0.041112 0.159259
0 1404 0.711911 0.338426 0.039299 0.137963
0 1405 0.703748 0.373148 0.043531 0.153704
0 1406 0.741838 0.355093 0.042322 0.162037
0 1407 0.662031 0.420370 0.039903 0.148148
0 1408 0.850363 0.322685 0.036880 0.137963
0 1409 0.834039 0.302778 0.032044 0.135185
0 1410 0.622128 0.641667 0.044740 0.168519
0 1411 0.641475 0.331944 0.037485 0.139815
0 1412 0.735490 0.321296 0.036880 0.129630
0 1413 0.772975 0.318056 0.041717 0.137963
0 1414 0.669891 0.483333 0.042322 0.162963
0 1415 0.852177 0.381944 0.041717 0.160185
0 1416 0.928053 0.323611 0.039903 0.150926
0 1417 0.968561 0.299074 0.032648 0.131481
0 1418 0.986699 0.277315 0.025393 0.117593
0 1419 0.953144 0.510648 0.041717 0.152778
0 1420 0.947400 0.390278 0.043531 0.149074
0 1421 0.941052 0.641667 0.053809 0.166667
0 1422 0.981560 0.631019 0.034462 0.136111
0 1424 0.769045 0.470833 0.043531 0.149074
0 1425 0.883313 0.505093 0.042322 0.165741
0 1426 0.954655 0.452315 0.042322 0.156481
0 1427 0.030230 0.390741 0.054414 0.148148
0 1428 0.011185 0.439815 0.021161 0.153704
0 1429 0.880895 0.715741 0.045949 0.151852
0 1430 0.842201 0.733333 0.051995 0.179630
0 1432 0.692866 0.059722 0.038694 0.115741
0 1433 0.933192 0.717130 0.046554 0.176852
0 1434 0.128174 0.461111 0.038694 0.157407
0 1443 0.307134 0.506944 0.035067 0.150926
0 1444 0.348851 0.391204 0.043531 0.134259
0 1445 0.308948 0.392130 0.033857 0.145370
0 1446 0.646917 0.598148 0.042322 0.162963
0 1447 0.819831 0.442593 0.049577 0.157407
0 1448 0.712213 0.087500 0.033857 0.113889
0 1450 0.970677 0.725463 0.036880 0.154630
0 1452 0.626360 0.849537 0.039903 0.171296
0 1453 0.816505 0.836574 0.051391 0.187963
0 1454 0.766626 0.841667 0.050786 0.170370
0 1455 0.786276 0.960185 0.062273 0.077778
0 1456 0.742443 0.463889 0.044740 0.151852
0 1457 0.140871 0.957407 0.061669 0.085185
0 1461 0.333736 0.959259 0.043531 0.083333
0 1462 0.241838 0.952778 0.050786 0.094444
0 1463 0.215538 0.971759 0.040508 0.058333
0 1470 0.050786 0.954630 0.050786 0.092593
0 1473 0.911427 0.446759 0.044135 0.171296
0 1478 0.626360 0.919444 0.055623 0.153704
0 1479 0.600665 0.949074 0.055018 0.103704
0 1484 0.908404 0.401389 0.039299 0.150926
0 1486 0.742443 0.577315 0.044740 0.162037
0 1488 0.845224 0.488426 0.051995 0.160185
0 1489 0.818319 0.405093 0.052600 0.171296
0 1490 0.561669 0.467130 0.031439 0.126852
0 1491 0.670496 0.553704 0.048368 0.175926
0 1492 0.985792 0.385185 0.027207 0.142593
0 1494 0.822249 0.339352 0.036276 0.150926
0 1495 0.788089 0.462500 0.036880 0.082407
0 1496 0.953748 0.313426 0.039299 0.121296
0 1501 0.276300 0.946759 0.043531 0.108333
0 1502 0.439843 0.934722 0.048972 0.128704
0 1510 0.507255 0.778704 0.047158 0.181481
0 1522 0.460097 0.822222 0.043531 0.162963
0 1523 0.676844 0.968981 0.035671 0.063889
0 1524 0.678960 0.896296 0.049577 0.153704
0 1525 0.645405 0.957407 0.039299 0.087037
0 1526 0.702237 0.950926 0.048972 0.100000
0 1527 0.733676 0.937500 0.048972 0.125000
0 1531 0.579807 0.570370 0.039903 0.146296
0 1532 0.614268 0.583333 0.042322 0.157407
0 1549 0.350665 0.746759 0.047158 0.171296
0 1550 0.479746 0.495833 0.029625 0.132407
0 1551 0.515115 0.501852 0.039903 0.135185
0 1553 0.445284 0.971296 0.040508 0.059259
0 1555 0.591294 0.490278 0.038694 0.154630
0 1556 0.585852 0.457870 0.027811 0.115741
0 1557 0.602781 0.553704 0.039903 0.155556
0 1565 0.521161 0.819907 0.047158 0.189815
0 1567 0.464329 0.412500 0.035067 0.132407
0 1568 0.562878 0.686111 0.042322 0.170370
0 1569 0.596131 0.701389 0.043531 0.160185
0 1570 0.404172 0.618981 0.035671 0.162037
0 1572 0.389964 0.326852 0.038694 0.148148
0 1573 0.502418 0.388426 0.030230 0.126852
0 1583 0.676542 0.625000 0.029021 0.129630
0 1584 0.663845 0.626389 0.039903 0.165741
0 1587 0.178658 0.853241 0.056227 0.173148
0 1588 0.130593 0.886574 0.041112 0.173148
0 1592 0.405079 0.693056 0.037485 0.154630
0 1593 0.428356 0.712963 0.046554 0.162963
0 1594 0.449516 0.671296 0.039299 0.168519
0 1595 0.383918 0.665278 0.044740 0.175000
0 1598 0.015417 0.961111 0.029625 0.079630
0 1599 0.839178 0.953241 0.062878 0.093519
0 1601 0.984281 0.673611 0.027811 0.162037
0 1602 0.603083 0.864815 0.046554 0.170370
0 1603 0.562878 0.919444 0.053204 0.161111
0 1605 0.654776 0.841667 0.043531 0.157407
0 1607 0.944377 0.846296 0.051995 0.164815
0 1608 0.981258 0.826852 0.036276 0.159259
0 1610 0.798972 0.516667 0.039299 0.146296
0 1615 0.796856 0.585185 0.050786 0.159259
0 1619 0.107920 0.821296 0.058646 0.192593
0 1620 0.874244 0.447222 0.042322 0.148148
0 1621 0.803507 0.294907 0.035067 0.132407
0 1624 0.348851 0.070370 0.037485 0.135185
0 1625 0.132406 0.746759 0.065296 0.167593
0 1626 0.859432 0.610185 0.044135 0.162963
0 1629 0.902660 0.596759 0.048368 0.154630
0 1632 0.320435 0.089815 0.027811 0.124074
0 1633 0.311366 0.060185 0.031439 0.118519
0 1634 0.020556 0.847685 0.039903 0.187963
0 1636 0.002116 0.806019 0.003023 0.171296
0 1642 0.291112 0.084259 0.034462 0.137037
0 1643 0.830109 0.559259 0.045949 0.162963
0 1646 0.063785 0.775463 0.058646 0.156481
0 1647 0.812576 0.349074 0.043531 0.148148
0 1650 0.573761 0.637963 0.047158 0.146296
0 1651 0.559553 0.606019 0.034462 0.162037
0 1652 0.597340 0.607407 0.036276 0.157407
0 1653 0.736094 0.649537 0.052600 0.147222
0 1654 0.266022 0.417593 0.039903 0.146296
0 1655 0.525393 0.482407 0.036276 0.140741
0 1656 0.519952 0.483796 0.049577 0.152778
0 1657 0.490931 0.482407 0.035067 0.135185
0 1658 0.410520 0.320370 0.037485 0.135185
0 1659 0.428053 0.339815 0.038694 0.138889
0 1660 0.474607 0.347222 0.032648 0.135185
0 1661 0.517231 0.364352 0.034462 0.150926
0 1662 0.444075 0.508333 0.040508 0.155556
0 1663 0.154776 0.737500 0.035067 0.137963
0 1664 0.316203 0.098611 0.036276 0.121296
0 1666 0.288392 0.498611 0.036276 0.149074
0 1667 0.468561 0.385185 0.027811 0.100000
0 1668 0.484281 0.400463 0.025393 0.115741
0 1669 0.693168 0.629167 0.048972 0.187963
0 1670 0.779323 0.040278 0.032648 0.078704
0 1942 0.005441 0.146759 0.009674 0.132407
