0 1167 0.607013 0.023611 0.035067 0.045370
0 1209 0.661427 0.016204 0.037485 0.030556
0 1214 0.704051 0.017130 0.036880 0.032407
0 1232 0.947400 0.388426 0.044740 0.154630
0 1234 0.371826 0.985648 0.031439 0.030556
0 1328 0.046856 0.553241 0.053809 0.139815
0 1329 0.086759 0.529630 0.045345 0.153704
0 1330 0.074970 0.512037 0.036276 0.148148
0 1331 0.050484 0.114352 0.058646 0.134259
0 1332 0.087666 0.138426 0.032648 0.089815
0 1333 0.104595 0.145370 0.045949 0.142593
0 1334 0.141778 0.119444 0.038089 0.103704
0 1335 0.111245 0.056944 0.035067 0.112037
0 1336 0.151451 0.052778 0.032044 0.098148
0 1338 0.191959 0.028241 0.033253 0.054630
0 1339 0.198609 0.286574 0.045345 0.143519
0 1340 0.193470 0.266204 0.037485 0.137963
0 1341 0.648730 0.330093 0.039903 0.160185
0 1342 0.337062 0.209259 0.042926 0.129630
0 1343 0.335550 0.181019 0.037485 0.128704
0 1344 0.348851 0.165278 0.032648 0.126852
0 1345 0.298065 0.179630 0.036276 0.140741
0 1346 0.400242 0.146296 0.037485 0.125926
0 1347 0.379081 0.142130 0.036276 0.137963
0 1348 0.415357 0.112963 0.030230 0.125926
0 1349 0.440447 0.107407 0.029625 0.129630
0 1350 0.469770 0.058333 0.032648 0.114815
0 1351 0.532648 0.209722 0.035067 0.117593
0 1352 0.517533 0.091667 0.041112 0.125926
0 1353 0.525998 0.171759 0.035067 0.134259
0 1354 0.570133 0.182407 0.036276 0.148148
0 1355 0.490024 0.054630 0.032044 0.107407
0 1356 0.565599 0.108796 0.030834 0.134259
0 1358 0.542019 0.054630 0.034462 0.107407
0 1359 0.646614 0.224537 0.046554 0.150926
0 1360 0.616082 0.209722 0.049577 0.160185
0 1361 0.619105 0.141204 0.038694 0.165741
0 1362 0.646010 0.109259 0.036880 0.148148
0 1363 0.686215 0.118519 0.038694 0.146296
0 1365 0.663241 0.031019 0.029021 0.060185
0 1366 0.706771 0.038889 0.032648 0.075926
0 1367 0.739420 0.267130 0.037485 0.139815
0 1368 0.756348 0.179167 0.033857 0.110185
0 1369 0.802902 0.286111 0.033857 0.133333
0 1370 0.975816 0.403241 0.042322 0.139815
0 1371 0.852177 0.315278 0.034462 0.137963
0 1372 0.823458 0.285648 0.032648 0.128704
0 1373 0.923519 0.306944 0.044135 0.137963
0 1374 0.957074 0.275463 0.050786 0.134259
0 1375 0.911125 0.285185 0.036276 0.133333
0 1376 0.977328 0.273611 0.030834 0.123148
0 1377 0.981258 0.036111 0.026602 0.061111
0 1378 0.953446 0.034259 0.033857 0.066667
0 1379 0.983374 0.225926 0.032044 0.137037
0 1380 0.989117 0.121296 0.021765 0.125926
0 1381 0.951935 0.248148 0.035671 0.125926
0 1382 0.933797 0.248611 0.029625 0.115741
0 1383 0.955865 0.187500 0.035067 0.128704
0 1384 0.927146 0.193056 0.034462 0.121296
0 1385 0.943470 0.175000 0.034462 0.118519
0 1386 0.064087 0.038889 0.035067 0.075926
0 1387 0.207678 0.131944 0.039299 0.139815
0 1388 0.444377 0.211574 0.044740 0.145370
0 1389 0.759371 0.122222 0.032648 0.122222
0 1390 0.894196 0.150000 0.026602 0.118519
0 1391 0.728537 0.164352 0.039903 0.143519
0 1392 0.868803 0.125926 0.027811 0.092593
0 1393 0.887243 0.144907 0.032044 0.117593
0 1394 0.635732 0.018981 0.027207 0.036111
0 1395 0.811669 0.188426 0.044135 0.137963
0 1396 0.704051 0.178704 0.029625 0.098148
0 1397 0.887545 0.170370 0.035067 0.142593
0 1398 0.676542 0.345833 0.041112 0.137963
0 1399 0.704353 0.342593 0.032648 0.131481
0 1400 0.721886 0.365741 0.039903 0.140741
0 1401 0.805320 0.288889 0.039903 0.153704
0 1402 0.703144 0.428704 0.045949 0.164815
0 1403 0.450121 0.565278 0.050181 0.163889
0 1404 0.762999 0.391204 0.031439 0.130556
0 1405 0.733978 0.426852 0.044740 0.162963
0 1406 0.774788 0.422222 0.047763 0.162963
0 1407 0.665961 0.526852 0.044135 0.146296
0 1408 0.871221 0.399537 0.037485 0.136111
0 1409 0.871826 0.362500 0.035067 0.136111
0 1410 0.578900 0.750926 0.048972 0.174074
0 1411 0.670496 0.394444 0.039903 0.135185
0 1412 0.740024 0.341204 0.038694 0.125000
0 1413 0.782346 0.340741 0.042322 0.138889
0 1414 0.658102 0.602778 0.041717 0.162963
0 1415 0.830109 0.476389 0.042322 0.160185
0 1416 0.939843 0.391204 0.039299 0.150926
0 1417 0.969468 0.365741 0.034462 0.131481
0 1419 0.979444 0.654630 0.038694 0.159259
0 1420 0.972491 0.455556 0.039299 0.153704
0 1421 0.981258 0.748611 0.036276 0.167593
0 1424 0.779927 0.561574 0.044740 0.149074
0 1425 0.896614 0.583796 0.039903 0.162037
0 1429 0.910822 0.892130 0.052600 0.173148
0 1430 0.848851 0.885185 0.055623 0.181481
0 1433 0.983676 0.846759 0.031439 0.160185
0 1434 0.108222 0.567593 0.043531 0.159259
0 1443 0.307739 0.512037 0.038694 0.157407
0 1444 0.327993 0.362500 0.041717 0.137963
0 1445 0.283555 0.353704 0.038694 0.146296
0 1446 0.616989 0.738889 0.041717 0.170370
0 1447 0.861245 0.513426 0.048972 0.145370
0 1452 0.605804 0.952315 0.041112 0.097222
0 1453 0.853386 0.960648 0.045345 0.078704
0 1454 0.786276 0.964352 0.044135 0.073148
0 1456 0.746977 0.559259 0.046554 0.161111
0 1457 0.185006 0.976389 0.049577 0.049074
0 1461 0.482769 0.957407 0.039299 0.087037
0 1462 0.402056 0.968519 0.045949 0.064815
0 1463 0.368501 0.985185 0.029625 0.031481
0 1473 0.947098 0.512037 0.042926 0.170370
0 1484 0.934099 0.471759 0.041112 0.160185
0 1486 0.773881 0.650926 0.053204 0.166667
0 1488 0.852479 0.566667 0.051995 0.161111
0 1489 0.783253 0.486574 0.053809 0.171296
0 1490 0.551088 0.475463 0.030834 0.126852
0 1491 0.616687 0.685648 0.039903 0.176852
0 1494 0.848549 0.406019 0.036880 0.150926
0 1495 0.835550 0.554630 0.038694 0.083333
0 1496 0.951330 0.372685 0.039299 0.126852
0 1501 0.276300 0.952778 0.043531 0.096296
0 1502 0.439238 0.937963 0.048972 0.124074
0 1510 0.512092 0.780093 0.045949 0.176852
0 1522 0.463120 0.829167 0.041112 0.156481
0 1524 0.677146 0.968519 0.049577 0.061111
0 1531 0.574970 0.570370 0.039903 0.151852
0 1532 0.613059 0.589352 0.043531 0.152778
0 1549 0.348851 0.753704 0.045949 0.168519
0 1550 0.485187 0.509259 0.032044 0.138889
0 1551 0.521765 0.511574 0.039903 0.128704
0 1555 0.590085 0.486111 0.038694 0.142593
0 1556 0.570738 0.479630 0.026602 0.111111
0 1557 0.603083 0.560648 0.041717 0.152778
0 1565 0.524184 0.823148 0.045949 0.187037
0 1567 0.436518 0.409722 0.035067 0.132407
0 1568 0.633313 0.779167 0.046554 0.169444
0 1569 0.666868 0.777778 0.042322 0.164815
0 1570 0.464631 0.604630 0.039299 0.162963
0 1572 0.390568 0.331019 0.041112 0.150926
0 1573 0.499395 0.388426 0.031439 0.130556
0 1583 0.676844 0.688889 0.027207 0.118519
0 1584 0.655079 0.699537 0.044135 0.176852
0 1587 0.265417 0.813426 0.049577 0.175000
0 1588 0.221282 0.873148 0.044740 0.153704
0 1592 0.402660 0.691204 0.037485 0.156481
0 1593 0.428356 0.720370 0.046554 0.162963
0 1594 0.455562 0.687963 0.039299 0.162963
0 1595 0.384825 0.698148 0.038089 0.174074
0 1602 0.577388 0.958796 0.045949 0.082407
0 1603 0.519649 0.982870 0.041717 0.036111
0 1610 0.814994 0.593519 0.043531 0.146296
0 1615 0.825272 0.661111 0.050786 0.166667
0 1619 0.016324 0.913426 0.031439 0.169444
0 1620 0.899033 0.517130 0.041112 0.152778
0 1621 0.834946 0.365741 0.037485 0.131481
0 1624 0.347944 0.089815 0.039299 0.138889
0 1625 0.107920 0.854630 0.051391 0.174074
0 1626 0.878476 0.704167 0.048368 0.162037
0 1629 0.918984 0.693981 0.050786 0.160185
0 1632 0.321644 0.093519 0.027811 0.124074
0 1633 0.312576 0.060648 0.031439 0.117593
0 1634 0.018440 0.855093 0.035671 0.186111
0 1642 0.290810 0.091667 0.033857 0.135185
0 1643 0.854293 0.639815 0.045949 0.168519
0 1646 0.042926 0.879167 0.053204 0.171296
0 1647 0.814389 0.407407 0.039903 0.148148
0 1650 0.574063 0.644444 0.052600 0.146296
0 1651 0.559553 0.609722 0.039299 0.147222
0 1652 0.600363 0.623148 0.037485 0.162963
0 1653 0.728537 0.656019 0.053204 0.149074
0 1654 0.272068 0.424537 0.038694 0.143519
0 1655 0.532950 0.490741 0.035671 0.138889
0 1656 0.516324 0.495833 0.064087 0.158333
0 1657 0.503023 0.482407 0.037485 0.146296
0 1658 0.413845 0.323148 0.036880 0.135185
0 1659 0.427449 0.350926 0.041112 0.144444
0 1660 0.475514 0.353704 0.032044 0.137037
0 1661 0.518138 0.368519 0.032648 0.150000
0 1662 0.444377 0.512500 0.041112 0.152778
0 1663 0.112455 0.843981 0.047158 0.128704
0 1664 0.316808 0.107407 0.036276 0.135185
0 1666 0.286880 0.497222 0.038089 0.153704
0 1667 0.462817 0.400926 0.028416 0.100000
0 1668 0.481862 0.410185 0.024184 0.114815
0 1669 0.704353 0.697222 0.049577 0.192593
0 1670 0.777207 0.045370 0.035671 0.088889
0 1942 0.005441 0.153241 0.009674 0.126852
