0 1167 0.590387 0.034259 0.034462 0.066667
0 1171 0.197098 0.014815 0.042322 0.027778
0 1207 0.734583 0.023148 0.037485 0.044444
0 1209 0.664752 0.028704 0.036880 0.055556
0 1214 0.707678 0.024537 0.036880 0.047222
0 1232 0.961004 0.412500 0.044135 0.154630
0 1326 0.005139 0.576852 0.009069 0.148148
0 1327 0.012999 0.553241 0.024788 0.137963
0 1328 0.072854 0.555556 0.040508 0.140741
0 1329 0.113059 0.527778 0.043531 0.153704
0 1330 0.091596 0.508796 0.035671 0.134259
0 1331 0.036276 0.143519 0.050786 0.137037
0 1332 0.062878 0.170370 0.027811 0.096296
0 1333 0.082830 0.168981 0.050786 0.137963
0 1334 0.129383 0.142130 0.036276 0.108333
0 1335 0.108222 0.072222 0.041112 0.129630
0 1336 0.139661 0.068056 0.031439 0.115741
0 1337 0.153567 0.034722 0.037485 0.067593
0 1338 0.194075 0.042130 0.037485 0.082407
0 1339 0.171705 0.308333 0.047158 0.142593
0 1340 0.162334 0.291204 0.039299 0.137963
0 1341 0.649335 0.355093 0.043531 0.165741
0 1342 0.372128 0.214352 0.036880 0.132407
0 1343 0.350967 0.194444 0.034462 0.127778
0 1344 0.371826 0.189815 0.033857 0.131481
0 1345 0.320738 0.197685 0.039299 0.134259
0 1346 0.359129 0.172222 0.038694 0.129630
0 1347 0.340689 0.154167 0.040508 0.132407
0 1348 0.396917 0.131944 0.032044 0.126852
0 1349 0.418380 0.131944 0.035067 0.126852
0 1350 0.444377 0.077778 0.037485 0.118519
0 1351 0.511185 0.225463 0.034462 0.110185
0 1352 0.498186 0.107870 0.047158 0.123148
0 1353 0.519952 0.198611 0.037485 0.134259
0 1354 0.553809 0.212037 0.041112 0.146296
0 1355 0.484885 0.073611 0.035067 0.117593
0 1356 0.559250 0.122222 0.037485 0.138889
0 1357 0.499395 0.057870 0.035067 0.113889
0 1358 0.518742 0.061111 0.032648 0.116667
0 1359 0.646312 0.250926 0.048368 0.131481
0 1360 0.611548 0.233333 0.048972 0.151852
0 1361 0.627872 0.174074 0.041717 0.157407
0 1362 0.655381 0.142593 0.039903 0.148148
0 1363 0.691354 0.146759 0.044135 0.152778
0 1364 0.614571 0.038426 0.029625 0.075000
0 1365 0.666264 0.039352 0.032648 0.076852
0 1366 0.692563 0.053241 0.029625 0.104630
0 1367 0.775998 0.287500 0.036880 0.132407
0 1368 0.769045 0.197685 0.031439 0.110185
0 1369 0.839782 0.321296 0.037485 0.140741
0 1370 0.978839 0.423611 0.036276 0.139815
0 1371 0.881197 0.344444 0.036880 0.135185
0 1372 0.860943 0.312037 0.033857 0.124074
0 1373 0.917775 0.315278 0.049577 0.145370
0 1374 0.955865 0.300000 0.051995 0.153704
0 1375 0.907497 0.291204 0.048368 0.137963
0 1376 0.976723 0.280556 0.039299 0.131481
0 1377 0.985187 0.054630 0.024788 0.075926
0 1378 0.959794 0.048148 0.036880 0.094444
0 1379 0.984885 0.244444 0.029021 0.137037
0 1380 0.989117 0.159722 0.021765 0.149074
0 1381 0.955260 0.271759 0.037485 0.132407
0 1382 0.933797 0.280556 0.039299 0.129630
0 1383 0.953748 0.212037 0.038089 0.122222
0 1384 0.927449 0.213426 0.033857 0.104630
0 1385 0.954655 0.197685 0.032648 0.128704
0 1386 0.053809 0.054167 0.041112 0.106481
0 1387 0.209190 0.135648 0.037485 0.137963
0 1388 0.421403 0.233796 0.045949 0.143519
0 1389 0.762394 0.127778 0.032648 0.120370
0 1390 0.924728 0.156019 0.029625 0.110185
0 1391 0.744256 0.185185 0.042322 0.146296
0 1392 0.902056 0.145833 0.027811 0.087963
0 1393 0.893289 0.156481 0.034462 0.105556
0 1394 0.636941 0.023148 0.029625 0.044444
0 1395 0.818017 0.210185 0.043531 0.140741
0 1396 0.717352 0.195370 0.029625 0.096296
0 1397 0.912334 0.183333 0.039903 0.140741
0 1398 0.680169 0.370370 0.042322 0.135185
0 1399 0.708585 0.369444 0.035067 0.129630
0 1400 0.738210 0.389352 0.039903 0.139815
0 1401 0.817110 0.321759 0.045345 0.176852
0 1402 0.719770 0.461574 0.044135 0.162037
0 1403 0.421100 0.599074 0.047763 0.170370
0 1404 0.775091 0.420833 0.038694 0.137963
0 1405 0.745466 0.451852 0.049577 0.140741
0 1406 0.784160 0.450000 0.048368 0.162963
0 1407 0.664148 0.575463 0.051391 0.145370
0 1408 0.876663 0.427315 0.042322 0.143519
0 1409 0.879686 0.385648 0.036276 0.137963
0 1410 0.571342 0.806019 0.051995 0.176852
0 1411 0.679565 0.431019 0.042322 0.149074
0 1412 0.741838 0.343056 0.039903 0.121296
0 1413 0.779323 0.346759 0.042322 0.139815
0 1414 0.645103 0.648148 0.043531 0.164815
0 1415 0.820435 0.514352 0.047158 0.171296
0 1416 0.943773 0.422685 0.047158 0.162037
0 1417 0.983676 0.383796 0.031439 0.134259
0 1419 0.983676 0.720833 0.031439 0.162037
0 1420 0.975514 0.474537 0.042926 0.147222
0 1424 0.785671 0.593981 0.044135 0.150926
0 1425 0.902056 0.610648 0.039903 0.154630
0 1429 0.907195 0.932407 0.052600 0.135185
0 1430 0.859129 0.929630 0.053204 0.140741
0 1434 0.086759 0.589815 0.039299 0.161111
0 1443 0.308948 0.513426 0.041112 0.160185
0 1444 0.308646 0.342130 0.041717 0.137963
0 1445 0.284160 0.351389 0.033857 0.141667
0 1446 0.611548 0.787963 0.039299 0.168519
0 1447 0.871826 0.552778 0.048368 0.162963
0 1452 0.596433 0.978704 0.036880 0.042593
0 1456 0.749698 0.597222 0.049577 0.157407
0 1461 0.530230 0.951389 0.038694 0.095370
0 1462 0.458283 0.976389 0.037485 0.047222
0 1473 0.957678 0.532870 0.049577 0.163889
0 1484 0.946796 0.493981 0.042322 0.154630
0 1486 0.782346 0.681481 0.043531 0.157407
0 1488 0.862152 0.594907 0.050786 0.165741
0 1489 0.781137 0.515278 0.056832 0.176852
0 1490 0.552297 0.479167 0.029625 0.126852
0 1491 0.597944 0.722685 0.051995 0.167593
0 1494 0.849758 0.427778 0.039299 0.146296
0 1495 0.845224 0.584722 0.042322 0.087963
0 1496 0.956167 0.409722 0.041717 0.143519
0 1501 0.276300 0.955093 0.043531 0.091667
0 1502 0.441052 0.940741 0.048972 0.118519
0 1510 0.514510 0.780556 0.049577 0.177778
0 1522 0.461608 0.836111 0.046554 0.162963
0 1531 0.574970 0.577315 0.039903 0.160185
0 1532 0.612152 0.591667 0.044135 0.151852
0 1549 0.349154 0.758796 0.044135 0.167593
0 1550 0.486699 0.513889 0.032648 0.140741
0 1551 0.515115 0.517593 0.043531 0.146296
0 1555 0.589178 0.485185 0.039299 0.137037
0 1556 0.566203 0.493981 0.029625 0.110185
0 1557 0.603386 0.562963 0.042322 0.151852
0 1565 0.526602 0.825926 0.041112 0.190741
0 1567 0.417170 0.410185 0.041112 0.135185
0 1568 0.637848 0.806481 0.048368 0.162963
0 1569 0.675937 0.814352 0.048368 0.158333
0 1570 0.474607 0.594907 0.044740 0.160185
0 1572 0.390568 0.334259 0.042322 0.151852
0 1573 0.500302 0.390278 0.032044 0.132407
0 1583 0.677751 0.715278 0.029021 0.125000
0 1584 0.662636 0.721759 0.047158 0.165741
0 1587 0.310459 0.831019 0.061064 0.173148
0 1588 0.253628 0.875000 0.041717 0.159259
0 1592 0.406288 0.697222 0.036276 0.162963
0 1593 0.427449 0.722685 0.049577 0.160185
0 1594 0.452539 0.690741 0.039299 0.157407
0 1595 0.385127 0.700926 0.037485 0.168519
0 1610 0.821040 0.625463 0.047158 0.154630
0 1615 0.833736 0.693519 0.055623 0.168519
0 1620 0.913241 0.545833 0.039299 0.145370
0 1621 0.844015 0.388889 0.036276 0.135185
0 1624 0.347642 0.096759 0.039903 0.139815
0 1625 0.074970 0.891667 0.061669 0.179630
0 1626 0.879988 0.732870 0.063482 0.154630
0 1629 0.928960 0.727315 0.056227 0.162037
0 1632 0.322854 0.091204 0.032648 0.117593
0 1633 0.315599 0.061574 0.032648 0.115741
0 1634 0.016626 0.865741 0.032044 0.181481
0 1642 0.290810 0.093056 0.032648 0.132407
0 1643 0.865478 0.667130 0.051391 0.165741
0 1646 0.016324 0.906944 0.031439 0.160185
0 1647 0.819226 0.431481 0.043531 0.146296
0 1650 0.572551 0.650000 0.055623 0.146296
0 1651 0.557739 0.621759 0.041717 0.162037
0 1652 0.595526 0.624074 0.037485 0.159259
0 1653 0.723700 0.659722 0.051995 0.141667
0 1654 0.270254 0.427778 0.036276 0.146296
0 1655 0.532044 0.500926 0.035067 0.135185
0 1656 0.515115 0.499074 0.067715 0.159259
0 1657 0.505139 0.484722 0.036880 0.143519
0 1658 0.415357 0.325000 0.036276 0.135185
0 1659 0.432285 0.353704 0.039903 0.142593
0 1660 0.477328 0.359722 0.029625 0.143519
0 1661 0.518138 0.370833 0.032648 0.149074
0 1662 0.444680 0.514815 0.041717 0.151852
0 1663 0.082527 0.871296 0.044135 0.135185
0 1664 0.318622 0.099537 0.035067 0.115741
0 1666 0.296554 0.501852 0.044135 0.151852
0 1667 0.462515 0.421759 0.037485 0.121296
0 1668 0.483071 0.410648 0.030230 0.115741
0 1669 0.706771 0.720833 0.047158 0.193519
0 1670 0.776904 0.048148 0.037485 0.094444
0 1942 0.005744 0.156481 0.010278 0.124074
