0 1328 0.014510 0.550000 0.027811 0.140741
0 1329 0.050484 0.529630 0.045345 0.153704
0 1330 0.036880 0.509259 0.037485 0.137037
0 1331 0.067412 0.081019 0.048972 0.134259
0 1332 0.102177 0.108796 0.032648 0.089815
0 1333 0.122430 0.104630 0.046554 0.140741
0 1334 0.157497 0.097685 0.032044 0.104630
0 1335 0.123942 0.037500 0.035067 0.073148
0 1336 0.175333 0.038889 0.036276 0.075926
0 1339 0.254837 0.255093 0.041717 0.137963
0 1340 0.246675 0.238889 0.037485 0.135185
0 1341 0.645103 0.298611 0.039903 0.160185
0 1342 0.298368 0.183796 0.032044 0.134259
0 1343 0.311971 0.163889 0.035067 0.125926
0 1344 0.305623 0.141204 0.032044 0.132407
0 1345 0.272672 0.137037 0.036276 0.129630
0 1346 0.433797 0.117593 0.036880 0.125926
0 1347 0.421403 0.095370 0.032648 0.137037
0 1348 0.461004 0.073148 0.032044 0.125926
0 1349 0.483071 0.067593 0.029021 0.122222
0 1351 0.552600 0.166667 0.035067 0.107407
0 1352 0.541717 0.067593 0.037485 0.124074
0 1353 0.532648 0.134722 0.033857 0.126852
0 1354 0.581620 0.136111 0.037485 0.146296
0 1355 0.522068 0.036574 0.032044 0.071296
0 1356 0.571342 0.077778 0.035067 0.135185
0 1359 0.646917 0.174074 0.045949 0.146296
0 1360 0.623337 0.155093 0.048368 0.158333
0 1361 0.610036 0.087963 0.038694 0.150000
0 1362 0.636638 0.073611 0.037485 0.143519
0 1363 0.667473 0.068981 0.038694 0.136111
0 1367 0.691657 0.229167 0.032648 0.139815
0 1368 0.732164 0.159722 0.033857 0.104630
0 1369 0.748489 0.240741 0.037485 0.124074
0 1370 0.971282 0.369907 0.041717 0.145370
0 1371 0.811669 0.252778 0.036880 0.120370
0 1372 0.785369 0.238426 0.030230 0.128704
0 1373 0.935006 0.289352 0.040508 0.132407
0 1374 0.946191 0.243519 0.050786 0.135185
0 1375 0.927146 0.269444 0.034462 0.137037
0 1376 0.975816 0.243981 0.035067 0.123148
0 1379 0.980351 0.199074 0.036880 0.137037
0 1380 0.987001 0.075000 0.024788 0.122222
0 1381 0.945284 0.212037 0.034462 0.120370
0 1382 0.925333 0.217593 0.032044 0.122222
0 1383 0.966747 0.147222 0.035067 0.129630
0 1384 0.936518 0.158333 0.035067 0.124074
0 1385 0.909915 0.153241 0.033857 0.112037
0 1387 0.207376 0.128704 0.039903 0.140741
0 1388 0.478537 0.177778 0.044135 0.148148
0 1389 0.754534 0.114815 0.032648 0.125926
0 1390 0.844015 0.131481 0.026602 0.118519
0 1391 0.707981 0.135648 0.037485 0.143519
0 1392 0.811971 0.102778 0.027811 0.092593
0 1393 0.861548 0.116204 0.031439 0.110185
0 1395 0.793229 0.167130 0.037485 0.143519
0 1396 0.686820 0.147685 0.029021 0.095370
0 1397 0.840992 0.148148 0.038694 0.135185
0 1398 0.669891 0.310185 0.039903 0.140741
0 1399 0.696191 0.305093 0.032044 0.132407
0 1400 0.699819 0.331481 0.039299 0.140741
0 1401 0.775091 0.248611 0.047158 0.158333
0 1402 0.675635 0.386574 0.044135 0.165741
0 1403 0.522068 0.531019 0.044135 0.160185
0 1404 0.737304 0.367130 0.035671 0.137963
0 1405 0.718863 0.395370 0.045949 0.151852
0 1406 0.760278 0.383333 0.046554 0.162963
0 1407 0.663543 0.466667 0.041717 0.146296
0 1408 0.860943 0.356944 0.037485 0.137963
0 1409 0.855200 0.328704 0.032044 0.135185
0 1410 0.596735 0.680093 0.049577 0.167593
0 1411 0.652358 0.358333 0.038694 0.137037
0 1412 0.738210 0.338889 0.037485 0.129630
0 1413 0.782950 0.330093 0.042322 0.137963
0 1414 0.665659 0.537037 0.041112 0.162963
0 1415 0.844619 0.422685 0.042322 0.160185
0 1416 0.931076 0.355093 0.039903 0.150926
0 1417 0.964631 0.322222 0.032044 0.131481
0 1418 0.987304 0.311574 0.024184 0.117593
0 1419 0.955260 0.575000 0.042322 0.157407
0 1420 0.957678 0.419907 0.043531 0.149074
0 1421 0.966445 0.693519 0.051391 0.168519
0 1424 0.778114 0.504167 0.044740 0.137963
0 1425 0.890568 0.537963 0.042322 0.164815
0 1426 0.964027 0.490278 0.045345 0.156481
0 1429 0.894196 0.803704 0.047158 0.168519
0 1430 0.851572 0.790278 0.052600 0.175000
0 1433 0.964631 0.778704 0.048972 0.187037
0 1434 0.124244 0.512500 0.039299 0.156481
0 1443 0.306227 0.509722 0.035671 0.152778
0 1444 0.345526 0.381019 0.046554 0.139815
0 1445 0.301693 0.378241 0.033857 0.145370
0 1446 0.626360 0.658333 0.042322 0.162963
0 1447 0.841596 0.473611 0.049577 0.149074
0 1448 0.700726 0.056019 0.037485 0.104630
0 1452 0.619710 0.910185 0.041112 0.170370
0 1453 0.834039 0.910648 0.061064 0.169444
0 1454 0.773881 0.913889 0.051995 0.159259
0 1456 0.743652 0.508333 0.047158 0.159259
0 1457 0.162334 0.958796 0.053809 0.084259
0 1461 0.409311 0.961111 0.041112 0.079630
0 1462 0.312273 0.961574 0.051391 0.078704
0 1463 0.282346 0.977315 0.035067 0.043519
0 1473 0.924123 0.477778 0.044135 0.170370
0 1478 0.624244 0.951389 0.057437 0.093519
0 1484 0.917473 0.431944 0.045345 0.152778
0 1486 0.759371 0.615278 0.044740 0.162037
0 1488 0.849456 0.525463 0.051995 0.160185
0 1489 0.799879 0.439352 0.054414 0.171296
0 1490 0.551391 0.470833 0.032648 0.126852
0 1491 0.647521 0.615741 0.044740 0.175926
0 1492 0.987908 0.421296 0.024184 0.135185
0 1494 0.839480 0.370370 0.036880 0.151852
0 1495 0.808948 0.504167 0.037485 0.082407
0 1496 0.947400 0.337037 0.039903 0.125926
0 1501 0.276300 0.950000 0.043531 0.101852
0 1502 0.438936 0.935648 0.048368 0.128704
0 1510 0.508767 0.775463 0.047763 0.182407
0 1522 0.460399 0.821296 0.044135 0.162963
0 1524 0.681378 0.936574 0.048368 0.125000
0 1526 0.705562 0.975463 0.042322 0.050926
0 1527 0.738815 0.965741 0.047158 0.068519
0 1531 0.575877 0.569444 0.039299 0.146296
0 1532 0.613362 0.586111 0.042926 0.155556
0 1549 0.348549 0.747222 0.047763 0.170370
0 1550 0.482467 0.502315 0.030230 0.136111
0 1551 0.526602 0.507870 0.039903 0.132407
0 1555 0.590689 0.488889 0.037485 0.151852
0 1556 0.584643 0.463426 0.027811 0.115741
0 1557 0.603083 0.556944 0.040508 0.154630
0 1565 0.522672 0.821296 0.046554 0.188889
0 1567 0.447098 0.409722 0.034462 0.132407
0 1568 0.599154 0.725000 0.042322 0.170370
0 1569 0.636638 0.730556 0.043531 0.161111
0 1570 0.438634 0.612963 0.039299 0.162963
0 1572 0.390871 0.326852 0.040508 0.150000
0 1573 0.498186 0.385648 0.030230 0.126852
0 1583 0.675635 0.655556 0.029625 0.125926
0 1584 0.659008 0.654630 0.043531 0.170370
0 1587 0.214631 0.827315 0.056832 0.176852
0 1588 0.178053 0.881481 0.044135 0.153704
0 1592 0.405079 0.688426 0.037485 0.154630
0 1593 0.431681 0.718056 0.047158 0.160185
0 1594 0.457981 0.683333 0.039299 0.168519
0 1595 0.381802 0.687500 0.041717 0.176852
0 1602 0.584039 0.920833 0.045949 0.160185
0 1603 0.545647 0.950926 0.051391 0.100000
0 1605 0.646312 0.904630 0.043531 0.151852
0 1607 0.977630 0.900463 0.043531 0.167593
0 1610 0.802600 0.549074 0.039299 0.146296
0 1615 0.809855 0.615278 0.046554 0.160185
0 1619 0.082830 0.872222 0.058041 0.177778
0 1620 0.884522 0.482870 0.042322 0.156481
0 1621 0.819528 0.329630 0.036880 0.131481
0 1624 0.348247 0.079630 0.038694 0.137037
0 1625 0.129081 0.806944 0.053809 0.178704
0 1626 0.866989 0.651389 0.045949 0.162037
0 1629 0.907497 0.641667 0.051995 0.159259
0 1632 0.320435 0.089815 0.027811 0.124074
0 1633 0.311366 0.060185 0.031439 0.118519
0 1634 0.019952 0.848148 0.038694 0.187037
0 1642 0.291112 0.087963 0.034462 0.137037
0 1643 0.839178 0.597222 0.045949 0.164815
0 1646 0.071947 0.818519 0.055623 0.159259
0 1647 0.811971 0.375926 0.041112 0.148148
0 1650 0.575574 0.637963 0.047158 0.146296
0 1651 0.553809 0.613889 0.036276 0.168519
0 1652 0.598549 0.612500 0.037485 0.163889
0 1653 0.735187 0.649074 0.054414 0.146296
0 1654 0.269649 0.419444 0.038694 0.146296
0 1655 0.530230 0.484259 0.036276 0.140741
0 1656 0.518138 0.489352 0.056832 0.154630
0 1657 0.492140 0.479630 0.037485 0.146296
0 1658 0.412031 0.322222 0.036880 0.135185
0 1659 0.427751 0.343056 0.040508 0.141667
0 1660 0.473700 0.347685 0.032044 0.134259
0 1661 0.517836 0.366204 0.033253 0.150926
0 1662 0.444377 0.510648 0.041112 0.154630
0 1663 0.145405 0.790741 0.039299 0.129630
0 1664 0.316203 0.104167 0.036276 0.130556
0 1666 0.284764 0.502778 0.036276 0.140741
0 1667 0.466445 0.389352 0.027207 0.099074
0 1668 0.482467 0.404630 0.024184 0.112963
0 1669 0.697703 0.665278 0.049577 0.187963
0 1670 0.778114 0.041667 0.032648 0.081481
0 1942 0.005441 0.148148 0.009674 0.131481
