0 1329 0.013906 0.533333 0.026602 0.153704
0 1330 0.008767 0.516204 0.016324 0.137963
0 1331 0.093108 0.056019 0.043531 0.110185
0 1332 0.112152 0.068056 0.029625 0.089815
0 1333 0.139661 0.070833 0.044740 0.134259
0 1334 0.169891 0.067130 0.032648 0.104630
0 1339 0.310459 0.226852 0.041717 0.137037
0 1340 0.298368 0.210185 0.036880 0.140741
0 1341 0.633615 0.265278 0.039903 0.160185
0 1342 0.277509 0.155093 0.035067 0.134259
0 1343 0.288392 0.137037 0.035067 0.125926
0 1344 0.272068 0.108796 0.032648 0.132407
0 1345 0.246372 0.117593 0.036880 0.129630
0 1346 0.473398 0.077778 0.037485 0.125926
0 1347 0.460097 0.061111 0.032648 0.120370
0 1348 0.507860 0.048611 0.027811 0.095370
0 1349 0.527811 0.048611 0.030230 0.095370
0 1351 0.556227 0.120370 0.035067 0.107407
0 1352 0.556227 0.045370 0.037485 0.088889
0 1353 0.543531 0.101389 0.033857 0.121296
0 1354 0.576481 0.087963 0.036880 0.140741
0 1359 0.646614 0.133796 0.044135 0.132407
0 1360 0.618501 0.110648 0.048368 0.154630
0 1362 0.625151 0.050463 0.037485 0.099074
0 1363 0.658102 0.046759 0.036880 0.091667
0 1367 0.641778 0.194907 0.033253 0.139815
0 1368 0.704655 0.133333 0.032044 0.103704
0 1369 0.698307 0.202778 0.033857 0.129630
0 1370 0.966747 0.341204 0.042322 0.149074
0 1371 0.750907 0.197685 0.033857 0.121296
0 1372 0.717654 0.194907 0.039903 0.123148
0 1373 0.950121 0.262500 0.039299 0.132407
0 1374 0.940145 0.212963 0.050786 0.135185
0 1375 0.930472 0.243519 0.035067 0.137037
0 1376 0.968561 0.208796 0.035067 0.123148
0 1379 0.982467 0.170370 0.032648 0.137037
0 1380 0.980048 0.052778 0.038694 0.103704
0 1381 0.938331 0.183796 0.035067 0.121296
0 1382 0.907497 0.189352 0.037485 0.132407
0 1383 0.966747 0.109259 0.035067 0.135185
0 1384 0.940145 0.112500 0.039903 0.130556
0 1385 0.871524 0.142130 0.032044 0.119444
0 1387 0.207376 0.125926 0.039903 0.140741
0 1388 0.510883 0.147685 0.044740 0.145370
0 1389 0.749093 0.106019 0.032648 0.128704
0 1390 0.790810 0.114815 0.027811 0.118519
0 1391 0.686820 0.102778 0.037485 0.140741
0 1392 0.772672 0.093056 0.027811 0.093519
0 1393 0.805018 0.094444 0.032044 0.096296
0 1395 0.752721 0.146296 0.032648 0.138889
0 1396 0.663241 0.120370 0.029021 0.094444
0 1397 0.796856 0.125926 0.037485 0.135185
0 1398 0.661125 0.279630 0.039299 0.140741
0 1399 0.684099 0.269907 0.032044 0.132407
0 1400 0.688634 0.296296 0.039903 0.140741
0 1401 0.742140 0.212037 0.042926 0.170370
0 1402 0.636336 0.341667 0.044135 0.159259
0 1403 0.589480 0.509259 0.041112 0.159259
0 1404 0.708283 0.334259 0.039299 0.137037
0 1405 0.699516 0.368981 0.043531 0.154630
0 1406 0.740024 0.351389 0.042322 0.162037
0 1407 0.662031 0.414352 0.039903 0.150926
0 1408 0.847944 0.318056 0.036880 0.137963
0 1409 0.830109 0.298148 0.032648 0.135185
0 1410 0.624547 0.635648 0.044740 0.167593
0 1411 0.641475 0.329167 0.037485 0.139815
0 1412 0.734885 0.319444 0.036880 0.129630
0 1413 0.772975 0.315278 0.041717 0.137963
0 1414 0.670496 0.475000 0.042322 0.162963
0 1415 0.853688 0.376389 0.042322 0.160185
0 1416 0.928053 0.319907 0.039903 0.150926
0 1417 0.969166 0.296296 0.031439 0.131481
0 1418 0.987001 0.273611 0.024788 0.117593
0 1419 0.953144 0.501389 0.041717 0.150926
0 1420 0.944982 0.385648 0.043531 0.149074
0 1421 0.937424 0.633796 0.053809 0.165741
0 1422 0.979746 0.626389 0.035671 0.139815
0 1424 0.768440 0.465278 0.043531 0.149074
0 1425 0.882709 0.500463 0.042322 0.165741
0 1426 0.953446 0.445833 0.042322 0.156481
0 1427 0.040508 0.384259 0.054414 0.148148
0 1428 0.016022 0.434259 0.030834 0.153704
0 1429 0.877267 0.707407 0.044740 0.153704
0 1430 0.840387 0.726852 0.051995 0.179630
0 1432 0.694680 0.064352 0.038694 0.117593
0 1433 0.927146 0.708796 0.046554 0.176852
0 1434 0.127872 0.453704 0.039299 0.157407
0 1443 0.307739 0.506944 0.035067 0.150926
0 1444 0.348851 0.392130 0.043531 0.134259
0 1445 0.310762 0.392130 0.033857 0.145370
0 1446 0.649335 0.590741 0.042322 0.162963
0 1447 0.816808 0.437963 0.049577 0.157407
0 1448 0.714027 0.092593 0.033857 0.116667
0 1450 0.965236 0.717130 0.036880 0.154630
0 1452 0.628174 0.840278 0.039903 0.171296
0 1453 0.815296 0.826389 0.052600 0.187963
0 1454 0.766022 0.829630 0.049577 0.170370
0 1455 0.786578 0.954167 0.060459 0.089815
0 1456 0.741536 0.458333 0.044135 0.151852
0 1457 0.137243 0.956481 0.061669 0.087037
0 1461 0.322249 0.959259 0.043531 0.083333
0 1462 0.234583 0.950926 0.050786 0.098148
0 1463 0.208283 0.970370 0.041717 0.061111
0 1470 0.056530 0.950463 0.052600 0.100926
0 1473 0.910218 0.441204 0.044135 0.171296
0 1478 0.626965 0.913889 0.055623 0.159259
0 1479 0.601874 0.944444 0.058646 0.112963
0 1484 0.907195 0.395833 0.039299 0.150926
0 1486 0.740629 0.571759 0.044740 0.162037
0 1488 0.844619 0.482870 0.051995 0.160185
0 1489 0.821342 0.400463 0.051391 0.171296
0 1490 0.562878 0.467130 0.031439 0.126852
0 1491 0.672914 0.544907 0.048368 0.176852
0 1492 0.985490 0.382407 0.027811 0.142593
0 1494 0.819831 0.334722 0.036276 0.150926
0 1495 0.785671 0.457870 0.036880 0.082407
0 1496 0.953748 0.308796 0.039299 0.121296
0 1501 0.276300 0.946759 0.043531 0.108333
0 1502 0.440145 0.934722 0.048368 0.128704
0 1510 0.506348 0.779630 0.046554 0.179630
0 1522 0.460097 0.822222 0.043531 0.162963
0 1523 0.674728 0.965278 0.036276 0.071296
0 1524 0.678658 0.890278 0.050181 0.156481
0 1525 0.643894 0.952778 0.041112 0.096296
0 1526 0.702539 0.947222 0.049577 0.107407
0 1527 0.733676 0.934259 0.048972 0.133333
0 1531 0.579807 0.567593 0.039903 0.146296
0 1532 0.614268 0.582870 0.042322 0.158333
0 1549 0.351270 0.746759 0.047158 0.171296
0 1550 0.479444 0.494907 0.029021 0.132407
0 1551 0.513301 0.501389 0.039903 0.136111
0 1553 0.453446 0.968981 0.042322 0.062037
0 1555 0.591294 0.490278 0.038694 0.154630
0 1556 0.585852 0.457870 0.027811 0.115741
0 1557 0.602781 0.553241 0.039903 0.156481
0 1565 0.521161 0.819907 0.047158 0.189815
0 1567 0.464933 0.412500 0.035067 0.132407
0 1568 0.558948 0.679630 0.041717 0.168519
0 1569 0.591294 0.695370 0.043531 0.159259
0 1570 0.398730 0.618981 0.036880 0.162037
0 1572 0.389964 0.326852 0.038694 0.148148
0 1573 0.502721 0.388426 0.029625 0.126852
0 1583 0.677751 0.618519 0.029021 0.129630
0 1584 0.664450 0.623611 0.039903 0.165741
0 1587 0.174426 0.851852 0.056227 0.170370
0 1588 0.125756 0.887500 0.043531 0.173148
0 1592 0.405079 0.691204 0.037485 0.154630
0 1593 0.430169 0.711111 0.046554 0.164815
0 1594 0.447703 0.669444 0.039299 0.168519
0 1595 0.387545 0.665278 0.044740 0.175000
0 1598 0.017836 0.955093 0.034462 0.091667
0 1599 0.836457 0.945833 0.063482 0.106481
0 1601 0.981258 0.667130 0.032648 0.162037
0 1602 0.605804 0.857407 0.045949 0.170370
0 1603 0.564389 0.914352 0.053809 0.169444
0 1605 0.655381 0.832407 0.043531 0.157407
0 1607 0.938331 0.836111 0.051995 0.164815
0 1608 0.980351 0.820833 0.038089 0.165741
0 1610 0.798972 0.512963 0.039299 0.146296
0 1615 0.795042 0.579630 0.050786 0.159259
0 1619 0.109129 0.812500 0.058646 0.191667
0 1620 0.871826 0.442593 0.042322 0.148148
0 1621 0.801693 0.290278 0.035067 0.132407
0 1624 0.348851 0.068981 0.037485 0.134259
0 1625 0.131197 0.738889 0.062878 0.168519
0 1626 0.859432 0.602778 0.044135 0.162963
0 1629 0.902660 0.590278 0.048368 0.152778
0 1632 0.320435 0.089815 0.027811 0.124074
0 1633 0.311366 0.060648 0.031439 0.119444
0 1634 0.020556 0.847685 0.039903 0.187963
0 1636 0.002116 0.806019 0.003023 0.171296
0 1642 0.291415 0.084722 0.033857 0.136111
0 1643 0.828900 0.553704 0.045949 0.162963
0 1646 0.062273 0.769907 0.060459 0.156481
0 1647 0.811971 0.345370 0.043531 0.148148
0 1650 0.573761 0.637963 0.047158 0.146296
0 1651 0.559553 0.600000 0.034462 0.150000
0 1652 0.597340 0.607870 0.036276 0.158333
0 1653 0.736094 0.650000 0.052600 0.148148
0 1654 0.266022 0.416667 0.039903 0.146296
0 1655 0.524788 0.482407 0.036276 0.140741
0 1656 0.520556 0.482870 0.048368 0.152778
0 1657 0.490931 0.482407 0.035067 0.135185
0 1658 0.410218 0.320370 0.036880 0.135185
0 1659 0.428356 0.338889 0.038089 0.138889
0 1660 0.474607 0.347222 0.032648 0.135185
0 1661 0.517231 0.364352 0.034462 0.150926
0 1662 0.444075 0.507870 0.040508 0.156481
0 1663 0.155381 0.728241 0.035067 0.137963
0 1664 0.316203 0.098611 0.036276 0.121296
0 1666 0.288996 0.497685 0.036276 0.150926
0 1667 0.468561 0.385185 0.027811 0.100000
0 1668 0.486094 0.402315 0.025393 0.115741
0 1669 0.692563 0.623611 0.048972 0.187963
0 1670 0.779625 0.040278 0.032044 0.078704
0 1942 0.005441 0.146759 0.009674 0.132407
