0 1331 0.132406 0.026852 0.035067 0.051852
0 1333 0.167170 0.038889 0.044135 0.075926
0 1339 0.393591 0.157870 0.041112 0.126852
0 1340 0.380593 0.153241 0.034462 0.134259
0 1341 0.617896 0.204167 0.039903 0.160185
0 1342 0.249093 0.093519 0.033857 0.135185
0 1343 0.250000 0.068056 0.034462 0.119444
0 1344 0.246675 0.051389 0.032648 0.100926
0 1345 0.211608 0.071296 0.037485 0.125926
0 1351 0.573458 0.065278 0.034462 0.104630
0 1353 0.564087 0.055093 0.035067 0.108333
0 1360 0.613664 0.061574 0.049577 0.121296
0 1367 0.563785 0.134259 0.039299 0.133333
0 1368 0.670798 0.086574 0.027207 0.104630
0 1369 0.606106 0.146759 0.033253 0.117593
0 1370 0.981862 0.294444 0.035067 0.151852
0 1371 0.643894 0.130093 0.031439 0.115741
0 1372 0.624547 0.136111 0.032648 0.124074
0 1373 0.954958 0.208333 0.044135 0.131481
0 1374 0.927146 0.165741 0.051391 0.135185
0 1375 0.922612 0.198611 0.039903 0.137963
0 1376 0.970677 0.154167 0.032044 0.123148
0 1381 0.954958 0.150000 0.035671 0.120370
0 1382 0.908404 0.133796 0.036880 0.134259
0 1383 0.972189 0.055093 0.035067 0.106481
0 1384 0.941052 0.048148 0.036880 0.094444
0 1385 0.798670 0.105093 0.033857 0.126852
0 1387 0.208585 0.118056 0.039903 0.134259
0 1388 0.565296 0.101852 0.044740 0.135185
0 1389 0.721584 0.062500 0.032044 0.123148
0 1390 0.745768 0.077778 0.027207 0.118519
0 1391 0.659613 0.068981 0.037485 0.134259
0 1392 0.741233 0.081019 0.027811 0.093519
0 1393 0.747582 0.077778 0.032044 0.096296
0 1395 0.674426 0.105093 0.034462 0.134259
0 1396 0.639057 0.070370 0.027811 0.090741
0 1397 0.742140 0.090741 0.036880 0.135185
0 1398 0.642382 0.222222 0.036880 0.140741
0 1399 0.665357 0.222685 0.032044 0.132407
0 1400 0.672914 0.233333 0.039903 0.140741
0 1401 0.675937 0.145370 0.047158 0.153704
0 1402 0.594015 0.268981 0.041717 0.152778
0 1403 0.642684 0.434722 0.043531 0.154630
0 1404 0.693168 0.279167 0.039299 0.137963
0 1405 0.672914 0.310185 0.044740 0.157407
0 1406 0.712817 0.293056 0.041112 0.162037
0 1407 0.663241 0.337500 0.038694 0.139815
0 1408 0.813482 0.265741 0.039299 0.137037
0 1409 0.792624 0.239815 0.032648 0.129630
0 1410 0.653567 0.547222 0.044740 0.159259
0 1411 0.635127 0.307870 0.036880 0.137963
0 1412 0.731560 0.268056 0.037485 0.126852
0 1413 0.760580 0.268981 0.042322 0.137963
0 1414 0.690750 0.357870 0.039299 0.149074
0 1415 0.857920 0.292130 0.039903 0.150926
0 1416 0.931983 0.274537 0.039299 0.154630
0 1417 0.960701 0.248148 0.032648 0.131481
0 1418 0.987001 0.224537 0.024788 0.117593
0 1419 0.961004 0.397222 0.041717 0.151852
0 1420 0.936820 0.333796 0.044135 0.149074
0 1421 0.905683 0.556019 0.054414 0.162037
0 1422 0.953144 0.543056 0.039299 0.154630
0 1424 0.762394 0.399074 0.043531 0.135185
0 1425 0.867896 0.425926 0.039299 0.157407
0 1426 0.931076 0.382407 0.041112 0.148148
0 1427 0.159915 0.298148 0.047763 0.142593
0 1428 0.146917 0.339352 0.049577 0.143519
0 1429 0.838875 0.584722 0.036880 0.154630
0 1430 0.807739 0.602778 0.051995 0.179630
0 1431 0.695889 0.072685 0.032648 0.115741
0 1432 0.708585 0.120370 0.038694 0.124074
0 1433 0.852479 0.607407 0.041112 0.159259
0 1434 0.119105 0.390278 0.038694 0.149074
0 1439 0.020556 0.555093 0.039903 0.176852
0 1443 0.319226 0.473611 0.038694 0.149074
0 1444 0.314389 0.360648 0.038694 0.134259
0 1445 0.308041 0.395370 0.034462 0.146296
0 1446 0.688029 0.472685 0.043531 0.150926
0 1447 0.777811 0.370833 0.048972 0.162037
0 1448 0.708585 0.140278 0.033857 0.121296
0 1450 0.883918 0.619444 0.038694 0.161111
0 1451 0.915961 0.631019 0.037485 0.156481
0 1452 0.647521 0.729167 0.039903 0.171296
0 1453 0.808948 0.685185 0.050786 0.175926
0 1454 0.765115 0.695833 0.046554 0.156481
0 1455 0.773277 0.841204 0.051995 0.165741
0 1456 0.731258 0.395833 0.041717 0.150926
0 1457 0.096131 0.961574 0.054414 0.078704
0 1461 0.226119 0.943981 0.043531 0.113889
0 1462 0.150544 0.933796 0.051995 0.134259
0 1463 0.157195 0.954630 0.050786 0.090741
0 1469 0.040508 0.973148 0.033857 0.055556
0 1470 0.155985 0.905093 0.055623 0.167593
0 1473 0.895405 0.380093 0.042322 0.156481
0 1476 0.392080 0.981481 0.033253 0.038889
0 1477 0.457074 0.972222 0.039903 0.057407
0 1478 0.632709 0.815278 0.045345 0.173148
0 1479 0.611245 0.866667 0.058041 0.170370
0 1484 0.892382 0.339815 0.035067 0.151852
0 1486 0.725212 0.498611 0.041717 0.162037
0 1488 0.830109 0.414352 0.051995 0.160185
0 1489 0.848247 0.336574 0.047158 0.171296
0 1490 0.572249 0.468056 0.032044 0.126852
0 1491 0.680472 0.422685 0.045345 0.158333
0 1492 0.981258 0.340741 0.036276 0.142593
0 1493 0.982164 0.402778 0.033253 0.148148
0 1494 0.791717 0.278241 0.035671 0.150926
0 1495 0.755744 0.393056 0.037485 0.082407
0 1496 0.952842 0.263426 0.039903 0.121296
0 1501 0.276300 0.946759 0.043531 0.108333
0 1502 0.442563 0.933333 0.048368 0.129630
0 1510 0.507557 0.782407 0.046554 0.181481
0 1522 0.461306 0.821296 0.044740 0.162963
0 1523 0.655985 0.925463 0.038694 0.147222
0 1524 0.679262 0.801389 0.051391 0.167593
0 1525 0.636941 0.892593 0.046554 0.155556
0 1526 0.694075 0.881481 0.054414 0.162963
0 1527 0.726119 0.864815 0.048368 0.172222
0 1531 0.578597 0.564815 0.039903 0.146296
0 1532 0.616989 0.581944 0.041717 0.160185
0 1549 0.352479 0.750463 0.044740 0.171296
0 1550 0.487908 0.494907 0.033857 0.132407
0 1551 0.515719 0.499074 0.039903 0.138889
0 1552 0.709794 0.080556 0.030230 0.114815
0 1553 0.548368 0.931944 0.056832 0.137963
0 1554 0.405079 0.959722 0.033857 0.082407
0 1555 0.592805 0.490278 0.041717 0.154630
0 1556 0.593108 0.457870 0.027811 0.115741
0 1557 0.605200 0.557870 0.039903 0.156481
0 1558 0.525998 0.964815 0.050786 0.072222
0 1559 0.444377 0.979630 0.032648 0.042593
0 1562 0.862152 0.866204 0.051995 0.154630
0 1563 0.847642 0.893519 0.066505 0.164815
0 1565 0.522370 0.823611 0.047158 0.186111
0 1566 0.038392 0.986111 0.032044 0.029630
0 1567 0.481258 0.418056 0.035067 0.132407
0 1568 0.507255 0.618519 0.042322 0.157407
0 1569 0.535067 0.643981 0.041112 0.156481
0 1570 0.338573 0.603241 0.039903 0.162037
0 1572 0.393289 0.328704 0.041717 0.148148
0 1573 0.504534 0.385648 0.029625 0.126852
0 1574 0.497884 0.945833 0.044135 0.110185
0 1583 0.683495 0.584259 0.032044 0.125926
0 1584 0.665961 0.579167 0.039299 0.163889
0 1587 0.154474 0.847685 0.052600 0.167593
0 1588 0.103386 0.889352 0.041112 0.165741
0 1592 0.427146 0.679167 0.041717 0.160185
0 1593 0.457074 0.683796 0.050786 0.162037
0 1594 0.425635 0.640741 0.044740 0.168519
0 1595 0.403265 0.651852 0.047158 0.166667
0 1596 0.034160 0.918056 0.050181 0.163889
0 1597 0.042926 0.939815 0.041112 0.122222
0 1598 0.109432 0.921296 0.044740 0.146296
0 1599 0.813482 0.828704 0.055018 0.181481
0 1601 0.912031 0.576852 0.039299 0.155556
0 1602 0.647219 0.751852 0.044135 0.170370
0 1603 0.583434 0.801389 0.056832 0.175000
0 1604 0.942563 0.612037 0.032648 0.103704
0 1605 0.676542 0.727315 0.039903 0.156481
0 1606 0.979444 0.970370 0.039903 0.059259
0 1607 0.853688 0.715278 0.055623 0.160185
0 1608 0.917170 0.718519 0.055623 0.175926
0 1610 0.795949 0.454167 0.035671 0.145370
0 1615 0.774486 0.498611 0.053204 0.158333
0 1619 0.130895 0.723611 0.057437 0.173148
0 1620 0.838573 0.375000 0.042322 0.148148
0 1621 0.765417 0.240278 0.035067 0.132407
0 1624 0.349758 0.071759 0.036880 0.134259
0 1625 0.113059 0.687963 0.045949 0.175926
0 1626 0.859129 0.513889 0.043531 0.162963
0 1628 0.980653 0.534722 0.036276 0.162037
0 1629 0.897823 0.498611 0.051995 0.149074
0 1632 0.321947 0.089352 0.027207 0.125000
0 1633 0.311669 0.061111 0.032044 0.118519
0 1634 0.020859 0.851389 0.040508 0.187963
0 1642 0.295647 0.088426 0.033857 0.132407
0 1643 0.818017 0.485185 0.047158 0.162963
0 1646 0.068924 0.712963 0.054414 0.162963
0 1647 0.784160 0.295833 0.038694 0.149074
0 1650 0.573458 0.643519 0.046554 0.146296
0 1651 0.561064 0.609722 0.035067 0.171296
0 1652 0.600967 0.613426 0.035067 0.162037
0 1653 0.738815 0.644907 0.047158 0.158333
0 1654 0.272370 0.413889 0.036880 0.146296
0 1655 0.530834 0.462037 0.031439 0.140741
0 1656 0.529927 0.469444 0.041717 0.151852
0 1657 0.495768 0.482870 0.033857 0.137963
0 1658 0.409613 0.320370 0.036880 0.135185
0 1659 0.430472 0.341667 0.036276 0.140741
0 1660 0.475212 0.347222 0.032648 0.135185
0 1661 0.516929 0.364815 0.035067 0.151852
0 1662 0.444075 0.512500 0.039299 0.156481
0 1663 0.161125 0.631019 0.033253 0.137963
0 1664 0.316505 0.097222 0.036880 0.120370
0 1666 0.334039 0.433796 0.041717 0.152778
0 1667 0.470375 0.385648 0.027811 0.099074
0 1668 0.493349 0.401389 0.025393 0.115741
0 1669 0.720073 0.555556 0.044740 0.187037
0 1670 0.782346 0.039815 0.032648 0.077778
0 1942 0.006046 0.144907 0.010883 0.132407
