0 1331 0.133918 0.025926 0.034462 0.050000
0 1333 0.168984 0.037500 0.044135 0.073148
0 1339 0.396614 0.154167 0.041112 0.126852
0 1340 0.384825 0.149537 0.034462 0.134259
0 1341 0.617291 0.201389 0.039903 0.160185
0 1342 0.246675 0.091667 0.033857 0.135185
0 1343 0.247582 0.063889 0.034462 0.118519
0 1344 0.246070 0.048148 0.032648 0.094444
0 1345 0.209190 0.068519 0.037485 0.124074
0 1351 0.575272 0.062963 0.034462 0.103704
0 1353 0.566505 0.053704 0.035067 0.105556
0 1367 0.560459 0.130556 0.038694 0.135185
0 1368 0.671403 0.082870 0.027207 0.104630
0 1369 0.600665 0.143056 0.035671 0.117593
0 1370 0.982467 0.291667 0.033857 0.151852
0 1371 0.639661 0.127315 0.031439 0.115741
0 1372 0.619710 0.133333 0.032648 0.124074
0 1373 0.955260 0.205556 0.044740 0.131481
0 1374 0.927146 0.162963 0.051391 0.135185
0 1375 0.922007 0.196759 0.039903 0.137963
0 1376 0.970375 0.152315 0.032648 0.123148
0 1381 0.957074 0.149074 0.035067 0.120370
0 1382 0.909613 0.131019 0.036880 0.134259
0 1383 0.972793 0.052778 0.035067 0.103704
0 1384 0.941959 0.046759 0.036276 0.091667
0 1385 0.795647 0.102778 0.033857 0.127778
0 1387 0.209794 0.115278 0.039903 0.134259
0 1388 0.567110 0.099074 0.044740 0.135185
0 1389 0.720979 0.061574 0.032044 0.121296
0 1390 0.743954 0.075926 0.027207 0.118519
0 1391 0.658404 0.068056 0.037485 0.132407
0 1392 0.740024 0.081019 0.027811 0.093519
0 1393 0.745163 0.076852 0.032044 0.096296
0 1395 0.670798 0.102315 0.034462 0.134259
0 1396 0.639057 0.068519 0.027811 0.090741
0 1397 0.740326 0.088889 0.036880 0.135185
0 1398 0.642080 0.219444 0.036276 0.140741
0 1399 0.664148 0.220833 0.032044 0.132407
0 1400 0.672310 0.230556 0.039903 0.140741
0 1401 0.671705 0.142593 0.047158 0.153704
0 1402 0.595224 0.266667 0.040508 0.151852
0 1403 0.641778 0.430093 0.044135 0.154630
0 1404 0.693168 0.276389 0.039299 0.137963
0 1405 0.672310 0.306481 0.044740 0.157407
0 1406 0.712515 0.290278 0.040508 0.162037
0 1407 0.664148 0.333796 0.039299 0.139815
0 1408 0.811669 0.261574 0.039299 0.136111
0 1409 0.790508 0.236574 0.032044 0.128704
0 1410 0.652660 0.541204 0.045345 0.160185
0 1411 0.634220 0.304630 0.037485 0.137037
0 1412 0.731560 0.265278 0.037485 0.126852
0 1413 0.759976 0.267130 0.042322 0.137963
0 1414 0.692261 0.351852 0.038694 0.148148
0 1415 0.856711 0.289352 0.039903 0.150926
0 1416 0.932588 0.271759 0.039299 0.154630
0 1417 0.960701 0.245370 0.032648 0.131481
0 1418 0.987001 0.222685 0.024788 0.117593
0 1419 0.961608 0.391667 0.040508 0.151852
0 1420 0.936820 0.331019 0.044135 0.149074
0 1421 0.905079 0.552315 0.054414 0.162037
0 1422 0.951330 0.539352 0.039299 0.154630
0 1424 0.762394 0.396296 0.043531 0.135185
0 1425 0.867896 0.422222 0.039299 0.157407
0 1426 0.930472 0.378704 0.041112 0.148148
0 1427 0.166566 0.293519 0.046554 0.142593
0 1428 0.154776 0.335648 0.049577 0.143519
0 1429 0.837062 0.579167 0.036880 0.154630
0 1430 0.804716 0.597222 0.051995 0.179630
0 1431 0.697703 0.073611 0.032648 0.115741
0 1432 0.707981 0.124074 0.038694 0.124074
0 1433 0.848851 0.604630 0.041112 0.159259
0 1434 0.119105 0.387500 0.038694 0.149074
0 1439 0.023579 0.548148 0.045949 0.175926
0 1443 0.319831 0.468056 0.038694 0.149074
0 1444 0.312576 0.358796 0.038694 0.134259
0 1445 0.306227 0.393519 0.034462 0.146296
0 1446 0.690447 0.466204 0.043531 0.149074
0 1447 0.775998 0.367593 0.048972 0.162963
0 1448 0.708585 0.145833 0.033857 0.121296
0 1450 0.879686 0.613426 0.038694 0.162037
0 1451 0.911125 0.626852 0.037485 0.157407
0 1452 0.648730 0.723611 0.039903 0.171296
0 1453 0.808646 0.677778 0.050181 0.175926
0 1454 0.765719 0.690278 0.046554 0.156481
0 1455 0.772672 0.834259 0.051995 0.168519
0 1456 0.731258 0.393056 0.041717 0.150926
0 1457 0.094921 0.962037 0.054414 0.077778
0 1461 0.224305 0.942593 0.043531 0.116667
0 1462 0.146917 0.933796 0.051995 0.134259
0 1463 0.155079 0.954630 0.051391 0.090741
0 1469 0.047158 0.970833 0.033857 0.060185
0 1470 0.163241 0.901389 0.058041 0.167593
0 1473 0.895103 0.378241 0.042926 0.156481
0 1476 0.396010 0.980556 0.033857 0.040741
0 1477 0.462213 0.969907 0.040508 0.062037
0 1478 0.633011 0.810648 0.044740 0.173148
0 1479 0.612455 0.859259 0.058041 0.168519
0 1484 0.891778 0.336111 0.035067 0.151852
0 1486 0.725212 0.495833 0.041717 0.162037
0 1488 0.828900 0.409722 0.051995 0.160185
0 1489 0.848851 0.333796 0.047158 0.171296
0 1490 0.572249 0.468056 0.032044 0.126852
0 1491 0.681681 0.416667 0.044135 0.153704
0 1492 0.981560 0.338889 0.035671 0.142593
0 1493 0.982164 0.399537 0.033253 0.149074
0 1494 0.789601 0.275463 0.035067 0.150926
0 1495 0.754232 0.389352 0.036880 0.082407
0 1496 0.954353 0.260648 0.039299 0.121296
0 1501 0.276300 0.946759 0.043531 0.108333
0 1502 0.442866 0.933333 0.048972 0.129630
0 1510 0.507860 0.782407 0.047158 0.181481
0 1522 0.461306 0.821296 0.044740 0.162963
0 1523 0.655985 0.923148 0.038694 0.151852
0 1524 0.679262 0.797685 0.051391 0.167593
0 1525 0.637848 0.887963 0.047158 0.155556
0 1526 0.693470 0.876389 0.054414 0.163889
0 1527 0.724909 0.859722 0.048368 0.171296
0 1531 0.578597 0.564815 0.039903 0.146296
0 1532 0.616989 0.581944 0.041717 0.160185
0 1549 0.353688 0.751852 0.044740 0.170370
0 1550 0.488210 0.494907 0.034462 0.132407
0 1551 0.516324 0.498611 0.039903 0.137963
0 1552 0.709190 0.082407 0.030230 0.114815
0 1553 0.552297 0.930093 0.056227 0.141667
0 1554 0.411125 0.959259 0.033857 0.083333
0 1555 0.593108 0.490278 0.042322 0.154630
0 1556 0.593712 0.457870 0.027811 0.115741
0 1557 0.605200 0.557870 0.039903 0.156481
0 1558 0.531741 0.962963 0.052600 0.075926
0 1559 0.450121 0.978241 0.033253 0.045370
0 1562 0.854897 0.867130 0.051995 0.154630
0 1563 0.839782 0.893519 0.066505 0.164815
0 1565 0.523277 0.823148 0.046554 0.187037
0 1566 0.037183 0.984722 0.033253 0.030556
0 1567 0.482164 0.418056 0.034462 0.132407
0 1568 0.503628 0.616667 0.042322 0.157407
0 1569 0.531439 0.641204 0.041112 0.156481
0 1570 0.336155 0.602315 0.039903 0.162037
0 1572 0.393289 0.328704 0.041717 0.148148
0 1573 0.505139 0.385648 0.029625 0.126852
0 1574 0.503023 0.944444 0.045949 0.112963
0 1583 0.683495 0.581944 0.033253 0.125000
0 1584 0.664752 0.574074 0.039299 0.162963
0 1587 0.152963 0.846296 0.050786 0.168519
0 1588 0.100363 0.886574 0.041112 0.165741
0 1592 0.428960 0.678704 0.041717 0.161111
0 1593 0.457376 0.682407 0.050181 0.161111
0 1594 0.424426 0.638889 0.044740 0.166667
0 1595 0.403265 0.651852 0.045949 0.166667
0 1596 0.035671 0.915278 0.047158 0.169444
0 1597 0.049274 0.937500 0.042926 0.126852
0 1598 0.115478 0.918981 0.047158 0.149074
0 1599 0.811971 0.821296 0.054414 0.181481
0 1601 0.908404 0.571296 0.039299 0.155556
0 1602 0.649033 0.747222 0.044135 0.170370
0 1603 0.584643 0.794907 0.056832 0.173148
0 1604 0.940750 0.607407 0.032648 0.105556
0 1605 0.677751 0.722685 0.039903 0.156481
0 1606 0.976723 0.965741 0.044135 0.068519
0 1607 0.852479 0.708796 0.054414 0.160185
0 1608 0.915054 0.713889 0.053809 0.175926
0 1610 0.795647 0.451389 0.035067 0.145370
0 1615 0.774486 0.494444 0.053204 0.157407
0 1619 0.131499 0.722685 0.058646 0.171296
0 1620 0.836759 0.371296 0.042322 0.148148
0 1621 0.763603 0.238426 0.035067 0.132407
0 1624 0.349758 0.071759 0.036880 0.134259
0 1625 0.113059 0.682407 0.047158 0.175926
0 1626 0.858827 0.509722 0.042926 0.162037
0 1628 0.980351 0.529167 0.036880 0.162037
0 1629 0.897823 0.493981 0.051995 0.149074
0 1632 0.322551 0.088889 0.027207 0.125926
0 1633 0.311669 0.061111 0.032044 0.118519
0 1634 0.020859 0.851389 0.040508 0.187963
0 1642 0.296252 0.088426 0.033857 0.132407
0 1643 0.818924 0.481481 0.046554 0.162963
0 1646 0.069528 0.711111 0.054414 0.161111
0 1647 0.781137 0.293981 0.037485 0.149074
0 1650 0.573761 0.643519 0.047158 0.146296
0 1651 0.561064 0.609259 0.035067 0.170370
0 1652 0.601572 0.613426 0.035067 0.162037
0 1653 0.739117 0.644907 0.046554 0.158333
0 1654 0.272370 0.413889 0.036880 0.146296
0 1655 0.531741 0.461111 0.030834 0.140741
0 1656 0.530834 0.468519 0.041112 0.151852
0 1657 0.495768 0.481944 0.033857 0.137963
0 1658 0.409915 0.320833 0.037485 0.134259
0 1659 0.430472 0.342130 0.036276 0.139815
0 1660 0.475816 0.347222 0.032648 0.135185
0 1661 0.516929 0.364815 0.035067 0.151852
0 1662 0.444075 0.512037 0.039299 0.155556
0 1663 0.162031 0.627778 0.032648 0.137037
0 1664 0.316505 0.097222 0.036880 0.120370
0 1666 0.337062 0.427778 0.041717 0.151852
0 1667 0.470375 0.386574 0.027811 0.099074
0 1668 0.493349 0.401389 0.025393 0.115741
0 1669 0.721886 0.551852 0.044740 0.187037
0 1670 0.782346 0.040278 0.032648 0.078704
0 1942 0.006046 0.144907 0.010883 0.132407
