0 1339 0.438634 0.111574 0.039299 0.126852
0 1340 0.425030 0.103241 0.030230 0.134259
0 1341 0.615780 0.157870 0.039299 0.154630
0 1342 0.214933 0.051389 0.034462 0.100926
0 1344 0.238513 0.026389 0.030834 0.050926
0 1345 0.176542 0.042130 0.035067 0.082407
0 1351 0.596131 0.040741 0.035067 0.079630
0 1367 0.498791 0.079167 0.033857 0.132407
0 1369 0.548972 0.098148 0.030230 0.122222
0 1370 0.989722 0.243981 0.019347 0.150926
0 1371 0.580411 0.081019 0.031439 0.108333
0 1372 0.561366 0.093519 0.032044 0.124074
0 1373 0.955260 0.162963 0.044740 0.131481
0 1374 0.929565 0.126852 0.046554 0.135185
0 1375 0.920193 0.160648 0.039903 0.137963
0 1376 0.977630 0.108796 0.032648 0.123148
0 1381 0.972793 0.118981 0.032648 0.121296
0 1382 0.930472 0.087500 0.037485 0.134259
0 1385 0.758464 0.063889 0.034462 0.118519
0 1387 0.237001 0.078704 0.039903 0.127778
0 1388 0.590085 0.066667 0.044740 0.125926
0 1389 0.704051 0.045833 0.032044 0.089815
0 1390 0.723096 0.066667 0.027811 0.118519
0 1391 0.657799 0.052315 0.037485 0.102778
0 1392 0.718259 0.073611 0.027811 0.093519
0 1393 0.702842 0.065741 0.032044 0.098148
0 1395 0.655683 0.060648 0.034462 0.119444
0 1396 0.638150 0.050926 0.027207 0.090741
0 1397 0.712817 0.065278 0.032648 0.126852
0 1398 0.634825 0.179630 0.032648 0.140741
0 1399 0.655079 0.165278 0.032044 0.132407
0 1400 0.665054 0.199074 0.039903 0.140741
0 1401 0.633615 0.104630 0.042322 0.153704
0 1402 0.581620 0.236111 0.041112 0.138889
0 1403 0.632406 0.361111 0.045949 0.153704
0 1404 0.676239 0.236574 0.039299 0.136111
0 1405 0.656590 0.258333 0.044740 0.148148
0 1406 0.688029 0.254630 0.039903 0.162963
0 1407 0.675635 0.291204 0.039299 0.139815
0 1408 0.784764 0.219444 0.038694 0.129630
0 1409 0.770859 0.199537 0.032648 0.126852
0 1410 0.666868 0.429167 0.043531 0.156481
0 1411 0.628174 0.267130 0.041112 0.130556
0 1412 0.735187 0.239815 0.033857 0.129630
0 1413 0.766022 0.248611 0.042322 0.137963
0 1414 0.750907 0.289815 0.036276 0.148148
0 1415 0.837062 0.231019 0.044135 0.150926
0 1416 0.928658 0.231944 0.038694 0.149074
0 1417 0.959492 0.206944 0.032648 0.132407
0 1418 0.985187 0.185648 0.028416 0.117593
0 1419 0.967654 0.317130 0.036880 0.150926
0 1420 0.937122 0.300463 0.043531 0.149074
0 1421 0.891778 0.495370 0.053204 0.157407
0 1422 0.934099 0.473611 0.041112 0.143519
0 1424 0.770254 0.361111 0.044740 0.135185
0 1425 0.853386 0.370370 0.039299 0.157407
0 1426 0.912334 0.340278 0.039903 0.141667
0 1427 0.250302 0.235185 0.044740 0.142593
0 1428 0.254837 0.274074 0.051391 0.140741
0 1429 0.823156 0.508796 0.036880 0.154630
0 1430 0.787485 0.507870 0.048972 0.167593
0 1431 0.710701 0.125463 0.032044 0.115741
0 1432 0.702539 0.184259 0.038694 0.124074
0 1433 0.804111 0.539815 0.042322 0.159259
0 1434 0.139964 0.318519 0.036880 0.146296
0 1439 0.099758 0.462037 0.049577 0.168519
0 1440 0.044135 0.471759 0.047158 0.163889
0 1441 0.013906 0.531944 0.026602 0.165741
0 1443 0.327388 0.393981 0.039299 0.139815
0 1444 0.300484 0.340278 0.038694 0.134259
0 1445 0.299879 0.366667 0.035067 0.146296
0 1446 0.698307 0.376852 0.044740 0.137037
0 1447 0.754534 0.322685 0.044740 0.162037
0 1448 0.703144 0.216204 0.035067 0.121296
0 1450 0.832527 0.547685 0.035067 0.162037
0 1451 0.861850 0.562037 0.036880 0.153704
0 1452 0.663845 0.643056 0.039903 0.156481
0 1453 0.799274 0.596759 0.048368 0.171296
0 1454 0.760883 0.607407 0.041717 0.157407
0 1455 0.762394 0.729167 0.053204 0.167593
0 1456 0.737606 0.360648 0.042322 0.150926
0 1457 0.071947 0.964352 0.054414 0.073148
0 1461 0.197098 0.933796 0.043531 0.134259
0 1462 0.132104 0.929167 0.048972 0.143519
0 1463 0.133615 0.948148 0.050786 0.103704
0 1469 0.103688 0.935185 0.036880 0.131481
0 1470 0.249395 0.833333 0.053809 0.175926
0 1473 0.889359 0.341204 0.044740 0.156481
0 1476 0.461608 0.965278 0.038089 0.071296
0 1477 0.520556 0.923148 0.051995 0.129630
0 1478 0.652358 0.732870 0.042322 0.173148
0 1479 0.623035 0.786574 0.058646 0.165741
0 1484 0.905985 0.302778 0.036880 0.151852
0 1486 0.722491 0.440278 0.042322 0.162037
0 1488 0.818319 0.352778 0.048972 0.159259
0 1489 0.839480 0.281019 0.047763 0.171296
0 1490 0.576784 0.471759 0.032648 0.126852
0 1491 0.677751 0.331944 0.041112 0.143519
0 1492 0.982467 0.302778 0.032648 0.142593
0 1493 0.977932 0.351852 0.041717 0.148148
0 1494 0.765719 0.235648 0.029625 0.150926
0 1495 0.731560 0.339352 0.037485 0.082407
0 1496 0.958283 0.225463 0.037485 0.121296
0 1501 0.276602 0.946759 0.044135 0.108333
0 1502 0.444680 0.932407 0.048972 0.129630
0 1510 0.509976 0.782870 0.046554 0.182407
0 1522 0.463724 0.825463 0.044740 0.163889
0 1523 0.664450 0.854630 0.038694 0.166667
0 1524 0.676844 0.759722 0.050181 0.167593
0 1525 0.640871 0.818519 0.042322 0.153704
0 1526 0.673821 0.810185 0.046554 0.157407
0 1527 0.710097 0.788426 0.041717 0.165741
0 1531 0.577993 0.570370 0.039903 0.146296
0 1532 0.619710 0.582870 0.042322 0.156481
0 1549 0.356106 0.750463 0.043531 0.165741
0 1550 0.497884 0.494444 0.036880 0.133333
0 1551 0.531439 0.488889 0.039903 0.137037
0 1552 0.691959 0.133333 0.030834 0.114815
0 1553 0.610943 0.894907 0.056227 0.178704
0 1554 0.503628 0.942130 0.037485 0.117593
0 1555 0.594015 0.490278 0.044135 0.154630
0 1556 0.597340 0.461574 0.027811 0.115741
0 1557 0.607013 0.559259 0.039903 0.157407
0 1558 0.607920 0.930093 0.051391 0.141667
0 1559 0.533555 0.955093 0.042926 0.091667
0 1562 0.750000 0.876389 0.051391 0.154630
0 1563 0.737304 0.911574 0.058646 0.169444
0 1565 0.528718 0.820833 0.045345 0.189815
0 1566 0.024788 0.971296 0.048368 0.057407
0 1567 0.482164 0.418056 0.034462 0.132407
0 1568 0.487908 0.592593 0.042322 0.157407
0 1569 0.508464 0.601852 0.037485 0.157407
0 1570 0.302902 0.584259 0.043531 0.162963
0 1571 0.685913 0.105093 0.029625 0.117593
0 1572 0.394196 0.331019 0.037485 0.149074
0 1573 0.509674 0.389352 0.027811 0.126852
0 1574 0.562878 0.911111 0.045949 0.170370
0 1583 0.670496 0.518056 0.031439 0.115741
0 1584 0.645405 0.507407 0.039299 0.159259
0 1587 0.130290 0.810648 0.051391 0.167593
0 1588 0.064389 0.857870 0.042926 0.165741
0 1592 0.431681 0.661574 0.042322 0.165741
0 1593 0.462817 0.658333 0.044135 0.153704
0 1594 0.409008 0.628704 0.044135 0.166667
0 1595 0.399335 0.648148 0.041717 0.179630
0 1596 0.107618 0.881481 0.044740 0.181481
0 1597 0.141173 0.893981 0.046554 0.182407
0 1598 0.209190 0.837037 0.048368 0.153704
0 1599 0.801088 0.714815 0.053204 0.170370
0 1601 0.865780 0.511574 0.039903 0.154630
0 1602 0.669891 0.675000 0.044740 0.170370
0 1603 0.595828 0.713889 0.050181 0.162963
0 1604 0.890568 0.553704 0.031439 0.105556
0 1605 0.691657 0.646759 0.039903 0.156481
0 1606 0.938936 0.911574 0.053204 0.173148
0 1607 0.837969 0.629630 0.047158 0.155556
0 1608 0.886336 0.645370 0.050786 0.168519
0 1610 0.795647 0.400000 0.039903 0.146296
0 1613 0.986094 0.472685 0.026602 0.162037
0 1615 0.773277 0.435648 0.053204 0.149074
0 1619 0.127570 0.706019 0.059250 0.171296
0 1620 0.807437 0.317593 0.036880 0.148148
0 1621 0.745768 0.200926 0.034462 0.131481
0 1624 0.352177 0.073611 0.036880 0.134259
0 1625 0.113362 0.607407 0.047763 0.175926
0 1626 0.851874 0.436574 0.042322 0.152778
0 1627 0.982769 0.456019 0.030834 0.156481
0 1628 0.962515 0.462500 0.038694 0.160185
0 1629 0.887243 0.429630 0.046554 0.148148
0 1632 0.328900 0.087963 0.026602 0.135185
0 1633 0.313785 0.060648 0.032648 0.117593
0 1634 0.020859 0.855093 0.040508 0.187963
0 1642 0.304716 0.081019 0.033857 0.132407
0 1643 0.814389 0.439815 0.047158 0.162963
0 1646 0.081923 0.701852 0.046554 0.153704
0 1647 0.747279 0.266667 0.036276 0.140741
0 1649 0.986094 0.893981 0.026602 0.175000
0 1650 0.576179 0.641667 0.047158 0.146296
0 1651 0.565901 0.613426 0.035067 0.162037
0 1652 0.605502 0.615278 0.036880 0.162037
0 1653 0.740629 0.652778 0.045949 0.151852
0 1654 0.273881 0.423148 0.037485 0.146296
0 1655 0.536880 0.461574 0.030230 0.139815
0 1656 0.537485 0.469444 0.039903 0.150000
0 1657 0.496372 0.469907 0.032648 0.137963
0 1658 0.410822 0.323611 0.036880 0.134259
0 1659 0.432285 0.346296 0.038694 0.137037
0 1660 0.480048 0.348148 0.032648 0.135185
0 1661 0.522975 0.365741 0.037485 0.151852
0 1662 0.446796 0.511574 0.039903 0.158333
0 1663 0.152963 0.625926 0.032648 0.137037
0 1664 0.317715 0.101852 0.039299 0.120370
0 1666 0.342503 0.360185 0.039299 0.137037
0 1667 0.473398 0.393981 0.027811 0.099074
0 1668 0.491233 0.404167 0.024788 0.115741
0 1669 0.710399 0.507870 0.044740 0.182407
0 1670 0.783857 0.042593 0.032044 0.083333
0 1941 0.002116 0.809259 0.003023 0.170370
0 1942 0.005441 0.145833 0.009674 0.132407
