0 1339 0.430169 0.120833 0.039299 0.126852
0 1340 0.418984 0.111111 0.031439 0.135185
0 1341 0.616082 0.168981 0.039903 0.158333
0 1342 0.222189 0.062037 0.034462 0.114815
0 1343 0.236094 0.040278 0.030834 0.078704
0 1344 0.244256 0.030093 0.032648 0.058333
0 1345 0.184099 0.048611 0.036880 0.095370
0 1351 0.591294 0.044907 0.035067 0.087963
0 1367 0.515719 0.091204 0.039903 0.134259
0 1369 0.558646 0.109259 0.036276 0.120370
0 1370 0.988513 0.257407 0.021765 0.151852
0 1371 0.596131 0.091667 0.031439 0.109259
0 1372 0.579504 0.103704 0.032044 0.124074
0 1373 0.955260 0.171296 0.044740 0.131481
0 1374 0.928053 0.135185 0.049577 0.135185
0 1375 0.920798 0.169907 0.039903 0.137963
0 1376 0.977630 0.118981 0.032648 0.123148
0 1381 0.972189 0.128704 0.032648 0.120370
0 1382 0.926239 0.096759 0.037485 0.134259
0 1383 0.980955 0.032407 0.030834 0.062963
0 1385 0.769649 0.070370 0.033857 0.118519
0 1387 0.226119 0.086111 0.039903 0.129630
0 1388 0.586457 0.074074 0.044740 0.131481
0 1389 0.708283 0.050000 0.032044 0.098148
0 1390 0.727328 0.066667 0.027811 0.118519
0 1391 0.658404 0.053241 0.037485 0.104630
0 1392 0.723700 0.075463 0.027811 0.093519
0 1393 0.714027 0.068981 0.032648 0.097222
0 1395 0.658404 0.070370 0.033857 0.125926
0 1396 0.640266 0.050926 0.027811 0.090741
0 1397 0.720979 0.070833 0.033253 0.134259
0 1398 0.634220 0.187037 0.032648 0.140741
0 1399 0.659915 0.168981 0.032044 0.132407
0 1400 0.666868 0.204630 0.039903 0.140741
0 1401 0.640871 0.111111 0.043531 0.153704
0 1402 0.587666 0.243056 0.045949 0.143519
0 1403 0.634825 0.376852 0.045949 0.153704
0 1404 0.681681 0.245833 0.039299 0.137963
0 1405 0.659613 0.267593 0.044740 0.148148
0 1406 0.695284 0.264815 0.039903 0.162963
0 1407 0.673216 0.299537 0.039299 0.139815
0 1408 0.791415 0.226852 0.038694 0.129630
0 1409 0.775393 0.207870 0.032044 0.126852
0 1410 0.661729 0.456481 0.044135 0.161111
0 1411 0.626058 0.274074 0.039299 0.133333
0 1412 0.734281 0.243981 0.035671 0.128704
0 1413 0.764208 0.253241 0.042322 0.137963
0 1414 0.733071 0.300926 0.036880 0.148148
0 1415 0.838271 0.241667 0.044135 0.151852
0 1416 0.932588 0.242593 0.039299 0.151852
0 1417 0.960097 0.214815 0.032648 0.131481
0 1418 0.985792 0.195833 0.027207 0.117593
0 1419 0.967956 0.333796 0.038694 0.150926
0 1420 0.934099 0.304167 0.043531 0.149074
0 1421 0.897521 0.511574 0.053809 0.160185
0 1422 0.938634 0.486574 0.041717 0.141667
0 1424 0.765719 0.369444 0.044135 0.135185
0 1425 0.857618 0.386111 0.039299 0.157407
0 1426 0.917170 0.349537 0.039903 0.147222
0 1427 0.230653 0.248148 0.044135 0.142593
0 1428 0.230351 0.287500 0.049577 0.141667
0 1429 0.826784 0.527315 0.036880 0.154630
0 1430 0.789903 0.526389 0.048972 0.171296
0 1431 0.711608 0.103241 0.032648 0.115741
0 1432 0.703446 0.163889 0.039299 0.124074
0 1433 0.816808 0.555556 0.042322 0.159259
0 1434 0.132406 0.333333 0.037485 0.148148
0 1439 0.078900 0.481019 0.050181 0.167593
0 1440 0.022370 0.495370 0.043531 0.164815
0 1443 0.326179 0.413889 0.039299 0.146296
0 1444 0.300484 0.339815 0.038694 0.135185
0 1445 0.300484 0.371296 0.035067 0.146296
0 1446 0.702539 0.396296 0.044740 0.137037
0 1447 0.760580 0.331944 0.044740 0.162037
0 1448 0.703748 0.197685 0.035067 0.121296
0 1450 0.846131 0.562500 0.034462 0.162037
0 1451 0.876058 0.574074 0.037485 0.157407
0 1452 0.661427 0.668056 0.039903 0.171296
0 1453 0.805320 0.611111 0.048368 0.170370
0 1454 0.765719 0.626852 0.041717 0.157407
0 1455 0.764510 0.753241 0.051391 0.169444
0 1456 0.734281 0.368056 0.041717 0.150926
0 1457 0.077993 0.963889 0.054414 0.074074
0 1461 0.202539 0.932870 0.043531 0.136111
0 1462 0.140266 0.927778 0.049577 0.146296
0 1463 0.140871 0.948148 0.050786 0.103704
0 1469 0.086155 0.943981 0.036880 0.113889
0 1470 0.232769 0.847685 0.053204 0.167593
0 1473 0.889359 0.350463 0.044740 0.156481
0 1476 0.447400 0.969907 0.037485 0.062037
0 1477 0.509674 0.936574 0.043531 0.112037
0 1478 0.645707 0.752778 0.042322 0.174074
0 1479 0.620617 0.803241 0.058646 0.165741
0 1484 0.902056 0.310185 0.037485 0.151852
0 1486 0.723700 0.454167 0.042322 0.162037
0 1488 0.821644 0.363889 0.050786 0.159259
0 1489 0.841898 0.293981 0.047763 0.171296
0 1490 0.578597 0.468056 0.032648 0.126852
0 1491 0.677751 0.345833 0.043531 0.145370
0 1492 0.983978 0.310185 0.030834 0.142593
0 1493 0.980955 0.365278 0.035671 0.149074
0 1494 0.769952 0.245833 0.029625 0.150926
0 1495 0.737001 0.351389 0.037485 0.082407
0 1496 0.956469 0.227315 0.037485 0.121296
0 1501 0.276602 0.946759 0.044135 0.108333
0 1502 0.444075 0.932407 0.048972 0.129630
0 1510 0.510278 0.782870 0.047158 0.182407
0 1522 0.463724 0.824074 0.044740 0.162963
0 1523 0.668077 0.871296 0.038694 0.168519
0 1524 0.678053 0.767130 0.051391 0.167593
0 1525 0.640871 0.834259 0.043531 0.153704
0 1526 0.678960 0.826852 0.049577 0.157407
0 1527 0.711004 0.805093 0.042322 0.165741
0 1531 0.577993 0.568519 0.039903 0.146296
0 1532 0.619407 0.581944 0.041717 0.160185
0 1549 0.356409 0.752315 0.044135 0.167593
0 1550 0.493349 0.494907 0.037485 0.132407
0 1551 0.529625 0.489815 0.039903 0.137037
0 1552 0.694377 0.120370 0.029625 0.114815
0 1553 0.600363 0.912500 0.055623 0.176852
0 1554 0.483978 0.951852 0.036880 0.098148
0 1555 0.593712 0.490278 0.043531 0.154630
0 1556 0.597340 0.459722 0.027811 0.115741
0 1557 0.606409 0.555093 0.039903 0.156481
0 1558 0.589480 0.937500 0.058041 0.126852
0 1559 0.514813 0.961111 0.042926 0.079630
0 1562 0.773579 0.872685 0.051391 0.154630
0 1563 0.756953 0.902315 0.062878 0.165741
0 1565 0.528114 0.818056 0.044135 0.189815
0 1566 0.028114 0.973611 0.044135 0.049074
0 1567 0.483071 0.418056 0.035067 0.132407
0 1568 0.490629 0.599074 0.041717 0.157407
0 1569 0.516929 0.604630 0.038694 0.157407
0 1570 0.312576 0.589815 0.039903 0.162963
0 1571 0.688331 0.093981 0.029625 0.117593
0 1572 0.392080 0.328704 0.038089 0.148148
0 1573 0.509371 0.387500 0.028416 0.126852
0 1574 0.549577 0.920833 0.045949 0.160185
0 1583 0.675635 0.541667 0.032044 0.118519
0 1584 0.650846 0.521759 0.039299 0.154630
0 1587 0.135732 0.821296 0.048972 0.168519
0 1588 0.066505 0.874537 0.041112 0.165741
0 1592 0.429867 0.667593 0.041112 0.164815
0 1593 0.464329 0.664815 0.045949 0.159259
0 1594 0.409915 0.631944 0.044740 0.163889
0 1595 0.401149 0.647685 0.041717 0.175000
0 1596 0.083736 0.901852 0.048972 0.181481
0 1597 0.115478 0.912037 0.045949 0.177778
0 1598 0.190750 0.861111 0.051391 0.153704
0 1599 0.801088 0.736111 0.053204 0.170370
0 1601 0.876965 0.528241 0.039299 0.154630
0 1602 0.666566 0.691667 0.044135 0.170370
0 1603 0.591596 0.729630 0.055018 0.162963
0 1604 0.905381 0.564815 0.032044 0.112963
0 1605 0.688634 0.667130 0.039903 0.156481
0 1606 0.948912 0.923148 0.058646 0.153704
0 1607 0.839178 0.653241 0.047158 0.158333
0 1608 0.885732 0.659722 0.051995 0.173148
0 1610 0.792624 0.412037 0.038694 0.146296
0 1615 0.774486 0.449074 0.053204 0.151852
0 1619 0.128779 0.710648 0.059250 0.171296
0 1620 0.815296 0.328704 0.038089 0.148148
0 1621 0.751814 0.209259 0.034462 0.131481
0 1624 0.351572 0.073611 0.036880 0.134259
0 1625 0.116082 0.618519 0.048368 0.175926
0 1626 0.856106 0.455093 0.042322 0.160185
0 1628 0.969770 0.477315 0.038694 0.160185
0 1629 0.889057 0.440741 0.046554 0.148148
0 1632 0.327086 0.088426 0.026602 0.132407
0 1633 0.313785 0.060648 0.035067 0.117593
0 1634 0.020859 0.854167 0.040508 0.187963
0 1642 0.302902 0.082870 0.033857 0.132407
0 1643 0.814994 0.446296 0.047158 0.162963
0 1646 0.081923 0.699074 0.046554 0.153704
0 1647 0.750302 0.271296 0.036276 0.140741
0 1650 0.575574 0.640741 0.047158 0.146296
0 1651 0.564692 0.612963 0.035067 0.164815
0 1652 0.604293 0.613426 0.034462 0.158333
0 1653 0.739420 0.647685 0.045949 0.152778
0 1654 0.275393 0.419444 0.036880 0.146296
0 1655 0.535067 0.461111 0.030230 0.140741
0 1656 0.537787 0.468519 0.039299 0.150000
0 1657 0.493954 0.474537 0.032648 0.137963
0 1658 0.410218 0.321759 0.036880 0.134259
0 1659 0.431681 0.344444 0.037485 0.135185
0 1660 0.478839 0.347222 0.032648 0.135185
0 1661 0.520859 0.362963 0.034462 0.151852
0 1662 0.446796 0.511574 0.039903 0.156481
0 1663 0.162636 0.615741 0.032648 0.137037
0 1664 0.317412 0.098148 0.038694 0.120370
0 1666 0.346433 0.369907 0.042322 0.137963
0 1667 0.472793 0.392130 0.027811 0.099074
0 1668 0.490931 0.400463 0.024184 0.115741
0 1669 0.712817 0.521296 0.043531 0.181481
0 1670 0.783253 0.042130 0.032044 0.082407
0 1942 0.005744 0.144907 0.010278 0.132407
