0 1339 0.421100 0.131019 0.039299 0.126852
0 1340 0.409915 0.122222 0.032648 0.135185
0 1341 0.616687 0.179167 0.039903 0.160185
0 1342 0.229141 0.072222 0.033857 0.127778
0 1343 0.239117 0.046296 0.033253 0.090741
0 1344 0.244861 0.033796 0.032648 0.065741
0 1345 0.191959 0.053241 0.036880 0.104630
0 1351 0.586759 0.048148 0.034462 0.094444
0 1367 0.530834 0.102778 0.042322 0.137037
0 1368 0.676844 0.061574 0.027207 0.104630
0 1369 0.567715 0.118981 0.041112 0.117593
0 1370 0.987304 0.270370 0.024184 0.151852
0 1371 0.609432 0.103704 0.031439 0.111111
0 1372 0.594619 0.113889 0.032044 0.124074
0 1373 0.955562 0.182407 0.044135 0.131481
0 1374 0.927146 0.142593 0.051391 0.135185
0 1375 0.920798 0.178241 0.039903 0.137963
0 1376 0.975816 0.129167 0.032648 0.123148
0 1381 0.971886 0.137963 0.032044 0.120370
0 1382 0.920798 0.106944 0.037485 0.134259
0 1383 0.979141 0.041667 0.034462 0.081481
0 1385 0.776904 0.081481 0.033857 0.124074
0 1387 0.220677 0.094907 0.039903 0.130556
0 1388 0.582225 0.081481 0.044740 0.135185
0 1389 0.712515 0.053241 0.032044 0.104630
0 1390 0.731258 0.066667 0.027207 0.118519
0 1391 0.658404 0.054167 0.037485 0.106481
0 1392 0.728537 0.077315 0.027811 0.093519
0 1393 0.724305 0.071759 0.032648 0.097222
0 1395 0.659613 0.081481 0.033857 0.131481
0 1396 0.640871 0.053704 0.027811 0.090741
0 1397 0.727932 0.076852 0.035067 0.135185
0 1398 0.635429 0.196296 0.032648 0.140741
0 1399 0.660520 0.186574 0.032044 0.132407
0 1400 0.668682 0.212963 0.039903 0.140741
0 1401 0.646312 0.120370 0.045949 0.153704
0 1402 0.593712 0.250000 0.042322 0.142593
0 1403 0.637848 0.393519 0.045949 0.153704
0 1404 0.686215 0.255093 0.039903 0.137963
0 1405 0.660218 0.276852 0.043531 0.148148
0 1406 0.701935 0.272222 0.039903 0.162963
0 1407 0.671705 0.307870 0.039903 0.139815
0 1408 0.798670 0.236111 0.038694 0.129630
0 1409 0.779625 0.217130 0.032044 0.126852
0 1410 0.658706 0.485648 0.044135 0.162037
0 1411 0.624547 0.280556 0.037485 0.135185
0 1412 0.733676 0.248148 0.036880 0.127778
0 1413 0.762999 0.259722 0.042322 0.137963
0 1414 0.719468 0.315741 0.037485 0.148148
0 1415 0.842503 0.256481 0.042926 0.151852
0 1416 0.935913 0.252778 0.039903 0.153704
0 1417 0.960701 0.224074 0.032648 0.131481
0 1418 0.986094 0.205093 0.026602 0.117593
0 1419 0.967050 0.351389 0.039299 0.150926
0 1420 0.934099 0.311574 0.043531 0.149074
0 1421 0.901149 0.524537 0.053809 0.162037
0 1422 0.943168 0.498611 0.042322 0.139815
0 1424 0.762394 0.376852 0.043531 0.135185
0 1425 0.861245 0.400000 0.039299 0.157407
0 1426 0.921705 0.357870 0.040508 0.149074
0 1427 0.210097 0.262037 0.044135 0.142593
0 1428 0.208585 0.303241 0.047158 0.143519
0 1429 0.829807 0.543056 0.036880 0.154630
0 1430 0.792624 0.551852 0.049577 0.179630
0 1431 0.707981 0.093056 0.032648 0.115741
0 1432 0.704051 0.148148 0.039299 0.124074
0 1433 0.827690 0.569444 0.042322 0.159259
0 1434 0.127267 0.349074 0.038089 0.148148
0 1439 0.063482 0.501389 0.051995 0.167593
0 1440 0.010580 0.518519 0.019952 0.164815
0 1443 0.324667 0.431481 0.039903 0.148148
0 1444 0.300484 0.343981 0.038694 0.134259
0 1445 0.301088 0.375926 0.035067 0.146296
0 1446 0.705562 0.414352 0.043531 0.137963
0 1447 0.765115 0.341204 0.045345 0.162037
0 1448 0.704655 0.181019 0.034462 0.121296
0 1450 0.857013 0.575463 0.034462 0.162037
0 1451 0.885127 0.590741 0.037485 0.157407
0 1452 0.658404 0.685648 0.039903 0.171296
0 1453 0.806530 0.631481 0.048368 0.172222
0 1454 0.770556 0.644444 0.041717 0.157407
0 1455 0.766929 0.777778 0.052600 0.170370
0 1456 0.731258 0.374537 0.041717 0.150926
0 1457 0.082830 0.962963 0.054414 0.075926
0 1461 0.207981 0.933796 0.043531 0.134259
0 1462 0.142382 0.929167 0.048972 0.139815
0 1463 0.143289 0.949074 0.050786 0.103704
0 1469 0.077086 0.952315 0.036880 0.097222
0 1470 0.211608 0.867130 0.053204 0.167593
0 1473 0.889964 0.358796 0.044740 0.156481
0 1476 0.428658 0.972222 0.036276 0.057407
0 1477 0.495163 0.949074 0.043531 0.101852
0 1478 0.639661 0.773148 0.042322 0.174074
0 1479 0.617291 0.816204 0.058041 0.165741
0 1484 0.898428 0.317130 0.037485 0.150926
0 1486 0.723700 0.468056 0.042322 0.162037
0 1488 0.822249 0.377778 0.051995 0.159259
0 1489 0.844921 0.306944 0.047763 0.171296
0 1490 0.578597 0.466204 0.032648 0.126852
0 1491 0.677751 0.370370 0.043531 0.151852
0 1492 0.983374 0.319444 0.032044 0.142593
0 1493 0.981258 0.376852 0.035067 0.148148
0 1494 0.774184 0.255093 0.030834 0.150926
0 1495 0.742443 0.363426 0.037485 0.082407
0 1496 0.958283 0.241667 0.037485 0.120370
0 1501 0.276602 0.946759 0.044135 0.108333
0 1502 0.443470 0.932407 0.048972 0.129630
0 1510 0.509674 0.782870 0.047158 0.182407
0 1522 0.463724 0.822685 0.044740 0.162037
0 1523 0.668077 0.887963 0.038694 0.166667
0 1524 0.679262 0.772685 0.051391 0.167593
0 1525 0.640266 0.851852 0.044740 0.153704
0 1526 0.682890 0.844907 0.048972 0.162037
0 1527 0.712817 0.823148 0.043531 0.164815
0 1531 0.577993 0.567593 0.039903 0.146296
0 1532 0.618803 0.581944 0.041717 0.160185
0 1549 0.356711 0.754630 0.044740 0.168519
0 1550 0.491838 0.494907 0.036880 0.132407
0 1551 0.525998 0.492130 0.039903 0.137963
0 1552 0.697098 0.107407 0.030230 0.114815
0 1553 0.584946 0.917593 0.056227 0.166667
0 1554 0.461004 0.957407 0.035671 0.087037
0 1555 0.593410 0.490278 0.042926 0.154630
0 1556 0.595526 0.457870 0.027811 0.115741
0 1557 0.606409 0.557870 0.039903 0.156481
0 1558 0.571040 0.941667 0.058646 0.118519
0 1559 0.496070 0.966667 0.042926 0.068519
0 1562 0.796856 0.869907 0.051995 0.154630
0 1563 0.778718 0.896296 0.065296 0.164815
0 1565 0.529323 0.817130 0.044135 0.189815
0 1566 0.031439 0.976852 0.039903 0.042593
0 1567 0.483071 0.419907 0.035067 0.132407
0 1568 0.492443 0.605556 0.041717 0.157407
0 1569 0.521161 0.617130 0.041112 0.156481
0 1570 0.319831 0.592593 0.039903 0.162963
0 1571 0.691052 0.083796 0.030230 0.117593
0 1572 0.393289 0.328704 0.040508 0.148148
0 1573 0.508464 0.385648 0.029021 0.126852
0 1574 0.538089 0.927778 0.045949 0.146296
0 1583 0.680169 0.560185 0.032648 0.120370
0 1584 0.655079 0.537963 0.039299 0.157407
0 1587 0.141173 0.831481 0.046554 0.168519
0 1588 0.077993 0.876389 0.041112 0.165741
0 1592 0.429867 0.674074 0.041112 0.166667
0 1593 0.462213 0.669444 0.046554 0.159259
0 1594 0.415961 0.632407 0.044740 0.162963
0 1595 0.401753 0.649537 0.042926 0.171296
0 1596 0.062273 0.906481 0.049577 0.175926
0 1597 0.092503 0.918981 0.045949 0.163889
0 1598 0.168077 0.884722 0.056832 0.160185
0 1599 0.806530 0.761574 0.053204 0.173148
0 1601 0.886941 0.543056 0.038694 0.154630
0 1602 0.661729 0.712037 0.044135 0.170370
0 1603 0.589480 0.748148 0.056832 0.164815
0 1604 0.919287 0.580556 0.032044 0.112963
0 1605 0.686215 0.685648 0.039903 0.156481
0 1606 0.957981 0.937500 0.061064 0.125000
0 1607 0.843410 0.668519 0.047158 0.159259
0 1608 0.895103 0.676852 0.050181 0.174074
0 1610 0.789601 0.424537 0.036276 0.145370
0 1615 0.774486 0.460185 0.053204 0.151852
0 1619 0.129383 0.714352 0.059250 0.171296
0 1620 0.823156 0.341667 0.040508 0.148148
0 1621 0.756046 0.217593 0.034462 0.131481
0 1624 0.350363 0.073611 0.036880 0.134259
0 1625 0.117291 0.637037 0.055623 0.175926
0 1626 0.857920 0.473611 0.042322 0.162037
0 1628 0.974909 0.491667 0.039299 0.161111
0 1629 0.893289 0.456944 0.048972 0.149074
0 1632 0.325574 0.088426 0.027207 0.130556
0 1633 0.313180 0.060648 0.033857 0.117593
0 1634 0.020859 0.853241 0.040508 0.187963
0 1642 0.300484 0.084722 0.033857 0.132407
0 1643 0.818319 0.456481 0.046554 0.162963
0 1646 0.077388 0.700926 0.050786 0.153704
0 1647 0.757557 0.277778 0.036276 0.140741
0 1650 0.574970 0.641667 0.047158 0.146296
0 1651 0.564389 0.613426 0.034462 0.165741
0 1652 0.603386 0.612963 0.033857 0.159259
0 1653 0.739420 0.645370 0.045949 0.157407
0 1654 0.275695 0.417593 0.037485 0.146296
0 1655 0.534462 0.461111 0.030230 0.140741
0 1656 0.535369 0.463889 0.038089 0.144444
0 1657 0.494256 0.476852 0.033253 0.137037
0 1658 0.410218 0.321759 0.036880 0.134259
0 1659 0.431076 0.343981 0.037485 0.136111
0 1660 0.478235 0.347222 0.032648 0.135185
0 1661 0.520254 0.365741 0.034462 0.151852
0 1662 0.445889 0.511574 0.039299 0.154630
0 1663 0.167170 0.612037 0.032044 0.137037
0 1664 0.317110 0.098148 0.038089 0.120370
0 1666 0.345224 0.387963 0.042322 0.142593
0 1667 0.472189 0.390278 0.027811 0.099074
0 1668 0.490326 0.400463 0.025393 0.115741
0 1669 0.717352 0.529630 0.044135 0.177778
0 1670 0.782950 0.041204 0.032648 0.080556
0 1942 0.006046 0.144907 0.010883 0.132407
