0 1331 0.125453 0.031019 0.035671 0.060185
0 1332 0.152660 0.031944 0.029625 0.062037
0 1333 0.159613 0.044444 0.044740 0.087037
0 1339 0.381499 0.170833 0.041112 0.126852
0 1340 0.363664 0.163426 0.034462 0.137963
0 1341 0.617896 0.216204 0.039903 0.160185
0 1342 0.258767 0.106019 0.033857 0.136111
0 1343 0.260580 0.085648 0.035067 0.125000
0 1344 0.247884 0.059722 0.032648 0.117593
0 1345 0.221282 0.083333 0.037485 0.129630
0 1346 0.523579 0.044907 0.041112 0.087963
0 1351 0.566203 0.075463 0.034462 0.106481
0 1353 0.555623 0.061111 0.035067 0.118519
0 1354 0.602479 0.058796 0.036880 0.115741
0 1359 0.632406 0.084259 0.042322 0.124074
0 1360 0.613966 0.068981 0.048972 0.136111
0 1367 0.578900 0.146759 0.040508 0.128704
0 1368 0.675333 0.095833 0.026602 0.104630
0 1369 0.626360 0.157870 0.032648 0.121296
0 1370 0.980351 0.302778 0.038089 0.151852
0 1371 0.662636 0.139352 0.031439 0.115741
0 1372 0.645103 0.146296 0.032648 0.124074
0 1373 0.954353 0.220370 0.044135 0.131481
0 1374 0.928960 0.176852 0.051391 0.135185
0 1375 0.925030 0.207870 0.039903 0.137963
0 1376 0.971282 0.161574 0.032044 0.123148
0 1381 0.948307 0.156481 0.036880 0.120370
0 1382 0.904172 0.143056 0.036880 0.134259
0 1383 0.968561 0.060648 0.035067 0.117593
0 1384 0.937727 0.054630 0.038694 0.107407
0 1385 0.810157 0.114352 0.033857 0.125000
0 1387 0.205562 0.123611 0.039903 0.136111
0 1388 0.554716 0.110185 0.044135 0.135185
0 1389 0.727025 0.068519 0.032044 0.129630
0 1390 0.754837 0.086111 0.027207 0.118519
0 1391 0.665054 0.073148 0.037485 0.137037
0 1392 0.747279 0.083796 0.027811 0.093519
0 1393 0.758464 0.080556 0.032044 0.096296
0 1395 0.689238 0.115278 0.033857 0.134259
0 1396 0.640871 0.078704 0.027811 0.090741
0 1397 0.750302 0.097222 0.037485 0.135185
0 1398 0.645405 0.233333 0.039299 0.140741
0 1399 0.670193 0.231944 0.032044 0.132407
0 1400 0.674728 0.243519 0.039903 0.140741
0 1401 0.691657 0.158333 0.047158 0.153704
0 1402 0.593108 0.280093 0.044740 0.160185
0 1403 0.643289 0.454167 0.041112 0.156481
0 1404 0.694377 0.290278 0.039299 0.137963
0 1405 0.675030 0.324074 0.044135 0.157407
0 1406 0.714933 0.304167 0.041717 0.162037
0 1407 0.660520 0.349537 0.039299 0.139815
0 1408 0.821040 0.275000 0.037485 0.137037
0 1409 0.801088 0.251389 0.032648 0.132407
0 1410 0.650544 0.571759 0.044740 0.162037
0 1411 0.638452 0.321296 0.037485 0.140741
0 1412 0.731258 0.278704 0.036880 0.127778
0 1413 0.764208 0.280093 0.042322 0.137963
0 1414 0.686518 0.384722 0.040508 0.154630
0 1415 0.862757 0.306019 0.039903 0.152778
0 1416 0.928658 0.283796 0.038694 0.154630
0 1417 0.964027 0.257407 0.032044 0.131481
0 1418 0.987606 0.233796 0.023579 0.117593
0 1419 0.959794 0.416204 0.041717 0.150926
0 1420 0.935006 0.343981 0.044135 0.149074
0 1421 0.908102 0.571759 0.054414 0.162037
0 1422 0.960097 0.558796 0.039903 0.154630
0 1424 0.762394 0.409259 0.043531 0.133333
0 1425 0.868198 0.440741 0.038694 0.157407
0 1426 0.934099 0.394444 0.041112 0.148148
0 1427 0.136941 0.317593 0.042926 0.142593
0 1428 0.116687 0.356944 0.048368 0.149074
0 1429 0.842503 0.611574 0.040508 0.154630
0 1430 0.818017 0.626852 0.051995 0.179630
0 1431 0.694680 0.061574 0.032648 0.115741
0 1432 0.708888 0.106481 0.039299 0.124074
0 1433 0.868803 0.619907 0.042322 0.158333
0 1434 0.119105 0.401389 0.038694 0.149074
0 1439 0.005441 0.578241 0.009674 0.178704
0 1443 0.316203 0.493981 0.038694 0.150926
0 1444 0.328900 0.371759 0.039903 0.134259
0 1445 0.314389 0.400926 0.033857 0.146296
0 1446 0.677146 0.500000 0.043531 0.161111
0 1447 0.786880 0.384722 0.048972 0.160185
0 1448 0.711004 0.129167 0.033857 0.121296
0 1450 0.901149 0.644907 0.039299 0.160185
0 1451 0.935611 0.649074 0.038089 0.155556
0 1452 0.644498 0.749537 0.039903 0.171296
0 1453 0.809855 0.713426 0.055018 0.176852
0 1454 0.762999 0.718056 0.047158 0.156481
0 1455 0.778114 0.874537 0.050786 0.182407
0 1456 0.732467 0.406944 0.041717 0.150926
0 1457 0.102781 0.961574 0.054414 0.078704
0 1461 0.237908 0.951389 0.044135 0.099074
0 1462 0.165357 0.935185 0.051391 0.131481
0 1463 0.165961 0.954630 0.048972 0.090741
0 1469 0.015115 0.982870 0.029021 0.036111
0 1470 0.125756 0.917593 0.048368 0.166667
0 1473 0.895103 0.389815 0.039299 0.157407
0 1477 0.436518 0.979630 0.036276 0.042593
0 1478 0.632104 0.833796 0.047763 0.173148
0 1479 0.609129 0.892593 0.058646 0.174074
0 1484 0.897521 0.350926 0.038089 0.151852
0 1486 0.725212 0.513426 0.041717 0.162037
0 1488 0.834039 0.429167 0.051391 0.160185
0 1489 0.846433 0.350463 0.047158 0.171296
0 1490 0.571947 0.468981 0.032648 0.126852
0 1491 0.678960 0.448611 0.048368 0.171296
0 1492 0.979141 0.350000 0.039299 0.142593
0 1493 0.983071 0.414352 0.031439 0.149074
0 1494 0.797461 0.287963 0.036276 0.151852
0 1495 0.762394 0.406944 0.037485 0.082407
0 1496 0.957678 0.272685 0.039903 0.121296
0 1501 0.276300 0.946759 0.043531 0.108333
0 1502 0.441959 0.933333 0.048368 0.129630
0 1510 0.506348 0.782407 0.046554 0.181481
0 1522 0.461306 0.821296 0.044740 0.162963
0 1523 0.655985 0.935185 0.038694 0.131481
0 1524 0.678960 0.817130 0.050786 0.167593
0 1525 0.634220 0.910648 0.045949 0.160185
0 1526 0.696191 0.898611 0.053809 0.158333
0 1527 0.730955 0.884259 0.048368 0.174074
0 1531 0.579202 0.563889 0.039903 0.146296
0 1532 0.616385 0.581944 0.041717 0.160185
0 1549 0.351874 0.747685 0.045949 0.171296
0 1550 0.485792 0.494907 0.033253 0.132407
0 1551 0.514208 0.500000 0.039299 0.138889
0 1552 0.707074 0.075000 0.029625 0.114815
0 1553 0.530532 0.938426 0.056227 0.125000
0 1554 0.379988 0.961111 0.034462 0.079630
0 1555 0.592503 0.490278 0.041112 0.154630
0 1556 0.592503 0.456019 0.027811 0.115741
0 1557 0.604595 0.556944 0.039903 0.156481
0 1558 0.496372 0.971296 0.043531 0.059259
0 1562 0.894800 0.861574 0.051995 0.152778
0 1563 0.879686 0.892593 0.065296 0.164815
0 1565 0.521161 0.822222 0.047158 0.187037
0 1566 0.036578 0.987037 0.032044 0.027778
0 1567 0.475816 0.417130 0.035067 0.132407
0 1568 0.519952 0.626852 0.042322 0.157407
0 1569 0.545647 0.653704 0.044135 0.153704
0 1570 0.348851 0.614352 0.037485 0.162037
0 1572 0.392684 0.328704 0.041717 0.148148
0 1573 0.502418 0.386574 0.030230 0.126852
0 1574 0.479746 0.953704 0.041717 0.094444
0 1583 0.683797 0.592593 0.030230 0.129630
0 1584 0.670193 0.597685 0.039299 0.165741
0 1587 0.151451 0.851389 0.051391 0.167593
0 1588 0.107920 0.888426 0.041717 0.165741
0 1592 0.421100 0.681019 0.036880 0.160185
0 1593 0.453446 0.690278 0.051995 0.162037
0 1594 0.434401 0.646759 0.042926 0.167593
0 1595 0.403265 0.651389 0.049577 0.167593
0 1596 0.020254 0.931019 0.039299 0.139815
0 1597 0.025998 0.950926 0.041112 0.100000
0 1598 0.088271 0.926852 0.044740 0.146296
0 1599 0.820133 0.861574 0.059855 0.182407
0 1601 0.926542 0.599074 0.039299 0.161111
0 1602 0.640568 0.773148 0.044135 0.170370
0 1603 0.579807 0.827778 0.056832 0.179630
0 1604 0.958888 0.626389 0.032648 0.099074
0 1605 0.669891 0.743981 0.039903 0.156481
0 1607 0.875756 0.740741 0.050181 0.164815
0 1608 0.935611 0.739815 0.052600 0.175926
0 1610 0.798065 0.465741 0.036276 0.146296
0 1615 0.778718 0.515741 0.051995 0.159259
0 1619 0.128174 0.729167 0.054414 0.178704
0 1620 0.845828 0.389815 0.042322 0.148148
0 1621 0.773277 0.249537 0.035067 0.132407
0 1624 0.349758 0.070833 0.036880 0.134259
0 1625 0.108222 0.702778 0.047158 0.164815
0 1626 0.858827 0.529630 0.044135 0.162963
0 1628 0.983071 0.551389 0.032648 0.163889
0 1629 0.897823 0.518981 0.051995 0.149074
0 1632 0.320738 0.089815 0.027207 0.124074
0 1633 0.311366 0.060648 0.031439 0.119444
0 1634 0.020859 0.849537 0.040508 0.187963
0 1636 0.002116 0.806019 0.003023 0.171296
0 1642 0.294438 0.087963 0.033857 0.133333
0 1643 0.818017 0.499074 0.047158 0.162963
0 1646 0.068319 0.718519 0.054414 0.164815
0 1647 0.795949 0.305093 0.041717 0.149074
0 1650 0.572854 0.643519 0.046554 0.146296
0 1651 0.560459 0.610185 0.035067 0.172222
0 1652 0.597642 0.613426 0.035671 0.162037
0 1653 0.737606 0.644907 0.048368 0.156481
0 1654 0.272068 0.412963 0.037485 0.146296
0 1655 0.528416 0.463889 0.033857 0.140741
0 1656 0.529323 0.472222 0.044135 0.151852
0 1657 0.494861 0.482870 0.034462 0.139815
0 1658 0.409311 0.319907 0.037485 0.134259
0 1659 0.429565 0.338889 0.036880 0.142593
0 1660 0.474607 0.347222 0.032648 0.135185
0 1661 0.516929 0.364352 0.035067 0.150926
0 1662 0.444377 0.511111 0.039903 0.157407
0 1663 0.159008 0.646759 0.035067 0.137963
0 1664 0.316203 0.096759 0.036276 0.121296
0 1666 0.322854 0.456019 0.041112 0.156481
0 1667 0.469770 0.385185 0.027811 0.100000
0 1668 0.493652 0.401389 0.024788 0.115741
0 1669 0.713724 0.570370 0.044135 0.187037
0 1670 0.781741 0.039352 0.032648 0.076852
0 1942 0.006046 0.145370 0.010883 0.131481
