0 1339 0.470979 0.071296 0.039903 0.116667
0 1340 0.454958 0.062963 0.033253 0.124074
0 1341 0.616082 0.108796 0.033857 0.139815
0 1367 0.441657 0.049537 0.034462 0.097222
0 1371 0.506953 0.042593 0.032044 0.083333
0 1372 0.480955 0.044907 0.032044 0.087963
0 1373 0.932285 0.119444 0.042322 0.131481
0 1374 0.942866 0.087963 0.048972 0.133333
0 1375 0.910822 0.110185 0.039299 0.133333
0 1381 0.974002 0.079167 0.032648 0.119444
0 1382 0.938331 0.055556 0.037485 0.109259
0 1385 0.714329 0.044907 0.032044 0.087963
0 1387 0.290508 0.045833 0.035671 0.089815
0 1389 0.660520 0.027778 0.033253 0.053704
0 1390 0.685006 0.065278 0.029021 0.117593
0 1391 0.642987 0.045833 0.029625 0.089815
0 1392 0.697098 0.059722 0.027811 0.093519
0 1393 0.645103 0.050000 0.032648 0.094444
0 1395 0.614268 0.048611 0.039903 0.095370
0 1396 0.628476 0.049074 0.027207 0.090741
0 1397 0.662636 0.059259 0.031439 0.116667
0 1398 0.635429 0.144444 0.032648 0.140741
0 1399 0.651149 0.130093 0.032648 0.132407
0 1400 0.648730 0.153704 0.039903 0.140741
0 1401 0.591898 0.080093 0.042322 0.149074
0 1402 0.566203 0.226852 0.039299 0.148148
0 1403 0.624547 0.293056 0.045949 0.143519
0 1404 0.645103 0.185648 0.035067 0.123148
0 1405 0.625453 0.219907 0.042926 0.149074
0 1406 0.663543 0.216667 0.044135 0.162963
0 1407 0.672914 0.251852 0.039903 0.140741
0 1408 0.759371 0.187963 0.037485 0.133333
0 1409 0.746070 0.171759 0.030230 0.126852
0 1410 0.683495 0.335185 0.039299 0.148148
0 1411 0.648428 0.269907 0.040508 0.128704
0 1412 0.744256 0.230556 0.035067 0.129630
0 1413 0.775695 0.224537 0.042322 0.137963
0 1414 0.821644 0.222222 0.036276 0.148148
0 1415 0.855502 0.175463 0.041112 0.150926
0 1416 0.922612 0.188889 0.032648 0.148148
0 1417 0.949819 0.163426 0.035067 0.132407
0 1418 0.981258 0.145833 0.036276 0.117593
0 1419 0.973398 0.274537 0.036276 0.150926
0 1420 0.949819 0.281481 0.042322 0.148148
0 1421 0.867896 0.420833 0.048972 0.143519
0 1422 0.912334 0.414815 0.042322 0.137037
0 1424 0.795345 0.331019 0.039299 0.134259
0 1425 0.833434 0.303241 0.034462 0.147222
0 1426 0.887545 0.300463 0.039903 0.139815
0 1427 0.345224 0.171759 0.043531 0.137963
0 1428 0.361245 0.206019 0.044135 0.136111
0 1429 0.801088 0.440278 0.039903 0.154630
0 1430 0.762394 0.432870 0.047158 0.167593
0 1431 0.712515 0.227315 0.032044 0.115741
0 1432 0.709190 0.274074 0.039903 0.124074
0 1433 0.730048 0.471759 0.041717 0.160185
0 1434 0.178658 0.239352 0.034462 0.137963
0 1435 0.011790 0.212963 0.022370 0.146296
0 1437 0.010278 0.188426 0.019347 0.126852
0 1439 0.185006 0.370370 0.047158 0.157407
0 1440 0.148428 0.366667 0.046554 0.153704
0 1441 0.114873 0.420370 0.044740 0.161111
0 1442 0.100967 0.396296 0.036276 0.151852
0 1443 0.337062 0.351389 0.033253 0.134259
0 1444 0.299274 0.343981 0.041112 0.134259
0 1445 0.300786 0.364352 0.044135 0.145370
0 1446 0.688331 0.314815 0.044135 0.137037
0 1447 0.746675 0.282870 0.044740 0.162037
0 1448 0.717654 0.294907 0.035067 0.121296
0 1450 0.769045 0.473611 0.035067 0.149074
0 1451 0.801391 0.501852 0.036880 0.151852
0 1452 0.679867 0.562037 0.036880 0.148148
0 1453 0.760278 0.510185 0.048972 0.157407
0 1454 0.717050 0.516204 0.043531 0.150926
0 1455 0.756046 0.629167 0.048972 0.162037
0 1456 0.769347 0.321296 0.041717 0.151852
0 1457 0.042926 0.957407 0.054414 0.085185
0 1461 0.134522 0.924074 0.047763 0.153704
0 1462 0.025393 0.910185 0.049577 0.177778
0 1463 0.057437 0.935185 0.050786 0.131481
0 1469 0.276904 0.842130 0.048368 0.167593
0 1470 0.315599 0.734259 0.041112 0.170370
0 1473 0.858525 0.291667 0.037485 0.157407
0 1476 0.553204 0.925463 0.045949 0.150926
0 1477 0.578900 0.848611 0.036880 0.137963
0 1478 0.682588 0.653704 0.047158 0.159259
0 1479 0.648428 0.698148 0.055018 0.157407
0 1484 0.929565 0.268519 0.034462 0.151852
0 1486 0.708585 0.382870 0.042322 0.154630
0 1488 0.802902 0.297685 0.047158 0.160185
0 1489 0.868198 0.210648 0.043531 0.152778
0 1490 0.581016 0.477315 0.032648 0.126852
0 1491 0.691354 0.288426 0.039299 0.143519
0 1492 0.961911 0.252778 0.039903 0.142593
0 1493 0.970073 0.312963 0.040508 0.153704
0 1494 0.733978 0.206481 0.030230 0.151852
0 1495 0.725816 0.312963 0.034462 0.087037
0 1496 0.952539 0.178704 0.036880 0.116667
0 1501 0.277207 0.946759 0.044135 0.108333
0 1502 0.444680 0.932407 0.048972 0.129630
0 1503 0.966747 0.943981 0.042322 0.113889
0 1510 0.511790 0.794907 0.046554 0.182407
0 1522 0.466747 0.835185 0.044740 0.162963
0 1523 0.646614 0.812963 0.039299 0.157407
0 1524 0.672612 0.748611 0.048972 0.167593
0 1525 0.622733 0.773148 0.042322 0.153704
0 1526 0.678960 0.803241 0.044740 0.156481
0 1527 0.706771 0.780556 0.042322 0.162963
0 1531 0.584643 0.577778 0.039903 0.146296
0 1532 0.621826 0.592130 0.041717 0.154630
0 1549 0.357920 0.757407 0.044740 0.168519
0 1550 0.504837 0.494907 0.036276 0.136111
0 1551 0.528114 0.479630 0.032044 0.137037
0 1552 0.695284 0.207407 0.032648 0.124074
0 1553 0.673519 0.842593 0.054414 0.174074
0 1554 0.573458 0.889352 0.050181 0.178704
0 1555 0.593410 0.494444 0.044135 0.153704
0 1556 0.607316 0.488426 0.027207 0.115741
0 1557 0.611245 0.565741 0.039903 0.157407
0 1558 0.675333 0.875926 0.067715 0.181481
0 1559 0.625453 0.918519 0.045345 0.155556
0 1562 0.653567 0.932407 0.047158 0.137037
0 1563 0.636034 0.946296 0.037485 0.109259
0 1565 0.528416 0.831944 0.045949 0.195370
0 1567 0.482164 0.429167 0.034462 0.132407
0 1568 0.484885 0.588426 0.039903 0.156481
0 1569 0.473700 0.566204 0.033253 0.156481
0 1570 0.285671 0.564352 0.046554 0.160185
0 1571 0.687122 0.172222 0.034462 0.118519
0 1572 0.399033 0.339352 0.038694 0.149074
0 1573 0.511185 0.392130 0.027207 0.126852
0 1574 0.612455 0.845833 0.047158 0.176852
0 1575 0.208888 0.958796 0.044135 0.084259
0 1576 0.156590 0.976389 0.042322 0.049074
0 1583 0.639057 0.420833 0.032648 0.115741
0 1584 0.613059 0.428241 0.038694 0.167593
0 1587 0.064087 0.749074 0.051995 0.172222
0 1588 0.015115 0.752778 0.029021 0.159259
0 1590 0.371826 0.974537 0.045949 0.052778
0 1591 0.429262 0.970833 0.048368 0.060185
0 1592 0.428658 0.641204 0.043531 0.169444
0 1593 0.460701 0.653704 0.042322 0.159259
0 1594 0.396614 0.616667 0.044740 0.168519
0 1595 0.385429 0.644907 0.042926 0.186111
0 1596 0.215538 0.781019 0.048972 0.173148
0 1597 0.248186 0.800926 0.044135 0.187037
0 1598 0.278416 0.736574 0.046554 0.156481
0 1599 0.781741 0.610648 0.054414 0.171296
0 1601 0.829202 0.464815 0.039299 0.150000
0 1602 0.697703 0.594444 0.042322 0.166667
0 1603 0.610943 0.675000 0.046554 0.170370
0 1604 0.854595 0.485185 0.032044 0.100000
0 1605 0.699516 0.561111 0.038694 0.146296
0 1606 0.897219 0.792593 0.047158 0.170370
0 1607 0.798670 0.550926 0.044740 0.153704
0 1608 0.863362 0.575463 0.049577 0.156481
0 1610 0.806832 0.347685 0.038089 0.143519
0 1613 0.978839 0.429167 0.037485 0.163889
0 1615 0.759976 0.380556 0.051995 0.157407
0 1619 0.146312 0.673148 0.053204 0.170370
0 1620 0.786276 0.275926 0.036880 0.148148
0 1621 0.719166 0.169444 0.034462 0.131481
0 1624 0.357013 0.073611 0.036880 0.134259
0 1625 0.126965 0.589352 0.039903 0.176852
0 1626 0.840689 0.370370 0.041717 0.148148
0 1627 0.966747 0.394907 0.033857 0.149074
0 1628 0.940145 0.410648 0.041112 0.156481
0 1629 0.873640 0.365741 0.047158 0.148148
0 1632 0.330713 0.098611 0.026602 0.132407
0 1633 0.313785 0.066204 0.030230 0.117593
0 1634 0.020859 0.859722 0.040508 0.187963
0 1642 0.306530 0.090278 0.035067 0.132407
0 1643 0.815599 0.387963 0.047158 0.162963
0 1646 0.089480 0.680556 0.059250 0.170370
0 1647 0.741233 0.238889 0.037485 0.140741
0 1649 0.970375 0.772685 0.054414 0.173148
0 1650 0.582225 0.650000 0.047158 0.146296
0 1651 0.564692 0.620833 0.033857 0.162037
0 1652 0.605502 0.623611 0.036880 0.162037
0 1653 0.743954 0.683333 0.050181 0.151852
0 1654 0.275393 0.425926 0.036880 0.146296
0 1655 0.544135 0.457407 0.030230 0.140741
0 1656 0.536880 0.445370 0.039903 0.129630
0 1657 0.497279 0.480093 0.032044 0.137963
0 1658 0.411729 0.333796 0.037485 0.134259
0 1659 0.434099 0.353704 0.038694 0.133333
0 1660 0.480955 0.359259 0.032044 0.135185
0 1661 0.522370 0.372222 0.035067 0.151852
0 1662 0.448912 0.518519 0.039299 0.157407
0 1663 0.115478 0.668981 0.035067 0.145370
0 1664 0.318924 0.112963 0.039299 0.120370
0 1666 0.327993 0.327315 0.034462 0.152778
0 1667 0.472793 0.396759 0.027811 0.099074
0 1668 0.493349 0.412037 0.025393 0.114815
0 1669 0.678960 0.435648 0.044740 0.182407
0 1670 0.784462 0.046296 0.032044 0.090741
0 1941 0.002721 0.815741 0.004232 0.170370
0 1942 0.004232 0.149537 0.007255 0.132407
