0 1340 0.476421 0.034722 0.030230 0.067593
0 1341 0.622733 0.072222 0.033857 0.133333
0 1373 0.949819 0.078241 0.042322 0.130556
0 1374 0.955562 0.056481 0.048972 0.111111
0 1375 0.927146 0.066667 0.039299 0.131481
0 1381 0.983374 0.037037 0.032044 0.072222
0 1385 0.675030 0.023148 0.029625 0.044444
0 1390 0.635429 0.048148 0.030230 0.094444
0 1391 0.591294 0.030556 0.030230 0.059259
0 1392 0.674123 0.039815 0.027811 0.077778
0 1395 0.565901 0.037500 0.042322 0.073148
0 1396 0.584341 0.040741 0.027207 0.079630
0 1397 0.601874 0.047685 0.032044 0.093519
0 1398 0.640871 0.094444 0.032648 0.133333
0 1399 0.663543 0.086111 0.034462 0.131481
0 1400 0.621826 0.107407 0.036880 0.138889
0 1401 0.599758 0.074074 0.038694 0.146296
0 1402 0.577086 0.197222 0.039299 0.140741
0 1403 0.616082 0.229630 0.045949 0.146296
0 1404 0.595526 0.139352 0.036276 0.123148
0 1405 0.593410 0.171296 0.040508 0.137037
0 1406 0.639359 0.162500 0.034462 0.154630
0 1407 0.655079 0.199074 0.039299 0.140741
0 1408 0.725816 0.152315 0.035671 0.128704
0 1409 0.718561 0.136574 0.029625 0.126852
0 1410 0.660520 0.286111 0.038089 0.142593
0 1411 0.667775 0.243981 0.039299 0.128704
0 1412 0.753930 0.197222 0.035067 0.129630
0 1413 0.783857 0.191204 0.041717 0.137963
0 1414 0.823761 0.155093 0.038089 0.154630
0 1415 0.873035 0.122685 0.039903 0.150926
0 1416 0.922612 0.148148 0.035067 0.148148
0 1417 0.948609 0.125463 0.032648 0.132407
0 1418 0.977025 0.103241 0.038694 0.117593
0 1419 0.970677 0.233333 0.034462 0.142593
0 1420 0.946493 0.240741 0.039299 0.148148
0 1421 0.855200 0.356944 0.048972 0.143519
0 1422 0.892080 0.361111 0.044135 0.137037
0 1424 0.814994 0.291204 0.039903 0.134259
0 1425 0.825272 0.256019 0.033857 0.141667
0 1426 0.849758 0.264815 0.039299 0.140741
0 1427 0.418077 0.107407 0.040508 0.131481
0 1428 0.438936 0.145833 0.043531 0.132407
0 1429 0.794740 0.368519 0.033253 0.150000
0 1430 0.762696 0.367130 0.041717 0.167593
0 1431 0.718863 0.281944 0.032648 0.115741
0 1432 0.722793 0.325926 0.039299 0.129630
0 1433 0.677449 0.381019 0.036880 0.137963
0 1434 0.197703 0.164815 0.035067 0.137037
0 1435 0.046856 0.161111 0.036880 0.137037
0 1436 0.017231 0.156019 0.033253 0.145370
0 1437 0.055320 0.124537 0.038089 0.126852
0 1438 0.006046 0.293519 0.010883 0.157407
0 1439 0.264813 0.281019 0.035067 0.150926
0 1440 0.227630 0.278704 0.040508 0.150000
0 1441 0.198912 0.334722 0.044740 0.154630
0 1442 0.179867 0.313426 0.034462 0.150926
0 1443 0.333434 0.346759 0.036880 0.134259
0 1444 0.303507 0.331481 0.041112 0.135185
0 1445 0.293531 0.352315 0.046554 0.145370
0 1446 0.684099 0.277778 0.036880 0.137037
0 1447 0.740024 0.248611 0.044740 0.162037
0 1448 0.730955 0.345833 0.035067 0.121296
0 1450 0.707981 0.406019 0.035067 0.149074
0 1451 0.736397 0.410185 0.037485 0.146296
0 1452 0.658404 0.479167 0.035067 0.134259
0 1453 0.724305 0.434259 0.044740 0.157407
0 1454 0.686215 0.445370 0.039903 0.151852
0 1455 0.731258 0.541667 0.042926 0.153704
0 1456 0.787183 0.288889 0.042322 0.151852
0 1457 0.004534 0.949537 0.007860 0.102778
0 1461 0.039903 0.908796 0.061669 0.158333
0 1469 0.330109 0.709722 0.038694 0.149074
0 1470 0.322551 0.638889 0.046554 0.170370
0 1473 0.843712 0.232870 0.039299 0.156481
0 1476 0.632406 0.886111 0.056832 0.175926
0 1477 0.646312 0.836574 0.037485 0.137963
0 1478 0.728537 0.582407 0.047158 0.159259
0 1479 0.686820 0.611111 0.051995 0.148148
0 1484 0.924426 0.223148 0.035067 0.151852
0 1485 0.709190 0.948611 0.043531 0.104630
0 1486 0.693773 0.326852 0.036880 0.153704
0 1488 0.799879 0.230556 0.041112 0.135185
0 1489 0.889964 0.158796 0.043531 0.149074
0 1490 0.581923 0.470833 0.032044 0.126852
0 1491 0.692261 0.246296 0.035067 0.142593
0 1492 0.928053 0.200000 0.037485 0.142593
0 1493 0.972491 0.268056 0.039299 0.154630
0 1494 0.704958 0.158333 0.030230 0.137037
0 1495 0.716747 0.263889 0.034462 0.083333
0 1496 0.949214 0.135648 0.037485 0.115741
0 1501 0.277207 0.946759 0.044135 0.108333
0 1502 0.444680 0.932407 0.048972 0.129630
0 1503 0.922612 0.936574 0.053204 0.128704
0 1510 0.512696 0.783333 0.050786 0.174074
0 1522 0.468863 0.828704 0.044135 0.162963
0 1523 0.642684 0.787963 0.039903 0.157407
0 1524 0.668077 0.753704 0.048368 0.168519
0 1525 0.615780 0.757870 0.041717 0.160185
0 1526 0.678053 0.793981 0.044135 0.156481
0 1527 0.700726 0.772222 0.037485 0.162963
0 1531 0.590387 0.561111 0.039299 0.146296
0 1532 0.621221 0.581944 0.040508 0.160185
0 1535 0.577086 0.982870 0.040508 0.036111
0 1536 0.625151 0.983796 0.030230 0.034259
0 1548 0.688029 0.973148 0.044740 0.055556
0 1549 0.356409 0.752778 0.044135 0.166667
0 1550 0.507255 0.492593 0.035067 0.140741
0 1551 0.525091 0.473611 0.038089 0.137963
0 1552 0.667775 0.212963 0.032044 0.124074
0 1553 0.748791 0.775000 0.053809 0.162963
0 1554 0.629081 0.838889 0.055018 0.170370
0 1555 0.591596 0.493519 0.044135 0.153704
0 1556 0.609432 0.483796 0.027811 0.115741
0 1557 0.612757 0.562963 0.040508 0.157407
0 1558 0.743652 0.868056 0.053204 0.173148
0 1559 0.678053 0.884259 0.055018 0.161111
0 1562 0.529021 0.912500 0.045949 0.165741
0 1563 0.524788 0.930556 0.043531 0.137037
0 1565 0.526602 0.825926 0.047158 0.192593
0 1567 0.479746 0.419907 0.034462 0.132407
0 1568 0.455562 0.564352 0.034462 0.156481
0 1569 0.419287 0.540278 0.034462 0.156481
0 1570 0.293531 0.535648 0.039299 0.160185
0 1571 0.682890 0.207407 0.029625 0.118519
0 1572 0.395405 0.332870 0.039903 0.149074
0 1573 0.512999 0.389352 0.027207 0.126852
0 1574 0.696493 0.825463 0.045949 0.167593
0 1575 0.179262 0.925926 0.044135 0.150000
0 1576 0.123942 0.931944 0.053204 0.137963
0 1583 0.584341 0.342593 0.032044 0.112963
0 1584 0.565901 0.342593 0.036276 0.142593
0 1587 0.024184 0.667593 0.047158 0.177778
0 1588 0.003325 0.645370 0.005441 0.153704
0 1589 0.016626 0.978241 0.032044 0.045370
0 1590 0.329504 0.906019 0.053204 0.167593
0 1591 0.368198 0.909259 0.053204 0.170370
0 1592 0.428053 0.609259 0.044740 0.162963
0 1593 0.452842 0.638426 0.051995 0.160185
0 1594 0.395405 0.598148 0.043531 0.168519
0 1595 0.372733 0.613889 0.041717 0.179630
0 1596 0.276300 0.712963 0.045949 0.170370
0 1597 0.301995 0.694444 0.044135 0.179630
0 1598 0.283253 0.645833 0.045345 0.156481
0 1599 0.756348 0.525926 0.045949 0.162963
0 1601 0.790810 0.415278 0.041112 0.152778
0 1602 0.712515 0.509722 0.039299 0.162037
0 1603 0.653567 0.642130 0.045949 0.171296
0 1604 0.811669 0.436574 0.032044 0.095370
0 1605 0.689238 0.486111 0.039903 0.146296
0 1606 0.879686 0.684259 0.044740 0.159259
0 1607 0.760883 0.475000 0.040508 0.142593
0 1608 0.821644 0.500463 0.048368 0.154630
0 1609 0.977328 0.186574 0.029625 0.108333
0 1610 0.809553 0.303241 0.035067 0.132407
0 1613 0.964933 0.372222 0.041112 0.161111
0 1615 0.766929 0.331481 0.041717 0.157407
0 1619 0.150544 0.606481 0.054414 0.168519
0 1620 0.777207 0.230093 0.035671 0.141667
0 1621 0.694075 0.131481 0.035067 0.131481
0 1624 0.357618 0.073611 0.036880 0.134259
0 1625 0.132104 0.519907 0.055018 0.162037
0 1626 0.839178 0.318519 0.038694 0.138889
0 1627 0.950726 0.329167 0.032044 0.137963
0 1628 0.923216 0.354630 0.039903 0.151852
0 1629 0.875756 0.312500 0.041717 0.141667
0 1632 0.330713 0.091204 0.026602 0.132407
0 1633 0.313785 0.058796 0.030230 0.115741
0 1634 0.021161 0.848611 0.041112 0.187963
0 1642 0.306530 0.082870 0.035067 0.132407
0 1643 0.805320 0.338889 0.045949 0.162963
0 1646 0.076481 0.577778 0.055018 0.153704
0 1647 0.715538 0.200000 0.036880 0.140741
0 1648 0.982467 0.175926 0.032648 0.140741
0 1649 0.953446 0.670833 0.048368 0.173148
0 1650 0.590689 0.639815 0.047158 0.146296
0 1651 0.564087 0.612500 0.035067 0.165741
0 1652 0.608525 0.617130 0.036880 0.162037
0 1653 0.770859 0.703241 0.049577 0.149074
0 1654 0.275695 0.422222 0.037485 0.146296
0 1655 0.542322 0.435185 0.030230 0.140741
0 1656 0.538089 0.424074 0.038694 0.127778
0 1657 0.499395 0.472685 0.032648 0.137963
0 1658 0.412938 0.325463 0.037485 0.134259
0 1659 0.435611 0.346296 0.039299 0.137037
0 1660 0.480955 0.350926 0.032044 0.135185
0 1661 0.531741 0.363426 0.036880 0.150926
0 1662 0.448005 0.511111 0.038694 0.157407
0 1663 0.116989 0.573611 0.032044 0.137963
0 1664 0.317715 0.101852 0.039299 0.120370
0 1666 0.324970 0.319444 0.034462 0.153704
0 1667 0.472793 0.391204 0.027811 0.099074
0 1668 0.491838 0.407870 0.025998 0.115741
0 1669 0.627267 0.364815 0.044135 0.175926
0 1670 0.786276 0.044444 0.032044 0.087037
0 1942 0.003930 0.147222 0.006651 0.129630
