0 1340 0.480955 0.028241 0.029625 0.054630
0 1341 0.626965 0.066667 0.033857 0.127778
0 1373 0.956469 0.068519 0.042322 0.129630
0 1374 0.957981 0.050926 0.048972 0.100000
0 1375 0.934704 0.058796 0.039903 0.115741
0 1381 0.983374 0.030556 0.032044 0.059259
0 1385 0.659311 0.018519 0.033253 0.035185
0 1390 0.616687 0.038889 0.030230 0.075926
0 1391 0.577993 0.026852 0.030230 0.051852
0 1392 0.659008 0.039352 0.027811 0.076852
0 1395 0.546252 0.036111 0.041717 0.070370
0 1396 0.567412 0.034259 0.027207 0.066667
0 1397 0.593712 0.043519 0.033857 0.085185
0 1398 0.644196 0.077778 0.032044 0.129630
0 1399 0.667473 0.076852 0.033857 0.131481
0 1400 0.613664 0.097685 0.036276 0.132407
0 1401 0.608222 0.074074 0.038694 0.146296
0 1402 0.578597 0.188889 0.038694 0.140741
0 1403 0.616082 0.220370 0.045949 0.146296
0 1404 0.579202 0.123611 0.036276 0.123148
0 1405 0.584946 0.160185 0.039299 0.137037
0 1406 0.630593 0.146296 0.035067 0.150000
0 1407 0.651451 0.186111 0.039299 0.140741
0 1408 0.718259 0.143056 0.035067 0.128704
0 1409 0.713724 0.128241 0.029625 0.126852
0 1410 0.651451 0.271296 0.036880 0.137037
0 1411 0.674426 0.243981 0.039299 0.128704
0 1412 0.756046 0.187963 0.034462 0.129630
0 1413 0.786880 0.181019 0.041717 0.137963
0 1414 0.826784 0.137037 0.038089 0.159259
0 1415 0.878476 0.111574 0.039903 0.150926
0 1416 0.924426 0.138426 0.035067 0.149074
0 1417 0.948609 0.113426 0.032648 0.132407
0 1418 0.974909 0.093981 0.039299 0.117593
0 1419 0.974002 0.225926 0.035067 0.142593
0 1420 0.941657 0.233333 0.039299 0.148148
0 1421 0.849758 0.346759 0.048972 0.143519
0 1422 0.890568 0.348148 0.043531 0.137037
0 1423 0.991536 0.381481 0.015719 0.092593
0 1424 0.819226 0.281944 0.039903 0.134259
0 1425 0.825272 0.242593 0.033857 0.140741
0 1426 0.847340 0.251389 0.038089 0.139815
0 1427 0.432285 0.090741 0.036276 0.131481
0 1428 0.457981 0.131019 0.039299 0.132407
0 1429 0.797763 0.354167 0.034462 0.141667
0 1430 0.763301 0.355556 0.040508 0.168519
0 1431 0.720375 0.298611 0.032044 0.121296
0 1432 0.725816 0.339815 0.039299 0.129630
0 1433 0.664148 0.367130 0.036880 0.137963
0 1434 0.203144 0.145833 0.035067 0.134259
0 1435 0.062576 0.151389 0.036880 0.137963
0 1436 0.024788 0.142130 0.045949 0.145370
0 1437 0.065296 0.110185 0.037485 0.125926
0 1438 0.009674 0.276852 0.018138 0.157407
0 1439 0.283857 0.266204 0.033253 0.150926
0 1440 0.249395 0.259722 0.042926 0.145370
0 1441 0.215840 0.314352 0.044740 0.154630
0 1442 0.201330 0.296296 0.033857 0.148148
0 1443 0.335852 0.340278 0.036880 0.134259
0 1444 0.298065 0.326389 0.041112 0.137963
0 1445 0.291415 0.351389 0.043531 0.145370
0 1446 0.691657 0.270370 0.035067 0.137037
0 1447 0.738210 0.237500 0.044740 0.162037
0 1448 0.733374 0.360648 0.035067 0.121296
0 1450 0.692261 0.388426 0.035067 0.149074
0 1451 0.715236 0.391667 0.037485 0.146296
0 1452 0.651149 0.462500 0.035067 0.134259
0 1453 0.714933 0.418056 0.041717 0.156481
0 1454 0.679262 0.431481 0.039299 0.151852
0 1455 0.725212 0.527778 0.039299 0.153704
0 1456 0.789601 0.278704 0.042322 0.151852
0 1461 0.022068 0.904167 0.042926 0.160185
0 1469 0.337364 0.688426 0.038694 0.145370
0 1470 0.313482 0.614815 0.046554 0.170370
0 1473 0.846735 0.217593 0.038089 0.157407
0 1476 0.649940 0.880093 0.051995 0.175000
0 1477 0.672914 0.829167 0.042322 0.137963
0 1478 0.737304 0.567593 0.048972 0.157407
0 1479 0.690750 0.584259 0.051391 0.135185
0 1484 0.918380 0.213889 0.035067 0.151852
0 1485 0.728537 0.932870 0.053204 0.134259
0 1486 0.688634 0.317130 0.037485 0.154630
0 1488 0.799879 0.220370 0.041112 0.135185
0 1489 0.892382 0.146759 0.043531 0.149074
0 1490 0.581923 0.468981 0.032044 0.126852
0 1491 0.699819 0.235648 0.034462 0.143519
0 1492 0.922310 0.187963 0.036880 0.142593
0 1493 0.970375 0.256019 0.038694 0.154630
0 1494 0.697703 0.145833 0.030230 0.130556
0 1495 0.714027 0.251389 0.033857 0.082407
0 1496 0.949516 0.127778 0.036880 0.116667
0 1501 0.277811 0.946759 0.044135 0.108333
0 1502 0.444680 0.932407 0.048972 0.129630
0 1503 0.922007 0.935648 0.053204 0.130556
0 1510 0.512696 0.780556 0.050786 0.172222
0 1522 0.468259 0.826852 0.044135 0.162963
0 1523 0.642684 0.787963 0.039903 0.157407
0 1524 0.669891 0.750000 0.048368 0.168519
0 1525 0.616385 0.753704 0.041717 0.155556
0 1526 0.676239 0.793981 0.044135 0.156481
0 1527 0.699516 0.773148 0.037485 0.162963
0 1531 0.590085 0.560185 0.039903 0.146296
0 1532 0.619407 0.583333 0.039299 0.159259
0 1535 0.595526 0.971759 0.049577 0.058333
0 1536 0.637243 0.973611 0.044740 0.052778
0 1548 0.724607 0.957870 0.044135 0.086111
0 1549 0.356106 0.751852 0.043531 0.166667
0 1550 0.508767 0.491204 0.034462 0.143519
0 1551 0.527207 0.469444 0.037485 0.138889
0 1552 0.654474 0.215741 0.032044 0.124074
0 1553 0.747884 0.755093 0.051995 0.162037
0 1554 0.642987 0.837963 0.061064 0.170370
0 1555 0.591596 0.492593 0.044135 0.153704
0 1556 0.611245 0.483796 0.027811 0.115741
0 1557 0.612152 0.562963 0.040508 0.157407
0 1558 0.761185 0.861574 0.051995 0.173148
0 1559 0.693773 0.880556 0.053809 0.162963
0 1562 0.499698 0.898148 0.051391 0.164815
0 1563 0.491838 0.923611 0.044135 0.154630
0 1565 0.524486 0.824537 0.048972 0.197222
0 1567 0.479746 0.417130 0.034462 0.132407
0 1568 0.446493 0.556944 0.034462 0.156481
0 1569 0.400846 0.532870 0.032648 0.156481
0 1570 0.295345 0.534722 0.039299 0.160185
0 1571 0.667775 0.209722 0.030834 0.119444
0 1572 0.394800 0.331944 0.039903 0.149074
0 1573 0.512394 0.389352 0.027207 0.126852
0 1574 0.726421 0.821759 0.046554 0.167593
0 1575 0.164148 0.911111 0.044135 0.159259
0 1576 0.117291 0.918056 0.053204 0.165741
0 1583 0.565296 0.323611 0.031439 0.110185
0 1584 0.549577 0.328704 0.035067 0.142593
0 1587 0.023277 0.645370 0.045345 0.175926
0 1589 0.027207 0.964352 0.048368 0.073148
0 1590 0.321040 0.877315 0.054414 0.178704
0 1591 0.360943 0.893056 0.053204 0.187963
0 1592 0.434704 0.593981 0.044740 0.160185
0 1593 0.452539 0.637963 0.053809 0.159259
0 1594 0.398428 0.596296 0.043531 0.162963
0 1595 0.374547 0.609259 0.041717 0.177778
0 1596 0.278114 0.686574 0.045949 0.165741
0 1597 0.307134 0.667593 0.043531 0.179630
0 1598 0.276300 0.624537 0.043531 0.156481
0 1599 0.753628 0.509259 0.041717 0.161111
0 1601 0.783555 0.404630 0.041112 0.153704
0 1602 0.710701 0.489815 0.039299 0.162963
0 1603 0.663845 0.622685 0.045949 0.171296
0 1604 0.803507 0.424537 0.031439 0.095370
0 1605 0.685308 0.468519 0.039299 0.146296
0 1606 0.876663 0.657407 0.044740 0.155556
0 1607 0.752418 0.460185 0.035671 0.142593
0 1608 0.813785 0.484722 0.048368 0.158333
0 1609 0.966143 0.182870 0.029021 0.108333
0 1610 0.804716 0.293981 0.035067 0.132407
0 1613 0.959492 0.360185 0.041112 0.157407
0 1615 0.763906 0.324074 0.041717 0.157407
0 1619 0.148126 0.579630 0.054414 0.166667
0 1620 0.773881 0.219444 0.035067 0.140741
0 1621 0.688634 0.121296 0.035067 0.131481
0 1624 0.357618 0.073611 0.036880 0.134259
0 1625 0.131197 0.495370 0.053204 0.161111
0 1626 0.838573 0.306019 0.039903 0.134259
0 1627 0.945284 0.318056 0.032044 0.137963
0 1628 0.922310 0.341667 0.039299 0.144444
0 1629 0.872430 0.300463 0.041112 0.137963
0 1632 0.330713 0.088426 0.026602 0.132407
0 1633 0.312576 0.058796 0.030230 0.115741
0 1634 0.021161 0.847685 0.041112 0.187963
0 1642 0.305320 0.081944 0.035067 0.132407
0 1643 0.803809 0.330556 0.045345 0.162963
0 1646 0.078597 0.556019 0.055623 0.152778
0 1647 0.705562 0.189815 0.037485 0.140741
0 1648 0.973398 0.175000 0.037485 0.146296
0 1649 0.950726 0.646759 0.048972 0.167593
0 1650 0.591294 0.639815 0.047158 0.146296
0 1651 0.563482 0.610185 0.035067 0.168519
0 1652 0.608827 0.612963 0.036276 0.157407
0 1653 0.775695 0.703241 0.047158 0.149074
0 1654 0.275695 0.421296 0.037485 0.146296
0 1655 0.541717 0.432407 0.030230 0.140741
0 1656 0.537183 0.423148 0.036880 0.127778
0 1657 0.499395 0.471759 0.032648 0.137963
0 1658 0.414752 0.324537 0.037485 0.134259
0 1659 0.438634 0.342130 0.039299 0.139815
0 1660 0.480955 0.349074 0.032044 0.135185
0 1661 0.526300 0.361574 0.036880 0.150926
0 1662 0.448307 0.509259 0.039299 0.157407
0 1663 0.121826 0.552315 0.032044 0.137963
0 1664 0.318017 0.100000 0.039903 0.120370
0 1666 0.325272 0.318981 0.035067 0.149074
0 1667 0.472793 0.389815 0.027811 0.100000
0 1668 0.492443 0.406019 0.025998 0.115741
0 1669 0.611548 0.348611 0.044135 0.173148
0 1670 0.786880 0.044444 0.032044 0.087037
0 1942 0.003930 0.145833 0.006651 0.128704
