0 1339 0.461306 0.082870 0.039903 0.123148
0 1340 0.451330 0.075463 0.034462 0.132407
0 1341 0.616385 0.119907 0.035671 0.141667
0 1342 0.188029 0.034259 0.030230 0.066667
0 1367 0.454958 0.057407 0.034462 0.112963
0 1369 0.491536 0.058796 0.030230 0.115741
0 1371 0.522672 0.055093 0.032044 0.108333
0 1372 0.501814 0.058796 0.032648 0.115741
0 1373 0.936215 0.136111 0.044135 0.131481
0 1374 0.940750 0.098148 0.048368 0.135185
0 1375 0.911427 0.125463 0.039299 0.137963
0 1381 0.973398 0.090278 0.032648 0.121296
0 1382 0.936518 0.065278 0.037485 0.119444
0 1385 0.729444 0.050463 0.029625 0.099074
0 1387 0.277509 0.055093 0.037485 0.108333
0 1388 0.603083 0.049537 0.044135 0.097222
0 1389 0.670496 0.029630 0.032648 0.057407
0 1390 0.697098 0.067593 0.027811 0.118519
0 1391 0.651149 0.048611 0.031439 0.095370
0 1392 0.698307 0.066204 0.027811 0.093519
0 1393 0.662636 0.055093 0.032648 0.099074
0 1395 0.628779 0.051852 0.036276 0.101852
0 1396 0.631197 0.049074 0.027811 0.090741
0 1397 0.677146 0.061111 0.031439 0.120370
0 1398 0.636638 0.154630 0.032648 0.140741
0 1399 0.650242 0.141204 0.032044 0.132407
0 1400 0.653567 0.170370 0.039903 0.140741
0 1401 0.602479 0.091667 0.041717 0.151852
0 1402 0.567715 0.231944 0.039903 0.145370
0 1403 0.629383 0.312037 0.045949 0.142593
0 1404 0.653567 0.204167 0.035067 0.123148
0 1405 0.633918 0.231019 0.044135 0.149074
0 1406 0.675635 0.232407 0.044135 0.162963
0 1407 0.676542 0.262963 0.039903 0.140741
0 1408 0.768742 0.201389 0.036880 0.139815
0 1409 0.752721 0.181019 0.031439 0.126852
0 1410 0.685611 0.356481 0.039903 0.148148
0 1411 0.636941 0.278704 0.041717 0.129630
0 1412 0.741838 0.234259 0.035067 0.129630
0 1413 0.772672 0.231019 0.042322 0.137963
0 1414 0.808343 0.241667 0.036276 0.148148
0 1415 0.849758 0.193981 0.044135 0.150926
0 1416 0.920193 0.199074 0.032648 0.148148
0 1417 0.953144 0.177315 0.034462 0.132407
0 1418 0.982769 0.161574 0.033253 0.117593
0 1419 0.974305 0.291204 0.033253 0.150926
0 1420 0.946493 0.287037 0.042926 0.148148
0 1421 0.872430 0.442593 0.048368 0.142593
0 1422 0.920798 0.431944 0.041112 0.137963
0 1424 0.787787 0.343056 0.038694 0.134259
0 1425 0.837969 0.325000 0.037485 0.153704
0 1426 0.903265 0.316204 0.039903 0.139815
0 1427 0.320435 0.188426 0.044740 0.141667
0 1428 0.334946 0.229167 0.044740 0.137963
0 1429 0.809250 0.458796 0.038089 0.154630
0 1430 0.774788 0.458796 0.044135 0.167593
0 1431 0.711004 0.204167 0.032648 0.115741
0 1432 0.710399 0.260185 0.039903 0.124074
0 1433 0.750907 0.492130 0.042322 0.160185
0 1434 0.169891 0.261574 0.033857 0.139815
0 1435 0.007557 0.229630 0.013906 0.146296
0 1437 0.006953 0.206481 0.012696 0.125926
0 1439 0.162334 0.395833 0.047763 0.156481
0 1440 0.122128 0.395370 0.044740 0.155556
0 1441 0.084341 0.452778 0.046554 0.164815
0 1442 0.072551 0.427315 0.036276 0.158333
0 1443 0.335550 0.358333 0.036276 0.135185
0 1444 0.299577 0.343056 0.040508 0.134259
0 1445 0.299274 0.365741 0.035067 0.146296
0 1446 0.692563 0.329630 0.044135 0.137037
0 1447 0.750907 0.295833 0.044740 0.162037
0 1448 0.712213 0.282870 0.035067 0.121296
0 1450 0.787183 0.494907 0.035067 0.147222
0 1451 0.815901 0.523148 0.036880 0.151852
0 1452 0.677449 0.586111 0.036880 0.148148
0 1453 0.772672 0.536574 0.049577 0.162037
0 1454 0.729141 0.537963 0.044740 0.148148
0 1455 0.765115 0.658796 0.046554 0.163889
0 1456 0.759976 0.335185 0.042322 0.151852
0 1457 0.053204 0.957870 0.054414 0.084259
0 1461 0.155683 0.927778 0.045345 0.146296
0 1462 0.053809 0.917593 0.049577 0.166667
0 1463 0.082830 0.946759 0.050786 0.108333
0 1469 0.237606 0.880093 0.050786 0.150926
0 1470 0.302902 0.764815 0.044740 0.170370
0 1473 0.868198 0.306944 0.039903 0.156481
0 1476 0.528114 0.938889 0.046554 0.124074
0 1477 0.568017 0.868056 0.040508 0.132407
0 1478 0.672612 0.673148 0.044135 0.159259
0 1479 0.636034 0.724074 0.056832 0.161111
0 1484 0.927146 0.278704 0.034462 0.151852
0 1486 0.708585 0.395370 0.042322 0.155556
0 1488 0.807437 0.314352 0.046554 0.160185
0 1489 0.855502 0.235185 0.043531 0.162963
0 1490 0.581016 0.479167 0.032648 0.126852
0 1491 0.698005 0.302315 0.039299 0.143519
0 1492 0.970979 0.272222 0.039903 0.142593
0 1493 0.968863 0.323611 0.044135 0.154630
0 1494 0.743047 0.217593 0.030230 0.151852
0 1495 0.725212 0.322685 0.035671 0.086111
0 1496 0.954353 0.196759 0.036880 0.121296
0 1501 0.277207 0.946759 0.044135 0.108333
0 1502 0.444680 0.932407 0.048972 0.129630
0 1503 0.981560 0.946759 0.035671 0.108333
0 1510 0.510883 0.793981 0.047158 0.182407
0 1522 0.466747 0.837037 0.044740 0.162963
0 1523 0.654776 0.825926 0.038694 0.157407
0 1524 0.673216 0.747685 0.048972 0.167593
0 1525 0.628174 0.786111 0.042322 0.153704
0 1526 0.678960 0.801389 0.044740 0.156481
0 1527 0.707376 0.780556 0.042322 0.162963
0 1531 0.581620 0.580556 0.039903 0.146296
0 1532 0.620919 0.596296 0.041112 0.153704
0 1549 0.357316 0.759722 0.044740 0.167593
0 1550 0.506046 0.494907 0.037485 0.136111
0 1551 0.530532 0.481944 0.035671 0.137963
0 1552 0.695889 0.190741 0.032648 0.124074
0 1553 0.654474 0.857407 0.053809 0.174074
0 1554 0.556832 0.908796 0.050786 0.169444
0 1555 0.593410 0.493519 0.044135 0.153704
0 1556 0.601572 0.483796 0.027811 0.115741
0 1557 0.610036 0.567593 0.039903 0.157407
0 1558 0.661427 0.899074 0.054414 0.181481
0 1559 0.607920 0.932407 0.044135 0.137037
0 1562 0.679262 0.928241 0.046554 0.145370
0 1563 0.667170 0.938889 0.038089 0.122222
0 1565 0.529625 0.829167 0.047158 0.189815
0 1566 0.010278 0.953241 0.019347 0.093519
0 1567 0.479746 0.428241 0.034462 0.132407
0 1568 0.482769 0.598148 0.038089 0.157407
0 1569 0.489117 0.573611 0.032648 0.156481
0 1570 0.283555 0.572685 0.048368 0.160185
0 1571 0.687727 0.157407 0.034462 0.118519
0 1572 0.398126 0.340278 0.039299 0.149074
0 1573 0.511185 0.393056 0.027207 0.126852
0 1574 0.599758 0.864352 0.045949 0.176852
0 1575 0.217352 0.973148 0.041717 0.055556
0 1583 0.647521 0.451389 0.032648 0.115741
0 1584 0.624849 0.452315 0.039299 0.167593
0 1587 0.082225 0.773148 0.051995 0.175926
0 1588 0.026300 0.782870 0.044135 0.160185
0 1592 0.425030 0.649537 0.042322 0.165741
0 1593 0.463422 0.655093 0.040508 0.158333
0 1594 0.396614 0.622222 0.044740 0.168519
0 1595 0.393289 0.647685 0.041717 0.180556
0 1596 0.188634 0.806019 0.045949 0.175000
0 1597 0.223700 0.830556 0.042322 0.187037
0 1598 0.265417 0.767593 0.045949 0.157407
0 1599 0.791717 0.642130 0.053809 0.171296
0 1601 0.839480 0.479167 0.039299 0.147222
0 1602 0.687424 0.623611 0.044740 0.171296
0 1603 0.607316 0.681481 0.046554 0.166667
0 1604 0.865780 0.508333 0.032648 0.101852
0 1605 0.700726 0.585185 0.038694 0.146296
0 1606 0.905985 0.830093 0.053809 0.171296
0 1607 0.812878 0.574537 0.046554 0.154630
0 1608 0.872430 0.595833 0.049577 0.156481
0 1610 0.803507 0.363889 0.039903 0.146296
0 1613 0.981258 0.444907 0.035067 0.162037
0 1615 0.762092 0.397222 0.053809 0.157407
0 1619 0.136034 0.687500 0.054414 0.173148
0 1620 0.790508 0.292593 0.036880 0.148148
0 1621 0.729746 0.179630 0.035067 0.131481
0 1624 0.355804 0.073611 0.036880 0.134259
0 1625 0.119710 0.589815 0.039903 0.175926
0 1626 0.844015 0.387963 0.042322 0.148148
0 1627 0.975212 0.414352 0.033857 0.149074
0 1628 0.948609 0.428241 0.041112 0.156481
0 1629 0.879988 0.385185 0.046554 0.148148
0 1632 0.330713 0.095833 0.026602 0.134259
0 1633 0.313482 0.064352 0.028416 0.117593
0 1634 0.020859 0.858796 0.040508 0.187963
0 1642 0.305925 0.088426 0.035067 0.132407
0 1643 0.817412 0.407407 0.047158 0.162963
0 1646 0.086759 0.692130 0.063482 0.154630
0 1647 0.745466 0.247222 0.037485 0.140741
0 1649 0.975212 0.804167 0.047158 0.178704
0 1650 0.579807 0.652778 0.047158 0.146296
0 1651 0.565296 0.622685 0.033857 0.165741
0 1652 0.608222 0.623611 0.037485 0.162037
0 1653 0.734583 0.679630 0.049577 0.151852
0 1654 0.275393 0.427778 0.036880 0.146296
0 1655 0.544438 0.461111 0.029625 0.140741
0 1656 0.541112 0.463889 0.039903 0.146296
0 1657 0.499698 0.483796 0.032044 0.137963
0 1658 0.411125 0.331019 0.037485 0.134259
0 1659 0.434099 0.356481 0.038694 0.137037
0 1660 0.480955 0.361111 0.032044 0.135185
0 1661 0.523579 0.374074 0.037485 0.151852
0 1662 0.447400 0.518981 0.039903 0.156481
0 1663 0.110641 0.679167 0.035067 0.139815
0 1664 0.320133 0.117593 0.039299 0.120370
0 1666 0.333132 0.336574 0.035067 0.141667
0 1667 0.473398 0.396759 0.027811 0.099074
0 1668 0.493349 0.412963 0.025393 0.112963
0 1669 0.689238 0.458796 0.044740 0.182407
0 1670 0.784462 0.046759 0.032044 0.091667
0 1941 0.003023 0.815741 0.004837 0.170370
0 1942 0.004534 0.148611 0.007860 0.132407
