0 1339 0.449516 0.097685 0.039299 0.126852
0 1340 0.435913 0.094907 0.030230 0.134259
0 1341 0.614873 0.138426 0.038694 0.149074
0 1342 0.201935 0.044444 0.030230 0.087037
0 1344 0.227630 0.020833 0.025998 0.039815
0 1345 0.164752 0.032407 0.032044 0.062963
0 1367 0.474909 0.066667 0.034462 0.129630
0 1369 0.518138 0.086574 0.037485 0.123148
0 1371 0.551088 0.067593 0.032044 0.116667
0 1372 0.531137 0.076852 0.032044 0.124074
0 1373 0.944075 0.151852 0.044135 0.131481
0 1374 0.931681 0.113426 0.042322 0.134259
0 1375 0.915961 0.143056 0.039903 0.137963
0 1376 0.977025 0.092130 0.032648 0.123148
0 1381 0.973398 0.105093 0.032648 0.121296
0 1382 0.934099 0.080093 0.037485 0.134259
0 1385 0.743652 0.056944 0.032648 0.110185
0 1387 0.257860 0.067130 0.039299 0.125000
0 1388 0.599154 0.060185 0.044740 0.118519
0 1389 0.688331 0.037500 0.032044 0.073148
0 1390 0.711608 0.067593 0.027811 0.118519
0 1391 0.656590 0.050926 0.036276 0.100000
0 1392 0.708585 0.069907 0.027811 0.093519
0 1393 0.683192 0.060185 0.032648 0.098148
0 1395 0.643894 0.055556 0.033857 0.109259
0 1396 0.634825 0.050000 0.027811 0.090741
0 1397 0.696191 0.062037 0.032044 0.122222
0 1398 0.636034 0.166667 0.032648 0.140741
0 1399 0.650242 0.156944 0.032044 0.132407
0 1400 0.660218 0.187963 0.039903 0.140741
0 1401 0.618803 0.100000 0.041717 0.153704
0 1402 0.573761 0.234722 0.039903 0.139815
0 1403 0.630593 0.341667 0.047158 0.153704
0 1404 0.664148 0.224074 0.036880 0.127778
0 1405 0.645405 0.246759 0.044135 0.149074
0 1406 0.679565 0.241667 0.041112 0.162963
0 1407 0.677449 0.277778 0.039299 0.140741
0 1408 0.775393 0.211111 0.038089 0.131481
0 1409 0.761185 0.191204 0.032648 0.126852
0 1410 0.678960 0.393519 0.039903 0.153704
0 1411 0.631499 0.266667 0.041717 0.129630
0 1412 0.738210 0.237963 0.035067 0.129630
0 1413 0.769045 0.240278 0.042322 0.137963
0 1414 0.781137 0.268519 0.036276 0.148148
0 1415 0.839782 0.213426 0.044740 0.150926
0 1416 0.923821 0.215741 0.036276 0.148148
0 1417 0.958283 0.193056 0.032648 0.132407
0 1418 0.984281 0.171759 0.030230 0.117593
0 1419 0.970375 0.305093 0.031439 0.150926
0 1420 0.942261 0.293981 0.042926 0.149074
0 1421 0.882104 0.469444 0.050786 0.150000
0 1422 0.927449 0.454630 0.041112 0.140741
0 1424 0.778114 0.354167 0.041112 0.134259
0 1425 0.845526 0.350000 0.039299 0.157407
0 1426 0.915357 0.331944 0.039903 0.139815
0 1427 0.284764 0.217593 0.044740 0.142593
0 1428 0.292019 0.253704 0.044740 0.140741
0 1429 0.817715 0.486574 0.036880 0.154630
0 1430 0.782044 0.484259 0.048972 0.168519
0 1431 0.710701 0.160648 0.032044 0.115741
0 1432 0.707376 0.222222 0.039903 0.124074
0 1433 0.781137 0.517593 0.042322 0.159259
0 1434 0.155381 0.293519 0.037485 0.144444
0 1435 0.002721 0.248611 0.004232 0.147222
0 1439 0.129988 0.432407 0.049577 0.168519
0 1440 0.083132 0.432407 0.047763 0.157407
0 1441 0.039601 0.493519 0.044135 0.164815
0 1442 0.026300 0.472222 0.040508 0.164815
0 1443 0.331318 0.370370 0.038694 0.135185
0 1444 0.299879 0.341667 0.039903 0.135185
0 1445 0.299274 0.363889 0.035067 0.146296
0 1446 0.696191 0.352778 0.044135 0.137037
0 1447 0.750907 0.309722 0.044740 0.162037
0 1448 0.707981 0.259722 0.035067 0.121296
0 1450 0.810762 0.523148 0.035067 0.151852
0 1451 0.837666 0.544444 0.036880 0.151852
0 1452 0.672310 0.615741 0.037485 0.148148
0 1453 0.789601 0.571759 0.048368 0.171296
0 1454 0.748489 0.570833 0.043531 0.149074
0 1455 0.765115 0.696759 0.050181 0.165741
0 1456 0.746070 0.349074 0.042322 0.151852
0 1457 0.061669 0.965278 0.054414 0.071296
0 1461 0.179262 0.931944 0.044135 0.137963
0 1462 0.098549 0.926389 0.049577 0.149074
0 1463 0.113059 0.950000 0.051995 0.101852
0 1469 0.168984 0.915278 0.046554 0.145370
0 1470 0.275393 0.803241 0.046554 0.178704
0 1473 0.882104 0.327778 0.044740 0.157407
0 1476 0.487304 0.954630 0.041112 0.092593
0 1477 0.541415 0.902315 0.044135 0.126852
0 1478 0.660218 0.702778 0.042322 0.162963
0 1479 0.626058 0.755093 0.056227 0.165741
0 1484 0.912636 0.292130 0.035671 0.150926
0 1486 0.717654 0.419907 0.042322 0.162037
0 1488 0.812878 0.333796 0.046554 0.160185
0 1489 0.838573 0.259722 0.045949 0.171296
0 1490 0.579202 0.478241 0.032648 0.126852
0 1491 0.686518 0.317130 0.039299 0.143519
0 1492 0.978839 0.291667 0.037485 0.142593
0 1493 0.973398 0.335648 0.044740 0.150926
0 1494 0.752418 0.229167 0.029625 0.150926
0 1495 0.721886 0.331019 0.037485 0.082407
0 1496 0.954958 0.213426 0.036880 0.121296
0 1501 0.276904 0.946759 0.043531 0.108333
0 1502 0.444680 0.932407 0.048972 0.129630
0 1510 0.510580 0.788426 0.046554 0.182407
0 1522 0.466143 0.833333 0.044740 0.162963
0 1523 0.661427 0.836111 0.038694 0.157407
0 1524 0.674426 0.748611 0.048972 0.167593
0 1525 0.637848 0.802778 0.042322 0.153704
0 1526 0.676542 0.800463 0.044740 0.156481
0 1527 0.708585 0.780556 0.042322 0.162963
0 1531 0.579202 0.574074 0.039903 0.146296
0 1532 0.619710 0.587500 0.042322 0.149074
0 1549 0.356409 0.754630 0.044135 0.166667
0 1550 0.504837 0.493981 0.036276 0.134259
0 1551 0.532044 0.485648 0.038694 0.137963
0 1552 0.692866 0.160648 0.032648 0.119444
0 1553 0.623942 0.873611 0.055623 0.175000
0 1554 0.530834 0.927315 0.039903 0.147222
0 1555 0.593712 0.491667 0.044740 0.153704
0 1556 0.596131 0.472685 0.027811 0.115741
0 1557 0.608827 0.566667 0.039903 0.157407
0 1558 0.637848 0.918519 0.049577 0.164815
0 1559 0.569226 0.945833 0.044135 0.110185
0 1562 0.709794 0.906944 0.045949 0.165741
0 1563 0.704353 0.929167 0.043531 0.141667
0 1565 0.530532 0.826389 0.046554 0.189815
0 1566 0.016324 0.959722 0.031439 0.076852
0 1567 0.482164 0.425463 0.034462 0.132407
0 1568 0.480048 0.600926 0.041112 0.157407
0 1569 0.503023 0.583796 0.032648 0.156481
0 1570 0.286578 0.580093 0.048368 0.160185
0 1571 0.686820 0.131019 0.032648 0.117593
0 1572 0.395405 0.337500 0.038694 0.149074
0 1573 0.511185 0.392130 0.027207 0.126852
0 1574 0.582225 0.888889 0.045949 0.175926
0 1583 0.663241 0.483796 0.031439 0.115741
0 1584 0.635732 0.482870 0.039299 0.167593
0 1587 0.108525 0.801389 0.051391 0.178704
0 1588 0.055018 0.828241 0.044740 0.165741
0 1592 0.425333 0.654167 0.041717 0.165741
0 1593 0.461306 0.654167 0.041112 0.156481
0 1594 0.405079 0.624074 0.044740 0.168519
0 1595 0.396312 0.648611 0.040508 0.187963
0 1596 0.149033 0.846759 0.047763 0.178704
0 1597 0.181983 0.864815 0.053204 0.181481
0 1598 0.243047 0.807870 0.048368 0.162037
0 1599 0.799274 0.678704 0.054414 0.170370
0 1601 0.853688 0.498148 0.039903 0.146296
0 1602 0.672914 0.651389 0.044740 0.171296
0 1603 0.602479 0.693519 0.046554 0.162963
0 1604 0.872430 0.536111 0.031439 0.103704
0 1605 0.697703 0.617130 0.038694 0.150926
0 1606 0.921403 0.872222 0.053204 0.170370
0 1607 0.826784 0.605093 0.046554 0.154630
0 1608 0.879988 0.626389 0.048972 0.167593
0 1610 0.798670 0.384259 0.039903 0.146296
0 1613 0.986397 0.460648 0.025998 0.162037
0 1615 0.766324 0.414352 0.053809 0.149074
0 1619 0.121524 0.702778 0.054414 0.170370
0 1620 0.798972 0.308333 0.036880 0.148148
0 1621 0.737908 0.189815 0.034462 0.131481
0 1624 0.353990 0.073611 0.036880 0.134259
0 1625 0.114571 0.599074 0.041717 0.175926
0 1626 0.848247 0.411111 0.042322 0.148148
0 1627 0.980653 0.435185 0.033857 0.151852
0 1628 0.958283 0.451852 0.042322 0.157407
0 1629 0.883918 0.408333 0.047158 0.148148
0 1632 0.330713 0.089815 0.026602 0.137037
0 1633 0.313482 0.060648 0.027207 0.117593
0 1634 0.020859 0.856944 0.040508 0.187963
0 1642 0.305623 0.084722 0.034462 0.132407
0 1643 0.813180 0.428704 0.047158 0.162963
0 1646 0.084039 0.698148 0.054414 0.153704
0 1647 0.745466 0.257407 0.037485 0.140741
0 1649 0.980351 0.843519 0.038089 0.181481
0 1650 0.577993 0.649074 0.047158 0.146296
0 1651 0.566808 0.618056 0.034462 0.165741
0 1652 0.607316 0.618056 0.036880 0.162037
0 1653 0.742140 0.663889 0.048972 0.151852
0 1654 0.275393 0.428704 0.036880 0.146296
0 1655 0.542019 0.462963 0.029625 0.140741
0 1656 0.540508 0.463889 0.038694 0.140741
0 1657 0.498791 0.478241 0.032648 0.137963
0 1658 0.410822 0.327315 0.036880 0.134259
0 1659 0.432890 0.350463 0.039903 0.136111
0 1660 0.480048 0.356481 0.032648 0.135185
0 1661 0.522975 0.373148 0.037485 0.151852
0 1662 0.446796 0.518981 0.039903 0.156481
0 1663 0.132406 0.660185 0.032648 0.137037
0 1664 0.318924 0.109259 0.039299 0.120370
0 1666 0.336457 0.345370 0.034462 0.137037
0 1667 0.474607 0.397685 0.027811 0.099074
0 1668 0.490931 0.409722 0.025393 0.115741
0 1669 0.698307 0.487500 0.044740 0.182407
0 1670 0.784462 0.043981 0.032044 0.086111
0 1941 0.003023 0.813889 0.004837 0.170370
0 1942 0.005139 0.146759 0.009069 0.132407
