0 1339 0.482467 0.056944 0.039903 0.108333
0 1340 0.463724 0.051852 0.030230 0.101852
0 1341 0.616082 0.093056 0.033857 0.139815
0 1367 0.430472 0.035648 0.032648 0.069444
0 1373 0.938331 0.102778 0.042322 0.131481
0 1374 0.949516 0.071296 0.048972 0.133333
0 1375 0.913543 0.086574 0.039903 0.123148
0 1381 0.978235 0.062037 0.032648 0.111111
0 1382 0.939541 0.046296 0.037485 0.090741
0 1385 0.699516 0.036111 0.032648 0.070370
0 1387 0.307134 0.033796 0.032648 0.065741
0 1389 0.653265 0.019444 0.033253 0.037037
0 1390 0.669589 0.061574 0.029625 0.117593
0 1391 0.621826 0.039815 0.029625 0.077778
0 1392 0.697098 0.049537 0.027811 0.093519
0 1393 0.621221 0.044444 0.033253 0.087037
0 1395 0.594015 0.043056 0.042926 0.084259
0 1396 0.612152 0.045833 0.027207 0.087963
0 1397 0.640871 0.056944 0.031439 0.112037
0 1398 0.634220 0.131481 0.032648 0.140741
0 1399 0.658404 0.111574 0.037485 0.132407
0 1400 0.641778 0.137037 0.038089 0.140741
0 1401 0.584039 0.074074 0.039903 0.146296
0 1402 0.574365 0.216204 0.038694 0.141667
0 1403 0.617291 0.271296 0.045949 0.151852
0 1404 0.624547 0.170833 0.035067 0.123148
0 1405 0.613362 0.200000 0.041717 0.142593
0 1406 0.651149 0.193056 0.041112 0.158333
0 1407 0.658404 0.233333 0.039903 0.140741
0 1408 0.742745 0.172685 0.036880 0.123148
0 1409 0.735187 0.156019 0.030230 0.126852
0 1410 0.680472 0.314815 0.039299 0.148148
0 1411 0.659915 0.258796 0.039299 0.128704
0 1412 0.748489 0.218519 0.035067 0.129630
0 1413 0.775998 0.208796 0.041717 0.137963
0 1414 0.821040 0.197222 0.036276 0.148148
0 1415 0.862455 0.151389 0.039299 0.150926
0 1416 0.922007 0.172222 0.033857 0.148148
0 1417 0.944982 0.144907 0.035067 0.132407
0 1418 0.980048 0.129167 0.038694 0.117593
0 1419 0.970375 0.254630 0.035067 0.151852
0 1420 0.948307 0.265741 0.040508 0.148148
0 1421 0.862152 0.392130 0.049577 0.143519
0 1422 0.897823 0.392593 0.045949 0.137037
0 1424 0.803507 0.315278 0.039903 0.134259
0 1425 0.829504 0.286111 0.033857 0.146296
0 1426 0.866989 0.285648 0.039903 0.139815
0 1427 0.375453 0.146296 0.044740 0.137037
0 1428 0.391173 0.182407 0.043531 0.131481
0 1429 0.795345 0.404167 0.039299 0.154630
0 1430 0.755139 0.402315 0.044740 0.167593
0 1431 0.711608 0.254167 0.032648 0.115741
0 1432 0.712817 0.291667 0.039903 0.124074
0 1433 0.706167 0.437963 0.042322 0.159259
0 1434 0.186518 0.208796 0.034462 0.137963
0 1435 0.016022 0.190278 0.030834 0.145370
0 1437 0.026904 0.160648 0.039299 0.126852
0 1439 0.217654 0.330556 0.047158 0.153704
0 1440 0.183192 0.328704 0.044740 0.153704
0 1441 0.151149 0.380093 0.044740 0.156481
0 1442 0.133011 0.359259 0.035067 0.151852
0 1443 0.336457 0.347685 0.033253 0.134259
0 1444 0.301088 0.339815 0.041112 0.135185
0 1445 0.298972 0.358796 0.051391 0.145370
0 1446 0.687727 0.300926 0.044135 0.137037
0 1447 0.744256 0.269907 0.044740 0.162037
0 1448 0.724305 0.312500 0.035067 0.121296
0 1450 0.741838 0.441204 0.035067 0.149074
0 1451 0.775393 0.462500 0.036880 0.150926
0 1452 0.672612 0.530093 0.032044 0.149074
0 1453 0.746977 0.478704 0.048972 0.157407
0 1454 0.704958 0.485185 0.036276 0.151852
0 1455 0.742745 0.590278 0.050181 0.162037
0 1456 0.774788 0.304630 0.041717 0.151852
0 1457 0.023881 0.958333 0.046554 0.085185
0 1461 0.103083 0.919907 0.053809 0.162037
0 1463 0.023579 0.922222 0.045949 0.157407
0 1469 0.303809 0.783333 0.040508 0.153704
0 1470 0.325272 0.697222 0.043531 0.170370
0 1473 0.855804 0.270833 0.038089 0.156481
0 1476 0.586155 0.905093 0.046554 0.165741
0 1477 0.586759 0.831944 0.036880 0.137963
0 1478 0.701330 0.624074 0.047158 0.159259
0 1479 0.668380 0.663426 0.051391 0.156481
0 1484 0.934099 0.248148 0.035067 0.151852
0 1486 0.702539 0.358796 0.042322 0.154630
0 1488 0.798972 0.271759 0.045345 0.152778
0 1489 0.880895 0.186574 0.043531 0.149074
0 1490 0.581318 0.474537 0.032044 0.126852
0 1491 0.687122 0.273611 0.038089 0.143519
0 1492 0.946796 0.230556 0.038694 0.142593
0 1493 0.970677 0.291667 0.039299 0.153704
0 1494 0.721282 0.191667 0.030230 0.151852
0 1495 0.722189 0.292593 0.034462 0.085185
0 1496 0.952842 0.159722 0.037485 0.115741
0 1501 0.277207 0.946759 0.044135 0.108333
0 1502 0.444680 0.932407 0.048972 0.129630
0 1503 0.943470 0.939352 0.045345 0.123148
0 1510 0.512394 0.790278 0.048972 0.178704
0 1522 0.466747 0.831481 0.044740 0.162963
0 1523 0.642382 0.799074 0.039299 0.157407
0 1524 0.671100 0.750000 0.048368 0.168519
0 1525 0.617594 0.759722 0.041717 0.160185
0 1526 0.678356 0.802315 0.044740 0.156481
0 1527 0.704958 0.777778 0.041112 0.162963
0 1531 0.589480 0.564815 0.039903 0.146296
0 1532 0.622128 0.585648 0.042322 0.156481
0 1549 0.357316 0.754630 0.044740 0.168519
0 1550 0.505441 0.494444 0.036276 0.138889
0 1551 0.526602 0.476852 0.032648 0.137037
0 1552 0.695284 0.220370 0.032648 0.124074
0 1553 0.707981 0.810648 0.054414 0.163889
0 1554 0.596131 0.858796 0.047158 0.178704
0 1555 0.593410 0.495370 0.044135 0.153704
0 1556 0.607920 0.485648 0.027207 0.115741
0 1557 0.612455 0.564815 0.039903 0.157407
0 1558 0.698609 0.869907 0.064692 0.176852
0 1559 0.655683 0.904167 0.046554 0.165741
0 1562 0.608827 0.931019 0.047158 0.137963
0 1563 0.595526 0.944907 0.038694 0.112037
0 1565 0.524184 0.829167 0.044740 0.191667
0 1567 0.479746 0.421759 0.034462 0.132407
0 1568 0.474305 0.581944 0.039299 0.156481
0 1569 0.455260 0.557870 0.035067 0.156481
0 1570 0.286276 0.552315 0.039299 0.160185
0 1571 0.686518 0.191667 0.034462 0.118519
0 1572 0.397521 0.336574 0.039299 0.149074
0 1573 0.511487 0.390278 0.027811 0.126852
0 1574 0.638755 0.836574 0.046554 0.173148
0 1575 0.198912 0.945370 0.043531 0.111111
0 1576 0.139359 0.961111 0.051391 0.079630
0 1583 0.619710 0.387500 0.032648 0.115741
0 1584 0.595526 0.393056 0.038694 0.160185
0 1587 0.040810 0.718981 0.051391 0.178704
0 1588 0.007860 0.705556 0.014510 0.155556
0 1590 0.351270 0.948611 0.053204 0.104630
0 1591 0.392382 0.949074 0.053204 0.103704
0 1592 0.429262 0.623148 0.044740 0.162963
0 1593 0.456771 0.647222 0.047763 0.159259
0 1594 0.397521 0.608796 0.044135 0.171296
0 1595 0.378476 0.626389 0.043531 0.178704
0 1596 0.244256 0.752315 0.045949 0.167593
0 1597 0.277207 0.756481 0.044135 0.187037
0 1598 0.287183 0.694907 0.047158 0.156481
0 1599 0.768742 0.566667 0.050181 0.162963
0 1601 0.810157 0.442130 0.039903 0.150926
0 1602 0.708283 0.557870 0.039299 0.162037
0 1603 0.627570 0.668056 0.045949 0.171296
0 1604 0.836759 0.462037 0.032648 0.098148
0 1605 0.696796 0.529630 0.039299 0.146296
0 1606 0.889359 0.745833 0.045949 0.165741
0 1607 0.783555 0.521759 0.044740 0.154630
0 1608 0.850967 0.547222 0.048972 0.161111
0 1610 0.811669 0.325463 0.034462 0.132407
0 1613 0.973398 0.405556 0.039903 0.166667
0 1615 0.761185 0.358796 0.048368 0.156481
0 1619 0.151753 0.654630 0.053204 0.168519
0 1620 0.782346 0.256481 0.036276 0.146296
0 1621 0.707678 0.155556 0.034462 0.131481
0 1624 0.357618 0.073611 0.036880 0.134259
0 1625 0.130895 0.570833 0.046554 0.176852
0 1626 0.838875 0.346759 0.039299 0.149074
0 1627 0.957678 0.368519 0.032648 0.142593
0 1628 0.931983 0.381481 0.040508 0.146296
0 1629 0.875453 0.344444 0.044740 0.148148
0 1632 0.330713 0.095833 0.026602 0.132407
0 1633 0.313785 0.062963 0.030230 0.116667
0 1634 0.020859 0.855093 0.040508 0.187963
0 1642 0.306530 0.086574 0.035067 0.132407
0 1643 0.811064 0.363889 0.046554 0.162963
0 1646 0.075574 0.648148 0.058041 0.168519
0 1647 0.731258 0.223148 0.036880 0.140741
0 1649 0.959190 0.732870 0.053809 0.173148
0 1650 0.585852 0.645370 0.047158 0.146296
0 1651 0.564087 0.616667 0.033857 0.162963
0 1652 0.605200 0.623148 0.037485 0.162963
0 1653 0.757255 0.695833 0.051391 0.149074
0 1654 0.274486 0.425000 0.037485 0.146296
0 1655 0.544438 0.441204 0.029625 0.139815
0 1656 0.542322 0.434722 0.038694 0.132407
0 1657 0.496977 0.476389 0.032648 0.137963
0 1658 0.411729 0.329167 0.037485 0.134259
0 1659 0.433495 0.352778 0.038694 0.133333
0 1660 0.480955 0.355556 0.032044 0.135185
0 1661 0.523881 0.370370 0.036880 0.151852
0 1662 0.448005 0.517593 0.038694 0.157407
0 1663 0.115478 0.625463 0.035067 0.137963
0 1664 0.317715 0.107407 0.039299 0.120370
0 1666 0.325272 0.320370 0.033857 0.159259
0 1667 0.472793 0.394444 0.027811 0.100000
0 1668 0.491233 0.411574 0.024788 0.115741
0 1669 0.661125 0.406944 0.044135 0.182407
0 1670 0.785671 0.045370 0.032044 0.088889
0 1942 0.003930 0.149537 0.006651 0.132407
