0 1339 0.478235 0.062500 0.039903 0.112037
0 1340 0.459492 0.055556 0.030230 0.109259
0 1341 0.614873 0.099537 0.033857 0.139815
0 1367 0.433797 0.040741 0.034462 0.079630
0 1371 0.496675 0.029167 0.032044 0.056481
0 1373 0.935913 0.109259 0.042322 0.131481
0 1374 0.946493 0.077778 0.048972 0.133333
0 1375 0.912334 0.095833 0.039903 0.125000
0 1381 0.977025 0.068981 0.032648 0.113889
0 1382 0.938936 0.050000 0.037485 0.098148
0 1385 0.704958 0.039352 0.032648 0.076852
0 1387 0.300484 0.038426 0.033857 0.075000
0 1389 0.655985 0.022685 0.032648 0.043519
0 1390 0.675635 0.062963 0.029625 0.118519
0 1391 0.629686 0.042130 0.029625 0.082407
0 1392 0.697098 0.053241 0.027811 0.093519
0 1393 0.630290 0.046759 0.033253 0.089815
0 1395 0.599154 0.044907 0.043531 0.087963
0 1396 0.620012 0.047222 0.027207 0.088889
0 1397 0.649940 0.058333 0.031439 0.114815
0 1398 0.634825 0.136111 0.032648 0.140741
0 1399 0.655683 0.118981 0.035671 0.132407
0 1400 0.644498 0.142593 0.038694 0.140741
0 1401 0.584946 0.074074 0.041717 0.146296
0 1402 0.571342 0.220370 0.038694 0.144444
0 1403 0.619710 0.280556 0.045949 0.151852
0 1404 0.632406 0.177315 0.035067 0.123148
0 1405 0.618198 0.208333 0.041717 0.146296
0 1406 0.655683 0.202778 0.042926 0.161111
0 1407 0.664450 0.240741 0.039903 0.140741
0 1408 0.749093 0.179630 0.035067 0.127778
0 1409 0.739420 0.161574 0.030230 0.126852
0 1410 0.681681 0.322222 0.039299 0.148148
0 1411 0.657497 0.263426 0.039299 0.128704
0 1412 0.746675 0.223148 0.035067 0.129630
0 1413 0.776300 0.216204 0.042322 0.137963
0 1414 0.819528 0.208333 0.036880 0.148148
0 1415 0.860036 0.160648 0.039299 0.150926
0 1416 0.923519 0.179630 0.033253 0.148148
0 1417 0.946796 0.152315 0.035067 0.132407
0 1418 0.980351 0.135648 0.038089 0.117593
0 1419 0.972189 0.260648 0.035067 0.150926
0 1420 0.950121 0.274074 0.041717 0.148148
0 1421 0.863966 0.403241 0.049577 0.143519
0 1422 0.901753 0.401852 0.045345 0.137037
0 1424 0.801088 0.321759 0.039903 0.134259
0 1425 0.830713 0.291667 0.033857 0.146296
0 1426 0.871826 0.290278 0.039903 0.139815
0 1427 0.362757 0.156481 0.044740 0.137037
0 1428 0.380290 0.192130 0.043531 0.134259
0 1429 0.795949 0.415278 0.039299 0.154630
0 1430 0.756953 0.411574 0.045949 0.167593
0 1431 0.711911 0.243981 0.032044 0.115741
0 1432 0.710399 0.285185 0.039903 0.124074
0 1433 0.715236 0.451389 0.042322 0.160185
0 1434 0.183192 0.221759 0.035067 0.137963
0 1435 0.014510 0.199074 0.027811 0.146296
0 1437 0.018440 0.171759 0.035671 0.126852
0 1439 0.204353 0.347222 0.047158 0.155556
0 1440 0.168682 0.345370 0.043531 0.155556
0 1441 0.137848 0.395370 0.047158 0.157407
0 1442 0.120314 0.372222 0.035067 0.151852
0 1443 0.337062 0.347685 0.032044 0.134259
0 1444 0.299879 0.342130 0.041112 0.134259
0 1445 0.300786 0.361574 0.051391 0.145370
0 1446 0.687727 0.306481 0.044135 0.137037
0 1447 0.744861 0.274537 0.044740 0.162037
0 1448 0.722491 0.304167 0.035067 0.121296
0 1450 0.752721 0.454167 0.035067 0.149074
0 1451 0.785067 0.477778 0.036880 0.151852
0 1452 0.675333 0.542593 0.033857 0.148148
0 1453 0.751814 0.490741 0.048972 0.157407
0 1454 0.709492 0.497222 0.039299 0.151852
0 1455 0.746977 0.606019 0.052600 0.162037
0 1456 0.772370 0.311111 0.041717 0.151852
0 1457 0.029323 0.960648 0.053809 0.080556
0 1461 0.117896 0.921296 0.049577 0.159259
0 1462 0.009371 0.900463 0.017533 0.173148
0 1463 0.035973 0.926389 0.051391 0.149074
0 1469 0.293531 0.801389 0.046554 0.154630
0 1470 0.323458 0.712963 0.041112 0.170370
0 1473 0.853386 0.280556 0.036880 0.157407
0 1476 0.573156 0.913426 0.045949 0.165741
0 1477 0.583736 0.838426 0.036880 0.137963
0 1478 0.694075 0.635185 0.047158 0.159259
0 1479 0.660520 0.676389 0.052600 0.156481
0 1484 0.932285 0.255556 0.035067 0.151852
0 1486 0.704958 0.368056 0.042322 0.154630
0 1488 0.799274 0.284722 0.047158 0.160185
0 1489 0.876663 0.194907 0.043531 0.149074
0 1490 0.581318 0.475463 0.032044 0.126852
0 1491 0.687424 0.281019 0.038694 0.143519
0 1492 0.953144 0.238889 0.039299 0.142593
0 1493 0.970677 0.300000 0.039299 0.153704
0 1494 0.726119 0.197222 0.030230 0.151852
0 1495 0.723700 0.300463 0.035067 0.086111
0 1496 0.952539 0.167130 0.036880 0.115741
0 1501 0.277207 0.946759 0.044135 0.108333
0 1502 0.444680 0.932407 0.048972 0.129630
0 1503 0.952539 0.941204 0.044135 0.119444
0 1510 0.512394 0.792130 0.047763 0.180556
0 1522 0.466747 0.832407 0.044740 0.162963
0 1523 0.643591 0.803704 0.039299 0.157407
0 1524 0.672007 0.748611 0.048972 0.167593
0 1525 0.619710 0.764815 0.042322 0.157407
0 1526 0.678960 0.804167 0.044740 0.156481
0 1527 0.706167 0.780556 0.042322 0.162963
0 1531 0.587666 0.569444 0.039903 0.146296
0 1532 0.622128 0.587963 0.042322 0.157407
0 1549 0.357316 0.754630 0.044740 0.168519
0 1550 0.505139 0.494907 0.035671 0.137963
0 1551 0.526602 0.477778 0.031439 0.137037
0 1552 0.695284 0.215741 0.032648 0.124074
0 1553 0.694075 0.823611 0.054414 0.167593
0 1554 0.587062 0.873148 0.048368 0.183333
0 1555 0.593410 0.495370 0.044135 0.153704
0 1556 0.608525 0.487500 0.027207 0.115741
0 1557 0.611850 0.564815 0.039903 0.157407
0 1558 0.689541 0.871759 0.065901 0.178704
0 1559 0.643894 0.907407 0.049577 0.161111
0 1562 0.626965 0.932870 0.047158 0.136111
0 1563 0.614268 0.948148 0.037485 0.105556
0 1565 0.525695 0.830556 0.045345 0.194444
0 1567 0.480048 0.424537 0.035067 0.132407
0 1568 0.479444 0.584722 0.039903 0.156481
0 1569 0.463120 0.562500 0.035067 0.156481
0 1570 0.285973 0.556944 0.042322 0.160185
0 1571 0.686518 0.184259 0.034462 0.118519
0 1572 0.398126 0.337500 0.039299 0.149074
0 1573 0.511487 0.391204 0.027811 0.126852
0 1574 0.626058 0.840278 0.046554 0.176852
0 1575 0.204958 0.950463 0.043531 0.100926
0 1576 0.144800 0.968056 0.048972 0.065741
0 1583 0.628174 0.399537 0.032648 0.115741
0 1584 0.602781 0.408796 0.038694 0.165741
0 1587 0.049879 0.731019 0.051391 0.176852
0 1588 0.010580 0.724074 0.019952 0.157407
0 1590 0.357316 0.958796 0.055623 0.084259
0 1591 0.403869 0.958796 0.053204 0.084259
0 1592 0.432285 0.628704 0.044740 0.162963
0 1593 0.458283 0.650000 0.045949 0.159259
0 1594 0.396917 0.611574 0.044135 0.171296
0 1595 0.381802 0.634722 0.045345 0.178704
0 1596 0.234281 0.764352 0.051391 0.167593
0 1597 0.266626 0.774074 0.045949 0.187037
0 1598 0.284764 0.710648 0.047158 0.156481
0 1599 0.773579 0.583796 0.052600 0.167593
0 1601 0.818319 0.451389 0.039299 0.150926
0 1602 0.705260 0.571296 0.040508 0.162963
0 1603 0.621221 0.670833 0.046554 0.171296
0 1604 0.845224 0.471296 0.032648 0.098148
0 1605 0.698005 0.541667 0.039299 0.146296
0 1606 0.892382 0.764352 0.045949 0.167593
0 1607 0.788996 0.531019 0.044740 0.154630
0 1608 0.855804 0.558796 0.048972 0.158333
0 1610 0.809855 0.333333 0.035671 0.135185
0 1613 0.976421 0.415741 0.038694 0.166667
0 1615 0.759976 0.367130 0.049577 0.156481
0 1619 0.151149 0.661111 0.053204 0.168519
0 1620 0.783857 0.263426 0.036880 0.147222
0 1621 0.711306 0.161111 0.034462 0.131481
0 1624 0.357618 0.073611 0.036880 0.134259
0 1625 0.130290 0.581019 0.042926 0.176852
0 1626 0.839480 0.356019 0.040508 0.149074
0 1627 0.962213 0.379630 0.033253 0.148148
0 1628 0.933495 0.393056 0.041112 0.149074
0 1629 0.874547 0.352778 0.045345 0.148148
0 1632 0.330713 0.097685 0.026602 0.132407
0 1633 0.313785 0.063889 0.030230 0.116667
0 1634 0.020859 0.856944 0.040508 0.187963
0 1642 0.306530 0.088426 0.035067 0.132407
0 1643 0.813482 0.373148 0.046554 0.162963
0 1646 0.082527 0.662037 0.058646 0.170370
0 1647 0.735187 0.229630 0.037485 0.140741
0 1649 0.963724 0.748611 0.054414 0.173148
0 1650 0.584643 0.647222 0.047158 0.146296
0 1651 0.564087 0.618056 0.033857 0.162037
0 1652 0.605200 0.623611 0.037485 0.162037
0 1653 0.753628 0.689815 0.051391 0.150000
0 1654 0.274486 0.425000 0.037485 0.146296
0 1655 0.544135 0.455093 0.030230 0.139815
0 1656 0.539903 0.450463 0.038694 0.145370
0 1657 0.496977 0.477315 0.032648 0.137963
0 1658 0.411729 0.331019 0.037485 0.134259
0 1659 0.433495 0.353241 0.038694 0.132407
0 1660 0.480955 0.356481 0.032044 0.135185
0 1661 0.522975 0.372222 0.036276 0.151852
0 1662 0.448005 0.519444 0.038694 0.157407
0 1663 0.115478 0.642593 0.035067 0.140741
0 1664 0.318319 0.109259 0.039299 0.120370
0 1666 0.325574 0.322222 0.034462 0.157407
0 1667 0.472793 0.394907 0.027811 0.099074
0 1668 0.491838 0.412963 0.024788 0.114815
0 1669 0.668077 0.418056 0.044740 0.182407
0 1670 0.785067 0.045833 0.032044 0.089815
0 1941 0.002418 0.814815 0.003628 0.170370
0 1942 0.003930 0.149537 0.006651 0.132407
