0 1395 0.361245 0.011111 0.039299 0.020370
0 1397 0.393894 0.023611 0.041717 0.045370
0 1398 0.715840 0.025463 0.027811 0.049074
0 1400 0.575574 0.038426 0.030230 0.075000
0 1401 0.669589 0.063426 0.029625 0.121296
0 1402 0.570738 0.085648 0.035067 0.145370
0 1403 0.600967 0.112500 0.035067 0.132407
0 1404 0.487001 0.045833 0.032044 0.089815
0 1405 0.527811 0.050463 0.035067 0.099074
0 1406 0.557134 0.054167 0.033253 0.106481
0 1407 0.628476 0.056019 0.032044 0.110185
0 1408 0.667473 0.106481 0.035067 0.135185
0 1409 0.700121 0.088426 0.030230 0.112037
0 1410 0.773881 0.188426 0.032648 0.112037
0 1411 0.767836 0.165741 0.035067 0.125926
0 1412 0.733676 0.088426 0.029625 0.123148
0 1413 0.759674 0.084259 0.032044 0.118519
0 1414 0.904172 0.068519 0.048972 0.135185
0 1416 0.966747 0.061574 0.030230 0.119444
0 1418 0.959794 0.044444 0.032044 0.087037
0 1419 0.987606 0.130556 0.023579 0.125926
0 1420 0.927449 0.155093 0.032648 0.137963
0 1421 0.824063 0.249074 0.037485 0.142593
0 1422 0.932285 0.258796 0.035067 0.132407
0 1423 0.982467 0.300000 0.030230 0.101852
0 1424 0.875756 0.208333 0.029625 0.135185
0 1425 0.794438 0.163426 0.032648 0.145370
0 1426 0.844015 0.127315 0.030230 0.134259
0 1429 0.701935 0.272222 0.032648 0.140741
0 1430 0.679262 0.238889 0.036880 0.148148
0 1431 0.782346 0.509259 0.035067 0.131481
0 1432 0.795949 0.582870 0.050181 0.154630
0 1433 0.545345 0.237500 0.032648 0.154630
0 1434 0.266626 0.043056 0.030230 0.084259
0 1435 0.159311 0.039352 0.032044 0.076852
0 1436 0.118803 0.035185 0.030834 0.068519
0 1437 0.156892 0.018981 0.027207 0.036111
0 1438 0.054716 0.142130 0.032044 0.143519
0 1439 0.438936 0.117593 0.032648 0.129630
0 1440 0.408404 0.119907 0.034462 0.132407
0 1441 0.387545 0.166667 0.035067 0.137037
0 1442 0.381499 0.154167 0.029021 0.137963
0 1443 0.285369 0.245370 0.032648 0.125926
0 1444 0.226723 0.225463 0.030230 0.134259
0 1445 0.200121 0.242593 0.032648 0.140741
0 1446 0.887545 0.173148 0.025393 0.112963
0 1447 0.655381 0.143981 0.039903 0.126852
0 1448 0.854293 0.623148 0.045949 0.153704
0 1450 0.560459 0.225000 0.026602 0.129630
0 1451 0.586155 0.223148 0.027207 0.125926
0 1452 0.569831 0.322222 0.032044 0.131481
0 1453 0.647521 0.265278 0.038694 0.134259
0 1454 0.611245 0.269907 0.036276 0.126852
0 1455 0.634825 0.391667 0.039903 0.142593
0 1456 0.849154 0.187500 0.032044 0.121296
0 1465 0.339178 0.987500 0.026602 0.025000
0 1467 0.366989 0.984722 0.029021 0.028704
0 1469 0.232164 0.505093 0.036276 0.132407
0 1470 0.340387 0.453241 0.035067 0.139815
0 1473 0.817412 0.109259 0.035067 0.124074
0 1476 0.753628 0.746296 0.041717 0.164815
0 1477 0.722491 0.659722 0.031439 0.128704
0 1478 0.718561 0.436111 0.041717 0.142593
0 1479 0.685006 0.443519 0.035067 0.140741
0 1480 0.874849 0.933333 0.041112 0.135185
0 1484 0.925030 0.126852 0.032648 0.129630
0 1485 0.938331 0.691204 0.048368 0.167593
0 1486 0.718561 0.242130 0.032044 0.132407
0 1487 0.979141 0.199537 0.029625 0.121296
0 1488 0.759371 0.109722 0.039903 0.121296
0 1490 0.587969 0.485185 0.032044 0.131481
0 1491 0.822854 0.159259 0.037485 0.112963
0 1492 0.951028 0.093056 0.035067 0.115741
0 1493 0.972491 0.160648 0.039299 0.136111
0 1494 0.647521 0.097222 0.030230 0.112963
0 1495 0.629686 0.167593 0.029625 0.079630
0 1496 0.986699 0.060185 0.026602 0.107407
0 1501 0.279323 0.954630 0.045949 0.088889
0 1502 0.448005 0.944907 0.048368 0.112037
0 1503 0.986397 0.942130 0.025998 0.117593
0 1506 0.980048 0.960185 0.037485 0.081481
0 1510 0.495768 0.809722 0.042322 0.175000
0 1522 0.413241 0.823611 0.046554 0.154630
0 1523 0.567715 0.793056 0.035067 0.149074
0 1524 0.622128 0.739352 0.038694 0.165741
0 1525 0.590689 0.729167 0.035067 0.149074
0 1526 0.634522 0.781944 0.058646 0.139815
0 1527 0.678053 0.759259 0.041717 0.150000
0 1529 0.636034 0.932407 0.049577 0.137037
0 1530 0.692866 0.898148 0.049577 0.155556
0 1531 0.587969 0.576852 0.039299 0.150000
0 1532 0.621221 0.591667 0.036880 0.140741
0 1535 0.770556 0.845833 0.048972 0.158333
0 1536 0.819226 0.848148 0.045949 0.150000
0 1537 0.920798 0.978241 0.036276 0.043519
0 1538 0.963724 0.973148 0.037485 0.053704
0 1539 0.726723 0.927315 0.045949 0.147222
0 1541 0.926844 0.921296 0.049577 0.155556
0 1542 0.914148 0.863889 0.041112 0.164815
0 1543 0.822854 0.910185 0.044740 0.151852
0 1544 0.864571 0.892130 0.049577 0.165741
0 1548 0.950121 0.746296 0.050181 0.177778
0 1549 0.377872 0.736111 0.047158 0.162963
0 1550 0.514510 0.501389 0.036276 0.137963
0 1551 0.529927 0.484259 0.032044 0.137037
0 1552 0.529021 0.322685 0.032648 0.139815
0 1553 0.744256 0.595370 0.044740 0.157407
0 1554 0.743349 0.697222 0.044135 0.162963
0 1555 0.587969 0.492130 0.039299 0.132407
0 1556 0.618803 0.502315 0.027207 0.121296
0 1557 0.614268 0.572685 0.039903 0.149074
0 1558 0.833434 0.703704 0.041717 0.179630
0 1559 0.820435 0.730093 0.042322 0.167593
0 1562 0.219468 0.768981 0.033857 0.158333
0 1563 0.193470 0.792130 0.044740 0.165741
0 1565 0.272672 0.808796 0.073761 0.178704
0 1567 0.471584 0.414815 0.032648 0.105556
0 1568 0.356106 0.547685 0.033857 0.141667
0 1569 0.317715 0.575463 0.032044 0.145370
0 1570 0.298065 0.543981 0.037485 0.160185
0 1571 0.467654 0.267593 0.027207 0.135185
0 1572 0.394196 0.341204 0.041112 0.145370
0 1573 0.504837 0.393981 0.031439 0.125000
0 1574 0.753930 0.637963 0.036276 0.146296
0 1575 0.093712 0.718981 0.039903 0.160185
0 1576 0.042322 0.739815 0.049577 0.179630
0 1581 0.326784 0.846759 0.048972 0.193519
0 1582 0.370919 0.843519 0.039299 0.166667
0 1583 0.382709 0.225926 0.025393 0.101852
0 1584 0.374849 0.226852 0.030230 0.135185
0 1587 0.031439 0.462963 0.049577 0.157407
0 1589 0.133918 0.766667 0.045345 0.166667
0 1590 0.264813 0.633796 0.042322 0.154630
0 1591 0.311669 0.667130 0.046554 0.165741
0 1592 0.656892 0.502778 0.039299 0.146296
0 1593 0.605200 0.540741 0.043531 0.146296
0 1594 0.551391 0.533333 0.048368 0.148148
0 1595 0.505441 0.548611 0.048368 0.167593
0 1596 0.165054 0.492130 0.043531 0.156481
0 1597 0.200423 0.481944 0.036880 0.165741
0 1598 0.313785 0.459722 0.037485 0.160185
0 1599 0.667473 0.385648 0.044740 0.137963
0 1601 0.732769 0.312037 0.037485 0.140741
0 1602 0.646312 0.338426 0.037485 0.132407
0 1603 0.670193 0.472685 0.050181 0.156481
0 1604 0.766626 0.339815 0.027811 0.090741
0 1605 0.595526 0.328241 0.030230 0.145370
0 1606 0.861548 0.466667 0.037485 0.142593
0 1607 0.649335 0.316204 0.035067 0.123148
0 1608 0.715538 0.351389 0.039299 0.143519
0 1609 0.866385 0.152778 0.030230 0.114815
0 1610 0.768742 0.218519 0.034462 0.148148
0 1611 0.982769 0.577778 0.033253 0.148148
0 1612 0.980955 0.453704 0.032044 0.142593
0 1613 0.957678 0.275926 0.036276 0.151852
0 1614 0.951632 0.560185 0.041112 0.164815
0 1615 0.753628 0.247222 0.032044 0.129630
0 1618 0.010883 0.339815 0.020556 0.151852
0 1619 0.217352 0.376852 0.039299 0.153704
0 1620 0.703144 0.131481 0.032648 0.124074
0 1621 0.676542 0.101852 0.035067 0.118519
0 1624 0.357618 0.081944 0.032044 0.137963
0 1625 0.142080 0.308796 0.039903 0.139815
0 1626 0.834039 0.225463 0.029625 0.128704
0 1627 0.931681 0.218056 0.035067 0.128704
0 1628 0.958283 0.245833 0.037485 0.137963
0 1629 0.860943 0.232407 0.030230 0.135185
0 1632 0.330713 0.100926 0.025393 0.120370
0 1633 0.314994 0.069444 0.027811 0.116667
0 1634 0.018138 0.872685 0.035067 0.173148
0 1635 0.003023 0.871759 0.004837 0.160185
0 1642 0.300786 0.092130 0.032044 0.126852
0 1643 0.785671 0.242130 0.034462 0.145370
0 1646 0.105804 0.345370 0.045949 0.146296
0 1647 0.629081 0.107870 0.032044 0.126852
0 1648 0.878174 0.139815 0.029625 0.129630
0 1649 0.900846 0.463889 0.041112 0.151852
0 1650 0.587666 0.656019 0.050786 0.149074
0 1651 0.566203 0.630093 0.039299 0.156481
0 1652 0.613664 0.632870 0.037485 0.156481
0 1653 0.783555 0.715741 0.044740 0.140741
0 1654 0.276904 0.435185 0.037485 0.146296
0 1655 0.548972 0.446759 0.035067 0.137963
0 1656 0.557739 0.436574 0.034462 0.134259
0 1657 0.494256 0.484722 0.029625 0.143519
0 1658 0.419589 0.333333 0.031439 0.125926
0 1659 0.444377 0.350463 0.035067 0.137963
0 1660 0.483071 0.335185 0.030230 0.081481
0 1661 0.516929 0.355556 0.030230 0.124074
0 1662 0.449516 0.524074 0.039299 0.146296
0 1663 0.167775 0.344444 0.034462 0.122222
0 1664 0.317715 0.112963 0.029625 0.112963
0 1665 0.002721 0.418981 0.004232 0.154630
0 1666 0.256348 0.229630 0.035067 0.129630
0 1667 0.473700 0.398148 0.027207 0.090741
0 1668 0.492443 0.413426 0.027207 0.104630
0 1669 0.425030 0.237963 0.039903 0.162963
0 1670 0.786276 0.048611 0.029625 0.095370
0 1937 0.020254 0.447685 0.029625 0.137963
0 1942 0.004232 0.162037 0.007255 0.124074
