0 1341 0.646010 0.046296 0.034462 0.090741
0 1373 0.971584 0.035185 0.042322 0.068519
0 1375 0.944982 0.027778 0.039903 0.053704
0 1390 0.579504 0.020370 0.030834 0.038889
0 1391 0.524184 0.018519 0.030230 0.035185
0 1392 0.599758 0.036111 0.027811 0.070370
0 1395 0.493349 0.027778 0.025393 0.053704
0 1396 0.522975 0.025926 0.030230 0.050000
0 1397 0.555623 0.026852 0.026602 0.051852
0 1398 0.661427 0.050926 0.027811 0.100000
0 1399 0.684099 0.054167 0.029625 0.106481
0 1400 0.594921 0.070370 0.026602 0.103704
0 1401 0.640568 0.062500 0.029625 0.123148
0 1402 0.579807 0.165741 0.037485 0.146296
0 1403 0.623640 0.179167 0.035671 0.134259
0 1404 0.547763 0.084722 0.032648 0.121296
0 1405 0.568924 0.122222 0.037485 0.133333
0 1406 0.605804 0.103241 0.035067 0.137963
0 1407 0.646010 0.137963 0.027207 0.112963
0 1408 0.700726 0.122222 0.035067 0.135185
0 1409 0.706771 0.106944 0.030230 0.121296
0 1410 0.668077 0.226389 0.031439 0.112037
0 1411 0.708283 0.239352 0.036880 0.126852
0 1412 0.760278 0.162963 0.035671 0.129630
0 1413 0.789299 0.150463 0.035671 0.126852
0 1414 0.846735 0.091204 0.033253 0.147222
0 1415 0.906288 0.081481 0.035067 0.148148
0 1416 0.931378 0.109722 0.034462 0.136111
0 1417 0.948307 0.074537 0.024788 0.104630
0 1418 0.970375 0.073148 0.035067 0.112963
0 1419 0.983374 0.196296 0.027207 0.135185
0 1420 0.927449 0.208796 0.035067 0.141667
0 1421 0.843712 0.318056 0.042926 0.143519
0 1422 0.896614 0.318056 0.036276 0.132407
0 1423 0.984885 0.342593 0.027811 0.101852
0 1424 0.829504 0.253704 0.032648 0.135185
0 1425 0.825877 0.219907 0.032648 0.143519
0 1426 0.859432 0.206019 0.032044 0.136111
0 1427 0.474002 0.061111 0.035067 0.120370
0 1428 0.494559 0.077315 0.038694 0.126852
0 1429 0.787183 0.329167 0.029021 0.139815
0 1430 0.746977 0.311111 0.042926 0.148148
0 1431 0.727630 0.342130 0.030834 0.128704
0 1432 0.733978 0.379630 0.030230 0.129630
0 1433 0.619710 0.329167 0.037485 0.152778
0 1434 0.219770 0.094444 0.029625 0.124074
0 1435 0.098549 0.104630 0.032648 0.137037
0 1436 0.048972 0.095370 0.045949 0.137037
0 1437 0.095224 0.070370 0.032044 0.125926
0 1438 0.020556 0.227315 0.036276 0.147222
0 1439 0.336155 0.209259 0.032648 0.127778
0 1440 0.306530 0.220370 0.035067 0.148148
0 1441 0.267533 0.259259 0.035671 0.140741
0 1442 0.260883 0.246296 0.034462 0.137037
0 1443 0.334946 0.323611 0.037485 0.137963
0 1444 0.282044 0.305556 0.036880 0.133333
0 1445 0.269045 0.326852 0.037485 0.142593
0 1446 0.753023 0.227778 0.025998 0.116667
0 1447 0.726119 0.199074 0.041112 0.140741
0 1448 0.746070 0.408333 0.031439 0.131481
0 1449 0.992443 0.299537 0.015115 0.093519
0 1450 0.650242 0.329167 0.030834 0.121296
0 1451 0.672310 0.322222 0.025393 0.107407
0 1452 0.630593 0.420833 0.033857 0.132407
0 1453 0.693168 0.370833 0.039299 0.147222
0 1454 0.662334 0.376852 0.038089 0.127778
0 1455 0.699214 0.485185 0.039299 0.150000
0 1456 0.801693 0.237037 0.033857 0.125926
0 1459 0.030834 0.974074 0.044740 0.053704
0 1460 0.007860 0.980093 0.014510 0.041667
0 1469 0.333434 0.612963 0.036880 0.140741
0 1470 0.284462 0.553241 0.034462 0.139815
0 1473 0.837062 0.164352 0.033253 0.123148
0 1476 0.688634 0.852778 0.059250 0.170370
0 1477 0.742745 0.798611 0.032044 0.134259
0 1478 0.758767 0.529167 0.050786 0.145370
0 1479 0.702539 0.542130 0.044740 0.150926
0 1484 0.908102 0.175926 0.032648 0.129630
0 1485 0.820435 0.886574 0.043531 0.162037
0 1486 0.695586 0.288889 0.032044 0.140741
0 1487 0.983676 0.259259 0.031439 0.120370
0 1488 0.791717 0.185185 0.041717 0.125926
0 1489 0.898428 0.112963 0.038694 0.142593
0 1490 0.580109 0.469444 0.032044 0.131481
0 1491 0.724909 0.215741 0.036276 0.118519
0 1492 0.918380 0.143519 0.035067 0.114815
0 1493 0.970375 0.220833 0.037485 0.137963
0 1494 0.680472 0.118056 0.029625 0.115741
0 1495 0.701028 0.215741 0.030834 0.074074
0 1496 0.954353 0.101852 0.036880 0.116667
0 1501 0.277811 0.946296 0.046554 0.107407
0 1502 0.443773 0.933333 0.048368 0.127778
0 1503 0.922914 0.933796 0.055018 0.134259
0 1510 0.510580 0.781944 0.050181 0.178704
0 1522 0.461608 0.821296 0.044135 0.159259
0 1523 0.640266 0.788426 0.035067 0.154630
0 1524 0.664148 0.733796 0.045345 0.154630
0 1525 0.616082 0.749074 0.038694 0.150000
0 1526 0.670193 0.789352 0.051391 0.147222
0 1527 0.701028 0.773148 0.035671 0.162963
0 1530 0.547461 0.962963 0.048972 0.075926
0 1531 0.589480 0.562500 0.039903 0.147222
0 1532 0.620314 0.581481 0.037485 0.144444
0 1535 0.640568 0.936111 0.044135 0.129630
0 1536 0.692563 0.944444 0.041717 0.112963
0 1548 0.816808 0.918519 0.050786 0.164815
0 1549 0.355502 0.749074 0.045949 0.164815
0 1550 0.513301 0.486574 0.033857 0.145370
0 1551 0.527207 0.471296 0.035067 0.140741
0 1552 0.613966 0.234259 0.029625 0.125926
0 1553 0.745163 0.700926 0.044135 0.168519
0 1554 0.704051 0.818519 0.050181 0.170370
0 1555 0.592805 0.489815 0.040508 0.150000
0 1556 0.610943 0.487963 0.028416 0.120370
0 1557 0.610943 0.561574 0.039299 0.150926
0 1558 0.805925 0.833796 0.047158 0.189815
0 1559 0.735490 0.855556 0.051391 0.162963
0 1562 0.410520 0.858796 0.039903 0.156481
0 1563 0.388755 0.880556 0.039903 0.168519
0 1565 0.495163 0.843056 0.060459 0.176852
0 1567 0.477328 0.415278 0.034462 0.126852
0 1568 0.422612 0.538426 0.029021 0.149074
0 1569 0.367896 0.525926 0.032044 0.148148
0 1570 0.295647 0.523148 0.041112 0.151852
0 1571 0.623337 0.218981 0.024184 0.121296
0 1572 0.393894 0.332407 0.040508 0.148148
0 1573 0.508464 0.389815 0.032648 0.129630
0 1574 0.769347 0.774537 0.042926 0.173148
0 1575 0.137848 0.852778 0.039903 0.174074
0 1576 0.093108 0.862963 0.048368 0.179630
0 1581 0.317412 0.962500 0.043531 0.076852
0 1582 0.367291 0.968056 0.042926 0.065741
0 1583 0.512696 0.283333 0.025393 0.101852
0 1584 0.499093 0.286574 0.029625 0.134259
0 1587 0.023579 0.584722 0.045949 0.169444
0 1589 0.074365 0.927315 0.048368 0.147222
0 1590 0.297158 0.803704 0.047763 0.168519
0 1591 0.329504 0.825463 0.049577 0.173148
0 1592 0.477025 0.556944 0.037485 0.156481
0 1593 0.466143 0.605556 0.049577 0.153704
0 1594 0.419287 0.587963 0.044135 0.151852
0 1595 0.387545 0.597222 0.037485 0.170370
0 1596 0.263603 0.623611 0.035067 0.160185
0 1597 0.292019 0.602315 0.043531 0.169444
0 1598 0.250000 0.573611 0.038089 0.162037
0 1599 0.735792 0.465278 0.043531 0.145370
0 1601 0.769045 0.379167 0.038694 0.149074
0 1602 0.694982 0.437037 0.036880 0.148148
0 1603 0.678658 0.575000 0.057437 0.162963
0 1604 0.786880 0.393981 0.024788 0.087963
0 1605 0.658706 0.419444 0.036880 0.146296
0 1606 0.856409 0.590278 0.039299 0.145370
0 1607 0.723398 0.417130 0.035671 0.128704
0 1608 0.782346 0.440741 0.039903 0.144444
0 1609 0.941354 0.175000 0.029021 0.112963
0 1610 0.785973 0.271296 0.033857 0.146296
0 1613 0.953446 0.335185 0.038694 0.155556
0 1615 0.765719 0.300463 0.038089 0.145370
0 1619 0.167170 0.515741 0.051391 0.168519
0 1620 0.756953 0.179167 0.032648 0.115741
0 1621 0.680472 0.100926 0.034462 0.124074
0 1624 0.356711 0.069444 0.030230 0.137037
0 1625 0.131197 0.430556 0.043531 0.146296
0 1626 0.829202 0.277778 0.032044 0.129630
0 1627 0.939843 0.277315 0.027207 0.137963
0 1628 0.929565 0.309722 0.038089 0.139815
0 1629 0.858827 0.278241 0.035671 0.136111
0 1632 0.329807 0.087500 0.025998 0.128704
0 1633 0.312878 0.059722 0.027207 0.115741
0 1634 0.019347 0.847222 0.037485 0.188889
0 1642 0.304111 0.079167 0.032648 0.128704
0 1643 0.799879 0.300926 0.038694 0.151852
0 1646 0.092805 0.487037 0.045345 0.146296
0 1647 0.676542 0.154630 0.033857 0.122222
0 1648 0.946191 0.160648 0.033857 0.137963
0 1649 0.942563 0.582870 0.051995 0.150926
0 1650 0.590387 0.638426 0.048972 0.147222
0 1651 0.576481 0.614815 0.053809 0.168519
0 1652 0.606409 0.613426 0.031439 0.156481
0 1653 0.780834 0.701389 0.042926 0.143519
0 1654 0.270859 0.417593 0.037485 0.146296
0 1655 0.538694 0.431481 0.030230 0.146296
0 1656 0.536276 0.425926 0.035067 0.129630
0 1657 0.495466 0.473148 0.030834 0.142593
0 1658 0.415054 0.324537 0.035671 0.134259
0 1659 0.440447 0.339815 0.036880 0.138889
0 1660 0.481258 0.331019 0.036276 0.099074
0 1661 0.517533 0.350926 0.032648 0.137037
0 1662 0.445889 0.505556 0.036880 0.144444
0 1663 0.145405 0.487037 0.035671 0.140741
0 1664 0.316203 0.098148 0.029021 0.112963
0 1666 0.311064 0.303241 0.027207 0.136111
0 1667 0.475514 0.383796 0.027207 0.089815
0 1668 0.492140 0.401389 0.025393 0.106481
0 1669 0.561669 0.304630 0.042322 0.170370
0 1670 0.786578 0.044907 0.031439 0.087963
0 1942 0.003023 0.145370 0.004837 0.124074
