0 1395 0.362757 0.011111 0.037485 0.020370
0 1397 0.396917 0.023611 0.040508 0.045370
0 1398 0.714631 0.025926 0.027811 0.050000
0 1400 0.575574 0.038426 0.030230 0.075000
0 1401 0.669589 0.063426 0.029625 0.121296
0 1402 0.570738 0.087037 0.035067 0.146296
0 1403 0.601874 0.113426 0.034462 0.132407
0 1404 0.487606 0.046759 0.032044 0.091667
0 1405 0.528416 0.051389 0.035067 0.100926
0 1406 0.557437 0.054630 0.032648 0.107407
0 1407 0.627872 0.056481 0.032044 0.111111
0 1408 0.667473 0.106481 0.035067 0.135185
0 1409 0.700121 0.088426 0.030230 0.112037
0 1410 0.772068 0.188426 0.032648 0.112037
0 1411 0.768440 0.166667 0.035067 0.125926
0 1412 0.734281 0.089352 0.029625 0.123148
0 1413 0.760278 0.085185 0.032044 0.118519
0 1414 0.903265 0.068519 0.048368 0.135185
0 1416 0.966143 0.062500 0.030230 0.119444
0 1418 0.959794 0.044907 0.032044 0.087963
0 1419 0.987908 0.132407 0.022975 0.125926
0 1420 0.927146 0.155093 0.032044 0.137963
0 1421 0.824063 0.250000 0.037485 0.142593
0 1422 0.932285 0.259722 0.035067 0.132407
0 1423 0.982467 0.300926 0.030230 0.101852
0 1424 0.875453 0.208333 0.030230 0.135185
0 1425 0.795042 0.163426 0.032648 0.145370
0 1426 0.845224 0.128241 0.030230 0.134259
0 1429 0.703144 0.273148 0.032648 0.140741
0 1430 0.680169 0.241667 0.037485 0.148148
0 1431 0.781137 0.506481 0.035067 0.131481
0 1432 0.794740 0.580093 0.050181 0.154630
0 1433 0.546554 0.239352 0.032648 0.154630
0 1434 0.266626 0.043056 0.030230 0.084259
0 1435 0.158102 0.039815 0.032044 0.077778
0 1436 0.117896 0.035648 0.031439 0.069444
0 1437 0.156288 0.019444 0.027207 0.037037
0 1438 0.054716 0.143981 0.032044 0.143519
0 1439 0.437727 0.118519 0.032648 0.129630
0 1440 0.407195 0.121296 0.034462 0.131481
0 1441 0.385732 0.167593 0.035067 0.137037
0 1442 0.380290 0.156019 0.029021 0.137963
0 1443 0.286578 0.246296 0.032648 0.125926
0 1444 0.226723 0.226389 0.030230 0.134259
0 1445 0.200726 0.243519 0.032648 0.140741
0 1446 0.885732 0.173148 0.025393 0.112963
0 1447 0.656590 0.144907 0.039903 0.126852
0 1448 0.852479 0.619444 0.045949 0.153704
0 1450 0.561669 0.225926 0.026602 0.129630
0 1451 0.587364 0.224537 0.027207 0.125000
0 1452 0.570435 0.324074 0.032044 0.131481
0 1453 0.648126 0.266204 0.038694 0.134259
0 1454 0.611850 0.270833 0.036276 0.126852
0 1455 0.635429 0.392593 0.039903 0.142593
0 1456 0.848247 0.187500 0.032648 0.121296
0 1465 0.342201 0.986574 0.026602 0.025000
0 1467 0.369407 0.984722 0.029021 0.028704
0 1469 0.233374 0.506481 0.036276 0.133333
0 1470 0.339782 0.455093 0.035067 0.139815
0 1473 0.818017 0.110185 0.035067 0.124074
0 1476 0.755139 0.747222 0.041112 0.164815
0 1477 0.722491 0.662037 0.031439 0.129630
0 1478 0.718561 0.437037 0.041717 0.142593
0 1479 0.685006 0.444444 0.035067 0.140741
0 1480 0.873640 0.933796 0.041112 0.134259
0 1484 0.924426 0.127778 0.032648 0.129630
0 1485 0.937424 0.693056 0.048972 0.167593
0 1486 0.718561 0.243056 0.032044 0.132407
0 1487 0.979141 0.200463 0.029625 0.121296
0 1488 0.759976 0.110648 0.039903 0.121296
0 1490 0.587364 0.485185 0.032044 0.131481
0 1491 0.822854 0.161111 0.037485 0.112963
0 1492 0.950423 0.093981 0.035067 0.115741
0 1493 0.972491 0.161111 0.039299 0.137037
0 1494 0.648126 0.097222 0.030230 0.112963
0 1495 0.630895 0.168519 0.029625 0.079630
0 1496 0.986699 0.061111 0.026602 0.107407
0 1501 0.279021 0.954630 0.046554 0.088889
0 1502 0.448005 0.944907 0.048368 0.112037
0 1503 0.986397 0.942130 0.025998 0.117593
0 1506 0.979746 0.959722 0.038089 0.082407
0 1510 0.495466 0.809259 0.041717 0.175926
0 1522 0.413241 0.823611 0.046554 0.154630
0 1523 0.568924 0.793056 0.035067 0.149074
0 1524 0.623337 0.738426 0.038694 0.165741
0 1525 0.591294 0.730093 0.035067 0.149074
0 1526 0.635732 0.782870 0.058646 0.139815
0 1527 0.679565 0.760648 0.042322 0.150926
0 1529 0.634522 0.933333 0.050181 0.135185
0 1530 0.691354 0.898611 0.050181 0.156481
0 1531 0.587969 0.575926 0.039299 0.150000
0 1532 0.621221 0.591667 0.036880 0.140741
0 1535 0.769952 0.848611 0.048972 0.160185
0 1536 0.818017 0.850463 0.045949 0.149074
0 1537 0.922007 0.979167 0.036276 0.041667
0 1538 0.965538 0.974074 0.037485 0.051852
0 1539 0.724305 0.927778 0.045949 0.146296
0 1541 0.925937 0.923148 0.050181 0.153704
0 1542 0.912636 0.866667 0.041717 0.164815
0 1543 0.822249 0.910648 0.044740 0.150926
0 1544 0.862757 0.893981 0.050786 0.165741
0 1548 0.949819 0.749074 0.050786 0.177778
0 1549 0.376663 0.737037 0.047158 0.162963
0 1550 0.514510 0.501389 0.036276 0.137963
0 1551 0.529927 0.483796 0.032044 0.137963
0 1552 0.528416 0.321759 0.032648 0.139815
0 1553 0.744256 0.596296 0.044740 0.157407
0 1554 0.743652 0.698148 0.044740 0.162963
0 1555 0.587969 0.492130 0.039299 0.132407
0 1556 0.618803 0.502315 0.027207 0.121296
0 1557 0.614268 0.572685 0.039903 0.149074
0 1558 0.834643 0.705556 0.041717 0.179630
0 1559 0.819226 0.731944 0.042322 0.167593
0 1562 0.220979 0.770370 0.033253 0.157407
0 1563 0.195284 0.794444 0.047158 0.166667
0 1565 0.274486 0.808796 0.072551 0.178704
0 1567 0.471886 0.414352 0.033253 0.106481
0 1568 0.356106 0.546759 0.033857 0.141667
0 1569 0.317715 0.574537 0.032044 0.145370
0 1570 0.298670 0.543981 0.037485 0.160185
0 1571 0.469770 0.267593 0.027811 0.135185
0 1572 0.394196 0.341204 0.041112 0.145370
0 1573 0.504837 0.393981 0.031439 0.125000
0 1574 0.753930 0.639352 0.036276 0.147222
0 1575 0.093712 0.720833 0.039903 0.160185
0 1576 0.042926 0.741667 0.049577 0.179630
0 1581 0.326179 0.849537 0.048972 0.193519
0 1582 0.371524 0.845833 0.039299 0.165741
0 1583 0.383918 0.225926 0.025393 0.101852
0 1584 0.376058 0.227778 0.030230 0.135185
0 1587 0.029625 0.464352 0.049577 0.156481
0 1589 0.133615 0.769907 0.045949 0.167593
0 1590 0.265719 0.635185 0.042926 0.153704
0 1591 0.311971 0.668519 0.047158 0.164815
0 1592 0.655079 0.503704 0.039299 0.146296
0 1593 0.602781 0.540741 0.043531 0.146296
0 1594 0.548972 0.533333 0.048368 0.150000
0 1595 0.503628 0.549537 0.048368 0.167593
0 1596 0.165961 0.493981 0.044135 0.156481
0 1597 0.201330 0.483796 0.037485 0.165741
0 1598 0.313180 0.461574 0.037485 0.160185
0 1599 0.668682 0.386574 0.044740 0.137963
0 1601 0.732769 0.312500 0.037485 0.139815
0 1602 0.646312 0.339352 0.037485 0.132407
0 1603 0.670798 0.474074 0.050181 0.157407
0 1604 0.767231 0.340741 0.027811 0.090741
0 1605 0.596131 0.329167 0.030230 0.145370
0 1606 0.861548 0.468056 0.037485 0.143519
0 1607 0.650544 0.318056 0.035067 0.123148
0 1608 0.716747 0.353241 0.039299 0.143519
0 1609 0.866989 0.153241 0.030230 0.115741
0 1610 0.768742 0.219444 0.034462 0.148148
0 1611 0.982769 0.580556 0.033253 0.148148
0 1612 0.981560 0.454630 0.032044 0.142593
0 1613 0.957376 0.276389 0.036880 0.150926
0 1614 0.951632 0.562963 0.041112 0.164815
0 1615 0.753628 0.247222 0.032044 0.129630
0 1618 0.010278 0.340741 0.019347 0.151852
0 1619 0.216143 0.378704 0.039299 0.153704
0 1620 0.703748 0.131944 0.032648 0.123148
0 1621 0.676542 0.101852 0.035067 0.118519
0 1624 0.357618 0.081019 0.032044 0.137963
0 1625 0.142080 0.309722 0.039903 0.139815
0 1626 0.833434 0.225463 0.029625 0.128704
0 1627 0.931076 0.218981 0.035067 0.128704
0 1628 0.958283 0.246759 0.037485 0.137963
0 1629 0.860339 0.233333 0.030230 0.135185
0 1632 0.330713 0.100926 0.025393 0.120370
0 1633 0.314994 0.069444 0.027811 0.116667
0 1634 0.018138 0.872685 0.035067 0.173148
0 1635 0.003023 0.871759 0.004837 0.160185
0 1642 0.300786 0.092130 0.032044 0.126852
0 1643 0.785671 0.243056 0.034462 0.145370
0 1646 0.105804 0.347222 0.045949 0.146296
0 1647 0.629686 0.108796 0.032044 0.126852
0 1648 0.878779 0.140741 0.029625 0.129630
0 1649 0.901451 0.465741 0.041112 0.151852
0 1650 0.587666 0.656019 0.050786 0.149074
0 1651 0.565901 0.630093 0.039903 0.156481
0 1652 0.613059 0.632870 0.037485 0.156481
0 1653 0.783857 0.714815 0.044135 0.140741
0 1654 0.276300 0.434259 0.037485 0.146296
0 1655 0.548972 0.446759 0.035067 0.137963
0 1656 0.557739 0.436574 0.034462 0.134259
0 1657 0.494256 0.484722 0.029625 0.143519
0 1658 0.419287 0.333333 0.032044 0.125926
0 1659 0.444377 0.349537 0.035067 0.137963
0 1660 0.483071 0.335185 0.030230 0.081481
0 1661 0.516929 0.355556 0.030230 0.124074
0 1662 0.449516 0.524074 0.039299 0.146296
0 1663 0.167170 0.346759 0.034462 0.123148
0 1664 0.317715 0.112963 0.029625 0.112963
0 1665 0.002116 0.420833 0.003023 0.154630
0 1666 0.256953 0.230556 0.035067 0.129630
0 1667 0.473700 0.398148 0.027207 0.090741
0 1668 0.491838 0.412500 0.027207 0.104630
0 1669 0.426844 0.237963 0.039903 0.162963
0 1670 0.786276 0.048611 0.029625 0.095370
0 1937 0.019649 0.448611 0.029625 0.137963
0 1942 0.004232 0.162037 0.007255 0.124074
