0 1395 0.397219 0.015278 0.042322 0.028704
0 1397 0.441959 0.028241 0.036276 0.054630
0 1398 0.698307 0.032407 0.027811 0.062963
0 1399 0.723700 0.028704 0.027811 0.055556
0 1400 0.581016 0.043519 0.030230 0.085185
0 1401 0.673821 0.061111 0.029625 0.120370
0 1402 0.566808 0.108333 0.034462 0.146296
0 1403 0.618198 0.131944 0.034462 0.132407
0 1404 0.498186 0.058796 0.032648 0.115741
0 1405 0.540508 0.064815 0.036276 0.125926
0 1406 0.567715 0.062500 0.033857 0.123148
0 1407 0.616385 0.077315 0.032044 0.112037
0 1408 0.676542 0.108333 0.035067 0.137037
0 1409 0.697703 0.088426 0.030230 0.112037
0 1410 0.742745 0.188426 0.032044 0.112037
0 1411 0.762092 0.191667 0.034462 0.125926
0 1412 0.748186 0.111111 0.029625 0.127778
0 1413 0.774788 0.101852 0.032044 0.118519
0 1414 0.893591 0.069907 0.039903 0.137963
0 1416 0.953748 0.075000 0.033253 0.125926
0 1418 0.961004 0.050000 0.032044 0.098148
0 1419 0.988513 0.148148 0.021765 0.125926
0 1420 0.922310 0.170833 0.032044 0.137963
0 1421 0.827388 0.272222 0.036880 0.142593
0 1422 0.926239 0.276389 0.035067 0.132407
0 1423 0.982467 0.310185 0.030230 0.101852
0 1424 0.863966 0.218519 0.030230 0.135185
0 1425 0.804716 0.178241 0.032648 0.145370
0 1426 0.855502 0.148611 0.030230 0.134259
0 1428 0.557739 0.043056 0.039299 0.084259
0 1429 0.730955 0.293519 0.032648 0.140741
0 1430 0.698307 0.268519 0.039903 0.148148
0 1431 0.752418 0.443981 0.030834 0.128704
0 1432 0.770254 0.508796 0.043531 0.143519
0 1433 0.569528 0.264352 0.032648 0.154630
0 1434 0.261790 0.051389 0.030230 0.100926
0 1435 0.138452 0.054167 0.032648 0.106481
0 1436 0.095828 0.046759 0.035671 0.091667
0 1437 0.139359 0.030093 0.032044 0.058333
0 1438 0.047763 0.162500 0.031439 0.143519
0 1439 0.411125 0.143519 0.032648 0.129630
0 1440 0.381499 0.143056 0.035067 0.132407
0 1441 0.353386 0.188889 0.034462 0.137037
0 1442 0.344015 0.178241 0.029021 0.137963
0 1443 0.312273 0.258333 0.032044 0.125926
0 1444 0.234885 0.245833 0.030834 0.134259
0 1445 0.218863 0.267593 0.032648 0.140741
0 1446 0.845828 0.179630 0.025393 0.112963
0 1447 0.678356 0.156944 0.039903 0.126852
0 1448 0.816808 0.550463 0.047158 0.156481
0 1450 0.587062 0.252315 0.027811 0.128704
0 1451 0.612152 0.249537 0.032044 0.123148
0 1452 0.586759 0.350000 0.028416 0.131481
0 1453 0.659613 0.294907 0.038694 0.134259
0 1454 0.626360 0.295370 0.037485 0.122222
0 1455 0.654172 0.414815 0.039903 0.142593
0 1456 0.833132 0.198611 0.032648 0.121296
0 1469 0.259976 0.538889 0.036276 0.135185
0 1470 0.306832 0.475926 0.030834 0.133333
0 1473 0.827690 0.124074 0.035067 0.124074
0 1476 0.759976 0.791204 0.038694 0.173148
0 1477 0.720677 0.690278 0.031439 0.128704
0 1478 0.722793 0.459722 0.039299 0.143519
0 1479 0.692563 0.469907 0.034462 0.149074
0 1480 0.857920 0.953241 0.036276 0.095370
0 1484 0.906288 0.133333 0.032648 0.129630
0 1485 0.927751 0.758333 0.048972 0.172222
0 1486 0.713724 0.256019 0.032044 0.132407
0 1487 0.982467 0.213426 0.029021 0.121296
0 1488 0.770859 0.131944 0.042322 0.121296
0 1489 0.928960 0.062037 0.032044 0.116667
0 1490 0.584946 0.476389 0.032044 0.132407
0 1491 0.801088 0.170370 0.037485 0.112963
0 1492 0.933797 0.107407 0.034462 0.114815
0 1493 0.970073 0.175463 0.039299 0.137963
0 1494 0.658404 0.096296 0.030230 0.112963
0 1495 0.648428 0.179630 0.029625 0.079630
0 1496 0.977932 0.072222 0.032044 0.114815
0 1501 0.277811 0.952315 0.048972 0.097222
0 1502 0.443168 0.941667 0.048368 0.118519
0 1503 0.983374 0.933333 0.032044 0.129630
0 1506 0.979141 0.956481 0.039299 0.088889
0 1510 0.500605 0.792593 0.042322 0.187037
0 1522 0.415659 0.812500 0.046554 0.154630
0 1523 0.602177 0.789352 0.033857 0.149074
0 1524 0.644800 0.739352 0.032044 0.173148
0 1525 0.603386 0.743056 0.035067 0.149074
0 1526 0.656288 0.791667 0.057437 0.144444
0 1527 0.694680 0.770370 0.032648 0.162963
0 1529 0.602177 0.949537 0.050786 0.102778
0 1530 0.657497 0.924074 0.053809 0.142593
0 1531 0.589480 0.570370 0.039903 0.151852
0 1532 0.622128 0.589815 0.037485 0.137037
0 1535 0.742443 0.873148 0.049577 0.159259
0 1536 0.788089 0.893519 0.044135 0.162963
0 1539 0.686518 0.943519 0.045345 0.114815
0 1541 0.911125 0.950000 0.051995 0.101852
0 1542 0.882709 0.904630 0.045949 0.151852
0 1543 0.801693 0.935648 0.039903 0.130556
0 1544 0.835248 0.927778 0.041717 0.146296
0 1548 0.935913 0.814815 0.054414 0.185185
0 1549 0.361548 0.746759 0.047158 0.162037
0 1550 0.515115 0.493981 0.036276 0.137963
0 1551 0.529323 0.480093 0.033253 0.137963
0 1552 0.534462 0.289815 0.029021 0.140741
0 1553 0.749395 0.622685 0.044135 0.165741
0 1554 0.746977 0.739352 0.044135 0.171296
0 1555 0.591294 0.492593 0.037485 0.146296
0 1556 0.616687 0.494907 0.027811 0.121296
0 1557 0.614571 0.568981 0.039299 0.149074
0 1558 0.843410 0.742130 0.045949 0.180556
0 1559 0.805623 0.776389 0.041717 0.167593
0 1562 0.271463 0.794444 0.035067 0.159259
0 1563 0.248489 0.815741 0.039903 0.164815
0 1565 0.336759 0.826389 0.043531 0.176852
0 1567 0.473398 0.414815 0.033857 0.112963
0 1568 0.369105 0.531019 0.033253 0.147222
0 1569 0.323458 0.559259 0.030230 0.146296
0 1570 0.295042 0.535648 0.037485 0.160185
0 1571 0.516324 0.256944 0.027811 0.134259
0 1572 0.393591 0.339352 0.041112 0.145370
0 1573 0.504232 0.392130 0.032648 0.128704
0 1574 0.749093 0.666204 0.036276 0.154630
0 1575 0.101270 0.746296 0.039299 0.146296
0 1576 0.058646 0.771296 0.049577 0.179630
0 1581 0.321947 0.881019 0.046554 0.187963
0 1582 0.379988 0.875926 0.041717 0.155556
0 1583 0.418984 0.237963 0.025393 0.101852
0 1584 0.405683 0.232407 0.030230 0.135185
0 1587 0.024184 0.490278 0.047158 0.156481
0 1589 0.122733 0.817130 0.048368 0.167593
0 1590 0.289601 0.668519 0.047158 0.153704
0 1591 0.316203 0.720370 0.045949 0.168519
0 1592 0.613664 0.519444 0.038694 0.146296
0 1593 0.553809 0.545833 0.043531 0.145370
0 1594 0.508767 0.546759 0.044135 0.143519
0 1595 0.463120 0.565278 0.037485 0.171296
0 1596 0.186215 0.530093 0.044740 0.156481
0 1597 0.224002 0.518519 0.042926 0.164815
0 1598 0.290810 0.489352 0.036276 0.160185
0 1599 0.685913 0.405556 0.044135 0.148148
0 1601 0.743954 0.327315 0.036880 0.139815
0 1602 0.657195 0.365278 0.037485 0.136111
0 1603 0.678356 0.500926 0.051995 0.157407
0 1604 0.774788 0.354630 0.027207 0.085185
0 1605 0.611850 0.350463 0.032648 0.145370
0 1606 0.859129 0.501852 0.037485 0.146296
0 1607 0.669891 0.343981 0.035067 0.123148
0 1608 0.744559 0.379167 0.039299 0.143519
0 1609 0.885127 0.163426 0.029021 0.115741
0 1610 0.768440 0.237037 0.035067 0.150000
0 1612 0.987304 0.496759 0.024184 0.149074
0 1613 0.954655 0.291667 0.037485 0.155556
0 1614 0.963120 0.602778 0.041112 0.164815
0 1615 0.757860 0.261111 0.032044 0.129630
0 1619 0.193168 0.409722 0.041717 0.160185
0 1620 0.710399 0.138426 0.032648 0.115741
0 1621 0.675937 0.093519 0.033857 0.118519
0 1624 0.356409 0.075463 0.032044 0.137963
0 1625 0.133615 0.338426 0.039903 0.141667
0 1626 0.821040 0.234722 0.030230 0.128704
0 1627 0.927751 0.231019 0.030834 0.128704
0 1628 0.954051 0.264352 0.037485 0.137963
0 1629 0.848247 0.243519 0.030230 0.135185
0 1632 0.329504 0.094444 0.025393 0.120370
0 1633 0.312576 0.064815 0.027811 0.116667
0 1634 0.016324 0.864815 0.031439 0.175926
0 1642 0.303507 0.086574 0.031439 0.126852
0 1643 0.782950 0.258796 0.035067 0.145370
0 1646 0.106409 0.381019 0.045949 0.145370
0 1647 0.643591 0.119907 0.032044 0.126852
0 1648 0.898730 0.143519 0.029625 0.129630
0 1649 0.909915 0.496296 0.041112 0.150000
0 1650 0.587062 0.647222 0.050786 0.148148
0 1651 0.575877 0.623611 0.056227 0.156481
0 1652 0.609129 0.622685 0.036880 0.156481
0 1653 0.781741 0.709259 0.042322 0.140741
0 1654 0.268440 0.424074 0.037485 0.146296
0 1655 0.550181 0.439352 0.032648 0.141667
0 1656 0.555623 0.426852 0.035067 0.129630
0 1657 0.492745 0.476389 0.030230 0.143519
0 1658 0.417170 0.330556 0.032648 0.131481
0 1659 0.444377 0.343056 0.035067 0.137963
0 1660 0.481862 0.329630 0.032648 0.081481
0 1661 0.516324 0.350000 0.030230 0.124074
0 1662 0.447703 0.518981 0.039299 0.145370
0 1663 0.160822 0.387500 0.035067 0.126852
0 1664 0.317412 0.109259 0.030230 0.112963
0 1666 0.274184 0.254167 0.034462 0.137963
0 1667 0.473700 0.391667 0.027207 0.090741
0 1668 0.490326 0.406481 0.025393 0.103704
0 1669 0.460399 0.251852 0.039299 0.162963
0 1670 0.786276 0.047685 0.029625 0.093519
0 1937 0.006953 0.476389 0.012696 0.137963
0 1942 0.004232 0.153704 0.007255 0.124074
