0 1395 0.360036 0.011111 0.041717 0.020370
0 1397 0.392080 0.023148 0.040508 0.044444
0 1398 0.717050 0.025000 0.027811 0.048148
0 1400 0.575574 0.037963 0.030230 0.074074
0 1401 0.669287 0.063426 0.030230 0.121296
0 1402 0.571342 0.084259 0.035067 0.144444
0 1403 0.600060 0.111574 0.034462 0.132407
0 1404 0.486397 0.044907 0.032044 0.087963
0 1405 0.527207 0.050000 0.035067 0.098148
0 1406 0.556530 0.053704 0.033253 0.105556
0 1407 0.629686 0.055556 0.032044 0.109259
0 1408 0.666868 0.106481 0.035067 0.135185
0 1409 0.700121 0.088426 0.030230 0.112037
0 1410 0.775091 0.188426 0.032648 0.112037
0 1411 0.767836 0.163889 0.035067 0.125926
0 1412 0.733071 0.087037 0.029625 0.122222
0 1413 0.759069 0.083333 0.032044 0.118519
0 1414 0.905079 0.068056 0.048368 0.134259
0 1416 0.967352 0.061111 0.030230 0.118519
0 1418 0.959794 0.044444 0.032044 0.087037
0 1419 0.987606 0.129630 0.023579 0.125926
0 1420 0.927449 0.154167 0.032648 0.137963
0 1421 0.824063 0.248148 0.037485 0.142593
0 1422 0.932890 0.258796 0.035067 0.132407
0 1423 0.982467 0.299074 0.030230 0.101852
0 1424 0.876360 0.207407 0.029625 0.135185
0 1425 0.793833 0.162500 0.032648 0.145370
0 1426 0.843410 0.126389 0.030230 0.134259
0 1429 0.701330 0.270370 0.032648 0.140741
0 1430 0.678658 0.237037 0.036880 0.148148
0 1431 0.783857 0.512037 0.035671 0.131481
0 1432 0.797461 0.585648 0.050786 0.154630
0 1433 0.544135 0.236574 0.032648 0.154630
0 1434 0.266626 0.042593 0.030230 0.083333
0 1435 0.159915 0.038889 0.032044 0.075926
0 1436 0.120012 0.034722 0.030834 0.067593
0 1437 0.157497 0.018519 0.027207 0.035185
0 1438 0.055320 0.141204 0.032044 0.143519
0 1439 0.440145 0.116667 0.032648 0.129630
0 1440 0.409613 0.118981 0.034462 0.132407
0 1441 0.388755 0.165741 0.035067 0.137037
0 1442 0.382709 0.153241 0.029021 0.137963
0 1443 0.284160 0.244907 0.032648 0.126852
0 1444 0.226723 0.225463 0.030230 0.134259
0 1445 0.199516 0.241667 0.032648 0.140741
0 1446 0.889359 0.172222 0.025393 0.112963
0 1447 0.654172 0.143981 0.039903 0.126852
0 1448 0.856106 0.625926 0.045949 0.153704
0 1450 0.559553 0.224074 0.027207 0.129630
0 1451 0.585550 0.221759 0.027207 0.126852
0 1452 0.569226 0.320370 0.032044 0.131481
0 1453 0.646917 0.263426 0.038694 0.134259
0 1454 0.610641 0.268519 0.036276 0.127778
0 1455 0.633615 0.390741 0.039903 0.142593
0 1456 0.849758 0.186574 0.032044 0.121296
0 1465 0.335550 0.987500 0.026602 0.025000
0 1467 0.365175 0.984722 0.029021 0.028704
0 1469 0.230955 0.503241 0.036276 0.132407
0 1470 0.340992 0.451389 0.035067 0.139815
0 1473 0.816808 0.108333 0.035067 0.124074
0 1476 0.752418 0.745370 0.041717 0.164815
0 1477 0.722491 0.656944 0.031439 0.126852
0 1478 0.718259 0.434722 0.042322 0.143519
0 1479 0.684401 0.442593 0.035067 0.140741
0 1480 0.876058 0.932870 0.041112 0.136111
0 1484 0.926239 0.125926 0.032648 0.129630
0 1485 0.939238 0.689352 0.048972 0.167593
0 1486 0.719166 0.242130 0.032044 0.132407
0 1487 0.979141 0.199537 0.029625 0.121296
0 1488 0.759371 0.108796 0.039903 0.121296
0 1490 0.588573 0.485185 0.032044 0.131481
0 1491 0.823458 0.157407 0.037485 0.112963
0 1492 0.951632 0.092130 0.035067 0.115741
0 1493 0.972491 0.159722 0.039299 0.136111
0 1494 0.647521 0.097222 0.030230 0.112963
0 1495 0.629081 0.166667 0.029625 0.079630
0 1496 0.986699 0.059722 0.026602 0.106481
0 1501 0.279323 0.954630 0.045949 0.088889
0 1502 0.448005 0.944907 0.048368 0.112037
0 1503 0.986397 0.941667 0.025998 0.118519
0 1506 0.980048 0.960185 0.037485 0.081481
0 1510 0.495768 0.810648 0.042322 0.175000
0 1522 0.413241 0.824537 0.046554 0.154630
0 1523 0.564994 0.792130 0.036880 0.149074
0 1524 0.620314 0.738889 0.038694 0.164815
0 1525 0.589480 0.728704 0.035067 0.148148
0 1526 0.633313 0.781019 0.058646 0.139815
0 1527 0.676844 0.757870 0.040508 0.147222
0 1529 0.637243 0.931019 0.049577 0.139815
0 1530 0.694680 0.897685 0.048368 0.154630
0 1531 0.587364 0.576852 0.039299 0.150000
0 1532 0.621221 0.591667 0.036880 0.140741
0 1535 0.771161 0.843519 0.048972 0.157407
0 1536 0.819831 0.846296 0.045949 0.150000
0 1537 0.920193 0.977778 0.036276 0.044444
0 1538 0.961911 0.972222 0.037485 0.055556
0 1539 0.729141 0.926389 0.045949 0.149074
0 1541 0.928053 0.920370 0.049577 0.157407
0 1542 0.915659 0.862037 0.040508 0.164815
0 1543 0.824063 0.908796 0.044740 0.152778
0 1544 0.866687 0.890278 0.048972 0.165741
0 1548 0.950423 0.743981 0.049577 0.178704
0 1549 0.378476 0.735185 0.047158 0.162963
0 1550 0.515115 0.501389 0.036276 0.137963
0 1551 0.529927 0.484259 0.032044 0.137037
0 1552 0.529625 0.323611 0.032648 0.139815
0 1553 0.743652 0.593519 0.044740 0.157407
0 1554 0.743047 0.695370 0.044740 0.162963
0 1555 0.587666 0.492130 0.039903 0.132407
0 1556 0.618803 0.503241 0.027207 0.121296
0 1557 0.614268 0.571759 0.039903 0.149074
0 1558 0.832225 0.701852 0.041717 0.179630
0 1559 0.819528 0.728241 0.041717 0.167593
0 1562 0.218259 0.768519 0.033857 0.159259
0 1563 0.191354 0.788889 0.042926 0.164815
0 1565 0.270859 0.808796 0.074970 0.178704
0 1567 0.471584 0.414815 0.032648 0.105556
0 1568 0.356106 0.549074 0.033857 0.140741
0 1569 0.317412 0.575463 0.032648 0.145370
0 1570 0.298065 0.543981 0.037485 0.160185
0 1571 0.465236 0.267593 0.027207 0.135185
0 1572 0.394196 0.341204 0.041112 0.145370
0 1573 0.504837 0.393981 0.031439 0.123148
0 1574 0.754232 0.636111 0.036880 0.144444
0 1575 0.093712 0.717130 0.039903 0.160185
0 1576 0.041717 0.738889 0.049577 0.179630
0 1581 0.327086 0.843981 0.049577 0.193519
0 1582 0.370012 0.841204 0.039903 0.167593
0 1583 0.381499 0.225926 0.025393 0.101852
0 1584 0.373640 0.226852 0.030230 0.135185
0 1587 0.032648 0.461574 0.049577 0.156481
0 1589 0.134522 0.764352 0.045345 0.165741
0 1590 0.262999 0.631019 0.042322 0.154630
0 1591 0.311669 0.665741 0.046554 0.166667
0 1592 0.659008 0.501852 0.039903 0.146296
0 1593 0.607618 0.540741 0.043531 0.146296
0 1594 0.553507 0.533333 0.048972 0.148148
0 1595 0.507557 0.548148 0.047763 0.166667
0 1596 0.163845 0.490741 0.043531 0.157407
0 1597 0.199516 0.480093 0.037485 0.165741
0 1598 0.314389 0.458796 0.037485 0.160185
0 1599 0.666264 0.384722 0.044740 0.137963
0 1601 0.732164 0.311574 0.037485 0.141667
0 1602 0.645707 0.336574 0.037485 0.132407
0 1603 0.669891 0.471296 0.049577 0.157407
0 1604 0.766022 0.337963 0.027811 0.090741
0 1605 0.594921 0.327315 0.030230 0.145370
0 1606 0.861548 0.464815 0.037485 0.142593
0 1607 0.648730 0.315278 0.035067 0.123148
0 1608 0.714329 0.350463 0.039299 0.143519
0 1609 0.865780 0.152315 0.030230 0.115741
0 1610 0.768742 0.217593 0.034462 0.148148
0 1611 0.982467 0.575463 0.033857 0.147222
0 1612 0.980351 0.451852 0.033253 0.142593
0 1613 0.957678 0.275463 0.036276 0.150926
0 1614 0.951028 0.557870 0.041112 0.163889
0 1615 0.753023 0.246296 0.032044 0.129630
0 1618 0.011790 0.337963 0.022370 0.151852
0 1619 0.218863 0.375926 0.039903 0.153704
0 1620 0.702539 0.131019 0.033857 0.125000
0 1621 0.676542 0.101852 0.035067 0.118519
0 1624 0.357618 0.081481 0.032044 0.138889
0 1625 0.142080 0.306944 0.039903 0.139815
0 1626 0.834643 0.224537 0.029625 0.128704
0 1627 0.932285 0.218056 0.035067 0.128704
0 1628 0.958585 0.245833 0.036880 0.137963
0 1629 0.861850 0.232407 0.029625 0.135185
0 1632 0.330713 0.100926 0.025393 0.120370
0 1633 0.314994 0.069444 0.027811 0.116667
0 1634 0.018440 0.872685 0.035671 0.173148
0 1635 0.003023 0.871759 0.004837 0.160185
0 1642 0.300786 0.092130 0.032044 0.126852
0 1643 0.785671 0.241204 0.034462 0.145370
0 1646 0.105502 0.343519 0.046554 0.146296
0 1647 0.628476 0.107870 0.032044 0.126852
0 1648 0.877570 0.138889 0.029625 0.129630
0 1649 0.900846 0.462037 0.041112 0.151852
0 1650 0.588271 0.656019 0.050786 0.149074
0 1651 0.566203 0.629630 0.039299 0.157407
0 1652 0.613664 0.632870 0.037485 0.156481
0 1653 0.783253 0.715741 0.045345 0.140741
0 1654 0.276904 0.435185 0.037485 0.146296
0 1655 0.549274 0.446759 0.034462 0.137963
0 1656 0.557437 0.435648 0.035067 0.134259
0 1657 0.494256 0.484722 0.029625 0.143519
0 1658 0.419589 0.333333 0.031439 0.125926
0 1659 0.444377 0.350463 0.035067 0.137963
0 1660 0.483676 0.335185 0.030230 0.081481
0 1661 0.516929 0.355556 0.030230 0.124074
0 1662 0.449516 0.524074 0.039299 0.146296
0 1663 0.168380 0.343056 0.034462 0.121296
0 1664 0.317715 0.112963 0.029625 0.112963
0 1665 0.003023 0.417593 0.004837 0.153704
0 1666 0.255744 0.228704 0.035067 0.129630
0 1667 0.473700 0.399074 0.027207 0.090741
0 1668 0.492443 0.413426 0.027207 0.104630
0 1669 0.423821 0.237037 0.039903 0.162963
0 1670 0.786276 0.048611 0.029625 0.095370
0 1937 0.021463 0.445833 0.029625 0.137963
0 1942 0.004232 0.162037 0.007255 0.124074
