0 1401 0.640266 0.045833 0.030230 0.089815
0 1402 0.634220 0.032870 0.030230 0.063889
0 1403 0.573761 0.041204 0.035067 0.080556
0 1408 0.612152 0.063426 0.034462 0.123148
0 1409 0.649335 0.039815 0.030230 0.077778
0 1410 0.876965 0.101389 0.032044 0.112037
0 1411 0.728839 0.082407 0.034462 0.125926
0 1419 0.974002 0.051389 0.030230 0.093519
0 1420 0.926542 0.077778 0.032044 0.135185
0 1421 0.796856 0.154630 0.037485 0.142593
0 1422 0.941354 0.196759 0.035067 0.132407
0 1423 0.938936 0.227778 0.030230 0.101852
0 1424 0.923216 0.143519 0.030230 0.135185
0 1425 0.741536 0.075463 0.032044 0.130556
0 1426 0.763603 0.066204 0.030230 0.130556
0 1429 0.678356 0.144444 0.032648 0.140741
0 1430 0.648730 0.116667 0.035067 0.140741
0 1431 0.884522 0.752315 0.037485 0.154630
0 1432 0.845224 0.800463 0.042322 0.150926
0 1433 0.440750 0.131019 0.032648 0.145370
0 1438 0.082527 0.056019 0.032044 0.110185
0 1439 0.520556 0.046296 0.027811 0.090741
0 1440 0.487908 0.041667 0.035067 0.081481
0 1441 0.471584 0.056019 0.035067 0.110185
0 1442 0.456469 0.057870 0.029021 0.113889
0 1443 0.200423 0.164815 0.034462 0.125926
0 1444 0.186820 0.139815 0.030230 0.133333
0 1445 0.148730 0.141667 0.033857 0.140741
0 1446 0.945586 0.093981 0.024184 0.112037
0 1447 0.570738 0.078241 0.039903 0.126852
0 1448 0.848247 0.850926 0.049577 0.162963
0 1450 0.462515 0.116667 0.027811 0.129630
0 1451 0.484281 0.110185 0.033857 0.120370
0 1452 0.525695 0.218519 0.029625 0.116667
0 1453 0.593712 0.152315 0.036276 0.134259
0 1454 0.561366 0.152778 0.032044 0.129630
0 1455 0.563785 0.291204 0.039299 0.143519
0 1456 0.885732 0.122685 0.032648 0.121296
0 1465 0.120314 0.993056 0.021765 0.015741
0 1467 0.147823 0.980093 0.029625 0.041667
0 1469 0.246675 0.358333 0.035067 0.131481
0 1470 0.369710 0.342593 0.029625 0.140741
0 1476 0.717654 0.590278 0.036276 0.165741
0 1477 0.738815 0.543981 0.030230 0.117593
0 1478 0.716445 0.312037 0.041112 0.142593
0 1479 0.679867 0.341667 0.030834 0.137037
0 1480 0.963422 0.776852 0.041717 0.153704
0 1482 0.981560 0.371759 0.034462 0.145370
0 1483 0.986699 0.265278 0.025393 0.115741
0 1485 0.967956 0.482870 0.043531 0.145370
0 1486 0.698307 0.175463 0.032648 0.132407
0 1487 0.985187 0.128241 0.028416 0.121296
0 1488 0.709190 0.055556 0.039903 0.109259
0 1490 0.578597 0.484722 0.032648 0.132407
0 1491 0.926844 0.055093 0.037485 0.108333
0 1493 0.974607 0.083796 0.036276 0.126852
0 1494 0.589178 0.055093 0.029625 0.108333
0 1495 0.548368 0.104630 0.030230 0.079630
0 1501 0.276300 0.957407 0.044740 0.087037
0 1502 0.446796 0.941667 0.048368 0.118519
0 1503 0.984885 0.940278 0.029021 0.121296
0 1506 0.987304 0.971296 0.022975 0.059259
0 1510 0.434099 0.775926 0.072551 0.175926
0 1511 0.464933 0.870833 0.056832 0.171296
0 1512 0.509976 0.877778 0.051391 0.168519
0 1513 0.486699 0.967130 0.033857 0.067593
0 1514 0.522975 0.957870 0.038694 0.086111
0 1516 0.820435 0.967130 0.053204 0.067593
0 1521 0.012394 0.749537 0.023579 0.163889
0 1522 0.243652 0.796296 0.045949 0.146296
0 1523 0.415357 0.728241 0.031439 0.137963
0 1524 0.469770 0.724537 0.042322 0.167593
0 1525 0.478839 0.694444 0.035067 0.142593
0 1526 0.523277 0.750000 0.058646 0.144444
0 1527 0.546554 0.721759 0.035067 0.143519
0 1528 0.694377 0.975926 0.033253 0.046296
0 1529 0.709190 0.785185 0.050786 0.151852
0 1530 0.776904 0.767130 0.042322 0.158333
0 1531 0.581318 0.586574 0.046554 0.149074
0 1532 0.620919 0.589352 0.036276 0.149074
0 1533 0.660822 0.901389 0.049577 0.176852
0 1534 0.675030 0.860648 0.039299 0.180556
0 1535 0.809855 0.690278 0.040508 0.154630
0 1536 0.841294 0.707870 0.042926 0.165741
0 1537 0.863664 0.893519 0.048972 0.174074
0 1538 0.905079 0.879167 0.049577 0.173148
0 1539 0.814994 0.789352 0.047158 0.154630
0 1541 0.989722 0.761574 0.018138 0.173148
0 1542 0.973398 0.683333 0.043531 0.137037
0 1543 0.924426 0.732870 0.043531 0.145370
0 1544 0.949819 0.719907 0.039903 0.162037
0 1545 0.986397 0.612500 0.024788 0.134259
0 1548 0.925937 0.515278 0.041717 0.169444
0 1549 0.401451 0.637500 0.045949 0.156481
0 1550 0.515115 0.487037 0.036276 0.135185
0 1551 0.535973 0.479630 0.036880 0.146296
0 1552 0.595224 0.388426 0.032044 0.139815
0 1553 0.730653 0.493519 0.044135 0.146296
0 1554 0.737001 0.562963 0.039903 0.157407
0 1555 0.594619 0.493981 0.041717 0.132407
0 1556 0.616385 0.500463 0.027207 0.121296
0 1557 0.602781 0.566204 0.039903 0.149074
0 1558 0.795042 0.554630 0.045949 0.159259
0 1559 0.819226 0.580556 0.037485 0.151852
0 1560 0.987304 0.578241 0.024184 0.139815
0 1562 0.072854 0.662037 0.040508 0.151852
0 1563 0.036276 0.674537 0.044740 0.156481
0 1565 0.100363 0.735648 0.044740 0.182407
0 1567 0.437727 0.401389 0.035067 0.104630
0 1568 0.343712 0.528241 0.035671 0.156481
0 1569 0.327993 0.574074 0.034462 0.146296
0 1570 0.293833 0.538426 0.037485 0.160185
0 1571 0.338271 0.321296 0.028416 0.133333
0 1572 0.397823 0.344907 0.041112 0.145370
0 1573 0.511487 0.390741 0.032648 0.118519
0 1574 0.759976 0.523611 0.033857 0.141667
0 1575 0.061064 0.602778 0.039903 0.157407
0 1576 0.021463 0.606944 0.041717 0.165741
0 1577 0.004232 0.478704 0.007255 0.148148
0 1578 0.024184 0.494444 0.037485 0.109259
0 1581 0.269952 0.630556 0.039299 0.162963
0 1582 0.313180 0.637963 0.038694 0.148148
0 1583 0.230351 0.220833 0.026602 0.095370
0 1584 0.232164 0.218981 0.039903 0.126852
0 1587 0.078900 0.372222 0.041717 0.151852
0 1589 0.157497 0.576852 0.044135 0.151852
0 1590 0.170798 0.484259 0.041717 0.150000
0 1591 0.206167 0.503241 0.043531 0.156481
0 1592 0.733978 0.418981 0.039903 0.150926
0 1593 0.706771 0.445370 0.038694 0.140741
0 1594 0.677146 0.442130 0.041112 0.149074
0 1595 0.655381 0.466204 0.035067 0.173148
0 1596 0.193470 0.336574 0.038694 0.149074
0 1597 0.224607 0.342593 0.036880 0.162963
0 1598 0.343712 0.348611 0.032044 0.132407
0 1599 0.596735 0.288426 0.044740 0.137963
0 1600 0.084039 0.272685 0.035067 0.137963
0 1601 0.687424 0.247222 0.037485 0.151852
0 1602 0.627267 0.259259 0.032044 0.146296
0 1603 0.657195 0.356481 0.043531 0.157407
0 1604 0.714027 0.251852 0.027811 0.090741
0 1605 0.547158 0.241204 0.030230 0.132407
0 1606 0.821040 0.342130 0.033857 0.134259
0 1607 0.587062 0.206944 0.035067 0.123148
0 1608 0.629686 0.224074 0.034462 0.129630
0 1609 0.790810 0.104630 0.032648 0.114815
0 1610 0.769649 0.147222 0.033857 0.138889
0 1611 0.954353 0.410648 0.041717 0.150926
0 1612 0.947703 0.309259 0.039299 0.129630
0 1613 0.907497 0.203704 0.036276 0.137037
0 1614 0.928356 0.401389 0.041717 0.154630
0 1615 0.732467 0.180556 0.032044 0.129630
0 1618 0.084643 0.215741 0.044740 0.144444
0 1619 0.296554 0.252778 0.047763 0.151852
0 1620 0.631499 0.076389 0.032044 0.110185
0 1621 0.652963 0.053241 0.031439 0.102778
0 1622 0.024184 0.226389 0.031439 0.132407
0 1623 0.049879 0.243056 0.035671 0.143519
0 1624 0.363362 0.084722 0.032648 0.137963
0 1625 0.174123 0.199074 0.035067 0.140741
0 1626 0.865175 0.165278 0.030230 0.125000
0 1627 0.929565 0.164352 0.034462 0.128704
0 1628 0.965538 0.182870 0.037485 0.137963
0 1629 0.906892 0.179630 0.030230 0.135185
0 1632 0.334039 0.093519 0.024788 0.120370
0 1633 0.322249 0.071759 0.027811 0.115741
0 1634 0.022068 0.854630 0.042926 0.190741
0 1635 0.002116 0.865741 0.003023 0.164815
0 1642 0.298972 0.078241 0.032044 0.126852
0 1643 0.782346 0.171759 0.035067 0.145370
0 1644 0.006953 0.240278 0.012696 0.132407
0 1646 0.129081 0.195370 0.041717 0.129630
0 1647 0.570738 0.066667 0.032648 0.122222
0 1648 0.808041 0.087963 0.029625 0.129630
0 1649 0.847340 0.323148 0.036880 0.142593
0 1650 0.591898 0.651389 0.051995 0.149074
0 1651 0.563482 0.626389 0.039903 0.160185
0 1652 0.613664 0.625000 0.036276 0.157407
0 1653 0.776904 0.711111 0.054414 0.140741
0 1654 0.272672 0.433333 0.037485 0.146296
0 1655 0.565296 0.418981 0.035067 0.137963
0 1656 0.560459 0.412037 0.041112 0.146296
0 1657 0.511790 0.466204 0.029625 0.143519
0 1658 0.417170 0.329167 0.031439 0.123148
0 1659 0.446191 0.351389 0.035067 0.137963
0 1660 0.480653 0.335648 0.030230 0.082407
0 1661 0.513603 0.360185 0.029625 0.124074
0 1662 0.449819 0.523611 0.038694 0.149074
0 1663 0.202237 0.210185 0.034462 0.112963
0 1664 0.314389 0.104630 0.030230 0.112963
0 1665 0.108222 0.281019 0.035067 0.149074
0 1666 0.211911 0.133333 0.034462 0.129630
0 1667 0.474909 0.398148 0.027207 0.090741
0 1668 0.488210 0.412037 0.027207 0.105556
0 1669 0.313180 0.151852 0.044740 0.159259
0 1670 0.784160 0.050000 0.029021 0.098148
0 1937 0.096735 0.345370 0.033857 0.135185
0 1942 0.005139 0.158333 0.009069 0.124074
