0 1401 0.616687 0.039815 0.030230 0.077778
0 1403 0.584039 0.032407 0.035067 0.062963
0 1408 0.584341 0.053704 0.034462 0.105556
0 1409 0.629988 0.035648 0.030230 0.069444
0 1410 0.905985 0.081019 0.032044 0.112037
0 1411 0.715840 0.068056 0.035067 0.121296
0 1420 0.935006 0.063426 0.032044 0.125000
0 1421 0.789601 0.135648 0.037485 0.137963
0 1422 0.949214 0.184722 0.035067 0.132407
0 1423 0.920798 0.216667 0.030230 0.101852
0 1424 0.932285 0.127778 0.030230 0.135185
0 1425 0.727328 0.062963 0.032648 0.120370
0 1426 0.739420 0.059259 0.030230 0.116667
0 1429 0.675030 0.115741 0.032044 0.140741
0 1430 0.649940 0.092593 0.035067 0.140741
0 1431 0.866989 0.798611 0.037485 0.154630
0 1432 0.796252 0.861574 0.048368 0.152778
0 1433 0.417775 0.104167 0.031439 0.137963
0 1438 0.088875 0.046759 0.030230 0.091667
0 1440 0.500302 0.026852 0.032044 0.051852
0 1441 0.486699 0.044907 0.035067 0.087963
0 1442 0.471886 0.042130 0.025998 0.082407
0 1443 0.204353 0.143519 0.030230 0.125926
0 1444 0.184704 0.121296 0.029625 0.129630
0 1445 0.152056 0.121296 0.038089 0.140741
0 1446 0.956771 0.073611 0.024788 0.112037
0 1447 0.538089 0.067593 0.043531 0.124074
0 1448 0.808948 0.901389 0.047158 0.162037
0 1450 0.436820 0.092130 0.027207 0.125000
0 1451 0.457981 0.080556 0.027207 0.120370
0 1452 0.518138 0.213426 0.024184 0.110185
0 1453 0.581318 0.124537 0.036880 0.134259
0 1454 0.553809 0.128704 0.031439 0.129630
0 1455 0.538694 0.265741 0.038694 0.138889
0 1456 0.900846 0.107870 0.032648 0.121296
0 1465 0.054716 0.994907 0.022370 0.012037
0 1467 0.086457 0.984259 0.030230 0.033333
0 1469 0.278718 0.323148 0.035067 0.122222
0 1470 0.378174 0.321296 0.032044 0.140741
0 1476 0.704051 0.548611 0.036880 0.160185
0 1477 0.738513 0.514815 0.029625 0.109259
0 1478 0.709492 0.287037 0.039299 0.142593
0 1479 0.675333 0.316667 0.032648 0.133333
0 1480 0.968259 0.729630 0.041717 0.151852
0 1482 0.974607 0.340278 0.037485 0.145370
0 1483 0.980955 0.256944 0.030834 0.125000
0 1485 0.971584 0.438426 0.043531 0.147222
0 1486 0.691959 0.158796 0.032044 0.132407
0 1488 0.696191 0.037963 0.033253 0.074074
0 1490 0.572854 0.490278 0.032044 0.132407
0 1491 0.939238 0.041204 0.036880 0.080556
0 1493 0.976421 0.067130 0.037485 0.126852
0 1494 0.561971 0.045833 0.029625 0.089815
0 1495 0.520556 0.093519 0.030230 0.079630
0 1501 0.275091 0.957870 0.044740 0.086111
0 1502 0.445586 0.942130 0.048368 0.117593
0 1503 0.980955 0.934722 0.034462 0.132407
0 1506 0.984281 0.971296 0.029021 0.059259
0 1510 0.393591 0.776852 0.049577 0.175926
0 1511 0.441959 0.841204 0.054414 0.171296
0 1512 0.485490 0.841667 0.051995 0.162963
0 1513 0.535067 0.942593 0.033857 0.116667
0 1514 0.571342 0.940741 0.038694 0.120370
0 1515 0.597340 0.978241 0.029021 0.045370
0 1516 0.824365 0.941667 0.061064 0.116667
0 1517 0.867291 0.963426 0.051391 0.075000
0 1521 0.014510 0.730556 0.027811 0.164815
0 1522 0.191959 0.783796 0.045345 0.163889
0 1523 0.364873 0.704630 0.047763 0.131481
0 1524 0.427449 0.712500 0.049577 0.165741
0 1525 0.437727 0.687037 0.049577 0.142593
0 1526 0.483374 0.737963 0.051391 0.151852
0 1527 0.511790 0.713426 0.039299 0.143519
0 1528 0.697098 0.938889 0.051995 0.124074
0 1529 0.717654 0.751389 0.050786 0.150926
0 1530 0.802297 0.742593 0.050786 0.148148
0 1531 0.576481 0.583796 0.046554 0.149074
0 1532 0.619710 0.596759 0.037485 0.149074
0 1533 0.638755 0.843519 0.041717 0.174074
0 1534 0.663241 0.803241 0.041112 0.184259
0 1535 0.800181 0.647222 0.044135 0.151852
0 1536 0.843410 0.663889 0.047158 0.164815
0 1537 0.878476 0.878241 0.048368 0.184259
0 1538 0.921100 0.846296 0.047763 0.174074
0 1539 0.835550 0.762037 0.047158 0.153704
0 1541 0.990024 0.720833 0.018742 0.162037
0 1542 0.975212 0.647685 0.042322 0.137963
0 1543 0.917775 0.682870 0.044740 0.145370
0 1544 0.941657 0.668056 0.039299 0.156481
0 1545 0.971282 0.584722 0.041717 0.145370
0 1548 0.930774 0.464815 0.041717 0.162963
0 1549 0.405683 0.617130 0.047158 0.156481
0 1550 0.519347 0.482870 0.037485 0.134259
0 1551 0.539299 0.470370 0.037485 0.146296
0 1552 0.617291 0.406019 0.032648 0.143519
0 1553 0.727630 0.472685 0.041717 0.145370
0 1554 0.731862 0.542593 0.039299 0.162963
0 1555 0.594619 0.492130 0.041717 0.132407
0 1556 0.615780 0.501389 0.027207 0.121296
0 1557 0.607920 0.567130 0.039299 0.149074
0 1558 0.785671 0.530556 0.046554 0.159259
0 1559 0.825272 0.544444 0.037485 0.153704
0 1560 0.986094 0.557870 0.026602 0.139815
0 1561 0.010278 0.749074 0.019347 0.174074
0 1562 0.039299 0.633796 0.038694 0.150926
0 1563 0.012696 0.649537 0.024184 0.156481
0 1565 0.088271 0.688426 0.044740 0.184259
0 1567 0.415054 0.394907 0.034462 0.104630
0 1568 0.331318 0.513426 0.036276 0.149074
0 1569 0.331620 0.568056 0.036880 0.149074
0 1570 0.293833 0.538426 0.037485 0.160185
0 1571 0.311366 0.335185 0.031439 0.127778
0 1572 0.397219 0.344907 0.041112 0.145370
0 1573 0.512092 0.389815 0.032648 0.122222
0 1574 0.758767 0.503241 0.033857 0.152778
0 1575 0.060459 0.576852 0.038694 0.153704
0 1576 0.023579 0.567130 0.045949 0.165741
0 1577 0.017533 0.454167 0.033857 0.149074
0 1578 0.044438 0.468056 0.036880 0.110185
0 1581 0.241233 0.587963 0.037485 0.162963
0 1582 0.279927 0.598611 0.041112 0.149074
0 1583 0.186215 0.224537 0.029021 0.095370
0 1584 0.192866 0.223611 0.039903 0.126852
0 1586 0.004837 0.263426 0.008464 0.128704
0 1587 0.083736 0.345833 0.044135 0.150926
0 1589 0.153265 0.538426 0.042926 0.150926
0 1590 0.163845 0.443519 0.041112 0.146296
0 1591 0.194075 0.463426 0.042322 0.150926
0 1592 0.738513 0.394907 0.039299 0.150926
0 1593 0.714933 0.427778 0.039299 0.140741
0 1594 0.684401 0.411574 0.042322 0.145370
0 1595 0.660218 0.421296 0.035067 0.166667
0 1596 0.221584 0.304167 0.038089 0.149074
0 1597 0.255744 0.311574 0.037485 0.165741
0 1598 0.353688 0.325926 0.032648 0.135185
0 1599 0.574365 0.261574 0.044740 0.137963
0 1600 0.114571 0.247685 0.035671 0.137963
0 1601 0.675333 0.232407 0.037485 0.151852
0 1602 0.628174 0.240741 0.042322 0.140741
0 1603 0.652358 0.332407 0.044740 0.157407
0 1604 0.701935 0.238889 0.027811 0.090741
0 1605 0.551391 0.226389 0.030230 0.132407
0 1606 0.799274 0.312963 0.035067 0.135185
0 1607 0.574970 0.187500 0.035067 0.123148
0 1608 0.616082 0.197222 0.033857 0.133333
0 1609 0.765417 0.091667 0.032648 0.114815
0 1610 0.761185 0.131481 0.033857 0.131481
0 1611 0.953446 0.378241 0.042322 0.143519
0 1612 0.945889 0.283333 0.039299 0.129630
0 1613 0.888452 0.187037 0.036880 0.137037
0 1614 0.923519 0.363426 0.039299 0.150926
0 1615 0.720375 0.162037 0.032044 0.129630
0 1618 0.093712 0.188426 0.044740 0.143519
0 1619 0.321644 0.226389 0.042322 0.145370
0 1620 0.605502 0.065278 0.032044 0.115741
0 1621 0.629988 0.051389 0.032648 0.100926
0 1622 0.041717 0.202315 0.031439 0.132407
0 1623 0.061669 0.218981 0.035067 0.143519
0 1624 0.365780 0.075463 0.033857 0.132407
0 1625 0.178658 0.172685 0.034462 0.136111
0 1626 0.866989 0.144907 0.030230 0.121296
0 1627 0.934099 0.138426 0.035067 0.128704
0 1628 0.972793 0.168981 0.037485 0.137963
0 1629 0.909311 0.162037 0.030230 0.135185
0 1632 0.334039 0.090741 0.024788 0.120370
0 1633 0.322249 0.073611 0.027811 0.115741
0 1634 0.021463 0.855556 0.041717 0.190741
0 1642 0.292624 0.074537 0.032648 0.126852
0 1643 0.781137 0.153241 0.035067 0.145370
0 1644 0.015115 0.211574 0.029021 0.132407
0 1646 0.134522 0.168056 0.036880 0.128704
0 1647 0.550786 0.056944 0.032648 0.112037
0 1648 0.781741 0.078704 0.030230 0.129630
0 1649 0.825574 0.291667 0.036880 0.142593
0 1650 0.590387 0.653241 0.051391 0.149074
0 1651 0.562878 0.626389 0.039903 0.158333
0 1652 0.613966 0.626852 0.036880 0.157407
0 1653 0.777509 0.713889 0.054414 0.146296
0 1654 0.273881 0.429630 0.037485 0.146296
0 1655 0.558041 0.411574 0.038694 0.137963
0 1656 0.560157 0.404167 0.042926 0.141667
0 1657 0.519347 0.462963 0.030230 0.138889
0 1658 0.416868 0.327778 0.032044 0.120370
0 1659 0.443773 0.351389 0.035067 0.137963
0 1660 0.478839 0.337500 0.030230 0.082407
0 1661 0.514813 0.360185 0.029625 0.124074
0 1662 0.449214 0.523611 0.038694 0.149074
0 1663 0.207981 0.179630 0.031439 0.112963
0 1664 0.310157 0.100926 0.030230 0.112963
0 1665 0.144498 0.255093 0.035067 0.137963
0 1666 0.211306 0.113889 0.034462 0.129630
0 1667 0.473700 0.398148 0.027207 0.090741
0 1668 0.486094 0.414352 0.026602 0.110185
0 1669 0.285973 0.134722 0.041112 0.158333
0 1670 0.783555 0.050000 0.029021 0.098148
0 1937 0.100967 0.323148 0.033857 0.135185
0 1942 0.004534 0.158333 0.007860 0.124074
