0 1397 0.387545 0.022685 0.036276 0.043519
0 1398 0.720073 0.023611 0.027811 0.045370
0 1401 0.668682 0.063889 0.030230 0.122222
0 1402 0.573156 0.081019 0.035067 0.141667
0 1403 0.597340 0.108796 0.035067 0.132407
0 1404 0.485792 0.043056 0.032044 0.084259
0 1405 0.525393 0.048148 0.035067 0.094444
0 1406 0.555320 0.052778 0.033253 0.103704
0 1407 0.633313 0.055093 0.032044 0.108333
0 1408 0.665659 0.106481 0.035067 0.135185
0 1409 0.700121 0.087500 0.030230 0.112037
0 1410 0.779323 0.189352 0.032648 0.112037
0 1411 0.766626 0.160185 0.035067 0.125926
0 1412 0.730955 0.084722 0.029021 0.121296
0 1413 0.757255 0.081481 0.032044 0.118519
0 1414 0.908404 0.068056 0.046554 0.134259
0 1416 0.969468 0.059722 0.029625 0.117593
0 1418 0.959794 0.042130 0.032044 0.082407
0 1419 0.987304 0.126852 0.024184 0.125926
0 1420 0.928053 0.152315 0.032648 0.137963
0 1421 0.823458 0.244907 0.037485 0.143519
0 1422 0.932285 0.255093 0.035067 0.132407
0 1423 0.981862 0.296296 0.030230 0.101852
0 1424 0.877872 0.206481 0.030230 0.135185
0 1425 0.792624 0.160648 0.032648 0.145370
0 1426 0.840387 0.123611 0.030230 0.134259
0 1429 0.700121 0.264815 0.032648 0.140741
0 1430 0.677146 0.231481 0.036276 0.148148
0 1431 0.787787 0.520833 0.036276 0.132407
0 1432 0.803809 0.594444 0.051391 0.153704
0 1433 0.540508 0.232870 0.032648 0.154630
0 1434 0.266022 0.041667 0.030230 0.081481
0 1435 0.162636 0.038426 0.030230 0.075000
0 1436 0.123035 0.032870 0.029625 0.063889
0 1437 0.159915 0.017130 0.025998 0.032407
0 1438 0.055925 0.137500 0.032044 0.143519
0 1439 0.444075 0.112963 0.032044 0.129630
0 1440 0.412938 0.115278 0.035067 0.132407
0 1441 0.393591 0.162963 0.035067 0.137037
0 1442 0.386336 0.149537 0.029021 0.137963
0 1443 0.279927 0.243519 0.032648 0.125926
0 1444 0.224909 0.221759 0.030230 0.134259
0 1445 0.197703 0.237963 0.032648 0.140741
0 1446 0.894196 0.171296 0.025393 0.112963
0 1447 0.651149 0.142130 0.039903 0.126852
0 1448 0.860943 0.636111 0.044740 0.153704
0 1450 0.556227 0.220370 0.027811 0.129630
0 1451 0.582527 0.216667 0.027207 0.127778
0 1452 0.567412 0.315741 0.032044 0.131481
0 1453 0.645707 0.259722 0.038694 0.134259
0 1454 0.609432 0.265278 0.036276 0.128704
0 1455 0.631197 0.387037 0.039903 0.142593
0 1456 0.852177 0.184722 0.032044 0.121296
0 1465 0.325272 0.988426 0.026602 0.023148
0 1467 0.358827 0.984722 0.029625 0.028704
0 1469 0.227932 0.498611 0.036276 0.132407
0 1470 0.343410 0.444907 0.035067 0.139815
0 1473 0.815599 0.105556 0.035067 0.124074
0 1476 0.748791 0.742130 0.042926 0.165741
0 1477 0.722491 0.649537 0.031439 0.123148
0 1478 0.717352 0.431481 0.042926 0.142593
0 1479 0.684401 0.438426 0.035067 0.139815
0 1480 0.880290 0.930556 0.041112 0.140741
0 1484 0.929262 0.124074 0.032648 0.129630
0 1485 0.941657 0.683796 0.048972 0.167593
0 1486 0.718863 0.239352 0.032648 0.132407
0 1487 0.979141 0.196759 0.029625 0.121296
0 1488 0.758162 0.106019 0.039903 0.121296
0 1490 0.589782 0.485185 0.032044 0.131481
0 1491 0.825272 0.152778 0.037485 0.112963
0 1492 0.953446 0.090278 0.035067 0.115741
0 1493 0.972793 0.158333 0.038694 0.135185
0 1494 0.645707 0.097222 0.030230 0.112963
0 1495 0.626663 0.162963 0.029625 0.079630
0 1496 0.987304 0.057870 0.025393 0.104630
0 1501 0.279927 0.955093 0.044740 0.087963
0 1502 0.448005 0.944907 0.048368 0.112037
0 1503 0.986094 0.941667 0.026602 0.118519
0 1506 0.980955 0.960648 0.035671 0.080556
0 1510 0.494861 0.811111 0.042926 0.174074
0 1522 0.411427 0.824537 0.046554 0.154630
0 1523 0.558041 0.789815 0.043531 0.148148
0 1524 0.616082 0.739352 0.038694 0.163889
0 1525 0.587062 0.726389 0.035067 0.147222
0 1526 0.630290 0.778241 0.058646 0.139815
0 1527 0.672914 0.753704 0.038694 0.142593
0 1529 0.641173 0.928241 0.048972 0.145370
0 1530 0.699214 0.891204 0.048972 0.154630
0 1531 0.587364 0.578241 0.039299 0.149074
0 1532 0.620919 0.592130 0.036276 0.141667
0 1535 0.772672 0.835648 0.048368 0.154630
0 1536 0.822854 0.840278 0.045949 0.150926
0 1537 0.916566 0.975463 0.036276 0.050926
0 1538 0.957376 0.969444 0.036880 0.061111
0 1539 0.736094 0.924537 0.046554 0.152778
0 1541 0.929867 0.916204 0.049577 0.160185
0 1542 0.920496 0.854630 0.040508 0.164815
0 1543 0.827086 0.905093 0.045949 0.154630
0 1544 0.872733 0.884722 0.046554 0.165741
0 1548 0.951632 0.732870 0.048368 0.178704
0 1549 0.380895 0.732407 0.047158 0.162963
0 1550 0.515719 0.501389 0.036276 0.137963
0 1551 0.529927 0.484259 0.032044 0.137037
0 1552 0.531439 0.326389 0.032648 0.139815
0 1553 0.742745 0.589815 0.044135 0.157407
0 1554 0.742140 0.689815 0.044135 0.162963
0 1555 0.587062 0.492130 0.041112 0.132407
0 1556 0.620012 0.503241 0.027207 0.121296
0 1557 0.614268 0.570833 0.039903 0.149074
0 1558 0.828597 0.696759 0.040508 0.178704
0 1559 0.818017 0.724537 0.041112 0.167593
0 1562 0.210097 0.760185 0.034462 0.159259
0 1563 0.185611 0.781019 0.036276 0.160185
0 1565 0.260580 0.806944 0.076179 0.178704
0 1567 0.471584 0.414352 0.032648 0.104630
0 1568 0.355502 0.551389 0.033857 0.143519
0 1569 0.317412 0.578241 0.032648 0.145370
0 1570 0.297461 0.543981 0.037485 0.160185
0 1571 0.458585 0.267593 0.027207 0.135185
0 1572 0.394800 0.342130 0.041112 0.145370
0 1573 0.504837 0.393981 0.031439 0.123148
0 1574 0.754534 0.631481 0.037485 0.140741
0 1575 0.090689 0.712500 0.039903 0.160185
0 1576 0.039299 0.735185 0.049577 0.179630
0 1581 0.328295 0.836574 0.049577 0.193519
0 1582 0.368198 0.833796 0.039903 0.167593
0 1583 0.377267 0.225926 0.025393 0.101852
0 1584 0.370012 0.226852 0.030230 0.135185
0 1587 0.036880 0.457870 0.049577 0.156481
0 1589 0.136034 0.755556 0.044740 0.162963
0 1590 0.258767 0.625463 0.042322 0.154630
0 1591 0.309553 0.660648 0.045949 0.167593
0 1592 0.664752 0.499537 0.040508 0.147222
0 1593 0.614873 0.537963 0.043531 0.146296
0 1594 0.560762 0.533333 0.048972 0.146296
0 1595 0.513603 0.545370 0.046554 0.164815
0 1596 0.161427 0.485648 0.042322 0.156481
0 1597 0.196493 0.473611 0.037485 0.165741
0 1598 0.317412 0.455093 0.037485 0.160185
0 1599 0.662938 0.381944 0.044135 0.137963
0 1601 0.730955 0.311111 0.037485 0.144444
0 1602 0.643894 0.332870 0.037485 0.132407
0 1603 0.668380 0.467130 0.048972 0.156481
0 1604 0.763603 0.334259 0.027811 0.090741
0 1605 0.593108 0.324537 0.030230 0.145370
0 1606 0.861548 0.460185 0.037485 0.142593
0 1607 0.645707 0.311574 0.035067 0.123148
0 1608 0.710701 0.345833 0.039299 0.143519
0 1609 0.863059 0.150926 0.030834 0.114815
0 1610 0.768742 0.215278 0.034462 0.147222
0 1611 0.982467 0.569907 0.033857 0.147222
0 1612 0.978537 0.447222 0.034462 0.142593
0 1613 0.958283 0.273148 0.036276 0.150000
0 1614 0.950423 0.550000 0.041112 0.162963
0 1615 0.752418 0.243519 0.032044 0.129630
0 1618 0.014208 0.333333 0.027207 0.151852
0 1619 0.221886 0.371296 0.041112 0.153704
0 1620 0.700726 0.129630 0.033857 0.125926
0 1621 0.676542 0.101852 0.035067 0.118519
0 1624 0.357618 0.081481 0.032044 0.138889
0 1625 0.142080 0.303241 0.039903 0.139815
0 1626 0.836457 0.223611 0.029625 0.128704
0 1627 0.933495 0.216204 0.035067 0.128704
0 1628 0.958585 0.243056 0.036880 0.137963
0 1629 0.863966 0.230556 0.030230 0.135185
0 1632 0.330713 0.100926 0.025393 0.120370
0 1633 0.315599 0.070370 0.027811 0.116667
0 1634 0.018742 0.873611 0.036276 0.173148
0 1635 0.003023 0.871759 0.004837 0.160185
0 1642 0.300786 0.092130 0.032044 0.126852
0 1643 0.786276 0.239352 0.034462 0.145370
0 1646 0.104897 0.337963 0.046554 0.146296
0 1647 0.626663 0.106019 0.032044 0.126852
0 1648 0.875756 0.137037 0.029625 0.129630
0 1649 0.899637 0.457407 0.041112 0.151852
0 1650 0.588875 0.656019 0.050786 0.149074
0 1651 0.566808 0.629630 0.039299 0.157407
0 1652 0.614873 0.633796 0.037485 0.156481
0 1653 0.782648 0.716667 0.047763 0.140741
0 1654 0.278114 0.435185 0.037485 0.146296
0 1655 0.549879 0.447685 0.034462 0.137963
0 1656 0.557134 0.433796 0.034462 0.134259
0 1657 0.494256 0.485648 0.029625 0.143519
0 1658 0.419589 0.333796 0.031439 0.125000
0 1659 0.444377 0.351389 0.035067 0.137963
0 1660 0.483071 0.336111 0.030230 0.081481
0 1661 0.516929 0.356481 0.030230 0.124074
0 1662 0.449516 0.524537 0.039299 0.147222
0 1663 0.170193 0.337037 0.034462 0.118519
0 1664 0.317715 0.112963 0.029625 0.112963
0 1665 0.004534 0.412963 0.007860 0.153704
0 1666 0.253325 0.225000 0.035067 0.129630
0 1667 0.474305 0.399074 0.027207 0.090741
0 1668 0.493349 0.414352 0.027811 0.104630
0 1669 0.418984 0.235185 0.039903 0.162963
0 1670 0.786276 0.048611 0.029625 0.095370
0 1937 0.025091 0.441667 0.029625 0.137037
0 1942 0.004232 0.162037 0.007255 0.124074
