0 1397 0.340085 0.016667 0.041717 0.031481
0 1401 0.662031 0.060185 0.030230 0.114815
0 1402 0.592503 0.056944 0.032648 0.112037
0 1403 0.575574 0.081944 0.035067 0.128704
0 1404 0.484583 0.029630 0.027207 0.057407
0 1405 0.513906 0.033796 0.035067 0.065741
0 1406 0.547461 0.040741 0.028416 0.079630
0 1407 0.670798 0.042130 0.032044 0.082407
0 1408 0.650544 0.094907 0.035067 0.134259
0 1409 0.688029 0.068981 0.030230 0.110185
0 1410 0.826784 0.156019 0.032044 0.112037
0 1411 0.757860 0.125926 0.034462 0.125926
0 1412 0.712213 0.061111 0.029021 0.111111
0 1413 0.740629 0.059722 0.032648 0.106481
0 1414 0.930472 0.059722 0.037485 0.117593
0 1416 0.978537 0.039352 0.029625 0.076852
0 1419 0.985792 0.099074 0.027207 0.125926
0 1420 0.923821 0.128241 0.032648 0.137963
0 1421 0.815296 0.209722 0.036880 0.143519
0 1422 0.930472 0.230093 0.035067 0.132407
0 1423 0.975212 0.272222 0.030230 0.101852
0 1424 0.894498 0.187037 0.029625 0.135185
0 1425 0.777509 0.124537 0.032648 0.145370
0 1426 0.814389 0.098611 0.030230 0.134259
0 1429 0.688936 0.219444 0.032044 0.140741
0 1430 0.661125 0.190741 0.034462 0.148148
0 1431 0.836759 0.604167 0.036276 0.141667
0 1432 0.854293 0.675463 0.044740 0.150926
0 1433 0.507860 0.195833 0.032648 0.154630
0 1434 0.250000 0.028241 0.029625 0.054630
0 1435 0.186215 0.024074 0.035067 0.046296
0 1438 0.069226 0.102315 0.032044 0.143519
0 1439 0.475212 0.080093 0.032648 0.128704
0 1440 0.443168 0.081019 0.033857 0.128704
0 1441 0.429262 0.118981 0.033857 0.128704
0 1442 0.415054 0.116204 0.029625 0.137963
0 1443 0.245466 0.220833 0.030230 0.126852
0 1444 0.209794 0.192130 0.030230 0.134259
0 1445 0.177751 0.203241 0.032648 0.139815
0 1446 0.925937 0.147685 0.030834 0.112037
0 1447 0.628779 0.115278 0.039903 0.126852
0 1448 0.891475 0.723148 0.041717 0.162963
0 1450 0.526602 0.185185 0.027811 0.129630
0 1451 0.559553 0.178241 0.027207 0.132407
0 1452 0.548368 0.274074 0.032648 0.131481
0 1453 0.633011 0.215278 0.039903 0.134259
0 1454 0.595526 0.231019 0.036276 0.137963
0 1455 0.607920 0.351389 0.039299 0.143519
0 1456 0.869710 0.162500 0.032044 0.121296
0 1465 0.261185 0.992130 0.027811 0.017593
0 1467 0.288089 0.978241 0.029625 0.045370
0 1469 0.207981 0.456019 0.033857 0.132407
0 1470 0.356711 0.396759 0.035067 0.139815
0 1473 0.791112 0.079630 0.034462 0.124074
0 1476 0.737001 0.687963 0.042322 0.170370
0 1477 0.724002 0.603241 0.039299 0.117593
0 1478 0.724909 0.394907 0.044740 0.143519
0 1479 0.683495 0.398611 0.034462 0.137963
0 1480 0.915961 0.881019 0.042322 0.160185
0 1484 0.948609 0.100926 0.032648 0.129630
0 1485 0.951028 0.602315 0.048368 0.167593
0 1486 0.717654 0.217130 0.032648 0.132407
0 1487 0.982164 0.172685 0.029625 0.121296
0 1488 0.740629 0.088426 0.039903 0.121296
0 1490 0.585550 0.487963 0.032044 0.131481
0 1491 0.861548 0.105556 0.037485 0.112963
0 1492 0.965840 0.069444 0.034462 0.111111
0 1493 0.976723 0.133333 0.038089 0.135185
0 1494 0.631197 0.085185 0.030230 0.112963
0 1495 0.605804 0.135185 0.030230 0.079630
0 1501 0.279323 0.956944 0.044740 0.087963
0 1502 0.448005 0.943519 0.048368 0.114815
0 1503 0.985490 0.939815 0.027811 0.122222
0 1506 0.988815 0.967130 0.019952 0.067593
0 1510 0.487304 0.793981 0.047158 0.184259
0 1511 0.515719 0.949074 0.060459 0.103704
0 1512 0.565599 0.958333 0.048972 0.085185
0 1522 0.373035 0.827315 0.058041 0.150926
0 1523 0.516324 0.771759 0.038694 0.147222
0 1524 0.561971 0.740278 0.048972 0.154630
0 1525 0.560157 0.699537 0.034462 0.143519
0 1526 0.595828 0.769907 0.051391 0.150926
0 1527 0.633918 0.734259 0.050181 0.150000
0 1529 0.671705 0.887963 0.050786 0.164815
0 1530 0.730653 0.841667 0.047763 0.148148
0 1531 0.576179 0.579167 0.039903 0.149074
0 1532 0.620919 0.591667 0.036276 0.144444
0 1533 0.747279 0.984722 0.033857 0.030556
0 1534 0.780834 0.962963 0.038089 0.075926
0 1535 0.799577 0.782407 0.048972 0.151852
0 1536 0.845828 0.787963 0.045949 0.162963
0 1537 0.872733 0.940278 0.044135 0.121296
0 1538 0.928053 0.944907 0.044740 0.108333
0 1539 0.769649 0.875463 0.048368 0.156481
0 1541 0.959492 0.864352 0.048368 0.175000
0 1542 0.955865 0.793519 0.044740 0.164815
0 1543 0.876663 0.842130 0.047158 0.156481
0 1544 0.912334 0.828704 0.044740 0.164815
0 1548 0.941354 0.653241 0.045949 0.178704
0 1549 0.390568 0.692593 0.045949 0.151852
0 1550 0.517533 0.497685 0.036276 0.137963
0 1551 0.532044 0.482870 0.032648 0.139815
0 1552 0.549577 0.351389 0.035067 0.139815
0 1553 0.735490 0.552778 0.044135 0.150000
0 1554 0.746675 0.642130 0.044740 0.162037
0 1555 0.591898 0.492130 0.041112 0.132407
0 1556 0.613664 0.495370 0.027811 0.116667
0 1557 0.611850 0.564352 0.039903 0.149074
0 1558 0.801995 0.646759 0.039299 0.176852
0 1559 0.813785 0.681481 0.037485 0.162963
0 1562 0.165054 0.720833 0.043531 0.149074
0 1563 0.128476 0.745370 0.045345 0.164815
0 1565 0.196493 0.781019 0.070133 0.173148
0 1567 0.468259 0.413889 0.032044 0.098148
0 1568 0.347340 0.560648 0.034462 0.150926
0 1569 0.317412 0.584259 0.032648 0.146296
0 1570 0.296252 0.543056 0.037485 0.160185
0 1571 0.404776 0.297222 0.032044 0.135185
0 1572 0.396010 0.344907 0.041112 0.145370
0 1573 0.504837 0.393056 0.031439 0.119444
0 1574 0.758162 0.585648 0.039903 0.137963
0 1575 0.076784 0.672685 0.039903 0.160185
0 1576 0.027811 0.690741 0.049577 0.179630
0 1581 0.320435 0.761574 0.043531 0.178704
0 1582 0.365175 0.761574 0.043531 0.162037
0 1583 0.318319 0.215278 0.025998 0.099074
0 1584 0.328900 0.213426 0.039903 0.126852
0 1587 0.059855 0.424537 0.043531 0.154630
0 1589 0.142382 0.685648 0.044135 0.160185
0 1590 0.218863 0.577315 0.042322 0.154630
0 1591 0.267533 0.600926 0.044135 0.166667
0 1592 0.702842 0.469907 0.044135 0.150926
0 1593 0.672914 0.504630 0.043531 0.150000
0 1594 0.624547 0.516667 0.042322 0.142593
0 1595 0.568924 0.523148 0.037485 0.161111
0 1596 0.155683 0.430556 0.039299 0.150000
0 1597 0.187727 0.423611 0.036880 0.163889
0 1598 0.327086 0.399537 0.036276 0.136111
0 1599 0.642684 0.348611 0.044740 0.137963
0 1600 0.006651 0.351852 0.012092 0.146296
0 1601 0.717050 0.287037 0.037485 0.151852
0 1602 0.636034 0.303704 0.032648 0.131481
0 1603 0.661125 0.425463 0.046554 0.152778
0 1604 0.740629 0.300926 0.027811 0.090741
0 1605 0.577388 0.290278 0.030230 0.141667
0 1606 0.855804 0.420370 0.036880 0.140741
0 1607 0.622430 0.274537 0.034462 0.123148
0 1608 0.673821 0.300463 0.039299 0.143519
0 1609 0.840689 0.137037 0.032044 0.114815
0 1610 0.769045 0.193056 0.033857 0.143519
0 1611 0.974909 0.514352 0.041717 0.156481
0 1612 0.969166 0.398611 0.039903 0.141667
0 1613 0.948912 0.248611 0.036880 0.149074
0 1614 0.942261 0.487500 0.041717 0.156481
0 1615 0.746372 0.223148 0.032044 0.129630
0 1618 0.042624 0.289815 0.044135 0.151852
0 1619 0.248791 0.326389 0.046554 0.149074
0 1620 0.678356 0.117130 0.033857 0.123148
0 1621 0.676844 0.095370 0.033253 0.116667
0 1623 0.005744 0.312963 0.010278 0.146296
0 1624 0.360943 0.084722 0.032648 0.137963
0 1625 0.153869 0.264815 0.035671 0.140741
0 1626 0.851270 0.206019 0.030230 0.128704
0 1627 0.931076 0.200463 0.035067 0.128704
0 1628 0.959794 0.221759 0.036880 0.137963
0 1629 0.884220 0.218519 0.029625 0.135185
0 1632 0.332527 0.104630 0.025393 0.120370
0 1633 0.320435 0.075000 0.027811 0.116667
0 1634 0.021463 0.868519 0.041717 0.174074
0 1635 0.003023 0.868981 0.004837 0.163889
0 1642 0.307739 0.092130 0.032648 0.126852
0 1643 0.786880 0.218056 0.034462 0.145370
0 1646 0.106409 0.282870 0.047158 0.139815
0 1647 0.609432 0.091204 0.032648 0.126852
0 1648 0.860641 0.118519 0.029625 0.129630
0 1649 0.881802 0.411574 0.039299 0.145370
0 1650 0.589480 0.651389 0.050786 0.149074
0 1651 0.565901 0.621296 0.038694 0.161111
0 1652 0.616385 0.629630 0.036880 0.148148
0 1653 0.780532 0.717130 0.054414 0.139815
0 1654 0.274788 0.432407 0.036880 0.146296
0 1655 0.573458 0.443056 0.034462 0.137963
0 1656 0.559855 0.429630 0.042322 0.129630
0 1657 0.497279 0.484722 0.029625 0.143519
0 1658 0.418380 0.336111 0.031439 0.124074
0 1659 0.445284 0.351389 0.034462 0.137963
0 1660 0.484583 0.338426 0.029625 0.082407
0 1661 0.515719 0.360185 0.030230 0.124074
0 1662 0.449516 0.525000 0.039299 0.148148
0 1663 0.179565 0.284259 0.035067 0.112963
0 1664 0.319226 0.112963 0.030230 0.112963
0 1665 0.018138 0.354167 0.033857 0.149074
0 1666 0.235187 0.197222 0.035067 0.129630
0 1667 0.473398 0.399074 0.027811 0.090741
0 1668 0.495163 0.410648 0.027811 0.104630
0 1669 0.378174 0.205093 0.039299 0.154630
0 1670 0.785369 0.049074 0.029021 0.096296
0 1937 0.057739 0.404630 0.029625 0.124074
0 1942 0.006651 0.162037 0.012092 0.124074
