0 1397 0.384825 0.022685 0.033253 0.043519
0 1398 0.722491 0.022685 0.027811 0.043519
0 1401 0.668380 0.064352 0.029625 0.121296
0 1402 0.574063 0.078704 0.034462 0.138889
0 1403 0.595828 0.106944 0.034462 0.132407
0 1404 0.485490 0.041667 0.031439 0.081481
0 1405 0.524184 0.046759 0.035067 0.091667
0 1406 0.554414 0.052315 0.033857 0.102778
0 1407 0.635732 0.054630 0.032044 0.107407
0 1408 0.665054 0.106019 0.035067 0.134259
0 1409 0.698912 0.085648 0.030230 0.112037
0 1410 0.782346 0.186574 0.032648 0.112037
0 1411 0.766022 0.157407 0.035067 0.125926
0 1412 0.729746 0.082407 0.029021 0.120370
0 1413 0.755744 0.079630 0.032648 0.118519
0 1414 0.910822 0.067593 0.045345 0.133333
0 1416 0.970073 0.057870 0.029625 0.113889
0 1418 0.959794 0.040278 0.032044 0.078704
0 1419 0.987304 0.125000 0.024184 0.125926
0 1420 0.928658 0.150463 0.032648 0.137963
0 1421 0.823156 0.243056 0.036880 0.143519
0 1422 0.932285 0.253241 0.035067 0.132407
0 1423 0.981258 0.294444 0.030230 0.101852
0 1424 0.878779 0.205556 0.029625 0.135185
0 1425 0.791415 0.158796 0.032648 0.145370
0 1426 0.838573 0.121759 0.030230 0.134259
0 1429 0.698912 0.261111 0.032648 0.140741
0 1430 0.675635 0.227778 0.035671 0.148148
0 1431 0.790810 0.526389 0.036276 0.132407
0 1432 0.809250 0.600000 0.051391 0.153704
0 1433 0.538089 0.230093 0.032648 0.154630
0 1434 0.266022 0.041204 0.030230 0.080556
0 1435 0.164752 0.037963 0.029625 0.074074
0 1436 0.125151 0.031944 0.029021 0.062037
0 1438 0.056530 0.134722 0.032044 0.143519
0 1439 0.446493 0.111111 0.032044 0.129630
0 1440 0.415054 0.112500 0.034462 0.132407
0 1441 0.396614 0.161111 0.035067 0.137037
0 1442 0.388755 0.147685 0.029021 0.137963
0 1443 0.277509 0.242130 0.032648 0.126852
0 1444 0.223700 0.219907 0.030230 0.134259
0 1445 0.197098 0.236111 0.032648 0.140741
0 1446 0.897823 0.170370 0.025393 0.112963
0 1447 0.649335 0.141204 0.039903 0.126852
0 1448 0.863966 0.642593 0.043531 0.153704
0 1450 0.554111 0.217593 0.027207 0.129630
0 1451 0.580713 0.213889 0.027207 0.127778
0 1452 0.566203 0.312037 0.032044 0.131481
0 1453 0.644498 0.256019 0.038694 0.134259
0 1454 0.608827 0.262963 0.036276 0.129630
0 1455 0.629383 0.384259 0.039903 0.142593
0 1456 0.853688 0.182870 0.032648 0.121296
0 1465 0.318622 0.989352 0.026602 0.023148
0 1467 0.354897 0.985185 0.030230 0.029630
0 1469 0.225514 0.495370 0.036276 0.131481
0 1470 0.344619 0.441204 0.035067 0.139815
0 1473 0.814389 0.104630 0.035067 0.124074
0 1476 0.746675 0.740278 0.043531 0.165741
0 1477 0.722491 0.644907 0.031439 0.121296
0 1478 0.717050 0.428704 0.043531 0.142593
0 1479 0.683797 0.436574 0.035067 0.139815
0 1480 0.883918 0.928241 0.041112 0.145370
0 1484 0.931681 0.122222 0.032648 0.129630
0 1485 0.942866 0.679167 0.048972 0.167593
0 1486 0.718863 0.237500 0.032648 0.132407
0 1487 0.979141 0.194907 0.029625 0.121296
0 1488 0.756953 0.105093 0.039903 0.121296
0 1490 0.589782 0.485185 0.032044 0.131481
0 1491 0.827086 0.147222 0.037485 0.112963
0 1492 0.954655 0.089352 0.035067 0.115741
0 1493 0.973398 0.157407 0.038694 0.135185
0 1494 0.645103 0.097222 0.030230 0.112963
0 1495 0.625453 0.161111 0.029625 0.079630
0 1496 0.987606 0.056481 0.024788 0.103704
0 1501 0.279927 0.955093 0.044740 0.087963
0 1502 0.448005 0.944444 0.048368 0.112963
0 1503 0.986094 0.941667 0.026602 0.118519
0 1506 0.981258 0.961111 0.035067 0.079630
0 1510 0.493954 0.811111 0.043531 0.174074
0 1522 0.410520 0.824537 0.047158 0.154630
0 1523 0.553204 0.788889 0.047158 0.148148
0 1524 0.613664 0.739352 0.038694 0.162037
0 1525 0.585248 0.724537 0.035067 0.147222
0 1526 0.628174 0.776389 0.058041 0.139815
0 1527 0.669589 0.752315 0.038089 0.143519
0 1529 0.643591 0.925926 0.048972 0.150000
0 1530 0.701632 0.887500 0.048972 0.154630
0 1531 0.587364 0.579630 0.039299 0.148148
0 1532 0.620919 0.592130 0.036276 0.141667
0 1535 0.773881 0.831019 0.048368 0.152778
0 1536 0.824667 0.836111 0.045949 0.151852
0 1537 0.912938 0.973148 0.036276 0.055556
0 1538 0.954051 0.967593 0.037485 0.064815
0 1539 0.740629 0.923148 0.047158 0.155556
0 1541 0.931076 0.913426 0.049577 0.162037
0 1542 0.923519 0.850463 0.041717 0.165741
0 1543 0.829202 0.903241 0.046554 0.156481
0 1544 0.876663 0.881019 0.044740 0.165741
0 1548 0.952539 0.724537 0.048972 0.178704
0 1549 0.382709 0.731481 0.047158 0.162963
0 1550 0.516324 0.501389 0.036276 0.137963
0 1551 0.530532 0.484259 0.032044 0.137037
0 1552 0.532648 0.328241 0.032648 0.139815
0 1553 0.742140 0.587037 0.044135 0.157407
0 1554 0.741536 0.686111 0.044135 0.162963
0 1555 0.587062 0.492130 0.041112 0.132407
0 1556 0.620617 0.503241 0.027207 0.121296
0 1557 0.614268 0.569907 0.039903 0.149074
0 1558 0.826179 0.693056 0.039299 0.178704
0 1559 0.817110 0.721759 0.040508 0.167593
0 1562 0.205865 0.756481 0.034462 0.159259
0 1563 0.182285 0.780093 0.039299 0.162037
0 1565 0.252116 0.804167 0.076179 0.178704
0 1567 0.471584 0.414352 0.032648 0.104630
0 1568 0.354897 0.553241 0.033857 0.145370
0 1569 0.317412 0.578241 0.032648 0.145370
0 1570 0.297461 0.543981 0.037485 0.160185
0 1571 0.454353 0.269444 0.027207 0.135185
0 1572 0.394800 0.342130 0.041112 0.145370
0 1573 0.504837 0.393519 0.031439 0.122222
0 1574 0.754837 0.628241 0.038089 0.137963
0 1575 0.088875 0.709722 0.039903 0.160185
0 1576 0.038089 0.732407 0.049577 0.179630
0 1581 0.327086 0.830556 0.049577 0.192593
0 1582 0.367594 0.828241 0.039903 0.167593
0 1583 0.374849 0.225926 0.025393 0.101852
0 1584 0.366687 0.225000 0.030834 0.135185
0 1587 0.039903 0.455093 0.049577 0.156481
0 1589 0.136941 0.750000 0.044135 0.161111
0 1590 0.255744 0.621759 0.042322 0.154630
0 1591 0.306530 0.656481 0.047158 0.166667
0 1592 0.668380 0.498148 0.040508 0.148148
0 1593 0.619710 0.535185 0.043531 0.146296
0 1594 0.565296 0.533333 0.049577 0.144444
0 1595 0.517533 0.543519 0.045949 0.164815
0 1596 0.159613 0.482870 0.041112 0.156481
0 1597 0.194680 0.469907 0.037485 0.165741
0 1598 0.318017 0.449537 0.037485 0.156481
0 1599 0.661125 0.381019 0.044135 0.137963
0 1601 0.729746 0.310648 0.037485 0.147222
0 1602 0.642684 0.331019 0.037485 0.132407
0 1603 0.667170 0.464352 0.047763 0.156481
0 1604 0.762394 0.331481 0.027811 0.090741
0 1605 0.591898 0.322685 0.030230 0.145370
0 1606 0.861548 0.456944 0.037485 0.141667
0 1607 0.643289 0.308796 0.035067 0.123148
0 1608 0.708283 0.343056 0.039299 0.143519
0 1609 0.861850 0.150000 0.030834 0.114815
0 1610 0.768742 0.213426 0.034462 0.147222
0 1611 0.982467 0.567593 0.033857 0.148148
0 1612 0.977328 0.443519 0.035671 0.142593
0 1613 0.958283 0.271759 0.036276 0.150926
0 1614 0.949819 0.544444 0.041112 0.162963
0 1615 0.752116 0.242593 0.032648 0.129630
0 1618 0.016022 0.329630 0.030834 0.151852
0 1619 0.224607 0.368519 0.041717 0.153704
0 1620 0.699214 0.128704 0.034462 0.127778
0 1621 0.676844 0.101852 0.034462 0.118519
0 1624 0.357618 0.081481 0.032044 0.138889
0 1625 0.142080 0.301389 0.039903 0.139815
0 1626 0.837666 0.222685 0.029625 0.128704
0 1627 0.934099 0.215278 0.035067 0.128704
0 1628 0.958585 0.241204 0.036880 0.137963
0 1629 0.865780 0.230556 0.030230 0.135185
0 1632 0.330713 0.101852 0.025393 0.120370
0 1633 0.315599 0.071296 0.027811 0.116667
0 1634 0.019045 0.873611 0.036880 0.173148
0 1635 0.003023 0.871759 0.004837 0.160185
0 1642 0.300786 0.092130 0.032044 0.126852
0 1643 0.786276 0.237500 0.034462 0.145370
0 1646 0.104293 0.334259 0.046554 0.146296
0 1647 0.624849 0.105093 0.032044 0.126852
0 1648 0.874547 0.135185 0.029625 0.129630
0 1649 0.899033 0.454167 0.041112 0.150926
0 1650 0.588875 0.656019 0.050786 0.149074
0 1651 0.566808 0.628241 0.039299 0.158333
0 1652 0.614268 0.631944 0.037485 0.154630
0 1653 0.782044 0.716667 0.048972 0.140741
0 1654 0.279323 0.435185 0.037485 0.146296
0 1655 0.552297 0.446759 0.034462 0.137963
0 1656 0.557739 0.433796 0.034462 0.134259
0 1657 0.494256 0.486574 0.029625 0.143519
0 1658 0.419589 0.334259 0.031439 0.124074
0 1659 0.444377 0.352315 0.035067 0.137963
0 1660 0.483071 0.337037 0.030230 0.081481
0 1661 0.516929 0.357407 0.030230 0.124074
0 1662 0.449516 0.524537 0.039299 0.147222
0 1663 0.171403 0.333333 0.034462 0.116667
0 1664 0.317715 0.112963 0.029625 0.112963
0 1665 0.005744 0.409722 0.010278 0.154630
0 1666 0.252116 0.222222 0.035067 0.129630
0 1667 0.475212 0.399074 0.027811 0.090741
0 1668 0.493954 0.415278 0.027811 0.104630
0 1669 0.415961 0.233333 0.039903 0.162963
0 1670 0.786276 0.048611 0.029625 0.095370
0 1937 0.027509 0.438889 0.029625 0.135185
0 1942 0.004232 0.162037 0.007255 0.124074
