0 1401 0.626360 0.042130 0.030230 0.082407
0 1403 0.579807 0.036111 0.035067 0.070370
0 1408 0.595828 0.057407 0.034462 0.112963
0 1409 0.637848 0.037963 0.030230 0.074074
0 1410 0.895103 0.087500 0.032044 0.112037
0 1411 0.720677 0.073611 0.035067 0.125000
0 1420 0.931983 0.068056 0.032044 0.132407
0 1421 0.792624 0.143056 0.037485 0.139815
0 1422 0.946191 0.189352 0.035067 0.132407
0 1423 0.928053 0.221296 0.030230 0.101852
0 1424 0.928053 0.134259 0.030230 0.135185
0 1425 0.732164 0.065741 0.032648 0.125926
0 1426 0.749093 0.062037 0.030230 0.122222
0 1429 0.677146 0.126852 0.032648 0.140741
0 1430 0.649940 0.101852 0.035067 0.140741
0 1431 0.877267 0.775463 0.037485 0.154630
0 1432 0.822249 0.838426 0.038694 0.150926
0 1433 0.423821 0.112963 0.031439 0.133333
0 1438 0.087062 0.052315 0.032648 0.102778
0 1440 0.495163 0.032870 0.032648 0.063889
0 1441 0.480653 0.049537 0.035067 0.097222
0 1442 0.465840 0.048148 0.027207 0.094444
0 1443 0.203144 0.152778 0.031439 0.125926
0 1444 0.185308 0.128704 0.029625 0.131481
0 1445 0.150544 0.129630 0.036276 0.140741
0 1446 0.952237 0.081944 0.024184 0.112037
0 1447 0.552297 0.071296 0.041717 0.125926
0 1448 0.825272 0.882870 0.047158 0.162037
0 1450 0.447098 0.102778 0.027207 0.129630
0 1451 0.468863 0.089815 0.027207 0.120370
0 1452 0.518440 0.214352 0.025998 0.112037
0 1453 0.584643 0.136574 0.036276 0.134259
0 1454 0.557134 0.137963 0.032044 0.129630
0 1455 0.548670 0.275926 0.039299 0.140741
0 1456 0.893591 0.114352 0.032648 0.121296
0 1465 0.081923 0.992130 0.022370 0.017593
0 1467 0.111548 0.982407 0.029625 0.037037
0 1469 0.266022 0.337037 0.035067 0.125926
0 1470 0.372733 0.331481 0.029625 0.140741
0 1476 0.712213 0.564352 0.037485 0.163889
0 1477 0.738210 0.523611 0.029021 0.110185
0 1478 0.711911 0.297222 0.039299 0.142593
0 1479 0.678356 0.329167 0.032648 0.137963
0 1480 0.968259 0.748148 0.041717 0.151852
0 1482 0.978839 0.349537 0.037485 0.145370
0 1483 0.984885 0.257407 0.029021 0.114815
0 1485 0.969166 0.456019 0.043531 0.145370
0 1486 0.693470 0.166204 0.032648 0.132407
0 1487 0.985187 0.116204 0.028416 0.121296
0 1488 0.701330 0.045833 0.038694 0.089815
0 1490 0.573458 0.486574 0.032044 0.132407
0 1491 0.935006 0.048611 0.036880 0.095370
0 1493 0.975212 0.072685 0.037485 0.126852
0 1494 0.572854 0.049537 0.029625 0.097222
0 1495 0.532044 0.098148 0.030230 0.079630
0 1501 0.275393 0.957870 0.044135 0.086111
0 1502 0.445586 0.941667 0.048368 0.118519
0 1503 0.983071 0.938426 0.031439 0.125000
0 1506 0.985490 0.971296 0.026602 0.059259
0 1510 0.406288 0.777778 0.043531 0.175926
0 1511 0.451632 0.855093 0.054414 0.171296
0 1512 0.495163 0.854630 0.051995 0.162963
0 1513 0.517533 0.954167 0.033857 0.093519
0 1514 0.553204 0.948148 0.039903 0.105556
0 1516 0.819226 0.951389 0.060459 0.099074
0 1517 0.865175 0.972222 0.050786 0.057407
0 1521 0.013603 0.737963 0.025998 0.164815
0 1522 0.205260 0.794444 0.044135 0.153704
0 1523 0.389057 0.712963 0.036880 0.137037
0 1524 0.446191 0.713426 0.037485 0.167593
0 1525 0.457678 0.689815 0.035067 0.142593
0 1526 0.498186 0.744907 0.056832 0.143519
0 1527 0.525998 0.718056 0.039903 0.143519
0 1528 0.696191 0.954630 0.048972 0.092593
0 1529 0.715236 0.763426 0.050786 0.147222
0 1530 0.788694 0.749074 0.052600 0.148148
0 1531 0.577086 0.583796 0.046554 0.149074
0 1532 0.620012 0.593056 0.036880 0.149074
0 1533 0.646312 0.859722 0.048368 0.169444
0 1534 0.664450 0.825926 0.038694 0.179630
0 1535 0.801088 0.664815 0.043531 0.151852
0 1536 0.840992 0.682407 0.045949 0.164815
0 1537 0.872733 0.886111 0.048972 0.174074
0 1538 0.914450 0.859259 0.051391 0.170370
0 1539 0.826784 0.773148 0.046554 0.153704
0 1541 0.991233 0.746296 0.016324 0.153704
0 1542 0.975514 0.659259 0.044135 0.137037
0 1543 0.922914 0.702315 0.044135 0.145370
0 1544 0.945889 0.688889 0.039299 0.157407
0 1545 0.978235 0.591204 0.041112 0.145370
0 1548 0.929262 0.480556 0.041112 0.161111
0 1549 0.402660 0.624537 0.047158 0.156481
0 1550 0.516626 0.483796 0.036880 0.134259
0 1551 0.538392 0.475000 0.036880 0.146296
0 1552 0.610943 0.397222 0.030834 0.140741
0 1553 0.729141 0.480556 0.042322 0.146296
0 1554 0.737001 0.549074 0.039903 0.157407
0 1555 0.594619 0.492130 0.041717 0.132407
0 1556 0.616082 0.501389 0.027811 0.121296
0 1557 0.606711 0.566204 0.039299 0.149074
0 1558 0.792019 0.540741 0.047158 0.159259
0 1559 0.821644 0.556019 0.037485 0.149074
0 1560 0.986699 0.567130 0.025393 0.139815
0 1562 0.052902 0.647685 0.041717 0.150926
0 1563 0.018440 0.661574 0.035671 0.156481
0 1565 0.094921 0.703704 0.043531 0.183333
0 1567 0.425333 0.397685 0.034462 0.104630
0 1568 0.336155 0.519444 0.036276 0.151852
0 1569 0.328900 0.570370 0.036276 0.148148
0 1570 0.293833 0.538426 0.037485 0.160185
0 1571 0.321342 0.328704 0.032044 0.125926
0 1572 0.397823 0.344907 0.041112 0.145370
0 1573 0.512696 0.388889 0.032648 0.120370
0 1574 0.759976 0.512037 0.033857 0.151852
0 1575 0.060459 0.587500 0.038694 0.154630
0 1576 0.022672 0.583796 0.044135 0.165741
0 1577 0.012999 0.463889 0.024788 0.148148
0 1578 0.036880 0.479167 0.037485 0.110185
0 1581 0.253325 0.606481 0.038694 0.162963
0 1582 0.292019 0.609259 0.041112 0.142593
0 1583 0.206469 0.226389 0.027207 0.095370
0 1584 0.208585 0.221759 0.039903 0.126852
0 1587 0.082225 0.356481 0.043531 0.151852
0 1589 0.156288 0.553704 0.044135 0.151852
0 1590 0.164752 0.457407 0.041717 0.146296
0 1591 0.199516 0.480093 0.043531 0.154630
0 1592 0.736397 0.404167 0.039903 0.150926
0 1593 0.711608 0.435185 0.038694 0.140741
0 1594 0.683797 0.421296 0.041112 0.140741
0 1595 0.657799 0.438426 0.033857 0.171296
0 1596 0.210701 0.317130 0.038089 0.149074
0 1597 0.243652 0.324074 0.037485 0.166667
0 1598 0.349758 0.333796 0.032044 0.132407
0 1599 0.584039 0.271759 0.044740 0.137963
0 1600 0.103990 0.254167 0.035067 0.137963
0 1601 0.680169 0.237963 0.037485 0.151852
0 1602 0.626965 0.247685 0.037485 0.143519
0 1603 0.654776 0.341204 0.043531 0.156481
0 1604 0.707376 0.241667 0.027811 0.090741
0 1605 0.548368 0.231944 0.030230 0.132407
0 1606 0.808948 0.325000 0.035067 0.135185
0 1607 0.579807 0.194907 0.035067 0.123148
0 1608 0.622128 0.208333 0.033857 0.131481
0 1609 0.775695 0.096296 0.032648 0.114815
0 1610 0.764208 0.137500 0.033857 0.134259
0 1611 0.953446 0.389815 0.042322 0.148148
0 1612 0.947703 0.293519 0.039299 0.129630
0 1613 0.896010 0.193519 0.036276 0.137037
0 1614 0.926844 0.378704 0.041112 0.153704
0 1615 0.725212 0.169444 0.032044 0.129630
0 1618 0.091898 0.196759 0.044740 0.143519
0 1619 0.311669 0.239352 0.041717 0.150926
0 1620 0.613664 0.069907 0.031439 0.115741
0 1621 0.639964 0.051389 0.032044 0.100926
0 1622 0.035671 0.212500 0.031439 0.132407
0 1623 0.055018 0.231019 0.035067 0.143519
0 1624 0.363966 0.079167 0.032648 0.137963
0 1625 0.176542 0.183333 0.035067 0.138889
0 1626 0.866385 0.152778 0.030230 0.122222
0 1627 0.932588 0.148611 0.034462 0.128704
0 1628 0.969770 0.174537 0.037485 0.137963
0 1629 0.908102 0.169444 0.030230 0.135185
0 1632 0.334039 0.091667 0.024788 0.120370
0 1633 0.322249 0.072685 0.027811 0.115741
0 1634 0.021765 0.855556 0.042322 0.190741
0 1642 0.295949 0.075463 0.032044 0.126852
0 1643 0.781439 0.160648 0.034462 0.145370
0 1644 0.011487 0.223611 0.021765 0.132407
0 1646 0.134220 0.178241 0.037485 0.128704
0 1647 0.558646 0.061111 0.032648 0.116667
0 1648 0.792322 0.082407 0.029625 0.129630
0 1649 0.835248 0.304630 0.036880 0.142593
0 1650 0.590992 0.652315 0.051391 0.149074
0 1651 0.562878 0.625926 0.039903 0.159259
0 1652 0.613664 0.625926 0.036276 0.157407
0 1653 0.776904 0.712500 0.054414 0.143519
0 1654 0.273881 0.431481 0.037485 0.146296
0 1655 0.560762 0.413426 0.034462 0.137963
0 1656 0.563482 0.408796 0.044740 0.145370
0 1657 0.514510 0.462963 0.030230 0.142593
0 1658 0.417170 0.328241 0.031439 0.121296
0 1659 0.444982 0.351389 0.035067 0.137963
0 1660 0.479444 0.336574 0.030230 0.082407
0 1661 0.514813 0.360185 0.029625 0.124074
0 1662 0.449214 0.523611 0.038694 0.149074
0 1663 0.205562 0.191667 0.032648 0.112963
0 1664 0.311971 0.102778 0.030230 0.112963
0 1665 0.129988 0.264352 0.030230 0.137963
0 1666 0.211306 0.121296 0.034462 0.129630
0 1667 0.474305 0.398148 0.027207 0.090741
0 1668 0.487001 0.413426 0.027207 0.108333
0 1669 0.296252 0.142130 0.043531 0.158333
0 1670 0.784160 0.050000 0.029021 0.098148
0 1937 0.099758 0.333333 0.033857 0.135185
0 1942 0.004837 0.158333 0.008464 0.124074
