0 1401 0.659008 0.057870 0.030230 0.110185
0 1402 0.600967 0.051852 0.031439 0.101852
0 1403 0.568924 0.071759 0.035067 0.125000
0 1404 0.484885 0.025463 0.026602 0.049074
0 1406 0.540508 0.034259 0.027811 0.066667
0 1407 0.681983 0.035185 0.032648 0.068519
0 1408 0.644498 0.089352 0.035067 0.134259
0 1409 0.683797 0.056019 0.030230 0.110185
0 1410 0.834643 0.144907 0.032044 0.112037
0 1411 0.754837 0.114815 0.034462 0.125926
0 1412 0.705562 0.054630 0.029021 0.105556
0 1413 0.735187 0.051852 0.032648 0.100000
0 1414 0.934704 0.055093 0.037485 0.108333
0 1416 0.981862 0.032407 0.029021 0.062963
0 1419 0.985187 0.089815 0.028416 0.125926
0 1420 0.923216 0.117130 0.032648 0.137963
0 1421 0.812273 0.197685 0.036880 0.143519
0 1422 0.931681 0.222685 0.035067 0.132407
0 1423 0.968561 0.262037 0.030230 0.101852
0 1424 0.901451 0.177778 0.030230 0.135185
0 1425 0.772068 0.110648 0.032648 0.145370
0 1426 0.806530 0.092130 0.030230 0.134259
0 1429 0.685308 0.203704 0.032044 0.140741
0 1430 0.656892 0.175000 0.034462 0.146296
0 1431 0.850665 0.632870 0.036276 0.143519
0 1432 0.860641 0.706019 0.044135 0.150926
0 1433 0.495768 0.181019 0.032648 0.154630
0 1434 0.240326 0.024537 0.029625 0.047222
0 1438 0.070738 0.091204 0.032648 0.143519
0 1439 0.483676 0.072685 0.030230 0.126852
0 1440 0.452237 0.069907 0.033857 0.119444
0 1441 0.439541 0.105093 0.033857 0.128704
0 1442 0.421705 0.101852 0.029625 0.135185
0 1443 0.232769 0.209722 0.029021 0.126852
0 1444 0.204353 0.181019 0.030230 0.134259
0 1445 0.171100 0.192593 0.032648 0.140741
0 1446 0.932890 0.134722 0.027811 0.112037
0 1447 0.621524 0.106019 0.039903 0.126852
0 1448 0.889964 0.745370 0.042322 0.162963
0 1450 0.513906 0.171296 0.027811 0.129630
0 1451 0.542926 0.159259 0.031439 0.125926
0 1452 0.542322 0.260185 0.032648 0.129630
0 1453 0.626663 0.203241 0.039299 0.134259
0 1454 0.588573 0.217130 0.036880 0.137963
0 1455 0.600665 0.339352 0.039299 0.143519
0 1456 0.873035 0.152315 0.032648 0.121296
0 1465 0.235490 0.992130 0.027207 0.017593
0 1467 0.262092 0.978241 0.029625 0.045370
0 1469 0.205865 0.441204 0.034462 0.132407
0 1470 0.357920 0.381019 0.032648 0.139815
0 1473 0.782044 0.070370 0.034462 0.124074
0 1476 0.730351 0.663889 0.043531 0.164815
0 1477 0.725212 0.590278 0.039299 0.117593
0 1478 0.726119 0.379167 0.044740 0.143519
0 1479 0.684099 0.385648 0.033253 0.137963
0 1480 0.926844 0.861574 0.042322 0.160185
0 1484 0.951632 0.092593 0.032648 0.129630
0 1485 0.954051 0.575926 0.044740 0.161111
0 1486 0.714631 0.208796 0.032648 0.132407
0 1487 0.983071 0.164352 0.029021 0.121296
0 1488 0.733374 0.081944 0.039903 0.121296
0 1490 0.586759 0.486574 0.032044 0.132407
0 1491 0.877570 0.098148 0.036880 0.112963
0 1492 0.968259 0.060185 0.034462 0.107407
0 1493 0.979141 0.125000 0.036880 0.135185
0 1494 0.626360 0.080556 0.030230 0.112963
0 1495 0.598549 0.125926 0.030230 0.079630
0 1501 0.278718 0.956944 0.044740 0.087963
0 1502 0.448005 0.943056 0.048368 0.115741
0 1503 0.985490 0.938889 0.027811 0.124074
0 1506 0.993349 0.971296 0.010883 0.059259
0 1510 0.480351 0.790741 0.046554 0.183333
0 1511 0.508464 0.936574 0.060459 0.128704
0 1512 0.559855 0.944907 0.050786 0.112037
0 1522 0.354293 0.823148 0.045949 0.151852
0 1523 0.501511 0.759259 0.039299 0.146296
0 1524 0.543833 0.741204 0.045345 0.156481
0 1525 0.547158 0.698611 0.035067 0.143519
0 1526 0.584946 0.767130 0.051391 0.152778
0 1527 0.622733 0.735648 0.038694 0.149074
0 1529 0.681983 0.861574 0.050786 0.154630
0 1530 0.745163 0.828241 0.041717 0.150926
0 1531 0.572551 0.580093 0.042322 0.149074
0 1532 0.620919 0.591204 0.036276 0.145370
0 1533 0.728537 0.970833 0.053204 0.058333
0 1534 0.755139 0.949074 0.038694 0.103704
0 1535 0.806530 0.765741 0.049577 0.151852
0 1536 0.845828 0.763426 0.045949 0.154630
0 1537 0.865175 0.925463 0.044740 0.150926
0 1538 0.918380 0.937963 0.044740 0.125926
0 1539 0.779021 0.854630 0.048972 0.157407
0 1541 0.970979 0.843981 0.048368 0.180556
0 1542 0.964329 0.770370 0.043531 0.162963
0 1543 0.888755 0.818519 0.044740 0.148148
0 1544 0.924426 0.808333 0.044740 0.164815
0 1548 0.934099 0.614815 0.047158 0.168519
0 1549 0.392987 0.685648 0.045949 0.158333
0 1550 0.518138 0.496759 0.036276 0.137963
0 1551 0.532950 0.482407 0.033253 0.140741
0 1552 0.556227 0.357407 0.037485 0.140741
0 1553 0.733978 0.540741 0.044740 0.146296
0 1554 0.744861 0.624537 0.044740 0.160185
0 1555 0.593108 0.492130 0.041112 0.132407
0 1556 0.615478 0.494444 0.027811 0.111111
0 1557 0.610036 0.564352 0.039903 0.149074
0 1558 0.794740 0.626389 0.040508 0.173148
0 1559 0.814087 0.664352 0.036880 0.162037
0 1562 0.145707 0.709259 0.042322 0.142593
0 1563 0.109129 0.730556 0.048972 0.164815
0 1565 0.170193 0.768519 0.053809 0.183333
0 1567 0.462515 0.411574 0.032648 0.099074
0 1568 0.346735 0.553241 0.034462 0.149074
0 1569 0.319528 0.583796 0.032044 0.145370
0 1570 0.297461 0.540278 0.037485 0.160185
0 1571 0.389964 0.303241 0.030230 0.134259
0 1572 0.396010 0.344907 0.041112 0.145370
0 1573 0.505441 0.392593 0.031439 0.118519
0 1574 0.757557 0.574537 0.036276 0.143519
0 1575 0.072551 0.659259 0.039903 0.159259
0 1576 0.024788 0.675926 0.048368 0.179630
0 1581 0.313180 0.738426 0.042322 0.178704
0 1582 0.364873 0.736574 0.044135 0.162037
0 1583 0.299577 0.211574 0.027207 0.095370
0 1584 0.312576 0.208333 0.039903 0.125926
0 1587 0.064994 0.413889 0.041717 0.153704
0 1589 0.145405 0.662037 0.044135 0.159259
0 1590 0.206771 0.558796 0.042322 0.154630
0 1591 0.256046 0.585185 0.044135 0.162963
0 1592 0.714027 0.461574 0.043531 0.150926
0 1593 0.684401 0.497222 0.044740 0.155556
0 1594 0.639057 0.506481 0.041112 0.148148
0 1595 0.589480 0.515278 0.033857 0.160185
0 1596 0.158404 0.410185 0.039903 0.150000
0 1597 0.189541 0.405093 0.036880 0.160185
0 1598 0.329807 0.386574 0.034462 0.137963
0 1599 0.631802 0.340278 0.044740 0.137963
0 1600 0.012999 0.336574 0.024788 0.145370
0 1601 0.713422 0.279630 0.037485 0.151852
0 1602 0.634522 0.294907 0.032044 0.132407
0 1603 0.658404 0.409259 0.047158 0.150000
0 1604 0.731560 0.290741 0.027811 0.090741
0 1605 0.568924 0.280093 0.030230 0.137963
0 1606 0.852177 0.405556 0.036880 0.140741
0 1607 0.616989 0.260648 0.034462 0.123148
0 1608 0.662636 0.283333 0.038694 0.140741
0 1609 0.831620 0.130556 0.032044 0.114815
0 1610 0.770254 0.183796 0.033857 0.143519
0 1611 0.970677 0.492130 0.041717 0.156481
0 1612 0.961911 0.385648 0.039903 0.139815
0 1613 0.944075 0.239352 0.036880 0.149074
0 1614 0.939238 0.468981 0.041717 0.154630
0 1615 0.744256 0.215741 0.032648 0.129630
0 1618 0.052600 0.276852 0.043531 0.150000
0 1619 0.258162 0.312500 0.043531 0.150926
0 1620 0.669287 0.111111 0.033857 0.124074
0 1621 0.673216 0.088426 0.032044 0.113889
0 1622 0.002418 0.290741 0.003628 0.135185
0 1623 0.011185 0.298148 0.021161 0.144444
0 1624 0.361548 0.084722 0.032648 0.137963
0 1625 0.159915 0.251852 0.034462 0.140741
0 1626 0.856106 0.199537 0.030230 0.128704
0 1627 0.931076 0.193056 0.035067 0.128704
0 1628 0.960399 0.213426 0.036880 0.137963
0 1629 0.889661 0.211111 0.029625 0.135185
0 1632 0.333132 0.104630 0.025393 0.120370
0 1633 0.321644 0.071759 0.027811 0.115741
0 1634 0.022068 0.864352 0.042926 0.178704
0 1635 0.003023 0.867130 0.004837 0.165741
0 1642 0.305320 0.087500 0.032648 0.126852
0 1643 0.787787 0.208796 0.035067 0.145370
0 1646 0.108827 0.263889 0.047158 0.135185
0 1647 0.603990 0.085648 0.032648 0.126852
0 1648 0.852177 0.112037 0.029625 0.129630
0 1649 0.876360 0.391667 0.036880 0.142593
0 1650 0.589480 0.655093 0.050786 0.149074
0 1651 0.566505 0.623611 0.038694 0.160185
0 1652 0.614873 0.626852 0.037485 0.148148
0 1653 0.780532 0.715278 0.054414 0.139815
0 1654 0.272975 0.434259 0.036880 0.146296
0 1655 0.572551 0.433796 0.035067 0.137963
0 1656 0.560157 0.424537 0.041717 0.132407
0 1657 0.498489 0.483796 0.029625 0.143519
0 1658 0.417775 0.337037 0.031439 0.124074
0 1659 0.444982 0.351389 0.035067 0.137963
0 1660 0.484583 0.336574 0.029625 0.082407
0 1661 0.515115 0.360185 0.030230 0.124074
0 1662 0.449516 0.524537 0.039299 0.149074
0 1663 0.185308 0.272222 0.034462 0.112963
0 1664 0.319226 0.112963 0.030230 0.112963
0 1665 0.034462 0.340278 0.033857 0.149074
0 1666 0.229746 0.184259 0.035067 0.129630
0 1667 0.472793 0.398148 0.027811 0.090741
0 1668 0.492745 0.408796 0.027811 0.104630
0 1669 0.368803 0.193519 0.038694 0.153704
0 1670 0.785369 0.049074 0.029021 0.096296
0 1937 0.071644 0.393056 0.029625 0.125000
0 1942 0.005744 0.160185 0.010278 0.124074
