0 1401 0.652358 0.050463 0.030230 0.099074
0 1402 0.621524 0.037037 0.030230 0.072222
0 1403 0.567110 0.050926 0.035067 0.100000
0 1407 0.699516 0.021296 0.032648 0.040741
0 1408 0.629383 0.075463 0.035067 0.134259
0 1409 0.663845 0.044444 0.030230 0.087037
0 1410 0.853990 0.118981 0.032044 0.112037
0 1411 0.740931 0.094444 0.034462 0.125926
0 1412 0.702539 0.039815 0.029021 0.077778
0 1413 0.729141 0.039815 0.032648 0.077778
0 1419 0.979141 0.067593 0.029625 0.109259
0 1420 0.922007 0.092130 0.032648 0.137963
0 1421 0.803204 0.171759 0.036880 0.143519
0 1422 0.935913 0.207870 0.035067 0.132407
0 1423 0.952237 0.237963 0.030230 0.101852
0 1424 0.915961 0.156481 0.030230 0.135185
0 1425 0.755139 0.089352 0.032648 0.137963
0 1426 0.783555 0.076389 0.030230 0.134259
0 1429 0.678658 0.167593 0.032044 0.140741
0 1430 0.647823 0.137963 0.034462 0.140741
0 1431 0.875756 0.701852 0.036880 0.148148
0 1432 0.858222 0.760648 0.044135 0.150926
0 1433 0.463724 0.158796 0.031439 0.149074
0 1438 0.074365 0.066204 0.032648 0.128704
0 1439 0.507557 0.054630 0.027207 0.107407
0 1440 0.473096 0.049537 0.034462 0.097222
0 1441 0.458283 0.076389 0.033857 0.123148
0 1442 0.441959 0.068056 0.029021 0.126852
0 1443 0.211004 0.180556 0.035067 0.125926
0 1444 0.191959 0.156019 0.029625 0.134259
0 1445 0.155381 0.162037 0.032648 0.140741
0 1446 0.943168 0.108796 0.024184 0.112037
0 1447 0.593108 0.089352 0.039903 0.126852
0 1448 0.875151 0.805556 0.041717 0.162963
0 1450 0.483676 0.137963 0.027811 0.129630
0 1451 0.507255 0.131019 0.033857 0.121296
0 1452 0.530532 0.227778 0.032044 0.120370
0 1453 0.609734 0.173611 0.036880 0.134259
0 1454 0.572249 0.181019 0.036880 0.137963
0 1455 0.583434 0.309722 0.039903 0.143519
0 1456 0.880895 0.131944 0.032648 0.121296
0 1465 0.173519 0.991667 0.022975 0.018519
0 1467 0.198005 0.978704 0.029625 0.044444
0 1469 0.223700 0.397685 0.035067 0.132407
0 1470 0.363059 0.353704 0.029625 0.140741
0 1476 0.722491 0.618981 0.038694 0.165741
0 1477 0.729444 0.559722 0.036880 0.117593
0 1478 0.722491 0.337500 0.043531 0.143519
0 1479 0.681378 0.358333 0.030230 0.137037
0 1480 0.951330 0.814815 0.041717 0.159259
0 1482 0.987001 0.411574 0.024788 0.145370
0 1484 0.956469 0.072222 0.032648 0.129630
0 1485 0.959492 0.524074 0.045949 0.157407
0 1486 0.706771 0.186574 0.032648 0.132407
0 1487 0.984885 0.143981 0.029021 0.121296
0 1488 0.719468 0.066667 0.039903 0.116667
0 1490 0.579504 0.484722 0.032044 0.132407
0 1491 0.911729 0.064815 0.037485 0.112963
0 1492 0.966747 0.039815 0.035067 0.077778
0 1493 0.977025 0.103241 0.036276 0.126852
0 1494 0.609734 0.061574 0.029625 0.112037
0 1495 0.570133 0.112963 0.030230 0.079630
0 1501 0.277207 0.957407 0.044135 0.087037
0 1502 0.448005 0.941667 0.048368 0.118519
0 1503 0.984885 0.937963 0.029021 0.125926
0 1506 0.989722 0.971296 0.018138 0.059259
0 1510 0.454051 0.779167 0.044740 0.178704
0 1511 0.491536 0.908796 0.058041 0.184259
0 1512 0.536880 0.915741 0.054414 0.166667
0 1514 0.484583 0.975926 0.034462 0.050000
0 1521 0.004837 0.762500 0.008464 0.147222
0 1522 0.292624 0.810648 0.048368 0.149074
0 1523 0.448912 0.740278 0.034462 0.145370
0 1524 0.501209 0.730556 0.047158 0.164815
0 1525 0.510883 0.700926 0.027811 0.142593
0 1526 0.550181 0.763426 0.051995 0.149074
0 1527 0.577388 0.718519 0.039903 0.148148
0 1529 0.701935 0.817130 0.050786 0.154630
0 1530 0.763301 0.791667 0.048972 0.151852
0 1531 0.583736 0.583796 0.041717 0.149074
0 1532 0.620919 0.589815 0.036276 0.148148
0 1533 0.689238 0.929630 0.047158 0.140741
0 1534 0.698912 0.900463 0.039903 0.163889
0 1535 0.815599 0.722685 0.047158 0.156481
0 1536 0.845828 0.737963 0.045949 0.164815
0 1537 0.855502 0.904630 0.049577 0.177778
0 1538 0.906590 0.909722 0.046554 0.171296
0 1539 0.801391 0.812037 0.048972 0.157407
0 1541 0.984583 0.794907 0.029625 0.176852
0 1542 0.970375 0.715741 0.043531 0.137037
0 1543 0.917170 0.772685 0.043531 0.145370
0 1544 0.951330 0.758333 0.039299 0.164815
0 1548 0.922612 0.555556 0.041112 0.168519
0 1549 0.400242 0.656481 0.045949 0.157407
0 1550 0.518742 0.493519 0.036276 0.137037
0 1551 0.534462 0.480556 0.035067 0.144444
0 1552 0.575574 0.376852 0.035067 0.140741
0 1553 0.731560 0.514815 0.044740 0.146296
0 1554 0.740024 0.591204 0.044740 0.167593
0 1555 0.594921 0.492130 0.042322 0.132407
0 1556 0.616687 0.500463 0.027811 0.121296
0 1557 0.603990 0.564352 0.039903 0.149074
0 1558 0.798065 0.587037 0.054414 0.164815
0 1559 0.815901 0.613889 0.036880 0.157407
0 1560 0.987908 0.597685 0.022975 0.139815
0 1562 0.101874 0.681019 0.041717 0.150926
0 1563 0.071947 0.698148 0.050786 0.148148
0 1565 0.126058 0.750463 0.061064 0.178704
0 1567 0.448005 0.405556 0.033857 0.101852
0 1568 0.345224 0.537037 0.035067 0.148148
0 1569 0.326179 0.578704 0.032044 0.144444
0 1570 0.294438 0.538426 0.037485 0.160185
0 1571 0.362455 0.316667 0.028416 0.135185
0 1572 0.397219 0.344907 0.041112 0.145370
0 1573 0.509069 0.391667 0.032648 0.118519
0 1574 0.762999 0.544907 0.035067 0.139815
0 1575 0.065296 0.625000 0.039903 0.157407
0 1576 0.021765 0.633796 0.042322 0.169444
0 1578 0.011790 0.514815 0.022370 0.109259
0 1581 0.292322 0.674074 0.039299 0.170370
0 1582 0.343712 0.678241 0.057437 0.152778
0 1583 0.256348 0.214352 0.026602 0.095370
0 1584 0.268138 0.210648 0.039299 0.126852
0 1587 0.069226 0.387500 0.041717 0.152778
0 1589 0.156590 0.608333 0.044740 0.151852
0 1590 0.181076 0.518981 0.041717 0.154630
0 1591 0.226119 0.536111 0.039903 0.159259
0 1592 0.725212 0.436574 0.039299 0.150926
0 1593 0.703748 0.461574 0.044740 0.149074
0 1594 0.666868 0.474074 0.045949 0.157407
0 1595 0.636034 0.493056 0.033857 0.160185
0 1596 0.175635 0.368056 0.039299 0.149074
0 1597 0.207981 0.366204 0.036276 0.162037
0 1598 0.335550 0.355093 0.032648 0.132407
0 1599 0.611850 0.310648 0.044740 0.137963
0 1600 0.045345 0.295833 0.035067 0.137963
0 1601 0.699516 0.261111 0.037485 0.151852
0 1602 0.631802 0.273148 0.032648 0.137037
0 1603 0.656590 0.381481 0.044740 0.159259
0 1604 0.721282 0.267593 0.027811 0.090741
0 1605 0.552600 0.256019 0.030230 0.132407
0 1606 0.832225 0.368981 0.036880 0.134259
0 1607 0.599456 0.227315 0.034462 0.123148
0 1608 0.638755 0.242130 0.034462 0.130556
0 1609 0.809553 0.115741 0.032648 0.114815
0 1610 0.773277 0.160648 0.033857 0.143519
0 1611 0.958888 0.442130 0.041112 0.152778
0 1612 0.954655 0.338426 0.039903 0.136111
0 1613 0.925333 0.218056 0.036880 0.143519
0 1614 0.930774 0.431944 0.041717 0.154630
0 1615 0.738815 0.197222 0.032648 0.129630
0 1618 0.073458 0.243056 0.044135 0.145370
0 1619 0.277207 0.276852 0.044135 0.151852
0 1620 0.645103 0.088426 0.032648 0.110185
0 1621 0.661427 0.069444 0.032648 0.112963
0 1622 0.012394 0.251389 0.023579 0.132407
0 1623 0.036880 0.268056 0.037485 0.143519
0 1624 0.362757 0.084722 0.032648 0.137963
0 1625 0.170496 0.218519 0.035067 0.140741
0 1626 0.863966 0.181481 0.030230 0.127778
0 1627 0.930169 0.176389 0.034462 0.128704
0 1628 0.962213 0.194907 0.036880 0.137963
0 1629 0.902660 0.193519 0.030230 0.135185
0 1632 0.333736 0.095370 0.025393 0.120370
0 1633 0.324063 0.068981 0.027811 0.115741
0 1634 0.022370 0.855093 0.043531 0.189815
0 1635 0.002418 0.866204 0.003628 0.165741
0 1642 0.299274 0.082870 0.032648 0.126852
0 1643 0.785973 0.186574 0.035067 0.145370
0 1646 0.122128 0.220370 0.047158 0.129630
0 1647 0.585852 0.074537 0.032648 0.126852
0 1648 0.826784 0.097222 0.029625 0.129630
0 1649 0.858525 0.354630 0.037485 0.142593
0 1650 0.590992 0.653241 0.051391 0.149074
0 1651 0.564087 0.629167 0.039903 0.160185
0 1652 0.613966 0.623148 0.036880 0.153704
0 1653 0.779323 0.712037 0.054414 0.140741
0 1654 0.273881 0.430556 0.037485 0.146296
0 1655 0.562878 0.427315 0.035067 0.137963
0 1656 0.552600 0.422685 0.042322 0.137963
0 1657 0.508162 0.473611 0.029625 0.143519
0 1658 0.417775 0.333333 0.031439 0.124074
0 1659 0.444982 0.350463 0.035067 0.137963
0 1660 0.482769 0.334722 0.029625 0.082407
0 1661 0.513603 0.360185 0.029625 0.124074
0 1662 0.449819 0.523611 0.038694 0.149074
0 1663 0.196796 0.237037 0.034462 0.112963
0 1664 0.314389 0.111111 0.030230 0.112963
0 1665 0.077993 0.306019 0.033857 0.149074
0 1666 0.217352 0.150926 0.034462 0.129630
0 1667 0.475514 0.398148 0.027207 0.090741
0 1668 0.489117 0.408796 0.027811 0.104630
0 1669 0.338271 0.172222 0.040508 0.159259
0 1670 0.784764 0.049537 0.029021 0.097222
0 1937 0.091596 0.361111 0.033253 0.135185
0 1942 0.005744 0.157407 0.010278 0.124074
