0 1397 0.358827 0.021296 0.030834 0.040741
0 1401 0.665054 0.063889 0.030230 0.120370
0 1402 0.581923 0.063426 0.034462 0.125000
0 1403 0.583434 0.093981 0.035067 0.132407
0 1404 0.484885 0.034722 0.029021 0.067593
0 1405 0.518138 0.039352 0.035067 0.076852
0 1406 0.549577 0.046296 0.032648 0.090741
0 1407 0.652660 0.051852 0.032044 0.101852
0 1408 0.657799 0.101852 0.035067 0.135185
0 1409 0.692866 0.076852 0.030230 0.111111
0 1410 0.807134 0.168981 0.032648 0.112037
0 1411 0.761185 0.139815 0.035067 0.125926
0 1412 0.720677 0.069444 0.029021 0.116667
0 1413 0.747279 0.068519 0.032648 0.114815
0 1414 0.925030 0.065278 0.037485 0.128704
0 1416 0.974909 0.047685 0.029625 0.093519
0 1419 0.986397 0.110185 0.025998 0.125926
0 1420 0.924123 0.140278 0.032044 0.137963
0 1421 0.819226 0.225463 0.037485 0.143519
0 1422 0.931076 0.240278 0.035067 0.132407
0 1423 0.978235 0.282407 0.030230 0.101852
0 1424 0.886034 0.199074 0.029625 0.135185
0 1425 0.784160 0.142130 0.032648 0.145370
0 1426 0.824667 0.108796 0.030230 0.134259
0 1429 0.693470 0.237963 0.032648 0.140741
0 1430 0.667775 0.205556 0.034462 0.148148
0 1431 0.813785 0.567593 0.036276 0.133333
0 1432 0.840387 0.640278 0.047158 0.150926
0 1433 0.521765 0.213426 0.032648 0.154630
0 1434 0.258162 0.033796 0.030230 0.065741
0 1435 0.177449 0.031481 0.030834 0.061111
0 1438 0.062576 0.117130 0.032044 0.143519
0 1439 0.463120 0.094444 0.032648 0.129630
0 1440 0.431378 0.094907 0.034462 0.132407
0 1441 0.414752 0.137500 0.033857 0.130556
0 1442 0.404474 0.130093 0.029021 0.137963
0 1443 0.259976 0.231944 0.032648 0.126852
0 1444 0.215840 0.206019 0.030230 0.134259
0 1445 0.185308 0.216204 0.032044 0.137963
0 1446 0.915054 0.160648 0.029625 0.112037
0 1447 0.637848 0.127315 0.039903 0.126852
0 1448 0.884522 0.689815 0.041112 0.161111
0 1450 0.539903 0.200000 0.027811 0.129630
0 1451 0.568319 0.193056 0.026602 0.132407
0 1452 0.556227 0.290741 0.032648 0.131481
0 1453 0.638150 0.233796 0.039299 0.134259
0 1454 0.603990 0.248148 0.036276 0.137037
0 1455 0.617291 0.367130 0.039903 0.143519
0 1456 0.863664 0.172685 0.032044 0.121296
0 1465 0.282044 0.989815 0.027207 0.022222
0 1467 0.312576 0.976852 0.029021 0.048148
0 1469 0.210399 0.474074 0.033857 0.131481
0 1470 0.352479 0.415278 0.035067 0.139815
0 1473 0.802902 0.090741 0.035067 0.124074
0 1476 0.740931 0.710648 0.036880 0.171296
0 1477 0.723096 0.621296 0.036276 0.118519
0 1478 0.720677 0.410185 0.044740 0.142593
0 1479 0.681378 0.414352 0.035067 0.137963
0 1480 0.902660 0.904167 0.042322 0.160185
0 1484 0.944377 0.111111 0.032648 0.129630
0 1485 0.943773 0.633333 0.048368 0.168519
0 1486 0.718863 0.226389 0.032648 0.132407
0 1487 0.980955 0.181944 0.029625 0.121296
0 1488 0.749698 0.095833 0.039903 0.121296
0 1490 0.586759 0.488889 0.032044 0.131481
0 1491 0.835550 0.123148 0.037485 0.112963
0 1492 0.962515 0.081481 0.035067 0.114815
0 1493 0.973398 0.143519 0.038694 0.135185
0 1494 0.637243 0.090741 0.030230 0.112963
0 1495 0.614268 0.146296 0.030230 0.079630
0 1501 0.279927 0.956019 0.044740 0.087963
0 1502 0.448005 0.943981 0.048368 0.113889
0 1503 0.985792 0.940741 0.027207 0.120370
0 1506 0.984885 0.963426 0.027811 0.075000
0 1510 0.490326 0.802778 0.045949 0.181481
0 1511 0.525393 0.964352 0.053204 0.073148
0 1512 0.576481 0.973611 0.046554 0.054630
0 1522 0.399940 0.824537 0.048972 0.154630
0 1523 0.531741 0.782407 0.035671 0.148148
0 1524 0.587062 0.738426 0.038694 0.154630
0 1525 0.572551 0.711574 0.035067 0.143519
0 1526 0.610036 0.773611 0.053204 0.141667
0 1527 0.652660 0.743981 0.039299 0.154630
0 1529 0.662031 0.907407 0.050786 0.164815
0 1530 0.720375 0.857407 0.048972 0.151852
0 1531 0.582225 0.579630 0.038694 0.148148
0 1532 0.620919 0.592130 0.036276 0.143519
0 1534 0.814087 0.978704 0.033253 0.044444
0 1535 0.789903 0.804630 0.048972 0.151852
0 1536 0.843410 0.810648 0.045949 0.158333
0 1537 0.887545 0.955556 0.038694 0.090741
0 1538 0.938029 0.953704 0.041717 0.090741
0 1539 0.757557 0.899537 0.053204 0.165741
0 1541 0.946493 0.885185 0.046554 0.164815
0 1542 0.943168 0.818981 0.044740 0.165741
0 1543 0.856106 0.872685 0.047158 0.156481
0 1544 0.896614 0.851852 0.044740 0.164815
0 1548 0.948307 0.682407 0.047763 0.175926
0 1549 0.384220 0.712500 0.046554 0.160185
0 1550 0.517533 0.499537 0.036276 0.137963
0 1551 0.531439 0.483796 0.031439 0.137963
0 1552 0.541717 0.343056 0.032648 0.139815
0 1553 0.737908 0.569444 0.044135 0.157407
0 1554 0.745768 0.662037 0.044135 0.162963
0 1555 0.589480 0.492130 0.041112 0.132407
0 1556 0.614268 0.495833 0.027811 0.121296
0 1557 0.613059 0.567130 0.039903 0.149074
0 1558 0.812576 0.671296 0.038694 0.179630
0 1559 0.813180 0.699074 0.037485 0.164815
0 1562 0.181983 0.740278 0.035067 0.154630
0 1563 0.147823 0.767593 0.042926 0.164815
0 1565 0.226421 0.794444 0.056227 0.179630
0 1567 0.470375 0.414352 0.032648 0.100926
0 1568 0.350967 0.561111 0.034462 0.151852
0 1569 0.317412 0.581481 0.032648 0.146296
0 1570 0.295647 0.544907 0.037485 0.160185
0 1571 0.425937 0.287037 0.029625 0.135185
0 1572 0.395405 0.343056 0.041112 0.145370
0 1573 0.504232 0.393981 0.032648 0.121296
0 1574 0.755744 0.602315 0.039903 0.137963
0 1575 0.078597 0.688426 0.039903 0.160185
0 1576 0.032044 0.709259 0.049577 0.179630
0 1581 0.323156 0.791667 0.047763 0.181481
0 1582 0.362757 0.790741 0.039903 0.166667
0 1583 0.343410 0.219444 0.025393 0.101852
0 1584 0.345526 0.218056 0.039299 0.134259
0 1587 0.053204 0.437963 0.047158 0.155556
0 1589 0.139964 0.715278 0.044135 0.160185
0 1590 0.233978 0.596759 0.042322 0.154630
0 1591 0.285671 0.631481 0.045345 0.166667
0 1592 0.692563 0.485648 0.044135 0.150926
0 1593 0.653567 0.516667 0.043531 0.146296
0 1594 0.598549 0.525000 0.041112 0.142593
0 1595 0.544740 0.532870 0.044740 0.162037
0 1596 0.154474 0.451389 0.039299 0.147222
0 1597 0.190447 0.443519 0.037485 0.164815
0 1598 0.324063 0.417593 0.036276 0.133333
0 1599 0.652660 0.361574 0.044135 0.137963
0 1601 0.723096 0.299074 0.037485 0.151852
0 1602 0.638452 0.315278 0.035067 0.132407
0 1603 0.663845 0.444907 0.047158 0.156481
0 1604 0.750907 0.312963 0.027811 0.090741
0 1605 0.585248 0.304630 0.030230 0.144444
0 1606 0.859734 0.437037 0.037485 0.140741
0 1607 0.629988 0.291204 0.035067 0.123148
0 1608 0.689541 0.320833 0.039299 0.143519
0 1609 0.850665 0.143519 0.031439 0.114815
0 1610 0.769045 0.202315 0.033857 0.145370
0 1611 0.979141 0.540741 0.040508 0.155556
0 1612 0.974002 0.414815 0.039903 0.142593
0 1613 0.954958 0.259722 0.036880 0.149074
0 1614 0.945586 0.509722 0.041112 0.158333
0 1615 0.748791 0.231481 0.032044 0.129630
0 1618 0.030230 0.306481 0.044740 0.151852
0 1619 0.237908 0.344444 0.046554 0.150000
0 1620 0.692563 0.120833 0.034462 0.126852
0 1621 0.677751 0.100000 0.033857 0.118519
0 1624 0.359432 0.082870 0.032044 0.139815
0 1625 0.146010 0.281944 0.038089 0.139815
0 1626 0.845224 0.214352 0.030230 0.128704
0 1627 0.933495 0.206944 0.035067 0.128704
0 1628 0.959190 0.230093 0.036880 0.137963
0 1629 0.876360 0.224074 0.029625 0.135185
0 1632 0.331620 0.103704 0.024788 0.120370
0 1633 0.317110 0.075000 0.027207 0.116667
0 1634 0.020556 0.871759 0.039903 0.173148
0 1635 0.003023 0.871296 0.004837 0.161111
0 1642 0.303809 0.092130 0.032044 0.126852
0 1643 0.786880 0.227315 0.034462 0.145370
0 1646 0.103083 0.306481 0.046554 0.144444
0 1647 0.616082 0.097685 0.032648 0.126852
0 1648 0.866687 0.125926 0.029625 0.129630
0 1649 0.890568 0.431944 0.041112 0.149074
0 1650 0.589480 0.653241 0.050786 0.149074
0 1651 0.566203 0.621759 0.039299 0.162037
0 1652 0.615780 0.629630 0.036880 0.148148
0 1653 0.780532 0.717593 0.054414 0.140741
0 1654 0.276904 0.432407 0.037485 0.146296
0 1655 0.566505 0.445833 0.035067 0.137963
0 1656 0.560157 0.432407 0.041717 0.133333
0 1657 0.495768 0.485648 0.030230 0.143519
0 1658 0.418984 0.335185 0.031439 0.124074
0 1659 0.444982 0.352315 0.035067 0.137963
0 1660 0.483374 0.338426 0.029625 0.082407
0 1661 0.516324 0.360185 0.030230 0.124074
0 1662 0.449516 0.525000 0.039299 0.148148
0 1663 0.175937 0.305556 0.035067 0.112963
0 1664 0.319226 0.112963 0.030230 0.112963
0 1665 0.010883 0.376389 0.020556 0.150926
0 1666 0.242443 0.207407 0.035067 0.129630
0 1667 0.474002 0.399074 0.027811 0.090741
0 1668 0.498791 0.415278 0.027811 0.104630
0 1669 0.387243 0.215278 0.046554 0.162037
0 1670 0.785973 0.049074 0.029021 0.096296
0 1937 0.044438 0.419907 0.029625 0.128704
0 1942 0.005744 0.162037 0.010278 0.124074
