0 1408 0.463724 0.026852 0.035067 0.051852
0 1411 0.672612 0.032407 0.034462 0.062963
0 1421 0.743349 0.066204 0.034462 0.130556
0 1422 0.974909 0.145833 0.034462 0.132407
0 1423 0.845828 0.138889 0.030230 0.100000
0 1424 0.964329 0.073611 0.030230 0.134259
0 1429 0.662636 0.045370 0.032648 0.088889
0 1430 0.628174 0.044444 0.035067 0.087037
0 1433 0.325272 0.041204 0.032648 0.080556
0 1443 0.215236 0.065741 0.029021 0.118519
0 1444 0.183495 0.055093 0.029625 0.108333
0 1445 0.158404 0.062963 0.031439 0.116667
0 1447 0.418380 0.036574 0.035067 0.071296
0 1450 0.338875 0.030556 0.027207 0.059259
0 1451 0.347642 0.036111 0.025393 0.070370
0 1452 0.594317 0.210185 0.027811 0.112963
0 1453 0.559250 0.051389 0.037485 0.100926
0 1454 0.536276 0.050463 0.031439 0.099074
0 1455 0.456771 0.185185 0.032044 0.129630
0 1469 0.369710 0.220833 0.034462 0.115741
0 1470 0.416566 0.227778 0.031439 0.133333
0 1476 0.681983 0.468981 0.037485 0.150926
0 1477 0.738210 0.428241 0.029021 0.110185
0 1478 0.695889 0.212963 0.035067 0.142593
0 1479 0.654474 0.238889 0.032044 0.124074
0 1480 0.922612 0.596296 0.042322 0.146296
0 1481 0.985490 0.247685 0.027811 0.145370
0 1482 0.956469 0.250000 0.036276 0.129630
0 1483 0.981862 0.168056 0.033857 0.117593
0 1485 0.982769 0.312037 0.033253 0.137037
0 1486 0.668077 0.122685 0.032648 0.132407
0 1490 0.571342 0.488889 0.032648 0.124074
0 1493 0.975816 0.040741 0.032648 0.079630
0 1495 0.401753 0.042130 0.029625 0.073148
0 1497 0.006953 0.983333 0.012696 0.033333
0 1498 0.016626 0.971759 0.032044 0.058333
0 1499 0.079807 0.981481 0.030230 0.038889
0 1501 0.273881 0.961574 0.044740 0.078704
0 1502 0.442563 0.946296 0.054414 0.109259
0 1503 0.932588 0.953241 0.046554 0.095370
0 1504 0.967352 0.929630 0.037485 0.138889
0 1506 0.977932 0.972685 0.039299 0.056481
0 1507 0.986397 0.935185 0.025998 0.120370
0 1508 0.866989 0.948148 0.054414 0.105556
0 1509 0.903567 0.957407 0.045345 0.087037
0 1510 0.333132 0.713889 0.044740 0.181481
0 1511 0.375453 0.726852 0.043531 0.175926
0 1512 0.409311 0.728241 0.044740 0.149074
0 1513 0.634825 0.795833 0.037485 0.149074
0 1514 0.667473 0.797222 0.048368 0.166667
0 1515 0.704958 0.845833 0.047158 0.123148
0 1516 0.865175 0.804167 0.064087 0.187963
0 1517 0.920193 0.840741 0.061669 0.159259
0 1519 0.013906 0.695833 0.026602 0.167593
0 1520 0.029021 0.691204 0.035067 0.143519
0 1521 0.035369 0.656944 0.040508 0.147222
0 1522 0.124244 0.681944 0.041717 0.152778
0 1523 0.227328 0.644907 0.037485 0.139815
0 1524 0.282346 0.662500 0.042322 0.160185
0 1525 0.294438 0.627778 0.031439 0.146296
0 1526 0.342503 0.678704 0.036880 0.153704
0 1527 0.372733 0.658333 0.036880 0.148148
0 1528 0.727328 0.715278 0.041112 0.165741
0 1529 0.777207 0.641667 0.044135 0.140741
0 1530 0.839782 0.629167 0.041112 0.141667
0 1531 0.574365 0.598611 0.047158 0.165741
0 1532 0.614873 0.594907 0.037485 0.139815
0 1533 0.654474 0.640278 0.041717 0.160185
0 1534 0.676239 0.613426 0.041717 0.167593
0 1535 0.782648 0.508333 0.046554 0.135185
0 1536 0.831620 0.517130 0.046554 0.149074
0 1537 0.896614 0.712963 0.043531 0.168519
0 1538 0.927751 0.710185 0.041717 0.164815
0 1539 0.876663 0.638889 0.045949 0.142593
0 1540 0.987908 0.576389 0.022975 0.165741
0 1541 0.962817 0.593981 0.036880 0.158333
0 1542 0.952237 0.543056 0.039903 0.137963
0 1543 0.868803 0.554630 0.037485 0.137037
0 1544 0.903869 0.553704 0.037485 0.151852
0 1545 0.889359 0.494444 0.037485 0.146296
0 1546 0.925937 0.499537 0.039299 0.145370
0 1547 0.952237 0.493519 0.037485 0.137037
0 1548 0.950726 0.327315 0.041717 0.152778
0 1549 0.417170 0.555093 0.047158 0.149074
0 1550 0.538694 0.443519 0.037485 0.135185
0 1551 0.563482 0.432407 0.037485 0.146296
0 1552 0.637545 0.428241 0.034462 0.150926
0 1553 0.684401 0.398148 0.037485 0.135185
0 1554 0.692261 0.442130 0.039903 0.156481
0 1555 0.591294 0.500463 0.042322 0.132407
0 1556 0.612757 0.504167 0.027207 0.121296
0 1557 0.598549 0.566667 0.044740 0.142593
0 1558 0.729141 0.453704 0.042322 0.157407
0 1559 0.773277 0.443519 0.044740 0.140741
0 1560 0.915054 0.453241 0.036880 0.139815
0 1561 0.110339 0.593519 0.041717 0.179630
0 1564 0.014813 0.593519 0.028416 0.164815
0 1565 0.047763 0.593981 0.049577 0.171296
0 1567 0.357013 0.428704 0.036880 0.137037
0 1568 0.315901 0.488889 0.034462 0.148148
0 1569 0.317412 0.526852 0.033857 0.140741
0 1570 0.287787 0.550463 0.039903 0.160185
0 1571 0.310762 0.430093 0.037485 0.134259
0 1572 0.393591 0.351389 0.041112 0.145370
0 1573 0.504232 0.400926 0.037485 0.135185
0 1574 0.768440 0.414352 0.035067 0.136111
0 1575 0.076481 0.477315 0.034462 0.145370
0 1576 0.039299 0.464815 0.042322 0.157407
0 1577 0.080411 0.373148 0.035067 0.140741
0 1578 0.114268 0.389352 0.038694 0.104630
0 1579 0.002116 0.416667 0.003023 0.114815
0 1581 0.157195 0.452315 0.041112 0.158333
0 1582 0.192261 0.455093 0.038694 0.132407
0 1583 0.014813 0.244907 0.028416 0.095370
0 1584 0.037183 0.240278 0.039299 0.126852
0 1585 0.020254 0.186574 0.027207 0.102778
0 1586 0.050484 0.157870 0.032044 0.128704
0 1587 0.081318 0.260185 0.039299 0.151852
0 1589 0.155985 0.406944 0.038694 0.149074
0 1590 0.205865 0.325463 0.036880 0.143519
0 1591 0.233676 0.338426 0.046554 0.149074
0 1592 0.759371 0.331019 0.033857 0.145370
0 1593 0.730955 0.344444 0.044740 0.140741
0 1594 0.705562 0.328704 0.039903 0.140741
0 1595 0.664450 0.307870 0.038694 0.149074
0 1596 0.320133 0.200463 0.039299 0.137963
0 1597 0.351874 0.205093 0.037485 0.139815
0 1598 0.393289 0.225463 0.029625 0.123148
0 1599 0.495768 0.173611 0.043531 0.126852
0 1600 0.195284 0.173611 0.037485 0.126852
0 1601 0.629686 0.172222 0.036880 0.140741
0 1602 0.669287 0.193056 0.030230 0.134259
0 1603 0.633011 0.252778 0.042322 0.142593
0 1604 0.654776 0.185185 0.027811 0.090741
0 1605 0.634220 0.207407 0.032648 0.124074
0 1606 0.759371 0.218519 0.032648 0.124074
0 1607 0.544438 0.112500 0.034462 0.110185
0 1608 0.596735 0.114352 0.033857 0.130556
0 1609 0.671100 0.058796 0.032648 0.115741
0 1610 0.726421 0.097222 0.034462 0.129630
0 1611 0.942261 0.278704 0.041717 0.140741
0 1612 0.929262 0.192593 0.038694 0.129630
0 1613 0.804716 0.114815 0.055623 0.142593
0 1614 0.918682 0.264815 0.039299 0.140741
0 1615 0.680472 0.103704 0.032044 0.129630
0 1618 0.142382 0.113426 0.038089 0.143519
0 1619 0.383918 0.141667 0.053204 0.137037
0 1620 0.528114 0.035185 0.030834 0.068519
0 1621 0.509371 0.039352 0.032044 0.076852
0 1622 0.096433 0.122685 0.028416 0.123148
0 1623 0.110641 0.136574 0.033857 0.143519
0 1624 0.356106 0.087500 0.035067 0.132407
0 1625 0.203144 0.083796 0.044740 0.121296
0 1626 0.912938 0.088889 0.032648 0.120370
0 1627 0.960097 0.114815 0.035067 0.129630
0 1628 0.987001 0.126852 0.024788 0.137037
0 1629 0.938936 0.101852 0.030230 0.124074
0 1632 0.324063 0.078704 0.025393 0.120370
0 1633 0.329202 0.064352 0.027207 0.115741
0 1634 0.019952 0.862037 0.038694 0.190741
0 1642 0.292322 0.081944 0.032044 0.126852
0 1643 0.757557 0.097685 0.035067 0.132407
0 1644 0.059250 0.113889 0.035067 0.131481
0 1645 0.038392 0.126852 0.032044 0.101852
0 1646 0.124849 0.085185 0.036880 0.129630
0 1647 0.457074 0.037500 0.033857 0.073148
0 1648 0.682588 0.055556 0.030230 0.109259
0 1649 0.795647 0.193981 0.035067 0.132407
0 1650 0.594317 0.661574 0.050786 0.143519
0 1651 0.551391 0.628241 0.043531 0.171296
0 1652 0.616082 0.637037 0.037485 0.157407
0 1653 0.772068 0.720833 0.054414 0.149074
0 1654 0.267836 0.441667 0.037485 0.146296
0 1655 0.567110 0.406019 0.032648 0.137963
0 1656 0.558343 0.402778 0.041717 0.135185
0 1657 0.536880 0.425463 0.030230 0.137963
0 1658 0.412031 0.333333 0.032044 0.129630
0 1659 0.438936 0.356944 0.035067 0.137963
0 1660 0.477328 0.343981 0.029625 0.082407
0 1661 0.510580 0.370370 0.034462 0.137037
0 1662 0.445586 0.529167 0.038694 0.149074
0 1663 0.229444 0.100463 0.029625 0.106481
0 1664 0.310762 0.086111 0.030230 0.112963
0 1665 0.231258 0.167593 0.029625 0.137037
0 1666 0.205260 0.055556 0.029625 0.109259
0 1667 0.472189 0.404630 0.027811 0.090741
0 1668 0.483071 0.420833 0.026602 0.112037
0 1669 0.202237 0.114352 0.042926 0.152778
0 1670 0.781741 0.050926 0.029021 0.100000
0 1937 0.118803 0.250926 0.033253 0.131481
