0 1408 0.506046 0.036574 0.035067 0.071296
0 1411 0.683495 0.043056 0.034462 0.084259
0 1421 0.758767 0.087500 0.033857 0.137963
0 1422 0.966747 0.157870 0.035067 0.132407
0 1423 0.870012 0.162037 0.030230 0.101852
0 1424 0.952842 0.089815 0.030230 0.135185
0 1429 0.668077 0.058333 0.032648 0.111111
0 1430 0.633313 0.055093 0.034462 0.108333
0 1431 0.785369 0.937500 0.049577 0.125000
0 1433 0.370919 0.060185 0.032044 0.118519
0 1438 0.099758 0.016667 0.025393 0.031481
0 1443 0.200121 0.080556 0.029021 0.118519
0 1444 0.183495 0.071759 0.029625 0.126852
0 1445 0.157497 0.080556 0.036880 0.127778
0 1447 0.461911 0.042593 0.035067 0.083333
0 1450 0.379081 0.045370 0.027811 0.088889
0 1451 0.390266 0.043056 0.024788 0.084259
0 1452 0.567412 0.208796 0.033253 0.112037
0 1453 0.562878 0.067593 0.037485 0.124074
0 1454 0.536276 0.070370 0.031439 0.120370
0 1455 0.483071 0.206944 0.036276 0.128704
0 1456 0.923216 0.070833 0.032648 0.119444
0 1469 0.342201 0.256019 0.033857 0.115741
0 1470 0.400242 0.259259 0.031439 0.137037
0 1476 0.678356 0.482870 0.037485 0.150926
0 1477 0.746372 0.459722 0.029625 0.110185
0 1478 0.695586 0.239815 0.036880 0.142593
0 1479 0.659915 0.254630 0.032044 0.124074
0 1480 0.946493 0.637037 0.041717 0.151852
0 1481 0.986699 0.275000 0.026602 0.146296
0 1482 0.957074 0.277778 0.036276 0.140741
0 1483 0.974607 0.195833 0.031439 0.117593
0 1485 0.981258 0.343519 0.036276 0.146296
0 1486 0.682588 0.138426 0.032648 0.132407
0 1490 0.566808 0.490741 0.032044 0.124074
0 1493 0.976421 0.050463 0.032648 0.099074
0 1494 0.492745 0.024537 0.030230 0.045370
0 1495 0.448307 0.066667 0.029625 0.079630
0 1497 0.079202 0.991204 0.024184 0.017593
0 1498 0.113059 0.974537 0.032648 0.052778
0 1501 0.275695 0.958333 0.044740 0.085185
0 1502 0.443773 0.945370 0.054414 0.111111
0 1503 0.962515 0.945833 0.045949 0.108333
0 1506 0.977630 0.970833 0.038694 0.060185
0 1508 0.923216 0.982870 0.030230 0.036111
0 1510 0.339480 0.737500 0.046554 0.182407
0 1511 0.391475 0.753704 0.051391 0.170370
0 1512 0.428658 0.762500 0.048368 0.154630
0 1513 0.610641 0.855093 0.039903 0.154630
0 1514 0.647521 0.857407 0.055623 0.174074
0 1515 0.694680 0.911111 0.054414 0.124074
0 1516 0.861548 0.863426 0.062878 0.193519
0 1517 0.910822 0.896296 0.062273 0.159259
0 1519 0.004232 0.732407 0.007255 0.162963
0 1520 0.016324 0.733333 0.031439 0.142593
0 1521 0.023277 0.690741 0.045345 0.151852
0 1522 0.136034 0.703704 0.041112 0.146296
0 1523 0.276904 0.662500 0.037485 0.139815
0 1524 0.326481 0.674074 0.043531 0.146296
0 1525 0.342503 0.650000 0.032044 0.148148
0 1526 0.393289 0.696296 0.042926 0.153704
0 1527 0.417473 0.679167 0.039299 0.149074
0 1528 0.714631 0.798148 0.044740 0.174074
0 1529 0.750605 0.668981 0.048972 0.139815
0 1530 0.834341 0.656019 0.039903 0.141667
0 1531 0.575574 0.594907 0.047158 0.165741
0 1532 0.615175 0.594907 0.036880 0.139815
0 1533 0.642080 0.687037 0.042322 0.164815
0 1534 0.667473 0.665741 0.041112 0.170370
0 1535 0.787787 0.552778 0.047158 0.146296
0 1536 0.836155 0.560185 0.045949 0.157407
0 1537 0.892987 0.762037 0.043531 0.168519
0 1538 0.933495 0.749074 0.044740 0.164815
0 1539 0.867594 0.681481 0.047158 0.146296
0 1541 0.976723 0.630556 0.035671 0.170370
0 1542 0.953446 0.579167 0.039903 0.137963
0 1543 0.880895 0.586574 0.044740 0.145370
0 1544 0.908102 0.584259 0.037485 0.151852
0 1545 0.917170 0.520833 0.039903 0.145370
0 1546 0.957074 0.525000 0.035067 0.146296
0 1547 0.980653 0.525000 0.032648 0.137037
0 1548 0.940145 0.363426 0.042322 0.154630
0 1549 0.423519 0.569444 0.046554 0.151852
0 1550 0.530834 0.455556 0.037485 0.135185
0 1551 0.557134 0.440741 0.036880 0.146296
0 1552 0.634522 0.432407 0.036880 0.151852
0 1553 0.704051 0.423611 0.040508 0.137963
0 1554 0.703144 0.469907 0.038694 0.160185
0 1555 0.589782 0.493056 0.041717 0.132407
0 1556 0.613966 0.503241 0.027207 0.121296
0 1557 0.606711 0.564815 0.040508 0.148148
0 1558 0.739420 0.480556 0.048368 0.161111
0 1559 0.801088 0.473611 0.035067 0.154630
0 1560 0.944075 0.486574 0.034462 0.139815
0 1561 0.081318 0.654630 0.041717 0.179630
0 1562 0.004837 0.566204 0.008464 0.149074
0 1565 0.047763 0.628241 0.049577 0.171296
0 1567 0.362455 0.414352 0.034462 0.132407
0 1568 0.323761 0.487963 0.030834 0.148148
0 1569 0.332225 0.535185 0.034462 0.142593
0 1570 0.285067 0.537963 0.040508 0.159259
0 1571 0.306832 0.394907 0.039299 0.134259
0 1572 0.395405 0.347685 0.041112 0.145370
0 1573 0.505441 0.397222 0.037485 0.135185
0 1574 0.763906 0.439815 0.034462 0.140741
0 1575 0.066203 0.506944 0.038089 0.145370
0 1576 0.035671 0.496296 0.047158 0.157407
0 1577 0.058646 0.397222 0.035067 0.140741
0 1578 0.090689 0.416204 0.037485 0.104630
0 1579 0.003325 0.432870 0.005441 0.115741
0 1581 0.175635 0.491204 0.039299 0.156481
0 1582 0.212213 0.500000 0.038694 0.140741
0 1583 0.066505 0.229167 0.031439 0.095370
0 1584 0.089480 0.226389 0.039903 0.126852
0 1585 0.005744 0.213426 0.010278 0.104630
0 1586 0.033857 0.195833 0.033857 0.128704
0 1587 0.073458 0.284259 0.039299 0.151852
0 1589 0.143289 0.448611 0.038694 0.149074
0 1590 0.182890 0.360185 0.036880 0.146296
0 1591 0.204655 0.380093 0.039299 0.154630
0 1592 0.751814 0.346296 0.036880 0.148148
0 1593 0.724909 0.370370 0.039903 0.140741
0 1594 0.698609 0.354630 0.040508 0.148148
0 1595 0.653869 0.337963 0.039299 0.151852
0 1596 0.288996 0.238889 0.043531 0.142593
0 1597 0.322249 0.242593 0.036276 0.146296
0 1598 0.375453 0.256481 0.031439 0.124074
0 1599 0.519347 0.204630 0.043531 0.131481
0 1600 0.183192 0.209259 0.037485 0.135185
0 1601 0.642684 0.189815 0.037485 0.140741
0 1602 0.652358 0.216204 0.030230 0.134259
0 1603 0.641173 0.268519 0.041717 0.142593
0 1604 0.668682 0.210185 0.027811 0.090741
0 1605 0.604897 0.207870 0.035671 0.125000
0 1606 0.761487 0.246296 0.032044 0.124074
0 1607 0.546252 0.132870 0.034462 0.110185
0 1608 0.607618 0.139352 0.035067 0.134259
0 1609 0.706771 0.064352 0.032648 0.115741
0 1610 0.741838 0.103704 0.035067 0.129630
0 1611 0.946191 0.309259 0.042322 0.140741
0 1612 0.931983 0.222222 0.039299 0.129630
0 1613 0.832225 0.135648 0.055018 0.137963
0 1614 0.915961 0.288889 0.039903 0.140741
0 1615 0.694075 0.121296 0.032648 0.129630
0 1618 0.117291 0.135185 0.043531 0.142593
0 1619 0.376360 0.166667 0.038089 0.137037
0 1620 0.553204 0.043056 0.032648 0.084259
0 1621 0.549274 0.037500 0.032044 0.073148
0 1622 0.081318 0.147222 0.032044 0.124074
0 1623 0.091596 0.160648 0.034462 0.143519
0 1624 0.359432 0.081019 0.035671 0.132407
0 1625 0.185913 0.110648 0.034462 0.132407
0 1626 0.896010 0.107407 0.030230 0.120370
0 1627 0.953748 0.115741 0.034462 0.129630
0 1628 0.987606 0.138426 0.023579 0.137963
0 1629 0.920193 0.119907 0.030230 0.125000
0 1632 0.335550 0.079630 0.025393 0.120370
0 1633 0.328597 0.066204 0.027207 0.115741
0 1634 0.019952 0.858333 0.038694 0.190741
0 1642 0.288996 0.072685 0.032648 0.126852
0 1643 0.767533 0.113426 0.034462 0.132407
0 1644 0.044740 0.146759 0.035067 0.132407
0 1645 0.020254 0.157870 0.032044 0.104630
0 1646 0.122128 0.108333 0.037485 0.129630
0 1647 0.492140 0.045833 0.032648 0.089815
0 1648 0.720073 0.061574 0.030230 0.121296
0 1649 0.798972 0.219444 0.035671 0.135185
0 1650 0.590085 0.656019 0.050786 0.143519
0 1651 0.553204 0.625926 0.043531 0.161111
0 1652 0.614268 0.632407 0.037485 0.157407
0 1653 0.772068 0.718981 0.054414 0.149074
0 1654 0.270254 0.437963 0.037485 0.146296
0 1655 0.562878 0.408333 0.036276 0.137037
0 1656 0.554414 0.406481 0.042322 0.135185
0 1657 0.527207 0.434722 0.030230 0.137963
0 1658 0.413543 0.333333 0.031439 0.133333
0 1659 0.439541 0.356019 0.035067 0.137963
0 1660 0.476421 0.339352 0.030230 0.082407
0 1661 0.513603 0.360185 0.032044 0.124074
0 1662 0.445586 0.526389 0.038694 0.149074
0 1663 0.214933 0.120833 0.029625 0.112037
0 1664 0.310157 0.085185 0.030230 0.112963
0 1665 0.210399 0.200000 0.030230 0.137037
0 1666 0.207981 0.070370 0.031439 0.124074
0 1667 0.468561 0.399074 0.027811 0.090741
0 1668 0.483071 0.415741 0.026602 0.112963
0 1669 0.240629 0.110185 0.039903 0.157407
0 1670 0.782346 0.050926 0.029021 0.100000
0 1937 0.106409 0.273148 0.035067 0.131481
0 1942 0.003628 0.160185 0.006046 0.124074
