0 1401 0.591294 0.032407 0.030230 0.062963
0 1408 0.554111 0.046759 0.034462 0.091667
0 1409 0.615478 0.029167 0.027811 0.056481
0 1410 0.925937 0.068056 0.032044 0.112037
0 1411 0.703144 0.056944 0.035067 0.112037
0 1420 0.940447 0.053704 0.032044 0.105556
0 1421 0.781741 0.117130 0.035067 0.137963
0 1422 0.956469 0.172685 0.035067 0.132407
0 1423 0.900242 0.198148 0.030230 0.101852
0 1424 0.940750 0.112963 0.030230 0.135185
0 1425 0.716445 0.056481 0.032648 0.109259
0 1426 0.721584 0.047685 0.029625 0.093519
0 1429 0.669891 0.091667 0.031439 0.140741
0 1430 0.647521 0.074537 0.035067 0.136111
0 1431 0.833132 0.856019 0.038694 0.154630
0 1432 0.746675 0.915741 0.050786 0.151852
0 1433 0.400242 0.081481 0.031439 0.137037
0 1438 0.094921 0.033333 0.025393 0.064815
0 1442 0.485792 0.029630 0.024788 0.057407
0 1443 0.201935 0.117130 0.029021 0.119444
0 1444 0.185006 0.103241 0.029021 0.128704
0 1445 0.156892 0.102315 0.039299 0.139815
0 1447 0.508464 0.058796 0.044740 0.115741
0 1448 0.785671 0.943981 0.046554 0.113889
0 1450 0.413845 0.068981 0.027207 0.115741
0 1451 0.434099 0.062963 0.031439 0.116667
0 1452 0.534764 0.213426 0.027207 0.110185
0 1453 0.573458 0.101389 0.036880 0.134259
0 1454 0.545949 0.109259 0.031439 0.129630
0 1455 0.517533 0.245833 0.038694 0.137963
0 1456 0.912636 0.093981 0.032044 0.121296
0 1467 0.026602 0.989352 0.030230 0.023148
0 1469 0.305320 0.294907 0.035067 0.121296
0 1470 0.391475 0.297685 0.036880 0.139815
0 1476 0.695889 0.521296 0.036276 0.161111
0 1477 0.739722 0.496296 0.029625 0.109259
0 1478 0.702842 0.264815 0.039299 0.142593
0 1479 0.669287 0.288889 0.032648 0.124074
0 1480 0.965236 0.691667 0.041717 0.151852
0 1482 0.964933 0.312037 0.037485 0.146296
0 1483 0.975514 0.237037 0.032044 0.129630
0 1485 0.976421 0.402778 0.043531 0.150000
0 1486 0.687122 0.150463 0.032044 0.132407
0 1490 0.568622 0.491667 0.032044 0.124074
0 1491 0.944680 0.026852 0.036880 0.051852
0 1493 0.976723 0.063889 0.036880 0.125926
0 1494 0.532044 0.033333 0.030230 0.064815
0 1495 0.494256 0.084259 0.029625 0.079630
0 1501 0.274184 0.957870 0.044135 0.086111
0 1502 0.446191 0.942593 0.054414 0.116667
0 1503 0.976723 0.926852 0.041717 0.148148
0 1506 0.981560 0.971296 0.034462 0.059259
0 1510 0.358827 0.762963 0.055018 0.175926
0 1511 0.419589 0.800926 0.050786 0.162963
0 1512 0.463724 0.806019 0.048368 0.160185
0 1513 0.568017 0.918981 0.039299 0.152778
0 1514 0.605804 0.919907 0.043531 0.160185
0 1515 0.643894 0.959259 0.048368 0.083333
0 1516 0.838875 0.920833 0.068319 0.158333
0 1517 0.886638 0.942593 0.057437 0.116667
0 1521 0.018742 0.717130 0.036276 0.158333
0 1522 0.158706 0.739352 0.046554 0.160185
0 1523 0.332830 0.689815 0.038089 0.140741
0 1524 0.388452 0.711111 0.051391 0.164815
0 1525 0.404776 0.676852 0.051391 0.142593
0 1526 0.448005 0.736574 0.043531 0.165741
0 1527 0.473096 0.699537 0.042926 0.147222
0 1528 0.698307 0.904630 0.048368 0.181481
0 1529 0.721886 0.715278 0.050786 0.149074
0 1530 0.820133 0.702778 0.045345 0.144444
0 1531 0.578295 0.584722 0.046554 0.149074
0 1532 0.616687 0.595370 0.036276 0.142593
0 1533 0.626965 0.772685 0.051995 0.165741
0 1534 0.662636 0.752315 0.047158 0.187963
0 1535 0.794740 0.608333 0.046554 0.151852
0 1536 0.839782 0.623148 0.045949 0.161111
0 1537 0.892987 0.835648 0.048368 0.187963
0 1538 0.930169 0.803704 0.044135 0.168519
0 1539 0.854293 0.732407 0.047158 0.153704
0 1541 0.988513 0.675463 0.021765 0.173148
0 1542 0.965538 0.619907 0.039903 0.137963
0 1543 0.903869 0.641204 0.044740 0.145370
0 1544 0.929565 0.634722 0.039299 0.150926
0 1545 0.950423 0.559722 0.042322 0.145370
0 1548 0.934099 0.426852 0.042322 0.162963
0 1549 0.413543 0.599074 0.047158 0.155556
0 1550 0.519347 0.475463 0.037485 0.134259
0 1551 0.550786 0.464815 0.037485 0.146296
0 1552 0.626360 0.420833 0.033857 0.149074
0 1553 0.722189 0.457870 0.041717 0.145370
0 1554 0.720677 0.509722 0.038694 0.160185
0 1555 0.594619 0.492130 0.041717 0.132407
0 1556 0.615175 0.502315 0.027207 0.121296
0 1557 0.607920 0.567130 0.039299 0.149074
0 1558 0.769952 0.512500 0.044135 0.162037
0 1559 0.820738 0.510185 0.035671 0.153704
0 1560 0.974305 0.533796 0.034462 0.139815
0 1561 0.044438 0.730556 0.048972 0.187037
0 1562 0.016022 0.611574 0.030834 0.150926
0 1565 0.077086 0.652778 0.044135 0.177778
0 1567 0.392684 0.396296 0.034462 0.111111
0 1568 0.327086 0.501389 0.036276 0.149074
0 1569 0.337062 0.560185 0.035671 0.148148
0 1570 0.289299 0.539352 0.036880 0.160185
0 1571 0.308041 0.360185 0.032044 0.135185
0 1572 0.396614 0.345833 0.041112 0.145370
0 1573 0.508464 0.391204 0.037485 0.125000
0 1574 0.759976 0.477778 0.035067 0.146296
0 1575 0.060157 0.553241 0.039299 0.152778
0 1576 0.026602 0.539815 0.049577 0.161111
0 1577 0.033857 0.431019 0.042322 0.141667
0 1578 0.066203 0.453704 0.036880 0.109259
0 1581 0.213422 0.549074 0.037485 0.162963
0 1582 0.249698 0.557870 0.038694 0.143519
0 1583 0.141173 0.224537 0.029625 0.095370
0 1584 0.151753 0.218981 0.039903 0.126852
0 1586 0.015417 0.239352 0.029625 0.128704
0 1587 0.079504 0.322222 0.042926 0.151852
0 1589 0.146312 0.504167 0.039903 0.149074
0 1590 0.168077 0.413426 0.041112 0.154630
0 1591 0.185611 0.431944 0.039903 0.154630
0 1592 0.745768 0.377315 0.039299 0.150926
0 1593 0.722793 0.404630 0.039299 0.140741
0 1594 0.688936 0.383796 0.041717 0.141667
0 1595 0.658404 0.383796 0.041112 0.156481
0 1596 0.243349 0.277778 0.041717 0.148148
0 1597 0.278718 0.280556 0.036276 0.151852
0 1598 0.362455 0.304630 0.032044 0.133333
0 1599 0.553204 0.240278 0.044740 0.137963
0 1600 0.140871 0.237963 0.044740 0.137037
0 1601 0.663845 0.215278 0.037485 0.147222
0 1602 0.634220 0.230093 0.037485 0.136111
0 1603 0.649940 0.308333 0.044740 0.157407
0 1604 0.689238 0.231481 0.027811 0.090741
0 1605 0.569831 0.215278 0.029625 0.132407
0 1606 0.781137 0.284259 0.032648 0.127778
0 1607 0.559250 0.168056 0.035067 0.123148
0 1608 0.613664 0.172685 0.035067 0.134259
0 1609 0.743047 0.082870 0.032648 0.115741
0 1610 0.754232 0.120370 0.034462 0.129630
0 1611 0.953446 0.358796 0.042322 0.143519
0 1612 0.941657 0.261111 0.039299 0.129630
0 1613 0.868803 0.169444 0.038694 0.137037
0 1614 0.916264 0.327778 0.039299 0.140741
0 1615 0.710399 0.145370 0.032648 0.129630
0 1618 0.100967 0.167130 0.044740 0.143519
0 1619 0.342805 0.200000 0.043531 0.137037
0 1620 0.584039 0.055093 0.032648 0.108333
0 1621 0.597340 0.042130 0.032648 0.082407
0 1622 0.056227 0.175463 0.031439 0.126852
0 1623 0.074667 0.199537 0.034462 0.143519
0 1624 0.365780 0.077315 0.033857 0.132407
0 1625 0.181076 0.147685 0.034462 0.132407
0 1626 0.872733 0.132407 0.029625 0.120370
0 1627 0.940750 0.124074 0.035067 0.129630
0 1628 0.980048 0.156944 0.032648 0.137963
0 1629 0.911427 0.146759 0.029625 0.134259
0 1632 0.333736 0.087037 0.025393 0.120370
0 1633 0.322249 0.068981 0.027811 0.115741
0 1634 0.021161 0.856481 0.041112 0.190741
0 1642 0.288996 0.075463 0.032648 0.126852
0 1643 0.777811 0.139352 0.034462 0.137963
0 1644 0.023579 0.183796 0.035067 0.132407
0 1645 0.008162 0.198611 0.015115 0.104630
0 1646 0.131802 0.146296 0.037485 0.129630
0 1647 0.516626 0.047685 0.032044 0.093519
0 1648 0.758162 0.071296 0.030230 0.129630
0 1649 0.805925 0.268519 0.037485 0.142593
0 1650 0.587969 0.654167 0.051391 0.149074
0 1651 0.562878 0.627315 0.039903 0.156481
0 1652 0.613966 0.629630 0.036880 0.157407
0 1653 0.771463 0.716204 0.054414 0.149074
0 1654 0.271463 0.431481 0.037485 0.146296
0 1655 0.570738 0.411574 0.039903 0.137963
0 1656 0.561064 0.403704 0.042322 0.140741
0 1657 0.518742 0.453241 0.030230 0.137963
0 1658 0.416566 0.331481 0.032648 0.127778
0 1659 0.442563 0.354167 0.035067 0.137963
0 1660 0.480653 0.337500 0.030230 0.082407
0 1661 0.514813 0.360185 0.030834 0.124074
0 1662 0.448005 0.525463 0.038694 0.149074
0 1663 0.211306 0.152315 0.029625 0.112037
0 1664 0.308646 0.096296 0.029625 0.112963
0 1665 0.176542 0.232870 0.033857 0.137963
0 1666 0.210399 0.097222 0.035067 0.129630
0 1667 0.471886 0.398148 0.027207 0.090741
0 1668 0.484885 0.415741 0.026602 0.112963
0 1669 0.269045 0.115741 0.039903 0.157407
0 1670 0.782950 0.050463 0.029021 0.099074
0 1937 0.103083 0.300926 0.034462 0.135185
0 1942 0.003325 0.159259 0.005441 0.124074
