0 1401 0.598549 0.034722 0.030230 0.067593
0 1403 0.591294 0.026389 0.035067 0.050926
0 1408 0.562576 0.048611 0.034462 0.095370
0 1409 0.617594 0.031481 0.029625 0.061111
0 1410 0.920496 0.071759 0.032044 0.112037
0 1411 0.707981 0.058796 0.035067 0.115741
0 1420 0.938634 0.056481 0.032044 0.111111
0 1421 0.783857 0.122685 0.035671 0.137963
0 1422 0.954655 0.176389 0.035067 0.132407
0 1423 0.906892 0.204630 0.030230 0.101852
0 1424 0.938331 0.116667 0.030230 0.135185
0 1425 0.719468 0.057870 0.032648 0.112037
0 1426 0.724607 0.053241 0.029625 0.104630
0 1429 0.671403 0.098148 0.032044 0.140741
0 1430 0.649940 0.078704 0.035067 0.140741
0 1431 0.844619 0.842130 0.037485 0.154630
0 1432 0.756953 0.901852 0.050786 0.159259
0 1433 0.405683 0.088426 0.031439 0.137963
0 1438 0.092503 0.036574 0.025393 0.071296
0 1441 0.494559 0.037037 0.035067 0.072222
0 1442 0.482164 0.032870 0.024788 0.063889
0 1443 0.202539 0.124537 0.029021 0.121296
0 1444 0.184704 0.107870 0.029625 0.128704
0 1445 0.155683 0.107407 0.039299 0.140741
0 1446 0.963422 0.058796 0.024788 0.112037
0 1447 0.516022 0.061574 0.046554 0.121296
0 1448 0.788089 0.934259 0.046554 0.133333
0 1450 0.420193 0.075463 0.027811 0.117593
0 1451 0.441052 0.067593 0.029625 0.118519
0 1452 0.530230 0.213426 0.026602 0.110185
0 1453 0.575574 0.107407 0.037485 0.133333
0 1454 0.547763 0.113889 0.031439 0.129630
0 1455 0.522975 0.251389 0.038694 0.137963
0 1456 0.911427 0.098611 0.032044 0.121296
0 1467 0.041717 0.988426 0.030230 0.025000
0 1469 0.298065 0.302315 0.035067 0.121296
0 1470 0.387848 0.304167 0.035671 0.139815
0 1476 0.698307 0.531019 0.036276 0.163889
0 1477 0.739722 0.502778 0.029625 0.109259
0 1478 0.705260 0.269444 0.039299 0.142593
0 1479 0.671100 0.296296 0.032648 0.125926
0 1480 0.966445 0.701852 0.041717 0.151852
0 1482 0.967956 0.321296 0.037485 0.146296
0 1483 0.977328 0.244444 0.032044 0.131481
0 1485 0.977630 0.413889 0.043531 0.151852
0 1486 0.688331 0.152315 0.032044 0.132407
0 1490 0.570435 0.493056 0.032044 0.126852
0 1491 0.946493 0.030556 0.036880 0.059259
0 1493 0.977025 0.063889 0.037485 0.125926
0 1494 0.539299 0.036574 0.030230 0.071296
0 1495 0.501511 0.087037 0.029625 0.079630
0 1501 0.274184 0.957870 0.044135 0.086111
0 1502 0.446191 0.942593 0.053204 0.116667
0 1503 0.977630 0.928704 0.039903 0.144444
0 1506 0.982467 0.971296 0.032648 0.059259
0 1510 0.365780 0.762963 0.058041 0.175926
0 1511 0.423216 0.814352 0.051995 0.171296
0 1512 0.470979 0.808796 0.050786 0.154630
0 1513 0.560157 0.927778 0.038089 0.146296
0 1514 0.597642 0.923611 0.042926 0.149074
0 1515 0.631802 0.963426 0.048368 0.075000
0 1516 0.833434 0.926852 0.067110 0.146296
0 1517 0.881197 0.948148 0.055018 0.105556
0 1521 0.017533 0.720833 0.033857 0.160185
0 1522 0.164752 0.750463 0.046554 0.162037
0 1523 0.344317 0.697685 0.038089 0.139815
0 1524 0.399033 0.712963 0.045949 0.164815
0 1525 0.413543 0.677315 0.035067 0.143519
0 1526 0.457981 0.734722 0.045345 0.162037
0 1527 0.484583 0.702778 0.046554 0.144444
0 1528 0.698307 0.917130 0.049577 0.167593
0 1529 0.720677 0.726852 0.050786 0.151852
0 1530 0.815296 0.717130 0.047763 0.145370
0 1531 0.577690 0.584722 0.046554 0.149074
0 1532 0.617594 0.596296 0.036880 0.144444
0 1533 0.629383 0.799537 0.048368 0.176852
0 1534 0.663845 0.767593 0.047158 0.187037
0 1535 0.798670 0.618519 0.044740 0.151852
0 1536 0.842201 0.636574 0.045949 0.163889
0 1537 0.888755 0.848611 0.048368 0.187963
0 1538 0.926239 0.812037 0.043531 0.168519
0 1539 0.849456 0.740741 0.047158 0.153704
0 1541 0.988513 0.683796 0.021765 0.173148
0 1542 0.967352 0.628241 0.039903 0.137963
0 1543 0.908102 0.653241 0.044740 0.145370
0 1544 0.932890 0.644444 0.039903 0.151852
0 1545 0.956167 0.567130 0.041717 0.145370
0 1548 0.932890 0.437963 0.042322 0.164815
0 1549 0.411729 0.605556 0.047158 0.157407
0 1550 0.520556 0.477315 0.037485 0.134259
0 1551 0.546554 0.465741 0.037485 0.146296
0 1552 0.624547 0.417593 0.033857 0.148148
0 1553 0.724002 0.461574 0.041717 0.145370
0 1554 0.723096 0.516667 0.038694 0.159259
0 1555 0.594619 0.492130 0.041717 0.132407
0 1556 0.615175 0.502315 0.027207 0.121296
0 1557 0.607920 0.567130 0.039299 0.149074
0 1558 0.772975 0.514352 0.044135 0.160185
0 1559 0.824365 0.518519 0.036880 0.153704
0 1560 0.977025 0.543056 0.033857 0.139815
0 1561 0.036880 0.735648 0.048368 0.176852
0 1562 0.019347 0.618056 0.037485 0.150926
0 1563 0.003325 0.628704 0.005441 0.157407
0 1565 0.077086 0.662963 0.044135 0.181481
0 1567 0.398730 0.393519 0.034462 0.107407
0 1568 0.327993 0.504630 0.036880 0.148148
0 1569 0.337969 0.565278 0.036276 0.149074
0 1570 0.292322 0.539352 0.036880 0.160185
0 1571 0.308343 0.352778 0.031439 0.135185
0 1572 0.396614 0.345833 0.041112 0.145370
0 1573 0.510278 0.390741 0.035067 0.124074
0 1574 0.758464 0.485185 0.034462 0.146296
0 1575 0.060157 0.561111 0.039299 0.153704
0 1576 0.025393 0.547222 0.049577 0.162963
0 1577 0.027207 0.438426 0.042322 0.145370
0 1578 0.060157 0.457407 0.036880 0.109259
0 1581 0.222491 0.560185 0.037485 0.162963
0 1582 0.258767 0.566204 0.038694 0.143519
0 1583 0.155683 0.226389 0.029625 0.095370
0 1584 0.163845 0.220833 0.039903 0.126852
0 1586 0.012394 0.245833 0.023579 0.128704
0 1587 0.081016 0.328241 0.043531 0.150926
0 1589 0.148428 0.513426 0.040508 0.149074
0 1590 0.166868 0.421759 0.041112 0.152778
0 1591 0.185611 0.440278 0.039903 0.152778
0 1592 0.743954 0.382870 0.039299 0.150926
0 1593 0.720979 0.411111 0.039299 0.140741
0 1594 0.687424 0.393519 0.042322 0.146296
0 1595 0.660218 0.393981 0.039903 0.158333
0 1596 0.237304 0.285185 0.040508 0.148148
0 1597 0.272068 0.288889 0.036276 0.155556
0 1598 0.360943 0.314352 0.032648 0.137963
0 1599 0.558646 0.245833 0.044740 0.137963
0 1600 0.132709 0.238889 0.048972 0.137037
0 1601 0.667473 0.220833 0.037485 0.149074
0 1602 0.632406 0.232870 0.038694 0.137963
0 1603 0.651753 0.313889 0.044740 0.157407
0 1604 0.692866 0.235185 0.027811 0.090741
0 1605 0.563482 0.218056 0.030230 0.132407
0 1606 0.785973 0.292593 0.032648 0.129630
0 1607 0.564087 0.173611 0.035067 0.123148
0 1608 0.613966 0.179167 0.034462 0.134259
0 1609 0.749093 0.085185 0.032648 0.114815
0 1610 0.756046 0.123148 0.034462 0.129630
0 1611 0.953446 0.364352 0.042322 0.143519
0 1612 0.943470 0.267593 0.039299 0.129630
0 1613 0.874547 0.174074 0.038089 0.137037
0 1614 0.918077 0.337500 0.039299 0.143519
0 1615 0.713120 0.150000 0.032044 0.129630
0 1618 0.098549 0.173611 0.044740 0.143519
0 1619 0.337364 0.205556 0.043531 0.137037
0 1620 0.590689 0.057870 0.032648 0.112037
0 1621 0.605804 0.043056 0.032648 0.084259
0 1622 0.052600 0.183333 0.031439 0.127778
0 1623 0.071644 0.203241 0.034462 0.143519
0 1624 0.365780 0.076389 0.033857 0.132407
0 1625 0.181076 0.155093 0.034462 0.132407
0 1626 0.870617 0.135185 0.030230 0.120370
0 1627 0.938936 0.126852 0.035067 0.129630
0 1628 0.977932 0.160648 0.034462 0.137963
0 1629 0.910520 0.150926 0.030230 0.135185
0 1632 0.333736 0.087963 0.025393 0.120370
0 1633 0.322249 0.070833 0.027811 0.115741
0 1634 0.021161 0.856481 0.041112 0.190741
0 1642 0.288996 0.075463 0.032648 0.126852
0 1643 0.778718 0.143056 0.035067 0.139815
0 1644 0.020556 0.191204 0.035067 0.132407
0 1645 0.006046 0.206019 0.010883 0.104630
0 1646 0.133615 0.152778 0.037485 0.129630
0 1647 0.526300 0.050463 0.032044 0.099074
0 1648 0.764813 0.073148 0.030230 0.129630
0 1649 0.811064 0.274074 0.036880 0.142593
0 1650 0.588573 0.654167 0.051391 0.149074
0 1651 0.562878 0.627315 0.039903 0.156481
0 1652 0.613966 0.628704 0.036880 0.157407
0 1653 0.773277 0.715741 0.054414 0.148148
0 1654 0.271463 0.430556 0.037485 0.146296
0 1655 0.566203 0.411574 0.041717 0.137963
0 1656 0.560459 0.402778 0.042322 0.140741
0 1657 0.518742 0.456944 0.030230 0.137963
0 1658 0.416868 0.327315 0.032044 0.117593
0 1659 0.442563 0.353241 0.035067 0.137963
0 1660 0.480048 0.337500 0.030230 0.082407
0 1661 0.515417 0.360185 0.029625 0.124074
0 1662 0.448005 0.524537 0.038694 0.149074
0 1663 0.211306 0.159722 0.029625 0.112037
0 1664 0.308041 0.098148 0.029625 0.112963
0 1665 0.167775 0.239352 0.035671 0.137963
0 1666 0.210701 0.101852 0.034462 0.129630
0 1667 0.472491 0.398148 0.027207 0.090741
0 1668 0.484885 0.415741 0.026602 0.112963
0 1669 0.272975 0.117593 0.039299 0.157407
0 1670 0.783555 0.050463 0.029021 0.099074
0 1937 0.102479 0.307407 0.034462 0.135185
0 1942 0.003628 0.158333 0.006046 0.124074
