0 1408 0.436518 0.018981 0.035067 0.036111
0 1421 0.731862 0.052315 0.034462 0.102778
0 1422 0.970375 0.143056 0.035067 0.132407
0 1423 0.822249 0.118056 0.030230 0.093519
0 1424 0.970979 0.062963 0.030230 0.124074
0 1429 0.650544 0.035648 0.030230 0.069444
0 1430 0.629988 0.034722 0.035067 0.067593
0 1433 0.305623 0.028704 0.033253 0.055556
0 1443 0.216445 0.055093 0.029021 0.102778
0 1444 0.178356 0.042130 0.029021 0.082407
0 1445 0.157799 0.052778 0.030230 0.103704
0 1447 0.389359 0.020833 0.035067 0.039815
0 1450 0.313482 0.020833 0.027207 0.039815
0 1451 0.317715 0.030093 0.024788 0.058333
0 1452 0.608827 0.200000 0.027811 0.112963
0 1453 0.559250 0.043981 0.037485 0.086111
0 1454 0.533555 0.041667 0.032044 0.081481
0 1455 0.440447 0.161111 0.032044 0.129630
0 1469 0.386638 0.197685 0.034462 0.115741
0 1470 0.429867 0.203241 0.031439 0.126852
0 1476 0.689238 0.457870 0.041112 0.150926
0 1477 0.733676 0.409722 0.029625 0.110185
0 1478 0.694982 0.201852 0.034462 0.142593
0 1479 0.645405 0.225926 0.032044 0.124074
0 1480 0.902660 0.569907 0.038694 0.143519
0 1481 0.982467 0.225463 0.032648 0.134259
0 1482 0.959492 0.235185 0.036276 0.129630
0 1485 0.980048 0.281944 0.037485 0.137963
0 1486 0.659915 0.113426 0.032044 0.132407
0 1490 0.579807 0.488889 0.032648 0.124074
0 1493 0.973398 0.031944 0.032648 0.062037
0 1495 0.375453 0.029630 0.030230 0.057407
0 1499 0.018138 0.974537 0.035067 0.052778
0 1500 0.211004 0.982870 0.029021 0.036111
0 1501 0.275393 0.966204 0.044135 0.069444
0 1502 0.441657 0.948611 0.053809 0.104630
0 1503 0.920496 0.968519 0.044135 0.064815
0 1504 0.931681 0.931944 0.038694 0.136111
0 1506 0.967956 0.974537 0.039903 0.052778
0 1507 0.971282 0.935185 0.047763 0.125926
0 1508 0.845526 0.920370 0.051391 0.157407
0 1509 0.879988 0.927315 0.044135 0.147222
0 1510 0.323761 0.690741 0.044135 0.179630
0 1511 0.364571 0.705556 0.043531 0.168519
0 1512 0.402056 0.703241 0.044740 0.149074
0 1513 0.651149 0.759259 0.037485 0.148148
0 1514 0.682588 0.760185 0.041112 0.168519
0 1515 0.701935 0.806019 0.033857 0.123148
0 1516 0.865780 0.758796 0.064087 0.187963
0 1517 0.913845 0.781481 0.059855 0.150000
0 1518 0.983676 0.806019 0.031439 0.156481
0 1519 0.015115 0.667593 0.029021 0.168519
0 1520 0.036880 0.672222 0.035067 0.150000
0 1521 0.056530 0.635648 0.034462 0.143519
0 1522 0.121826 0.643056 0.041717 0.149074
0 1523 0.202539 0.629630 0.030230 0.140741
0 1524 0.254534 0.644907 0.033857 0.169444
0 1525 0.266626 0.610648 0.037485 0.137963
0 1526 0.310762 0.652315 0.047158 0.141667
0 1527 0.345224 0.636574 0.032648 0.149074
0 1528 0.736397 0.667130 0.041112 0.165741
0 1529 0.796554 0.622222 0.044135 0.140741
0 1530 0.840992 0.593981 0.045949 0.139815
0 1531 0.574667 0.600463 0.046554 0.165741
0 1532 0.612455 0.598611 0.037485 0.139815
0 1533 0.657195 0.606481 0.041112 0.162963
0 1534 0.685308 0.571296 0.041717 0.161111
0 1535 0.778416 0.482407 0.046554 0.137037
0 1536 0.828900 0.480556 0.045949 0.144444
0 1537 0.895405 0.687963 0.043531 0.168519
0 1538 0.924728 0.681944 0.044135 0.165741
0 1539 0.876058 0.610648 0.047158 0.143519
0 1540 0.982164 0.550000 0.034462 0.168519
0 1541 0.949214 0.576852 0.037485 0.162963
0 1542 0.964329 0.506019 0.039903 0.137963
0 1543 0.868803 0.531944 0.037485 0.137963
0 1544 0.909915 0.529630 0.037485 0.151852
0 1545 0.871221 0.477778 0.037485 0.146296
0 1546 0.906590 0.474537 0.039299 0.145370
0 1547 0.932588 0.472222 0.039299 0.148148
0 1548 0.957074 0.301389 0.041112 0.149074
0 1549 0.413241 0.552778 0.044135 0.148148
0 1550 0.543833 0.435185 0.036880 0.135185
0 1551 0.570435 0.427778 0.036880 0.146296
0 1552 0.636638 0.418981 0.033857 0.152778
0 1553 0.673216 0.378241 0.044135 0.126852
0 1554 0.687727 0.421296 0.039299 0.157407
0 1555 0.589782 0.498611 0.041717 0.132407
0 1556 0.611245 0.506944 0.027811 0.121296
0 1557 0.594921 0.564815 0.044740 0.142593
0 1558 0.723700 0.425463 0.038694 0.156481
0 1559 0.766929 0.430556 0.034462 0.148148
0 1560 0.890266 0.426389 0.033253 0.139815
0 1561 0.127872 0.545833 0.041717 0.171296
0 1564 0.033253 0.570370 0.039903 0.164815
0 1565 0.068924 0.575463 0.049577 0.171296
0 1567 0.351874 0.437500 0.037485 0.137963
0 1568 0.310459 0.495370 0.033253 0.148148
0 1569 0.302902 0.518519 0.033857 0.140741
0 1570 0.284462 0.558796 0.039299 0.154630
0 1571 0.311064 0.440741 0.041717 0.135185
0 1572 0.392987 0.356019 0.041112 0.145370
0 1573 0.503930 0.403704 0.035671 0.135185
0 1574 0.760580 0.389352 0.038694 0.134259
0 1575 0.082830 0.461111 0.035067 0.146296
0 1576 0.048065 0.441204 0.041717 0.154630
0 1577 0.090085 0.351389 0.035067 0.136111
0 1578 0.118803 0.365278 0.039299 0.102778
0 1581 0.161125 0.418981 0.040508 0.158333
0 1582 0.188634 0.429630 0.037485 0.137037
0 1584 0.009674 0.247685 0.018138 0.126852
0 1585 0.030834 0.164352 0.027811 0.099074
0 1586 0.059553 0.133333 0.032044 0.129630
0 1587 0.088573 0.237500 0.039299 0.143519
0 1589 0.171403 0.383333 0.039299 0.146296
0 1590 0.223096 0.303241 0.036276 0.143519
0 1591 0.252116 0.311111 0.037485 0.148148
0 1592 0.762696 0.321759 0.034462 0.145370
0 1593 0.732769 0.331944 0.042322 0.139815
0 1594 0.710399 0.304630 0.038694 0.137037
0 1595 0.672914 0.289352 0.038694 0.149074
0 1596 0.331620 0.181944 0.041717 0.134259
0 1597 0.371221 0.183796 0.037485 0.137963
0 1598 0.403567 0.201852 0.029625 0.124074
0 1599 0.479444 0.156019 0.043531 0.126852
0 1600 0.207981 0.150000 0.035067 0.125926
0 1601 0.616687 0.157407 0.037485 0.140741
0 1602 0.676844 0.174537 0.029625 0.134259
0 1603 0.625756 0.243056 0.042322 0.143519
0 1604 0.642080 0.173148 0.027811 0.090741
0 1605 0.646917 0.193519 0.032648 0.124074
0 1606 0.762696 0.200000 0.032044 0.122222
0 1607 0.540206 0.093981 0.034462 0.112037
0 1608 0.589480 0.094907 0.033857 0.128704
0 1609 0.646312 0.057407 0.032648 0.112963
0 1610 0.718561 0.081481 0.034462 0.129630
0 1611 0.935308 0.262963 0.039903 0.140741
0 1612 0.929262 0.177778 0.038694 0.129630
0 1613 0.795042 0.108796 0.036276 0.143519
0 1614 0.916868 0.246296 0.039299 0.140741
0 1615 0.673216 0.093519 0.032044 0.129630
0 1618 0.160822 0.094907 0.035067 0.143519
0 1619 0.391475 0.124074 0.048972 0.137037
0 1620 0.511487 0.030093 0.030230 0.058333
0 1621 0.486094 0.032870 0.032648 0.063889
0 1622 0.105804 0.104167 0.027811 0.123148
0 1623 0.123942 0.112500 0.035067 0.139815
0 1624 0.346735 0.094907 0.034462 0.132407
0 1625 0.227328 0.067593 0.039903 0.120370
0 1626 0.922612 0.075926 0.032648 0.120370
0 1627 0.953446 0.113889 0.035067 0.129630
0 1628 0.983071 0.123148 0.032648 0.137037
0 1629 0.951028 0.087963 0.030230 0.124074
0 1632 0.324365 0.079630 0.024788 0.120370
0 1633 0.330109 0.060185 0.027811 0.114815
0 1634 0.019952 0.864352 0.038694 0.189815
0 1642 0.293833 0.084722 0.032648 0.126852
0 1643 0.752721 0.074537 0.035067 0.132407
0 1644 0.067715 0.086111 0.033857 0.124074
0 1645 0.048670 0.100000 0.032044 0.101852
0 1646 0.122128 0.068981 0.037485 0.119444
0 1647 0.434099 0.039352 0.035067 0.076852
0 1648 0.660218 0.052778 0.030230 0.103704
0 1649 0.795042 0.172685 0.035067 0.132407
0 1650 0.595224 0.660648 0.051391 0.143519
0 1651 0.550786 0.629167 0.044740 0.171296
0 1652 0.617291 0.638889 0.037485 0.157407
0 1653 0.772068 0.724537 0.054414 0.149074
0 1654 0.267836 0.442593 0.037485 0.146296
0 1655 0.570435 0.398148 0.032044 0.131481
0 1656 0.561669 0.398148 0.042322 0.135185
0 1657 0.543531 0.418056 0.029021 0.130556
0 1658 0.410822 0.337500 0.032044 0.134259
0 1659 0.437727 0.356944 0.035067 0.137963
0 1660 0.476421 0.346759 0.030230 0.082407
0 1661 0.507860 0.376852 0.037485 0.146296
0 1662 0.445586 0.531019 0.038694 0.149074
0 1663 0.248186 0.085185 0.029625 0.098148
0 1664 0.308948 0.089815 0.030230 0.112963
0 1665 0.241536 0.148148 0.029625 0.137037
0 1666 0.200121 0.049537 0.030230 0.097222
0 1667 0.477630 0.411111 0.027811 0.090741
0 1668 0.482467 0.423611 0.026602 0.110185
0 1669 0.168984 0.131019 0.042926 0.152778
0 1670 0.781741 0.051852 0.029021 0.101852
0 1936 0.003628 0.389815 0.006046 0.111111
0 1937 0.127570 0.237037 0.032648 0.131481
0 1938 0.003628 0.876852 0.006046 0.168519
