0 1401 0.582830 0.030093 0.030230 0.058333
0 1408 0.544438 0.044444 0.034462 0.087037
0 1409 0.612455 0.026389 0.025393 0.050926
0 1410 0.931076 0.062963 0.032648 0.109259
0 1411 0.697703 0.054630 0.035067 0.107407
0 1421 0.779323 0.111574 0.033857 0.137963
0 1422 0.958283 0.169907 0.035067 0.132407
0 1423 0.892684 0.190741 0.029625 0.101852
0 1424 0.943773 0.107407 0.030230 0.135185
0 1425 0.712817 0.053704 0.032648 0.105556
0 1426 0.717956 0.040741 0.029625 0.079630
0 1429 0.668682 0.084259 0.031439 0.137037
0 1430 0.644498 0.069907 0.035067 0.130556
0 1431 0.819226 0.873611 0.039903 0.154630
0 1432 0.737304 0.930556 0.051391 0.137037
0 1433 0.395103 0.075000 0.032044 0.135185
0 1438 0.097340 0.029167 0.025393 0.056481
0 1443 0.200726 0.108333 0.029021 0.118519
0 1444 0.185308 0.096759 0.029625 0.128704
0 1445 0.156892 0.097685 0.039299 0.137963
0 1447 0.500000 0.056019 0.042322 0.110185
0 1448 0.786880 0.956019 0.046554 0.089815
0 1450 0.406288 0.061574 0.027811 0.112037
0 1451 0.426239 0.058333 0.032648 0.114815
0 1452 0.540206 0.213426 0.028416 0.110185
0 1453 0.570738 0.094444 0.037485 0.133333
0 1454 0.543531 0.100463 0.031439 0.126852
0 1455 0.510278 0.239352 0.038694 0.137963
0 1456 0.914148 0.089352 0.032648 0.121296
0 1467 0.012092 0.990278 0.022975 0.021296
0 1469 0.313482 0.287963 0.034462 0.118519
0 1470 0.393591 0.288889 0.036276 0.140741
0 1476 0.691657 0.506944 0.036276 0.152778
0 1477 0.739722 0.489352 0.029625 0.110185
0 1478 0.700423 0.260185 0.039299 0.142593
0 1479 0.667473 0.279630 0.032648 0.124074
0 1480 0.961608 0.680556 0.041717 0.151852
0 1482 0.962213 0.301852 0.036880 0.144444
0 1483 0.971886 0.227315 0.032044 0.125000
0 1485 0.976421 0.387963 0.041112 0.146296
0 1486 0.685611 0.147685 0.032648 0.132407
0 1490 0.565296 0.491667 0.031439 0.124074
0 1491 0.942563 0.022685 0.037485 0.043519
0 1493 0.976723 0.062500 0.036880 0.123148
0 1494 0.523579 0.031019 0.030230 0.060185
0 1495 0.485187 0.080556 0.029625 0.079630
0 1501 0.274184 0.958333 0.044135 0.085185
0 1502 0.445586 0.943519 0.054414 0.114815
0 1503 0.973398 0.927778 0.038694 0.146296
0 1506 0.980653 0.971296 0.036276 0.059259
0 1510 0.350967 0.762963 0.051391 0.175926
0 1511 0.414148 0.794444 0.050786 0.177778
0 1512 0.455260 0.798148 0.047158 0.162963
0 1513 0.577388 0.908333 0.039903 0.159259
0 1514 0.616989 0.913426 0.045345 0.175000
0 1515 0.654776 0.952778 0.045949 0.096296
0 1516 0.843410 0.912037 0.065296 0.174074
0 1517 0.892684 0.936574 0.059855 0.128704
0 1521 0.020254 0.712963 0.039299 0.155556
0 1522 0.152358 0.727778 0.043531 0.159259
0 1523 0.321040 0.679167 0.038694 0.139815
0 1524 0.376965 0.703704 0.045345 0.164815
0 1525 0.395103 0.676852 0.039299 0.142593
0 1526 0.438331 0.725000 0.043531 0.161111
0 1527 0.461911 0.693981 0.042322 0.149074
0 1528 0.706469 0.877315 0.047763 0.180556
0 1529 0.727328 0.705093 0.050786 0.147222
0 1530 0.824667 0.693981 0.044740 0.143519
0 1531 0.578597 0.593981 0.047158 0.165741
0 1532 0.616082 0.594907 0.036276 0.139815
0 1533 0.626965 0.759722 0.051995 0.165741
0 1534 0.662938 0.734722 0.046554 0.186111
0 1535 0.791415 0.597222 0.047158 0.150000
0 1536 0.838573 0.607407 0.045949 0.157407
0 1537 0.897823 0.819907 0.048368 0.187963
0 1538 0.933797 0.794444 0.044135 0.168519
0 1539 0.856106 0.726852 0.047158 0.153704
0 1541 0.987606 0.665278 0.022370 0.173148
0 1542 0.963724 0.609722 0.039903 0.137963
0 1543 0.899033 0.627315 0.044740 0.145370
0 1544 0.925635 0.623611 0.037485 0.150926
0 1545 0.943773 0.553241 0.041112 0.145370
0 1546 0.985187 0.559259 0.028416 0.146296
0 1548 0.934099 0.413889 0.042322 0.162963
0 1549 0.415961 0.590741 0.047158 0.153704
0 1550 0.518742 0.474074 0.037485 0.135185
0 1551 0.551088 0.457407 0.036880 0.146296
0 1552 0.628174 0.425000 0.033857 0.151852
0 1553 0.719468 0.451852 0.042322 0.144444
0 1554 0.717956 0.501389 0.039299 0.160185
0 1555 0.593410 0.493056 0.041717 0.132407
0 1556 0.614873 0.502315 0.027811 0.121296
0 1557 0.607920 0.566204 0.039299 0.149074
0 1558 0.766324 0.510185 0.044135 0.164815
0 1559 0.816505 0.501852 0.034462 0.153704
0 1560 0.969770 0.523611 0.035067 0.139815
0 1561 0.053809 0.722222 0.049577 0.194444
0 1562 0.012394 0.603704 0.023579 0.151852
0 1565 0.073156 0.640741 0.043531 0.172222
0 1567 0.385429 0.400000 0.034462 0.116667
0 1568 0.327388 0.497685 0.033253 0.149074
0 1569 0.336457 0.555093 0.035671 0.147222
0 1570 0.286880 0.539352 0.036880 0.160185
0 1571 0.308041 0.369444 0.032044 0.135185
0 1572 0.396010 0.345833 0.041112 0.145370
0 1573 0.507557 0.395833 0.036880 0.130556
0 1574 0.761487 0.469907 0.034462 0.145370
0 1575 0.060762 0.543981 0.039299 0.150926
0 1576 0.028416 0.530556 0.049577 0.159259
0 1577 0.039601 0.422685 0.040508 0.139815
0 1578 0.070435 0.443519 0.036880 0.107407
0 1581 0.206771 0.537037 0.037485 0.162963
0 1582 0.241233 0.543056 0.038694 0.141667
0 1583 0.124244 0.222685 0.029625 0.095370
0 1584 0.139057 0.219907 0.039903 0.126852
0 1586 0.018742 0.231019 0.036276 0.128704
0 1587 0.077690 0.316667 0.041717 0.151852
0 1589 0.144196 0.492593 0.039299 0.148148
0 1590 0.168984 0.402315 0.039299 0.154630
0 1591 0.186518 0.420833 0.039299 0.154630
0 1592 0.747582 0.369907 0.039299 0.150926
0 1593 0.724909 0.397222 0.039903 0.140741
0 1594 0.691052 0.372685 0.041112 0.137963
0 1595 0.654776 0.371296 0.041112 0.153704
0 1596 0.252721 0.268519 0.041112 0.146296
0 1597 0.288392 0.274074 0.036276 0.150000
0 1598 0.364571 0.293056 0.031439 0.128704
0 1599 0.543833 0.233333 0.044135 0.135185
0 1600 0.151451 0.236574 0.030834 0.137963
0 1601 0.659613 0.209722 0.037485 0.145370
0 1602 0.636336 0.227315 0.035671 0.134259
0 1603 0.647521 0.301852 0.044740 0.157407
0 1604 0.685006 0.227778 0.027811 0.090741
0 1605 0.577690 0.212037 0.029625 0.131481
0 1606 0.775695 0.274074 0.032648 0.125926
0 1607 0.553809 0.161574 0.035067 0.123148
0 1608 0.613664 0.164352 0.035067 0.134259
0 1609 0.735187 0.079167 0.032648 0.115741
0 1610 0.751814 0.116667 0.034462 0.129630
0 1611 0.951632 0.347222 0.042322 0.142593
0 1612 0.938634 0.252778 0.039299 0.129630
0 1613 0.861850 0.162963 0.039299 0.137037
0 1614 0.914450 0.319444 0.039299 0.140741
0 1615 0.707376 0.139815 0.032648 0.129630
0 1618 0.103688 0.159722 0.044135 0.143519
0 1619 0.349154 0.193519 0.044135 0.137037
0 1620 0.577388 0.052315 0.032648 0.102778
0 1621 0.587666 0.041204 0.032648 0.080556
0 1622 0.061064 0.166667 0.031439 0.124074
0 1623 0.078295 0.195833 0.034462 0.143519
0 1624 0.365780 0.077315 0.033857 0.132407
0 1625 0.181076 0.139352 0.034462 0.132407
0 1626 0.876965 0.128704 0.029625 0.120370
0 1627 0.943168 0.120370 0.035067 0.129630
0 1628 0.982769 0.153241 0.030834 0.137963
0 1629 0.913241 0.141204 0.029625 0.132407
0 1632 0.333736 0.086111 0.025393 0.120370
0 1633 0.323458 0.068981 0.027811 0.115741
0 1634 0.021161 0.856481 0.041112 0.190741
0 1642 0.288996 0.075463 0.032648 0.126852
0 1643 0.776602 0.135185 0.034462 0.135185
0 1644 0.027207 0.175463 0.035067 0.132407
0 1645 0.010883 0.188426 0.020556 0.104630
0 1646 0.129988 0.137963 0.037485 0.129630
0 1647 0.514813 0.048148 0.032044 0.094444
0 1648 0.750907 0.068981 0.030230 0.128704
0 1649 0.803507 0.257870 0.037485 0.141667
0 1650 0.587364 0.655093 0.051391 0.149074
0 1651 0.562878 0.627778 0.039903 0.155556
0 1652 0.614268 0.629630 0.037485 0.157407
0 1653 0.770859 0.717130 0.054414 0.149074
0 1654 0.271463 0.432407 0.037485 0.146296
0 1655 0.566505 0.407870 0.039903 0.137963
0 1656 0.557437 0.404630 0.042322 0.140741
0 1657 0.518138 0.448611 0.030230 0.137963
0 1658 0.415961 0.333333 0.032648 0.133333
0 1659 0.441959 0.354167 0.035067 0.137963
0 1660 0.479444 0.338426 0.030230 0.082407
0 1661 0.514208 0.360185 0.032044 0.124074
0 1662 0.447400 0.525463 0.038694 0.149074
0 1663 0.211306 0.143056 0.029625 0.112037
0 1664 0.309553 0.093519 0.030230 0.112963
0 1665 0.186820 0.225000 0.031439 0.137037
0 1666 0.210097 0.091667 0.034462 0.129630
0 1667 0.471282 0.398148 0.027207 0.090741
0 1668 0.484281 0.415741 0.026602 0.112963
0 1669 0.264208 0.113889 0.039903 0.157407
0 1670 0.782950 0.050463 0.029021 0.099074
0 1937 0.103386 0.295833 0.035067 0.134259
0 1942 0.003023 0.160185 0.004837 0.124074
