0 1401 0.609734 0.037500 0.029625 0.073148
0 1403 0.586457 0.030093 0.035067 0.058333
0 1408 0.575877 0.051852 0.034462 0.101852
0 1409 0.625151 0.034259 0.030230 0.066667
0 1410 0.911427 0.077315 0.032044 0.112037
0 1411 0.712817 0.064352 0.035067 0.119444
0 1420 0.936215 0.061111 0.032044 0.120370
0 1421 0.787485 0.130556 0.036880 0.137037
0 1422 0.951028 0.181019 0.035067 0.132407
0 1423 0.916566 0.213889 0.030230 0.101852
0 1424 0.934704 0.123148 0.030230 0.135185
0 1425 0.724305 0.060648 0.032648 0.117593
0 1426 0.733374 0.057407 0.030230 0.112963
0 1429 0.673821 0.109259 0.032044 0.140741
0 1430 0.649940 0.087037 0.035067 0.140741
0 1431 0.858525 0.815278 0.037485 0.154630
0 1432 0.780532 0.876389 0.051995 0.154630
0 1433 0.414148 0.098148 0.031439 0.140741
0 1438 0.090085 0.042593 0.027811 0.083333
0 1441 0.489722 0.042130 0.035067 0.082407
0 1442 0.475514 0.037963 0.024788 0.074074
0 1443 0.203748 0.136111 0.030230 0.124074
0 1444 0.184401 0.117130 0.029021 0.128704
0 1445 0.153265 0.115741 0.039299 0.140741
0 1446 0.959190 0.068056 0.024788 0.112037
0 1447 0.529625 0.065278 0.044740 0.123148
0 1448 0.797158 0.915741 0.046554 0.155556
0 1450 0.430169 0.085648 0.027207 0.123148
0 1451 0.451935 0.075463 0.027207 0.121296
0 1452 0.522975 0.213426 0.025393 0.110185
0 1453 0.578900 0.117130 0.036880 0.134259
0 1454 0.551391 0.123148 0.031439 0.129630
0 1455 0.532648 0.259722 0.038694 0.137963
0 1456 0.905381 0.104167 0.032044 0.121296
0 1465 0.038392 0.994907 0.022370 0.012037
0 1467 0.068924 0.986111 0.030230 0.029630
0 1469 0.286578 0.315278 0.035067 0.121296
0 1470 0.381802 0.314352 0.033253 0.139815
0 1476 0.698912 0.539352 0.036276 0.158333
0 1477 0.739117 0.510185 0.029625 0.109259
0 1478 0.707678 0.280556 0.039299 0.142593
0 1479 0.673519 0.308796 0.032648 0.130556
0 1480 0.967654 0.718519 0.041717 0.151852
0 1482 0.972189 0.333796 0.037485 0.145370
0 1483 0.978537 0.255556 0.032044 0.131481
0 1485 0.974607 0.428704 0.043531 0.150000
0 1486 0.690750 0.155093 0.032044 0.132407
0 1490 0.572854 0.493056 0.032044 0.132407
0 1491 0.941959 0.039352 0.037485 0.076852
0 1493 0.977025 0.064352 0.037485 0.126852
0 1494 0.552902 0.042130 0.029625 0.082407
0 1495 0.513301 0.090741 0.030230 0.079630
0 1501 0.274788 0.957870 0.044135 0.086111
0 1502 0.445586 0.942593 0.048368 0.116667
0 1503 0.979746 0.932407 0.036880 0.137037
0 1506 0.983676 0.971296 0.030230 0.059259
0 1510 0.384220 0.764815 0.050181 0.175926
0 1511 0.434099 0.832870 0.053204 0.175000
0 1512 0.478235 0.834259 0.051995 0.162963
0 1513 0.547158 0.936111 0.033857 0.129630
0 1514 0.579202 0.933796 0.038694 0.134259
0 1515 0.611245 0.972222 0.038694 0.057407
0 1516 0.825877 0.936111 0.064087 0.125926
0 1517 0.872430 0.957870 0.053204 0.086111
0 1521 0.015719 0.726852 0.030230 0.162963
0 1522 0.180774 0.771296 0.045949 0.164815
0 1523 0.360339 0.703241 0.042322 0.132407
0 1524 0.416566 0.712963 0.049577 0.164815
0 1525 0.430472 0.684722 0.045949 0.143519
0 1526 0.474607 0.733796 0.048368 0.156481
0 1527 0.501814 0.708796 0.041112 0.143519
0 1528 0.697703 0.930556 0.050786 0.140741
0 1529 0.718863 0.743519 0.050786 0.153704
0 1530 0.807134 0.736111 0.050786 0.148148
0 1531 0.577086 0.583796 0.046554 0.149074
0 1532 0.619105 0.596759 0.037485 0.147222
0 1533 0.635732 0.821759 0.042926 0.167593
0 1534 0.664450 0.782870 0.045949 0.176852
0 1535 0.800181 0.636111 0.044135 0.151852
0 1536 0.844015 0.653241 0.047158 0.165741
0 1537 0.882104 0.869907 0.048368 0.187963
0 1538 0.922914 0.832870 0.045345 0.171296
0 1539 0.840387 0.754630 0.047158 0.153704
0 1541 0.989117 0.705093 0.020556 0.167593
0 1542 0.974002 0.640278 0.039903 0.137963
0 1543 0.914450 0.671759 0.044135 0.145370
0 1544 0.938331 0.658796 0.039903 0.154630
0 1545 0.965840 0.579167 0.041717 0.145370
0 1548 0.931681 0.456944 0.042322 0.165741
0 1549 0.408102 0.612963 0.047158 0.157407
0 1550 0.520556 0.481944 0.037485 0.134259
0 1551 0.539903 0.468519 0.037485 0.146296
0 1552 0.620919 0.411574 0.033857 0.145370
0 1553 0.726421 0.468056 0.041717 0.145370
0 1554 0.728839 0.539352 0.039299 0.167593
0 1555 0.594619 0.492130 0.041717 0.132407
0 1556 0.615478 0.501389 0.027811 0.121296
0 1557 0.607920 0.567130 0.039299 0.149074
0 1558 0.780230 0.523148 0.045345 0.159259
0 1559 0.825272 0.535185 0.037485 0.153704
0 1560 0.982769 0.551389 0.029625 0.139815
0 1561 0.018138 0.743981 0.035067 0.175000
0 1562 0.031439 0.627315 0.038694 0.150926
0 1563 0.009069 0.639815 0.016929 0.157407
0 1565 0.083736 0.678241 0.047763 0.182407
0 1567 0.408404 0.393056 0.034462 0.104630
0 1568 0.329504 0.510185 0.036276 0.148148
0 1569 0.333736 0.567130 0.036276 0.149074
0 1570 0.293833 0.538426 0.037485 0.160185
0 1571 0.308948 0.340741 0.031439 0.135185
0 1572 0.397219 0.344907 0.041112 0.145370
0 1573 0.511487 0.390278 0.032648 0.123148
0 1574 0.758162 0.496296 0.033857 0.148148
0 1575 0.060157 0.571296 0.039299 0.153704
0 1576 0.024184 0.559259 0.047158 0.164815
0 1577 0.019952 0.448611 0.038694 0.149074
0 1578 0.050484 0.462963 0.036880 0.109259
0 1581 0.234583 0.577778 0.037485 0.162963
0 1582 0.272068 0.584259 0.039903 0.146296
0 1583 0.174426 0.224537 0.029625 0.095370
0 1584 0.181983 0.223611 0.039903 0.126852
0 1586 0.007860 0.256944 0.014510 0.128704
0 1587 0.082527 0.339352 0.044135 0.150926
0 1589 0.151451 0.528704 0.041717 0.150000
0 1590 0.164450 0.435185 0.041112 0.148148
0 1591 0.188331 0.454167 0.040508 0.150926
0 1592 0.740629 0.390278 0.039903 0.150926
0 1593 0.717352 0.422222 0.039299 0.140741
0 1594 0.685611 0.404630 0.042322 0.146296
0 1595 0.661427 0.410185 0.036276 0.162963
0 1596 0.227630 0.296759 0.039299 0.149074
0 1597 0.262092 0.302778 0.036880 0.161111
0 1598 0.356409 0.321296 0.032044 0.135185
0 1599 0.568319 0.256019 0.044740 0.137963
0 1600 0.121221 0.243981 0.036880 0.137963
0 1601 0.672914 0.228704 0.037485 0.151852
0 1602 0.629988 0.237963 0.041112 0.140741
0 1603 0.652358 0.325000 0.044740 0.157407
0 1604 0.698307 0.237037 0.027811 0.090741
0 1605 0.553204 0.222685 0.030230 0.132407
0 1606 0.793833 0.305556 0.033857 0.133333
0 1607 0.571342 0.181944 0.035067 0.123148
0 1608 0.614268 0.190278 0.033857 0.134259
0 1609 0.759371 0.088889 0.032648 0.114815
0 1610 0.758767 0.127778 0.033857 0.129630
0 1611 0.953446 0.372685 0.042322 0.143519
0 1612 0.945284 0.277778 0.039299 0.129630
0 1613 0.883615 0.182407 0.036880 0.137037
0 1614 0.921100 0.352778 0.039299 0.148148
0 1615 0.717352 0.157407 0.032044 0.129630
0 1618 0.095526 0.182870 0.044740 0.143519
0 1619 0.327690 0.218056 0.042322 0.141667
0 1620 0.600363 0.062500 0.032648 0.115741
0 1621 0.620314 0.048148 0.032648 0.094444
0 1622 0.045949 0.194907 0.031439 0.130556
0 1623 0.066505 0.209722 0.035067 0.143519
0 1624 0.365780 0.075463 0.033857 0.132407
0 1625 0.179867 0.166204 0.034462 0.134259
0 1626 0.867594 0.139815 0.030230 0.120370
0 1627 0.935308 0.131944 0.035067 0.128704
0 1628 0.974607 0.165278 0.037485 0.137963
0 1629 0.909915 0.158333 0.030230 0.135185
0 1632 0.333736 0.089815 0.025393 0.120370
0 1633 0.322249 0.073611 0.027811 0.115741
0 1634 0.021463 0.855556 0.041717 0.190741
0 1642 0.290206 0.075463 0.032648 0.126852
0 1643 0.779927 0.148611 0.035067 0.143519
0 1644 0.016929 0.204167 0.032648 0.132407
0 1645 0.002721 0.218981 0.004232 0.104630
0 1646 0.133918 0.162037 0.036880 0.129630
0 1647 0.542019 0.054630 0.032044 0.107407
0 1648 0.775091 0.076852 0.030230 0.129630
0 1649 0.819528 0.284259 0.036880 0.142593
0 1650 0.589782 0.653241 0.051391 0.149074
0 1651 0.562878 0.626852 0.039903 0.157407
0 1652 0.613966 0.627778 0.036880 0.157407
0 1653 0.776904 0.714815 0.054414 0.148148
0 1654 0.273277 0.429630 0.037485 0.146296
0 1655 0.559855 0.412037 0.043531 0.137037
0 1656 0.559250 0.402778 0.042322 0.140741
0 1657 0.521161 0.461574 0.030230 0.137963
0 1658 0.416868 0.327315 0.032044 0.119444
0 1659 0.443168 0.352315 0.035067 0.137963
0 1660 0.478839 0.338426 0.030230 0.082407
0 1661 0.515417 0.360185 0.029625 0.124074
0 1662 0.448609 0.524537 0.038694 0.149074
0 1663 0.209190 0.171759 0.030230 0.112037
0 1664 0.309250 0.100926 0.029625 0.112963
0 1665 0.153567 0.249537 0.037485 0.137963
0 1666 0.211306 0.109259 0.034462 0.129630
0 1667 0.473700 0.398148 0.027207 0.090741
0 1668 0.485490 0.415278 0.026602 0.112037
0 1669 0.280230 0.128704 0.039299 0.157407
0 1670 0.783555 0.050000 0.029021 0.098148
0 1937 0.101572 0.316667 0.033857 0.135185
0 1942 0.004232 0.158333 0.007255 0.124074
