0 1408 0.423216 0.015278 0.035067 0.028704
0 1421 0.727328 0.047222 0.035067 0.092593
0 1422 0.967352 0.146759 0.035067 0.132407
0 1423 0.808948 0.114352 0.030230 0.093519
0 1424 0.974002 0.057407 0.030230 0.112963
0 1429 0.642080 0.029630 0.027811 0.057407
0 1430 0.631197 0.029630 0.035067 0.057407
0 1433 0.291112 0.026389 0.033253 0.050926
0 1443 0.217050 0.049074 0.029021 0.094444
0 1444 0.178960 0.026389 0.029021 0.050926
0 1445 0.156590 0.048611 0.030230 0.095370
0 1447 0.378779 0.016667 0.030834 0.031481
0 1451 0.301995 0.025463 0.024788 0.049074
0 1452 0.616082 0.195370 0.027811 0.112963
0 1453 0.559250 0.040278 0.037485 0.078704
0 1454 0.531439 0.037500 0.032648 0.073148
0 1455 0.434401 0.158333 0.032044 0.129630
0 1469 0.392987 0.191204 0.035067 0.115741
0 1470 0.435611 0.199537 0.032044 0.126852
0 1476 0.698307 0.451852 0.030230 0.151852
0 1477 0.725514 0.401389 0.030230 0.110185
0 1478 0.695586 0.195370 0.034462 0.142593
0 1479 0.645405 0.222222 0.032044 0.124074
0 1480 0.901451 0.557870 0.039903 0.143519
0 1481 0.983374 0.215278 0.032044 0.134259
0 1482 0.961911 0.226852 0.036276 0.129630
0 1485 0.976421 0.269444 0.037485 0.131481
0 1486 0.660218 0.105093 0.032648 0.132407
0 1490 0.582830 0.488889 0.032648 0.124074
0 1493 0.973398 0.026852 0.032648 0.051852
0 1495 0.361245 0.023611 0.029625 0.045370
0 1500 0.209492 0.969444 0.036880 0.061111
0 1501 0.276602 0.967130 0.044135 0.067593
0 1502 0.440145 0.950000 0.054414 0.101852
0 1503 0.909008 0.974537 0.041717 0.050926
0 1504 0.925030 0.937037 0.039903 0.127778
0 1506 0.957678 0.975463 0.039903 0.050926
0 1507 0.962515 0.939352 0.050786 0.121296
0 1508 0.836457 0.900000 0.052600 0.170370
0 1509 0.871826 0.908796 0.044740 0.165741
0 1510 0.316505 0.681019 0.044135 0.176852
0 1511 0.355502 0.692593 0.044740 0.168519
0 1512 0.394196 0.692593 0.043531 0.151852
0 1513 0.657799 0.734722 0.036276 0.145370
0 1514 0.687424 0.737963 0.042322 0.166667
0 1515 0.699516 0.780093 0.033857 0.117593
0 1516 0.864873 0.740278 0.063482 0.187963
0 1517 0.909915 0.760648 0.055623 0.149074
0 1518 0.973700 0.785648 0.041717 0.162037
0 1519 0.017836 0.653704 0.034462 0.168519
0 1520 0.041112 0.662037 0.035067 0.153704
0 1521 0.067412 0.626389 0.034462 0.143519
0 1522 0.124244 0.625000 0.041717 0.151852
0 1523 0.183797 0.632407 0.037485 0.153704
0 1524 0.238815 0.640741 0.043531 0.164815
0 1525 0.250302 0.608796 0.035067 0.150926
0 1526 0.294438 0.642130 0.045949 0.134259
0 1527 0.330109 0.626389 0.032648 0.149074
0 1528 0.741838 0.644444 0.043531 0.164815
0 1529 0.803204 0.610185 0.044135 0.140741
0 1530 0.835852 0.579167 0.042926 0.139815
0 1531 0.575272 0.602315 0.046554 0.165741
0 1532 0.610641 0.600926 0.037485 0.140741
0 1533 0.657195 0.583333 0.041112 0.159259
0 1534 0.682890 0.561111 0.041717 0.168519
0 1535 0.777509 0.468519 0.045949 0.138889
0 1536 0.825272 0.469907 0.045949 0.149074
0 1537 0.892382 0.675926 0.043531 0.168519
0 1538 0.923821 0.668056 0.043531 0.165741
0 1539 0.876058 0.596759 0.047158 0.143519
0 1540 0.979141 0.534259 0.039299 0.166667
0 1541 0.939843 0.562037 0.036880 0.162963
0 1542 0.969166 0.485648 0.039903 0.137963
0 1543 0.872430 0.518056 0.037485 0.136111
0 1544 0.912938 0.510185 0.037485 0.151852
0 1545 0.862455 0.469444 0.036880 0.146296
0 1546 0.892080 0.463426 0.039299 0.145370
0 1547 0.919287 0.459259 0.039299 0.148148
0 1548 0.957074 0.287037 0.041112 0.144444
0 1549 0.414148 0.553704 0.042322 0.148148
0 1550 0.544740 0.435185 0.037485 0.135185
0 1551 0.572854 0.423148 0.036880 0.146296
0 1552 0.633615 0.412037 0.033857 0.150000
0 1553 0.666868 0.374537 0.042322 0.136111
0 1554 0.687727 0.410185 0.039299 0.157407
0 1555 0.589782 0.499537 0.041717 0.132407
0 1556 0.610641 0.507870 0.027811 0.121296
0 1557 0.593108 0.567130 0.044740 0.143519
0 1558 0.718863 0.422685 0.038694 0.156481
0 1559 0.762394 0.421759 0.037485 0.147222
0 1560 0.879988 0.415278 0.032044 0.139815
0 1561 0.136336 0.522222 0.041717 0.166667
0 1564 0.045949 0.557870 0.039903 0.165741
0 1565 0.081016 0.567130 0.049577 0.171296
0 1567 0.348851 0.442130 0.037485 0.137963
0 1568 0.306530 0.499074 0.030230 0.148148
0 1569 0.296856 0.523148 0.033857 0.140741
0 1570 0.292322 0.560648 0.039299 0.154630
0 1571 0.311064 0.445370 0.044135 0.135185
0 1572 0.391778 0.359722 0.041112 0.145370
0 1573 0.503628 0.405093 0.035067 0.134259
0 1574 0.753023 0.376852 0.038089 0.135185
0 1575 0.086457 0.450926 0.035067 0.146296
0 1576 0.051995 0.429630 0.042322 0.151852
0 1577 0.084643 0.346296 0.035067 0.135185
0 1578 0.119105 0.350926 0.041112 0.098148
0 1581 0.165961 0.401389 0.038089 0.152778
0 1582 0.190447 0.413426 0.037485 0.137963
0 1585 0.034462 0.155093 0.027811 0.099074
0 1586 0.061669 0.125000 0.031439 0.127778
0 1587 0.092201 0.223611 0.039299 0.137963
0 1589 0.179262 0.368056 0.039299 0.143519
0 1590 0.230955 0.288426 0.037485 0.143519
0 1591 0.262394 0.297222 0.037485 0.148148
0 1592 0.762999 0.315741 0.035067 0.146296
0 1593 0.731258 0.325463 0.039299 0.139815
0 1594 0.711608 0.293519 0.038694 0.137037
0 1595 0.674728 0.281019 0.038694 0.149074
0 1596 0.337062 0.168519 0.041717 0.135185
0 1597 0.376663 0.175463 0.037485 0.137963
0 1598 0.408102 0.192593 0.030230 0.124074
0 1599 0.470979 0.146759 0.043531 0.126852
0 1600 0.211004 0.134259 0.035067 0.125926
0 1601 0.608827 0.152778 0.037485 0.140741
0 1602 0.680774 0.165278 0.030230 0.134259
0 1603 0.620919 0.236574 0.042322 0.143519
0 1604 0.633313 0.168519 0.027207 0.090741
0 1605 0.650242 0.187963 0.032044 0.124074
0 1606 0.764510 0.193056 0.032044 0.121296
0 1607 0.537485 0.082870 0.033857 0.115741
0 1608 0.585852 0.081944 0.033857 0.128704
0 1609 0.633011 0.056944 0.030230 0.112037
0 1610 0.714329 0.073148 0.034462 0.129630
0 1611 0.931681 0.249074 0.039903 0.140741
0 1612 0.929867 0.171296 0.039903 0.129630
0 1613 0.784764 0.103241 0.036276 0.143519
0 1614 0.913241 0.237037 0.039299 0.140741
0 1615 0.671705 0.091667 0.032648 0.129630
0 1618 0.171100 0.083796 0.035067 0.143519
0 1619 0.399940 0.114815 0.039299 0.137037
0 1620 0.503628 0.026389 0.030230 0.050926
0 1621 0.478537 0.029167 0.032044 0.056481
0 1622 0.107316 0.092130 0.027207 0.121296
0 1623 0.129988 0.100463 0.035067 0.137963
0 1624 0.342805 0.097685 0.035067 0.132407
0 1625 0.238815 0.059259 0.036276 0.112963
0 1626 0.927449 0.070370 0.032648 0.120370
0 1627 0.944377 0.119444 0.035067 0.129630
0 1628 0.978537 0.125926 0.029625 0.137037
0 1629 0.955260 0.079630 0.030230 0.124074
0 1632 0.321644 0.080093 0.025393 0.121296
0 1633 0.330109 0.058333 0.027811 0.114815
0 1634 0.019952 0.864815 0.038694 0.188889
0 1642 0.292624 0.084722 0.032648 0.126852
0 1643 0.745466 0.068056 0.035067 0.132407
0 1644 0.071342 0.079630 0.033857 0.124074
0 1645 0.051693 0.088889 0.032044 0.101852
0 1646 0.120314 0.059722 0.037485 0.112037
0 1647 0.422914 0.035648 0.032044 0.069444
0 1648 0.649335 0.051852 0.030230 0.101852
0 1649 0.792019 0.159722 0.035067 0.132407
0 1650 0.593712 0.661574 0.050786 0.143519
0 1651 0.552902 0.631481 0.044135 0.168519
0 1652 0.617896 0.640741 0.037485 0.157407
0 1653 0.772672 0.725463 0.054414 0.149074
0 1654 0.267836 0.444444 0.037485 0.146296
0 1655 0.573156 0.392593 0.031439 0.129630
0 1656 0.564389 0.392593 0.041717 0.135185
0 1657 0.543833 0.417593 0.029625 0.129630
0 1658 0.410520 0.338426 0.031439 0.132407
0 1659 0.437727 0.356944 0.035067 0.137963
0 1660 0.475816 0.346759 0.030230 0.082407
0 1661 0.507557 0.377778 0.036880 0.146296
0 1662 0.445586 0.531944 0.038694 0.149074
0 1663 0.258464 0.080556 0.029625 0.098148
0 1664 0.308041 0.089815 0.029625 0.112963
0 1665 0.245466 0.138889 0.030230 0.137037
0 1666 0.195889 0.045833 0.030230 0.089815
0 1667 0.478839 0.412963 0.027811 0.090741
0 1668 0.481258 0.424537 0.026602 0.110185
0 1669 0.149637 0.143519 0.041717 0.153704
0 1670 0.781741 0.052315 0.029021 0.102778
0 1936 0.005744 0.381944 0.010278 0.110185
0 1937 0.131802 0.230556 0.032648 0.131481
0 1938 0.002418 0.880556 0.003628 0.164815
