0 1408 0.404474 0.012037 0.035067 0.022222
0 1421 0.718259 0.038889 0.035067 0.075926
0 1422 0.961306 0.156944 0.035067 0.132407
0 1423 0.785369 0.108796 0.030230 0.093519
0 1424 0.981258 0.042593 0.030230 0.083333
0 1429 0.639661 0.021759 0.027811 0.041667
0 1430 0.632406 0.025926 0.032648 0.050000
0 1433 0.276602 0.022222 0.033253 0.042593
0 1443 0.216143 0.043056 0.029625 0.084259
0 1444 0.171705 0.026389 0.029021 0.050926
0 1445 0.151149 0.045370 0.030230 0.088889
0 1447 0.364268 0.013889 0.022370 0.025926
0 1451 0.275393 0.017593 0.024788 0.033333
0 1452 0.626360 0.191667 0.027811 0.112963
0 1453 0.558948 0.037963 0.034462 0.074074
0 1454 0.528416 0.034722 0.032648 0.067593
0 1455 0.424426 0.155556 0.032648 0.129630
0 1469 0.402660 0.181944 0.035067 0.115741
0 1470 0.446796 0.193981 0.032648 0.126852
0 1471 0.985490 0.823611 0.027811 0.178704
0 1472 0.993349 0.740741 0.013301 0.146296
0 1475 0.979141 0.593056 0.034462 0.152778
0 1476 0.698005 0.441667 0.029625 0.146296
0 1477 0.716445 0.383796 0.030230 0.110185
0 1478 0.695586 0.188889 0.034462 0.142593
0 1479 0.650242 0.223148 0.032044 0.124074
0 1480 0.897219 0.545370 0.036276 0.142593
0 1481 0.984583 0.205556 0.029625 0.131481
0 1482 0.961004 0.215741 0.036880 0.129630
0 1485 0.979141 0.265278 0.035671 0.134259
0 1486 0.659613 0.104167 0.032648 0.132407
0 1490 0.584643 0.500000 0.032648 0.124074
0 1493 0.970677 0.014352 0.032044 0.026852
0 1495 0.334039 0.018056 0.029625 0.034259
0 1500 0.204958 0.949074 0.060459 0.101852
0 1501 0.275091 0.963889 0.044740 0.072222
0 1502 0.440447 0.955093 0.056227 0.091667
0 1503 0.883615 0.984722 0.041717 0.030556
0 1504 0.912636 0.950926 0.042926 0.100000
0 1505 0.975514 0.966204 0.035671 0.067593
0 1506 0.948307 0.986111 0.041717 0.029630
0 1507 0.950121 0.950926 0.051391 0.100000
0 1508 0.818622 0.867593 0.053204 0.174074
0 1509 0.854897 0.877778 0.043531 0.174074
0 1510 0.309855 0.668981 0.044135 0.178704
0 1511 0.345224 0.689815 0.049577 0.174074
0 1512 0.383313 0.685185 0.047158 0.159259
0 1513 0.665659 0.715741 0.033857 0.148148
0 1514 0.693168 0.709722 0.035671 0.154630
0 1515 0.696191 0.756481 0.029625 0.118519
0 1516 0.864268 0.713426 0.061064 0.175000
0 1517 0.903265 0.735648 0.051995 0.156481
0 1518 0.959190 0.757407 0.048972 0.162963
0 1519 0.022370 0.637037 0.043531 0.170370
0 1520 0.045949 0.648148 0.045949 0.161111
0 1521 0.075877 0.612963 0.042926 0.159259
0 1522 0.129988 0.608333 0.037485 0.153704
0 1523 0.161729 0.625463 0.034462 0.136111
0 1524 0.205865 0.643056 0.039299 0.165741
0 1525 0.228537 0.607407 0.038694 0.161111
0 1526 0.269952 0.640741 0.051391 0.148148
0 1527 0.299879 0.625926 0.039903 0.164815
0 1528 0.750907 0.611574 0.044740 0.167593
0 1529 0.800786 0.600463 0.048972 0.154630
0 1530 0.836457 0.565741 0.041717 0.142593
0 1531 0.570435 0.606019 0.052600 0.147222
0 1532 0.610641 0.610648 0.038694 0.149074
0 1533 0.650242 0.555093 0.039299 0.160185
0 1534 0.678960 0.537963 0.039903 0.172222
0 1535 0.776904 0.456944 0.047158 0.145370
0 1536 0.819226 0.448611 0.045949 0.143519
0 1537 0.890568 0.651389 0.042322 0.154630
0 1538 0.914148 0.650000 0.041112 0.157407
0 1539 0.868803 0.586111 0.048368 0.151852
0 1540 0.965840 0.521296 0.045345 0.157407
0 1541 0.934099 0.539815 0.038694 0.142593
0 1542 0.967050 0.468056 0.041717 0.143519
0 1543 0.880895 0.505093 0.037485 0.136111
0 1544 0.911125 0.488426 0.039903 0.137963
0 1545 0.842201 0.463426 0.039903 0.149074
0 1546 0.877872 0.457407 0.041112 0.148148
0 1547 0.903265 0.441667 0.037485 0.140741
0 1548 0.961306 0.281944 0.042322 0.147222
0 1549 0.414450 0.565278 0.041717 0.150926
0 1550 0.545949 0.443519 0.037485 0.144444
0 1551 0.575877 0.429167 0.039299 0.150926
0 1552 0.633011 0.409259 0.032648 0.146296
0 1553 0.649033 0.370833 0.039299 0.147222
0 1554 0.686215 0.399074 0.041112 0.151852
0 1555 0.582527 0.511574 0.040508 0.132407
0 1556 0.614268 0.517130 0.033857 0.119444
0 1557 0.597944 0.578704 0.043531 0.137037
0 1558 0.711306 0.410648 0.039299 0.156481
0 1559 0.750907 0.415278 0.043531 0.150926
0 1560 0.863966 0.409722 0.035067 0.141667
0 1561 0.136638 0.493056 0.042322 0.163889
0 1564 0.075272 0.543981 0.042926 0.165741
0 1565 0.102479 0.559722 0.051391 0.175000
0 1567 0.356409 0.462963 0.039299 0.140741
0 1568 0.299274 0.512037 0.032648 0.148148
0 1569 0.288392 0.532407 0.036276 0.127778
0 1570 0.300181 0.563889 0.038089 0.146296
0 1571 0.311064 0.462500 0.044135 0.147222
0 1572 0.388150 0.358796 0.045949 0.136111
0 1573 0.500000 0.416667 0.035067 0.137037
0 1574 0.734885 0.371759 0.036880 0.143519
0 1575 0.090689 0.440741 0.035067 0.153704
0 1576 0.063482 0.415741 0.042322 0.157407
0 1577 0.069831 0.341667 0.041717 0.140741
0 1578 0.109734 0.340278 0.041717 0.102778
0 1580 0.003930 0.336574 0.006651 0.143519
0 1581 0.178960 0.387037 0.041112 0.150000
0 1582 0.201632 0.400926 0.041717 0.138889
0 1585 0.037183 0.149074 0.034462 0.109259
0 1586 0.067110 0.113426 0.031439 0.121296
0 1587 0.100967 0.218981 0.041112 0.137963
0 1589 0.195586 0.360185 0.041717 0.151852
0 1590 0.250605 0.279167 0.040508 0.149074
0 1591 0.284462 0.287500 0.039299 0.147222
0 1592 0.760580 0.304167 0.037485 0.139815
0 1593 0.731560 0.317130 0.038694 0.136111
0 1594 0.712515 0.286111 0.040508 0.135185
0 1595 0.677146 0.269444 0.036276 0.142593
0 1596 0.339480 0.162963 0.041717 0.142593
0 1597 0.386034 0.171759 0.035671 0.130556
0 1598 0.419287 0.183796 0.034462 0.123148
0 1599 0.452539 0.136111 0.046554 0.131481
0 1600 0.225816 0.121759 0.036880 0.130556
0 1601 0.586759 0.153241 0.052600 0.149074
0 1602 0.683192 0.156481 0.033857 0.131481
0 1603 0.621826 0.235185 0.047763 0.146296
0 1604 0.613966 0.167593 0.030834 0.094444
0 1605 0.645103 0.177778 0.035067 0.124074
0 1606 0.771463 0.185185 0.036276 0.135185
0 1607 0.531741 0.071759 0.039299 0.128704
0 1608 0.571644 0.074537 0.036880 0.128704
0 1609 0.607920 0.056019 0.036880 0.110185
0 1610 0.704958 0.063889 0.029021 0.116667
0 1611 0.928658 0.237037 0.039903 0.144444
0 1612 0.946191 0.174074 0.037485 0.127778
0 1613 0.763603 0.096296 0.038694 0.133333
0 1614 0.910218 0.225463 0.039299 0.139815
0 1615 0.670496 0.087037 0.035067 0.125926
0 1616 0.990024 0.248148 0.018742 0.148148
0 1617 0.974607 0.177778 0.038694 0.118519
0 1618 0.187727 0.082407 0.035671 0.140741
0 1619 0.409915 0.105093 0.042322 0.134259
0 1620 0.484281 0.026852 0.030230 0.051852
0 1621 0.464329 0.032870 0.031439 0.054630
0 1622 0.111548 0.087037 0.035671 0.122222
0 1623 0.140871 0.095370 0.033857 0.131481
0 1624 0.344921 0.100926 0.035671 0.120370
0 1625 0.253930 0.051852 0.036276 0.101852
0 1626 0.932588 0.070833 0.034462 0.121296
0 1627 0.915357 0.129167 0.035067 0.112037
0 1628 0.961004 0.129167 0.032044 0.121296
0 1629 0.958585 0.071759 0.032044 0.112037
0 1630 0.987001 0.084722 0.025998 0.108333
0 1631 0.992140 0.143519 0.015719 0.120370
0 1632 0.318017 0.085648 0.032648 0.125000
0 1633 0.333736 0.067130 0.029021 0.115741
0 1634 0.018138 0.881019 0.035067 0.187963
0 1642 0.288996 0.098611 0.032648 0.132407
0 1643 0.734583 0.081481 0.036276 0.137037
0 1644 0.077690 0.064815 0.036880 0.112963
0 1645 0.061366 0.082407 0.033253 0.103704
0 1646 0.114571 0.045833 0.039299 0.089815
0 1647 0.402358 0.034259 0.030834 0.066667
0 1648 0.618501 0.050000 0.035067 0.098148
0 1649 0.784764 0.149537 0.033857 0.125000
0 1650 0.593712 0.674537 0.049577 0.149074
0 1651 0.563482 0.646296 0.042322 0.162963
0 1652 0.622430 0.655093 0.040508 0.156481
0 1653 0.767533 0.738426 0.051391 0.149074
0 1654 0.266324 0.451389 0.032044 0.132407
0 1655 0.574970 0.389815 0.039903 0.118519
0 1656 0.568319 0.398148 0.037485 0.135185
0 1657 0.541112 0.423611 0.035067 0.139815
0 1658 0.404474 0.349074 0.037485 0.135185
0 1659 0.437122 0.361574 0.036276 0.137963
0 1660 0.473398 0.380093 0.027811 0.134259
0 1661 0.504232 0.390741 0.033857 0.142593
0 1662 0.437424 0.546296 0.044135 0.151852
0 1663 0.275695 0.077315 0.035067 0.106481
0 1664 0.305320 0.100463 0.030230 0.110185
0 1665 0.249093 0.114815 0.036276 0.131481
0 1666 0.181983 0.040278 0.039903 0.078704
0 1667 0.479141 0.421296 0.027207 0.101852
0 1668 0.483374 0.432870 0.029625 0.113889
0 1669 0.114268 0.172685 0.042322 0.150926
0 1670 0.782648 0.052778 0.029625 0.103704
0 1936 0.009976 0.377778 0.018742 0.114815
0 1937 0.144196 0.225463 0.036880 0.134259
