0 1408 0.403265 0.011574 0.035067 0.021296
0 1421 0.717654 0.038889 0.035067 0.075926
0 1422 0.961306 0.157870 0.035067 0.132407
0 1423 0.783555 0.107870 0.030230 0.093519
0 1424 0.981862 0.041667 0.030230 0.081481
0 1429 0.639057 0.021296 0.027811 0.040741
0 1430 0.632709 0.027315 0.032044 0.052778
0 1433 0.275998 0.022222 0.033253 0.042593
0 1443 0.215840 0.043056 0.029021 0.084259
0 1444 0.171100 0.026389 0.029021 0.050926
0 1445 0.150544 0.045370 0.030230 0.088889
0 1447 0.363362 0.013889 0.022975 0.025926
0 1451 0.274184 0.017130 0.024788 0.032407
0 1452 0.626965 0.191667 0.027811 0.112963
0 1453 0.558948 0.037963 0.034462 0.074074
0 1454 0.528416 0.034722 0.032648 0.067593
0 1455 0.423821 0.154630 0.032648 0.129630
0 1469 0.403265 0.181019 0.035067 0.115741
0 1470 0.447400 0.193056 0.032648 0.126852
0 1471 0.984885 0.823611 0.029021 0.180556
0 1472 0.993349 0.741667 0.013301 0.146296
0 1474 0.990931 0.549074 0.016929 0.148148
0 1475 0.977630 0.593519 0.035067 0.153704
0 1476 0.698307 0.441667 0.029021 0.146296
0 1477 0.716445 0.382870 0.030230 0.110185
0 1478 0.695586 0.188889 0.034462 0.142593
0 1479 0.650846 0.223148 0.032044 0.124074
0 1480 0.897823 0.544444 0.036276 0.142593
0 1481 0.984583 0.205093 0.029625 0.130556
0 1482 0.960399 0.215741 0.036880 0.129630
0 1485 0.979746 0.265278 0.035671 0.134259
0 1486 0.659008 0.105093 0.032648 0.132407
0 1490 0.585248 0.500926 0.032648 0.124074
0 1493 0.970073 0.013426 0.032044 0.025000
0 1495 0.332225 0.018056 0.029625 0.034259
0 1500 0.205260 0.947685 0.062273 0.104630
0 1501 0.275091 0.963426 0.044740 0.073148
0 1502 0.440750 0.955556 0.056832 0.090741
0 1503 0.882709 0.985648 0.042322 0.028704
0 1504 0.912031 0.951852 0.042926 0.098148
0 1505 0.974305 0.966667 0.036880 0.066667
0 1506 0.948912 0.986111 0.041717 0.029630
0 1507 0.949819 0.951389 0.051995 0.099074
0 1508 0.818924 0.866204 0.052600 0.173148
0 1509 0.854595 0.876852 0.044135 0.174074
0 1510 0.309250 0.668519 0.044135 0.179630
0 1511 0.345828 0.690278 0.049577 0.173148
0 1512 0.383011 0.685185 0.046554 0.159259
0 1513 0.667473 0.712963 0.033857 0.146296
0 1514 0.692563 0.709722 0.034462 0.154630
0 1515 0.696191 0.755556 0.029625 0.118519
0 1516 0.864268 0.711111 0.061064 0.174074
0 1517 0.902660 0.734259 0.051995 0.157407
0 1518 0.958283 0.756481 0.049577 0.162963
0 1519 0.022672 0.636111 0.044135 0.168519
0 1520 0.046554 0.647685 0.047158 0.162037
0 1521 0.076179 0.612500 0.043531 0.160185
0 1522 0.130290 0.607407 0.036880 0.153704
0 1523 0.160520 0.626852 0.034462 0.137037
0 1524 0.204353 0.643519 0.039903 0.164815
0 1525 0.227025 0.607870 0.039299 0.162037
0 1526 0.268742 0.640741 0.051391 0.148148
0 1527 0.298972 0.625926 0.040508 0.164815
0 1528 0.751209 0.610185 0.045345 0.168519
0 1529 0.801693 0.600463 0.048368 0.154630
0 1530 0.836759 0.565741 0.041112 0.142593
0 1531 0.570435 0.606019 0.053809 0.145370
0 1532 0.610641 0.612037 0.038694 0.150000
0 1533 0.650846 0.552315 0.039299 0.160185
0 1534 0.679565 0.535648 0.039903 0.171296
0 1535 0.776904 0.456944 0.047158 0.145370
0 1536 0.819226 0.447222 0.045949 0.142593
0 1537 0.890871 0.649537 0.041717 0.152778
0 1538 0.915357 0.648148 0.041112 0.157407
0 1539 0.868501 0.586574 0.048972 0.152778
0 1540 0.964933 0.521296 0.044740 0.157407
0 1541 0.934099 0.538889 0.038694 0.142593
0 1542 0.968561 0.465741 0.042322 0.142593
0 1543 0.881499 0.505093 0.037485 0.136111
0 1544 0.912636 0.486574 0.039299 0.137963
0 1545 0.840689 0.463426 0.040508 0.150926
0 1546 0.877570 0.457407 0.041717 0.150000
0 1547 0.902963 0.440741 0.036880 0.140741
0 1548 0.961608 0.281944 0.041717 0.147222
0 1549 0.414752 0.566204 0.041112 0.150926
0 1550 0.545949 0.444444 0.037485 0.144444
0 1551 0.575877 0.430093 0.039299 0.150926
0 1552 0.633313 0.409722 0.033253 0.145370
0 1553 0.647823 0.370833 0.039299 0.147222
0 1554 0.686215 0.398148 0.041112 0.151852
0 1555 0.582225 0.512963 0.039903 0.131481
0 1556 0.614873 0.518519 0.035067 0.118519
0 1557 0.598247 0.579630 0.044135 0.137037
0 1558 0.710701 0.408796 0.039299 0.156481
0 1559 0.750000 0.415278 0.044135 0.150926
0 1560 0.863362 0.409259 0.035067 0.142593
0 1561 0.136638 0.491667 0.042322 0.162963
0 1564 0.077690 0.543981 0.042926 0.165741
0 1565 0.103990 0.559259 0.051995 0.175926
0 1567 0.357013 0.464352 0.039299 0.141667
0 1568 0.298670 0.513889 0.032648 0.148148
0 1569 0.287787 0.532407 0.036276 0.125926
0 1570 0.300484 0.564352 0.037485 0.145370
0 1571 0.311064 0.463426 0.044135 0.147222
0 1572 0.387848 0.358796 0.046554 0.134259
0 1573 0.500000 0.417593 0.035067 0.137037
0 1574 0.733676 0.372685 0.036880 0.145370
0 1575 0.091294 0.440741 0.035067 0.153704
0 1576 0.064692 0.415278 0.042322 0.158333
0 1577 0.070133 0.341204 0.042322 0.139815
0 1578 0.108827 0.339815 0.041112 0.103704
0 1580 0.004232 0.336574 0.007255 0.143519
0 1581 0.179867 0.386574 0.041717 0.150926
0 1582 0.202539 0.400463 0.042322 0.139815
0 1585 0.039601 0.149537 0.034462 0.108333
0 1586 0.067110 0.112500 0.031439 0.121296
0 1587 0.101572 0.218981 0.041112 0.137963
0 1589 0.196796 0.360185 0.041717 0.153704
0 1590 0.251814 0.278704 0.040508 0.148148
0 1591 0.285671 0.287037 0.039299 0.146296
0 1592 0.761185 0.304167 0.037485 0.139815
0 1593 0.731560 0.316204 0.038694 0.136111
0 1594 0.712515 0.285648 0.040508 0.136111
0 1595 0.677449 0.269444 0.036880 0.142593
0 1596 0.340992 0.161574 0.041112 0.141667
0 1597 0.386638 0.172222 0.035671 0.129630
0 1598 0.419891 0.184722 0.034462 0.123148
0 1599 0.451330 0.135648 0.046554 0.132407
0 1600 0.226723 0.120833 0.036276 0.130556
0 1601 0.586457 0.153704 0.050786 0.150000
0 1602 0.683192 0.156481 0.033857 0.131481
0 1603 0.622128 0.234722 0.048368 0.147222
0 1604 0.612757 0.167593 0.030834 0.094444
0 1605 0.646312 0.175463 0.035067 0.123148
0 1606 0.771765 0.184722 0.036880 0.136111
0 1607 0.531439 0.071296 0.039903 0.129630
0 1608 0.570435 0.074537 0.036880 0.128704
0 1609 0.606409 0.056019 0.037485 0.110185
0 1610 0.704353 0.063426 0.029021 0.115741
0 1611 0.928658 0.237037 0.039903 0.144444
0 1612 0.947703 0.174537 0.038089 0.126852
0 1613 0.762394 0.095833 0.038694 0.132407
0 1614 0.909613 0.224537 0.039299 0.139815
0 1615 0.670193 0.087037 0.035671 0.125926
0 1616 0.990326 0.247685 0.018138 0.149074
0 1617 0.975514 0.176852 0.038089 0.118519
0 1618 0.188634 0.082407 0.036276 0.140741
0 1619 0.410520 0.104630 0.042322 0.133333
0 1620 0.483071 0.027315 0.030230 0.052778
0 1621 0.463724 0.033333 0.031439 0.053704
0 1622 0.111850 0.087037 0.036276 0.122222
0 1623 0.141778 0.094444 0.033253 0.131481
0 1624 0.345526 0.100463 0.035671 0.119444
0 1625 0.255744 0.051852 0.036276 0.101852
0 1626 0.932588 0.070833 0.034462 0.121296
0 1627 0.913543 0.130093 0.035067 0.110185
0 1628 0.959492 0.129167 0.032648 0.119444
0 1629 0.960399 0.071296 0.032044 0.112963
0 1630 0.987001 0.085185 0.025998 0.109259
0 1631 0.992443 0.143519 0.015115 0.120370
0 1632 0.318319 0.086574 0.033253 0.125000
0 1633 0.334039 0.067593 0.029625 0.116667
0 1634 0.018440 0.882407 0.035671 0.187037
0 1642 0.289601 0.099537 0.032648 0.132407
0 1643 0.734583 0.081481 0.036276 0.137037
0 1644 0.078295 0.063889 0.036880 0.111111
0 1645 0.061971 0.083333 0.033253 0.103704
0 1646 0.114268 0.044907 0.039903 0.087963
0 1647 0.401451 0.034259 0.030230 0.066667
0 1648 0.616385 0.050000 0.035671 0.098148
0 1649 0.784160 0.150000 0.033857 0.124074
0 1650 0.594317 0.675926 0.049577 0.148148
0 1651 0.564087 0.648148 0.042322 0.162963
0 1652 0.622733 0.656481 0.041112 0.157407
0 1653 0.768742 0.738426 0.051391 0.149074
0 1654 0.266929 0.452778 0.032044 0.131481
0 1655 0.575574 0.389815 0.039903 0.118519
0 1656 0.568924 0.399074 0.037485 0.135185
0 1657 0.541415 0.424074 0.034462 0.140741
0 1658 0.404474 0.350000 0.037485 0.135185
0 1659 0.437727 0.364352 0.036276 0.137963
0 1660 0.474002 0.381481 0.027811 0.133333
0 1661 0.503628 0.392593 0.033857 0.142593
0 1662 0.438634 0.546296 0.044135 0.151852
0 1663 0.277207 0.078241 0.034462 0.106481
0 1664 0.305925 0.101389 0.030230 0.110185
0 1665 0.249093 0.114352 0.036276 0.130556
0 1666 0.182588 0.040278 0.039903 0.078704
0 1667 0.479746 0.422222 0.027207 0.101852
0 1668 0.483676 0.434259 0.029021 0.114815
0 1669 0.112455 0.174537 0.042322 0.150926
0 1670 0.782950 0.052778 0.030230 0.103704
0 1936 0.010278 0.377778 0.019347 0.114815
0 1937 0.144800 0.225000 0.036880 0.133333
