0 2026 0.089844 0.348148 0.058854 0.187037
0 2109 0.607812 0.160185 0.029167 0.118519
0 2111 0.622656 0.223611 0.031771 0.162037
0 2122 0.087240 0.709722 0.076563 0.347222
0 2123 0.286719 0.778241 0.079687 0.365741
0 2124 0.317708 0.351389 0.038542 0.199074
0 2125 0.357812 0.353704 0.056250 0.187037
0 2126 0.297917 0.300926 0.035417 0.196296
0 2127 0.405469 0.288426 0.049479 0.195370
0 2128 0.330729 0.241204 0.037500 0.162037
0 2129 0.311719 0.243981 0.035937 0.182407
0 2130 0.376823 0.234722 0.029687 0.162037
0 2131 0.491927 0.274537 0.044271 0.193519
0 2132 0.528385 0.266667 0.038021 0.170370
0 2133 0.585938 0.298611 0.048958 0.178704
0 2134 0.830729 0.368981 0.066667 0.202778
0 2135 0.246615 0.293981 0.044271 0.184259
0 2136 0.217188 0.284722 0.038542 0.193519
0 2139 0.686458 0.310648 0.048958 0.175000
0 2140 0.435677 0.197685 0.040104 0.163889
0 2141 0.636979 0.230093 0.036458 0.158333
0 2142 0.750521 0.281944 0.038542 0.171296
0 2143 0.768490 0.267593 0.038021 0.174074
0 2144 0.714323 0.276389 0.038021 0.178704
0 2145 0.731250 0.256481 0.038542 0.190741
0 2146 0.731771 0.236111 0.033333 0.159259
0 2147 0.706510 0.237500 0.036979 0.189815
0 2148 0.525521 0.175000 0.038542 0.161111
0 2149 0.516406 0.217130 0.038021 0.162037
0 2151 0.244271 0.171296 0.031250 0.151852
0 2152 0.473698 0.150000 0.031771 0.137037
0 2153 0.485938 0.153704 0.022917 0.100000
0 2154 0.508854 0.162037 0.025000 0.092593
0 2155 0.495833 0.133796 0.028125 0.130556
0 2156 0.301042 0.137500 0.035417 0.141667
0 2158 0.499740 0.075463 0.023438 0.115741
0 2162 0.400000 0.191667 0.036458 0.168519
0 2165 0.404167 0.069907 0.035417 0.121296
0 2166 0.380469 0.071296 0.027604 0.103704
0 2167 0.356771 0.064352 0.030208 0.121296
0 2168 0.347135 0.087500 0.023438 0.089815
