0 2026 0.085417 0.342593 0.061458 0.187037
0 2109 0.602604 0.155093 0.029167 0.117593
0 2111 0.620313 0.213426 0.032292 0.162037
0 2120 0.043490 0.855556 0.074479 0.290741
0 2121 0.166927 0.686574 0.072396 0.341667
0 2122 0.158594 0.573148 0.061979 0.292593
0 2123 0.386198 0.643519 0.083854 0.322222
0 2124 0.337240 0.296296 0.038021 0.179630
0 2125 0.380990 0.300463 0.052604 0.176852
0 2126 0.313542 0.250463 0.036458 0.178704
0 2127 0.414583 0.233796 0.038542 0.186111
0 2128 0.317969 0.224537 0.032813 0.162037
0 2129 0.288802 0.226389 0.035937 0.182407
0 2130 0.382552 0.199074 0.031771 0.161111
0 2131 0.500521 0.243519 0.042708 0.185185
0 2132 0.526302 0.233796 0.035937 0.165741
0 2133 0.488542 0.262963 0.044792 0.174074
0 2134 0.651563 0.316667 0.050000 0.190741
0 2135 0.244792 0.279630 0.039583 0.187037
0 2136 0.214062 0.268519 0.037500 0.192593
0 2137 0.834115 0.318519 0.044271 0.148148
0 2138 0.801562 0.307407 0.050000 0.181481
0 2139 0.603385 0.267593 0.034896 0.164815
0 2140 0.431771 0.159722 0.036458 0.154630
0 2141 0.560417 0.191667 0.037500 0.153704
0 2142 0.712500 0.242593 0.039583 0.161111
0 2143 0.707031 0.220833 0.035937 0.163889
0 2148 0.473438 0.143519 0.038542 0.159259
0 2149 0.511198 0.181019 0.035937 0.162037
0 2152 0.505990 0.130093 0.025521 0.115741
0 2153 0.514844 0.145833 0.024479 0.087963
0 2154 0.534375 0.151389 0.026042 0.087963
0 2155 0.508073 0.124537 0.027604 0.128704
0 2158 0.446094 0.079630 0.025521 0.118519
0 2162 0.405469 0.157407 0.035937 0.155556
