0 2026 0.091927 0.369444 0.051562 0.187037
0 2109 0.608854 0.181481 0.029167 0.118519
0 2111 0.620833 0.240741 0.032292 0.162963
0 2122 0.055729 0.789815 0.086458 0.361111
0 2123 0.218229 0.832407 0.098958 0.335185
0 2124 0.294792 0.390278 0.039583 0.204630
0 2125 0.350521 0.400000 0.061458 0.196296
0 2126 0.289323 0.337963 0.038021 0.196296
0 2127 0.401302 0.337963 0.046354 0.200000
0 2128 0.338021 0.275463 0.032292 0.162037
0 2129 0.324479 0.275463 0.033333 0.184259
0 2130 0.373958 0.272685 0.037500 0.169444
0 2131 0.486198 0.309259 0.050521 0.198148
0 2132 0.533073 0.307407 0.042188 0.175926
0 2133 0.627865 0.332407 0.051562 0.181481
0 2135 0.249479 0.319907 0.043750 0.189815
0 2136 0.220052 0.306019 0.041146 0.193519
0 2139 0.724740 0.344444 0.046354 0.175926
0 2140 0.431771 0.230556 0.039583 0.170370
0 2141 0.668490 0.261111 0.035937 0.161111
0 2142 0.751823 0.316204 0.038021 0.182407
0 2143 0.782031 0.302315 0.034896 0.176852
0 2144 0.721615 0.309259 0.038021 0.181481
0 2145 0.741406 0.284259 0.038021 0.183333
0 2146 0.747396 0.264815 0.034375 0.159259
0 2147 0.728125 0.266667 0.036458 0.190741
0 2148 0.560937 0.205093 0.038542 0.163889
0 2149 0.523958 0.247685 0.040625 0.162037
0 2151 0.261458 0.201852 0.034375 0.159259
0 2152 0.462500 0.173611 0.034375 0.134259
0 2153 0.479687 0.186574 0.025000 0.113889
0 2154 0.495312 0.177315 0.025000 0.087963
0 2155 0.497917 0.160185 0.027083 0.135185
0 2156 0.320833 0.173148 0.045833 0.153704
0 2157 0.277604 0.146296 0.027083 0.131481
0 2158 0.517448 0.096759 0.023438 0.115741
0 2161 0.777865 0.087963 0.026562 0.098148
0 2162 0.393229 0.223611 0.036458 0.169444
0 2165 0.423698 0.094907 0.034896 0.126852
0 2166 0.390104 0.103704 0.027083 0.109259
0 2167 0.365625 0.101389 0.031250 0.126852
0 2168 0.354948 0.115741 0.023438 0.090741
