0 2026 0.089063 0.340741 0.061458 0.187037
0 2109 0.605208 0.153241 0.029167 0.117593
0 2111 0.622396 0.211574 0.032292 0.162037
0 2120 0.022396 0.887037 0.043750 0.225926
0 2121 0.125000 0.735648 0.080208 0.354630
0 2122 0.136979 0.600463 0.067708 0.295370
0 2123 0.359635 0.673148 0.081771 0.333333
0 2124 0.338021 0.306019 0.037500 0.186111
0 2125 0.378385 0.309722 0.057813 0.180556
0 2126 0.311719 0.259259 0.035937 0.183333
0 2127 0.415365 0.243519 0.040104 0.187037
0 2128 0.327083 0.225463 0.037500 0.162037
0 2129 0.300521 0.227315 0.035417 0.182407
0 2130 0.382292 0.201389 0.035417 0.156481
0 2131 0.497135 0.244907 0.043229 0.189815
0 2132 0.525781 0.234722 0.035937 0.165741
0 2133 0.514323 0.266204 0.052604 0.173148
0 2134 0.708854 0.326389 0.058333 0.195370
0 2135 0.250521 0.278704 0.043750 0.187037
0 2136 0.216406 0.268981 0.038021 0.193519
0 2137 0.872917 0.324537 0.046875 0.149074
0 2138 0.838542 0.312963 0.047917 0.187037
0 2139 0.625521 0.276389 0.037500 0.167593
0 2140 0.437760 0.163889 0.035937 0.157407
0 2141 0.583594 0.194907 0.035937 0.156481
0 2142 0.730729 0.247222 0.038542 0.164815
0 2143 0.733854 0.225000 0.036458 0.162963
0 2145 0.703906 0.221759 0.040104 0.184259
0 2146 0.693490 0.210648 0.029687 0.160185
0 2148 0.488542 0.150000 0.038542 0.161111
0 2149 0.512500 0.184722 0.036458 0.162037
0 2152 0.491667 0.127315 0.027083 0.119444
0 2153 0.505469 0.135648 0.025521 0.089815
0 2154 0.526042 0.150463 0.025000 0.095370
0 2155 0.507552 0.118056 0.027604 0.128704
0 2158 0.467448 0.072685 0.025521 0.115741
0 2162 0.405208 0.162500 0.035417 0.160185
0 2165 0.352344 0.055556 0.039062 0.109259
0 2166 0.341146 0.052778 0.025000 0.101852
