0 2026 0.093490 0.381481 0.047396 0.187037
0 2109 0.609375 0.196296 0.029167 0.118519
0 2111 0.620833 0.253704 0.032292 0.162963
0 2122 0.037240 0.826389 0.073438 0.349074
0 2123 0.153385 0.851852 0.100521 0.294444
0 2124 0.276562 0.415741 0.040625 0.207407
0 2125 0.344010 0.424537 0.060937 0.197222
0 2126 0.283073 0.362500 0.039062 0.199074
0 2127 0.399479 0.360648 0.047917 0.204630
0 2128 0.345833 0.296759 0.031250 0.171296
0 2129 0.330729 0.292130 0.036458 0.184259
0 2130 0.376823 0.297685 0.033854 0.171296
0 2131 0.478646 0.331481 0.051042 0.201852
0 2132 0.533854 0.334259 0.039583 0.185185
0 2133 0.652865 0.353241 0.048438 0.184259
0 2135 0.258854 0.342593 0.043750 0.190741
0 2136 0.230729 0.321759 0.051042 0.186111
0 2139 0.744531 0.366667 0.040104 0.183333
0 2140 0.432292 0.250926 0.039583 0.174074
0 2141 0.686198 0.279167 0.035937 0.162037
0 2142 0.753906 0.334722 0.038021 0.182407
0 2143 0.789583 0.322685 0.037500 0.178704
0 2144 0.724740 0.328241 0.038021 0.186111
0 2145 0.748177 0.303241 0.036979 0.182407
0 2146 0.760156 0.285648 0.033854 0.160185
0 2147 0.732812 0.288889 0.036458 0.190741
0 2148 0.581771 0.220833 0.038542 0.165741
0 2149 0.535417 0.266667 0.040625 0.164815
0 2151 0.271615 0.218981 0.035937 0.156481
0 2152 0.452865 0.189815 0.038021 0.135185
0 2153 0.486198 0.206481 0.027604 0.116667
0 2154 0.483854 0.191204 0.025000 0.087963
0 2155 0.497656 0.175926 0.027604 0.135185
0 2156 0.328385 0.195833 0.046354 0.154630
0 2157 0.298438 0.167130 0.039583 0.132407
0 2158 0.527083 0.106019 0.023958 0.115741
0 2161 0.782292 0.107870 0.026042 0.099074
0 2162 0.394271 0.243519 0.035417 0.174074
0 2164 0.309375 0.094444 0.031250 0.142593
0 2165 0.434115 0.110185 0.031771 0.125926
0 2166 0.392448 0.122685 0.027604 0.110185
0 2167 0.371875 0.116667 0.031250 0.118519
0 2168 0.355729 0.135185 0.023958 0.090741
