0 2026 0.089063 0.340741 0.061458 0.187037
0 2109 0.605208 0.153241 0.029167 0.117593
0 2111 0.622396 0.211574 0.032292 0.162037
0 2120 0.020052 0.895833 0.039062 0.206481
0 2121 0.116667 0.735185 0.078125 0.353704
0 2122 0.135417 0.606019 0.069792 0.295370
0 2123 0.355208 0.678241 0.079167 0.336111
0 2124 0.336979 0.306019 0.037500 0.187963
0 2125 0.377604 0.311574 0.057292 0.180556
0 2126 0.311198 0.260648 0.035937 0.184259
0 2127 0.414844 0.246296 0.042188 0.187037
0 2128 0.327865 0.225463 0.038021 0.162037
0 2129 0.302604 0.229167 0.035417 0.182407
0 2130 0.382552 0.201389 0.034896 0.156481
0 2131 0.497396 0.244907 0.043750 0.189815
0 2132 0.525781 0.236574 0.035937 0.165741
0 2133 0.518229 0.267130 0.053125 0.175000
0 2134 0.714063 0.326389 0.054167 0.197222
0 2135 0.250260 0.278704 0.044271 0.187037
0 2136 0.216667 0.268981 0.038542 0.193519
0 2137 0.878385 0.325000 0.049479 0.148148
0 2138 0.843750 0.313889 0.047917 0.187037
0 2139 0.629427 0.277778 0.036979 0.168519
0 2140 0.437240 0.164352 0.035937 0.158333
0 2141 0.586719 0.194907 0.035937 0.156481
0 2142 0.732812 0.248148 0.038542 0.164815
0 2143 0.735938 0.227315 0.036458 0.163889
0 2144 0.700781 0.236574 0.035937 0.167593
0 2145 0.706510 0.222685 0.040104 0.184259
0 2146 0.696094 0.211574 0.029687 0.160185
0 2148 0.490365 0.150463 0.038021 0.162037
0 2149 0.512500 0.185648 0.036458 0.162037
0 2152 0.490625 0.128704 0.027083 0.120370
0 2153 0.504427 0.134722 0.025521 0.089815
0 2154 0.525521 0.150463 0.025000 0.095370
0 2155 0.507812 0.117130 0.028125 0.128704
0 2158 0.469792 0.072222 0.025000 0.114815
0 2162 0.405469 0.163426 0.035937 0.160185
0 2165 0.355990 0.056019 0.038021 0.110185
0 2166 0.343490 0.053241 0.025521 0.102778
