0 2026 0.090885 0.359259 0.054688 0.187037
0 2109 0.607812 0.168519 0.029167 0.118519
0 2111 0.621615 0.231019 0.031771 0.162037
0 2122 0.071615 0.749537 0.076563 0.354630
0 2123 0.253906 0.814352 0.083854 0.365741
0 2124 0.305990 0.370833 0.039062 0.200926
0 2125 0.356510 0.378704 0.063021 0.194444
0 2126 0.292708 0.319907 0.036458 0.195370
0 2127 0.404687 0.314815 0.046875 0.194444
0 2128 0.334375 0.259722 0.034375 0.162037
0 2129 0.316927 0.260185 0.033854 0.181481
0 2130 0.373698 0.256019 0.035937 0.165741
0 2131 0.487500 0.292130 0.047917 0.199074
0 2132 0.533073 0.290741 0.040104 0.175926
0 2133 0.606771 0.317593 0.051042 0.179630
0 2134 0.871094 0.383796 0.057813 0.210185
0 2135 0.246875 0.304167 0.043750 0.186111
0 2136 0.217188 0.295833 0.038542 0.193519
0 2139 0.706771 0.328241 0.047917 0.175000
0 2140 0.432292 0.213889 0.039583 0.168519
0 2141 0.653385 0.246759 0.035937 0.160185
0 2142 0.750521 0.299537 0.038542 0.180556
0 2143 0.776042 0.285185 0.034375 0.175926
0 2144 0.718229 0.293981 0.038542 0.178704
0 2145 0.734375 0.272222 0.038542 0.190741
0 2146 0.739844 0.250926 0.033854 0.159259
0 2147 0.720313 0.251852 0.036458 0.190741
0 2148 0.542188 0.188889 0.038542 0.161111
0 2149 0.519531 0.232870 0.039062 0.162037
0 2151 0.252865 0.186574 0.032813 0.158333
0 2152 0.468750 0.162963 0.032292 0.137037
0 2153 0.481250 0.169444 0.023958 0.107407
0 2154 0.501563 0.169907 0.025000 0.089815
0 2155 0.497135 0.147222 0.027604 0.133333
0 2156 0.312500 0.152778 0.038542 0.142593
0 2158 0.510156 0.089352 0.023438 0.115741
0 2161 0.782552 0.079630 0.026562 0.098148
0 2162 0.395833 0.208333 0.036458 0.168519
0 2165 0.414844 0.081944 0.033854 0.126852
0 2166 0.386719 0.087037 0.027604 0.107407
0 2167 0.361979 0.080093 0.031250 0.128704
0 2168 0.351562 0.100463 0.023958 0.089815
