0 2026 0.089063 0.340741 0.061458 0.187037
0 2109 0.607812 0.152778 0.029167 0.118519
0 2111 0.623958 0.214352 0.032292 0.162037
0 2121 0.057813 0.801389 0.084375 0.376852
0 2122 0.104688 0.664815 0.077083 0.337037
0 2123 0.321615 0.721759 0.079687 0.349074
0 2124 0.330990 0.328241 0.038021 0.193519
0 2125 0.369271 0.332407 0.056250 0.185185
0 2126 0.304948 0.280093 0.035937 0.193519
0 2127 0.408594 0.266667 0.053646 0.194444
0 2128 0.329427 0.233796 0.038021 0.162037
0 2129 0.309115 0.235648 0.035937 0.182407
0 2130 0.379427 0.212500 0.038021 0.156481
0 2131 0.496354 0.254167 0.047917 0.189815
0 2132 0.526563 0.252778 0.036458 0.168519
0 2133 0.557292 0.279167 0.056250 0.176852
0 2134 0.784635 0.347685 0.066146 0.199074
0 2135 0.247135 0.282870 0.045312 0.182407
0 2136 0.221875 0.272685 0.038542 0.193519
0 2138 0.888281 0.326389 0.051562 0.182407
0 2139 0.663021 0.291667 0.051042 0.170370
0 2140 0.438542 0.177778 0.040625 0.162963
0 2141 0.615625 0.208796 0.036458 0.156481
0 2142 0.747396 0.264352 0.037500 0.171296
0 2143 0.755208 0.250463 0.037500 0.169444
0 2144 0.711458 0.253704 0.036458 0.175926
0 2145 0.724479 0.238889 0.038542 0.190741
0 2146 0.718490 0.223611 0.031771 0.160185
0 2147 0.691146 0.225000 0.037500 0.190741
0 2148 0.509896 0.162500 0.038542 0.162037
0 2149 0.514323 0.196759 0.036979 0.162037
0 2151 0.232813 0.156019 0.029167 0.150926
0 2152 0.480208 0.137963 0.030208 0.133333
0 2153 0.494271 0.143056 0.023958 0.095370
0 2154 0.518750 0.151389 0.025000 0.095370
0 2155 0.501042 0.123148 0.028125 0.129630
0 2156 0.284896 0.123148 0.035417 0.148148
0 2158 0.486198 0.070833 0.023438 0.115741
0 2162 0.401562 0.177315 0.036458 0.165741
0 2165 0.388542 0.058333 0.034375 0.114815
0 2166 0.366146 0.059259 0.025000 0.103704
0 2167 0.347396 0.058796 0.027083 0.115741
0 2168 0.338542 0.075000 0.026042 0.090741
