0 2026 0.080990 0.345370 0.060937 0.187037
0 2109 0.597917 0.157870 0.029167 0.117593
0 2111 0.617448 0.214352 0.032813 0.162037
0 2120 0.063542 0.830093 0.078125 0.341667
0 2121 0.204687 0.654630 0.081250 0.325926
0 2122 0.173698 0.544907 0.060937 0.293519
0 2123 0.416146 0.615741 0.075000 0.309259
0 2124 0.331771 0.284259 0.039583 0.179630
0 2125 0.383073 0.290741 0.053646 0.175926
0 2126 0.314844 0.241204 0.035937 0.175000
0 2127 0.409115 0.224537 0.041146 0.180556
0 2128 0.314063 0.220833 0.035417 0.162037
0 2129 0.275521 0.221296 0.038542 0.181481
0 2130 0.379427 0.195370 0.035937 0.162963
0 2131 0.492188 0.238426 0.041667 0.182407
0 2132 0.522396 0.234722 0.035417 0.163889
0 2133 0.463281 0.254167 0.040104 0.173148
0 2134 0.610938 0.306019 0.064583 0.189815
0 2135 0.231250 0.279167 0.036458 0.184259
0 2136 0.209896 0.271296 0.036458 0.190741
0 2137 0.803906 0.307870 0.033854 0.149074
0 2138 0.773438 0.296759 0.043750 0.186111
0 2139 0.588281 0.262963 0.033854 0.155556
0 2140 0.426823 0.156019 0.035937 0.154630
0 2141 0.540625 0.186574 0.034375 0.160185
0 2142 0.691406 0.237963 0.040104 0.159259
0 2143 0.681510 0.219907 0.035937 0.165741
0 2148 0.459896 0.140741 0.038542 0.157407
0 2149 0.510156 0.178241 0.033854 0.162037
0 2152 0.521094 0.136111 0.025521 0.114815
0 2153 0.526042 0.160185 0.021875 0.085185
0 2154 0.537500 0.159259 0.022917 0.085185
0 2155 0.511979 0.131944 0.029167 0.128704
0 2158 0.429688 0.084259 0.025000 0.111111
0 2162 0.396615 0.149074 0.033854 0.155556
