0 2026 0.098437 0.392593 0.039583 0.187037
0 2109 0.607292 0.207407 0.030208 0.118519
0 2110 0.891406 0.362500 0.040104 0.187963
0 2111 0.615365 0.266667 0.031771 0.162963
0 2124 0.204948 0.504167 0.047396 0.230556
0 2125 0.285938 0.523148 0.070833 0.224074
0 2126 0.250521 0.454167 0.043750 0.232407
0 2127 0.361458 0.461574 0.055208 0.237963
0 2128 0.383073 0.348148 0.035937 0.190741
0 2129 0.311719 0.352315 0.041146 0.204630
0 2130 0.449740 0.368981 0.039062 0.195370
0 2131 0.409896 0.400926 0.050000 0.220370
0 2132 0.469271 0.413889 0.050000 0.207407
0 2133 0.817969 0.404630 0.056771 0.190741
0 2135 0.413021 0.384259 0.046875 0.190741
0 2136 0.412760 0.357407 0.054688 0.196296
0 2140 0.430729 0.304630 0.042708 0.179630
0 2141 0.770312 0.331944 0.043750 0.178704
0 2142 0.845573 0.384722 0.049479 0.191667
0 2143 0.875000 0.368519 0.041667 0.192593
0 2144 0.724479 0.382407 0.041667 0.196296
0 2145 0.850521 0.347685 0.036458 0.182407
0 2146 0.820312 0.350926 0.036458 0.196296
0 2147 0.785937 0.345370 0.052083 0.212963
0 2148 0.698958 0.283796 0.039583 0.180556
0 2149 0.602344 0.328704 0.042188 0.185185
0 2150 0.880729 0.432870 0.067708 0.232407
0 2151 0.269010 0.265278 0.039062 0.165741
0 2152 0.468750 0.232870 0.033333 0.149074
0 2153 0.488802 0.243519 0.031771 0.124074
0 2154 0.467187 0.230093 0.026042 0.093519
0 2155 0.495573 0.207407 0.031771 0.142593
0 2156 0.353646 0.235648 0.041667 0.165741
0 2157 0.379167 0.206944 0.030208 0.137963
0 2158 0.546615 0.100926 0.023438 0.112963
0 2159 0.406510 0.120833 0.029687 0.119444
0 2160 0.385677 0.123148 0.025521 0.129630
0 2162 0.392708 0.302315 0.037500 0.182407
0 2164 0.357552 0.137500 0.030729 0.165741
0 2165 0.470573 0.144444 0.031771 0.127778
0 2166 0.419531 0.158796 0.025521 0.110185
0 2167 0.389844 0.152315 0.031771 0.132407
0 2168 0.367188 0.166667 0.023958 0.090741
0 2186 0.352344 0.119907 0.022396 0.082407
0 2189 0.354948 0.094444 0.026562 0.129630
