0 2026 0.098177 0.398611 0.039062 0.186111
0 2109 0.608333 0.210185 0.030208 0.118519
0 2110 0.898438 0.379630 0.043750 0.192593
0 2111 0.616146 0.274074 0.032292 0.162963
0 2124 0.219792 0.493056 0.043750 0.226852
0 2125 0.309375 0.505556 0.067708 0.216667
0 2126 0.257292 0.434259 0.040625 0.218519
0 2127 0.370833 0.439352 0.055208 0.226852
0 2128 0.367188 0.341667 0.041667 0.183333
0 2129 0.320833 0.338889 0.040625 0.196296
0 2130 0.427344 0.356481 0.038021 0.185185
0 2131 0.435937 0.387037 0.055208 0.212963
0 2132 0.496354 0.397685 0.046875 0.195370
0 2133 0.775521 0.398611 0.059375 0.189815
0 2135 0.362240 0.381019 0.040104 0.189815
0 2136 0.365365 0.357870 0.052604 0.189815
0 2139 0.865104 0.418519 0.060417 0.187037
0 2140 0.428906 0.299074 0.042188 0.179630
0 2141 0.752083 0.325000 0.041667 0.174074
0 2142 0.809896 0.379167 0.043750 0.187963
0 2143 0.847396 0.365278 0.038542 0.189815
0 2144 0.728125 0.373611 0.041667 0.195370
0 2145 0.814583 0.353704 0.038542 0.192593
0 2146 0.790625 0.349074 0.036458 0.196296
0 2147 0.760938 0.339352 0.041667 0.210185
0 2148 0.670052 0.273148 0.038021 0.177778
0 2149 0.584896 0.322685 0.041667 0.175000
0 2151 0.280469 0.263889 0.038021 0.164815
0 2152 0.464062 0.228241 0.030208 0.149074
0 2153 0.487500 0.240278 0.032292 0.123148
0 2154 0.466667 0.225463 0.025000 0.093519
0 2155 0.491927 0.209722 0.034896 0.141667
0 2156 0.347396 0.233796 0.046875 0.162037
0 2157 0.359896 0.204167 0.030208 0.137963
0 2158 0.544010 0.110185 0.023438 0.112963
0 2159 0.390104 0.121759 0.029167 0.117593
0 2160 0.366146 0.125926 0.025000 0.129630
0 2162 0.395833 0.296296 0.036458 0.181481
0 2164 0.352604 0.131019 0.031250 0.158333
0 2165 0.464583 0.144444 0.032292 0.125926
0 2166 0.418490 0.157407 0.025521 0.109259
0 2167 0.383854 0.153241 0.031250 0.132407
0 2168 0.363021 0.163889 0.023958 0.090741
0 2189 0.332813 0.098148 0.027083 0.129630
