0 2026 0.098177 0.398611 0.039062 0.186111
0 2109 0.608333 0.210185 0.030208 0.118519
0 2110 0.898438 0.379630 0.043750 0.192593
0 2111 0.616146 0.274074 0.032292 0.162963
0 2124 0.218750 0.493981 0.043750 0.226852
0 2125 0.308594 0.506481 0.068229 0.216667
0 2126 0.256771 0.435648 0.040625 0.219444
0 2127 0.370833 0.440278 0.055208 0.226852
0 2128 0.367969 0.342593 0.041146 0.183333
0 2129 0.320573 0.338889 0.041146 0.196296
0 2130 0.428906 0.356481 0.038021 0.185185
0 2131 0.434635 0.387500 0.055729 0.213889
0 2132 0.495312 0.398611 0.046875 0.195370
0 2133 0.777865 0.398611 0.058854 0.189815
0 2135 0.365365 0.381019 0.040104 0.189815
0 2136 0.369271 0.357870 0.053125 0.189815
0 2139 0.868229 0.419444 0.060417 0.187037
0 2140 0.428906 0.299074 0.042188 0.179630
0 2141 0.753646 0.325926 0.041667 0.174074
0 2142 0.811719 0.379630 0.043229 0.188889
0 2143 0.848437 0.366204 0.038542 0.189815
0 2144 0.728125 0.374537 0.041667 0.195370
0 2145 0.816146 0.354167 0.038542 0.193519
0 2146 0.792188 0.350000 0.036458 0.196296
0 2147 0.761979 0.339815 0.041667 0.211111
0 2148 0.671615 0.274074 0.038021 0.177778
0 2149 0.585938 0.323611 0.041667 0.175000
0 2151 0.279948 0.264352 0.038021 0.165741
0 2152 0.464583 0.228704 0.030208 0.148148
0 2153 0.487760 0.240741 0.031771 0.124074
0 2154 0.466667 0.225463 0.025000 0.093519
0 2155 0.492188 0.210185 0.035417 0.142593
0 2156 0.347917 0.234259 0.046875 0.162963
0 2157 0.360938 0.204167 0.030208 0.137963
0 2158 0.544531 0.110185 0.023438 0.112963
0 2159 0.391146 0.121759 0.029167 0.117593
0 2160 0.367188 0.125926 0.025000 0.129630
0 2162 0.395833 0.296296 0.036458 0.181481
0 2164 0.352604 0.131019 0.031250 0.158333
0 2165 0.465104 0.144444 0.032292 0.125926
0 2166 0.418490 0.157407 0.025521 0.109259
0 2167 0.383854 0.153241 0.031250 0.132407
0 2168 0.363021 0.164815 0.023958 0.090741
0 2189 0.333854 0.098148 0.027083 0.129630
