0 2026 0.097396 0.393981 0.039583 0.191667
0 2109 0.605990 0.209259 0.029687 0.118519
0 2110 0.864062 0.351852 0.037500 0.185185
0 2111 0.615365 0.264815 0.031771 0.162963
0 2124 0.191667 0.527778 0.046875 0.238889
0 2125 0.271875 0.540741 0.072917 0.229630
0 2126 0.244271 0.470833 0.045833 0.234259
0 2127 0.357552 0.480556 0.057813 0.248148
0 2128 0.395573 0.353241 0.034896 0.189815
0 2129 0.314844 0.361574 0.044271 0.206481
0 2130 0.460156 0.378241 0.040104 0.195370
0 2131 0.390625 0.412963 0.062500 0.229630
0 2132 0.448958 0.425926 0.046875 0.209259
0 2133 0.856510 0.411111 0.055729 0.188889
0 2135 0.456771 0.392593 0.043750 0.198148
0 2136 0.446354 0.359259 0.055208 0.196296
0 2140 0.429688 0.311111 0.042708 0.179630
0 2141 0.782292 0.337037 0.045833 0.179630
0 2143 0.912240 0.374074 0.038021 0.198148
0 2144 0.740104 0.390741 0.042708 0.201852
0 2145 0.883333 0.351389 0.036458 0.180556
0 2146 0.856771 0.351389 0.036458 0.189815
0 2147 0.818229 0.350463 0.050000 0.212037
0 2148 0.719271 0.293056 0.042708 0.186111
0 2149 0.619271 0.342130 0.042708 0.187963
0 2150 0.825781 0.423611 0.063021 0.226852
0 2151 0.265625 0.270833 0.040625 0.165741
0 2152 0.476042 0.237963 0.034375 0.148148
0 2153 0.496615 0.249074 0.031771 0.129630
0 2154 0.469010 0.237037 0.027604 0.092593
0 2155 0.500781 0.210185 0.033854 0.142593
0 2156 0.353646 0.242130 0.041667 0.167593
0 2157 0.395052 0.212037 0.029687 0.140741
0 2158 0.548438 0.094444 0.022917 0.111111
0 2159 0.422135 0.118519 0.034896 0.124074
0 2160 0.399479 0.123148 0.025000 0.129630
0 2162 0.389583 0.309259 0.039583 0.183333
0 2164 0.365104 0.142130 0.031250 0.176852
0 2165 0.475260 0.149074 0.031771 0.129630
0 2166 0.421875 0.158796 0.026042 0.110185
0 2167 0.395313 0.154630 0.034375 0.131481
0 2168 0.370312 0.168519 0.023958 0.090741
0 2186 0.376563 0.118981 0.021875 0.082407
0 2189 0.378646 0.094907 0.026042 0.128704
