0 2026 0.097396 0.406019 0.039583 0.189815
0 2109 0.603906 0.214815 0.029687 0.118519
0 2110 0.827083 0.353241 0.037500 0.184259
0 2111 0.615625 0.275000 0.032292 0.162963
0 2124 0.167969 0.574537 0.051562 0.250926
0 2125 0.246354 0.587963 0.077083 0.253704
0 2126 0.231771 0.506481 0.047917 0.235185
0 2127 0.336458 0.528704 0.062500 0.268519
0 2128 0.441927 0.378241 0.047396 0.189815
0 2129 0.316146 0.391667 0.044792 0.207407
0 2130 0.451042 0.412037 0.040625 0.209259
0 2131 0.366406 0.445370 0.063021 0.238889
0 2132 0.419792 0.462963 0.040625 0.218519
0 2135 0.520573 0.418056 0.050521 0.200926
0 2136 0.511979 0.378241 0.060417 0.200926
0 2140 0.423177 0.338889 0.047396 0.179630
0 2141 0.809115 0.362963 0.044271 0.190741
0 2144 0.792188 0.417130 0.058333 0.200926
0 2145 0.946354 0.366204 0.036458 0.184259
0 2146 0.922656 0.366204 0.035937 0.182407
0 2147 0.879948 0.369907 0.060937 0.215741
0 2148 0.743750 0.320833 0.045833 0.193519
0 2149 0.661198 0.366667 0.054688 0.190741
0 2150 0.745573 0.424074 0.057813 0.233333
0 2151 0.260937 0.296296 0.039583 0.174074
0 2152 0.486198 0.264815 0.034896 0.153704
0 2153 0.511198 0.273148 0.031771 0.129630
0 2154 0.485938 0.265741 0.028125 0.092593
0 2155 0.514583 0.234259 0.033333 0.142593
0 2156 0.352865 0.273148 0.042188 0.168519
0 2157 0.416667 0.235185 0.030208 0.140741
0 2158 0.552604 0.095833 0.022917 0.104630
0 2159 0.446354 0.137963 0.029167 0.118519
0 2160 0.418229 0.139815 0.025000 0.129630
0 2162 0.381250 0.340278 0.041667 0.197222
0 2164 0.373177 0.165278 0.033854 0.182407
0 2165 0.482552 0.169444 0.029687 0.137037
0 2166 0.427083 0.179630 0.026042 0.112963
0 2167 0.400260 0.173611 0.035937 0.132407
0 2168 0.372917 0.188889 0.023958 0.090741
0 2174 0.341406 0.119444 0.028646 0.112963
0 2175 0.342187 0.113426 0.025000 0.112037
0 2176 0.355729 0.112963 0.021875 0.087037
0 2186 0.413021 0.142130 0.021875 0.082407
0 2189 0.411458 0.113889 0.026042 0.129630
