0 2026 0.097917 0.391204 0.039583 0.187963
0 2109 0.606771 0.207407 0.030208 0.118519
0 2110 0.882292 0.355556 0.037500 0.185185
0 2111 0.615365 0.263889 0.031771 0.162963
0 2124 0.199479 0.521296 0.044792 0.237037
0 2125 0.278385 0.531481 0.071354 0.225926
0 2126 0.247917 0.461574 0.044792 0.234259
0 2127 0.360417 0.470833 0.056250 0.241667
0 2128 0.388542 0.350000 0.035417 0.190741
0 2129 0.311979 0.356019 0.041667 0.206481
0 2130 0.457031 0.371759 0.040104 0.195370
0 2131 0.400521 0.406481 0.051042 0.222222
0 2132 0.458073 0.418519 0.046354 0.209259
0 2133 0.835677 0.406944 0.056771 0.187963
0 2135 0.438021 0.388426 0.050000 0.191667
0 2136 0.429688 0.359259 0.055208 0.196296
0 2140 0.429688 0.307407 0.042708 0.179630
0 2141 0.775000 0.335648 0.047917 0.178704
0 2142 0.860677 0.387500 0.046354 0.193519
0 2143 0.892188 0.369907 0.039583 0.195370
0 2144 0.730990 0.386111 0.042188 0.198148
0 2145 0.866146 0.347222 0.036458 0.179630
0 2146 0.835417 0.350926 0.036458 0.196296
0 2147 0.799219 0.346759 0.047396 0.210185
0 2148 0.708594 0.287037 0.042188 0.183333
0 2149 0.609896 0.334259 0.042708 0.187037
0 2150 0.855729 0.428241 0.059375 0.228704
0 2151 0.268490 0.266204 0.040104 0.165741
0 2152 0.470833 0.234259 0.034375 0.148148
0 2153 0.492969 0.245370 0.031771 0.127778
0 2154 0.467969 0.233333 0.026562 0.092593
0 2155 0.497917 0.208333 0.032292 0.142593
0 2156 0.353646 0.236574 0.041667 0.167593
0 2157 0.385937 0.209259 0.030208 0.138889
0 2158 0.547656 0.097222 0.023438 0.112963
0 2159 0.413802 0.119444 0.032813 0.122222
0 2160 0.391927 0.123148 0.025521 0.129630
0 2162 0.391406 0.304167 0.038021 0.182407
0 2164 0.362500 0.139815 0.031250 0.175926
0 2165 0.472656 0.146759 0.031771 0.128704
0 2166 0.420573 0.158796 0.025521 0.110185
0 2167 0.392708 0.152315 0.032292 0.132407
0 2168 0.368750 0.167593 0.023958 0.090741
0 2186 0.364063 0.118981 0.021875 0.082407
0 2189 0.364583 0.093981 0.026042 0.128704
