0 2026 0.080729 0.457870 0.051042 0.189815
0 2109 0.602604 0.267593 0.030208 0.118519
0 2110 0.784635 0.386574 0.040104 0.176852
0 2111 0.612500 0.320370 0.032292 0.162963
0 2124 0.121354 0.687963 0.054167 0.268519
0 2125 0.201563 0.712500 0.078125 0.269444
0 2126 0.194271 0.615741 0.053125 0.262963
0 2127 0.300521 0.656944 0.070833 0.289815
0 2128 0.528646 0.456019 0.050000 0.200926
0 2129 0.303125 0.480093 0.046875 0.210185
0 2130 0.438021 0.514815 0.046875 0.218519
0 2131 0.323437 0.552315 0.065625 0.254630
0 2132 0.377865 0.567593 0.046354 0.235185
0 2135 0.642448 0.493056 0.058854 0.206481
0 2136 0.613802 0.445370 0.050521 0.203704
0 2140 0.403646 0.437037 0.047917 0.212963
0 2148 0.789062 0.408333 0.053125 0.203704
0 2149 0.762500 0.443981 0.060417 0.191667
0 2150 0.691927 0.451389 0.048438 0.221296
0 2151 0.251823 0.376389 0.042188 0.182407
0 2152 0.508854 0.341667 0.036458 0.162963
0 2153 0.533333 0.351389 0.031250 0.137963
0 2154 0.493750 0.335185 0.027083 0.101852
0 2155 0.526042 0.305093 0.034375 0.143519
0 2156 0.357552 0.342130 0.042188 0.171296
0 2157 0.440104 0.318519 0.033333 0.153704
0 2158 0.558073 0.146759 0.023438 0.104630
0 2159 0.468229 0.206944 0.029167 0.121296
0 2160 0.432031 0.207407 0.027604 0.129630
0 2162 0.358333 0.429630 0.048958 0.214815
0 2164 0.377604 0.241667 0.034375 0.187037
0 2165 0.496615 0.242130 0.031771 0.137963
0 2166 0.425260 0.252778 0.027604 0.116667
0 2167 0.396875 0.246296 0.034375 0.140741
0 2168 0.373437 0.244907 0.022917 0.091667
0 2169 0.266406 0.230556 0.031771 0.131481
0 2174 0.380469 0.182870 0.029687 0.112037
0 2175 0.383594 0.182870 0.025521 0.102778
0 2176 0.394792 0.180556 0.021875 0.087037
0 2186 0.448698 0.198611 0.021354 0.082407
0 2189 0.459375 0.173611 0.031250 0.125000
