0 2026 0.084896 0.474074 0.040625 0.190741
0 2109 0.600521 0.278704 0.030208 0.118519
0 2110 0.758594 0.382407 0.040104 0.168519
0 2111 0.609896 0.347222 0.032292 0.162963
0 2124 0.078125 0.790741 0.058333 0.292593
0 2125 0.164583 0.819444 0.092708 0.296296
0 2126 0.169271 0.700463 0.055208 0.273148
0 2127 0.272396 0.759722 0.072917 0.323148
0 2128 0.645052 0.497685 0.053646 0.206481
0 2129 0.283333 0.547685 0.053125 0.215741
0 2130 0.415365 0.591204 0.044271 0.239815
0 2131 0.286458 0.624537 0.065625 0.267593
0 2132 0.333333 0.641667 0.047917 0.248148
0 2135 0.778125 0.525463 0.056250 0.206481
0 2136 0.713802 0.475926 0.055729 0.203704
0 2140 0.374479 0.499537 0.053125 0.223148
0 2148 0.890365 0.442130 0.054688 0.204630
0 2150 0.629687 0.435648 0.053125 0.202778
0 2151 0.259375 0.420833 0.044792 0.193519
0 2152 0.550260 0.387500 0.038021 0.173148
0 2153 0.573438 0.397222 0.030208 0.142593
0 2154 0.504167 0.376852 0.035417 0.109259
0 2155 0.535156 0.346759 0.040104 0.150926
0 2156 0.358854 0.359722 0.042708 0.171296
0 2157 0.481250 0.364352 0.036458 0.171296
0 2158 0.564323 0.159722 0.023438 0.104630
0 2159 0.487500 0.236111 0.029167 0.120370
0 2160 0.448437 0.239815 0.028125 0.129630
0 2162 0.325260 0.492593 0.050521 0.227778
0 2164 0.391406 0.280556 0.040104 0.196296
0 2165 0.513021 0.279167 0.031250 0.150926
0 2166 0.421354 0.283796 0.026042 0.117593
0 2167 0.395313 0.282407 0.034375 0.140741
0 2168 0.369792 0.290278 0.021875 0.093519
0 2169 0.292448 0.261574 0.032813 0.137963
0 2174 0.416146 0.210648 0.029167 0.113889
0 2175 0.420573 0.206944 0.025521 0.106481
0 2176 0.438021 0.210648 0.021875 0.095370
0 2177 0.371875 0.181481 0.034375 0.124074
0 2178 0.377344 0.198611 0.023438 0.082407
0 2186 0.487500 0.228704 0.021875 0.081481
0 2189 0.505729 0.200926 0.028125 0.124074
