0 2026 0.082812 0.452778 0.047917 0.188889
0 2109 0.602604 0.263889 0.030208 0.118519
0 2110 0.786979 0.385648 0.041667 0.178704
0 2111 0.613021 0.314815 0.032292 0.162963
0 2124 0.127083 0.675463 0.053125 0.265741
0 2125 0.207813 0.698148 0.081250 0.268519
0 2126 0.198698 0.605556 0.052604 0.261111
0 2127 0.305729 0.640741 0.071875 0.288889
0 2128 0.518490 0.448611 0.054688 0.197222
0 2129 0.305729 0.468981 0.046875 0.210185
0 2130 0.440365 0.505093 0.046354 0.217593
0 2131 0.328646 0.538426 0.064583 0.249074
0 2132 0.381771 0.555556 0.045833 0.235185
0 2135 0.625260 0.484722 0.052604 0.206481
0 2136 0.606250 0.440278 0.050000 0.202778
0 2140 0.405729 0.425926 0.047917 0.209259
0 2141 0.877604 0.428241 0.058333 0.189815
0 2147 0.974740 0.414352 0.046354 0.199074
0 2148 0.781250 0.399074 0.050000 0.203704
0 2149 0.747396 0.435185 0.060417 0.190741
0 2150 0.694010 0.450000 0.048438 0.222222
0 2151 0.252344 0.368519 0.043229 0.181481
0 2152 0.504687 0.331481 0.036458 0.162963
0 2153 0.530729 0.343056 0.031250 0.137963
0 2154 0.492448 0.326389 0.026562 0.099074
0 2155 0.525000 0.298611 0.034375 0.143519
0 2156 0.356510 0.334722 0.042188 0.171296
0 2157 0.435937 0.309259 0.033333 0.151852
0 2158 0.557031 0.142130 0.023438 0.104630
0 2159 0.466667 0.200463 0.028125 0.119444
0 2160 0.430469 0.200926 0.027604 0.129630
0 2162 0.361198 0.418981 0.047396 0.213889
0 2164 0.376042 0.233333 0.034375 0.187037
0 2165 0.494531 0.237500 0.031771 0.137963
0 2166 0.425260 0.244907 0.027604 0.115741
0 2167 0.397656 0.240278 0.033854 0.139815
0 2168 0.373698 0.238426 0.023438 0.091667
0 2169 0.263542 0.221296 0.030208 0.131481
0 2174 0.375521 0.175463 0.029167 0.112037
0 2175 0.379167 0.174537 0.025000 0.104630
0 2176 0.391146 0.174074 0.021875 0.087037
0 2186 0.444531 0.192130 0.021354 0.082407
0 2189 0.453646 0.167130 0.030208 0.126852
