0 2026 0.097396 0.406944 0.039583 0.189815
0 2109 0.603906 0.214815 0.029687 0.118519
0 2110 0.825781 0.354167 0.038021 0.184259
0 2111 0.615104 0.275926 0.032292 0.162963
0 2124 0.166146 0.575926 0.051042 0.251852
0 2125 0.244792 0.590741 0.077083 0.253704
0 2126 0.231250 0.509259 0.047917 0.235185
0 2127 0.335417 0.531944 0.062500 0.269444
0 2128 0.444792 0.380093 0.047917 0.189815
0 2129 0.316146 0.392593 0.044792 0.207407
0 2130 0.451042 0.414815 0.040625 0.209259
0 2131 0.365104 0.447685 0.063542 0.239815
0 2132 0.418750 0.465741 0.040625 0.218519
0 2135 0.523698 0.419444 0.050521 0.201852
0 2136 0.515625 0.380093 0.060417 0.200926
0 2140 0.422656 0.341667 0.047396 0.179630
0 2141 0.810677 0.364815 0.044271 0.190741
0 2144 0.795833 0.418981 0.058333 0.200926
0 2145 0.948958 0.368056 0.036458 0.184259
0 2146 0.926042 0.367130 0.036458 0.182407
0 2147 0.883073 0.371759 0.060937 0.215741
0 2148 0.744792 0.323148 0.045833 0.194444
0 2149 0.662760 0.368519 0.055729 0.190741
0 2150 0.743229 0.425463 0.058333 0.234259
0 2151 0.260937 0.298148 0.039583 0.174074
0 2152 0.486198 0.266204 0.034896 0.154630
0 2153 0.511979 0.274074 0.032292 0.129630
0 2154 0.486979 0.267593 0.028125 0.092593
0 2155 0.515104 0.236111 0.033333 0.142593
0 2156 0.353385 0.274074 0.042188 0.168519
0 2157 0.417187 0.237037 0.030208 0.140741
0 2158 0.552604 0.096759 0.022917 0.104630
0 2159 0.447396 0.139815 0.029167 0.118519
0 2160 0.418750 0.140741 0.025000 0.129630
0 2162 0.380729 0.342593 0.041667 0.198148
0 2164 0.372917 0.167593 0.034375 0.183333
0 2165 0.483333 0.171296 0.030208 0.137037
0 2166 0.427604 0.181481 0.026042 0.112963
0 2167 0.400260 0.175463 0.035937 0.132407
0 2168 0.372917 0.190741 0.023958 0.090741
0 2174 0.342708 0.120833 0.029167 0.112037
0 2175 0.343229 0.115278 0.025000 0.112037
0 2176 0.357292 0.114815 0.021875 0.087037
0 2186 0.415104 0.143056 0.021875 0.082407
0 2189 0.413021 0.115741 0.026042 0.129630
