0 2026 0.087500 0.439815 0.043750 0.187037
0 2109 0.602604 0.250926 0.030208 0.118519
0 2110 0.797396 0.375926 0.041667 0.181481
0 2111 0.613542 0.304630 0.032292 0.162963
0 2124 0.139063 0.650926 0.051042 0.262963
0 2125 0.218229 0.668981 0.080208 0.263889
0 2126 0.209896 0.583796 0.050000 0.256481
0 2127 0.315885 0.608796 0.072396 0.286111
0 2128 0.497917 0.427778 0.052083 0.194444
0 2129 0.308854 0.446759 0.046875 0.210185
0 2130 0.444531 0.477315 0.040104 0.210185
0 2131 0.339062 0.511111 0.063542 0.238889
0 2132 0.390365 0.528704 0.046354 0.229630
0 2135 0.593229 0.469907 0.054167 0.206481
0 2136 0.581510 0.423611 0.055729 0.197222
0 2140 0.408333 0.401852 0.047917 0.198148
0 2141 0.853906 0.413426 0.058854 0.189815
0 2147 0.955469 0.403704 0.050521 0.205556
0 2148 0.766667 0.378704 0.045833 0.203704
0 2149 0.721354 0.415278 0.055208 0.189815
0 2150 0.701823 0.443519 0.046354 0.224074
0 2151 0.253906 0.348611 0.042188 0.178704
0 2152 0.498437 0.311111 0.036458 0.159259
0 2153 0.526563 0.325463 0.034375 0.137963
0 2154 0.489583 0.307407 0.025000 0.094444
0 2155 0.523177 0.279167 0.033854 0.143519
0 2156 0.354687 0.320833 0.042708 0.171296
0 2157 0.430729 0.288889 0.032292 0.146296
0 2158 0.554948 0.131019 0.023438 0.104630
0 2159 0.462760 0.184259 0.028646 0.118519
0 2160 0.429167 0.182870 0.026042 0.128704
0 2162 0.367969 0.398611 0.044271 0.210185
0 2164 0.375781 0.214815 0.033854 0.185185
0 2165 0.490625 0.217593 0.032292 0.137037
0 2166 0.424479 0.224537 0.028125 0.115741
0 2167 0.399740 0.225000 0.033854 0.138889
0 2168 0.374479 0.225926 0.023958 0.090741
0 2174 0.367188 0.158796 0.029167 0.112037
0 2175 0.369792 0.157870 0.025000 0.108333
0 2176 0.383854 0.155556 0.021875 0.087037
0 2186 0.436198 0.179167 0.021354 0.082407
0 2189 0.442708 0.152778 0.028125 0.129630
