0 2026 0.084635 0.474074 0.041146 0.190741
0 2109 0.600521 0.278704 0.030208 0.118519
0 2110 0.762240 0.385185 0.040104 0.170370
0 2111 0.610417 0.346296 0.032292 0.162963
0 2124 0.081771 0.781019 0.058333 0.291667
0 2125 0.168750 0.807407 0.087500 0.292593
0 2126 0.171875 0.692130 0.055208 0.273148
0 2127 0.275260 0.750926 0.070312 0.316667
0 2128 0.633594 0.492593 0.051562 0.203704
0 2129 0.285938 0.541204 0.053125 0.215741
0 2130 0.420052 0.578704 0.045312 0.233333
0 2131 0.290365 0.618519 0.067187 0.268519
0 2132 0.338802 0.636574 0.046354 0.249074
0 2135 0.758073 0.523148 0.060937 0.207407
0 2136 0.697656 0.472685 0.059896 0.204630
0 2140 0.379167 0.493981 0.053125 0.221296
0 2148 0.873698 0.441204 0.054688 0.204630
0 2150 0.644271 0.439352 0.055208 0.204630
0 2151 0.257552 0.416667 0.044271 0.192593
0 2152 0.543229 0.384259 0.038542 0.170370
0 2153 0.566667 0.393981 0.030208 0.141667
0 2154 0.503125 0.373611 0.035417 0.106481
0 2155 0.533333 0.342593 0.040625 0.144444
0 2156 0.358594 0.358796 0.042188 0.171296
0 2157 0.475260 0.359259 0.035937 0.168519
0 2158 0.563281 0.160648 0.023438 0.104630
0 2159 0.484896 0.235185 0.029167 0.118519
0 2160 0.445573 0.236111 0.027604 0.129630
0 2162 0.329167 0.488426 0.050000 0.226852
0 2164 0.389844 0.276852 0.040104 0.194444
0 2165 0.511198 0.275463 0.031771 0.145370
0 2166 0.421354 0.281944 0.026042 0.117593
0 2167 0.395833 0.281481 0.034375 0.140741
0 2168 0.370052 0.288426 0.021354 0.093519
0 2169 0.289844 0.259722 0.033854 0.136111
0 2174 0.413021 0.209259 0.029167 0.112963
0 2175 0.416406 0.206019 0.025521 0.104630
0 2176 0.431771 0.210185 0.020833 0.096296
0 2177 0.365625 0.180556 0.034375 0.124074
0 2178 0.370052 0.196759 0.023438 0.082407
0 2186 0.481771 0.226852 0.021875 0.081481
0 2189 0.498698 0.199074 0.027604 0.124074
