0 2026 0.085417 0.474074 0.037500 0.190741
0 2109 0.601042 0.277778 0.030208 0.118519
0 2110 0.749479 0.370370 0.040625 0.168519
0 2111 0.610417 0.342593 0.032292 0.162963
0 2124 0.060156 0.824074 0.061979 0.303704
0 2125 0.145313 0.851852 0.087500 0.292593
0 2126 0.157812 0.727778 0.056250 0.274074
0 2127 0.252083 0.799537 0.076042 0.341667
0 2128 0.704427 0.500926 0.063021 0.205556
0 2129 0.270052 0.568519 0.053646 0.218519
0 2130 0.395313 0.616204 0.052083 0.250926
0 2131 0.269271 0.645833 0.066667 0.267593
0 2132 0.317448 0.666667 0.050521 0.257407
0 2135 0.838802 0.525463 0.057813 0.204630
0 2136 0.760156 0.481019 0.063021 0.210185
0 2140 0.361979 0.517593 0.055208 0.235185
0 2148 0.946354 0.443981 0.053125 0.204630
0 2150 0.587760 0.418056 0.057813 0.197222
0 2151 0.264583 0.428241 0.044792 0.193519
0 2152 0.571875 0.396296 0.038542 0.168519
0 2153 0.598698 0.402778 0.030729 0.144444
0 2154 0.514062 0.385648 0.036458 0.110185
0 2155 0.544010 0.358796 0.043229 0.167593
0 2156 0.359635 0.357870 0.042188 0.171296
0 2157 0.505729 0.371759 0.035417 0.165741
0 2158 0.571094 0.150000 0.023438 0.103704
0 2159 0.492188 0.241667 0.029167 0.127778
0 2160 0.454948 0.243519 0.027604 0.129630
0 2162 0.313802 0.507870 0.053646 0.230556
0 2164 0.397656 0.287037 0.040104 0.198148
0 2165 0.520052 0.285185 0.031771 0.153704
0 2166 0.421875 0.290278 0.026042 0.121296
0 2167 0.395833 0.285185 0.034375 0.140741
0 2168 0.369792 0.295833 0.021875 0.093519
0 2169 0.300260 0.265278 0.031771 0.137963
0 2174 0.425000 0.215278 0.029167 0.115741
0 2175 0.435156 0.208333 0.025521 0.112963
0 2176 0.456250 0.213426 0.022917 0.095370
0 2177 0.391667 0.184259 0.031250 0.124074
0 2178 0.396615 0.201389 0.023438 0.082407
0 2186 0.509896 0.233796 0.021875 0.082407
0 2189 0.525260 0.206019 0.027604 0.126852
