0 2026 0.084896 0.474074 0.040625 0.190741
0 2109 0.600521 0.278704 0.030208 0.118519
0 2110 0.758073 0.382407 0.040104 0.168519
0 2111 0.609896 0.348148 0.032292 0.162963
0 2124 0.077604 0.792593 0.058333 0.292593
0 2125 0.163542 0.821759 0.093750 0.297222
0 2126 0.168490 0.702315 0.054688 0.273148
0 2127 0.271615 0.761574 0.073438 0.325000
0 2128 0.646615 0.499537 0.052604 0.206481
0 2129 0.282813 0.549537 0.053125 0.215741
0 2130 0.414062 0.593056 0.044792 0.239815
0 2131 0.285677 0.625926 0.065104 0.268519
0 2132 0.332292 0.643056 0.048958 0.249074
0 2135 0.782292 0.525926 0.055208 0.207407
0 2136 0.717187 0.476852 0.055208 0.203704
0 2140 0.373698 0.500926 0.053646 0.224074
0 2148 0.893490 0.442130 0.054688 0.204630
0 2150 0.626823 0.434722 0.052604 0.202778
0 2151 0.259896 0.421759 0.044792 0.193519
0 2152 0.551823 0.388426 0.038021 0.173148
0 2153 0.575000 0.397222 0.030208 0.142593
0 2154 0.504167 0.377778 0.035417 0.109259
0 2155 0.535156 0.347685 0.040104 0.152778
0 2156 0.358854 0.359722 0.042708 0.171296
0 2157 0.482812 0.364815 0.036458 0.170370
0 2158 0.564323 0.158796 0.023438 0.104630
0 2159 0.488021 0.236574 0.029167 0.119444
0 2160 0.448437 0.240741 0.028125 0.129630
0 2162 0.324479 0.493519 0.051042 0.227778
0 2164 0.391406 0.281019 0.040104 0.197222
0 2165 0.513542 0.280093 0.031250 0.150926
0 2166 0.421354 0.284722 0.026042 0.117593
0 2167 0.395313 0.282407 0.034375 0.140741
0 2168 0.369792 0.290278 0.021875 0.093519
0 2169 0.292969 0.261574 0.032813 0.137963
0 2174 0.416927 0.211111 0.029687 0.114815
0 2175 0.421615 0.206944 0.025521 0.106481
0 2176 0.439063 0.210648 0.021875 0.095370
0 2177 0.372917 0.182407 0.034375 0.124074
0 2178 0.378906 0.199537 0.023438 0.082407
0 2186 0.489063 0.228704 0.021875 0.081481
0 2189 0.507292 0.200926 0.028125 0.124074
