0 2026 0.084896 0.474074 0.040625 0.190741
0 2109 0.600521 0.278704 0.030208 0.118519
0 2110 0.759115 0.382870 0.040104 0.169444
0 2111 0.609896 0.347222 0.032292 0.162963
0 2124 0.078646 0.788889 0.058333 0.292593
0 2125 0.165104 0.817130 0.091667 0.295370
0 2126 0.170313 0.698611 0.055208 0.273148
0 2127 0.272917 0.758796 0.071875 0.321296
0 2128 0.643750 0.496296 0.055208 0.205556
0 2129 0.283854 0.546759 0.053125 0.215741
0 2130 0.416927 0.589352 0.043229 0.237963
0 2131 0.287240 0.623611 0.066146 0.267593
0 2132 0.334115 0.640278 0.047396 0.249074
0 2135 0.773958 0.525000 0.058333 0.207407
0 2136 0.710677 0.475000 0.056771 0.203704
0 2140 0.375521 0.498148 0.053125 0.222222
0 2148 0.887240 0.442130 0.054688 0.204630
0 2150 0.632552 0.436574 0.053646 0.202778
0 2151 0.258854 0.419907 0.044792 0.193519
0 2152 0.548958 0.387037 0.038542 0.172222
0 2153 0.571875 0.396296 0.030208 0.142593
0 2154 0.503646 0.376389 0.035417 0.108333
0 2155 0.534635 0.346296 0.040104 0.150000
0 2156 0.358854 0.359722 0.042708 0.171296
0 2157 0.479948 0.364352 0.035937 0.171296
0 2158 0.563802 0.159722 0.023438 0.104630
0 2159 0.486979 0.235648 0.029167 0.119444
0 2160 0.447917 0.239815 0.028125 0.129630
0 2162 0.326042 0.491667 0.051042 0.227778
0 2164 0.390885 0.279630 0.040104 0.196296
0 2165 0.512760 0.278704 0.031771 0.150000
0 2166 0.421354 0.283796 0.026042 0.117593
0 2167 0.395833 0.282407 0.034375 0.140741
0 2168 0.369792 0.289352 0.021875 0.093519
0 2169 0.291927 0.261574 0.032813 0.137963
0 2174 0.415625 0.210648 0.029167 0.113889
0 2175 0.420052 0.206944 0.025521 0.106481
0 2176 0.436458 0.210185 0.021875 0.096296
0 2177 0.370573 0.181481 0.034896 0.124074
0 2178 0.375781 0.198611 0.023438 0.082407
0 2186 0.486458 0.228704 0.021875 0.081481
0 2189 0.504427 0.200000 0.027604 0.124074
