0 2026 0.085156 0.447685 0.044271 0.187963
0 2109 0.602604 0.257407 0.030208 0.118519
0 2110 0.792188 0.380556 0.041667 0.179630
0 2111 0.613021 0.310185 0.032292 0.162963
0 2124 0.133073 0.665278 0.051562 0.263889
0 2125 0.214323 0.683796 0.083854 0.267593
0 2126 0.204167 0.594444 0.051042 0.259259
0 2127 0.311198 0.624537 0.072396 0.287963
0 2128 0.508073 0.437963 0.053646 0.196296
0 2129 0.308854 0.457870 0.046875 0.210185
0 2130 0.442708 0.491204 0.042708 0.213889
0 2131 0.334115 0.524074 0.064062 0.242593
0 2132 0.385937 0.544444 0.045833 0.235185
0 2135 0.608073 0.476389 0.049479 0.206481
0 2136 0.594792 0.432407 0.053125 0.200000
0 2140 0.406771 0.413889 0.047917 0.203704
0 2141 0.865885 0.421759 0.059896 0.189815
0 2147 0.965885 0.408796 0.049479 0.199074
0 2148 0.773177 0.389815 0.047396 0.203704
0 2149 0.733073 0.425463 0.059896 0.189815
0 2150 0.696354 0.449074 0.047917 0.224074
0 2151 0.252604 0.359722 0.043750 0.180556
0 2152 0.501563 0.321296 0.036458 0.161111
0 2153 0.528906 0.334722 0.032813 0.137963
0 2154 0.490885 0.316667 0.025521 0.096296
0 2155 0.524219 0.288426 0.033854 0.143519
0 2156 0.355469 0.327315 0.042188 0.171296
0 2157 0.432292 0.300000 0.033333 0.150000
0 2158 0.555990 0.136574 0.023438 0.104630
0 2159 0.465365 0.193981 0.027604 0.117593
0 2160 0.429427 0.193981 0.026562 0.128704
0 2162 0.364583 0.408796 0.045833 0.212037
0 2164 0.375521 0.225000 0.034375 0.187037
0 2165 0.492708 0.228241 0.032292 0.137963
0 2166 0.424740 0.234722 0.027604 0.115741
0 2167 0.398698 0.233796 0.033854 0.139815
0 2168 0.374219 0.232407 0.023438 0.090741
0 2169 0.260417 0.212500 0.028125 0.132407
0 2174 0.371354 0.167130 0.029167 0.112037
0 2175 0.374479 0.166204 0.025000 0.106481
0 2176 0.387500 0.164815 0.021875 0.087037
0 2186 0.440365 0.185648 0.021354 0.082407
0 2189 0.447917 0.160648 0.029167 0.128704
