0 2026 0.084375 0.474074 0.042708 0.190741
0 2109 0.601562 0.281944 0.030208 0.117593
0 2110 0.767188 0.388426 0.040625 0.173148
0 2111 0.610938 0.344444 0.032292 0.162963
0 2124 0.090104 0.760185 0.059375 0.287037
0 2125 0.176042 0.787963 0.085417 0.287037
0 2126 0.172917 0.679167 0.055208 0.273148
0 2127 0.278906 0.733796 0.067187 0.312037
0 2128 0.603906 0.487963 0.051562 0.200000
0 2129 0.290104 0.531019 0.053125 0.215741
0 2130 0.424219 0.564815 0.049479 0.227778
0 2131 0.297135 0.608333 0.068229 0.268519
0 2132 0.348438 0.619907 0.047917 0.245370
0 2135 0.730990 0.522685 0.056771 0.206481
0 2136 0.678125 0.468056 0.059375 0.204630
0 2140 0.385937 0.485185 0.053125 0.220370
0 2148 0.852865 0.437500 0.054688 0.204630
0 2149 0.855208 0.477778 0.065625 0.198148
0 2150 0.658333 0.442593 0.053125 0.207407
0 2151 0.255469 0.412037 0.044271 0.190741
0 2152 0.535417 0.377778 0.038542 0.170370
0 2153 0.558073 0.387037 0.029687 0.140741
0 2154 0.502604 0.368519 0.035417 0.103704
0 2155 0.531771 0.335648 0.038542 0.143519
0 2156 0.358073 0.357870 0.042188 0.171296
0 2157 0.467448 0.350926 0.036979 0.162963
0 2158 0.562240 0.161574 0.023438 0.104630
0 2159 0.480729 0.231481 0.029167 0.118519
0 2160 0.440885 0.229630 0.027604 0.129630
0 2162 0.334896 0.477315 0.048958 0.223148
0 2164 0.387500 0.271759 0.039583 0.193519
0 2165 0.507812 0.270370 0.032292 0.138889
0 2166 0.422656 0.277778 0.026562 0.118519
0 2167 0.396354 0.277778 0.034375 0.140741
0 2168 0.370573 0.282870 0.021354 0.093519
0 2169 0.286198 0.254167 0.034896 0.132407
0 2174 0.407813 0.207407 0.029167 0.112963
0 2175 0.410156 0.204630 0.025521 0.101852
0 2176 0.422656 0.205093 0.021354 0.091667
0 2177 0.356510 0.179630 0.029687 0.125926
0 2178 0.359635 0.193519 0.024479 0.081481
0 2186 0.473698 0.224074 0.021354 0.081481
0 2189 0.490365 0.197222 0.027604 0.124074
