0 1952 0.430208 0.172222 0.033333 0.114815
0 2026 0.100521 0.466204 0.040625 0.189815
0 2109 0.612760 0.263889 0.029687 0.118519
0 2110 0.657031 0.317593 0.033854 0.159259
0 2111 0.623958 0.325000 0.031250 0.159259
0 2126 0.044792 0.891667 0.068750 0.216667
0 2127 0.059375 0.912037 0.093750 0.177778
0 2129 0.147396 0.737500 0.064583 0.313889
0 2130 0.254427 0.799537 0.066146 0.304630
0 2131 0.109115 0.832870 0.078646 0.332407
0 2132 0.178385 0.852778 0.069271 0.296296
0 2140 0.301823 0.656019 0.066146 0.293519
0 2150 0.416406 0.341204 0.044271 0.186111
0 2151 0.361979 0.520370 0.050000 0.227778
0 2152 0.842187 0.433796 0.059375 0.187963
0 2153 0.846354 0.431481 0.052083 0.157407
0 2154 0.733854 0.431019 0.041667 0.119444
0 2155 0.769792 0.395370 0.054167 0.181481
0 2156 0.412760 0.379630 0.045312 0.185185
0 2157 0.708333 0.437963 0.056250 0.196296
0 2158 0.644271 0.123611 0.021875 0.099074
0 2159 0.548438 0.269444 0.031250 0.140741
0 2160 0.510417 0.273148 0.032292 0.144444
0 2162 0.230208 0.648148 0.067708 0.296296
0 2164 0.477604 0.338889 0.044792 0.229630
0 2165 0.539062 0.320833 0.033333 0.171296
0 2166 0.460417 0.330556 0.031250 0.137037
0 2167 0.424479 0.316667 0.038542 0.157407
0 2168 0.406250 0.335185 0.026042 0.098148
0 2169 0.315625 0.304630 0.033333 0.148148
0 2174 0.428125 0.237037 0.036458 0.124074
0 2175 0.474479 0.225926 0.030208 0.118519
0 2176 0.426563 0.226852 0.023958 0.096296
0 2177 0.459635 0.197685 0.029687 0.134259
0 2178 0.473177 0.220833 0.023438 0.084259
0 2183 0.354167 0.183796 0.028125 0.108333
0 2184 0.380208 0.183333 0.028125 0.105556
0 2186 0.559896 0.251852 0.021875 0.090741
0 2189 0.582292 0.221296 0.032292 0.135185
0 2191 0.418229 0.173611 0.028125 0.126852
