0 2026 0.086198 0.472685 0.039062 0.189815
0 2109 0.602083 0.275926 0.030208 0.118519
0 2110 0.729167 0.356481 0.040625 0.168519
0 2111 0.612760 0.336111 0.031771 0.162963
0 2124 0.038542 0.859259 0.063542 0.283333
0 2125 0.121615 0.876389 0.097396 0.249074
0 2126 0.142187 0.762963 0.059375 0.274074
0 2127 0.230990 0.827778 0.070312 0.346296
0 2128 0.774219 0.503704 0.058854 0.209259
0 2129 0.249219 0.591667 0.054688 0.231481
0 2130 0.370833 0.644907 0.057292 0.256481
0 2131 0.242969 0.672685 0.071354 0.289815
0 2132 0.299740 0.701852 0.054688 0.270370
0 2136 0.828646 0.480093 0.063542 0.212037
0 2140 0.349740 0.539352 0.057813 0.247222
0 2150 0.534896 0.398611 0.051042 0.195370
0 2151 0.277604 0.441204 0.044792 0.197222
0 2152 0.621094 0.400000 0.043229 0.179630
0 2153 0.638021 0.412037 0.033333 0.153704
0 2154 0.534635 0.393981 0.034896 0.110185
0 2155 0.566927 0.369907 0.035937 0.173148
0 2156 0.360677 0.354167 0.042188 0.171296
0 2157 0.542448 0.378241 0.040104 0.167593
0 2158 0.579948 0.139352 0.023438 0.099074
0 2159 0.507292 0.244907 0.028125 0.132407
0 2160 0.466406 0.244907 0.032813 0.128704
0 2162 0.296354 0.525463 0.056250 0.236111
0 2164 0.414583 0.291667 0.044792 0.207407
0 2165 0.530208 0.286574 0.032292 0.154630
0 2166 0.428385 0.293519 0.030729 0.122222
0 2167 0.400260 0.287037 0.034896 0.142593
0 2168 0.370312 0.299537 0.021875 0.093519
0 2169 0.306771 0.266204 0.034375 0.137963
0 2174 0.432292 0.217130 0.029167 0.115741
0 2175 0.453125 0.210185 0.026042 0.118519
0 2176 0.475000 0.210648 0.022917 0.095370
0 2177 0.413802 0.183796 0.029687 0.123148
0 2178 0.420052 0.204167 0.023438 0.082407
0 2186 0.527865 0.231019 0.021354 0.082407
0 2189 0.548958 0.206944 0.028125 0.134259
