0 1952 0.452604 0.176389 0.031250 0.115741
0 2026 0.103646 0.471296 0.040625 0.190741
0 2109 0.614844 0.262963 0.029687 0.118519
0 2110 0.641406 0.313889 0.033854 0.159259
0 2111 0.627604 0.323611 0.031250 0.158333
0 2126 0.039323 0.911574 0.071354 0.178704
0 2127 0.034635 0.931481 0.068229 0.138889
0 2129 0.127083 0.770370 0.068750 0.324074
0 2130 0.220573 0.841204 0.067187 0.319444
0 2131 0.069271 0.851389 0.095833 0.295370
0 2132 0.149219 0.872685 0.071354 0.256481
0 2140 0.289323 0.685185 0.063021 0.298148
0 2150 0.396354 0.333796 0.038542 0.184259
0 2151 0.367188 0.548148 0.051042 0.238889
0 2152 0.888021 0.432870 0.058333 0.189815
0 2153 0.901042 0.438889 0.038542 0.164815
0 2154 0.786458 0.440278 0.040625 0.121296
0 2155 0.823177 0.402778 0.056771 0.183333
0 2156 0.450000 0.393981 0.045833 0.191667
0 2157 0.757552 0.444907 0.042188 0.200926
0 2158 0.659375 0.124537 0.021875 0.099074
0 2159 0.555990 0.275000 0.031771 0.140741
0 2160 0.523698 0.280093 0.029687 0.145370
0 2162 0.217708 0.674074 0.071875 0.296296
0 2164 0.475521 0.347685 0.044792 0.234259
0 2165 0.535937 0.329167 0.035417 0.171296
0 2166 0.469271 0.335648 0.031250 0.137963
0 2167 0.431771 0.325463 0.037500 0.162037
0 2168 0.414583 0.350926 0.026042 0.111111
0 2169 0.319271 0.311111 0.033333 0.148148
0 2174 0.425260 0.244907 0.033854 0.123148
0 2175 0.472656 0.230556 0.029687 0.118519
0 2176 0.418229 0.235185 0.023958 0.096296
0 2177 0.461719 0.209722 0.031771 0.139815
0 2178 0.479167 0.225926 0.022917 0.087037
0 2183 0.367969 0.190741 0.027604 0.111111
0 2184 0.394792 0.187963 0.028125 0.101852
0 2185 0.341927 0.178241 0.034896 0.121296
0 2186 0.561719 0.257870 0.021354 0.093519
0 2189 0.581510 0.228704 0.032813 0.135185
0 2191 0.437240 0.180093 0.027604 0.130556
0 2215 0.370052 0.182407 0.025521 0.120370
