0 1952 0.385937 0.164352 0.031250 0.119444
0 2026 0.090104 0.464352 0.050000 0.189815
0 2109 0.607552 0.264815 0.029687 0.118519
0 2110 0.683594 0.324074 0.033854 0.159259
0 2111 0.618490 0.326852 0.031771 0.161111
0 2125 0.038281 0.944907 0.075521 0.112037
0 2126 0.084115 0.857407 0.067187 0.287037
0 2127 0.125781 0.875000 0.079687 0.250000
0 2129 0.184115 0.668981 0.060937 0.267593
0 2130 0.300521 0.731481 0.060417 0.290741
0 2131 0.160417 0.765278 0.082292 0.326852
0 2132 0.238281 0.800926 0.063021 0.301852
0 2140 0.319531 0.606481 0.060937 0.270370
0 2150 0.447656 0.357870 0.050521 0.187963
0 2151 0.340104 0.487963 0.050000 0.218519
0 2152 0.755729 0.417593 0.053125 0.187037
0 2153 0.764062 0.422685 0.046875 0.154630
0 2154 0.653125 0.418519 0.038542 0.118519
0 2155 0.687240 0.383333 0.055729 0.177778
0 2156 0.376302 0.356481 0.042188 0.175926
0 2157 0.639062 0.413426 0.041667 0.189815
0 2158 0.617188 0.121296 0.021875 0.098148
0 2159 0.533073 0.255556 0.031771 0.140741
0 2160 0.492448 0.257407 0.031771 0.142593
0 2162 0.252344 0.594907 0.058854 0.273148
0 2164 0.457813 0.312500 0.044792 0.217593
0 2165 0.542448 0.305556 0.031771 0.164815
0 2166 0.447396 0.312037 0.032292 0.124074
0 2167 0.414583 0.305093 0.038542 0.150926
0 2168 0.384635 0.316667 0.025521 0.092593
0 2169 0.314063 0.287963 0.033333 0.148148
0 2174 0.432031 0.225463 0.031771 0.115741
0 2175 0.466146 0.217593 0.028125 0.118519
0 2176 0.447917 0.218981 0.023958 0.095370
0 2177 0.442188 0.184722 0.030208 0.123148
0 2178 0.461719 0.213426 0.023438 0.082407
0 2184 0.348438 0.175463 0.031250 0.106481
0 2186 0.552344 0.237500 0.021354 0.084259
0 2189 0.576562 0.215741 0.032292 0.135185
0 2191 0.383073 0.166667 0.030729 0.124074
