0 1952 0.364063 0.164815 0.028125 0.120370
0 2026 0.086458 0.465278 0.051042 0.189815
0 2109 0.603906 0.267593 0.029687 0.118519
0 2110 0.694010 0.330556 0.033854 0.159259
0 2111 0.616146 0.327778 0.032292 0.162963
0 2125 0.057552 0.919444 0.098437 0.162963
0 2126 0.099479 0.844907 0.068750 0.312037
0 2127 0.167187 0.858333 0.087500 0.283333
0 2128 0.898958 0.509722 0.047917 0.215741
0 2129 0.200781 0.632870 0.060937 0.234259
0 2130 0.317969 0.709259 0.054688 0.285185
0 2131 0.181771 0.739815 0.081250 0.307407
0 2132 0.254688 0.767593 0.063542 0.296296
0 2140 0.325781 0.581944 0.056771 0.249074
0 2150 0.463542 0.366204 0.051042 0.189815
0 2151 0.321875 0.479167 0.050000 0.217593
0 2152 0.714583 0.412037 0.053125 0.187037
0 2153 0.727604 0.417593 0.045833 0.151852
0 2154 0.611979 0.418056 0.038542 0.112037
0 2155 0.649479 0.380093 0.044792 0.176852
0 2156 0.367448 0.347685 0.038021 0.176852
0 2157 0.611198 0.404630 0.039062 0.187037
0 2158 0.606771 0.125000 0.022917 0.098148
0 2159 0.523698 0.252315 0.029687 0.139815
0 2160 0.485156 0.255093 0.031771 0.139815
0 2162 0.266927 0.568981 0.056771 0.249074
0 2164 0.442448 0.304167 0.042188 0.215741
0 2165 0.540885 0.298148 0.031771 0.157407
0 2166 0.440625 0.306944 0.032292 0.123148
0 2167 0.405729 0.302315 0.038542 0.150926
0 2168 0.375781 0.311111 0.025521 0.092593
0 2169 0.311198 0.280556 0.033854 0.148148
0 2174 0.432031 0.220833 0.031771 0.115741
0 2175 0.464062 0.215741 0.026042 0.118519
0 2176 0.460417 0.217130 0.023958 0.095370
0 2177 0.434635 0.182870 0.029687 0.123148
0 2178 0.455469 0.207870 0.023438 0.082407
0 2186 0.548698 0.232407 0.021354 0.079630
0 2189 0.570312 0.213889 0.029167 0.135185
0 2191 0.364063 0.164815 0.027083 0.124074
