0 1952 0.346875 0.164815 0.026042 0.120370
0 2026 0.086458 0.467130 0.047917 0.189815
0 2109 0.603125 0.271296 0.030208 0.118519
0 2110 0.703125 0.335185 0.037500 0.159259
0 2111 0.616146 0.329630 0.032292 0.162963
0 2124 0.016927 0.890741 0.032813 0.220370
0 2125 0.080729 0.907407 0.098958 0.187037
0 2126 0.115104 0.825000 0.064583 0.314815
0 2127 0.198958 0.851389 0.078125 0.299074
0 2128 0.869531 0.507870 0.059896 0.212037
0 2129 0.215365 0.627778 0.060937 0.253704
0 2130 0.333073 0.685648 0.056771 0.271296
0 2131 0.204167 0.712037 0.073958 0.298148
0 2132 0.270573 0.743981 0.063021 0.280556
0 2140 0.331771 0.568981 0.057292 0.249074
0 2150 0.480729 0.375463 0.052083 0.189815
0 2151 0.311979 0.468056 0.050000 0.210185
0 2152 0.686979 0.409722 0.048958 0.182407
0 2153 0.701302 0.416204 0.044271 0.150926
0 2154 0.581250 0.400463 0.038542 0.112037
0 2155 0.621354 0.375926 0.044792 0.174074
0 2156 0.364583 0.342593 0.036458 0.175926
0 2157 0.594271 0.398148 0.043750 0.181481
0 2158 0.599479 0.128241 0.023958 0.099074
0 2159 0.514323 0.247222 0.027604 0.135185
0 2160 0.478906 0.249537 0.031771 0.132407
0 2162 0.275000 0.557407 0.059375 0.246296
0 2164 0.437760 0.300926 0.045312 0.212963
0 2165 0.539323 0.293519 0.031771 0.157407
0 2166 0.438021 0.303241 0.032292 0.123148
0 2167 0.403385 0.293981 0.038021 0.150926
0 2168 0.372135 0.307407 0.025521 0.092593
0 2169 0.311458 0.275926 0.033333 0.142593
0 2174 0.433073 0.218056 0.031771 0.115741
0 2175 0.463542 0.213889 0.026042 0.118519
0 2176 0.467708 0.214352 0.023958 0.095370
0 2177 0.430990 0.183796 0.029687 0.123148
0 2178 0.447917 0.203241 0.023958 0.082407
0 2186 0.544531 0.230556 0.021354 0.079630
0 2189 0.565104 0.212037 0.028125 0.135185
0 2191 0.351042 0.165741 0.027083 0.124074
