0 1952 0.362240 0.164815 0.027604 0.120370
0 2026 0.086719 0.465278 0.050521 0.189815
0 2109 0.603385 0.267593 0.029687 0.118519
0 2110 0.694531 0.331481 0.033854 0.159259
0 2111 0.616146 0.327778 0.032292 0.162963
0 2125 0.059635 0.918519 0.098437 0.164815
0 2126 0.100781 0.843519 0.068229 0.314815
0 2127 0.170313 0.856481 0.087500 0.287037
0 2128 0.894271 0.509722 0.047917 0.215741
0 2129 0.202344 0.630556 0.060937 0.233333
0 2130 0.319271 0.706481 0.055208 0.283333
0 2131 0.183594 0.736574 0.080729 0.306481
0 2132 0.256250 0.764815 0.063542 0.294444
0 2140 0.326562 0.581019 0.057292 0.249074
0 2150 0.465104 0.367130 0.051042 0.189815
0 2151 0.320312 0.478241 0.050000 0.217593
0 2152 0.711198 0.411574 0.051562 0.186111
0 2153 0.725000 0.417593 0.045833 0.151852
0 2154 0.608854 0.416204 0.038542 0.112037
0 2155 0.646354 0.379167 0.044792 0.176852
0 2156 0.367188 0.346759 0.037500 0.176852
0 2157 0.609375 0.404167 0.039583 0.186111
0 2158 0.606250 0.125463 0.022917 0.099074
0 2159 0.523438 0.251852 0.029167 0.140741
0 2160 0.484635 0.254630 0.031771 0.138889
0 2162 0.267708 0.567593 0.057292 0.248148
0 2164 0.441406 0.304167 0.042188 0.215741
0 2165 0.540365 0.297222 0.031771 0.157407
0 2166 0.440104 0.306019 0.032292 0.123148
0 2167 0.405729 0.301389 0.038542 0.150926
0 2168 0.375781 0.311111 0.025521 0.092593
0 2169 0.311198 0.280093 0.033854 0.147222
0 2174 0.432031 0.220833 0.031771 0.115741
0 2175 0.464062 0.215741 0.026042 0.118519
0 2176 0.461458 0.217130 0.023958 0.095370
0 2177 0.434115 0.182870 0.029687 0.123148
0 2178 0.454948 0.206944 0.023438 0.082407
0 2186 0.548698 0.232407 0.021354 0.079630
0 2189 0.569531 0.213889 0.028646 0.135185
0 2191 0.363021 0.165278 0.027083 0.123148
