0 2026 0.086198 0.470833 0.042188 0.189815
0 2109 0.602604 0.275000 0.030208 0.118519
0 2110 0.719792 0.350463 0.040625 0.165741
0 2111 0.614583 0.334259 0.032292 0.162963
0 2124 0.028646 0.871759 0.056250 0.258333
0 2125 0.108333 0.887037 0.100000 0.224074
0 2126 0.132812 0.791667 0.064583 0.305556
0 2127 0.219531 0.835185 0.075521 0.327778
0 2128 0.808073 0.506481 0.065104 0.211111
0 2129 0.235937 0.598148 0.058333 0.231481
0 2130 0.359635 0.659259 0.053646 0.261111
0 2131 0.231510 0.685648 0.067187 0.291667
0 2132 0.290625 0.716667 0.054167 0.277778
0 2136 0.858333 0.481019 0.066667 0.212037
0 2140 0.344531 0.549074 0.056771 0.248148
0 2150 0.512760 0.390278 0.054688 0.189815
0 2151 0.292187 0.448148 0.043750 0.203704
0 2152 0.645312 0.403241 0.054167 0.178704
0 2153 0.663021 0.412037 0.043750 0.146296
0 2154 0.545833 0.396296 0.031250 0.111111
0 2155 0.584635 0.369907 0.041146 0.173148
0 2156 0.360938 0.352315 0.042708 0.171296
0 2157 0.563021 0.387037 0.038542 0.174074
0 2158 0.586719 0.135648 0.023438 0.099074
0 2159 0.509896 0.245833 0.028125 0.132407
0 2160 0.470313 0.246759 0.033333 0.130556
0 2162 0.288802 0.535185 0.057813 0.238889
0 2164 0.421875 0.293981 0.044792 0.210185
0 2165 0.532813 0.286574 0.032292 0.154630
0 2166 0.434635 0.298611 0.031771 0.123148
0 2167 0.401302 0.289352 0.035937 0.145370
0 2168 0.370052 0.300926 0.023438 0.092593
0 2169 0.308333 0.268981 0.034375 0.139815
0 2174 0.433333 0.217130 0.030208 0.115741
0 2175 0.459375 0.213889 0.026042 0.118519
0 2176 0.474479 0.208796 0.023958 0.095370
0 2177 0.421094 0.185648 0.029687 0.123148
0 2178 0.428906 0.205093 0.023438 0.082407
0 2186 0.534115 0.229630 0.021354 0.081481
0 2189 0.555729 0.208333 0.028125 0.135185
0 2191 0.331250 0.165741 0.027083 0.125926
