0 1952 0.326823 0.163889 0.026562 0.120370
0 2026 0.086198 0.469907 0.043229 0.189815
0 2109 0.602604 0.275000 0.030208 0.118519
0 2110 0.715365 0.345833 0.040104 0.163889
0 2111 0.615104 0.332407 0.032292 0.162963
0 2124 0.026042 0.877315 0.051042 0.247222
0 2125 0.103385 0.892130 0.104688 0.212037
0 2126 0.128646 0.800000 0.064583 0.307407
0 2127 0.217448 0.841204 0.076563 0.319444
0 2128 0.824479 0.507870 0.065625 0.212037
0 2129 0.229948 0.601852 0.060937 0.231481
0 2130 0.354167 0.665741 0.053125 0.262963
0 2131 0.227344 0.692593 0.064062 0.292593
0 2132 0.287760 0.724537 0.055729 0.278704
0 2136 0.872396 0.481944 0.066667 0.212037
0 2140 0.342187 0.553704 0.056250 0.248148
0 2150 0.504687 0.386574 0.054167 0.189815
0 2151 0.298438 0.452315 0.045833 0.204630
0 2152 0.655729 0.404630 0.053125 0.179630
0 2153 0.672396 0.412963 0.043750 0.148148
0 2154 0.551823 0.397685 0.030729 0.112037
0 2155 0.593490 0.371759 0.042188 0.173148
0 2156 0.361979 0.350000 0.041667 0.172222
0 2157 0.572396 0.391204 0.037500 0.176852
0 2158 0.589844 0.133796 0.023438 0.099074
0 2159 0.509896 0.245833 0.028125 0.132407
0 2160 0.472396 0.249074 0.033333 0.131481
0 2162 0.285156 0.541204 0.058854 0.241667
0 2164 0.426042 0.296759 0.044792 0.212037
0 2165 0.534896 0.287963 0.032292 0.155556
0 2166 0.435156 0.299537 0.031771 0.123148
0 2167 0.402083 0.290741 0.036458 0.146296
0 2168 0.370052 0.301852 0.024479 0.092593
0 2169 0.309115 0.270833 0.033854 0.141667
0 2174 0.433594 0.217130 0.030729 0.115741
0 2175 0.460417 0.213889 0.026042 0.118519
0 2176 0.473958 0.208796 0.023958 0.095370
0 2177 0.424219 0.185648 0.029687 0.123148
0 2178 0.433073 0.205093 0.023438 0.082407
0 2186 0.537240 0.230093 0.021354 0.080556
0 2189 0.558854 0.208333 0.028125 0.135185
0 2191 0.336458 0.165278 0.027083 0.125000
