0 1952 0.375781 0.164352 0.029687 0.121296
0 2026 0.087240 0.464352 0.052604 0.189815
0 2109 0.605990 0.265741 0.029687 0.118519
0 2110 0.688281 0.326852 0.033854 0.159259
0 2111 0.617188 0.327315 0.032292 0.162037
0 2125 0.045573 0.931944 0.089063 0.137963
0 2126 0.090885 0.852778 0.070312 0.296296
0 2127 0.145313 0.869907 0.085417 0.260185
0 2129 0.192188 0.648148 0.061458 0.242593
0 2130 0.308854 0.722685 0.056250 0.289815
0 2131 0.172917 0.751852 0.080208 0.318519
0 2132 0.248958 0.784259 0.063542 0.296296
0 2140 0.322135 0.593519 0.057813 0.255556
0 2150 0.454948 0.362037 0.050521 0.188889
0 2151 0.332813 0.482870 0.050000 0.217593
0 2152 0.736979 0.414815 0.054167 0.187037
0 2153 0.747135 0.419907 0.046354 0.152778
0 2154 0.633854 0.418056 0.038542 0.115741
0 2155 0.665365 0.381019 0.045312 0.176852
0 2156 0.370833 0.352778 0.040625 0.175926
0 2157 0.623698 0.408796 0.035937 0.189815
0 2158 0.611979 0.123148 0.021875 0.098148
0 2159 0.527865 0.254630 0.031771 0.140741
0 2160 0.489323 0.257870 0.031771 0.143519
0 2162 0.257292 0.582870 0.060417 0.271296
0 2164 0.450521 0.306019 0.043750 0.215741
0 2165 0.541667 0.301852 0.032292 0.161111
0 2166 0.444271 0.309722 0.032292 0.123148
0 2167 0.409896 0.305093 0.038542 0.150926
0 2168 0.379427 0.312963 0.025521 0.092593
0 2169 0.312500 0.284259 0.033333 0.148148
0 2174 0.432031 0.222685 0.031771 0.115741
0 2175 0.463802 0.218519 0.026562 0.118519
0 2176 0.453646 0.218056 0.023958 0.095370
0 2177 0.438542 0.183796 0.030208 0.123148
0 2178 0.459115 0.212500 0.023438 0.082407
0 2184 0.340365 0.174074 0.031771 0.107407
0 2186 0.550781 0.235648 0.021354 0.082407
0 2189 0.573698 0.214815 0.030729 0.135185
0 2191 0.373958 0.164352 0.028125 0.123148
