0 2026 0.085938 0.473148 0.038542 0.190741
0 2109 0.602083 0.275926 0.030208 0.118519
0 2110 0.731250 0.357407 0.040625 0.168519
0 2111 0.612500 0.337037 0.032292 0.162963
0 2124 0.041667 0.856944 0.063542 0.287963
0 2125 0.125000 0.874074 0.100000 0.253704
0 2126 0.143750 0.759259 0.059375 0.274074
0 2127 0.234375 0.825463 0.069792 0.349074
0 2128 0.768750 0.502778 0.053125 0.209259
0 2129 0.251042 0.589815 0.055208 0.231481
0 2130 0.373437 0.642130 0.056250 0.256481
0 2131 0.248698 0.672685 0.068229 0.286111
0 2132 0.302083 0.698148 0.055208 0.268519
0 2136 0.822135 0.480093 0.061979 0.212037
0 2140 0.350781 0.536574 0.057813 0.245370
0 2150 0.540104 0.400926 0.050000 0.196296
0 2151 0.274479 0.439815 0.044792 0.196296
0 2152 0.615885 0.399074 0.041146 0.179630
0 2153 0.632812 0.410185 0.033333 0.153704
0 2154 0.532031 0.393981 0.035937 0.110185
0 2155 0.563802 0.368981 0.035937 0.173148
0 2156 0.360417 0.354167 0.042708 0.171296
0 2157 0.538281 0.377315 0.039062 0.167593
0 2158 0.578906 0.140278 0.023438 0.099074
0 2159 0.506771 0.244907 0.028125 0.132407
0 2160 0.465104 0.244907 0.032292 0.128704
0 2162 0.297917 0.523611 0.056250 0.236111
0 2164 0.412500 0.291204 0.043750 0.206481
0 2165 0.529687 0.287037 0.032292 0.153704
0 2166 0.426563 0.292130 0.030208 0.121296
0 2167 0.400000 0.286111 0.034375 0.142593
0 2168 0.370573 0.299537 0.021354 0.093519
0 2169 0.306771 0.265741 0.034375 0.137037
0 2174 0.431771 0.217130 0.029167 0.115741
0 2175 0.451562 0.210185 0.026042 0.118519
0 2176 0.475000 0.210648 0.022917 0.095370
0 2177 0.412240 0.183796 0.029687 0.123148
0 2178 0.417969 0.204167 0.023438 0.082407
0 2186 0.526302 0.231019 0.021354 0.082407
0 2189 0.547396 0.206019 0.028125 0.134259
