0 1952 0.415885 0.169444 0.034896 0.114815
0 2026 0.098437 0.464352 0.041667 0.189815
0 2109 0.611198 0.263889 0.029687 0.118519
0 2110 0.665885 0.319444 0.033854 0.159259
0 2111 0.622135 0.325926 0.031771 0.159259
0 2126 0.054427 0.878704 0.067187 0.242593
0 2127 0.078906 0.897222 0.096354 0.205556
0 2129 0.159115 0.716667 0.061979 0.303704
0 2130 0.271875 0.774074 0.060417 0.301852
0 2131 0.121615 0.814815 0.084896 0.346296
0 2132 0.199219 0.843519 0.068229 0.309259
0 2140 0.308594 0.637037 0.060937 0.281481
0 2150 0.428385 0.345370 0.043229 0.187037
0 2151 0.356771 0.505556 0.050000 0.222222
0 2152 0.809115 0.422685 0.051562 0.189815
0 2153 0.821354 0.427778 0.052083 0.155556
0 2154 0.708594 0.427778 0.040104 0.118519
0 2155 0.743229 0.391667 0.054167 0.177778
0 2156 0.397917 0.371759 0.044792 0.182407
0 2157 0.680208 0.431019 0.045833 0.191667
0 2158 0.635417 0.119907 0.021875 0.099074
0 2159 0.542188 0.265741 0.031250 0.140741
0 2160 0.505990 0.268519 0.028646 0.142593
0 2162 0.237240 0.630556 0.065104 0.288889
0 2164 0.473958 0.327778 0.044792 0.229630
0 2165 0.541146 0.313889 0.032292 0.170370
0 2166 0.457031 0.323611 0.031771 0.125000
0 2167 0.419792 0.312963 0.038542 0.157407
0 2168 0.400260 0.327778 0.025521 0.092593
0 2169 0.314583 0.299074 0.033333 0.148148
0 2174 0.429948 0.231481 0.035937 0.124074
0 2175 0.473958 0.222222 0.030208 0.118519
0 2176 0.432292 0.223148 0.023958 0.096296
0 2177 0.454688 0.188426 0.030208 0.123148
0 2178 0.470052 0.218056 0.023438 0.082407
0 2183 0.346615 0.181019 0.027604 0.106481
0 2184 0.370833 0.180093 0.029167 0.106481
0 2186 0.559115 0.245370 0.021354 0.085185
0 2189 0.581250 0.218519 0.032292 0.135185
0 2191 0.408333 0.170370 0.028125 0.125926
