0 1952 0.448437 0.175463 0.031250 0.115741
0 2026 0.102604 0.469907 0.040625 0.189815
0 2109 0.614323 0.262963 0.029687 0.118519
0 2110 0.644531 0.313889 0.033854 0.159259
0 2111 0.627083 0.323611 0.031250 0.158333
0 2126 0.036719 0.908333 0.070312 0.185185
0 2127 0.038021 0.927778 0.075000 0.146296
0 2129 0.131250 0.764815 0.068750 0.324074
0 2130 0.226042 0.833333 0.066667 0.316667
0 2131 0.072396 0.847685 0.101042 0.302778
0 2132 0.151562 0.868981 0.069792 0.263889
0 2140 0.291667 0.679630 0.063542 0.298148
0 2150 0.399740 0.334722 0.040104 0.184259
0 2151 0.365885 0.544907 0.050521 0.237963
0 2152 0.880990 0.431944 0.055729 0.187963
0 2153 0.891406 0.438426 0.047396 0.160185
0 2154 0.776563 0.437500 0.040625 0.121296
0 2155 0.813802 0.400926 0.056771 0.185185
0 2156 0.442188 0.391204 0.045833 0.189815
0 2157 0.748437 0.443056 0.042708 0.197222
0 2158 0.656771 0.125463 0.021875 0.099074
0 2159 0.554427 0.273148 0.031771 0.140741
0 2160 0.521094 0.279167 0.030729 0.145370
0 2162 0.219792 0.669444 0.080208 0.296296
0 2164 0.477083 0.347685 0.044792 0.232407
0 2165 0.536198 0.328241 0.034896 0.171296
0 2166 0.467708 0.334722 0.031250 0.137963
0 2167 0.430469 0.323611 0.038021 0.160185
0 2168 0.413021 0.347685 0.026042 0.108333
0 2169 0.318750 0.310185 0.033333 0.148148
0 2174 0.425781 0.243981 0.034896 0.123148
0 2175 0.473177 0.229630 0.029687 0.118519
0 2176 0.419271 0.233333 0.023958 0.096296
0 2177 0.461719 0.207870 0.030729 0.139815
0 2178 0.477865 0.224537 0.023438 0.086111
0 2183 0.365365 0.189352 0.027604 0.110185
0 2184 0.391667 0.187037 0.028125 0.101852
0 2186 0.561458 0.257870 0.021875 0.093519
0 2189 0.582812 0.227778 0.032292 0.135185
0 2191 0.433594 0.178704 0.027604 0.129630
0 2215 0.366667 0.181481 0.026042 0.120370
