0 1952 0.546875 0.224074 0.030208 0.124074
0 1960 0.377604 0.227315 0.027083 0.128704
0 2000 0.355469 0.219907 0.027604 0.134259
0 2026 0.114583 0.486574 0.034375 0.189815
0 2109 0.623437 0.280556 0.030208 0.124074
0 2110 0.610677 0.298611 0.031771 0.149074
0 2111 0.638802 0.336574 0.031771 0.152778
0 2114 0.354167 0.227315 0.028125 0.143519
0 2140 0.248438 0.889815 0.086458 0.218519
0 2150 0.286458 0.295370 0.037500 0.157407
0 2151 0.348177 0.738426 0.064062 0.291667
0 2156 0.830729 0.489352 0.075000 0.212037
0 2159 0.644271 0.334722 0.033333 0.162037
0 2160 0.625000 0.343056 0.037500 0.163889
0 2162 0.147135 0.882870 0.097396 0.234259
0 2164 0.384375 0.472685 0.055208 0.287963
0 2165 0.579688 0.414815 0.045833 0.196296
0 2166 0.476042 0.425926 0.037500 0.164815
0 2167 0.423438 0.416667 0.045833 0.185185
0 2168 0.393229 0.429630 0.028125 0.109259
0 2169 0.314583 0.401389 0.038542 0.173148
0 2173 0.293750 0.333796 0.032292 0.156481
0 2174 0.426302 0.301852 0.033854 0.137037
0 2175 0.434896 0.296296 0.030208 0.135185
0 2176 0.379948 0.310648 0.030729 0.110185
0 2177 0.454167 0.263889 0.034375 0.150000
0 2178 0.482812 0.289352 0.036458 0.099074
0 2179 0.304167 0.243519 0.034375 0.135185
0 2182 0.329427 0.209259 0.032813 0.133333
0 2183 0.425781 0.244444 0.036979 0.138889
0 2184 0.452344 0.233333 0.027604 0.101852
0 2185 0.424479 0.218056 0.030208 0.121296
0 2186 0.533854 0.310648 0.025000 0.100926
0 2189 0.564844 0.293519 0.036979 0.164815
0 2191 0.496094 0.223611 0.031771 0.137963
0 2192 0.442188 0.202315 0.020833 0.093519
0 2193 0.446615 0.208333 0.027604 0.098148
0 2194 0.441406 0.207870 0.029687 0.128704
0 2197 0.351302 0.197222 0.027604 0.129630
0 2215 0.446354 0.222685 0.026042 0.121296
