0 1952 0.544010 0.221296 0.029687 0.124074
0 1960 0.375521 0.226389 0.027083 0.128704
0 2000 0.354948 0.217130 0.027604 0.134259
0 2026 0.114062 0.485648 0.034375 0.189815
0 2109 0.623437 0.278704 0.030208 0.124074
0 2110 0.607552 0.298611 0.031771 0.149074
0 2111 0.638281 0.335185 0.031771 0.153704
0 2114 0.353646 0.225463 0.028125 0.143519
0 2129 0.029687 0.923148 0.058333 0.155556
0 2140 0.248958 0.883333 0.088542 0.233333
0 2150 0.296354 0.297222 0.037500 0.157407
0 2151 0.351302 0.723611 0.063021 0.287963
0 2156 0.803125 0.481944 0.073958 0.210185
0 2159 0.632812 0.329630 0.031250 0.161111
0 2160 0.615104 0.337963 0.037500 0.162963
0 2162 0.142187 0.874537 0.094792 0.250926
0 2164 0.387500 0.466204 0.056250 0.282407
0 2165 0.577604 0.408796 0.043750 0.193519
0 2166 0.471615 0.418981 0.034896 0.162037
0 2167 0.425000 0.409722 0.046875 0.180556
0 2168 0.393229 0.425926 0.028125 0.109259
0 2169 0.314063 0.394907 0.037500 0.173148
0 2173 0.288021 0.331019 0.032292 0.156481
0 2174 0.427604 0.298148 0.035417 0.137037
0 2175 0.435417 0.292593 0.030208 0.135185
0 2176 0.381250 0.305556 0.029167 0.109259
0 2177 0.455990 0.260648 0.033854 0.149074
0 2178 0.485156 0.284259 0.035937 0.098148
0 2179 0.298958 0.239352 0.034375 0.134259
0 2182 0.325000 0.206481 0.032292 0.133333
0 2183 0.423958 0.243056 0.039583 0.141667
0 2184 0.449219 0.229630 0.027604 0.101852
0 2185 0.419271 0.216204 0.030208 0.121296
0 2186 0.531771 0.306019 0.025000 0.106481
0 2189 0.560937 0.290741 0.035417 0.164815
0 2191 0.494531 0.220833 0.031771 0.137963
0 2192 0.433594 0.200463 0.021354 0.093519
0 2193 0.440625 0.206481 0.027083 0.098148
0 2194 0.436198 0.205093 0.029687 0.128704
0 2215 0.441146 0.219907 0.026042 0.121296
