0 1952 0.515104 0.193981 0.028125 0.123148
0 1960 0.350521 0.207870 0.032292 0.123148
0 2000 0.336979 0.200926 0.026042 0.135185
0 2026 0.109635 0.476389 0.035937 0.189815
0 2109 0.618750 0.265741 0.030208 0.118519
0 2110 0.602344 0.302315 0.032813 0.160185
0 2111 0.632812 0.324537 0.031250 0.154630
0 2114 0.338281 0.208796 0.028646 0.139815
0 2129 0.072917 0.860185 0.075000 0.277778
0 2130 0.110937 0.906481 0.071875 0.188889
0 2132 0.057552 0.937500 0.072396 0.125000
0 2140 0.243229 0.807407 0.070833 0.342593
0 2150 0.350781 0.306944 0.040104 0.171296
0 2151 0.357812 0.630556 0.058333 0.261111
0 2156 0.615885 0.439352 0.060937 0.200926
0 2159 0.565365 0.298611 0.029687 0.149074
0 2160 0.551823 0.303241 0.031771 0.145370
0 2162 0.186719 0.804630 0.077604 0.348148
0 2164 0.418490 0.393056 0.048438 0.254630
0 2165 0.541146 0.364352 0.037500 0.184259
0 2166 0.469271 0.378704 0.031250 0.159259
0 2167 0.436198 0.357870 0.039062 0.171296
0 2168 0.407813 0.385185 0.028125 0.109259
0 2169 0.309115 0.350926 0.035937 0.162963
0 2174 0.420573 0.268981 0.031771 0.132407
0 2175 0.451823 0.257870 0.029687 0.123148
0 2176 0.398958 0.274074 0.027083 0.107407
0 2177 0.466146 0.229630 0.032292 0.146296
0 2178 0.484375 0.252315 0.025000 0.099074
0 2183 0.399479 0.212037 0.030208 0.118519
0 2184 0.427604 0.206481 0.028125 0.101852
0 2185 0.382812 0.196296 0.030208 0.120370
0 2186 0.546354 0.276389 0.021875 0.093519
0 2189 0.561719 0.249074 0.033854 0.135185
0 2191 0.476823 0.196296 0.035937 0.131481
0 2192 0.366667 0.180093 0.020833 0.104630
0 2193 0.380729 0.185648 0.027083 0.108333
0 2194 0.383854 0.183333 0.030208 0.125926
0 2215 0.409635 0.196759 0.025521 0.121296
