0 1952 0.491667 0.188426 0.028125 0.119444
0 1960 0.329427 0.203241 0.031771 0.123148
0 2000 0.317708 0.194444 0.026042 0.135185
0 2026 0.107031 0.474074 0.038021 0.190741
0 2109 0.617188 0.262037 0.030208 0.118519
0 2110 0.612760 0.306481 0.033854 0.159259
0 2111 0.631771 0.322685 0.031250 0.156481
0 2114 0.320833 0.207870 0.028125 0.143519
0 2126 0.098177 0.950000 0.068229 0.101852
0 2129 0.089583 0.824074 0.069792 0.320370
0 2130 0.159375 0.877315 0.070833 0.247222
0 2131 0.037500 0.889352 0.073958 0.223148
0 2132 0.097135 0.908796 0.067187 0.184259
0 2140 0.265365 0.750926 0.066146 0.324074
0 2150 0.371875 0.313889 0.041667 0.174074
0 2151 0.361719 0.591667 0.055729 0.250000
0 2154 0.878385 0.452315 0.042188 0.128704
0 2155 0.914323 0.418981 0.058854 0.184259
0 2156 0.541406 0.418056 0.053646 0.200926
0 2159 0.563021 0.288426 0.034375 0.149074
0 2160 0.535677 0.292130 0.033854 0.145370
0 2162 0.200000 0.739352 0.070833 0.332407
0 2164 0.438281 0.371759 0.045312 0.243519
0 2165 0.536458 0.344444 0.035417 0.177778
0 2166 0.471354 0.360648 0.031250 0.145370
0 2167 0.437500 0.344444 0.038542 0.162963
0 2168 0.413281 0.374537 0.028646 0.110185
0 2169 0.311458 0.329167 0.033333 0.158333
0 2174 0.421094 0.256944 0.031771 0.125000
0 2175 0.461979 0.243519 0.030208 0.124074
0 2176 0.409635 0.256019 0.024479 0.097222
0 2177 0.465365 0.214815 0.031771 0.140741
0 2178 0.487240 0.237500 0.024479 0.091667
0 2183 0.389323 0.200000 0.029687 0.118519
0 2184 0.414583 0.197222 0.028125 0.101852
0 2185 0.369531 0.188889 0.029687 0.120370
0 2186 0.557031 0.262500 0.021354 0.093519
0 2189 0.569271 0.240741 0.034375 0.135185
0 2191 0.464844 0.187963 0.028646 0.131481
0 2194 0.354427 0.174074 0.029687 0.125926
0 2215 0.396094 0.188889 0.025521 0.120370
