0 1952 0.455469 0.177315 0.030729 0.115741
0 2026 0.103646 0.471296 0.040625 0.190741
0 2109 0.614844 0.262963 0.029687 0.118519
0 2110 0.639323 0.312963 0.033854 0.159259
0 2111 0.628125 0.323611 0.031250 0.158333
0 2126 0.041146 0.913889 0.071875 0.174074
0 2127 0.032292 0.933796 0.063542 0.134259
0 2129 0.124479 0.773148 0.068750 0.324074
0 2130 0.217448 0.842593 0.067187 0.316667
0 2131 0.067187 0.854167 0.092708 0.289815
0 2132 0.147656 0.875463 0.072396 0.250926
0 2140 0.288021 0.689815 0.063542 0.300000
0 2150 0.394271 0.331944 0.039583 0.182407
0 2151 0.368229 0.550463 0.051042 0.239815
0 2152 0.894271 0.432407 0.057292 0.190741
0 2154 0.792969 0.442130 0.040104 0.121296
0 2155 0.829427 0.403704 0.056771 0.183333
0 2156 0.455208 0.395370 0.045833 0.192593
0 2157 0.763802 0.446759 0.043229 0.204630
0 2158 0.661458 0.123611 0.021875 0.099074
0 2159 0.557031 0.275000 0.031771 0.140741
0 2160 0.525000 0.281019 0.030208 0.145370
0 2162 0.216146 0.678241 0.072917 0.299074
0 2164 0.474479 0.347685 0.044792 0.234259
0 2165 0.535677 0.329167 0.035937 0.171296
0 2166 0.469271 0.337500 0.031250 0.137963
0 2167 0.432812 0.327315 0.037500 0.162037
0 2168 0.415625 0.352778 0.026042 0.112963
0 2169 0.320312 0.312037 0.033333 0.148148
0 2174 0.425000 0.245833 0.033333 0.123148
0 2175 0.472656 0.231481 0.029687 0.118519
0 2176 0.418229 0.235185 0.023958 0.096296
0 2177 0.461979 0.211574 0.032292 0.139815
0 2178 0.479687 0.225926 0.022917 0.087037
0 2183 0.369792 0.191204 0.028125 0.112037
0 2184 0.396875 0.188889 0.028125 0.101852
0 2185 0.343750 0.178241 0.034375 0.121296
0 2186 0.561719 0.258796 0.021354 0.093519
0 2189 0.580469 0.229630 0.032813 0.135185
0 2191 0.439844 0.180556 0.027604 0.131481
0 2215 0.371615 0.182407 0.025521 0.120370
