0 1952 0.511979 0.193519 0.028125 0.122222
0 1960 0.347396 0.207870 0.032292 0.123148
0 2000 0.334375 0.200000 0.026042 0.135185
0 2026 0.109115 0.475926 0.035937 0.190741
0 2109 0.618750 0.265741 0.030208 0.118519
0 2110 0.603646 0.303241 0.033333 0.160185
0 2111 0.632292 0.323611 0.031250 0.154630
0 2114 0.335938 0.207870 0.029167 0.139815
0 2129 0.075781 0.855556 0.074479 0.283333
0 2130 0.117188 0.902315 0.071875 0.197222
0 2131 0.022135 0.925000 0.043229 0.151852
0 2132 0.062240 0.934722 0.075521 0.130556
0 2140 0.247396 0.800000 0.070833 0.338889
0 2150 0.353906 0.307870 0.041146 0.171296
0 2151 0.357812 0.624537 0.058333 0.260185
0 2156 0.604427 0.435648 0.060937 0.200926
0 2159 0.565104 0.296759 0.030208 0.149074
0 2160 0.548698 0.301852 0.032813 0.146296
0 2162 0.187500 0.794907 0.076042 0.345370
0 2164 0.421354 0.394907 0.048958 0.254630
0 2165 0.540365 0.361574 0.036979 0.184259
0 2166 0.469271 0.375926 0.031250 0.159259
0 2167 0.436719 0.355093 0.038021 0.171296
0 2168 0.407813 0.385185 0.028125 0.109259
0 2169 0.309115 0.348148 0.035937 0.162963
0 2174 0.420573 0.267130 0.031771 0.130556
0 2175 0.453385 0.255093 0.029687 0.123148
0 2176 0.400521 0.272222 0.027083 0.107407
0 2177 0.466146 0.226852 0.032292 0.146296
0 2178 0.484896 0.250000 0.025000 0.098148
0 2183 0.397917 0.211111 0.030208 0.118519
0 2184 0.426042 0.204630 0.028125 0.101852
0 2185 0.380729 0.195370 0.030208 0.120370
0 2186 0.548177 0.273611 0.021354 0.093519
0 2189 0.563281 0.247222 0.033854 0.135185
0 2191 0.475260 0.195370 0.034896 0.131481
0 2192 0.363021 0.180093 0.020833 0.104630
0 2193 0.376042 0.186111 0.027083 0.109259
0 2194 0.379688 0.181481 0.029167 0.125926
0 2215 0.408073 0.195370 0.025521 0.120370
