0 1952 0.485156 0.186111 0.028646 0.118519
0 1960 0.324219 0.202315 0.030729 0.123148
0 2026 0.106510 0.473611 0.038021 0.189815
0 2109 0.617188 0.262037 0.030208 0.118519
0 2110 0.617969 0.308333 0.033854 0.159259
0 2111 0.631771 0.322222 0.031250 0.157407
0 2114 0.316406 0.208796 0.027604 0.145370
0 2126 0.083594 0.942130 0.075521 0.115741
0 2129 0.095052 0.814815 0.069271 0.324074
0 2130 0.169271 0.868981 0.069792 0.260185
0 2131 0.038802 0.881944 0.076563 0.237963
0 2132 0.105208 0.902778 0.069792 0.196296
0 2140 0.269271 0.737963 0.064583 0.322222
0 2150 0.376563 0.315741 0.040625 0.175926
0 2151 0.363281 0.585185 0.053646 0.246296
0 2154 0.862240 0.449537 0.042188 0.125000
0 2155 0.897656 0.414352 0.058854 0.184259
0 2156 0.525521 0.413426 0.054167 0.199074
0 2157 0.847396 0.463889 0.067708 0.198148
0 2159 0.563021 0.285648 0.034375 0.149074
0 2160 0.533073 0.289352 0.033854 0.145370
0 2162 0.202604 0.727315 0.076042 0.326852
0 2164 0.445573 0.362500 0.045312 0.250926
0 2165 0.535417 0.338889 0.036458 0.174074
0 2166 0.471354 0.356019 0.031250 0.141667
0 2167 0.438021 0.342130 0.038542 0.162037
0 2168 0.413542 0.369907 0.030208 0.110185
0 2169 0.313281 0.326389 0.033854 0.156481
0 2174 0.421875 0.254630 0.031250 0.124074
0 2175 0.464323 0.240741 0.029687 0.124074
0 2176 0.413542 0.247222 0.023958 0.096296
0 2177 0.465365 0.213426 0.031771 0.139815
0 2178 0.487500 0.234722 0.023958 0.089815
0 2183 0.386719 0.198148 0.029687 0.118519
0 2184 0.410938 0.195370 0.028125 0.101852
0 2185 0.364323 0.185185 0.029687 0.120370
0 2186 0.558594 0.260648 0.021354 0.093519
0 2189 0.570833 0.238426 0.034375 0.134259
0 2191 0.461198 0.187037 0.027604 0.131481
0 2194 0.345833 0.172685 0.028125 0.126852
0 2215 0.391667 0.187963 0.026042 0.120370
