0 1952 0.494271 0.188889 0.028125 0.120370
0 1960 0.331510 0.204167 0.032813 0.123148
0 2000 0.319271 0.194444 0.026042 0.135185
0 2026 0.107292 0.474074 0.037500 0.190741
0 2109 0.617708 0.262963 0.030208 0.118519
0 2110 0.610677 0.306481 0.033854 0.159259
0 2111 0.631771 0.322685 0.031250 0.156481
0 2114 0.322656 0.207407 0.028646 0.142593
0 2126 0.104427 0.952778 0.064062 0.096296
0 2129 0.088281 0.827778 0.070312 0.316667
0 2130 0.155208 0.879167 0.070833 0.243519
0 2131 0.036719 0.892593 0.072396 0.216667
0 2132 0.091927 0.911574 0.067187 0.178704
0 2140 0.264323 0.756944 0.067187 0.325000
0 2150 0.369792 0.312963 0.041667 0.174074
0 2151 0.361198 0.593981 0.056771 0.250926
0 2154 0.884635 0.453241 0.042188 0.128704
0 2155 0.920833 0.420833 0.059375 0.184259
0 2156 0.547917 0.419907 0.055208 0.200926
0 2159 0.563021 0.289352 0.034375 0.149074
0 2160 0.536719 0.293056 0.033854 0.145370
0 2162 0.198958 0.744907 0.068750 0.334259
0 2164 0.435937 0.377315 0.044792 0.243519
0 2165 0.536979 0.347222 0.035417 0.179630
0 2166 0.471354 0.362037 0.031250 0.146296
0 2167 0.437500 0.345833 0.038542 0.163889
0 2168 0.413281 0.376852 0.027604 0.109259
0 2169 0.311198 0.331481 0.033854 0.159259
0 2174 0.420573 0.257870 0.031771 0.125000
0 2175 0.461198 0.244907 0.030729 0.123148
0 2176 0.408594 0.258333 0.024479 0.098148
0 2177 0.465365 0.214815 0.031771 0.140741
0 2178 0.487240 0.238426 0.024479 0.091667
0 2183 0.390365 0.201852 0.029687 0.118519
0 2184 0.415625 0.198148 0.028125 0.101852
0 2185 0.371094 0.189815 0.029687 0.120370
0 2186 0.555990 0.263426 0.021354 0.093519
0 2189 0.568229 0.240741 0.034375 0.135185
0 2191 0.466406 0.188889 0.028646 0.131481
0 2194 0.357812 0.174537 0.030208 0.126852
0 2215 0.397917 0.188889 0.026042 0.120370
