0 1952 0.513021 0.193981 0.028125 0.123148
0 1960 0.348438 0.207870 0.032292 0.123148
0 2000 0.334896 0.200000 0.026042 0.135185
0 2026 0.109375 0.476389 0.035417 0.189815
0 2109 0.618750 0.265741 0.030208 0.118519
0 2110 0.603385 0.302778 0.032813 0.159259
0 2111 0.632292 0.323611 0.031250 0.154630
0 2114 0.336979 0.208796 0.029167 0.139815
0 2129 0.075000 0.857407 0.075000 0.281481
0 2130 0.115104 0.903704 0.071875 0.194444
0 2131 0.020833 0.927315 0.040625 0.147222
0 2132 0.060677 0.935648 0.074479 0.128704
0 2140 0.245833 0.802315 0.070833 0.339815
0 2150 0.353125 0.307407 0.040625 0.170370
0 2151 0.357812 0.627315 0.058333 0.260185
0 2156 0.608073 0.437500 0.060937 0.200926
0 2159 0.565365 0.297685 0.029687 0.149074
0 2160 0.550000 0.302315 0.032292 0.145370
0 2162 0.187500 0.799537 0.077083 0.347222
0 2164 0.420312 0.393981 0.048958 0.254630
0 2165 0.540365 0.362500 0.036979 0.184259
0 2166 0.469271 0.376852 0.031250 0.159259
0 2167 0.436458 0.356019 0.038542 0.171296
0 2168 0.407813 0.385185 0.028125 0.109259
0 2169 0.309115 0.349074 0.035937 0.162963
0 2174 0.420573 0.267593 0.031771 0.131481
0 2175 0.452865 0.256019 0.029687 0.123148
0 2176 0.400000 0.273148 0.027083 0.107407
0 2177 0.466146 0.227778 0.032292 0.146296
0 2178 0.484896 0.250926 0.025000 0.098148
0 2183 0.398438 0.211111 0.030208 0.118519
0 2184 0.426563 0.205556 0.028125 0.101852
0 2185 0.381250 0.195370 0.030208 0.120370
0 2186 0.547396 0.274537 0.021875 0.093519
0 2189 0.562760 0.248148 0.033854 0.135185
0 2191 0.475781 0.195370 0.035937 0.131481
0 2192 0.364063 0.180093 0.020833 0.104630
0 2193 0.377604 0.186111 0.027083 0.109259
0 2194 0.380990 0.182407 0.029687 0.125926
0 2215 0.408594 0.195833 0.025521 0.121296
