0 1952 0.546615 0.223148 0.029687 0.124074
0 1960 0.377604 0.227315 0.027083 0.128704
0 2000 0.355208 0.219907 0.028125 0.134259
0 2026 0.114583 0.486574 0.034375 0.189815
0 2109 0.623437 0.280556 0.030208 0.124074
0 2110 0.610156 0.298611 0.031771 0.149074
0 2111 0.638281 0.336111 0.031771 0.153704
0 2114 0.354167 0.227315 0.028125 0.143519
0 2140 0.248698 0.888426 0.086979 0.221296
0 2150 0.288021 0.296296 0.037500 0.157407
0 2151 0.348438 0.736111 0.063542 0.290741
0 2156 0.826042 0.487500 0.075000 0.212037
0 2159 0.642448 0.333796 0.032813 0.162037
0 2160 0.623437 0.342130 0.037500 0.163889
0 2162 0.146354 0.881481 0.096875 0.237037
0 2164 0.385417 0.470833 0.055208 0.287963
0 2165 0.579427 0.413889 0.045312 0.196296
0 2166 0.475260 0.424537 0.036979 0.163889
0 2167 0.423698 0.415741 0.046354 0.185185
0 2168 0.393229 0.428704 0.028125 0.109259
0 2169 0.315104 0.400463 0.038542 0.173148
0 2173 0.292708 0.332870 0.032292 0.156481
0 2174 0.426563 0.300926 0.034375 0.137037
0 2175 0.434896 0.296296 0.030208 0.135185
0 2176 0.379948 0.309722 0.030729 0.110185
0 2177 0.454688 0.263426 0.034375 0.149074
0 2178 0.483854 0.288426 0.036458 0.099074
0 2179 0.303646 0.242593 0.034375 0.135185
0 2182 0.328906 0.208796 0.032813 0.134259
0 2183 0.425521 0.243981 0.037500 0.139815
0 2184 0.451823 0.232407 0.027604 0.101852
0 2185 0.423958 0.218056 0.030208 0.121296
0 2186 0.533333 0.309722 0.025000 0.102778
0 2189 0.564323 0.292593 0.036979 0.164815
0 2191 0.495833 0.222685 0.031250 0.137963
0 2192 0.440625 0.202315 0.020833 0.093519
0 2193 0.445573 0.208333 0.027604 0.098148
0 2194 0.440365 0.206944 0.029687 0.128704
0 2197 0.349740 0.197222 0.027604 0.129630
0 2215 0.445312 0.221759 0.026042 0.121296
