0 1952 0.557292 0.262500 0.030208 0.137963
0 1960 0.380729 0.249537 0.029167 0.130556
0 2000 0.359115 0.241204 0.027604 0.137963
0 2026 0.117708 0.501389 0.034375 0.189815
0 2109 0.623958 0.295370 0.030208 0.124074
0 2110 0.619271 0.316204 0.031250 0.149074
0 2111 0.639844 0.349074 0.031771 0.150000
0 2114 0.357292 0.246759 0.028125 0.143519
0 2150 0.215625 0.298148 0.037500 0.157407
0 2151 0.328646 0.848148 0.076042 0.301852
0 2159 0.724219 0.368981 0.043229 0.167593
0 2160 0.696354 0.378241 0.037500 0.169444
0 2162 0.173177 0.958333 0.063021 0.079630
0 2163 0.063021 0.919907 0.071875 0.160185
0 2164 0.367448 0.568981 0.067187 0.325000
0 2165 0.574219 0.473148 0.046354 0.214815
0 2166 0.488542 0.484722 0.038542 0.173148
0 2167 0.406771 0.472222 0.045833 0.196296
0 2168 0.379167 0.488426 0.028125 0.115741
0 2169 0.309896 0.458333 0.040625 0.185185
0 2173 0.309896 0.378241 0.036458 0.156481
0 2174 0.407031 0.347222 0.036979 0.148148
0 2175 0.428646 0.335185 0.030208 0.140741
0 2176 0.369531 0.356944 0.030729 0.121296
0 2177 0.453385 0.304630 0.036979 0.151852
0 2178 0.475521 0.327778 0.027083 0.107407
0 2179 0.334896 0.287500 0.035417 0.145370
0 2182 0.331771 0.243056 0.034375 0.143519
0 2183 0.433333 0.276852 0.033333 0.135185
0 2184 0.463542 0.268056 0.032292 0.100926
0 2185 0.448437 0.247685 0.030208 0.121296
0 2186 0.565104 0.350000 0.031250 0.101852
0 2189 0.600521 0.328704 0.041667 0.164815
0 2190 0.341146 0.244907 0.029167 0.128704
0 2191 0.508073 0.256944 0.036979 0.145370
0 2192 0.488542 0.231019 0.021875 0.093519
0 2193 0.486458 0.237500 0.027083 0.112037
0 2194 0.469010 0.233333 0.029687 0.129630
0 2196 0.365104 0.195833 0.023958 0.119444
0 2197 0.407292 0.218056 0.030208 0.117593
0 2215 0.477344 0.253241 0.029687 0.121296
