0 1952 0.557813 0.289352 0.033333 0.143519
0 1960 0.389583 0.269907 0.029167 0.137963
0 2000 0.372135 0.262963 0.029687 0.140741
0 2026 0.119792 0.511574 0.034375 0.189815
0 2109 0.627604 0.304630 0.030208 0.124074
0 2110 0.619271 0.324537 0.031250 0.149074
0 2111 0.642448 0.360648 0.031771 0.149074
0 2114 0.362500 0.272685 0.028125 0.143519
0 2151 0.294531 0.901852 0.077604 0.198148
0 2159 0.780729 0.410185 0.041667 0.175926
0 2160 0.742969 0.416667 0.040104 0.185185
0 2163 0.280208 0.958333 0.062500 0.083333
0 2164 0.335677 0.676852 0.074479 0.364815
0 2165 0.534896 0.539352 0.052083 0.234259
0 2166 0.450000 0.552778 0.050000 0.192593
0 2167 0.393229 0.535185 0.050000 0.214815
0 2168 0.355208 0.554167 0.033333 0.134259
0 2169 0.295833 0.521296 0.044792 0.205556
0 2173 0.316406 0.418519 0.035937 0.159259
0 2174 0.379688 0.388889 0.037500 0.166667
0 2175 0.419271 0.374074 0.033333 0.146296
0 2176 0.367188 0.414815 0.032292 0.129630
0 2177 0.464583 0.342130 0.038542 0.171296
0 2178 0.478646 0.367130 0.028125 0.110185
0 2179 0.362500 0.314815 0.032292 0.144444
0 2181 0.294271 0.290741 0.034375 0.140741
0 2182 0.341406 0.279630 0.035937 0.150000
0 2183 0.435417 0.298148 0.034375 0.129630
0 2184 0.466146 0.301389 0.032292 0.121296
0 2185 0.471615 0.274074 0.031771 0.122222
0 2186 0.642708 0.385648 0.028125 0.112037
0 2189 0.677604 0.356019 0.043750 0.173148
0 2190 0.344271 0.272222 0.026042 0.129630
0 2191 0.518750 0.282870 0.034375 0.150926
0 2192 0.522135 0.273611 0.021354 0.093519
0 2193 0.508333 0.265741 0.028125 0.112963
0 2194 0.493750 0.263889 0.033333 0.137037
0 2196 0.439583 0.221759 0.030208 0.121296
0 2197 0.435417 0.239815 0.026042 0.118519
0 2198 0.363542 0.251389 0.021875 0.126852
0 2199 0.375781 0.242130 0.029687 0.123148
0 2200 0.350000 0.242593 0.026042 0.114815
0 2215 0.494792 0.278241 0.030208 0.128704
