0 1952 0.557813 0.286574 0.033333 0.143519
0 1960 0.386458 0.268056 0.029167 0.137963
0 2000 0.370833 0.261111 0.029167 0.140741
0 2026 0.119531 0.509722 0.033854 0.189815
0 2109 0.627083 0.303704 0.030208 0.124074
0 2110 0.619271 0.323611 0.031250 0.149074
0 2111 0.642188 0.361574 0.031250 0.149074
0 2114 0.361458 0.269907 0.028125 0.143519
0 2151 0.305208 0.893056 0.078125 0.215741
0 2159 0.773438 0.404630 0.041667 0.175926
0 2160 0.736979 0.411574 0.040625 0.182407
0 2163 0.242969 0.950000 0.065104 0.101852
0 2164 0.340104 0.652778 0.073958 0.366667
0 2165 0.542708 0.529167 0.053125 0.228704
0 2166 0.457813 0.542593 0.044792 0.187037
0 2167 0.394271 0.526389 0.047917 0.212037
0 2168 0.358333 0.545370 0.033333 0.129630
0 2169 0.300781 0.513889 0.042188 0.203704
0 2173 0.315625 0.412500 0.036458 0.156481
0 2174 0.386979 0.378704 0.037500 0.159259
0 2175 0.422396 0.371296 0.033333 0.146296
0 2176 0.362500 0.408796 0.033333 0.128704
0 2177 0.460156 0.337500 0.035937 0.165741
0 2178 0.479167 0.362963 0.028125 0.109259
0 2179 0.359375 0.311111 0.032292 0.142593
0 2181 0.289062 0.292593 0.034375 0.140741
0 2182 0.336979 0.275463 0.035417 0.145370
0 2183 0.435156 0.296296 0.033854 0.131481
0 2184 0.466146 0.297222 0.032292 0.120370
0 2185 0.470313 0.270833 0.030208 0.121296
0 2186 0.629948 0.381019 0.027604 0.112037
0 2189 0.664844 0.351852 0.042188 0.170370
0 2190 0.344271 0.269444 0.026042 0.129630
0 2191 0.517708 0.282870 0.034375 0.150926
0 2192 0.518490 0.269907 0.021354 0.093519
0 2193 0.505729 0.264815 0.028125 0.112963
0 2194 0.489583 0.260185 0.032292 0.135185
0 2196 0.429688 0.218981 0.030208 0.121296
0 2197 0.433854 0.235185 0.026042 0.118519
0 2198 0.358594 0.250463 0.021354 0.126852
0 2199 0.369792 0.236574 0.028125 0.123148
0 2200 0.344792 0.240741 0.026042 0.114815
0 2215 0.493229 0.275000 0.030208 0.125926
