0 1952 0.557813 0.287500 0.033333 0.143519
0 1960 0.388021 0.268981 0.029167 0.137963
0 2000 0.371354 0.262037 0.029167 0.140741
0 2026 0.119531 0.510648 0.033854 0.189815
0 2109 0.627344 0.304630 0.029687 0.124074
0 2110 0.619271 0.323611 0.031250 0.149074
0 2111 0.642188 0.360648 0.031250 0.149074
0 2114 0.361979 0.270833 0.028125 0.143519
0 2151 0.300781 0.896759 0.077604 0.208333
0 2159 0.776563 0.407407 0.041667 0.175926
0 2160 0.739062 0.414815 0.041667 0.185185
0 2163 0.258073 0.954167 0.065104 0.093519
0 2164 0.338542 0.656944 0.076042 0.369444
0 2165 0.539323 0.533333 0.052604 0.231481
0 2166 0.454427 0.546759 0.047396 0.189815
0 2167 0.393750 0.530556 0.048958 0.212963
0 2168 0.356771 0.548611 0.033333 0.130556
0 2169 0.298698 0.517130 0.043229 0.204630
0 2173 0.316146 0.414352 0.036458 0.156481
0 2174 0.383854 0.382870 0.037500 0.162037
0 2175 0.420833 0.372222 0.033333 0.146296
0 2176 0.364063 0.412963 0.033333 0.129630
0 2177 0.461979 0.339352 0.036458 0.167593
0 2178 0.478646 0.365741 0.028125 0.109259
0 2179 0.361198 0.312963 0.031771 0.142593
0 2181 0.291146 0.291667 0.034375 0.140741
0 2182 0.338802 0.277778 0.035937 0.146296
0 2183 0.435417 0.296759 0.034375 0.130556
0 2184 0.466146 0.298611 0.032292 0.121296
0 2185 0.471615 0.271759 0.030729 0.121296
0 2186 0.635156 0.382870 0.027604 0.112037
0 2189 0.670312 0.353704 0.042708 0.172222
0 2190 0.344271 0.270370 0.026042 0.129630
0 2191 0.518229 0.282870 0.034375 0.150926
0 2192 0.520052 0.271759 0.021354 0.093519
0 2193 0.506771 0.264815 0.028125 0.112963
0 2194 0.491406 0.261574 0.032813 0.136111
0 2196 0.434375 0.219907 0.030208 0.121296
0 2197 0.434375 0.237037 0.026042 0.118519
0 2198 0.361198 0.251389 0.021354 0.126852
0 2199 0.372135 0.238889 0.028646 0.124074
0 2200 0.347396 0.241204 0.026042 0.115741
0 2215 0.493750 0.276852 0.030208 0.127778
