0 1952 0.552083 0.234722 0.030208 0.128704
0 1960 0.378125 0.231944 0.027083 0.128704
0 2000 0.356510 0.226389 0.027604 0.134259
0 2026 0.116146 0.492130 0.034375 0.189815
0 2109 0.623437 0.285185 0.030208 0.124074
0 2110 0.616406 0.299537 0.031771 0.149074
0 2111 0.639062 0.339352 0.032292 0.152778
0 2114 0.356250 0.233796 0.028125 0.143519
0 2140 0.253646 0.914815 0.095833 0.172222
0 2150 0.254688 0.293519 0.037500 0.157407
0 2151 0.347396 0.776852 0.066667 0.309259
0 2159 0.672917 0.345833 0.037500 0.163889
0 2160 0.650000 0.355093 0.037500 0.165741
0 2162 0.153646 0.906019 0.094792 0.187963
0 2164 0.379688 0.500463 0.059375 0.300926
0 2165 0.581250 0.431019 0.046875 0.204630
0 2166 0.485417 0.440741 0.038542 0.166667
0 2167 0.422396 0.437963 0.045833 0.190741
0 2168 0.388542 0.447222 0.028125 0.109259
0 2169 0.311458 0.420370 0.039583 0.175926
0 2173 0.305208 0.345833 0.032292 0.156481
0 2174 0.421094 0.312963 0.034896 0.137037
0 2175 0.434375 0.309259 0.030208 0.135185
0 2176 0.373958 0.323148 0.031250 0.114815
0 2177 0.453646 0.276852 0.033333 0.151852
0 2178 0.476562 0.300926 0.028125 0.101852
0 2179 0.315625 0.257407 0.034375 0.140741
0 2182 0.338802 0.219907 0.033854 0.137963
0 2183 0.429688 0.251852 0.033333 0.135185
0 2184 0.456510 0.243056 0.029687 0.100926
0 2185 0.434115 0.223611 0.029687 0.121296
0 2186 0.540104 0.324537 0.031250 0.099074
0 2189 0.575000 0.302778 0.040625 0.164815
0 2191 0.500000 0.231944 0.032292 0.137963
0 2192 0.459375 0.209722 0.021875 0.093519
0 2193 0.456510 0.212500 0.027604 0.099074
0 2194 0.452865 0.216204 0.029687 0.128704
0 2197 0.371615 0.202778 0.027604 0.127778
0 2215 0.458333 0.229630 0.027083 0.120370
