0 1952 0.557813 0.292130 0.033333 0.143519
0 1960 0.391146 0.271296 0.029167 0.137037
0 2000 0.373437 0.263889 0.030208 0.140741
0 2026 0.120052 0.512500 0.033854 0.189815
0 2109 0.627865 0.305556 0.029687 0.124074
0 2110 0.619271 0.324537 0.031250 0.149074
0 2111 0.642969 0.359722 0.031771 0.149074
0 2114 0.363542 0.273611 0.028125 0.143519
0 2151 0.282031 0.910648 0.077604 0.180556
0 2159 0.786719 0.414352 0.042188 0.176852
0 2160 0.749479 0.419907 0.037500 0.184259
0 2163 0.314063 0.965278 0.057292 0.069444
0 2164 0.327083 0.688426 0.073958 0.371296
0 2165 0.530469 0.545833 0.053646 0.236111
0 2166 0.442708 0.559259 0.050000 0.192593
0 2167 0.392448 0.542130 0.051562 0.217593
0 2168 0.353906 0.567130 0.033854 0.145370
0 2169 0.293490 0.529167 0.044271 0.206481
0 2173 0.316667 0.425926 0.035417 0.164815
0 2174 0.376563 0.393519 0.041667 0.168519
0 2175 0.416927 0.377315 0.033854 0.147222
0 2176 0.372135 0.419444 0.032813 0.129630
0 2177 0.468229 0.346296 0.041667 0.175926
0 2178 0.479427 0.367130 0.027604 0.110185
0 2179 0.364844 0.318056 0.032813 0.147222
0 2181 0.298958 0.290741 0.034375 0.140741
0 2182 0.345313 0.282870 0.035417 0.154630
0 2183 0.435677 0.299537 0.034896 0.128704
0 2184 0.466146 0.305093 0.032292 0.121296
0 2185 0.471354 0.277778 0.033333 0.124074
0 2186 0.653385 0.389352 0.028646 0.112037
0 2189 0.688281 0.359722 0.044271 0.175000
0 2190 0.344271 0.275000 0.026042 0.129630
0 2191 0.519792 0.283796 0.034375 0.150926
0 2192 0.525260 0.275463 0.021354 0.093519
0 2193 0.510417 0.267593 0.028125 0.112963
0 2194 0.495833 0.266667 0.033333 0.137037
0 2196 0.447396 0.223611 0.030208 0.121296
0 2197 0.433854 0.237963 0.026042 0.118519
0 2198 0.367188 0.251389 0.021875 0.126852
0 2199 0.380729 0.242130 0.029167 0.123148
0 2200 0.354687 0.244907 0.026042 0.115741
0 2215 0.496875 0.281019 0.030208 0.128704
