0 1952 0.557552 0.273611 0.030729 0.139815
0 1960 0.381250 0.262500 0.029167 0.137963
0 2000 0.362240 0.251852 0.027604 0.140741
0 2026 0.118490 0.505093 0.033854 0.189815
0 2109 0.625521 0.301852 0.030208 0.124074
0 2110 0.619271 0.318981 0.031250 0.149074
0 2111 0.639844 0.355093 0.031771 0.149074
0 2114 0.358333 0.257870 0.028125 0.143519
0 2150 0.190885 0.306481 0.038021 0.157407
0 2151 0.324740 0.867593 0.077604 0.266667
0 2159 0.747135 0.385185 0.041146 0.168519
0 2160 0.719010 0.391204 0.036979 0.173148
0 2163 0.136458 0.930093 0.065625 0.139815
0 2164 0.358594 0.598148 0.069271 0.338889
0 2165 0.563021 0.496759 0.050000 0.223148
0 2166 0.479687 0.509722 0.040625 0.176852
0 2167 0.397396 0.499074 0.045833 0.201852
0 2168 0.370312 0.514815 0.031250 0.118519
0 2169 0.308854 0.482870 0.040625 0.195370
0 2173 0.312500 0.396759 0.036458 0.156481
0 2174 0.400521 0.357407 0.039583 0.150000
0 2175 0.423438 0.351852 0.030208 0.140741
0 2176 0.362760 0.377315 0.033854 0.123148
0 2177 0.452604 0.320833 0.038542 0.158333
0 2178 0.476562 0.338889 0.029167 0.109259
0 2179 0.346615 0.300000 0.035937 0.144444
0 2182 0.327604 0.258333 0.034375 0.146296
0 2183 0.434375 0.287963 0.033333 0.135185
0 2184 0.466146 0.283333 0.032292 0.103704
0 2185 0.455990 0.259722 0.029687 0.121296
0 2186 0.591406 0.368981 0.031771 0.112037
0 2189 0.623698 0.337963 0.040104 0.164815
0 2190 0.343750 0.259722 0.026042 0.128704
0 2191 0.512760 0.267130 0.033854 0.150926
0 2192 0.501563 0.246759 0.021875 0.093519
0 2193 0.494531 0.250000 0.027604 0.112963
0 2194 0.475781 0.244444 0.029687 0.129630
0 2196 0.392448 0.206019 0.024479 0.121296
0 2197 0.422396 0.231019 0.030208 0.117593
0 2215 0.482812 0.263426 0.030208 0.121296
