0 1952 0.561979 0.332870 0.033333 0.156481
0 1960 0.403385 0.291204 0.030729 0.134259
0 2000 0.383333 0.283333 0.031250 0.140741
0 2026 0.112760 0.524537 0.040104 0.189815
0 2109 0.630990 0.307407 0.029687 0.124074
0 2110 0.620573 0.329167 0.031771 0.149074
0 2111 0.640625 0.363426 0.032292 0.152778
0 2114 0.370052 0.291204 0.027604 0.143519
0 2159 0.913021 0.458333 0.056250 0.190741
0 2160 0.888021 0.471296 0.050000 0.198148
0 2164 0.224219 0.827315 0.097396 0.343519
0 2165 0.457552 0.656481 0.052604 0.274074
0 2166 0.378646 0.669907 0.053125 0.221296
0 2167 0.342187 0.649537 0.058333 0.249074
0 2168 0.295312 0.687037 0.045833 0.172222
0 2169 0.257552 0.631481 0.046354 0.235185
0 2170 0.044531 0.820370 0.088021 0.331481
0 2171 0.073698 0.733333 0.086979 0.292593
0 2172 0.077344 0.677778 0.077604 0.283333
0 2173 0.322396 0.493056 0.035417 0.182407
0 2174 0.351562 0.452315 0.050000 0.176852
0 2175 0.385156 0.436574 0.033854 0.160185
0 2176 0.458854 0.490278 0.035417 0.154630
0 2177 0.449479 0.398611 0.044792 0.189815
0 2178 0.486979 0.425463 0.036458 0.121296
0 2179 0.407813 0.366204 0.040625 0.165741
0 2180 0.365625 0.353704 0.046875 0.151852
0 2181 0.314583 0.338889 0.037500 0.153704
0 2182 0.366146 0.324537 0.036458 0.154630
0 2183 0.422917 0.338426 0.036458 0.139815
0 2184 0.458594 0.339815 0.032813 0.124074
0 2185 0.465104 0.313426 0.039583 0.134259
0 2186 0.750521 0.445370 0.038542 0.124074
0 2189 0.790885 0.410648 0.045312 0.200926
0 2190 0.333073 0.317593 0.029687 0.138889
0 2191 0.533854 0.319907 0.034375 0.160185
0 2192 0.549479 0.300463 0.022917 0.112037
0 2193 0.533854 0.295370 0.028125 0.112963
0 2194 0.518490 0.300463 0.033854 0.139815
0 2196 0.510938 0.250000 0.030208 0.129630
0 2197 0.454427 0.253241 0.027604 0.117593
0 2198 0.424740 0.278704 0.029687 0.125926
0 2199 0.433333 0.259259 0.026042 0.124074
0 2200 0.403125 0.270833 0.028125 0.115741
0 2201 0.360417 0.262963 0.030208 0.124074
0 2215 0.486198 0.314352 0.029687 0.132407
