0 1952 0.566406 0.344907 0.033854 0.156481
0 1960 0.405208 0.298611 0.032292 0.134259
0 2000 0.387240 0.296759 0.031771 0.149074
0 2026 0.111198 0.524537 0.040104 0.189815
0 2109 0.630990 0.307407 0.029687 0.124074
0 2110 0.619010 0.329167 0.031771 0.149074
0 2111 0.639583 0.363889 0.032292 0.159259
0 2114 0.371615 0.300000 0.028646 0.148148
0 2164 0.201042 0.872685 0.104167 0.256481
0 2165 0.432552 0.712500 0.053646 0.289815
0 2166 0.355469 0.715741 0.051562 0.231481
0 2167 0.320573 0.693056 0.060937 0.260185
0 2168 0.278646 0.728241 0.041667 0.184259
0 2169 0.295312 0.656481 0.054167 0.240741
0 2170 0.082292 0.756944 0.092708 0.321296
0 2171 0.113281 0.683796 0.079687 0.287963
0 2172 0.113542 0.633333 0.072917 0.270370
0 2173 0.313021 0.523148 0.045833 0.190741
0 2174 0.348438 0.478704 0.048958 0.187037
0 2175 0.380208 0.468519 0.033333 0.175926
0 2176 0.436458 0.511574 0.034375 0.160185
0 2177 0.447396 0.419444 0.050000 0.192593
0 2178 0.485938 0.450463 0.035417 0.132407
0 2179 0.431510 0.382870 0.042188 0.167593
0 2180 0.448437 0.372222 0.043750 0.155556
0 2181 0.323437 0.349074 0.038542 0.153704
0 2182 0.371354 0.338426 0.038542 0.154630
0 2183 0.414844 0.352778 0.038021 0.142593
0 2184 0.455729 0.355556 0.033333 0.129630
0 2185 0.455208 0.328704 0.038542 0.135185
0 2186 0.801823 0.470833 0.035937 0.128704
0 2189 0.835417 0.431944 0.041667 0.202778
0 2190 0.332813 0.332407 0.031250 0.146296
0 2191 0.547656 0.331481 0.033854 0.164815
0 2192 0.556250 0.314815 0.027083 0.112963
0 2193 0.542969 0.313889 0.027604 0.120370
0 2194 0.524479 0.314815 0.033333 0.146296
0 2195 0.318229 0.285648 0.032292 0.128704
0 2196 0.525521 0.261111 0.030208 0.129630
0 2197 0.479687 0.257870 0.026042 0.117593
0 2198 0.450260 0.291204 0.029687 0.126852
0 2199 0.452083 0.268519 0.026042 0.124074
0 2200 0.428646 0.284722 0.032292 0.121296
0 2201 0.381250 0.270833 0.028125 0.123148
0 2215 0.486719 0.328704 0.032813 0.137037
