0 1952 0.557813 0.294907 0.033333 0.143519
0 1960 0.392188 0.274537 0.029167 0.136111
0 2000 0.375000 0.264815 0.031250 0.140741
0 2026 0.120573 0.514352 0.033854 0.189815
0 2109 0.628385 0.305556 0.029687 0.124074
0 2110 0.619792 0.325463 0.031250 0.149074
0 2111 0.643229 0.359722 0.032292 0.149074
0 2114 0.365104 0.275463 0.028125 0.143519
0 2151 0.269010 0.923611 0.077604 0.154630
0 2159 0.793490 0.419444 0.044271 0.179630
0 2160 0.756250 0.424074 0.037500 0.185185
0 2163 0.353906 0.972685 0.050521 0.052778
0 2164 0.315885 0.698148 0.073438 0.383333
0 2165 0.526042 0.553704 0.056250 0.238889
0 2166 0.435156 0.567593 0.049479 0.192593
0 2167 0.388542 0.552315 0.052083 0.221296
0 2168 0.352604 0.582407 0.034375 0.157407
0 2169 0.291406 0.539352 0.044271 0.204630
0 2173 0.318750 0.432870 0.035417 0.169444
0 2174 0.373437 0.397685 0.045833 0.167593
0 2175 0.413281 0.384259 0.033854 0.153704
0 2176 0.377344 0.432407 0.038021 0.129630
0 2177 0.467969 0.350926 0.038021 0.175926
0 2178 0.481510 0.370370 0.029687 0.114815
0 2179 0.367708 0.321759 0.033333 0.150926
0 2181 0.302604 0.295370 0.034375 0.140741
0 2182 0.349740 0.286574 0.035937 0.154630
0 2183 0.435677 0.301389 0.034896 0.126852
0 2184 0.466146 0.309722 0.032292 0.121296
0 2185 0.471094 0.281944 0.034896 0.126852
0 2186 0.666406 0.393981 0.029687 0.112037
0 2189 0.701302 0.363889 0.045312 0.177778
0 2190 0.340365 0.278704 0.027604 0.129630
0 2191 0.520312 0.287500 0.034375 0.150926
0 2192 0.528385 0.273611 0.021354 0.093519
0 2193 0.514062 0.270370 0.028125 0.112963
0 2194 0.498437 0.270370 0.033333 0.137037
0 2196 0.455208 0.225000 0.030208 0.122222
0 2197 0.432031 0.237037 0.026562 0.118519
0 2198 0.372396 0.253241 0.021875 0.126852
0 2199 0.386979 0.243056 0.028125 0.123148
0 2200 0.357812 0.246296 0.027083 0.114815
0 2215 0.499740 0.283796 0.029687 0.128704
