0 1952 0.564844 0.340278 0.033854 0.156481
0 1960 0.403906 0.295833 0.031771 0.134259
0 2000 0.385417 0.291204 0.031250 0.145370
0 2026 0.111719 0.524537 0.040104 0.189815
0 2109 0.630990 0.307407 0.029687 0.124074
0 2110 0.620573 0.329167 0.031771 0.149074
0 2111 0.640104 0.363426 0.032292 0.156481
0 2114 0.369010 0.296296 0.027604 0.144444
0 2159 0.969531 0.463889 0.047396 0.190741
0 2164 0.209115 0.856019 0.102604 0.289815
0 2165 0.440625 0.685648 0.052083 0.280556
0 2166 0.362240 0.698148 0.054688 0.231481
0 2167 0.331510 0.676852 0.060937 0.253704
0 2168 0.285677 0.712500 0.044271 0.184259
0 2169 0.272396 0.648148 0.045833 0.240741
0 2170 0.066146 0.779167 0.105208 0.332407
0 2171 0.100260 0.702778 0.081771 0.292593
0 2172 0.099219 0.651389 0.073438 0.275000
0 2173 0.316667 0.509722 0.039583 0.186111
0 2174 0.352083 0.469907 0.046875 0.182407
0 2175 0.381771 0.452315 0.034375 0.171296
0 2176 0.448958 0.502315 0.035417 0.156481
0 2177 0.447396 0.410185 0.048958 0.190741
0 2178 0.484896 0.440278 0.036458 0.126852
0 2179 0.421875 0.375926 0.038542 0.168519
0 2180 0.418490 0.362037 0.046354 0.151852
0 2181 0.319792 0.345370 0.038542 0.153704
0 2182 0.366406 0.332407 0.038021 0.153704
0 2183 0.417969 0.347685 0.036979 0.141667
0 2184 0.456510 0.349537 0.032813 0.128704
0 2185 0.453646 0.320833 0.039583 0.134259
0 2186 0.775260 0.460648 0.035937 0.125000
0 2189 0.813542 0.424074 0.041667 0.201852
0 2190 0.333854 0.325000 0.031250 0.146296
0 2191 0.542188 0.326389 0.034375 0.160185
0 2192 0.554948 0.311574 0.027604 0.112037
0 2193 0.540104 0.306481 0.028125 0.112963
0 2194 0.521875 0.308796 0.034375 0.143519
0 2195 0.301563 0.282870 0.037500 0.126852
0 2196 0.521875 0.254630 0.030208 0.129630
0 2197 0.468750 0.255093 0.026042 0.117593
0 2198 0.440885 0.285185 0.029687 0.125926
0 2199 0.442448 0.262037 0.025521 0.124074
0 2200 0.419271 0.279630 0.031250 0.120370
0 2201 0.374219 0.267130 0.027604 0.123148
0 2215 0.486719 0.322222 0.030729 0.137037
