0 1952 0.564323 0.339352 0.033854 0.156481
0 1960 0.403906 0.294907 0.031771 0.134259
0 2000 0.384896 0.289352 0.031250 0.143519
0 2026 0.111979 0.524537 0.040625 0.189815
0 2109 0.630990 0.307407 0.029687 0.124074
0 2110 0.620573 0.329167 0.031771 0.149074
0 2111 0.640104 0.363426 0.032292 0.156481
0 2114 0.368490 0.295833 0.027604 0.143519
0 2159 0.958073 0.462037 0.049479 0.190741
0 2164 0.210938 0.850463 0.100000 0.300926
0 2165 0.442969 0.679167 0.052604 0.278704
0 2166 0.366146 0.692593 0.058333 0.231481
0 2167 0.334115 0.672222 0.060937 0.253704
0 2168 0.287240 0.708333 0.045312 0.185185
0 2169 0.268229 0.645370 0.045833 0.240741
0 2170 0.061979 0.783796 0.110417 0.332407
0 2171 0.096615 0.707407 0.082812 0.292593
0 2172 0.095573 0.656481 0.073438 0.275926
0 2173 0.317969 0.505556 0.036979 0.183333
0 2174 0.353906 0.467593 0.046354 0.179630
0 2175 0.382292 0.449074 0.034375 0.168519
0 2176 0.452083 0.500463 0.035417 0.156481
0 2177 0.447396 0.407870 0.048958 0.189815
0 2178 0.484896 0.436111 0.036458 0.124074
0 2179 0.419531 0.374074 0.039062 0.168519
0 2180 0.410156 0.359259 0.046354 0.151852
0 2181 0.318750 0.344444 0.038542 0.153704
0 2182 0.366146 0.331481 0.037500 0.153704
0 2183 0.418750 0.345833 0.037500 0.141667
0 2184 0.456771 0.347685 0.033333 0.126852
0 2185 0.453646 0.318056 0.039583 0.134259
0 2186 0.769010 0.458333 0.035937 0.124074
0 2189 0.807813 0.422685 0.041667 0.200926
0 2190 0.333854 0.323148 0.031250 0.146296
0 2191 0.540625 0.326389 0.034375 0.160185
0 2192 0.554948 0.310648 0.027604 0.112037
0 2193 0.539062 0.304630 0.028125 0.112963
0 2194 0.521094 0.306944 0.033854 0.143519
0 2195 0.298177 0.281944 0.035937 0.126852
0 2196 0.521354 0.253704 0.030208 0.129630
0 2197 0.465625 0.255093 0.026042 0.117593
0 2198 0.438281 0.283333 0.029687 0.125926
0 2199 0.440885 0.262037 0.025521 0.124074
0 2200 0.416146 0.277778 0.030208 0.118519
0 2201 0.372396 0.266204 0.027083 0.123148
0 2215 0.486719 0.321296 0.029687 0.137037
