0 1952 0.556250 0.315278 0.033333 0.156481
0 1960 0.400000 0.283796 0.029167 0.134259
0 2000 0.380729 0.273148 0.031250 0.140741
0 2026 0.114583 0.523611 0.040625 0.189815
0 2109 0.629948 0.306481 0.029687 0.124074
0 2110 0.620833 0.328241 0.031250 0.149074
0 2111 0.642708 0.362500 0.032292 0.149074
0 2114 0.370573 0.282870 0.027604 0.143519
0 2159 0.843750 0.445370 0.048958 0.185185
0 2160 0.811979 0.451852 0.048958 0.192593
0 2164 0.263542 0.787963 0.087500 0.409259
0 2165 0.490104 0.607870 0.057292 0.256481
0 2166 0.417708 0.622222 0.052083 0.209259
0 2167 0.363281 0.600463 0.052604 0.234259
0 2168 0.327083 0.636574 0.038542 0.160185
0 2169 0.269792 0.581944 0.043750 0.215741
0 2171 0.036458 0.788889 0.069792 0.301852
0 2172 0.040625 0.736111 0.080208 0.298148
0 2173 0.325521 0.470833 0.035417 0.182407
0 2174 0.357031 0.422685 0.045312 0.171296
0 2175 0.396615 0.414352 0.033854 0.160185
0 2176 0.432552 0.471296 0.038021 0.148148
0 2177 0.462240 0.379167 0.040104 0.178704
0 2178 0.494271 0.400463 0.034375 0.121296
0 2179 0.385156 0.344444 0.039062 0.157407
0 2180 0.276042 0.342130 0.045833 0.150926
0 2181 0.308854 0.317593 0.034375 0.144444
0 2182 0.365104 0.307870 0.036458 0.154630
0 2183 0.429167 0.319907 0.035417 0.137963
0 2184 0.462500 0.325463 0.032292 0.121296
0 2185 0.471354 0.297685 0.035417 0.126852
0 2186 0.721354 0.421759 0.032292 0.123148
0 2189 0.754167 0.389352 0.038542 0.186111
0 2190 0.334896 0.300463 0.028125 0.128704
0 2191 0.522656 0.306944 0.033854 0.152778
0 2192 0.541146 0.284722 0.022917 0.106481
0 2193 0.529167 0.287037 0.028125 0.112963
0 2194 0.508854 0.289352 0.034375 0.137963
0 2196 0.494271 0.239815 0.029167 0.124074
0 2197 0.435677 0.244907 0.029687 0.117593
0 2198 0.400521 0.267593 0.030208 0.125926
0 2199 0.411458 0.248611 0.026042 0.123148
0 2200 0.373958 0.256944 0.028125 0.115741
0 2215 0.498177 0.305556 0.029687 0.129630
