0 1952 0.563281 0.335648 0.033854 0.156481
0 1960 0.403646 0.293056 0.031250 0.134259
0 2000 0.383854 0.285185 0.031250 0.140741
0 2026 0.112500 0.524537 0.040625 0.189815
0 2109 0.630990 0.307407 0.029687 0.124074
0 2110 0.620573 0.329167 0.031771 0.149074
0 2111 0.640625 0.363426 0.032292 0.154630
0 2114 0.369010 0.293056 0.027604 0.143519
0 2159 0.928906 0.459259 0.055729 0.190741
0 2160 0.903906 0.474074 0.048438 0.198148
0 2164 0.217448 0.837037 0.096354 0.325926
0 2165 0.451302 0.665741 0.052604 0.275926
0 2166 0.373958 0.679167 0.058333 0.226852
0 2167 0.339844 0.659259 0.059896 0.251852
0 2168 0.292187 0.696296 0.045833 0.177778
0 2169 0.257552 0.637963 0.046354 0.238889
0 2170 0.051823 0.803241 0.102604 0.332407
0 2171 0.084115 0.721296 0.084896 0.292593
0 2172 0.085417 0.669907 0.073958 0.278704
0 2173 0.320833 0.497685 0.035417 0.182407
0 2174 0.353646 0.459259 0.047917 0.175926
0 2175 0.384115 0.441204 0.033854 0.160185
0 2176 0.457292 0.494907 0.035417 0.156481
0 2177 0.448177 0.402315 0.047396 0.189815
0 2178 0.485417 0.429167 0.036458 0.121296
0 2179 0.413021 0.369444 0.040625 0.168519
0 2180 0.383854 0.355556 0.046875 0.151852
0 2181 0.316667 0.341667 0.038542 0.153704
0 2182 0.365885 0.327778 0.036979 0.153704
0 2183 0.421094 0.342130 0.036979 0.141667
0 2184 0.457552 0.343056 0.032813 0.125000
0 2185 0.457813 0.313426 0.039583 0.134259
0 2186 0.758073 0.454630 0.035937 0.124074
0 2189 0.797917 0.415278 0.044792 0.200926
0 2190 0.333594 0.319444 0.030729 0.142593
0 2191 0.536458 0.323611 0.034375 0.160185
0 2192 0.551823 0.304630 0.024479 0.112963
0 2193 0.535937 0.299074 0.028125 0.112963
0 2194 0.519792 0.303704 0.034375 0.140741
0 2195 0.289844 0.280093 0.032813 0.126852
0 2196 0.515104 0.250926 0.030208 0.129630
0 2197 0.459115 0.254167 0.026562 0.117593
0 2198 0.430469 0.280556 0.029687 0.125926
0 2199 0.436979 0.260185 0.026042 0.124074
0 2200 0.408333 0.273611 0.028125 0.115741
0 2201 0.366146 0.263426 0.028125 0.123148
0 2215 0.486458 0.316667 0.029167 0.135185
