0 1952 0.565365 0.341204 0.033854 0.156481
0 1960 0.403906 0.296759 0.031771 0.134259
0 2000 0.385677 0.292130 0.031771 0.145370
0 2026 0.111719 0.524537 0.040104 0.189815
0 2109 0.630990 0.307407 0.029687 0.124074
0 2110 0.620573 0.329167 0.031771 0.149074
0 2111 0.640104 0.363889 0.032292 0.157407
0 2114 0.369531 0.296759 0.027604 0.145370
0 2164 0.207813 0.859259 0.104167 0.283333
0 2165 0.439063 0.690278 0.052083 0.282407
0 2166 0.359896 0.701389 0.052083 0.232407
0 2167 0.329427 0.679630 0.060937 0.253704
0 2168 0.284375 0.715278 0.043750 0.184259
0 2169 0.275521 0.650000 0.045833 0.240741
0 2170 0.069010 0.775926 0.101562 0.331481
0 2171 0.102604 0.700000 0.081250 0.292593
0 2172 0.101823 0.648148 0.073438 0.274074
0 2173 0.315625 0.512500 0.041667 0.186111
0 2174 0.350781 0.471296 0.046354 0.183333
0 2175 0.381250 0.455556 0.034375 0.172222
0 2176 0.446875 0.503704 0.035417 0.157407
0 2177 0.447396 0.412037 0.048958 0.190741
0 2178 0.484896 0.442593 0.036458 0.127778
0 2179 0.423698 0.377315 0.038021 0.167593
0 2180 0.424219 0.363889 0.046354 0.151852
0 2181 0.320312 0.345370 0.038542 0.153704
0 2182 0.367448 0.333333 0.038021 0.153704
0 2183 0.417448 0.348148 0.038021 0.142593
0 2184 0.456250 0.350463 0.033333 0.128704
0 2185 0.453125 0.321759 0.039583 0.134259
0 2186 0.780469 0.462963 0.035937 0.125926
0 2189 0.817708 0.425926 0.041667 0.201852
0 2190 0.333854 0.326852 0.031250 0.146296
0 2191 0.543229 0.327315 0.034375 0.160185
0 2192 0.555208 0.312037 0.027083 0.112963
0 2193 0.540625 0.308333 0.028125 0.112963
0 2194 0.522135 0.309722 0.033854 0.145370
0 2195 0.304167 0.282870 0.036458 0.126852
0 2196 0.522917 0.256481 0.030208 0.129630
0 2197 0.470313 0.255093 0.026042 0.117593
0 2198 0.442448 0.286111 0.029687 0.125926
0 2199 0.443490 0.262963 0.025521 0.124074
0 2200 0.421094 0.281019 0.031771 0.121296
0 2201 0.375781 0.268056 0.027604 0.123148
0 2215 0.486719 0.324074 0.030729 0.137037
