0 1952 0.555729 0.312500 0.033333 0.156481
0 1960 0.398438 0.282870 0.029167 0.134259
0 2000 0.379688 0.272222 0.031250 0.140741
0 2026 0.115625 0.521759 0.039583 0.189815
0 2109 0.629427 0.306481 0.029687 0.124074
0 2110 0.620833 0.328241 0.031250 0.149074
0 2111 0.643229 0.361574 0.032292 0.149074
0 2114 0.369792 0.281944 0.028125 0.143519
0 2159 0.832292 0.442130 0.047917 0.184259
0 2160 0.799479 0.445370 0.048958 0.190741
0 2164 0.270833 0.771296 0.079167 0.409259
0 2165 0.500781 0.599074 0.048438 0.253704
0 2166 0.421875 0.612037 0.051042 0.207407
0 2167 0.368229 0.590278 0.052083 0.230556
0 2168 0.334635 0.624074 0.033854 0.159259
0 2169 0.275521 0.573611 0.044792 0.213889
0 2171 0.032031 0.801389 0.061979 0.302778
0 2172 0.035417 0.748148 0.069792 0.300000
0 2173 0.323958 0.463426 0.035417 0.178704
0 2174 0.359635 0.417130 0.046354 0.171296
0 2175 0.399219 0.408796 0.033854 0.160185
0 2176 0.422396 0.465278 0.037500 0.145370
0 2177 0.465104 0.375463 0.040625 0.178704
0 2178 0.495833 0.393981 0.034375 0.121296
0 2179 0.381510 0.337500 0.036979 0.152778
0 2180 0.260937 0.337963 0.041667 0.157407
0 2181 0.308854 0.314815 0.034375 0.140741
0 2182 0.363802 0.305093 0.035937 0.154630
0 2183 0.430729 0.318056 0.035417 0.137963
0 2184 0.463542 0.323611 0.032292 0.121296
0 2185 0.471354 0.295833 0.035417 0.126852
0 2186 0.714323 0.415741 0.031771 0.118519
0 2189 0.746354 0.383796 0.041667 0.186111
0 2190 0.335417 0.294907 0.027083 0.128704
0 2191 0.522656 0.303704 0.033854 0.151852
0 2192 0.538021 0.281019 0.022917 0.106481
0 2193 0.527083 0.284259 0.028125 0.112963
0 2194 0.507031 0.285648 0.033854 0.137963
0 2196 0.488542 0.237037 0.029167 0.124074
0 2197 0.434635 0.243056 0.029687 0.117593
0 2198 0.397396 0.264815 0.028125 0.125926
0 2199 0.406771 0.247685 0.026042 0.123148
0 2200 0.371354 0.254167 0.028125 0.115741
0 2215 0.499740 0.302778 0.029687 0.129630
