0 1952 0.555729 0.312500 0.033333 0.156481
0 1960 0.398438 0.282870 0.029167 0.134259
0 2000 0.379427 0.271296 0.031771 0.140741
0 2026 0.115885 0.521759 0.039062 0.189815
0 2109 0.629427 0.306481 0.029687 0.124074
0 2110 0.620833 0.327315 0.031250 0.149074
0 2111 0.643229 0.361574 0.032292 0.149074
0 2114 0.369531 0.281019 0.027604 0.143519
0 2159 0.830208 0.441204 0.047917 0.184259
0 2160 0.797396 0.443981 0.048958 0.189815
0 2164 0.271875 0.768519 0.078125 0.409259
0 2165 0.501563 0.596759 0.048958 0.252778
0 2166 0.421875 0.610648 0.051042 0.206481
0 2167 0.369010 0.588889 0.052604 0.229630
0 2168 0.335677 0.622222 0.032813 0.159259
0 2169 0.276562 0.572222 0.044792 0.212963
0 2171 0.031250 0.803704 0.060417 0.301852
0 2172 0.034635 0.750000 0.068229 0.300000
0 2173 0.323958 0.462500 0.035417 0.178704
0 2174 0.359896 0.416204 0.046875 0.171296
0 2175 0.399740 0.407870 0.033854 0.160185
0 2176 0.420052 0.464352 0.036979 0.145370
0 2177 0.465625 0.375463 0.040625 0.178704
0 2178 0.495833 0.393056 0.034375 0.121296
0 2179 0.380990 0.336111 0.036979 0.151852
0 2180 0.258333 0.337037 0.040625 0.159259
0 2181 0.308854 0.313889 0.034375 0.140741
0 2182 0.363802 0.304167 0.035937 0.154630
0 2183 0.430990 0.317130 0.034896 0.137963
0 2184 0.463542 0.322685 0.032292 0.121296
0 2185 0.471354 0.295833 0.035417 0.126852
0 2186 0.713281 0.414352 0.031771 0.117593
0 2189 0.745052 0.382870 0.042188 0.186111
0 2190 0.335417 0.293981 0.027083 0.128704
0 2191 0.522656 0.303704 0.033854 0.151852
0 2192 0.537500 0.279630 0.022917 0.105556
0 2193 0.526563 0.283333 0.028125 0.112963
0 2194 0.506771 0.284722 0.034375 0.137963
0 2196 0.487500 0.237037 0.029167 0.124074
0 2197 0.434375 0.242130 0.029167 0.117593
0 2198 0.396615 0.264815 0.027604 0.125926
0 2199 0.405729 0.246759 0.026042 0.123148
0 2200 0.371354 0.254167 0.028125 0.115741
0 2215 0.499740 0.301852 0.029687 0.129630
