0 1952 0.555729 0.313426 0.033333 0.156481
0 1960 0.399479 0.283796 0.029167 0.134259
0 2000 0.379948 0.272222 0.031771 0.140741
0 2026 0.115104 0.522685 0.039583 0.189815
0 2109 0.629427 0.306481 0.029687 0.124074
0 2110 0.620833 0.328241 0.031250 0.149074
0 2111 0.642708 0.361574 0.032292 0.149074
0 2114 0.370052 0.281944 0.027604 0.143519
0 2159 0.835938 0.443519 0.047917 0.185185
0 2160 0.803646 0.447222 0.048958 0.190741
0 2164 0.268229 0.776852 0.082292 0.409259
0 2165 0.497135 0.601389 0.051562 0.254630
0 2166 0.421354 0.616204 0.052083 0.208333
0 2167 0.366667 0.593519 0.052083 0.231481
0 2168 0.332031 0.627778 0.034896 0.159259
0 2169 0.273698 0.576389 0.044271 0.213889
0 2171 0.033333 0.797222 0.064583 0.303704
0 2172 0.037240 0.743981 0.073438 0.299074
0 2173 0.324479 0.465741 0.035417 0.179630
0 2174 0.358594 0.418981 0.046354 0.171296
0 2175 0.398177 0.410648 0.033854 0.160185
0 2176 0.426302 0.467593 0.038021 0.146296
0 2177 0.464062 0.376389 0.040625 0.178704
0 2178 0.495312 0.395833 0.034375 0.121296
0 2179 0.382812 0.339815 0.037500 0.153704
0 2180 0.265625 0.339815 0.043750 0.153704
0 2181 0.308854 0.315278 0.034375 0.141667
0 2182 0.364323 0.306019 0.035937 0.154630
0 2183 0.430208 0.318981 0.035417 0.137963
0 2184 0.463021 0.323611 0.032292 0.121296
0 2185 0.471354 0.295833 0.035417 0.126852
0 2186 0.716667 0.417593 0.032292 0.120370
0 2189 0.748958 0.385648 0.040625 0.186111
0 2190 0.335156 0.296759 0.027604 0.128704
0 2191 0.522656 0.304630 0.033854 0.151852
0 2192 0.539062 0.281944 0.022917 0.106481
0 2193 0.527604 0.285185 0.028125 0.112963
0 2194 0.507552 0.286574 0.033854 0.137963
0 2196 0.490104 0.237963 0.029167 0.124074
0 2197 0.434896 0.243056 0.029167 0.117593
0 2198 0.398177 0.265741 0.028646 0.125926
0 2199 0.408333 0.247685 0.026042 0.123148
0 2200 0.372396 0.255093 0.028125 0.115741
0 2215 0.499740 0.304630 0.029687 0.129630
