0 1946 0.326562 0.303704 0.035417 0.135185
0 1952 0.552865 0.368056 0.035937 0.171296
0 1956 0.365104 0.240741 0.026042 0.122222
0 1960 0.416927 0.321296 0.035937 0.157407
0 2000 0.394271 0.308333 0.032292 0.157407
0 2026 0.110156 0.522685 0.042188 0.187963
0 2109 0.628646 0.312963 0.032292 0.135185
0 2110 0.604167 0.325000 0.032292 0.140741
0 2111 0.640104 0.367593 0.032292 0.157407
0 2114 0.374479 0.312037 0.028125 0.142593
0 2165 0.346354 0.828704 0.072917 0.331481
0 2166 0.302604 0.810648 0.058333 0.260185
0 2167 0.250521 0.793056 0.072917 0.297222
0 2168 0.191146 0.833796 0.045833 0.200926
0 2169 0.373698 0.722222 0.044271 0.257407
0 2170 0.144792 0.642593 0.072917 0.266667
0 2171 0.163542 0.595833 0.070833 0.241667
0 2172 0.164844 0.556944 0.057813 0.234259
0 2173 0.290885 0.589815 0.051562 0.218519
0 2174 0.331771 0.525463 0.055208 0.206481
0 2175 0.366146 0.515278 0.041667 0.184259
0 2176 0.390625 0.557407 0.040625 0.170370
0 2177 0.422396 0.466204 0.041667 0.221296
0 2178 0.462500 0.496759 0.040625 0.143519
0 2179 0.501823 0.415278 0.042188 0.180556
0 2180 0.575260 0.419444 0.046354 0.177778
0 2181 0.336979 0.381944 0.040625 0.167593
0 2182 0.373698 0.376389 0.044271 0.171296
0 2183 0.399740 0.379630 0.038021 0.146296
0 2184 0.451562 0.386574 0.037500 0.145370
0 2185 0.494010 0.354630 0.036979 0.157407
0 2190 0.320833 0.360648 0.033333 0.149074
0 2191 0.616146 0.349074 0.036458 0.174074
0 2192 0.565885 0.336111 0.025521 0.109259
0 2193 0.559896 0.334722 0.026042 0.134259
0 2194 0.548438 0.333796 0.042708 0.149074
0 2195 0.367708 0.301389 0.033333 0.134259
0 2196 0.547917 0.280556 0.031250 0.127778
0 2197 0.515625 0.275926 0.029167 0.116667
0 2198 0.478906 0.314352 0.031771 0.139815
0 2199 0.487760 0.277315 0.028646 0.119444
0 2200 0.459375 0.313426 0.035417 0.152778
0 2201 0.407031 0.289352 0.027604 0.126852
0 2202 0.407292 0.223611 0.030208 0.128704
0 2215 0.519792 0.357870 0.033333 0.150926
