0 1946 0.303125 0.300463 0.035417 0.134259
0 1952 0.563021 0.356944 0.034375 0.165741
0 1960 0.412240 0.316204 0.032813 0.152778
0 2000 0.390104 0.299537 0.030208 0.156481
0 2026 0.109375 0.523611 0.041667 0.187963
0 2109 0.629687 0.310185 0.031250 0.129630
0 2110 0.613802 0.328241 0.032813 0.143519
0 2111 0.639583 0.365741 0.032292 0.159259
0 2114 0.373177 0.306019 0.028646 0.145370
0 2164 0.181510 0.923148 0.088021 0.155556
0 2165 0.394531 0.764815 0.069271 0.305556
0 2166 0.336979 0.765741 0.053125 0.246296
0 2167 0.285156 0.740741 0.067187 0.281481
0 2168 0.241406 0.773611 0.043229 0.199074
0 2169 0.347396 0.687500 0.048958 0.247222
0 2170 0.117188 0.687037 0.082292 0.285185
0 2171 0.141406 0.625463 0.077604 0.254630
0 2172 0.140365 0.588426 0.066146 0.249074
0 2173 0.308854 0.557407 0.044792 0.211111
0 2174 0.332813 0.502315 0.054167 0.199074
0 2175 0.370312 0.492130 0.040625 0.184259
0 2176 0.404427 0.537963 0.038021 0.168519
0 2177 0.442708 0.442593 0.048958 0.212963
0 2178 0.481510 0.477778 0.035937 0.137037
0 2179 0.464583 0.400926 0.042708 0.179630
0 2180 0.508333 0.397685 0.041667 0.175000
0 2181 0.330729 0.366204 0.039583 0.160185
0 2182 0.373698 0.356944 0.045312 0.171296
0 2183 0.405729 0.365278 0.038542 0.145370
0 2184 0.453385 0.371296 0.031771 0.137037
0 2185 0.485156 0.344907 0.035937 0.156481
0 2186 0.872917 0.486574 0.039583 0.143519
0 2189 0.907031 0.447222 0.056771 0.201852
0 2190 0.327083 0.343519 0.033333 0.146296
0 2191 0.581510 0.344444 0.035937 0.174074
0 2192 0.561458 0.321296 0.026042 0.109259
0 2193 0.549479 0.329630 0.029167 0.133333
0 2194 0.534115 0.324074 0.042188 0.148148
0 2195 0.350521 0.293981 0.034375 0.134259
0 2196 0.538021 0.269907 0.031250 0.123148
0 2197 0.501302 0.266204 0.029687 0.115741
0 2198 0.468490 0.293519 0.031771 0.114815
0 2199 0.474740 0.265741 0.027604 0.107407
0 2200 0.449219 0.300000 0.035937 0.142593
0 2201 0.393229 0.279167 0.028125 0.125000
0 2202 0.382031 0.219907 0.029687 0.123148
0 2215 0.503125 0.344907 0.033333 0.143519
