0 1952 0.566406 0.350000 0.033854 0.159259
0 1960 0.407813 0.305093 0.032292 0.139815
0 2000 0.387760 0.298148 0.030729 0.151852
0 2026 0.110417 0.524074 0.040625 0.188889
0 2109 0.630469 0.307870 0.029687 0.125000
0 2110 0.616927 0.328704 0.031771 0.148148
0 2111 0.639583 0.364352 0.032292 0.160185
0 2114 0.372917 0.302778 0.029167 0.148148
0 2164 0.189844 0.894444 0.094271 0.209259
0 2165 0.419271 0.737963 0.054167 0.300000
0 2166 0.351042 0.737037 0.050000 0.238889
0 2167 0.307552 0.713889 0.064062 0.268519
0 2168 0.269271 0.748148 0.042708 0.188889
0 2169 0.320312 0.665741 0.056250 0.238889
0 2170 0.099219 0.724074 0.091146 0.296296
0 2171 0.126042 0.656019 0.078125 0.267593
0 2172 0.125521 0.612963 0.070833 0.261111
0 2173 0.313021 0.532407 0.045833 0.194444
0 2174 0.342708 0.487963 0.053125 0.190741
0 2175 0.377344 0.475926 0.036979 0.177778
0 2176 0.421875 0.520370 0.037500 0.161111
0 2177 0.447656 0.430556 0.054688 0.207407
0 2178 0.488542 0.462963 0.035417 0.135185
0 2179 0.444271 0.391204 0.042708 0.173148
0 2180 0.476823 0.382407 0.039062 0.166667
0 2181 0.327083 0.355556 0.038542 0.157407
0 2182 0.371875 0.346296 0.041667 0.162963
0 2183 0.409115 0.361111 0.038021 0.144444
0 2184 0.454948 0.362037 0.032813 0.131481
0 2185 0.469271 0.332407 0.035417 0.142593
0 2186 0.829167 0.476389 0.038542 0.130556
0 2189 0.860417 0.438889 0.043750 0.207407
0 2190 0.330469 0.337037 0.031771 0.146296
0 2191 0.557552 0.336574 0.034896 0.173148
0 2192 0.558073 0.318056 0.026562 0.112037
0 2193 0.546094 0.320833 0.027604 0.128704
0 2194 0.528385 0.318981 0.036979 0.147222
0 2195 0.331510 0.286574 0.032813 0.132407
0 2196 0.531250 0.264815 0.030208 0.127778
0 2197 0.491146 0.262037 0.027083 0.116667
0 2198 0.459375 0.293519 0.030208 0.122222
0 2199 0.460677 0.266667 0.026562 0.118519
0 2200 0.437760 0.290741 0.033854 0.127778
0 2201 0.386979 0.274074 0.028125 0.124074
0 2215 0.491146 0.335185 0.033333 0.138889
