0 1946 0.336979 0.304630 0.035417 0.135185
0 1952 0.546875 0.372685 0.036458 0.171296
0 1956 0.372135 0.242130 0.027604 0.123148
0 1960 0.421354 0.327778 0.036458 0.157407
0 2000 0.396354 0.312500 0.033333 0.156481
0 2026 0.111458 0.521759 0.041667 0.187963
0 2109 0.628646 0.313889 0.032292 0.135185
0 2110 0.597135 0.321759 0.030729 0.139815
0 2111 0.640365 0.368056 0.032813 0.156481
0 2114 0.375781 0.315741 0.027604 0.142593
0 2165 0.304427 0.842593 0.097396 0.312963
0 2166 0.282813 0.838889 0.062500 0.270370
0 2167 0.228385 0.818056 0.074479 0.306481
0 2168 0.161979 0.885185 0.050000 0.212963
0 2169 0.378125 0.751389 0.054167 0.273148
0 2170 0.157812 0.630556 0.072917 0.259259
0 2171 0.172135 0.577315 0.070312 0.234259
0 2172 0.172917 0.545833 0.057292 0.230556
0 2173 0.283594 0.610648 0.050521 0.228704
0 2174 0.332552 0.537500 0.058854 0.208333
0 2175 0.365365 0.529167 0.042188 0.191667
0 2176 0.385417 0.572685 0.040625 0.171296
0 2177 0.413021 0.480093 0.041667 0.221296
0 2178 0.448437 0.511574 0.039583 0.149074
0 2179 0.526823 0.427315 0.044271 0.184259
0 2180 0.621875 0.426389 0.062500 0.176852
0 2181 0.334896 0.388426 0.040625 0.167593
0 2182 0.371615 0.382870 0.044271 0.171296
0 2183 0.394271 0.386111 0.038542 0.151852
0 2184 0.446615 0.396296 0.038021 0.146296
0 2185 0.493490 0.360185 0.043229 0.159259
0 2187 0.019531 0.694444 0.036979 0.259259
0 2190 0.317188 0.368056 0.033333 0.154630
0 2191 0.633594 0.352778 0.035937 0.174074
0 2192 0.575260 0.338889 0.025521 0.109259
0 2193 0.570052 0.339352 0.025521 0.134259
0 2194 0.555469 0.339352 0.042188 0.152778
0 2195 0.378385 0.306944 0.031771 0.134259
0 2196 0.553125 0.284259 0.031250 0.129630
0 2197 0.523958 0.278704 0.031250 0.120370
0 2198 0.486719 0.322222 0.031771 0.146296
0 2199 0.493750 0.282870 0.029167 0.123148
0 2200 0.463542 0.319907 0.035417 0.162037
0 2201 0.417708 0.293981 0.028125 0.126852
0 2202 0.419271 0.228241 0.029167 0.128704
0 2203 0.355729 0.225463 0.023958 0.128704
0 2215 0.522135 0.363889 0.032813 0.153704
