0 1946 0.374740 0.318519 0.032813 0.135185
0 1949 0.360156 0.213426 0.028646 0.115741
0 1952 0.538542 0.395370 0.040625 0.177778
0 1956 0.400521 0.252315 0.028125 0.123148
0 1960 0.424740 0.336574 0.033854 0.156481
0 2000 0.399479 0.325926 0.035417 0.162963
0 2026 0.114323 0.521296 0.040104 0.187037
0 2109 0.628646 0.318519 0.032292 0.135185
0 2110 0.587760 0.313426 0.029687 0.139815
0 2111 0.640885 0.371296 0.032813 0.153704
0 2114 0.377083 0.325000 0.028125 0.142593
0 2165 0.209375 0.885648 0.094792 0.226852
0 2166 0.187240 0.897685 0.068229 0.204630
0 2167 0.145833 0.869444 0.081250 0.262963
0 2169 0.361198 0.833796 0.056771 0.300926
0 2170 0.182292 0.572685 0.072917 0.236111
0 2171 0.194531 0.539815 0.065104 0.237037
0 2172 0.190625 0.509259 0.055208 0.224074
0 2173 0.257552 0.667593 0.054688 0.238889
0 2174 0.312240 0.577778 0.056771 0.224074
0 2175 0.355990 0.568056 0.044271 0.199074
0 2176 0.367448 0.617130 0.042188 0.176852
0 2177 0.371875 0.514815 0.042708 0.231481
0 2178 0.405990 0.552778 0.038021 0.150000
0 2179 0.611198 0.451852 0.047396 0.196296
0 2180 0.775000 0.446759 0.043750 0.191667
0 2181 0.330729 0.415741 0.044792 0.175926
0 2182 0.364063 0.417593 0.044792 0.181481
0 2183 0.390365 0.408333 0.038021 0.155556
0 2184 0.438542 0.417593 0.040625 0.148148
0 2185 0.494792 0.381944 0.040625 0.167593
0 2187 0.074740 0.642130 0.060937 0.258333
0 2190 0.313542 0.386111 0.035417 0.159259
0 2191 0.692448 0.369444 0.038021 0.187037
0 2192 0.609115 0.349074 0.025521 0.109259
0 2193 0.616927 0.354167 0.025521 0.134259
0 2194 0.602083 0.352778 0.038542 0.153704
0 2195 0.410677 0.318056 0.029687 0.134259
0 2196 0.567187 0.312963 0.033333 0.155556
0 2197 0.543229 0.296759 0.034375 0.125000
0 2198 0.505990 0.338889 0.031771 0.148148
0 2199 0.507292 0.297685 0.030208 0.123148
0 2200 0.484115 0.338426 0.035937 0.162037
0 2201 0.449479 0.315278 0.028125 0.143519
0 2202 0.452865 0.234722 0.027604 0.128704
0 2203 0.395313 0.228241 0.028125 0.117593
0 2204 0.400781 0.213426 0.025521 0.115741
0 2215 0.527865 0.382407 0.032813 0.162963
