0 1946 0.344271 0.307407 0.034375 0.135185
0 1952 0.543229 0.378241 0.036458 0.171296
0 1956 0.376563 0.243056 0.028125 0.123148
0 1960 0.422656 0.329630 0.035937 0.157407
0 2000 0.397656 0.314815 0.033854 0.157407
0 2026 0.111979 0.521759 0.041667 0.187963
0 2109 0.628646 0.314815 0.032292 0.135185
0 2110 0.593490 0.320833 0.029687 0.139815
0 2111 0.640365 0.368981 0.032813 0.156481
0 2114 0.376563 0.317593 0.028125 0.142593
0 2165 0.283854 0.850463 0.094792 0.300926
0 2166 0.273698 0.853241 0.069271 0.269444
0 2167 0.213542 0.830093 0.079167 0.304630
0 2168 0.144792 0.907870 0.046875 0.186111
0 2169 0.376563 0.768519 0.054167 0.279630
0 2170 0.165625 0.622222 0.072917 0.257407
0 2171 0.175000 0.569444 0.067708 0.231481
0 2172 0.176823 0.540278 0.056771 0.228704
0 2173 0.279427 0.622222 0.050521 0.229630
0 2174 0.328385 0.544907 0.052604 0.212037
0 2175 0.364844 0.536111 0.043229 0.196296
0 2176 0.383073 0.581019 0.041146 0.173148
0 2177 0.407813 0.487500 0.041667 0.221296
0 2178 0.445312 0.518056 0.045833 0.149074
0 2179 0.541146 0.433796 0.047917 0.184259
0 2180 0.644271 0.431944 0.059375 0.180556
0 2181 0.334896 0.392130 0.040625 0.167593
0 2182 0.370312 0.385648 0.044792 0.171296
0 2183 0.394531 0.389815 0.038021 0.151852
0 2184 0.446875 0.400000 0.037500 0.146296
0 2185 0.491927 0.363889 0.043229 0.161111
0 2187 0.024740 0.687037 0.047396 0.266667
0 2190 0.315625 0.371759 0.033333 0.158333
0 2191 0.647656 0.353704 0.035937 0.174074
0 2192 0.580208 0.340741 0.026042 0.109259
0 2193 0.575260 0.341204 0.025521 0.134259
0 2194 0.559115 0.343056 0.042188 0.154630
0 2195 0.383594 0.309722 0.030729 0.134259
0 2196 0.555729 0.285648 0.033333 0.128704
0 2197 0.527865 0.281944 0.030729 0.121296
0 2198 0.490365 0.325000 0.031771 0.146296
0 2199 0.496094 0.285648 0.029687 0.123148
0 2200 0.466667 0.322685 0.035417 0.162037
0 2201 0.423438 0.296759 0.028125 0.126852
0 2202 0.425521 0.229167 0.028125 0.128704
0 2203 0.361979 0.224074 0.027083 0.124074
0 2204 0.363281 0.212963 0.027604 0.114815
0 2215 0.522917 0.367593 0.033333 0.155556
