0 1952 0.564323 0.355556 0.033854 0.164815
0 1960 0.411979 0.315741 0.032292 0.151852
0 2000 0.389323 0.298611 0.029687 0.156481
0 2026 0.109635 0.523611 0.041146 0.187963
0 2109 0.629948 0.309722 0.030729 0.128704
0 2110 0.614583 0.328704 0.032292 0.144444
0 2111 0.639583 0.365278 0.032292 0.158333
0 2114 0.373177 0.305556 0.028646 0.146296
0 2164 0.182552 0.914815 0.088021 0.170370
0 2165 0.401042 0.757407 0.064583 0.303704
0 2166 0.340104 0.758796 0.050000 0.245370
0 2167 0.291406 0.734259 0.067187 0.277778
0 2168 0.248958 0.774074 0.042708 0.194444
0 2169 0.340885 0.679167 0.048438 0.241667
0 2170 0.113021 0.694907 0.085417 0.284259
0 2171 0.137500 0.632407 0.078125 0.255556
0 2172 0.136719 0.594444 0.067187 0.251852
0 2173 0.310417 0.555093 0.048958 0.206481
0 2174 0.332813 0.497222 0.054167 0.196296
0 2175 0.371875 0.487500 0.039583 0.182407
0 2176 0.407031 0.534722 0.038021 0.167593
0 2177 0.444792 0.438889 0.053125 0.212963
0 2178 0.484115 0.475000 0.035937 0.137037
0 2179 0.459375 0.399537 0.041667 0.178704
0 2180 0.501823 0.394907 0.040104 0.173148
0 2181 0.330208 0.363426 0.039583 0.160185
0 2182 0.372656 0.355093 0.045312 0.171296
0 2183 0.407813 0.362500 0.039583 0.145370
0 2184 0.453646 0.368981 0.032292 0.136111
0 2185 0.480729 0.340741 0.035417 0.151852
0 2186 0.861979 0.484259 0.039583 0.142593
0 2189 0.893490 0.445370 0.053646 0.203704
0 2190 0.327865 0.341667 0.032813 0.146296
0 2191 0.575260 0.342593 0.035937 0.174074
0 2192 0.560417 0.319444 0.026042 0.109259
0 2193 0.548698 0.327315 0.028646 0.132407
0 2194 0.532552 0.322222 0.042188 0.148148
0 2195 0.345313 0.290278 0.033333 0.134259
0 2196 0.536198 0.268519 0.030729 0.124074
0 2197 0.498958 0.263426 0.030208 0.115741
0 2198 0.466406 0.290741 0.031771 0.112963
0 2199 0.472656 0.264352 0.027604 0.106481
0 2200 0.447396 0.298148 0.036458 0.140741
0 2201 0.391667 0.278241 0.028125 0.125000
0 2202 0.375781 0.219907 0.029687 0.123148
0 2215 0.500000 0.342593 0.033333 0.142593
