0 1952 0.565885 0.350463 0.033854 0.160185
0 1960 0.408333 0.306019 0.032292 0.141667
0 2000 0.387760 0.297685 0.030729 0.152778
0 2026 0.110417 0.524074 0.040625 0.188889
0 2109 0.630469 0.307870 0.029687 0.125000
0 2110 0.616667 0.328241 0.032292 0.147222
0 2111 0.639583 0.364352 0.032292 0.160185
0 2114 0.372917 0.302778 0.029167 0.148148
0 2164 0.188802 0.896759 0.093229 0.204630
0 2165 0.417708 0.739815 0.054167 0.301852
0 2166 0.350000 0.738889 0.048958 0.240741
0 2167 0.306250 0.715741 0.064583 0.268519
0 2168 0.268229 0.749537 0.042708 0.189815
0 2169 0.321875 0.666667 0.055208 0.238889
0 2170 0.100521 0.721759 0.090625 0.295370
0 2171 0.127083 0.653241 0.078125 0.265741
0 2172 0.126302 0.611574 0.070312 0.260185
0 2173 0.312760 0.533796 0.046354 0.195370
0 2174 0.341667 0.488889 0.053125 0.190741
0 2175 0.376823 0.476389 0.036979 0.178704
0 2176 0.420573 0.520833 0.038021 0.160185
0 2177 0.447656 0.431481 0.054688 0.207407
0 2178 0.488542 0.464352 0.035417 0.136111
0 2179 0.445312 0.392130 0.042708 0.173148
0 2180 0.479167 0.383796 0.038542 0.167593
0 2181 0.327344 0.356481 0.039062 0.157407
0 2182 0.371875 0.347222 0.042708 0.162963
0 2183 0.408333 0.362037 0.037500 0.144444
0 2184 0.454948 0.362963 0.032813 0.131481
0 2185 0.470052 0.332407 0.034896 0.142593
0 2186 0.831250 0.476389 0.038542 0.130556
0 2189 0.862500 0.439352 0.044792 0.206481
0 2190 0.330208 0.337963 0.032292 0.146296
0 2191 0.558854 0.336574 0.035417 0.173148
0 2192 0.558073 0.318056 0.026562 0.112037
0 2193 0.546094 0.321296 0.027604 0.129630
0 2194 0.528646 0.319907 0.037500 0.147222
0 2195 0.332552 0.287037 0.032813 0.133333
0 2196 0.531771 0.264815 0.030208 0.127778
0 2197 0.491667 0.262037 0.027083 0.116667
0 2198 0.459896 0.293056 0.030208 0.121296
0 2199 0.461719 0.266667 0.026562 0.116667
0 2200 0.438542 0.291204 0.034375 0.128704
0 2201 0.387500 0.274537 0.028125 0.123148
0 2215 0.491667 0.336111 0.033333 0.138889
