0 1946 0.360677 0.315741 0.033854 0.135185
0 1952 0.540104 0.384722 0.042708 0.173148
0 1956 0.390104 0.248611 0.028125 0.123148
0 1960 0.425521 0.331944 0.034375 0.156481
0 2000 0.400000 0.320370 0.035417 0.157407
0 2026 0.113542 0.521296 0.040625 0.187037
0 2109 0.628646 0.316667 0.032292 0.135185
0 2110 0.589323 0.317130 0.029687 0.139815
0 2111 0.640625 0.370370 0.032292 0.155556
0 2114 0.377083 0.321296 0.028125 0.142593
0 2165 0.248438 0.867593 0.087500 0.264815
0 2166 0.232031 0.878241 0.069271 0.245370
0 2167 0.180208 0.854630 0.080208 0.290741
0 2169 0.372135 0.803241 0.055729 0.293519
0 2170 0.178646 0.596296 0.073958 0.246296
0 2171 0.182292 0.551852 0.064583 0.235185
0 2172 0.183854 0.524074 0.056250 0.225926
0 2173 0.267448 0.644444 0.054688 0.237037
0 2174 0.323698 0.561111 0.054688 0.216667
0 2175 0.362760 0.550926 0.044271 0.196296
0 2176 0.371875 0.602778 0.042708 0.175926
0 2177 0.390885 0.499537 0.042188 0.228704
0 2178 0.422917 0.534722 0.036458 0.149074
0 2179 0.575781 0.436111 0.047396 0.192593
0 2180 0.703385 0.440741 0.055729 0.181481
0 2181 0.330990 0.401389 0.043229 0.167593
0 2182 0.367188 0.400926 0.044792 0.174074
0 2183 0.392448 0.397222 0.038021 0.151852
0 2184 0.443490 0.406481 0.038021 0.146296
0 2185 0.492188 0.375926 0.042708 0.164815
0 2187 0.047917 0.662037 0.061458 0.262963
0 2190 0.314063 0.379630 0.034375 0.159259
0 2191 0.680990 0.359259 0.036979 0.177778
0 2192 0.592708 0.344444 0.026042 0.109259
0 2193 0.592969 0.347685 0.025521 0.134259
0 2194 0.578385 0.347222 0.038021 0.153704
0 2195 0.397135 0.315278 0.029687 0.134259
0 2196 0.559115 0.300000 0.033854 0.138889
0 2197 0.536979 0.291667 0.031250 0.124074
0 2198 0.498958 0.332407 0.031250 0.146296
0 2199 0.502083 0.291204 0.030208 0.123148
0 2200 0.475000 0.330093 0.035417 0.162037
0 2201 0.438021 0.305093 0.029167 0.132407
0 2202 0.439063 0.231019 0.028125 0.128704
0 2203 0.378125 0.226389 0.028125 0.117593
0 2204 0.381510 0.212963 0.026562 0.114815
0 2215 0.525000 0.375000 0.032292 0.159259
