0 1946 0.402083 0.327778 0.032292 0.135185
0 1948 0.775000 0.223148 0.025000 0.112963
0 1949 0.380208 0.223148 0.032292 0.120370
0 1950 0.365885 0.230093 0.025521 0.128704
0 1952 0.543490 0.412500 0.042188 0.182407
0 1956 0.418229 0.256944 0.028125 0.123148
0 1960 0.426563 0.350463 0.034375 0.162037
0 2000 0.398698 0.336111 0.035937 0.168519
0 2026 0.113802 0.523148 0.040104 0.188889
0 2109 0.628646 0.321296 0.032292 0.135185
0 2110 0.579948 0.307870 0.029687 0.139815
0 2111 0.641406 0.373611 0.032813 0.152778
0 2114 0.377344 0.332407 0.030729 0.148148
0 2165 0.133854 0.925000 0.094792 0.151852
0 2166 0.103906 0.940278 0.065104 0.121296
0 2167 0.098437 0.898148 0.071875 0.205556
0 2169 0.343490 0.872685 0.059896 0.249074
0 2170 0.205729 0.549074 0.070833 0.237037
0 2171 0.210938 0.508333 0.064583 0.220370
0 2172 0.206510 0.485185 0.052604 0.214815
0 2173 0.235677 0.713889 0.056771 0.251852
0 2174 0.296875 0.612963 0.060417 0.233333
0 2175 0.345573 0.601852 0.047396 0.207407
0 2176 0.359375 0.656944 0.046875 0.189815
0 2177 0.339583 0.548148 0.048958 0.242593
0 2178 0.381510 0.582870 0.042188 0.162037
0 2179 0.678906 0.465278 0.055729 0.210185
0 2181 0.320833 0.435648 0.041667 0.176852
0 2182 0.365104 0.444907 0.046875 0.195370
0 2183 0.383594 0.431019 0.040104 0.165741
0 2184 0.430990 0.438426 0.038021 0.158333
0 2185 0.503125 0.396296 0.039583 0.168519
0 2187 0.112500 0.613426 0.055208 0.239815
0 2190 0.309115 0.407870 0.035937 0.160185
0 2191 0.715104 0.385648 0.039583 0.199074
0 2192 0.654687 0.370370 0.026042 0.109259
0 2193 0.658854 0.368056 0.027083 0.137963
0 2194 0.645833 0.360648 0.038542 0.156481
0 2195 0.425781 0.327315 0.029687 0.134259
0 2196 0.586198 0.325463 0.033854 0.162037
0 2197 0.556250 0.310185 0.034375 0.129630
0 2198 0.515104 0.354167 0.031250 0.154630
0 2199 0.522656 0.306019 0.031771 0.123148
0 2200 0.493490 0.350926 0.036979 0.162963
0 2201 0.470833 0.326852 0.028125 0.146296
0 2202 0.472656 0.243981 0.027604 0.128704
0 2203 0.421875 0.233796 0.028125 0.117593
0 2204 0.433333 0.228241 0.031250 0.132407
0 2206 0.312240 0.298611 0.029687 0.137963
0 2207 0.939063 0.503241 0.048958 0.187963
0 2215 0.553906 0.396759 0.038021 0.171296
