0 1946 0.439323 0.344444 0.031771 0.135185
0 1948 0.673958 0.234259 0.026042 0.112963
0 1949 0.411198 0.243519 0.035937 0.125926
0 1950 0.389844 0.253241 0.029687 0.128704
0 1952 0.564323 0.443981 0.040104 0.184259
0 1956 0.444792 0.269444 0.026042 0.124074
0 1960 0.440365 0.359259 0.033854 0.162963
0 2000 0.407031 0.347685 0.031771 0.167593
0 2026 0.111979 0.530093 0.040625 0.197222
0 2109 0.628646 0.325000 0.032292 0.138889
0 2110 0.558854 0.308333 0.030208 0.140741
0 2111 0.642188 0.376852 0.033333 0.150000
0 2114 0.396875 0.357407 0.032292 0.172222
0 2169 0.297917 0.937963 0.061458 0.125926
0 2170 0.238542 0.494444 0.064583 0.211111
0 2171 0.233594 0.464352 0.063021 0.191667
0 2172 0.231250 0.444907 0.050000 0.193519
0 2173 0.186458 0.802315 0.062500 0.278704
0 2174 0.257812 0.683796 0.064583 0.254630
0 2175 0.320312 0.667593 0.051042 0.229630
0 2176 0.345052 0.743056 0.050521 0.215741
0 2177 0.280469 0.609722 0.067187 0.269444
0 2178 0.338021 0.649074 0.040625 0.162963
0 2179 0.803906 0.496296 0.073438 0.209259
0 2181 0.305469 0.481944 0.044271 0.189815
0 2182 0.369792 0.505093 0.048958 0.223148
0 2183 0.360938 0.464352 0.042708 0.169444
0 2184 0.412760 0.476389 0.038021 0.165741
0 2185 0.561458 0.429630 0.040625 0.175926
0 2187 0.160677 0.562963 0.050521 0.225926
0 2190 0.307292 0.441204 0.036458 0.165741
0 2191 0.772135 0.409259 0.042188 0.198148
0 2192 0.701562 0.389352 0.026042 0.123148
0 2193 0.730990 0.394907 0.033854 0.150926
0 2194 0.713021 0.393981 0.044792 0.169444
0 2195 0.457552 0.356481 0.034896 0.153704
0 2196 0.640104 0.351389 0.034375 0.162037
0 2197 0.576042 0.334722 0.033333 0.143519
0 2198 0.523177 0.379167 0.034896 0.165741
0 2199 0.550521 0.331481 0.032292 0.129630
0 2200 0.499479 0.381019 0.039583 0.176852
0 2201 0.517969 0.351389 0.032813 0.145370
0 2202 0.494010 0.256481 0.026562 0.133333
0 2203 0.457813 0.248148 0.029167 0.124074
0 2204 0.487760 0.243519 0.031771 0.137037
0 2206 0.355729 0.316204 0.029167 0.134259
0 2207 0.807292 0.483333 0.043750 0.183333
0 2215 0.594531 0.429167 0.034896 0.171296
