0 1946 0.454688 0.350926 0.032292 0.146296
0 1948 0.632292 0.244444 0.035417 0.122222
0 1949 0.416146 0.246296 0.036458 0.125926
0 1950 0.395833 0.260185 0.032292 0.129630
0 1952 0.558854 0.457407 0.043750 0.190741
0 1956 0.454427 0.271296 0.027604 0.124074
0 1960 0.442708 0.358796 0.027083 0.162037
0 2000 0.409635 0.349537 0.031771 0.167593
0 2026 0.111198 0.533796 0.040104 0.197222
0 2109 0.628125 0.329167 0.032292 0.137963
0 2110 0.558854 0.312037 0.030208 0.140741
0 2111 0.642188 0.378241 0.033333 0.149074
0 2114 0.401042 0.356944 0.033333 0.173148
0 2170 0.243229 0.482407 0.061458 0.207407
0 2171 0.238281 0.445370 0.058854 0.187037
0 2172 0.229167 0.432870 0.050000 0.184259
0 2173 0.164583 0.833333 0.065625 0.287037
0 2174 0.235156 0.712500 0.068229 0.273148
0 2175 0.304427 0.702315 0.051562 0.245370
0 2176 0.342708 0.773611 0.050000 0.225000
0 2177 0.263021 0.632407 0.063542 0.281481
0 2178 0.310156 0.677778 0.040104 0.162963
0 2179 0.863021 0.502315 0.072917 0.213889
0 2181 0.293229 0.501852 0.045833 0.207407
0 2182 0.367969 0.524074 0.054688 0.235185
0 2183 0.353646 0.481481 0.045833 0.175926
0 2184 0.399219 0.487500 0.038021 0.165741
0 2185 0.586979 0.441667 0.037500 0.175926
0 2187 0.173177 0.540741 0.050521 0.216667
0 2190 0.307031 0.459722 0.035937 0.175000
0 2191 0.796615 0.424074 0.043229 0.200000
0 2192 0.716927 0.401852 0.026562 0.114815
0 2193 0.751563 0.403704 0.034375 0.151852
0 2194 0.734635 0.404167 0.047396 0.176852
0 2195 0.474479 0.359722 0.033333 0.156481
0 2196 0.674219 0.359722 0.033854 0.162037
0 2197 0.584635 0.340278 0.033854 0.143519
0 2198 0.526042 0.394444 0.036458 0.168519
0 2199 0.557813 0.337037 0.032292 0.129630
0 2200 0.501042 0.392593 0.040625 0.183333
0 2201 0.548698 0.361111 0.031771 0.151852
0 2202 0.498958 0.264352 0.027083 0.139815
0 2203 0.466146 0.255556 0.031250 0.129630
0 2204 0.507031 0.247685 0.031771 0.137963
0 2206 0.369271 0.319907 0.030208 0.134259
0 2207 0.770312 0.475926 0.041667 0.175926
0 2210 0.306510 0.305093 0.031771 0.139815
0 2211 0.307812 0.286111 0.029167 0.131481
0 2213 0.302344 0.281019 0.025521 0.149074
0 2215 0.616667 0.445833 0.035417 0.173148
