0 1946 0.421875 0.341667 0.032292 0.135185
0 1948 0.724479 0.232407 0.026042 0.112963
0 1949 0.402344 0.235185 0.034896 0.125926
0 1950 0.378385 0.245833 0.029687 0.128704
0 1952 0.555469 0.432870 0.041146 0.184259
0 1956 0.433333 0.264352 0.028125 0.123148
0 1960 0.431771 0.360185 0.036458 0.162963
0 2000 0.401302 0.344444 0.034896 0.168519
0 2026 0.112760 0.526852 0.040104 0.192593
0 2109 0.628646 0.323148 0.032292 0.135185
0 2110 0.563542 0.307870 0.030208 0.139815
0 2111 0.641667 0.375000 0.033333 0.151852
0 2114 0.388802 0.348611 0.029687 0.162037
0 2167 0.045573 0.927778 0.084896 0.144444
0 2169 0.322396 0.907870 0.061458 0.186111
0 2170 0.223438 0.521759 0.066667 0.221296
0 2171 0.223438 0.486574 0.064583 0.206481
0 2172 0.220312 0.464815 0.050000 0.207407
0 2173 0.213542 0.756481 0.059375 0.264815
0 2174 0.280469 0.650000 0.060937 0.246296
0 2175 0.332552 0.635648 0.050521 0.219444
0 2176 0.352865 0.700463 0.050521 0.204630
0 2177 0.305208 0.581019 0.059375 0.258333
0 2178 0.359115 0.619907 0.041146 0.162037
0 2179 0.739844 0.485185 0.053646 0.211111
0 2181 0.314844 0.459259 0.042188 0.177778
0 2182 0.367448 0.471759 0.048438 0.204630
0 2183 0.377865 0.449537 0.040104 0.167593
0 2184 0.427604 0.459259 0.038542 0.157407
0 2185 0.526823 0.417593 0.042188 0.174074
0 2187 0.140104 0.590741 0.052083 0.237037
0 2190 0.308594 0.423148 0.035937 0.162963
0 2191 0.742188 0.399537 0.039583 0.199074
0 2192 0.679688 0.380556 0.026042 0.116667
0 2193 0.695573 0.382407 0.030729 0.144444
0 2194 0.680208 0.377778 0.041667 0.162963
0 2195 0.442448 0.344444 0.035937 0.140741
0 2196 0.612500 0.339352 0.034375 0.162037
0 2197 0.566927 0.323148 0.033854 0.135185
0 2198 0.521354 0.364352 0.031250 0.156481
0 2199 0.538021 0.319444 0.032292 0.129630
0 2200 0.494010 0.368981 0.039062 0.173148
0 2201 0.490104 0.343519 0.028125 0.146296
0 2202 0.484375 0.250000 0.027083 0.129630
0 2203 0.442448 0.240741 0.028646 0.120370
0 2204 0.460938 0.235648 0.031250 0.134259
0 2206 0.337500 0.305556 0.029167 0.137037
0 2207 0.871354 0.497222 0.059375 0.185185
0 2215 0.576042 0.410648 0.040625 0.175000
