0 1946 0.485156 0.399537 0.040104 0.149074
0 1948 0.605729 0.289352 0.032292 0.121296
0 1949 0.432812 0.287037 0.036458 0.125926
0 1950 0.413542 0.300926 0.032292 0.129630
0 1951 0.345052 0.300000 0.029687 0.140741
0 1952 0.550260 0.512037 0.043229 0.201852
0 1956 0.483854 0.307407 0.028125 0.124074
0 1960 0.459896 0.387963 0.045833 0.157407
0 2000 0.428125 0.374074 0.032292 0.168519
0 2026 0.110937 0.548148 0.039583 0.196296
0 2109 0.627344 0.348148 0.031771 0.135185
0 2110 0.576302 0.338889 0.031771 0.135185
0 2111 0.643229 0.383333 0.033333 0.146296
0 2114 0.433073 0.381019 0.039062 0.173148
0 2170 0.255729 0.464815 0.054167 0.190741
0 2171 0.211719 0.438889 0.055729 0.179630
0 2172 0.198437 0.420833 0.048958 0.173148
0 2173 0.096354 0.908796 0.072917 0.184259
0 2174 0.194271 0.827315 0.076042 0.293519
0 2175 0.262240 0.815278 0.056771 0.276852
0 2176 0.328125 0.882407 0.055208 0.233333
0 2177 0.202083 0.734722 0.062500 0.308333
0 2178 0.256250 0.765278 0.048958 0.169444
0 2181 0.266406 0.582407 0.048438 0.218519
0 2182 0.361979 0.619444 0.057292 0.261111
0 2183 0.325000 0.549537 0.045833 0.189815
0 2184 0.370833 0.548148 0.040625 0.179630
0 2185 0.662760 0.499537 0.050521 0.195370
0 2187 0.217448 0.516204 0.044271 0.204630
0 2190 0.289844 0.530556 0.039062 0.190741
0 2191 0.886979 0.478704 0.051042 0.209259
0 2192 0.764323 0.456481 0.027604 0.140741
0 2193 0.802865 0.459259 0.033854 0.157407
0 2194 0.776563 0.463426 0.050000 0.187963
0 2195 0.503646 0.413426 0.041667 0.162037
0 2196 0.723437 0.416204 0.038542 0.171296
0 2197 0.636458 0.381481 0.042708 0.142593
0 2198 0.557813 0.449537 0.033333 0.182407
0 2199 0.599740 0.388889 0.034896 0.144444
0 2200 0.536979 0.450463 0.040625 0.187963
0 2201 0.636979 0.404630 0.036458 0.153704
0 2202 0.514583 0.302315 0.028125 0.139815
0 2203 0.446354 0.287037 0.031250 0.129630
0 2204 0.534635 0.287963 0.031771 0.135185
0 2205 0.287500 0.357870 0.036458 0.178704
0 2206 0.423698 0.361111 0.029687 0.140741
0 2207 0.672396 0.470370 0.040625 0.159259
0 2208 0.073177 0.970370 0.043229 0.059259
0 2210 0.351042 0.362500 0.033333 0.147222
0 2211 0.369271 0.330556 0.032292 0.138889
0 2212 0.327604 0.327315 0.033333 0.150926
0 2213 0.390885 0.320370 0.034896 0.142593
0 2215 0.713542 0.501852 0.050000 0.187037
