0 1946 0.489063 0.404630 0.039583 0.150000
0 1948 0.605729 0.295833 0.032292 0.121296
0 1949 0.436198 0.292593 0.038021 0.125926
0 1950 0.415365 0.306944 0.031771 0.132407
0 1951 0.346094 0.305556 0.029687 0.140741
0 1952 0.552083 0.516204 0.044792 0.200926
0 1956 0.486979 0.310648 0.028125 0.123148
0 1960 0.472917 0.388889 0.045833 0.157407
0 1962 0.351562 0.287037 0.025000 0.112963
0 2000 0.433854 0.376852 0.032292 0.168519
0 2026 0.110937 0.550926 0.039583 0.196296
0 2109 0.627083 0.350926 0.032292 0.135185
0 2110 0.579167 0.343519 0.032292 0.135185
0 2111 0.643229 0.385185 0.033333 0.146296
0 2114 0.439063 0.383796 0.041667 0.173148
0 2170 0.251823 0.457870 0.052604 0.186111
0 2171 0.207552 0.437963 0.053646 0.179630
0 2173 0.082292 0.921296 0.076042 0.159259
0 2174 0.193229 0.841667 0.077083 0.290741
0 2175 0.255729 0.829167 0.056250 0.282407
0 2176 0.323698 0.891204 0.054688 0.219444
0 2177 0.194010 0.750926 0.065104 0.314815
0 2178 0.251042 0.781019 0.048958 0.175000
0 2181 0.263281 0.591667 0.049479 0.224074
0 2182 0.359635 0.631944 0.057813 0.265741
0 2183 0.320833 0.556944 0.045833 0.191667
0 2184 0.366667 0.556944 0.042708 0.182407
0 2185 0.677344 0.506019 0.051562 0.195370
0 2187 0.222135 0.511574 0.044271 0.200926
0 2190 0.285417 0.538889 0.039583 0.190741
0 2191 0.900260 0.483796 0.054688 0.208333
0 2192 0.769792 0.461111 0.029167 0.140741
0 2193 0.809635 0.466667 0.033854 0.159259
0 2194 0.784896 0.470833 0.050000 0.187963
0 2195 0.507552 0.417130 0.044271 0.162037
0 2196 0.728646 0.423611 0.039583 0.175000
0 2197 0.638542 0.385185 0.042708 0.142593
0 2198 0.565625 0.455556 0.033333 0.183333
0 2199 0.608333 0.392593 0.035417 0.146296
0 2200 0.548958 0.456019 0.040625 0.187963
0 2201 0.650000 0.407870 0.036458 0.154630
0 2202 0.517188 0.305556 0.028125 0.140741
0 2203 0.444271 0.290741 0.031250 0.129630
0 2204 0.536198 0.292593 0.031771 0.135185
0 2205 0.292187 0.363889 0.036458 0.179630
0 2206 0.433594 0.365741 0.029687 0.140741
0 2207 0.656771 0.468519 0.040625 0.159259
0 2208 0.121615 0.967130 0.046354 0.065741
0 2210 0.353125 0.369907 0.033333 0.150926
0 2211 0.375521 0.336111 0.032292 0.142593
0 2212 0.330729 0.334259 0.033333 0.151852
0 2213 0.397917 0.324537 0.032292 0.143519
0 2215 0.730729 0.508796 0.053125 0.187963
