0 1946 0.497917 0.416204 0.039583 0.150926
0 1948 0.613021 0.309722 0.032292 0.132407
0 1949 0.443750 0.301852 0.039583 0.125926
0 1950 0.425260 0.320370 0.031771 0.135185
0 1951 0.346615 0.308333 0.029687 0.140741
0 1952 0.555208 0.527778 0.044792 0.201852
0 1956 0.491146 0.313426 0.027083 0.113889
0 1960 0.501042 0.393981 0.047917 0.156481
0 1962 0.361979 0.295370 0.026042 0.112963
0 2000 0.446354 0.382407 0.032292 0.168519
0 2026 0.110937 0.556481 0.039583 0.196296
0 2109 0.626563 0.352778 0.032292 0.135185
0 2110 0.583333 0.350000 0.032292 0.135185
0 2111 0.643229 0.388889 0.033333 0.146296
0 2114 0.450781 0.391667 0.040104 0.168519
0 2170 0.236979 0.452778 0.052083 0.185185
0 2171 0.187500 0.430556 0.055208 0.179630
0 2173 0.057292 0.942130 0.070833 0.113889
0 2174 0.188802 0.863426 0.077604 0.273148
0 2175 0.241667 0.858796 0.056250 0.278704
0 2176 0.315104 0.911574 0.055208 0.178704
0 2177 0.177604 0.782870 0.068750 0.326852
0 2178 0.234635 0.811574 0.050521 0.186111
0 2181 0.253646 0.615278 0.052083 0.228704
0 2182 0.355469 0.658333 0.059896 0.274074
0 2183 0.315365 0.575463 0.048438 0.195370
0 2184 0.360417 0.575926 0.048958 0.181481
0 2185 0.715104 0.522685 0.055208 0.199074
0 2187 0.232552 0.501389 0.041146 0.197222
0 2190 0.274740 0.557870 0.040104 0.193519
0 2191 0.936979 0.492130 0.053125 0.210185
0 2192 0.781771 0.470370 0.032292 0.140741
0 2193 0.821875 0.485185 0.033333 0.175926
0 2194 0.808594 0.483333 0.050521 0.190741
0 2195 0.511719 0.428241 0.044271 0.167593
0 2196 0.738542 0.440741 0.040625 0.185185
0 2197 0.647917 0.394907 0.042708 0.145370
0 2198 0.587500 0.468519 0.033333 0.185185
0 2199 0.628646 0.396296 0.035417 0.146296
0 2200 0.568490 0.469444 0.043229 0.194444
0 2201 0.677604 0.420833 0.035417 0.160185
0 2202 0.522396 0.312963 0.028125 0.140741
0 2203 0.440104 0.298148 0.031250 0.129630
0 2204 0.539323 0.303704 0.031771 0.135185
0 2205 0.303125 0.374074 0.036458 0.179630
0 2206 0.455990 0.375926 0.029687 0.140741
0 2207 0.623437 0.465741 0.040625 0.159259
0 2208 0.218490 0.959722 0.048438 0.078704
0 2210 0.361979 0.382407 0.033333 0.151852
0 2211 0.385417 0.343519 0.032292 0.144444
0 2212 0.337240 0.346759 0.034896 0.156481
0 2213 0.412240 0.336574 0.029687 0.147222
0 2215 0.770052 0.518981 0.045312 0.189815
