0 1946 0.507031 0.428241 0.041146 0.152778
0 1947 0.299479 0.337037 0.029167 0.138889
0 1948 0.630729 0.312500 0.032292 0.132407
0 1949 0.450260 0.310185 0.039062 0.127778
0 1950 0.434115 0.329630 0.031771 0.135185
0 1951 0.345573 0.313889 0.029687 0.140741
0 1952 0.561458 0.537037 0.044792 0.201852
0 1956 0.492708 0.319907 0.028125 0.117593
0 1960 0.532031 0.391667 0.051562 0.157407
0 1962 0.371875 0.300463 0.026042 0.115741
0 2000 0.459635 0.385185 0.034896 0.168519
0 2026 0.110937 0.560185 0.039583 0.196296
0 2109 0.627865 0.361111 0.031771 0.135185
0 2110 0.589063 0.355556 0.032292 0.135185
0 2111 0.643229 0.392593 0.033333 0.146296
0 2114 0.468229 0.395370 0.045833 0.166667
0 2170 0.223958 0.449074 0.052083 0.181481
0 2171 0.174219 0.429630 0.055729 0.179630
0 2173 0.035937 0.963426 0.065625 0.073148
0 2174 0.185938 0.878241 0.079167 0.241667
0 2175 0.214844 0.873611 0.056771 0.254630
0 2176 0.302344 0.926389 0.056771 0.145370
0 2177 0.164323 0.811111 0.070312 0.333333
0 2178 0.217708 0.841204 0.052083 0.195370
0 2181 0.247917 0.634722 0.053125 0.228704
0 2182 0.352604 0.685648 0.064583 0.282407
0 2183 0.307812 0.592130 0.047917 0.200926
0 2184 0.354687 0.593519 0.052083 0.181481
0 2185 0.755469 0.531481 0.058854 0.198148
0 2187 0.238542 0.495370 0.039583 0.196296
0 2190 0.263802 0.576389 0.040104 0.199074
0 2192 0.797656 0.484722 0.033854 0.147222
0 2193 0.844792 0.498611 0.034375 0.176852
0 2194 0.834115 0.493519 0.050521 0.198148
0 2195 0.518490 0.440741 0.042188 0.170370
0 2196 0.757292 0.453704 0.045833 0.187037
0 2197 0.673177 0.406944 0.042188 0.152778
0 2198 0.611198 0.480556 0.033854 0.187037
0 2199 0.648177 0.405093 0.035937 0.147222
0 2200 0.589583 0.481944 0.046875 0.200926
0 2201 0.705469 0.433333 0.033854 0.166667
0 2202 0.523438 0.322222 0.028125 0.140741
0 2203 0.441667 0.303704 0.031250 0.129630
0 2204 0.541667 0.311111 0.031250 0.137037
0 2205 0.312240 0.387037 0.039062 0.181481
0 2206 0.478906 0.381481 0.029687 0.140741
0 2207 0.597656 0.459259 0.039062 0.159259
0 2208 0.316667 0.952778 0.057292 0.096296
0 2210 0.370312 0.391667 0.034375 0.151852
0 2211 0.385937 0.355093 0.032292 0.150926
0 2212 0.344792 0.357870 0.042708 0.160185
0 2213 0.420573 0.347685 0.033854 0.149074
0 2215 0.809115 0.526852 0.056771 0.190741
