0 1946 0.484115 0.398611 0.040104 0.149074
0 1948 0.605729 0.288426 0.032292 0.121296
0 1949 0.432292 0.286111 0.036458 0.125926
0 1950 0.413542 0.300000 0.032292 0.129630
0 1951 0.345052 0.299074 0.029687 0.140741
0 1952 0.549740 0.511574 0.043229 0.200926
0 1956 0.482812 0.306481 0.028125 0.124074
0 1960 0.458854 0.386574 0.044792 0.158333
0 2000 0.427344 0.373148 0.031771 0.168519
0 2026 0.110937 0.548148 0.039583 0.196296
0 2109 0.627344 0.348148 0.031771 0.135185
0 2110 0.575781 0.337963 0.030729 0.135185
0 2111 0.643229 0.383333 0.033333 0.146296
0 2114 0.432031 0.380556 0.039062 0.174074
0 2170 0.256771 0.466204 0.054167 0.191667
0 2171 0.212500 0.438889 0.056250 0.179630
0 2172 0.199479 0.421296 0.048958 0.174074
0 2173 0.097656 0.907870 0.072396 0.186111
0 2174 0.194792 0.824074 0.076042 0.292593
0 2175 0.263281 0.812963 0.056771 0.275926
0 2176 0.328646 0.881019 0.055208 0.236111
0 2177 0.203125 0.731944 0.062500 0.306481
0 2178 0.257031 0.762500 0.048438 0.169444
0 2181 0.267188 0.580556 0.048958 0.218519
0 2182 0.362500 0.617130 0.057292 0.260185
0 2183 0.326042 0.548148 0.045833 0.188889
0 2184 0.371875 0.546759 0.040625 0.178704
0 2185 0.660677 0.499074 0.051562 0.196296
0 2187 0.216667 0.517130 0.044792 0.204630
0 2190 0.290365 0.529167 0.039062 0.189815
0 2191 0.884896 0.477778 0.051042 0.209259
0 2192 0.763281 0.454630 0.027604 0.140741
0 2193 0.801823 0.458333 0.033854 0.157407
0 2194 0.775521 0.461574 0.050000 0.187963
0 2195 0.503125 0.412963 0.041667 0.162963
0 2196 0.722396 0.415278 0.038542 0.171296
0 2197 0.636458 0.380556 0.042708 0.142593
0 2198 0.556510 0.448148 0.033854 0.181481
0 2199 0.598437 0.387963 0.034375 0.144444
0 2200 0.535417 0.449537 0.040625 0.187963
0 2201 0.634635 0.404630 0.035937 0.153704
0 2202 0.514062 0.301389 0.028125 0.139815
0 2203 0.446875 0.286111 0.031250 0.129630
0 2204 0.534115 0.287037 0.031771 0.135185
0 2205 0.286458 0.356944 0.036458 0.178704
0 2206 0.421875 0.360185 0.030208 0.140741
0 2207 0.674479 0.469907 0.040625 0.160185
0 2208 0.065104 0.971296 0.042708 0.057407
0 2210 0.350521 0.361111 0.033333 0.146296
0 2211 0.368229 0.329630 0.032292 0.138889
0 2212 0.326562 0.327315 0.033333 0.150926
0 2213 0.389583 0.319444 0.035417 0.142593
0 2215 0.710677 0.500463 0.049479 0.187963
