0 1946 0.501042 0.420370 0.039583 0.151852
0 1948 0.617188 0.309722 0.032292 0.132407
0 1949 0.445833 0.304630 0.039583 0.125926
0 1950 0.429167 0.323148 0.032292 0.135185
0 1951 0.346615 0.309259 0.029687 0.140741
0 1952 0.557813 0.531481 0.044792 0.201852
0 1956 0.492188 0.314815 0.027083 0.112963
0 1960 0.510417 0.392130 0.050000 0.156481
0 1962 0.365104 0.296759 0.026042 0.113889
0 2000 0.450521 0.383333 0.033333 0.168519
0 2026 0.110937 0.557407 0.039583 0.196296
0 2109 0.626563 0.352778 0.032292 0.135185
0 2110 0.584375 0.351852 0.032292 0.135185
0 2111 0.643229 0.389815 0.033333 0.146296
0 2114 0.457552 0.393056 0.047396 0.167593
0 2170 0.231771 0.451852 0.052083 0.185185
0 2171 0.183594 0.429630 0.054688 0.179630
0 2173 0.051562 0.946759 0.070833 0.104630
0 2174 0.186719 0.868056 0.077604 0.263889
0 2175 0.235417 0.863426 0.056250 0.271296
0 2176 0.310937 0.916204 0.055208 0.169444
0 2177 0.173437 0.792593 0.068750 0.329630
0 2178 0.229687 0.820370 0.051042 0.188889
0 2181 0.250000 0.622685 0.053125 0.228704
0 2182 0.354948 0.667130 0.061979 0.276852
0 2183 0.312760 0.580093 0.048438 0.197222
0 2184 0.358594 0.581481 0.050521 0.181481
0 2185 0.727865 0.527778 0.066146 0.198148
0 2187 0.235937 0.499074 0.039583 0.196296
0 2190 0.271354 0.563889 0.040625 0.196296
0 2191 0.950000 0.493981 0.052083 0.212037
0 2192 0.786719 0.475000 0.032813 0.142593
0 2193 0.829948 0.489352 0.033854 0.176852
0 2194 0.817187 0.486111 0.051042 0.192593
0 2195 0.513021 0.432407 0.043750 0.170370
0 2196 0.744792 0.444444 0.042708 0.185185
0 2197 0.655729 0.398148 0.042708 0.148148
0 2198 0.595052 0.472222 0.033854 0.185185
0 2199 0.634896 0.398148 0.035417 0.146296
0 2200 0.572656 0.474074 0.045312 0.198148
0 2201 0.686198 0.424537 0.034896 0.162037
0 2202 0.522396 0.315741 0.028125 0.140741
0 2203 0.440625 0.299074 0.031250 0.129630
0 2204 0.539844 0.305556 0.031771 0.135185
0 2205 0.307292 0.377315 0.036458 0.178704
0 2206 0.462760 0.376852 0.029687 0.140741
0 2207 0.613021 0.464352 0.040625 0.160185
0 2208 0.248177 0.957407 0.049479 0.083333
0 2210 0.364323 0.385185 0.033854 0.151852
0 2211 0.385677 0.346296 0.031771 0.146296
0 2212 0.339583 0.350000 0.035417 0.157407
0 2213 0.416406 0.340741 0.029687 0.148148
0 2215 0.782292 0.522685 0.042708 0.189815
