0 1946 0.520573 0.456481 0.046354 0.164815
0 1947 0.318229 0.364352 0.034375 0.139815
0 1948 0.716667 0.331019 0.038542 0.134259
0 1949 0.476562 0.344907 0.034375 0.154630
0 1950 0.458073 0.350926 0.031771 0.151852
0 1951 0.342448 0.345370 0.031771 0.142593
0 1952 0.563021 0.542593 0.044792 0.201852
0 1956 0.507292 0.341204 0.030208 0.123148
0 1957 0.403385 0.276852 0.032813 0.129630
0 1958 0.397396 0.276389 0.023958 0.100926
0 1959 0.376563 0.279630 0.026042 0.109259
0 1960 0.633854 0.399537 0.044792 0.154630
0 1962 0.397135 0.318056 0.026562 0.123148
0 2000 0.550781 0.391204 0.032813 0.167593
0 2026 0.109635 0.565741 0.040104 0.196296
0 2109 0.627865 0.364815 0.031771 0.135185
0 2110 0.614583 0.362963 0.032292 0.135185
0 2111 0.641667 0.399074 0.033333 0.146296
0 2114 0.552604 0.406944 0.040625 0.173148
0 2170 0.191146 0.425926 0.047917 0.162963
0 2174 0.171354 0.929630 0.087500 0.142593
0 2175 0.110937 0.925926 0.063542 0.148148
0 2177 0.110156 0.865741 0.079687 0.270370
0 2178 0.173698 0.918056 0.054688 0.165741
0 2181 0.215625 0.703704 0.064583 0.251852
0 2182 0.323958 0.767593 0.069792 0.318519
0 2183 0.282292 0.649537 0.052083 0.223148
0 2184 0.339583 0.645833 0.053125 0.189815
0 2185 0.882812 0.554630 0.058333 0.207407
0 2187 0.249479 0.463889 0.039583 0.174074
0 2188 0.023177 0.803704 0.045312 0.322222
0 2190 0.226562 0.625463 0.043750 0.210185
0 2192 0.883333 0.509722 0.038542 0.150926
0 2193 0.936458 0.521759 0.034375 0.176852
0 2194 0.933073 0.520370 0.056771 0.198148
0 2195 0.580208 0.467593 0.041667 0.170370
0 2196 0.819271 0.489352 0.055208 0.204630
0 2197 0.736979 0.442593 0.040625 0.168519
0 2198 0.702865 0.508333 0.045312 0.190741
0 2199 0.705469 0.431944 0.035937 0.150926
0 2200 0.686719 0.510648 0.054688 0.210185
0 2201 0.762240 0.463426 0.033854 0.176852
0 2202 0.528646 0.339815 0.028125 0.140741
0 2203 0.451823 0.321759 0.029687 0.134259
0 2204 0.555729 0.332870 0.033333 0.143519
0 2205 0.327083 0.416204 0.039583 0.191667
0 2206 0.526563 0.399537 0.031250 0.149074
0 2207 0.544010 0.448148 0.031771 0.162963
0 2208 0.526042 0.909259 0.091667 0.183333
0 2210 0.399479 0.425000 0.037500 0.164815
0 2211 0.392708 0.387963 0.031250 0.157407
0 2212 0.369010 0.390278 0.038021 0.167593
0 2213 0.438021 0.377778 0.036458 0.161111
0 2214 0.315625 0.331944 0.032292 0.139815
0 2215 0.939323 0.546759 0.063021 0.195370
