0 1946 0.494271 0.411574 0.039583 0.150926
0 1948 0.609375 0.305093 0.032292 0.128704
0 1949 0.441146 0.299074 0.039583 0.125926
0 1950 0.420052 0.315741 0.031771 0.135185
0 1951 0.346615 0.307407 0.029687 0.140741
0 1952 0.552344 0.523148 0.044271 0.201852
0 1956 0.489844 0.312500 0.027604 0.117593
0 1960 0.491146 0.391204 0.045833 0.156481
0 1962 0.358073 0.291667 0.025521 0.112963
0 2000 0.441406 0.381481 0.031771 0.168519
0 2026 0.110937 0.554630 0.039583 0.196296
0 2109 0.626563 0.352778 0.032292 0.135185
0 2110 0.581771 0.347222 0.032292 0.135185
0 2111 0.643229 0.387963 0.033333 0.146296
0 2114 0.445052 0.389352 0.038021 0.169444
0 2170 0.242708 0.454167 0.052083 0.184259
0 2171 0.194010 0.432407 0.055729 0.179630
0 2173 0.068490 0.933796 0.076563 0.130556
0 2174 0.191406 0.857870 0.077604 0.284259
0 2175 0.247917 0.850463 0.056250 0.284259
0 2176 0.318490 0.903704 0.054688 0.194444
0 2177 0.182812 0.771296 0.068750 0.322222
0 2178 0.241406 0.800000 0.049479 0.181481
0 2181 0.258333 0.605556 0.051042 0.229630
0 2182 0.356250 0.647685 0.058333 0.271296
0 2183 0.317448 0.568056 0.047396 0.193519
0 2184 0.362760 0.568519 0.046354 0.181481
0 2185 0.699479 0.515278 0.041667 0.200926
0 2187 0.228385 0.505556 0.042188 0.198148
0 2190 0.278906 0.550463 0.040104 0.191667
0 2191 0.921354 0.489815 0.055208 0.209259
0 2192 0.777083 0.466667 0.031250 0.140741
0 2193 0.814583 0.478704 0.033333 0.172222
0 2194 0.797396 0.480093 0.050000 0.187963
0 2195 0.510677 0.424074 0.045312 0.164815
0 2196 0.733854 0.434722 0.039583 0.182407
0 2197 0.641146 0.390278 0.042708 0.143519
0 2198 0.577865 0.463889 0.033854 0.185185
0 2199 0.620833 0.395370 0.035417 0.146296
0 2200 0.563281 0.463426 0.041146 0.189815
0 2201 0.666927 0.416204 0.035937 0.158333
0 2202 0.520312 0.310185 0.028125 0.140741
0 2203 0.441667 0.294444 0.031250 0.129630
0 2204 0.538281 0.300000 0.031771 0.135185
0 2205 0.297917 0.370370 0.036458 0.179630
0 2206 0.447135 0.371296 0.029687 0.140741
0 2207 0.636979 0.467593 0.040625 0.159259
0 2208 0.182552 0.962963 0.048438 0.074074
0 2210 0.358333 0.377778 0.033333 0.151852
0 2211 0.382292 0.341204 0.032292 0.143519
0 2212 0.334115 0.343056 0.033854 0.154630
0 2213 0.407031 0.331944 0.029687 0.145370
0 2215 0.754687 0.514815 0.047917 0.188889
