0 1946 0.508073 0.430093 0.042188 0.152778
0 1947 0.301823 0.338426 0.029687 0.139815
0 1948 0.636979 0.313426 0.032292 0.132407
0 1949 0.451562 0.312500 0.038542 0.128704
0 1950 0.436198 0.332407 0.031771 0.135185
0 1951 0.345052 0.315741 0.029687 0.140741
0 1952 0.562500 0.537963 0.044792 0.201852
0 1956 0.492969 0.321759 0.028646 0.119444
0 1957 0.351562 0.269907 0.023958 0.134259
0 1960 0.539583 0.393519 0.050000 0.157407
0 1962 0.374479 0.300926 0.026042 0.116667
0 2000 0.465885 0.386111 0.034896 0.168519
0 2026 0.110937 0.561111 0.039583 0.196296
0 2109 0.627865 0.361111 0.031771 0.135185
0 2110 0.591146 0.357407 0.032292 0.135185
0 2111 0.643229 0.393519 0.033333 0.146296
0 2114 0.474479 0.395833 0.045833 0.167593
0 2170 0.221875 0.448148 0.052083 0.179630
0 2171 0.168750 0.428704 0.055208 0.179630
0 2174 0.185677 0.881481 0.079687 0.233333
0 2175 0.205469 0.877315 0.056771 0.247222
0 2176 0.300260 0.930093 0.058854 0.137963
0 2177 0.161458 0.816667 0.070833 0.333333
0 2178 0.214583 0.847685 0.052083 0.195370
0 2181 0.247917 0.639352 0.053125 0.228704
0 2182 0.351562 0.691204 0.064583 0.286111
0 2183 0.306771 0.595833 0.047917 0.200926
0 2184 0.353646 0.597222 0.052083 0.181481
0 2185 0.762760 0.534722 0.057813 0.199074
0 2187 0.239063 0.493519 0.039583 0.196296
0 2190 0.260937 0.579630 0.040625 0.200000
0 2192 0.801302 0.487963 0.034896 0.148148
0 2193 0.848177 0.501389 0.033854 0.176852
0 2194 0.839583 0.496759 0.050000 0.200926
0 2195 0.520312 0.443519 0.041667 0.170370
0 2196 0.759635 0.456944 0.046354 0.187963
0 2197 0.678906 0.409722 0.042188 0.154630
0 2198 0.616406 0.482870 0.033854 0.187963
0 2199 0.652604 0.406944 0.035417 0.147222
0 2200 0.596875 0.484259 0.046875 0.201852
0 2201 0.711719 0.436574 0.033854 0.167593
0 2202 0.523438 0.324074 0.028125 0.140741
0 2203 0.442188 0.304630 0.031250 0.129630
0 2204 0.542448 0.312963 0.031771 0.138889
0 2205 0.313802 0.390278 0.039062 0.182407
0 2206 0.483594 0.382407 0.029687 0.140741
0 2207 0.593490 0.457407 0.038021 0.159259
0 2208 0.339583 0.950926 0.061458 0.100000
0 2210 0.373437 0.392593 0.035417 0.151852
0 2211 0.385417 0.358333 0.032292 0.151852
0 2212 0.346615 0.360185 0.045312 0.161111
0 2213 0.421875 0.349537 0.035417 0.149074
0 2214 0.289062 0.318519 0.030208 0.140741
0 2215 0.818750 0.529630 0.046875 0.192593
