0 1946 0.527604 0.464815 0.048958 0.164815
0 1947 0.319271 0.370370 0.034375 0.140741
0 1948 0.728646 0.336574 0.033333 0.139815
0 1949 0.482812 0.352315 0.034375 0.154630
0 1950 0.464323 0.357407 0.031771 0.151852
0 1951 0.342448 0.348611 0.031771 0.143519
0 1952 0.562240 0.543519 0.044271 0.201852
0 1956 0.510417 0.344444 0.029167 0.120370
0 1957 0.416667 0.274074 0.030208 0.124074
0 1958 0.414062 0.277315 0.025000 0.100926
0 1959 0.389323 0.282407 0.025521 0.109259
0 1960 0.662500 0.398611 0.043750 0.154630
0 1962 0.404687 0.321759 0.027083 0.123148
0 2000 0.571615 0.390741 0.035937 0.164815
0 2026 0.108854 0.566667 0.040625 0.196296
0 2109 0.627865 0.366667 0.031771 0.135185
0 2110 0.620573 0.362963 0.031771 0.135185
0 2111 0.641146 0.400000 0.033333 0.146296
0 2114 0.580208 0.406944 0.044792 0.169444
0 2170 0.183333 0.425926 0.047917 0.162963
0 2174 0.171094 0.946296 0.081771 0.107407
0 2175 0.079687 0.942130 0.068750 0.115741
0 2177 0.088802 0.879167 0.079687 0.243519
0 2178 0.154688 0.936574 0.065625 0.126852
0 2181 0.203385 0.726852 0.063021 0.259259
0 2182 0.311458 0.799074 0.073958 0.320370
0 2183 0.275260 0.661574 0.053646 0.225000
0 2184 0.330990 0.661111 0.053646 0.190741
0 2185 0.929688 0.557870 0.068750 0.202778
0 2187 0.245052 0.460185 0.040104 0.174074
0 2188 0.040625 0.770370 0.064583 0.314815
0 2190 0.213802 0.643056 0.045312 0.212037
0 2195 0.603385 0.475926 0.042188 0.179630
0 2196 0.850521 0.499537 0.052083 0.210185
0 2197 0.754948 0.443981 0.045312 0.167593
0 2198 0.738542 0.517130 0.042708 0.199074
0 2199 0.721875 0.440741 0.036458 0.153704
0 2200 0.727083 0.516667 0.053125 0.209259
0 2201 0.780729 0.472685 0.035417 0.182407
0 2202 0.532813 0.344444 0.028125 0.144444
0 2203 0.456771 0.327778 0.029167 0.135185
0 2204 0.557031 0.335648 0.033854 0.149074
0 2205 0.329167 0.424537 0.039583 0.193519
0 2206 0.534115 0.406019 0.031771 0.149074
0 2207 0.529167 0.437037 0.032292 0.159259
0 2208 0.564844 0.893981 0.088021 0.213889
0 2210 0.409896 0.434722 0.037500 0.167593
0 2211 0.404427 0.394907 0.032813 0.158333
0 2212 0.380469 0.403241 0.041146 0.173148
0 2213 0.442188 0.388426 0.040625 0.163889
0 2214 0.313542 0.340278 0.032292 0.143519
