0 1946 0.570312 0.500926 0.054167 0.174074
0 1947 0.316667 0.402778 0.035417 0.148148
0 1948 0.733333 0.372685 0.038542 0.152778
0 1949 0.509896 0.383796 0.037500 0.167593
0 1950 0.489583 0.387963 0.032292 0.164815
0 1951 0.332552 0.381481 0.031771 0.150000
0 1952 0.558333 0.546296 0.044792 0.201852
0 1956 0.529167 0.360185 0.031250 0.127778
0 1957 0.463281 0.294444 0.029687 0.124074
0 1958 0.475781 0.293056 0.025521 0.100926
0 1959 0.423958 0.300000 0.027083 0.114815
0 1960 0.767448 0.393981 0.047396 0.152778
0 1962 0.432552 0.344907 0.029687 0.137963
0 1967 0.376302 0.270833 0.031771 0.113889
0 2000 0.677604 0.390278 0.036458 0.165741
0 2026 0.106250 0.568519 0.042708 0.196296
0 2031 0.291667 0.331019 0.028125 0.139815
0 2109 0.623177 0.370370 0.031771 0.135185
0 2110 0.621875 0.360185 0.032292 0.135185
0 2111 0.639583 0.398148 0.033333 0.146296
0 2114 0.694010 0.396759 0.045312 0.167593
0 2170 0.171875 0.414815 0.044792 0.162963
0 2181 0.161198 0.822222 0.069271 0.303704
0 2182 0.271354 0.883333 0.084375 0.235185
0 2183 0.235937 0.739352 0.059375 0.237963
0 2184 0.294792 0.747222 0.060417 0.225926
0 2187 0.213021 0.427778 0.036458 0.168519
0 2188 0.136198 0.659722 0.064062 0.265741
0 2190 0.155990 0.728704 0.050521 0.222222
0 2195 0.727604 0.510648 0.045833 0.189815
0 2197 0.824219 0.480556 0.054688 0.183333
0 2198 0.896615 0.546759 0.046354 0.200926
0 2199 0.776042 0.481481 0.042708 0.174074
0 2200 0.889062 0.546296 0.053125 0.222222
0 2201 0.892188 0.509259 0.058333 0.187037
0 2202 0.551823 0.369444 0.028646 0.164815
0 2203 0.474219 0.349537 0.029687 0.134259
0 2204 0.572917 0.356481 0.033333 0.153704
0 2205 0.298438 0.467593 0.044792 0.207407
0 2206 0.635417 0.418056 0.034375 0.150926
0 2207 0.447917 0.410648 0.031250 0.149074
0 2208 0.694271 0.819907 0.081250 0.295370
0 2209 0.762760 0.571296 0.059896 0.209259
0 2210 0.421875 0.489815 0.037500 0.179630
0 2211 0.489583 0.433333 0.039583 0.170370
0 2212 0.453646 0.438426 0.044792 0.184259
0 2213 0.485156 0.416667 0.038021 0.172222
0 2214 0.323437 0.381481 0.031250 0.157407
