0 1946 0.529687 0.466667 0.050000 0.164815
0 1947 0.319271 0.372222 0.034375 0.140741
0 1948 0.730990 0.338426 0.034896 0.139815
0 1949 0.484375 0.353241 0.034375 0.154630
0 1950 0.465365 0.359259 0.031771 0.151852
0 1951 0.342448 0.349537 0.031771 0.143519
0 1952 0.561979 0.543519 0.044792 0.201852
0 1956 0.511198 0.344444 0.028646 0.120370
0 1957 0.420312 0.275000 0.030208 0.124074
0 1958 0.417708 0.278241 0.025000 0.100926
0 1959 0.392448 0.283333 0.025521 0.109259
0 1960 0.668229 0.398611 0.043750 0.154630
0 1962 0.406510 0.322685 0.027604 0.123148
0 2000 0.577865 0.389815 0.035937 0.164815
0 2026 0.108594 0.567593 0.040104 0.196296
0 2109 0.627865 0.366667 0.031771 0.135185
0 2110 0.621875 0.362963 0.032292 0.135185
0 2111 0.640625 0.400000 0.033333 0.146296
0 2114 0.587240 0.405556 0.046354 0.166667
0 2170 0.181771 0.425926 0.047917 0.162963
0 2174 0.171615 0.950463 0.078646 0.097222
0 2175 0.072396 0.946296 0.068750 0.107407
0 2177 0.084635 0.881944 0.080729 0.236111
0 2178 0.150260 0.941204 0.064062 0.117593
0 2181 0.201042 0.731481 0.061458 0.261111
0 2182 0.306771 0.801852 0.073958 0.324074
0 2183 0.274479 0.663426 0.054167 0.223148
0 2184 0.328385 0.664352 0.053646 0.191667
0 2185 0.940625 0.557407 0.068750 0.201852
0 2187 0.244792 0.457407 0.038542 0.174074
0 2188 0.045833 0.763889 0.068750 0.311111
0 2190 0.210677 0.646759 0.046354 0.212037
0 2195 0.609375 0.478241 0.042708 0.182407
0 2196 0.859896 0.507407 0.058333 0.207407
0 2197 0.758854 0.444907 0.045833 0.167593
0 2198 0.747656 0.519907 0.042188 0.200926
0 2199 0.725000 0.442593 0.036458 0.157407
0 2200 0.736719 0.517593 0.053646 0.209259
0 2201 0.785937 0.474537 0.035417 0.182407
0 2202 0.533854 0.346296 0.028125 0.146296
0 2203 0.457813 0.329630 0.029167 0.135185
0 2204 0.558594 0.336574 0.033854 0.149074
0 2205 0.329167 0.426852 0.039583 0.194444
0 2206 0.535937 0.407870 0.032292 0.149074
0 2207 0.526042 0.433333 0.032292 0.157407
0 2208 0.574740 0.890278 0.090104 0.221296
0 2210 0.411979 0.437500 0.037500 0.167593
0 2211 0.408073 0.397685 0.032813 0.158333
0 2212 0.383594 0.404167 0.040104 0.173148
0 2213 0.443750 0.390741 0.041667 0.164815
0 2214 0.313281 0.342593 0.031771 0.144444
