0 1946 0.577865 0.511574 0.054688 0.184259
0 1947 0.315885 0.409259 0.035937 0.151852
0 1948 0.726042 0.378704 0.038542 0.153704
0 1949 0.513281 0.389815 0.038021 0.168519
0 1950 0.493750 0.395370 0.032292 0.164815
0 1951 0.330990 0.383333 0.031771 0.151852
0 1952 0.557292 0.546296 0.044792 0.201852
0 1956 0.532031 0.362963 0.031771 0.129630
0 1957 0.467448 0.298148 0.029687 0.124074
0 1958 0.484115 0.299074 0.025521 0.103704
0 1959 0.432031 0.302778 0.027604 0.118519
0 1960 0.780469 0.393981 0.045312 0.158333
0 1962 0.437760 0.346759 0.029687 0.137963
0 1967 0.387500 0.274537 0.033333 0.112037
0 2000 0.691146 0.391204 0.036458 0.165741
0 2026 0.105729 0.568519 0.042708 0.196296
0 2031 0.296875 0.338426 0.030208 0.137963
0 2109 0.623177 0.370370 0.031771 0.135185
0 2110 0.621875 0.360185 0.032292 0.135185
0 2111 0.639062 0.397222 0.033333 0.146296
0 2114 0.709115 0.397222 0.044271 0.168519
0 2170 0.172135 0.412500 0.043229 0.162037
0 2181 0.152865 0.837963 0.068229 0.301852
0 2182 0.259115 0.893981 0.090104 0.213889
0 2183 0.222656 0.757870 0.058854 0.245370
0 2184 0.285938 0.762037 0.060417 0.231481
0 2187 0.219271 0.423148 0.043750 0.166667
0 2188 0.146875 0.644907 0.062500 0.260185
0 2190 0.147917 0.750463 0.054167 0.226852
0 2195 0.748437 0.518981 0.046875 0.189815
0 2197 0.837760 0.485185 0.060937 0.192593
0 2198 0.924479 0.549537 0.048958 0.200926
0 2199 0.790104 0.488889 0.042708 0.174074
0 2201 0.917188 0.511111 0.058333 0.183333
0 2202 0.554688 0.375000 0.029167 0.168519
0 2203 0.477083 0.353241 0.031250 0.134259
0 2204 0.575000 0.362963 0.033333 0.157407
0 2205 0.295833 0.471296 0.044792 0.207407
0 2206 0.650000 0.421296 0.033333 0.151852
0 2207 0.429688 0.408333 0.031250 0.148148
0 2208 0.711458 0.798148 0.080208 0.285185
0 2209 0.742708 0.565741 0.058333 0.209259
0 2210 0.424740 0.496296 0.038021 0.179630
0 2211 0.504427 0.439352 0.043229 0.171296
0 2212 0.466146 0.446759 0.044792 0.187963
0 2213 0.496354 0.422222 0.037500 0.170370
0 2214 0.329948 0.388889 0.031771 0.157407
