0 1946 0.605729 0.521296 0.052083 0.179630
0 1947 0.314063 0.421296 0.036458 0.159259
0 1948 0.704948 0.385648 0.033854 0.154630
0 1949 0.527083 0.400000 0.038542 0.168519
0 1950 0.502083 0.403241 0.034375 0.167593
0 1951 0.326823 0.393981 0.031771 0.154630
0 1952 0.556250 0.548148 0.044792 0.201852
0 1956 0.538802 0.367593 0.031771 0.129630
0 1957 0.479948 0.304630 0.029687 0.124074
0 1958 0.501823 0.309259 0.027604 0.109259
0 1959 0.441146 0.306481 0.028125 0.118519
0 1960 0.797917 0.381019 0.034375 0.154630
0 1962 0.446354 0.351852 0.030208 0.135185
0 1967 0.407552 0.276389 0.031771 0.112037
0 1968 0.344792 0.282870 0.029167 0.139815
0 2000 0.725000 0.389815 0.036458 0.166667
0 2002 0.930469 0.961574 0.053646 0.076852
0 2003 0.808594 0.969907 0.048438 0.060185
0 2026 0.104948 0.568519 0.044271 0.196296
0 2031 0.305990 0.346296 0.033854 0.137037
0 2109 0.622656 0.369444 0.031771 0.135185
0 2110 0.621875 0.359259 0.032292 0.135185
0 2111 0.638542 0.396296 0.033333 0.146296
0 2114 0.740104 0.397222 0.040625 0.170370
0 2181 0.128385 0.866667 0.071354 0.268519
0 2182 0.242708 0.928241 0.091667 0.145370
0 2183 0.200000 0.794444 0.064583 0.251852
0 2184 0.267708 0.800926 0.067708 0.251852
0 2187 0.256250 0.416667 0.038542 0.164815
0 2188 0.172656 0.601852 0.056771 0.248148
0 2190 0.127344 0.793519 0.058854 0.231481
0 2195 0.795573 0.531019 0.050521 0.195370
0 2197 0.876042 0.496296 0.058333 0.192593
0 2199 0.830990 0.500926 0.042188 0.179630
0 2202 0.568750 0.378704 0.029167 0.170370
0 2203 0.481510 0.364815 0.032813 0.146296
0 2204 0.587760 0.370370 0.033854 0.157407
0 2205 0.290885 0.501389 0.042188 0.223148
0 2206 0.684635 0.430093 0.030729 0.156481
0 2207 0.389583 0.395833 0.031250 0.143519
0 2208 0.747917 0.751389 0.072917 0.267593
0 2209 0.686198 0.555556 0.054688 0.201852
0 2210 0.428646 0.519907 0.043750 0.187963
0 2211 0.551823 0.454167 0.038021 0.178704
0 2212 0.499219 0.453704 0.045312 0.188889
0 2213 0.536979 0.434259 0.039583 0.174074
0 2214 0.348438 0.405093 0.033333 0.156481
