0 1946 0.574740 0.508796 0.054688 0.182407
0 1947 0.316406 0.406481 0.035937 0.150000
0 1948 0.730208 0.376852 0.038542 0.153704
0 1949 0.512240 0.387963 0.038021 0.168519
0 1950 0.492188 0.392593 0.032292 0.164815
0 1951 0.331510 0.382407 0.031771 0.151852
0 1952 0.557813 0.546296 0.044792 0.201852
0 1956 0.530729 0.362500 0.031250 0.128704
0 1957 0.465885 0.297222 0.029687 0.124074
0 1958 0.481510 0.296759 0.025521 0.102778
0 1959 0.428906 0.301852 0.027604 0.116667
0 1960 0.775521 0.393981 0.045833 0.156481
0 1962 0.435677 0.345833 0.029687 0.137963
0 1967 0.383073 0.273148 0.032813 0.112963
0 2000 0.685937 0.390278 0.036458 0.165741
0 2026 0.105990 0.568519 0.042188 0.196296
0 2031 0.295573 0.336574 0.029687 0.137963
0 2109 0.623177 0.370370 0.031771 0.135185
0 2110 0.621875 0.360185 0.032292 0.135185
0 2111 0.639583 0.398148 0.033333 0.146296
0 2114 0.703385 0.396759 0.044271 0.167593
0 2170 0.171875 0.413426 0.043750 0.162037
0 2181 0.157552 0.832407 0.068229 0.305556
0 2182 0.263021 0.889352 0.088542 0.223148
0 2183 0.227604 0.750926 0.059375 0.242593
0 2184 0.289062 0.756481 0.060417 0.229630
0 2187 0.216146 0.425000 0.040625 0.166667
0 2188 0.142969 0.651389 0.063021 0.262037
0 2190 0.150781 0.742130 0.052604 0.225000
0 2195 0.741146 0.516204 0.045833 0.189815
0 2197 0.832031 0.484259 0.059896 0.190741
0 2198 0.914583 0.548611 0.048958 0.200926
0 2199 0.784896 0.486111 0.042708 0.174074
0 2200 0.904687 0.548148 0.058333 0.222222
0 2201 0.907813 0.510648 0.058333 0.184259
0 2202 0.553646 0.372685 0.029167 0.167593
0 2203 0.476302 0.351852 0.030729 0.135185
0 2204 0.573958 0.360185 0.033333 0.155556
0 2205 0.296875 0.469444 0.044792 0.207407
0 2206 0.644531 0.420370 0.033854 0.151852
0 2207 0.435937 0.409722 0.031250 0.149074
0 2208 0.704948 0.806481 0.080729 0.288889
0 2209 0.749740 0.567593 0.058854 0.209259
0 2210 0.423698 0.494444 0.038021 0.179630
0 2211 0.498698 0.437037 0.043229 0.170370
0 2212 0.461458 0.443519 0.044792 0.187037
0 2213 0.492188 0.419907 0.037500 0.171296
0 2214 0.327604 0.386111 0.031250 0.157407
