0 1946 0.530990 0.468519 0.050521 0.164815
0 1947 0.319271 0.373148 0.034375 0.140741
0 1948 0.732552 0.339352 0.035937 0.139815
0 1949 0.485417 0.353241 0.034375 0.154630
0 1950 0.465365 0.360185 0.031771 0.151852
0 1951 0.342448 0.350463 0.031771 0.143519
0 1952 0.561719 0.543519 0.044271 0.201852
0 1956 0.511719 0.345370 0.028646 0.120370
0 1957 0.422396 0.275926 0.030208 0.124074
0 1958 0.419792 0.279167 0.025000 0.100926
0 1959 0.394531 0.283333 0.025521 0.109259
0 1960 0.672135 0.398611 0.044271 0.154630
0 1962 0.407552 0.323611 0.027604 0.123148
0 2000 0.582292 0.389815 0.036458 0.164815
0 2026 0.108594 0.567593 0.040104 0.196296
0 2109 0.627865 0.366667 0.031771 0.135185
0 2110 0.622656 0.362963 0.031771 0.135185
0 2111 0.640625 0.400000 0.033333 0.146296
0 2114 0.591927 0.404630 0.047396 0.164815
0 2170 0.180729 0.425000 0.047917 0.162963
0 2174 0.171875 0.953241 0.077083 0.091667
0 2175 0.068229 0.949537 0.067708 0.100926
0 2177 0.082292 0.884259 0.082292 0.231481
0 2178 0.147135 0.943981 0.061979 0.112037
0 2181 0.199219 0.735185 0.060937 0.262963
0 2182 0.303646 0.801852 0.073958 0.325926
0 2183 0.273438 0.665278 0.054167 0.223148
0 2184 0.326823 0.667130 0.054688 0.193519
0 2185 0.948177 0.557407 0.069271 0.201852
0 2187 0.244531 0.455556 0.038021 0.174074
0 2188 0.048958 0.760648 0.070833 0.306481
0 2190 0.208594 0.649537 0.046354 0.212037
0 2195 0.613802 0.479630 0.042188 0.181481
0 2196 0.865104 0.506944 0.052083 0.208333
0 2197 0.760677 0.446296 0.045312 0.168519
0 2198 0.748437 0.519907 0.042708 0.200926
0 2199 0.727083 0.443981 0.036458 0.158333
0 2200 0.743490 0.518519 0.054688 0.209259
0 2201 0.789323 0.475463 0.034896 0.182407
0 2202 0.534375 0.347222 0.028125 0.146296
0 2203 0.458854 0.330556 0.029167 0.135185
0 2204 0.559635 0.337500 0.033854 0.149074
0 2205 0.328125 0.429167 0.039583 0.195370
0 2206 0.538021 0.407870 0.032292 0.149074
0 2207 0.523438 0.431019 0.032292 0.156481
0 2208 0.581510 0.887500 0.091146 0.226852
0 2210 0.412500 0.439352 0.037500 0.167593
0 2211 0.410417 0.399074 0.033333 0.159259
0 2212 0.385677 0.404167 0.039062 0.173148
0 2213 0.445052 0.390741 0.041146 0.164815
0 2214 0.312760 0.343981 0.031771 0.145370
