0 1946 0.591146 0.518056 0.054167 0.180556
0 1947 0.314063 0.418519 0.036458 0.159259
0 1948 0.715104 0.382870 0.035417 0.154630
0 1949 0.520312 0.396296 0.038542 0.168519
0 1950 0.497135 0.398148 0.033854 0.164815
0 1951 0.328646 0.387500 0.031250 0.154630
0 1952 0.556771 0.547222 0.044792 0.201852
0 1956 0.535677 0.365741 0.031771 0.129630
0 1957 0.474219 0.302778 0.029687 0.124074
0 1958 0.493750 0.306481 0.026042 0.109259
0 1959 0.436719 0.303704 0.027604 0.118519
0 1960 0.791146 0.387963 0.039583 0.157407
0 1962 0.442708 0.349074 0.030208 0.137037
0 1967 0.401042 0.275463 0.031250 0.112037
0 2000 0.709896 0.391204 0.036458 0.165741
0 2026 0.105469 0.568519 0.043229 0.196296
0 2031 0.301563 0.344907 0.032292 0.137963
0 2109 0.622917 0.369444 0.032292 0.135185
0 2110 0.621875 0.360185 0.032292 0.135185
0 2111 0.638802 0.396296 0.033854 0.146296
0 2114 0.729948 0.397222 0.043229 0.168519
0 2181 0.137500 0.857407 0.068750 0.287037
0 2182 0.253125 0.914352 0.090625 0.173148
0 2183 0.216146 0.779630 0.069792 0.251852
0 2184 0.277865 0.780556 0.064062 0.237037
0 2187 0.238802 0.419444 0.043229 0.164815
0 2188 0.160938 0.621296 0.059375 0.253704
0 2190 0.136719 0.780556 0.058854 0.231481
0 2195 0.774740 0.527778 0.050521 0.190741
0 2197 0.859115 0.488889 0.064062 0.192593
0 2199 0.811719 0.495833 0.042188 0.176852
0 2202 0.561979 0.377778 0.029167 0.170370
0 2203 0.480729 0.358796 0.032292 0.136111
0 2204 0.582552 0.367593 0.033854 0.157407
0 2205 0.290104 0.492130 0.043750 0.219444
0 2206 0.669010 0.426389 0.031771 0.154630
0 2207 0.408073 0.403241 0.031771 0.143519
0 2208 0.730469 0.769907 0.075521 0.275000
0 2209 0.714583 0.558796 0.056250 0.206481
0 2210 0.428125 0.508333 0.040625 0.183333
0 2211 0.526563 0.449074 0.038542 0.177778
0 2212 0.483594 0.453704 0.044271 0.190741
0 2213 0.519531 0.427315 0.040104 0.171296
0 2214 0.339583 0.398148 0.032292 0.157407
