0 1946 0.612240 0.521296 0.050521 0.179630
0 1947 0.314063 0.422222 0.036458 0.159259
0 1948 0.703385 0.388426 0.033854 0.154630
0 1949 0.529167 0.400926 0.038542 0.168519
0 1950 0.502344 0.405093 0.034896 0.169444
0 1951 0.325781 0.395833 0.031771 0.154630
0 1952 0.557292 0.548148 0.044792 0.201852
0 1956 0.539844 0.367593 0.031771 0.129630
0 1957 0.482292 0.305556 0.030208 0.124074
0 1958 0.503125 0.309259 0.027083 0.109259
0 1959 0.443229 0.308333 0.028125 0.118519
0 1960 0.800260 0.379630 0.032813 0.155556
0 1962 0.447396 0.352315 0.030208 0.136111
0 1967 0.409115 0.276389 0.031771 0.112037
0 1968 0.348177 0.283796 0.029687 0.139815
0 2000 0.730208 0.388889 0.036458 0.166667
0 2002 0.921615 0.956019 0.060937 0.087963
0 2003 0.802344 0.964352 0.056771 0.069444
0 2026 0.104948 0.568519 0.044271 0.196296
0 2031 0.307552 0.347222 0.033854 0.137037
0 2109 0.622656 0.369444 0.031771 0.135185
0 2110 0.621875 0.359259 0.032292 0.135185
0 2111 0.638281 0.395370 0.033854 0.146296
0 2114 0.743490 0.396759 0.039062 0.171296
0 2181 0.123958 0.869444 0.072917 0.261111
0 2182 0.237760 0.932407 0.090104 0.137037
0 2183 0.196615 0.798611 0.065104 0.254630
0 2184 0.264062 0.807407 0.068750 0.257407
0 2187 0.258333 0.413889 0.038542 0.164815
0 2188 0.176302 0.596296 0.055729 0.246296
0 2190 0.124219 0.798148 0.058854 0.231481
0 2195 0.802865 0.532407 0.050521 0.196296
0 2197 0.880990 0.500926 0.054688 0.192593
0 2199 0.837500 0.502778 0.042708 0.179630
0 2202 0.571094 0.379630 0.029687 0.170370
0 2203 0.481771 0.367130 0.033333 0.149074
0 2204 0.589323 0.370370 0.033854 0.157407
0 2205 0.290625 0.505093 0.043750 0.225000
0 2206 0.690104 0.431019 0.030208 0.156481
0 2207 0.383333 0.394907 0.031250 0.143519
0 2208 0.755208 0.747222 0.072917 0.266667
0 2209 0.678125 0.553241 0.056250 0.200926
0 2210 0.427083 0.522685 0.043750 0.189815
0 2211 0.560677 0.456019 0.038021 0.178704
0 2212 0.505469 0.456481 0.046354 0.190741
0 2213 0.542448 0.437037 0.040104 0.175926
0 2214 0.351562 0.406944 0.034375 0.156481
