0 1946 0.556510 0.480556 0.054688 0.159259
0 1947 0.316406 0.392130 0.034896 0.145370
0 1948 0.742188 0.360185 0.038542 0.148148
0 1949 0.500000 0.372222 0.038542 0.162963
0 1950 0.477083 0.379630 0.031250 0.164815
0 1951 0.338021 0.368056 0.031250 0.149074
0 1952 0.559375 0.545370 0.044792 0.201852
0 1956 0.525781 0.349074 0.027604 0.120370
0 1957 0.451823 0.289815 0.029687 0.124074
0 1958 0.453385 0.286574 0.025521 0.100926
0 1959 0.414062 0.292593 0.027083 0.112963
0 1960 0.732292 0.392593 0.038542 0.159259
0 1962 0.422656 0.338889 0.028646 0.133333
0 1967 0.351042 0.259722 0.029167 0.121296
0 2000 0.648958 0.389352 0.036458 0.165741
0 2026 0.107031 0.568519 0.041146 0.196296
0 2109 0.623698 0.370370 0.031771 0.135185
0 2110 0.624219 0.361111 0.031771 0.135185
0 2111 0.640104 0.399074 0.033333 0.146296
0 2114 0.661719 0.396296 0.046354 0.166667
0 2170 0.171094 0.418981 0.047396 0.162037
0 2177 0.033594 0.922685 0.066146 0.154630
0 2181 0.173437 0.788426 0.065625 0.287963
0 2182 0.281250 0.859722 0.081250 0.280556
0 2183 0.248177 0.714352 0.056771 0.236111
0 2184 0.305208 0.716204 0.060417 0.213889
0 2187 0.222396 0.435185 0.036458 0.168519
0 2188 0.105729 0.683796 0.057292 0.276852
0 2190 0.174479 0.701389 0.048958 0.213889
0 2195 0.684375 0.499074 0.053125 0.185185
0 2197 0.795573 0.468519 0.044271 0.174074
0 2198 0.838802 0.537500 0.045312 0.200926
0 2199 0.755208 0.467130 0.042708 0.171296
0 2200 0.832031 0.532870 0.051562 0.219444
0 2201 0.846615 0.494444 0.033854 0.181481
0 2202 0.545573 0.358796 0.027604 0.154630
0 2203 0.469271 0.343519 0.029167 0.135185
0 2204 0.567187 0.346759 0.033333 0.149074
0 2205 0.308854 0.455093 0.040625 0.200926
0 2206 0.588542 0.414352 0.033333 0.150926
0 2207 0.479948 0.415278 0.031771 0.149074
0 2208 0.662500 0.846759 0.073958 0.297222
0 2209 0.822135 0.578704 0.065104 0.209259
0 2210 0.418490 0.468519 0.038021 0.168519
0 2211 0.456771 0.420833 0.036458 0.162037
0 2212 0.424219 0.425926 0.043229 0.179630
0 2213 0.461198 0.407870 0.033854 0.173148
0 2214 0.316667 0.367593 0.032292 0.150000
