0 1946 0.569531 0.499074 0.054688 0.172222
0 1947 0.316667 0.402778 0.035417 0.148148
0 1948 0.733854 0.371759 0.038542 0.152778
0 1949 0.509896 0.383796 0.037500 0.167593
0 1950 0.489583 0.387963 0.032292 0.164815
0 1951 0.332813 0.381019 0.032292 0.149074
0 1952 0.558333 0.546296 0.044792 0.201852
0 1956 0.528906 0.359722 0.030729 0.126852
0 1957 0.462760 0.294444 0.029687 0.124074
0 1958 0.474740 0.292130 0.025521 0.100926
0 1959 0.422917 0.299537 0.027083 0.113889
0 1960 0.765885 0.393519 0.047396 0.151852
0 1962 0.431771 0.344907 0.029167 0.137963
0 1967 0.374740 0.270370 0.031771 0.112963
0 2000 0.676042 0.390278 0.036458 0.165741
0 2026 0.106510 0.568519 0.042188 0.196296
0 2031 0.291146 0.329630 0.028125 0.140741
0 2109 0.623177 0.370370 0.031771 0.135185
0 2110 0.621875 0.360185 0.032292 0.135185
0 2111 0.639583 0.398148 0.033333 0.146296
0 2114 0.691927 0.396759 0.045312 0.167593
0 2170 0.171875 0.415278 0.044792 0.162037
0 2181 0.161458 0.819907 0.069792 0.302778
0 2182 0.273177 0.881944 0.083854 0.237963
0 2183 0.236458 0.737500 0.059375 0.237963
0 2184 0.295833 0.745833 0.060417 0.225000
0 2187 0.213542 0.427778 0.036458 0.168519
0 2188 0.134635 0.659722 0.063021 0.265741
0 2190 0.157031 0.727315 0.050521 0.221296
0 2195 0.724479 0.509722 0.045833 0.189815
0 2197 0.822396 0.479630 0.054167 0.181481
0 2198 0.892448 0.546759 0.045312 0.200926
0 2199 0.774479 0.480556 0.042708 0.174074
0 2200 0.884635 0.546296 0.055729 0.222222
0 2201 0.889062 0.509259 0.058333 0.187037
0 2202 0.551302 0.368981 0.028646 0.163889
0 2203 0.473958 0.349074 0.030208 0.135185
0 2204 0.572396 0.356019 0.033333 0.152778
0 2205 0.298958 0.467593 0.044792 0.207407
0 2206 0.632812 0.418056 0.034375 0.150926
0 2207 0.450260 0.410648 0.031771 0.149074
0 2208 0.692448 0.820833 0.080729 0.295370
0 2209 0.766146 0.572222 0.060417 0.209259
0 2210 0.421875 0.488426 0.037500 0.178704
0 2211 0.487760 0.432407 0.039062 0.170370
0 2212 0.451823 0.437500 0.045312 0.184259
0 2213 0.483594 0.415741 0.038021 0.172222
0 2214 0.322917 0.380556 0.031250 0.157407
