0 1946 0.665104 0.533333 0.048958 0.185185
0 1947 0.311458 0.439815 0.036458 0.164815
0 1948 0.713281 0.401389 0.036979 0.160185
0 1949 0.546875 0.411111 0.038542 0.168519
0 1950 0.509896 0.417130 0.041667 0.176852
0 1951 0.315104 0.408796 0.031250 0.154630
0 1952 0.570573 0.550463 0.044271 0.204630
0 1956 0.547917 0.372222 0.032292 0.129630
0 1957 0.498958 0.313889 0.030208 0.125926
0 1958 0.515885 0.312500 0.025521 0.110185
0 1959 0.455729 0.314815 0.028125 0.118519
0 1960 0.811198 0.367130 0.033854 0.154630
0 1962 0.455208 0.358333 0.030208 0.140741
0 1967 0.423698 0.285185 0.030729 0.120370
0 1968 0.369010 0.283333 0.031771 0.135185
0 1970 0.343490 0.273611 0.028646 0.119444
0 2000 0.757031 0.391204 0.033854 0.167593
0 2002 0.853646 0.912963 0.084375 0.175926
0 2003 0.751823 0.919907 0.078646 0.162037
0 2026 0.102865 0.564815 0.044271 0.196296
0 2031 0.322396 0.356019 0.033333 0.147222
0 2109 0.622396 0.368519 0.032292 0.135185
0 2110 0.621615 0.358333 0.031771 0.135185
0 2111 0.637240 0.393519 0.033854 0.146296
0 2114 0.767969 0.393981 0.033854 0.171296
0 2181 0.097135 0.897222 0.083854 0.205556
0 2183 0.173177 0.837963 0.071354 0.274074
0 2184 0.234896 0.847685 0.064583 0.252778
0 2187 0.265885 0.398148 0.036979 0.162963
0 2188 0.201042 0.562963 0.041667 0.233333
0 2190 0.098437 0.837037 0.060417 0.231481
0 2195 0.881771 0.550463 0.059375 0.195370
0 2197 0.938021 0.508796 0.053125 0.193519
0 2199 0.900781 0.512963 0.044271 0.179630
0 2202 0.594010 0.387963 0.031771 0.174074
0 2203 0.488281 0.383333 0.033854 0.159259
0 2204 0.605469 0.376852 0.033854 0.157407
0 2205 0.288021 0.532407 0.047917 0.233333
0 2206 0.730208 0.441667 0.032292 0.159259
0 2207 0.338802 0.387037 0.031771 0.135185
0 2208 0.791146 0.702315 0.065625 0.256481
0 2209 0.609115 0.535648 0.059896 0.200926
0 2210 0.419531 0.547685 0.044271 0.208333
0 2211 0.633594 0.467593 0.040104 0.181481
0 2212 0.559635 0.470370 0.049479 0.187037
0 2213 0.610417 0.444907 0.033333 0.182407
0 2214 0.376823 0.418056 0.038021 0.160185
