0 1946 0.704167 0.557870 0.056250 0.199074
0 1947 0.291667 0.462500 0.036458 0.171296
0 1948 0.733854 0.428241 0.042708 0.171296
0 1949 0.563281 0.432870 0.042188 0.195370
0 1950 0.517969 0.441204 0.044271 0.176852
0 1951 0.297917 0.422222 0.036458 0.157407
0 1952 0.595313 0.560185 0.044792 0.224074
0 1956 0.564323 0.378241 0.031771 0.128704
0 1957 0.516406 0.323611 0.029687 0.126852
0 1958 0.534115 0.328704 0.027604 0.112963
0 1959 0.472917 0.332870 0.030208 0.134259
0 1960 0.808333 0.360648 0.030208 0.154630
0 1962 0.458333 0.367130 0.030208 0.145370
0 1965 0.034115 0.756019 0.057813 0.276852
0 1967 0.423177 0.289815 0.031771 0.120370
0 1968 0.377604 0.287963 0.030208 0.131481
0 1970 0.372396 0.282407 0.027083 0.124074
0 2000 0.771354 0.381944 0.030208 0.169444
0 2002 0.779687 0.859259 0.075000 0.283333
0 2003 0.688281 0.864352 0.071354 0.273148
0 2010 0.580990 0.975000 0.042188 0.051852
0 2014 0.520833 0.950926 0.065625 0.100000
0 2026 0.100260 0.562963 0.044271 0.196296
0 2031 0.339062 0.363889 0.030208 0.146296
0 2109 0.620833 0.363889 0.032292 0.135185
0 2110 0.621615 0.357407 0.031771 0.135185
0 2111 0.635938 0.391667 0.034375 0.146296
0 2114 0.779427 0.391667 0.033854 0.168519
0 2181 0.057292 0.943056 0.088542 0.115741
0 2183 0.130729 0.883796 0.071875 0.234259
0 2184 0.192708 0.893981 0.071875 0.213889
0 2188 0.279167 0.531019 0.065625 0.217593
0 2190 0.053906 0.901852 0.069271 0.198148
0 2202 0.635417 0.397685 0.031250 0.176852
0 2203 0.495573 0.394907 0.033854 0.163889
0 2204 0.661719 0.393981 0.033854 0.163889
0 2205 0.268490 0.573148 0.050521 0.251852
0 2206 0.767188 0.458333 0.032292 0.164815
0 2207 0.270313 0.372222 0.032292 0.135185
0 2208 0.869271 0.651389 0.062500 0.236111
0 2209 0.498177 0.512037 0.054688 0.192593
0 2210 0.400521 0.599074 0.050000 0.224074
0 2211 0.752083 0.482407 0.047917 0.194444
0 2212 0.664323 0.493981 0.054688 0.202778
0 2213 0.721094 0.467130 0.047396 0.193519
0 2214 0.422917 0.443056 0.041667 0.176852
