0 1946 0.681510 0.540278 0.052604 0.187963
0 1947 0.307812 0.445833 0.036458 0.167593
0 1948 0.722396 0.410648 0.039583 0.165741
0 1949 0.553646 0.413889 0.038542 0.168519
0 1950 0.511198 0.424537 0.042188 0.176852
0 1951 0.309115 0.409722 0.034896 0.156481
0 1952 0.576302 0.555556 0.044271 0.209259
0 1956 0.551823 0.373611 0.031771 0.128704
0 1957 0.505469 0.317130 0.029687 0.126852
0 1958 0.522656 0.315278 0.025521 0.110185
0 1959 0.461719 0.322222 0.028646 0.127778
0 1960 0.810417 0.365278 0.033333 0.154630
0 1962 0.456250 0.362037 0.030208 0.140741
0 1965 0.014583 0.802315 0.028125 0.278704
0 1967 0.425781 0.287500 0.031771 0.121296
0 1968 0.374740 0.281944 0.031771 0.130556
0 1970 0.351823 0.276852 0.027604 0.122222
0 2000 0.763802 0.388426 0.032813 0.167593
0 2002 0.829427 0.896759 0.082812 0.206481
0 2003 0.732812 0.903241 0.076042 0.195370
0 2026 0.102083 0.563889 0.044792 0.196296
0 2031 0.330729 0.356481 0.033333 0.142593
0 2109 0.621875 0.366667 0.032292 0.135185
0 2110 0.621615 0.358333 0.031771 0.135185
0 2111 0.636979 0.392593 0.034375 0.146296
0 2114 0.775521 0.393519 0.033333 0.168519
0 2181 0.084896 0.910185 0.088542 0.179630
0 2183 0.162500 0.859722 0.071875 0.280556
0 2184 0.225521 0.869907 0.064583 0.262037
0 2187 0.258333 0.389352 0.033333 0.162037
0 2188 0.217708 0.550463 0.042708 0.226852
0 2190 0.086719 0.859722 0.060937 0.230556
0 2199 0.932292 0.516667 0.044792 0.179630
0 2202 0.604948 0.390741 0.031771 0.174074
0 2203 0.489844 0.387963 0.033854 0.159259
0 2204 0.623698 0.383333 0.033854 0.157407
0 2205 0.281771 0.545833 0.048958 0.239815
0 2206 0.744010 0.445370 0.032813 0.159259
0 2207 0.318490 0.384259 0.031771 0.135185
0 2208 0.809896 0.681019 0.064583 0.245370
0 2209 0.576302 0.523611 0.056771 0.200926
0 2210 0.416667 0.562963 0.044792 0.212963
0 2211 0.670573 0.470370 0.040104 0.181481
0 2212 0.589844 0.475463 0.048438 0.189815
0 2213 0.643229 0.456481 0.033333 0.192593
0 2214 0.388802 0.425463 0.039062 0.167593
