0 1946 0.647396 0.526852 0.048958 0.185185
0 1947 0.314063 0.434259 0.036458 0.161111
0 1948 0.707812 0.397222 0.035417 0.157407
0 1949 0.541667 0.408333 0.038542 0.168519
0 1950 0.507552 0.411111 0.036979 0.172222
0 1951 0.319271 0.404167 0.031250 0.154630
0 1952 0.565365 0.549537 0.044271 0.204630
0 1956 0.545312 0.371296 0.032292 0.129630
0 1957 0.493229 0.309722 0.030208 0.125000
0 1958 0.510938 0.310648 0.026042 0.110185
0 1959 0.451562 0.313889 0.028125 0.118519
0 1960 0.808854 0.370370 0.033333 0.155556
0 1962 0.454688 0.356481 0.030208 0.140741
0 1967 0.420312 0.283333 0.031250 0.120370
0 1968 0.364583 0.285648 0.032292 0.139815
0 2000 0.749740 0.388889 0.034896 0.168519
0 2002 0.873958 0.924074 0.080208 0.151852
0 2003 0.769010 0.933796 0.075521 0.132407
0 2026 0.103646 0.566667 0.044792 0.196296
0 2031 0.316927 0.354167 0.033854 0.145370
0 2109 0.622396 0.368519 0.032292 0.135185
0 2110 0.621615 0.358333 0.031771 0.135185
0 2111 0.637760 0.394444 0.033854 0.146296
0 2114 0.760156 0.395370 0.030729 0.174074
0 2181 0.105990 0.887500 0.079687 0.223148
0 2182 0.220052 0.960185 0.080729 0.079630
0 2183 0.180990 0.821759 0.071354 0.267593
0 2184 0.245833 0.833333 0.067708 0.251852
0 2187 0.266927 0.403241 0.038021 0.163889
0 2188 0.194531 0.575926 0.046354 0.242593
0 2190 0.107031 0.821296 0.058854 0.231481
0 2195 0.856250 0.543056 0.060417 0.195370
0 2197 0.913021 0.506019 0.054167 0.193519
0 2199 0.877344 0.511111 0.044271 0.179630
0 2202 0.586458 0.385185 0.031250 0.174074
0 2203 0.485156 0.377778 0.033854 0.159259
0 2204 0.599219 0.374074 0.033854 0.157407
0 2205 0.289062 0.524537 0.047917 0.230556
0 2206 0.717448 0.437963 0.028646 0.159259
0 2207 0.352344 0.389352 0.031771 0.137963
0 2208 0.775781 0.719907 0.068229 0.263889
0 2209 0.633333 0.542130 0.060417 0.200926
0 2210 0.423438 0.537037 0.043750 0.203704
0 2211 0.608073 0.463889 0.040104 0.181481
0 2212 0.540104 0.468056 0.050000 0.191667
0 2213 0.584115 0.442593 0.044271 0.181481
0 2214 0.368750 0.415278 0.038542 0.158333
