0 1946 0.697917 0.550463 0.056250 0.193519
0 1947 0.298438 0.453704 0.036458 0.168519
0 1948 0.734115 0.422222 0.042188 0.170370
0 1949 0.558854 0.425463 0.040625 0.186111
0 1950 0.516146 0.435185 0.043750 0.175926
0 1951 0.300000 0.417593 0.036458 0.157407
0 1952 0.587240 0.559722 0.044271 0.221296
0 1956 0.559115 0.376389 0.031771 0.128704
0 1957 0.513281 0.320833 0.029687 0.126852
0 1958 0.530208 0.323611 0.027083 0.112037
0 1959 0.469531 0.330093 0.029687 0.134259
0 1960 0.809115 0.362500 0.030729 0.154630
0 1962 0.457813 0.366204 0.030208 0.143519
0 1965 0.027083 0.770370 0.053125 0.275926
0 1967 0.425260 0.289352 0.032813 0.121296
0 1968 0.378385 0.285185 0.030729 0.129630
0 1970 0.367188 0.279630 0.027083 0.125926
0 2000 0.771354 0.382407 0.030208 0.168519
0 2002 0.795573 0.868981 0.079687 0.263889
0 2003 0.697917 0.877315 0.078125 0.247222
0 2014 0.519010 0.965278 0.052604 0.071296
0 2026 0.100781 0.562963 0.044271 0.196296
0 2031 0.335417 0.362037 0.032292 0.144444
0 2109 0.620833 0.364815 0.032292 0.135185
0 2110 0.621615 0.357407 0.031771 0.135185
0 2111 0.636458 0.391667 0.034375 0.146296
0 2114 0.779948 0.392593 0.033854 0.168519
0 2181 0.070052 0.931944 0.088021 0.137963
0 2183 0.137500 0.874537 0.071875 0.250926
0 2184 0.204948 0.886574 0.071354 0.228704
0 2188 0.254427 0.538426 0.048438 0.226852
0 2190 0.067187 0.890741 0.062500 0.220370
0 2202 0.625000 0.394444 0.031250 0.175926
0 2203 0.493750 0.391204 0.033333 0.162037
0 2204 0.651823 0.392130 0.033854 0.160185
0 2205 0.273438 0.561111 0.048958 0.242593
0 2206 0.759896 0.453704 0.032292 0.162963
0 2207 0.285156 0.374074 0.031771 0.135185
0 2208 0.845833 0.659259 0.062500 0.237037
0 2209 0.523438 0.515278 0.057292 0.195370
0 2210 0.407813 0.591667 0.045833 0.216667
0 2211 0.724479 0.475926 0.041667 0.187037
0 2212 0.636458 0.487963 0.046875 0.203704
0 2213 0.686979 0.467130 0.050000 0.182407
0 2214 0.409115 0.437500 0.044271 0.169444
