0 1946 0.704688 0.559259 0.056250 0.200000
0 1947 0.290625 0.463889 0.036458 0.172222
0 1948 0.734115 0.428704 0.043229 0.172222
0 1949 0.564323 0.433796 0.042188 0.195370
0 1950 0.518750 0.442130 0.043750 0.176852
0 1951 0.297917 0.422222 0.036458 0.157407
0 1952 0.596354 0.561111 0.045833 0.224074
0 1956 0.565104 0.379167 0.031250 0.128704
0 1957 0.516406 0.323611 0.029687 0.126852
0 1958 0.534635 0.328704 0.027604 0.112963
0 1959 0.473438 0.333796 0.030208 0.134259
0 1960 0.808333 0.360648 0.030208 0.154630
0 1962 0.458333 0.367593 0.030208 0.146296
0 1965 0.034896 0.754167 0.058333 0.276852
0 1967 0.422656 0.290741 0.031771 0.120370
0 1968 0.377604 0.288889 0.030208 0.131481
0 1970 0.373437 0.282870 0.027083 0.125000
0 2000 0.771875 0.381944 0.030208 0.169444
0 2002 0.777604 0.857407 0.073958 0.285185
0 2003 0.685677 0.862500 0.071354 0.276852
0 2010 0.581510 0.973148 0.043229 0.055556
0 2014 0.521354 0.949074 0.066667 0.103704
0 2026 0.100000 0.562037 0.044792 0.196296
0 2031 0.339844 0.363889 0.030729 0.146296
0 2109 0.620833 0.363889 0.032292 0.135185
0 2110 0.621615 0.357407 0.031771 0.135185
0 2111 0.635938 0.391667 0.034375 0.146296
0 2114 0.779427 0.391667 0.033854 0.168519
0 2181 0.055729 0.944444 0.088542 0.112963
0 2183 0.130208 0.884722 0.071875 0.232407
0 2184 0.190885 0.895370 0.072396 0.211111
0 2188 0.282031 0.529630 0.064062 0.216667
0 2190 0.052344 0.903241 0.070312 0.195370
0 2202 0.636979 0.398148 0.031250 0.177778
0 2203 0.496094 0.395370 0.033854 0.164815
0 2204 0.663281 0.394444 0.033854 0.164815
0 2205 0.267969 0.574537 0.050521 0.252778
0 2206 0.768229 0.459259 0.032292 0.164815
0 2207 0.268750 0.372222 0.032292 0.135185
0 2208 0.872396 0.650926 0.062500 0.235185
0 2209 0.495312 0.511111 0.053125 0.192593
0 2210 0.400000 0.600926 0.050000 0.224074
0 2211 0.755208 0.483333 0.048958 0.194444
0 2212 0.667708 0.494444 0.055208 0.201852
0 2213 0.725521 0.467130 0.046875 0.195370
0 2214 0.424740 0.443519 0.041146 0.177778
