0 1946 0.723698 0.583796 0.060937 0.212037
0 1947 0.279167 0.484722 0.041667 0.184259
0 1948 0.738802 0.449537 0.046354 0.178704
0 1949 0.578646 0.453704 0.043750 0.196296
0 1950 0.535417 0.456944 0.040625 0.184259
0 1951 0.288021 0.445833 0.035417 0.178704
0 1952 0.622917 0.574074 0.052083 0.224074
0 1956 0.578385 0.381019 0.028646 0.128704
0 1957 0.525000 0.333333 0.030208 0.131481
0 1958 0.544792 0.340278 0.027083 0.121296
0 1959 0.482292 0.339352 0.030208 0.134259
0 1960 0.807292 0.358796 0.030208 0.154630
0 1962 0.462760 0.376852 0.029687 0.146296
0 1965 0.082031 0.706481 0.065104 0.264815
0 1967 0.415885 0.303704 0.031771 0.124074
0 1968 0.377865 0.297685 0.029687 0.132407
0 1969 0.288021 0.335185 0.031250 0.159259
0 1970 0.388021 0.287963 0.028125 0.124074
0 2000 0.773438 0.381019 0.030208 0.171296
0 2002 0.728125 0.829630 0.062500 0.342593
0 2003 0.641667 0.827778 0.064583 0.329630
0 2010 0.593750 0.928704 0.082292 0.144444
0 2014 0.525521 0.907407 0.077083 0.183333
0 2026 0.098177 0.562037 0.044271 0.196296
0 2031 0.350781 0.375463 0.031771 0.145370
0 2109 0.619792 0.362963 0.032292 0.135185
0 2110 0.621094 0.357407 0.031771 0.135185
0 2111 0.634896 0.392593 0.034375 0.146296
0 2114 0.777604 0.389815 0.034375 0.168519
0 2183 0.096094 0.911574 0.079687 0.178704
0 2184 0.154948 0.924074 0.079687 0.153704
0 2188 0.355208 0.519907 0.057292 0.208333
0 2190 0.029687 0.935648 0.058333 0.130556
0 2202 0.668750 0.407870 0.031250 0.182407
0 2203 0.503385 0.409259 0.035937 0.168519
0 2204 0.693490 0.399537 0.033854 0.176852
0 2205 0.250781 0.613426 0.051562 0.267593
0 2206 0.795312 0.469444 0.034375 0.164815
0 2209 0.441667 0.501389 0.051042 0.187963
0 2210 0.387240 0.647685 0.050521 0.232407
0 2211 0.852344 0.495370 0.051562 0.194444
0 2212 0.757031 0.508333 0.055729 0.203704
0 2213 0.811979 0.476389 0.058333 0.199074
0 2214 0.480729 0.450463 0.041667 0.182407
