0 1946 0.719792 0.576852 0.061458 0.205556
0 1947 0.279948 0.475926 0.041146 0.177778
0 1948 0.737500 0.443981 0.044792 0.178704
0 1949 0.574479 0.451852 0.043750 0.196296
0 1950 0.531510 0.455093 0.040104 0.184259
0 1951 0.288802 0.437500 0.035937 0.167593
0 1952 0.615885 0.570833 0.051562 0.223148
0 1956 0.575260 0.381019 0.029687 0.128704
0 1957 0.523438 0.331481 0.030208 0.131481
0 1958 0.542969 0.337500 0.027604 0.117593
0 1959 0.480208 0.336574 0.030208 0.134259
0 1960 0.807292 0.359722 0.030208 0.154630
0 1962 0.459635 0.374537 0.029687 0.147222
0 1965 0.070573 0.715741 0.067187 0.264815
0 1967 0.418490 0.301852 0.031771 0.124074
0 1968 0.378385 0.295370 0.029687 0.131481
0 1969 0.284635 0.333333 0.027604 0.159259
0 1970 0.384115 0.287037 0.027604 0.124074
0 2000 0.772917 0.381019 0.030208 0.171296
0 2002 0.739062 0.838889 0.062500 0.324074
0 2003 0.650781 0.838426 0.066146 0.325000
0 2010 0.591146 0.937500 0.079167 0.126852
0 2014 0.524740 0.916667 0.075521 0.164815
0 2026 0.098698 0.562037 0.044271 0.196296
0 2031 0.348438 0.372685 0.032292 0.145370
0 2109 0.619792 0.362963 0.032292 0.135185
0 2110 0.621094 0.357407 0.031771 0.135185
0 2111 0.635417 0.392593 0.034375 0.146296
0 2114 0.778125 0.389815 0.034375 0.168519
0 2183 0.101823 0.904167 0.074479 0.193519
0 2184 0.162500 0.917593 0.079167 0.166667
0 2188 0.336719 0.520370 0.055729 0.212963
0 2190 0.033594 0.928241 0.064062 0.145370
0 2202 0.660937 0.405556 0.031250 0.181481
0 2203 0.500781 0.406481 0.035937 0.168519
0 2204 0.686198 0.398148 0.033854 0.174074
0 2205 0.254948 0.604630 0.050521 0.264815
0 2206 0.788542 0.467593 0.033333 0.164815
0 2209 0.453125 0.504630 0.048958 0.190741
0 2210 0.390104 0.634722 0.050000 0.232407
0 2211 0.823958 0.494907 0.058333 0.195370
0 2212 0.733854 0.506019 0.056250 0.199074
0 2213 0.787240 0.475463 0.058854 0.200926
0 2214 0.464323 0.450463 0.036979 0.182407
