0 1946 0.744792 0.608796 0.063542 0.213889
0 1947 0.287760 0.519907 0.050521 0.195370
0 1948 0.751563 0.473611 0.045833 0.184259
0 1949 0.601562 0.468519 0.048958 0.196296
0 1950 0.551562 0.481019 0.040625 0.195370
0 1951 0.278646 0.470833 0.038542 0.184259
0 1952 0.647656 0.582870 0.044271 0.228704
0 1956 0.590365 0.388426 0.027604 0.128704
0 1957 0.533333 0.350000 0.030208 0.140741
0 1958 0.555729 0.354630 0.027083 0.124074
0 1959 0.486719 0.350463 0.029687 0.134259
0 1960 0.804427 0.358796 0.029687 0.154630
0 1962 0.469792 0.388426 0.033333 0.156481
0 1965 0.118750 0.663889 0.058333 0.242593
0 1967 0.407813 0.318056 0.030208 0.126852
0 1968 0.373437 0.302778 0.031250 0.135185
0 1969 0.297656 0.340278 0.036979 0.145370
0 1970 0.398698 0.295833 0.031771 0.123148
0 1974 0.371094 0.264815 0.024479 0.109259
0 1975 0.345573 0.264352 0.023438 0.123148
0 1977 0.344271 0.261111 0.021875 0.107407
0 2000 0.772917 0.381944 0.030208 0.171296
0 2002 0.690625 0.776389 0.056250 0.326852
0 2003 0.608854 0.782407 0.059375 0.329630
0 2010 0.599479 0.893056 0.085417 0.215741
0 2014 0.526823 0.875463 0.077604 0.250926
0 2026 0.097917 0.562963 0.044792 0.196296
0 2031 0.351042 0.390741 0.032292 0.148148
0 2109 0.618750 0.362963 0.032292 0.135185
0 2110 0.620833 0.357407 0.032292 0.135185
0 2111 0.634375 0.394444 0.034375 0.146296
0 2114 0.775781 0.391667 0.033854 0.172222
0 2183 0.060156 0.938426 0.076563 0.125000
0 2188 0.442969 0.523611 0.059896 0.208333
0 2202 0.701042 0.418056 0.031250 0.187963
0 2203 0.521094 0.422222 0.035937 0.170370
0 2204 0.726823 0.412500 0.035937 0.184259
0 2205 0.233333 0.651389 0.054167 0.278704
0 2206 0.836979 0.483796 0.034375 0.167593
0 2209 0.388021 0.485648 0.052083 0.180556
0 2210 0.374479 0.697222 0.052083 0.250000
0 2211 0.949740 0.500463 0.061979 0.195370
0 2212 0.835156 0.518519 0.054688 0.220370
0 2213 0.906510 0.488426 0.051562 0.200926
0 2214 0.536458 0.465278 0.050000 0.186111
