0 1946 0.701042 0.554630 0.056250 0.196296
0 1947 0.294792 0.457870 0.036458 0.169444
0 1948 0.733854 0.425000 0.042708 0.170370
0 1949 0.559375 0.429167 0.041667 0.193519
0 1950 0.516667 0.437963 0.043750 0.175926
0 1951 0.298958 0.419444 0.036458 0.157407
0 1952 0.591406 0.558796 0.044271 0.223148
0 1956 0.561719 0.377315 0.031771 0.128704
0 1957 0.514844 0.321759 0.029687 0.126852
0 1958 0.532031 0.326852 0.027604 0.112963
0 1959 0.471094 0.331944 0.029687 0.134259
0 1960 0.808854 0.361574 0.030208 0.154630
0 1962 0.457813 0.366667 0.030208 0.144444
0 1965 0.030469 0.763426 0.055729 0.276852
0 1967 0.424479 0.289352 0.032292 0.121296
0 1968 0.377604 0.286574 0.030208 0.130556
0 1970 0.369792 0.281019 0.027083 0.125000
0 2000 0.771354 0.381944 0.030208 0.169444
0 2002 0.786979 0.863426 0.078125 0.275000
0 2003 0.692969 0.870833 0.074479 0.260185
0 2010 0.578906 0.982870 0.038021 0.036111
0 2014 0.520312 0.958333 0.062500 0.085185
0 2026 0.100521 0.562963 0.044792 0.196296
0 2031 0.337240 0.362500 0.030729 0.145370
0 2109 0.620833 0.364815 0.032292 0.135185
0 2110 0.621615 0.357407 0.031771 0.135185
0 2111 0.635938 0.391667 0.034375 0.146296
0 2114 0.779687 0.391667 0.033333 0.168519
0 2181 0.063802 0.937500 0.088021 0.126852
0 2183 0.133333 0.879167 0.071875 0.241667
0 2184 0.198698 0.890278 0.071354 0.221296
0 2188 0.266667 0.534259 0.057292 0.222222
0 2190 0.060677 0.896296 0.066146 0.209259
0 2202 0.630208 0.396296 0.031250 0.175926
0 2203 0.495312 0.392593 0.033333 0.162963
0 2204 0.657031 0.393056 0.033854 0.162037
0 2205 0.271094 0.567130 0.049479 0.247222
0 2206 0.763021 0.456481 0.032292 0.164815
0 2207 0.276562 0.374074 0.032292 0.135185
0 2208 0.857812 0.655556 0.062500 0.237037
0 2209 0.509896 0.513426 0.057292 0.193519
0 2210 0.404167 0.595370 0.047917 0.220370
0 2211 0.738281 0.479167 0.044271 0.191667
0 2212 0.650521 0.491667 0.052083 0.203704
0 2213 0.703906 0.467130 0.048438 0.187963
0 2214 0.416146 0.440278 0.042708 0.173148
