0 1946 0.761458 0.641204 0.062500 0.223148
0 1947 0.293490 0.550000 0.048438 0.196296
0 1948 0.775000 0.496296 0.045833 0.188889
0 1949 0.617969 0.484259 0.048438 0.196296
0 1950 0.552604 0.493056 0.042708 0.200926
0 1951 0.267188 0.493519 0.040625 0.192593
0 1952 0.671094 0.594444 0.054688 0.231481
0 1956 0.600781 0.394907 0.027604 0.128704
0 1957 0.544792 0.361111 0.030208 0.140741
0 1958 0.561458 0.368519 0.027083 0.129630
0 1959 0.495052 0.364815 0.029687 0.140741
0 1960 0.802865 0.358796 0.029687 0.154630
0 1962 0.478646 0.399537 0.033333 0.152778
0 1965 0.135417 0.633333 0.054167 0.237037
0 1967 0.407031 0.326389 0.031771 0.128704
0 1968 0.373177 0.317130 0.032813 0.137963
0 1969 0.304948 0.348611 0.039062 0.145370
0 1970 0.409375 0.302315 0.032292 0.123148
0 1974 0.398177 0.269907 0.026562 0.110185
0 1975 0.371354 0.268056 0.026042 0.115741
0 1977 0.373437 0.268519 0.021875 0.107407
0 2000 0.772656 0.382870 0.029687 0.171296
0 2002 0.666927 0.739815 0.052604 0.322222
0 2003 0.576562 0.722222 0.061458 0.281481
0 2010 0.596875 0.864352 0.085417 0.271296
0 2014 0.526042 0.851389 0.078125 0.299074
0 2026 0.097396 0.563889 0.044792 0.196296
0 2031 0.353125 0.401852 0.034375 0.151852
0 2109 0.618229 0.362037 0.032292 0.135185
0 2110 0.620833 0.357407 0.032292 0.135185
0 2111 0.634375 0.394444 0.034375 0.146296
0 2114 0.773958 0.393519 0.033333 0.177778
0 2188 0.508854 0.529630 0.064583 0.209259
0 2202 0.726823 0.429167 0.031771 0.193519
0 2203 0.540104 0.436111 0.036458 0.174074
0 2204 0.753385 0.427778 0.038021 0.187037
0 2205 0.218229 0.695833 0.059375 0.299074
0 2206 0.882812 0.497685 0.036458 0.173148
0 2209 0.339583 0.476389 0.044792 0.178704
0 2210 0.364844 0.748611 0.057813 0.263889
0 2212 0.903125 0.528241 0.058333 0.215741
0 2214 0.623698 0.474074 0.060937 0.179630
