0 1946 0.749479 0.618519 0.062500 0.218519
0 1947 0.290365 0.528241 0.048438 0.195370
0 1948 0.757812 0.481944 0.045833 0.184259
0 1949 0.607812 0.474074 0.048958 0.196296
0 1950 0.553125 0.488426 0.041667 0.200926
0 1951 0.275521 0.476852 0.039583 0.187037
0 1952 0.652604 0.586574 0.048958 0.228704
0 1956 0.593490 0.391204 0.027604 0.128704
0 1957 0.536458 0.353704 0.030208 0.140741
0 1958 0.557813 0.358333 0.027083 0.124074
0 1959 0.487760 0.353704 0.029687 0.135185
0 1960 0.803385 0.358796 0.029687 0.154630
0 1962 0.472396 0.391667 0.033333 0.155556
0 1965 0.122656 0.655556 0.057813 0.238889
0 1967 0.405729 0.320370 0.028125 0.125926
0 1968 0.373437 0.307407 0.031250 0.135185
0 1969 0.299479 0.343981 0.038542 0.145370
0 1970 0.401562 0.297685 0.032292 0.123148
0 1974 0.378906 0.265741 0.023438 0.109259
0 1975 0.352344 0.262963 0.028646 0.114815
0 1977 0.352604 0.264815 0.021875 0.107407
0 2000 0.772656 0.381944 0.029687 0.171296
0 2002 0.685937 0.768056 0.056250 0.326852
0 2003 0.597135 0.759259 0.059896 0.305556
0 2010 0.598437 0.884259 0.085417 0.233333
0 2014 0.527344 0.868056 0.077604 0.265741
0 2026 0.097656 0.562963 0.044271 0.196296
0 2031 0.352083 0.394444 0.033333 0.148148
0 2109 0.618750 0.362963 0.032292 0.135185
0 2110 0.620833 0.357407 0.032292 0.135185
0 2111 0.634375 0.394444 0.034375 0.146296
0 2114 0.775260 0.392593 0.033854 0.174074
0 2183 0.052604 0.945370 0.072917 0.111111
0 2188 0.463021 0.528704 0.067708 0.207407
0 2202 0.708854 0.420370 0.031250 0.188889
0 2203 0.525000 0.425926 0.036458 0.172222
0 2204 0.735677 0.418056 0.036979 0.184259
0 2205 0.229687 0.666667 0.055208 0.287037
0 2206 0.848437 0.487037 0.034375 0.170370
0 2209 0.369531 0.481944 0.047396 0.178704
0 2210 0.370833 0.711574 0.052083 0.252778
0 2211 0.972396 0.500463 0.047917 0.195370
0 2212 0.855729 0.522222 0.048958 0.220370
0 2213 0.929948 0.489815 0.058854 0.196296
0 2214 0.562240 0.468056 0.054688 0.180556
