0 1946 0.830729 0.737963 0.078125 0.250000
0 1947 0.264062 0.647685 0.054167 0.234259
0 1948 0.785937 0.588426 0.055208 0.225000
0 1949 0.512760 0.551389 0.051562 0.215741
0 1950 0.468229 0.568981 0.052083 0.230556
0 1951 0.215625 0.568981 0.047917 0.219444
0 1952 0.795573 0.622222 0.073438 0.242593
0 1956 0.669792 0.422222 0.035417 0.142593
0 1957 0.614583 0.391667 0.030208 0.151852
0 1958 0.612240 0.397685 0.027604 0.137963
0 1959 0.560937 0.394444 0.034375 0.146296
0 1960 0.800521 0.358796 0.030208 0.154630
0 1962 0.492448 0.424537 0.035937 0.156481
0 1963 0.025000 0.911111 0.047917 0.179630
0 1965 0.190625 0.534259 0.048958 0.203704
0 1967 0.405469 0.359259 0.032813 0.140741
0 1968 0.365885 0.350926 0.033854 0.155556
0 1969 0.310937 0.376389 0.037500 0.150926
0 1970 0.436458 0.331481 0.031250 0.140741
0 1971 0.322396 0.333796 0.030208 0.115741
0 1972 0.306250 0.327778 0.030208 0.135185
0 1974 0.455469 0.290278 0.031771 0.121296
0 1975 0.426563 0.287963 0.030208 0.124074
0 1976 0.373958 0.261111 0.028125 0.107407
0 1977 0.443750 0.278704 0.021875 0.107407
0 1978 0.439583 0.273611 0.028125 0.104630
0 1979 0.352604 0.274074 0.027083 0.120370
0 1981 0.380469 0.282870 0.027604 0.126852
0 2000 0.770052 0.383796 0.026562 0.171296
0 2002 0.590104 0.611111 0.048958 0.266667
0 2003 0.534115 0.605093 0.050521 0.249074
0 2010 0.546354 0.720370 0.062500 0.261111
0 2014 0.498437 0.707870 0.063542 0.275000
0 2026 0.095312 0.561111 0.044792 0.196296
0 2031 0.347135 0.443056 0.033854 0.167593
0 2109 0.616667 0.362037 0.032292 0.135185
0 2110 0.619271 0.357407 0.032292 0.135185
0 2111 0.623958 0.388426 0.034375 0.145370
0 2114 0.775521 0.392593 0.034375 0.177778
0 2188 0.738281 0.534259 0.060937 0.216667
0 2202 0.783854 0.473148 0.037500 0.201852
0 2203 0.646354 0.477315 0.039583 0.193519
0 2204 0.817969 0.475926 0.046354 0.214815
0 2205 0.160938 0.835185 0.069792 0.329630
0 2209 0.229687 0.447222 0.040625 0.168519
0 2210 0.326562 0.894444 0.076042 0.209259
0 2214 0.878646 0.514815 0.057292 0.201852
