0 1946 0.816406 0.708333 0.083854 0.244444
0 1947 0.275000 0.620370 0.053125 0.224074
0 1948 0.828906 0.564352 0.054688 0.212037
0 1949 0.542969 0.538889 0.047396 0.214815
0 1950 0.490625 0.548148 0.048958 0.220370
0 1951 0.232552 0.550463 0.044271 0.206481
0 1952 0.759896 0.618519 0.064583 0.242593
0 1956 0.651823 0.414352 0.032813 0.137963
0 1957 0.588021 0.382407 0.030208 0.151852
0 1958 0.594010 0.387500 0.027604 0.137963
0 1959 0.536198 0.385648 0.035937 0.145370
0 1960 0.801042 0.359722 0.030208 0.154630
0 1962 0.492188 0.417130 0.035417 0.156481
0 1965 0.180208 0.558796 0.050000 0.212037
0 1967 0.402344 0.353704 0.030729 0.140741
0 1968 0.367969 0.342130 0.033854 0.141667
0 1969 0.310677 0.371759 0.038021 0.149074
0 1970 0.430729 0.326389 0.032292 0.134259
0 1971 0.296354 0.322222 0.025000 0.114815
0 1972 0.285417 0.322685 0.028125 0.136111
0 1974 0.445573 0.281481 0.031771 0.114815
0 1975 0.416927 0.285648 0.030729 0.123148
0 1976 0.348698 0.256019 0.022396 0.106481
0 1977 0.436979 0.275926 0.021875 0.107407
0 1978 0.418750 0.269907 0.028125 0.104630
0 1981 0.374740 0.279167 0.027604 0.126852
0 2000 0.770833 0.383796 0.027083 0.171296
0 2002 0.602083 0.640278 0.046875 0.280556
0 2003 0.531771 0.633333 0.052083 0.257407
0 2010 0.557031 0.752315 0.065104 0.267593
0 2014 0.504167 0.747685 0.068750 0.289815
0 2026 0.095833 0.562037 0.044792 0.196296
0 2031 0.353646 0.432407 0.037500 0.164815
0 2109 0.617188 0.362037 0.032292 0.135185
0 2110 0.619271 0.357407 0.032292 0.135185
0 2111 0.629687 0.390278 0.034375 0.145370
0 2114 0.775521 0.393056 0.034375 0.178704
0 2188 0.679688 0.534259 0.059375 0.214815
0 2202 0.768229 0.463889 0.034375 0.201852
0 2203 0.613542 0.468519 0.048958 0.188889
0 2204 0.800521 0.458333 0.045833 0.201852
0 2205 0.172396 0.809722 0.066667 0.349074
0 2209 0.256250 0.452778 0.040625 0.168519
0 2210 0.339062 0.868056 0.068750 0.262037
0 2214 0.802604 0.505093 0.068750 0.199074
