0 1946 0.834635 0.747685 0.081771 0.252778
0 1947 0.259896 0.656944 0.054167 0.237963
0 1948 0.767448 0.593519 0.056771 0.231481
0 1949 0.500000 0.556019 0.048958 0.215741
0 1950 0.462240 0.575463 0.052604 0.232407
0 1951 0.209115 0.576389 0.049479 0.221296
0 1952 0.809375 0.622222 0.071875 0.242593
0 1956 0.676042 0.425000 0.036458 0.144444
0 1957 0.626042 0.393519 0.030208 0.151852
0 1958 0.619531 0.399537 0.027604 0.137963
0 1959 0.570833 0.398148 0.034375 0.146296
0 1960 0.800521 0.358796 0.030208 0.154630
0 1962 0.494010 0.427315 0.035937 0.156481
0 1963 0.032292 0.905556 0.058333 0.190741
0 1964 0.019531 0.885185 0.038021 0.227778
0 1965 0.195312 0.527778 0.047917 0.203704
0 1967 0.407552 0.360648 0.036979 0.139815
0 1968 0.363542 0.356481 0.034375 0.159259
0 1969 0.312240 0.378241 0.038021 0.150926
0 1970 0.437240 0.333333 0.031771 0.140741
0 1971 0.329688 0.333796 0.030208 0.115741
0 1972 0.315625 0.327778 0.030208 0.135185
0 1974 0.458333 0.293519 0.032292 0.124074
0 1975 0.430208 0.290741 0.030208 0.124074
0 1976 0.381771 0.263889 0.028125 0.107407
0 1977 0.445833 0.280556 0.021875 0.107407
0 1978 0.445312 0.275463 0.028125 0.104630
0 1979 0.360938 0.275926 0.027083 0.120370
0 1981 0.382552 0.284722 0.027604 0.126852
0 2000 0.769792 0.383796 0.026042 0.171296
0 2002 0.587240 0.600926 0.048438 0.262963
0 2003 0.535156 0.598148 0.049479 0.248148
0 2010 0.543229 0.709259 0.062500 0.257407
0 2014 0.496875 0.694444 0.062500 0.270370
0 2026 0.094792 0.561111 0.044792 0.196296
0 2031 0.341927 0.446296 0.033854 0.170370
0 2109 0.616667 0.362037 0.032292 0.135185
0 2110 0.618750 0.357407 0.032292 0.135185
0 2111 0.621875 0.387500 0.034375 0.145370
0 2114 0.775521 0.392130 0.034375 0.176852
0 2188 0.763021 0.535648 0.059375 0.217593
0 2202 0.791667 0.477315 0.040625 0.200926
0 2203 0.657292 0.481481 0.040625 0.194444
0 2204 0.827865 0.480093 0.046354 0.215741
0 2205 0.155729 0.843056 0.069792 0.315741
0 2209 0.220833 0.444444 0.040625 0.168519
0 2210 0.321354 0.907407 0.076042 0.185185
0 2214 0.901563 0.513889 0.052083 0.201852
