0 1946 0.790625 0.679630 0.071875 0.231481
0 1947 0.288802 0.583333 0.048438 0.214815
0 1948 0.835677 0.537500 0.050521 0.208333
0 1949 0.590885 0.514352 0.046354 0.215741
0 1950 0.524740 0.517593 0.046354 0.201852
0 1951 0.252083 0.519444 0.044792 0.196296
0 1952 0.713021 0.605093 0.058333 0.237963
0 1956 0.625781 0.403241 0.028646 0.130556
0 1957 0.564583 0.369444 0.030208 0.144444
0 1958 0.575781 0.381019 0.027604 0.137963
0 1959 0.512240 0.374537 0.029687 0.141667
0 1960 0.801823 0.359722 0.029687 0.154630
0 1962 0.486979 0.407870 0.034375 0.156481
0 1965 0.163021 0.590741 0.053125 0.224074
0 1967 0.403385 0.339815 0.031771 0.135185
0 1968 0.372135 0.328704 0.033854 0.140741
0 1969 0.310937 0.357870 0.035417 0.147222
0 1970 0.421354 0.314815 0.031250 0.131481
0 1974 0.421875 0.275463 0.028125 0.110185
0 1975 0.399219 0.278241 0.031771 0.121296
0 1977 0.410938 0.269444 0.021875 0.107407
0 1978 0.383333 0.267130 0.028125 0.104630
0 1981 0.360156 0.273148 0.027604 0.131481
0 2000 0.771615 0.383796 0.028646 0.171296
0 2002 0.626563 0.680556 0.052083 0.290741
0 2003 0.544010 0.680093 0.054688 0.282407
0 2010 0.576042 0.816204 0.070833 0.286111
0 2014 0.516927 0.806944 0.069271 0.317593
0 2026 0.096354 0.562963 0.044792 0.196296
0 2031 0.353906 0.415278 0.034896 0.160185
0 2109 0.617708 0.362037 0.032292 0.135185
0 2110 0.620313 0.357407 0.032292 0.135185
0 2111 0.633333 0.392593 0.034375 0.146296
0 2114 0.774219 0.395370 0.033854 0.179630
0 2188 0.604167 0.532407 0.066667 0.214815
0 2202 0.750000 0.449074 0.033333 0.201852
0 2203 0.568490 0.454167 0.035937 0.187963
0 2204 0.777083 0.442130 0.041667 0.195370
0 2205 0.194271 0.753704 0.062500 0.327778
0 2209 0.294271 0.465741 0.040625 0.175926
0 2210 0.349479 0.820370 0.061458 0.294444
0 2214 0.703646 0.492130 0.064583 0.186111
