0 1946 0.786198 0.675000 0.071354 0.231481
0 1947 0.290365 0.578241 0.048438 0.212037
0 1948 0.828646 0.531944 0.051042 0.204630
0 1949 0.599219 0.509722 0.047396 0.215741
0 1950 0.529167 0.516667 0.046875 0.201852
0 1951 0.253646 0.514815 0.044792 0.196296
0 1952 0.706510 0.603704 0.057813 0.237037
0 1956 0.621354 0.401389 0.028125 0.130556
0 1957 0.560417 0.368519 0.030208 0.142593
0 1958 0.573177 0.380093 0.027604 0.137963
0 1959 0.509115 0.372222 0.029687 0.140741
0 1960 0.801823 0.359722 0.029687 0.154630
0 1962 0.485417 0.407407 0.034375 0.157407
0 1965 0.158854 0.594907 0.053125 0.225000
0 1967 0.403906 0.337963 0.031771 0.133333
0 1968 0.371615 0.325926 0.033854 0.140741
0 1969 0.310937 0.357407 0.035417 0.146296
0 1970 0.418750 0.313889 0.031250 0.131481
0 1974 0.417969 0.275463 0.027604 0.110185
0 1975 0.396094 0.277315 0.031771 0.119444
0 1977 0.404687 0.270370 0.021875 0.107407
0 1978 0.375781 0.268519 0.026562 0.103704
0 1981 0.357031 0.272222 0.027604 0.133333
0 2000 0.771615 0.383796 0.028646 0.171296
0 2002 0.631771 0.685648 0.052083 0.291667
0 2003 0.547656 0.687500 0.056771 0.282407
0 2010 0.579688 0.826852 0.070833 0.288889
0 2014 0.518490 0.813426 0.069271 0.317593
0 2026 0.096354 0.563889 0.044792 0.196296
0 2031 0.354427 0.413426 0.034896 0.160185
0 2109 0.617708 0.362037 0.032292 0.135185
0 2110 0.620313 0.357407 0.032292 0.135185
0 2111 0.633333 0.393519 0.034375 0.146296
0 2114 0.774219 0.395370 0.033854 0.179630
0 2188 0.590625 0.532407 0.064583 0.214815
0 2202 0.747656 0.446296 0.032813 0.200000
0 2203 0.563021 0.452315 0.036458 0.187963
0 2204 0.773438 0.440278 0.038542 0.193519
0 2205 0.198958 0.742593 0.062500 0.320370
0 2206 0.941146 0.498148 0.039583 0.175926
0 2209 0.300781 0.468056 0.041146 0.176852
0 2210 0.350521 0.809722 0.060417 0.291667
0 2214 0.690365 0.489815 0.063021 0.183333
