0 1946 0.774479 0.661574 0.069792 0.230556
0 1947 0.292708 0.563426 0.047917 0.200926
0 1948 0.801562 0.518519 0.045833 0.203704
0 1949 0.613542 0.497222 0.048958 0.207407
0 1950 0.542969 0.507870 0.044271 0.200926
0 1951 0.261198 0.506019 0.040104 0.193519
0 1952 0.691667 0.599074 0.051042 0.237037
0 1956 0.610677 0.398148 0.027604 0.129630
0 1957 0.551562 0.365741 0.030208 0.140741
0 1958 0.565104 0.376389 0.027083 0.137963
0 1959 0.501302 0.367593 0.029687 0.140741
0 1960 0.802344 0.359722 0.029687 0.154630
0 1962 0.481771 0.405093 0.033333 0.156481
0 1965 0.147396 0.613426 0.053125 0.232407
0 1967 0.404948 0.333333 0.031771 0.129630
0 1968 0.372396 0.321296 0.034375 0.140741
0 1969 0.309115 0.353241 0.036979 0.145370
0 1970 0.413281 0.308796 0.031771 0.128704
0 1974 0.409896 0.273611 0.028125 0.110185
0 1975 0.386458 0.273148 0.030208 0.114815
0 1977 0.390104 0.269444 0.021875 0.107407
0 1978 0.357812 0.268056 0.023958 0.104630
0 1981 0.347917 0.275463 0.028125 0.134259
0 2000 0.772135 0.383796 0.029687 0.171296
0 2002 0.647917 0.706944 0.052083 0.300926
0 2003 0.559375 0.706019 0.061458 0.282407
0 2010 0.588542 0.846759 0.082292 0.289815
0 2014 0.521875 0.832870 0.073958 0.312037
0 2026 0.096875 0.563889 0.044792 0.196296
0 2031 0.353125 0.408333 0.032292 0.159259
0 2109 0.617708 0.362037 0.032292 0.135185
0 2110 0.620833 0.357407 0.032292 0.135185
0 2111 0.634375 0.394444 0.034375 0.146296
0 2114 0.773698 0.394444 0.033854 0.179630
0 2188 0.550521 0.533796 0.056250 0.213889
0 2202 0.739583 0.438426 0.032292 0.197222
0 2203 0.551562 0.444907 0.036458 0.182407
0 2204 0.765104 0.438889 0.037500 0.190741
0 2205 0.210677 0.715741 0.061979 0.303704
0 2206 0.914323 0.500926 0.039062 0.175926
0 2209 0.321615 0.472685 0.043229 0.176852
0 2210 0.355729 0.779167 0.060417 0.271296
0 2212 0.948177 0.529167 0.058854 0.215741
0 2214 0.658073 0.485185 0.050521 0.179630
