0 1946 0.747135 0.613426 0.063021 0.215741
0 1947 0.289323 0.523611 0.048438 0.195370
0 1948 0.754687 0.477315 0.045833 0.184259
0 1949 0.604688 0.471296 0.048958 0.196296
0 1950 0.552344 0.485185 0.040104 0.198148
0 1951 0.277604 0.473148 0.039583 0.185185
0 1952 0.650000 0.584722 0.045833 0.228704
0 1956 0.591927 0.389352 0.027604 0.128704
0 1957 0.534896 0.351852 0.030208 0.140741
0 1958 0.556771 0.356481 0.027083 0.124074
0 1959 0.486719 0.351389 0.029687 0.134259
0 1960 0.803906 0.358796 0.029687 0.154630
0 1962 0.470833 0.389815 0.033333 0.155556
0 1965 0.120833 0.660185 0.058333 0.240741
0 1967 0.406771 0.319444 0.029167 0.125926
0 1968 0.373437 0.304630 0.031250 0.135185
0 1969 0.298698 0.342130 0.038021 0.145370
0 1970 0.400000 0.296759 0.032292 0.123148
0 1974 0.375521 0.265741 0.023958 0.109259
0 1975 0.348958 0.263426 0.027083 0.117593
0 1977 0.348438 0.262963 0.021875 0.107407
0 2000 0.772656 0.381944 0.029687 0.171296
0 2002 0.688021 0.771759 0.056250 0.326852
0 2003 0.602865 0.770833 0.059896 0.317593
0 2010 0.598958 0.888426 0.085417 0.225000
0 2014 0.526823 0.871759 0.077604 0.258333
0 2026 0.097656 0.562963 0.044271 0.196296
0 2031 0.351562 0.393056 0.032292 0.149074
0 2109 0.618750 0.362963 0.032292 0.135185
0 2110 0.620833 0.357407 0.032292 0.135185
0 2111 0.634375 0.394444 0.034375 0.146296
0 2114 0.775260 0.392130 0.033854 0.173148
0 2183 0.056510 0.942130 0.074479 0.117593
0 2188 0.456771 0.525463 0.064583 0.210185
0 2202 0.704688 0.418981 0.031250 0.187963
0 2203 0.522917 0.423611 0.036458 0.171296
0 2204 0.731510 0.415278 0.035937 0.184259
0 2205 0.231510 0.658796 0.054688 0.282407
0 2206 0.842708 0.485185 0.034375 0.168519
0 2209 0.382292 0.484259 0.053125 0.179630
0 2210 0.372396 0.704167 0.052083 0.250926
0 2211 0.960938 0.500463 0.055208 0.195370
0 2212 0.846615 0.521296 0.054688 0.220370
0 2213 0.917969 0.489815 0.056771 0.198148
0 2214 0.549479 0.466667 0.052083 0.183333
