0 1946 0.834115 0.746296 0.080729 0.251852
0 1947 0.260417 0.655556 0.054167 0.237037
0 1948 0.770312 0.592130 0.056250 0.230556
0 1949 0.502344 0.556019 0.049479 0.215741
0 1950 0.463021 0.574074 0.053125 0.233333
0 1951 0.209896 0.575463 0.050000 0.221296
0 1952 0.807031 0.622222 0.072396 0.242593
0 1956 0.675000 0.424074 0.035417 0.144444
0 1957 0.623958 0.393519 0.030208 0.151852
0 1958 0.618229 0.399537 0.027083 0.137963
0 1959 0.568750 0.397222 0.034375 0.146296
0 1960 0.800521 0.358796 0.030208 0.154630
0 1962 0.493750 0.426852 0.035417 0.157407
0 1963 0.031250 0.906481 0.056250 0.188889
0 1964 0.019010 0.886111 0.036979 0.224074
0 1965 0.194531 0.528704 0.048438 0.203704
0 1967 0.407292 0.360648 0.036458 0.139815
0 1968 0.364063 0.355093 0.034375 0.158333
0 1969 0.311979 0.377315 0.037500 0.150926
0 1970 0.437240 0.333333 0.031771 0.140741
0 1971 0.328646 0.333796 0.030208 0.115741
0 1972 0.314063 0.327778 0.030208 0.135185
0 1974 0.457813 0.293519 0.032292 0.124074
0 1975 0.429688 0.290741 0.030208 0.124074
0 1976 0.380729 0.262963 0.028125 0.107407
0 1977 0.445312 0.280556 0.021875 0.107407
0 1978 0.444271 0.275463 0.028125 0.104630
0 1979 0.359375 0.275000 0.027083 0.120370
0 1981 0.382031 0.284722 0.027604 0.126852
0 2000 0.770052 0.383796 0.026562 0.171296
0 2002 0.587500 0.602315 0.048958 0.263889
0 2003 0.535156 0.599074 0.049479 0.248148
0 2010 0.543750 0.711111 0.062500 0.257407
0 2014 0.497396 0.696296 0.062500 0.270370
0 2026 0.094792 0.561111 0.044792 0.196296
0 2031 0.342708 0.445833 0.034375 0.169444
0 2109 0.616667 0.362037 0.032292 0.135185
0 2110 0.618750 0.357407 0.032292 0.135185
0 2111 0.622396 0.387500 0.034375 0.145370
0 2114 0.775521 0.392130 0.034375 0.176852
0 2188 0.758594 0.534259 0.056771 0.218519
0 2202 0.790365 0.476389 0.040104 0.200926
0 2203 0.654687 0.481944 0.039583 0.193519
0 2204 0.826302 0.479167 0.046354 0.215741
0 2205 0.156771 0.841667 0.069792 0.318519
0 2209 0.222396 0.444444 0.040625 0.168519
0 2210 0.322396 0.905556 0.076042 0.188889
0 2214 0.898958 0.512963 0.047917 0.203704
