0 1946 0.820833 0.713889 0.086458 0.246296
0 1947 0.273438 0.628241 0.055208 0.226852
0 1948 0.819531 0.571296 0.054688 0.214815
0 1949 0.535417 0.542593 0.047917 0.214815
0 1950 0.485156 0.554167 0.048438 0.221296
0 1951 0.229427 0.554630 0.044271 0.211111
0 1952 0.767188 0.619907 0.070833 0.243519
0 1956 0.655990 0.416204 0.032813 0.139815
0 1957 0.594010 0.384259 0.029687 0.151852
0 1958 0.597656 0.389352 0.027604 0.137963
0 1959 0.541927 0.387037 0.034896 0.146296
0 1960 0.800781 0.358796 0.029687 0.154630
0 1962 0.492188 0.418981 0.035417 0.156481
0 1965 0.182292 0.551852 0.050000 0.209259
0 1967 0.402344 0.354630 0.029687 0.140741
0 1968 0.367969 0.343981 0.033854 0.145370
0 1969 0.309635 0.373611 0.038021 0.149074
0 1970 0.433073 0.327778 0.031771 0.137037
0 1971 0.300521 0.323148 0.025000 0.114815
0 1972 0.290104 0.325926 0.029167 0.135185
0 1974 0.448177 0.283333 0.031771 0.114815
0 1975 0.419792 0.286574 0.030208 0.123148
0 1976 0.354167 0.256481 0.023958 0.107407
0 1977 0.439063 0.275926 0.021875 0.107407
0 1978 0.423958 0.270833 0.028125 0.104630
0 1981 0.376302 0.280093 0.027604 0.126852
0 2000 0.770833 0.383796 0.027083 0.171296
0 2002 0.598698 0.633333 0.047396 0.275926
0 2003 0.533594 0.627778 0.051562 0.257407
0 2010 0.552604 0.744907 0.063542 0.267593
0 2014 0.502604 0.738426 0.066667 0.286111
0 2026 0.095312 0.562037 0.044792 0.196296
0 2031 0.353125 0.435185 0.036458 0.164815
0 2109 0.617188 0.362037 0.032292 0.135185
0 2110 0.619271 0.357407 0.032292 0.135185
0 2111 0.628125 0.389815 0.034375 0.146296
0 2114 0.775521 0.393056 0.034375 0.178704
0 2188 0.691146 0.533796 0.056250 0.215741
0 2202 0.770833 0.465741 0.034375 0.201852
0 2203 0.621875 0.470370 0.046875 0.190741
0 2204 0.803906 0.462963 0.046354 0.205556
0 2205 0.169010 0.819907 0.069271 0.350926
0 2209 0.250000 0.451852 0.040625 0.168519
0 2210 0.336458 0.873611 0.070833 0.250926
0 2214 0.819792 0.506944 0.068750 0.202778
