0 1946 0.825521 0.725463 0.081250 0.247222
0 1947 0.269010 0.636574 0.054688 0.230556
0 1948 0.805990 0.581481 0.054688 0.218519
0 1949 0.525260 0.546759 0.050521 0.215741
0 1950 0.476562 0.566204 0.047917 0.223148
0 1951 0.223958 0.561111 0.045833 0.216667
0 1952 0.779167 0.621296 0.075000 0.242593
0 1956 0.662240 0.418981 0.033854 0.141667
0 1957 0.602604 0.387963 0.030208 0.151852
0 1958 0.603906 0.393056 0.027604 0.137963
0 1959 0.551042 0.389815 0.034375 0.146296
0 1960 0.800781 0.358796 0.029687 0.154630
0 1962 0.492188 0.421759 0.035417 0.156481
0 1965 0.185417 0.542130 0.050000 0.204630
0 1967 0.402865 0.357407 0.027604 0.140741
0 1968 0.367448 0.346296 0.033854 0.150000
0 1969 0.309115 0.375463 0.038021 0.149074
0 1970 0.435937 0.329630 0.031250 0.140741
0 1971 0.310417 0.328241 0.027083 0.115741
0 1972 0.297396 0.326852 0.030208 0.135185
0 1974 0.451823 0.286111 0.031771 0.116667
0 1975 0.422917 0.287037 0.030208 0.124074
0 1976 0.363281 0.258333 0.025521 0.107407
0 1977 0.441146 0.276852 0.021875 0.107407
0 1978 0.432292 0.271759 0.028125 0.104630
0 1979 0.345833 0.267130 0.027083 0.115741
0 1981 0.378385 0.281944 0.027604 0.126852
0 2000 0.770312 0.383796 0.027083 0.171296
0 2002 0.594271 0.622685 0.047917 0.271296
0 2003 0.534115 0.617593 0.050521 0.253704
0 2010 0.549740 0.733333 0.063021 0.264815
0 2014 0.500000 0.724074 0.064583 0.281481
0 2026 0.095312 0.562037 0.044792 0.196296
0 2031 0.352344 0.439815 0.034896 0.164815
0 2109 0.616667 0.362037 0.032292 0.135185
0 2110 0.619271 0.357407 0.032292 0.135185
0 2111 0.626563 0.389352 0.034375 0.145370
0 2114 0.775521 0.392593 0.034375 0.177778
0 2188 0.711979 0.533796 0.057292 0.217593
0 2202 0.774740 0.469444 0.033854 0.201852
0 2203 0.633854 0.471759 0.041667 0.193519
0 2204 0.809375 0.469444 0.045833 0.211111
0 2205 0.165104 0.827778 0.069792 0.342593
0 2209 0.240104 0.450000 0.040625 0.168519
0 2210 0.332292 0.882407 0.073958 0.233333
0 2214 0.846094 0.511574 0.069271 0.202778
