0 1946 0.747917 0.615278 0.063542 0.215741
0 1947 0.290104 0.525463 0.047917 0.195370
0 1948 0.755729 0.479167 0.045833 0.184259
0 1949 0.605729 0.472222 0.048958 0.196296
0 1950 0.552344 0.486574 0.040104 0.199074
0 1951 0.276562 0.474074 0.039583 0.185185
0 1952 0.650781 0.585648 0.047396 0.228704
0 1956 0.592448 0.390278 0.027604 0.128704
0 1957 0.535417 0.352778 0.030208 0.140741
0 1958 0.557292 0.357407 0.027083 0.124074
0 1959 0.486719 0.352315 0.029687 0.134259
0 1960 0.803385 0.358796 0.029687 0.154630
0 1962 0.471354 0.390741 0.033333 0.155556
0 1965 0.121615 0.658333 0.057813 0.240741
0 1967 0.406510 0.319444 0.028646 0.125926
0 1968 0.373437 0.305556 0.031250 0.135185
0 1969 0.299219 0.342593 0.038021 0.146296
0 1970 0.400521 0.296759 0.032292 0.123148
0 1974 0.376563 0.265741 0.023958 0.109259
0 1975 0.350000 0.262963 0.028125 0.116667
0 1977 0.349479 0.262963 0.021875 0.107407
0 2000 0.772656 0.381944 0.029687 0.171296
0 2002 0.687500 0.770833 0.056250 0.326852
0 2003 0.600781 0.766667 0.059896 0.312963
0 2010 0.598437 0.887037 0.085417 0.227778
0 2014 0.527344 0.870370 0.077604 0.261111
0 2026 0.097656 0.562963 0.044271 0.196296
0 2031 0.351823 0.393519 0.032813 0.148148
0 2109 0.618750 0.362963 0.032292 0.135185
0 2110 0.620833 0.357407 0.032292 0.135185
0 2111 0.634375 0.394444 0.034375 0.146296
0 2114 0.775260 0.392130 0.033854 0.173148
0 2183 0.055208 0.943056 0.073958 0.115741
0 2188 0.458854 0.525926 0.065625 0.209259
0 2202 0.706250 0.419444 0.031250 0.188889
0 2203 0.523698 0.424537 0.035937 0.171296
0 2204 0.733333 0.417130 0.036458 0.184259
0 2205 0.230990 0.661574 0.054688 0.284259
0 2206 0.844792 0.485648 0.034375 0.169444
0 2209 0.380729 0.484259 0.053125 0.179630
0 2210 0.371875 0.706481 0.052083 0.251852
0 2211 0.964844 0.500463 0.052604 0.195370
0 2212 0.849479 0.521296 0.053125 0.220370
0 2213 0.921615 0.490278 0.058854 0.197222
0 2214 0.553646 0.467130 0.053125 0.182407
