0 1946 0.803646 0.697222 0.071875 0.237037
0 1947 0.281250 0.601852 0.048958 0.218519
0 1948 0.845833 0.556944 0.062500 0.212037
0 1949 0.569792 0.526852 0.055208 0.214815
0 1950 0.505729 0.536574 0.046875 0.219444
0 1951 0.242448 0.536574 0.044271 0.199074
0 1952 0.739844 0.613889 0.053646 0.242593
0 1956 0.640365 0.409259 0.030729 0.135185
0 1957 0.576042 0.375926 0.030208 0.150000
0 1958 0.583594 0.383796 0.027604 0.137963
0 1959 0.526563 0.382407 0.032292 0.146296
0 1960 0.801302 0.359722 0.029687 0.154630
0 1962 0.490625 0.411574 0.035417 0.156481
0 1965 0.175000 0.576389 0.052083 0.219444
0 1967 0.402604 0.346296 0.031250 0.140741
0 1968 0.371615 0.337037 0.033854 0.140741
0 1969 0.311458 0.364352 0.036458 0.149074
0 1970 0.426823 0.321296 0.031771 0.131481
0 1971 0.284896 0.319444 0.025000 0.114815
0 1974 0.435937 0.277778 0.030208 0.112963
0 1975 0.408594 0.282407 0.031771 0.124074
0 1977 0.425521 0.273148 0.021875 0.107407
0 1978 0.403125 0.267130 0.028125 0.104630
0 1981 0.370312 0.275463 0.027083 0.126852
0 2000 0.771094 0.383796 0.027604 0.171296
0 2002 0.613021 0.661111 0.045833 0.288889
0 2003 0.526823 0.647222 0.053646 0.257407
0 2010 0.566667 0.777778 0.067708 0.272222
0 2014 0.510417 0.777315 0.069792 0.306481
0 2026 0.095833 0.562963 0.044792 0.196296
0 2031 0.352083 0.424074 0.034375 0.161111
0 2109 0.617188 0.362037 0.032292 0.135185
0 2110 0.619792 0.357407 0.032292 0.135185
0 2111 0.632292 0.391667 0.034375 0.146296
0 2114 0.775521 0.393519 0.034375 0.179630
0 2188 0.645312 0.536574 0.062500 0.217593
0 2202 0.761198 0.458333 0.033854 0.201852
0 2203 0.589323 0.459722 0.036979 0.176852
0 2204 0.790365 0.450463 0.046354 0.199074
0 2205 0.181771 0.782870 0.062500 0.341667
0 2209 0.273958 0.457407 0.040625 0.170370
0 2210 0.344792 0.853704 0.065625 0.292593
0 2214 0.764844 0.502778 0.046354 0.203704
