0 1946 0.887240 0.845370 0.095312 0.274074
0 1947 0.229948 0.755093 0.054688 0.263889
0 1948 0.636719 0.691667 0.073438 0.262963
0 1949 0.456510 0.644907 0.061979 0.263889
0 1950 0.410938 0.664352 0.058333 0.267593
0 1951 0.193229 0.649074 0.050000 0.248148
0 1952 0.858333 0.645370 0.052083 0.250000
0 1953 0.801823 0.455556 0.044271 0.174074
0 1956 0.728385 0.446759 0.033854 0.156481
0 1957 0.704427 0.421759 0.031771 0.173148
0 1958 0.726562 0.427315 0.028125 0.137963
0 1959 0.656771 0.420370 0.034375 0.146296
0 1960 0.799219 0.363426 0.029687 0.154630
0 1962 0.526302 0.454167 0.035937 0.167593
0 1963 0.111458 0.838889 0.075000 0.277778
0 1964 0.067708 0.823148 0.056250 0.279630
0 1965 0.240885 0.475463 0.044271 0.182407
0 1966 0.203906 0.483333 0.035937 0.190741
0 1967 0.404687 0.393981 0.035417 0.149074
0 1968 0.360677 0.385185 0.038021 0.157407
0 1969 0.313021 0.405093 0.038542 0.160185
0 1970 0.455729 0.359722 0.037500 0.145370
0 1971 0.390365 0.350463 0.027604 0.117593
0 1972 0.370052 0.342130 0.033854 0.137963
0 1973 0.304427 0.335185 0.039062 0.142593
0 1974 0.475000 0.312963 0.032292 0.124074
0 1975 0.448437 0.309259 0.030208 0.124074
0 1976 0.444531 0.281481 0.029687 0.112963
0 1977 0.444271 0.299537 0.026042 0.115741
0 1978 0.469531 0.291667 0.026562 0.103704
0 1979 0.420312 0.286111 0.032292 0.118519
0 1980 0.368229 0.261574 0.028125 0.112037
0 1981 0.399219 0.294444 0.029687 0.125926
0 1982 0.344792 0.298611 0.029167 0.123148
0 1983 0.333073 0.305093 0.029687 0.132407
0 1992 0.429427 0.213426 0.025521 0.099074
0 2000 0.768229 0.383796 0.023958 0.171296
0 2002 0.571875 0.538889 0.043750 0.231481
0 2003 0.511719 0.532870 0.047396 0.228704
0 2004 0.386979 0.282407 0.026042 0.124074
0 2005 0.361979 0.272685 0.025000 0.115741
0 2010 0.542708 0.615741 0.058333 0.222222
0 2014 0.497396 0.617593 0.056250 0.248148
0 2026 0.093229 0.558333 0.044792 0.196296
0 2031 0.288802 0.480093 0.038021 0.182407
0 2109 0.615625 0.362037 0.032292 0.135185
0 2110 0.617188 0.357407 0.032292 0.135185
0 2111 0.608333 0.381944 0.034375 0.143519
0 2114 0.775000 0.389815 0.034375 0.174074
0 2203 0.780990 0.516667 0.051562 0.207407
0 2205 0.087500 0.908796 0.080208 0.184259
