0 1946 0.840625 0.759722 0.083333 0.258333
0 1947 0.254688 0.669907 0.054167 0.241667
0 1948 0.748698 0.608796 0.059896 0.232407
0 1949 0.485677 0.565278 0.046354 0.219444
0 1950 0.454427 0.587963 0.052604 0.235185
0 1951 0.205990 0.586111 0.046354 0.220370
0 1952 0.829948 0.622222 0.066146 0.242593
0 1956 0.684375 0.428241 0.037500 0.147222
0 1957 0.638021 0.397685 0.030208 0.154630
0 1958 0.633854 0.403241 0.027083 0.137963
0 1959 0.585938 0.401852 0.034375 0.146296
0 1960 0.800000 0.358796 0.030208 0.154630
0 1962 0.495833 0.430093 0.036458 0.156481
0 1963 0.043750 0.898148 0.068750 0.205556
0 1964 0.024219 0.877315 0.047396 0.247222
0 1965 0.201563 0.520370 0.047917 0.203704
0 1967 0.407813 0.366204 0.035417 0.141667
0 1968 0.363021 0.361574 0.034375 0.160185
0 1969 0.313802 0.381019 0.038021 0.150926
0 1970 0.440625 0.338889 0.031250 0.138889
0 1971 0.339583 0.333796 0.030208 0.115741
0 1972 0.325781 0.328704 0.030729 0.135185
0 1974 0.461979 0.297222 0.032292 0.124074
0 1975 0.434896 0.294444 0.030208 0.124074
0 1976 0.393229 0.266667 0.028125 0.109259
0 1977 0.447396 0.286111 0.021875 0.107407
0 1978 0.453125 0.277315 0.028125 0.104630
0 1979 0.371875 0.276389 0.029167 0.113889
0 1981 0.385417 0.286574 0.028125 0.126852
0 2000 0.769792 0.383796 0.026042 0.171296
0 2002 0.583854 0.587963 0.047917 0.257407
0 2003 0.536719 0.588889 0.048438 0.248148
0 2010 0.542188 0.690278 0.063542 0.250926
0 2014 0.495573 0.687037 0.061979 0.270370
0 2026 0.094792 0.561111 0.044792 0.196296
0 2031 0.335677 0.451389 0.033854 0.171296
0 2109 0.616667 0.362037 0.032292 0.135185
0 2110 0.618750 0.357407 0.032292 0.135185
0 2111 0.619271 0.386111 0.034375 0.144444
0 2114 0.775521 0.391204 0.034375 0.176852
0 2188 0.792448 0.539352 0.054688 0.219444
0 2202 0.811719 0.486574 0.040104 0.200926
0 2203 0.678385 0.482407 0.047396 0.196296
0 2204 0.841927 0.483796 0.046354 0.215741
0 2205 0.147917 0.853241 0.069792 0.295370
0 2209 0.208333 0.441667 0.040625 0.168519
0 2210 0.315365 0.922685 0.076563 0.156481
0 2214 0.942448 0.512963 0.056771 0.198148
