0 1946 0.890885 0.850000 0.094271 0.275926
0 1947 0.229948 0.762037 0.054688 0.268519
0 1948 0.629948 0.696296 0.073438 0.262963
0 1949 0.456250 0.649074 0.064583 0.264815
0 1950 0.407813 0.671296 0.058333 0.268519
0 1951 0.193229 0.654167 0.050000 0.250926
0 1952 0.856510 0.648611 0.051562 0.250926
0 1953 0.798438 0.456481 0.044792 0.174074
0 1956 0.729948 0.448148 0.033854 0.157407
0 1957 0.708854 0.423611 0.031250 0.175000
0 1958 0.730729 0.428241 0.028125 0.137963
0 1959 0.660937 0.422222 0.034375 0.146296
0 1960 0.798698 0.363426 0.029687 0.154630
0 1962 0.529687 0.456019 0.035417 0.167593
0 1963 0.114323 0.832407 0.076563 0.275926
0 1964 0.070573 0.817130 0.056771 0.278704
0 1965 0.241146 0.472685 0.042708 0.182407
0 1966 0.203385 0.484259 0.035937 0.188889
0 1967 0.404687 0.393981 0.035417 0.149074
0 1968 0.360417 0.387037 0.038542 0.157407
0 1969 0.313281 0.406944 0.038021 0.160185
0 1970 0.455729 0.360648 0.037500 0.147222
0 1971 0.392448 0.350463 0.028646 0.117593
0 1972 0.371615 0.343981 0.034896 0.139815
0 1973 0.305990 0.336111 0.040104 0.142593
0 1974 0.475521 0.313889 0.032292 0.124074
0 1975 0.448437 0.310185 0.030208 0.124074
0 1976 0.447656 0.281481 0.029687 0.112963
0 1977 0.444010 0.302778 0.026562 0.120370
0 1978 0.470052 0.292593 0.026562 0.103704
0 1979 0.422917 0.287963 0.032292 0.120370
0 1980 0.371354 0.261574 0.028125 0.112037
0 1981 0.399219 0.294444 0.029687 0.125926
0 1982 0.348698 0.299537 0.029687 0.123148
0 1983 0.334115 0.306019 0.029687 0.132407
0 1986 0.285417 0.318519 0.023958 0.142593
0 1992 0.432552 0.213426 0.025521 0.099074
0 2000 0.768229 0.383796 0.023958 0.171296
0 2002 0.568750 0.534259 0.043750 0.229630
0 2003 0.509375 0.530093 0.046875 0.228704
0 2004 0.389062 0.283333 0.026042 0.124074
0 2005 0.365104 0.273611 0.025000 0.115741
0 2010 0.542188 0.610185 0.058333 0.218519
0 2014 0.496354 0.611574 0.056250 0.243519
0 2026 0.093229 0.558333 0.044792 0.196296
0 2031 0.284635 0.481481 0.041146 0.181481
0 2109 0.615625 0.362037 0.032292 0.135185
0 2110 0.617188 0.357407 0.032292 0.135185
0 2111 0.608333 0.381481 0.034375 0.142593
0 2114 0.775000 0.389815 0.034375 0.174074
0 2203 0.787240 0.517593 0.052604 0.207407
0 2205 0.082812 0.912500 0.080208 0.176852
