0 1946 0.900781 0.862037 0.092188 0.275926
0 1947 0.227083 0.782407 0.057292 0.275926
0 1948 0.611198 0.714815 0.074479 0.275926
0 1949 0.453646 0.656481 0.064583 0.266667
0 1950 0.399479 0.680093 0.063542 0.267593
0 1951 0.192448 0.667130 0.052604 0.250926
0 1952 0.852604 0.654630 0.051042 0.253704
0 1953 0.792969 0.462500 0.046354 0.173148
0 1956 0.738021 0.450926 0.036458 0.157407
0 1957 0.719792 0.427315 0.032292 0.176852
0 1958 0.741667 0.431019 0.028125 0.137963
0 1959 0.672135 0.425000 0.033854 0.146296
0 1960 0.798177 0.363426 0.029687 0.154630
0 1962 0.538542 0.461111 0.035417 0.168519
0 1963 0.123958 0.815741 0.077083 0.268519
0 1964 0.076563 0.801389 0.059375 0.273148
0 1965 0.241146 0.464352 0.038542 0.180556
0 1966 0.201823 0.486111 0.036979 0.185185
0 1967 0.404687 0.395833 0.035417 0.149074
0 1968 0.360156 0.387500 0.038021 0.158333
0 1969 0.313802 0.409722 0.038021 0.160185
0 1970 0.457552 0.364815 0.038021 0.148148
0 1971 0.401042 0.355093 0.030208 0.117593
0 1972 0.375000 0.347685 0.037500 0.145370
0 1973 0.310156 0.337963 0.042188 0.142593
0 1974 0.477604 0.315741 0.032292 0.124074
0 1975 0.450521 0.311111 0.030208 0.124074
0 1976 0.455990 0.282407 0.029687 0.112963
0 1977 0.443490 0.312037 0.027604 0.131481
0 1978 0.471875 0.295370 0.026042 0.103704
0 1979 0.428646 0.290741 0.030208 0.120370
0 1980 0.380469 0.263426 0.027604 0.112037
0 1981 0.399740 0.296296 0.029687 0.125926
0 1982 0.357812 0.301852 0.029167 0.124074
0 1983 0.337760 0.308796 0.029687 0.132407
0 1986 0.292708 0.317130 0.025000 0.137963
0 1992 0.440365 0.211574 0.025521 0.099074
0 2000 0.767708 0.383796 0.023958 0.171296
0 2001 0.345052 0.258333 0.024479 0.114815
0 2002 0.559635 0.521296 0.043229 0.225926
0 2003 0.500521 0.526389 0.046875 0.228704
0 2004 0.396615 0.285185 0.025521 0.124074
0 2005 0.371354 0.275463 0.027083 0.117593
0 2006 0.291146 0.320370 0.031250 0.133333
0 2010 0.538802 0.599074 0.058854 0.212963
0 2014 0.494271 0.596759 0.056250 0.232407
0 2026 0.092708 0.558333 0.044792 0.196296
0 2031 0.273958 0.484259 0.047917 0.181481
0 2109 0.615104 0.362037 0.032292 0.135185
0 2110 0.617188 0.357407 0.032292 0.135185
0 2111 0.607812 0.381481 0.034375 0.142593
0 2114 0.775000 0.389815 0.034375 0.174074
0 2203 0.804688 0.520370 0.056250 0.203704
0 2205 0.070312 0.922222 0.080208 0.157407
