0 1946 0.884896 0.842593 0.095833 0.274074
0 1947 0.229948 0.750463 0.054688 0.260185
0 1948 0.640885 0.688889 0.073438 0.262963
0 1949 0.455990 0.641204 0.058854 0.262037
0 1950 0.413021 0.660185 0.058333 0.266667
0 1951 0.193229 0.645833 0.050000 0.245370
0 1952 0.859115 0.643056 0.052604 0.249074
0 1953 0.804427 0.455556 0.044271 0.174074
0 1956 0.727344 0.445833 0.033854 0.156481
0 1957 0.701562 0.420833 0.031250 0.173148
0 1958 0.723437 0.426389 0.028125 0.137963
0 1959 0.653906 0.419444 0.033854 0.146296
0 1960 0.799219 0.363426 0.029687 0.154630
0 1962 0.524219 0.453241 0.035937 0.167593
0 1963 0.109635 0.843056 0.073438 0.278704
0 1964 0.065104 0.826852 0.056250 0.279630
0 1965 0.239583 0.477778 0.044792 0.183333
0 1966 0.204687 0.483333 0.035417 0.190741
0 1967 0.404687 0.392130 0.035417 0.149074
0 1968 0.360417 0.383796 0.037500 0.158333
0 1969 0.313021 0.404167 0.038542 0.160185
0 1970 0.455729 0.358796 0.037500 0.143519
0 1971 0.389062 0.350463 0.027083 0.117593
0 1972 0.369271 0.341204 0.033333 0.136111
0 1973 0.303125 0.335185 0.038542 0.142593
0 1974 0.474479 0.312963 0.032292 0.124074
0 1975 0.448177 0.308333 0.029687 0.124074
0 1976 0.442448 0.281481 0.029687 0.112963
0 1977 0.444531 0.296759 0.025521 0.112037
0 1978 0.469010 0.290741 0.026562 0.103704
0 1979 0.418229 0.285185 0.032292 0.116667
0 1980 0.365365 0.259722 0.028646 0.112037
0 1981 0.398958 0.294444 0.030208 0.125926
0 1982 0.342187 0.298148 0.029167 0.122222
0 1983 0.332031 0.303241 0.029687 0.132407
0 1992 0.427344 0.214352 0.025521 0.099074
0 2000 0.768229 0.383796 0.023958 0.171296
0 2002 0.573698 0.541667 0.044271 0.231481
0 2003 0.512760 0.534722 0.047396 0.228704
0 2004 0.385677 0.281481 0.025521 0.124074
0 2005 0.359896 0.271759 0.025000 0.115741
0 2010 0.543229 0.618981 0.058333 0.225000
0 2014 0.497917 0.621759 0.056250 0.250926
0 2026 0.093229 0.558333 0.044792 0.196296
0 2031 0.291406 0.479167 0.035937 0.182407
0 2109 0.615625 0.362037 0.032292 0.135185
0 2110 0.617188 0.357407 0.032292 0.135185
0 2111 0.608333 0.381944 0.034375 0.143519
0 2114 0.775000 0.389815 0.034375 0.174074
0 2203 0.776563 0.516204 0.051042 0.208333
0 2204 0.954167 0.495833 0.041667 0.215741
0 2205 0.090625 0.906481 0.080208 0.188889
