0 1947 0.100000 0.922685 0.080208 0.156481
0 1948 0.375260 0.875000 0.081771 0.250000
0 1949 0.319271 0.816204 0.080208 0.334259
0 1950 0.251042 0.835185 0.071875 0.314815
0 1951 0.191406 0.806481 0.065104 0.300000
0 1952 0.825000 0.731019 0.060417 0.286111
0 1953 0.787500 0.549074 0.046875 0.209259
0 1954 0.057292 0.796759 0.072917 0.262037
0 1955 0.018750 0.792130 0.036458 0.212037
0 1956 0.786979 0.493519 0.038542 0.174074
0 1957 0.838281 0.482870 0.048438 0.187963
0 1958 0.820573 0.481944 0.039062 0.162037
0 1959 0.771615 0.470833 0.038021 0.171296
0 1960 0.802604 0.349074 0.031250 0.140741
0 1961 0.012500 0.725463 0.023958 0.267593
0 1962 0.666406 0.506019 0.043229 0.195370
0 1963 0.211458 0.687963 0.055208 0.231481
0 1964 0.151823 0.675463 0.048438 0.232407
0 1966 0.238542 0.535648 0.042708 0.206481
0 1967 0.395052 0.446759 0.044271 0.173148
0 1968 0.341667 0.428704 0.041667 0.181481
0 1969 0.295833 0.425926 0.036458 0.175926
0 1970 0.475781 0.405093 0.040104 0.162037
0 1971 0.409896 0.384722 0.030208 0.134259
0 1972 0.388281 0.369444 0.035937 0.155556
0 1973 0.325781 0.365741 0.035937 0.151852
0 1974 0.488021 0.343981 0.034375 0.134259
0 1975 0.462240 0.346296 0.029687 0.140741
0 1976 0.493750 0.321296 0.033333 0.146296
0 1977 0.441406 0.335185 0.025521 0.135185
0 1978 0.423438 0.332407 0.025000 0.127778
0 1979 0.464844 0.316667 0.027604 0.129630
0 1980 0.436198 0.283796 0.027604 0.123148
0 1981 0.398177 0.323611 0.031771 0.128704
0 1982 0.381250 0.327778 0.030208 0.137037
0 1983 0.359115 0.327778 0.029687 0.142593
0 1984 0.395573 0.267593 0.029687 0.124074
0 1985 0.318490 0.350926 0.029687 0.120370
0 1986 0.315885 0.327778 0.034896 0.142593
0 1987 0.357031 0.289815 0.027604 0.124074
0 1988 0.319792 0.314352 0.033333 0.137963
0 1989 0.370052 0.267593 0.023438 0.098148
0 1990 0.325521 0.281019 0.026042 0.117593
0 1992 0.489844 0.189815 0.025521 0.098148
0 1993 0.343229 0.296296 0.023958 0.118519
0 2000 0.771354 0.381481 0.037500 0.168519
0 2001 0.400000 0.281481 0.030208 0.127778
0 2002 0.516667 0.430093 0.043750 0.182407
0 2003 0.492188 0.438426 0.037500 0.193519
0 2004 0.448177 0.298611 0.024479 0.112037
0 2005 0.401562 0.296759 0.033333 0.123148
0 2006 0.354427 0.346296 0.035937 0.153704
0 2008 0.350521 0.253241 0.022917 0.112037
0 2009 0.350781 0.247685 0.023438 0.115741
0 2010 0.510677 0.506481 0.050521 0.185185
0 2014 0.468490 0.493519 0.048438 0.203704
0 2026 0.088802 0.552315 0.044271 0.197222
0 2031 0.137500 0.500000 0.043750 0.190741
0 2109 0.612240 0.355556 0.031771 0.137037
0 2110 0.620052 0.353704 0.031771 0.135185
0 2111 0.604688 0.376852 0.032292 0.137037
0 2114 0.768490 0.386574 0.034896 0.171296
