0 1948 0.304948 0.903704 0.071354 0.192593
0 1949 0.252344 0.856944 0.082812 0.286111
0 1950 0.167969 0.874537 0.074479 0.250926
0 1951 0.144531 0.859722 0.072396 0.280556
0 1952 0.830729 0.761111 0.061458 0.294444
0 1953 0.800781 0.583796 0.050521 0.223148
0 1954 0.111458 0.729630 0.063542 0.244444
0 1955 0.026042 0.753241 0.051042 0.200926
0 1956 0.816927 0.502315 0.038021 0.171296
0 1957 0.929167 0.491667 0.044792 0.187037
0 1958 0.866667 0.494444 0.044792 0.162963
0 1959 0.829427 0.488426 0.039062 0.171296
0 1961 0.032552 0.685648 0.060937 0.286111
0 1962 0.730990 0.517130 0.043229 0.195370
0 1963 0.230990 0.637037 0.053646 0.209259
0 1964 0.182552 0.631944 0.051562 0.219444
0 1966 0.265104 0.550926 0.044792 0.207407
0 1967 0.390885 0.468981 0.048438 0.178704
0 1968 0.333854 0.450000 0.041667 0.187037
0 1969 0.295573 0.418981 0.035937 0.176852
0 1970 0.453125 0.415741 0.040625 0.162963
0 1971 0.392969 0.398148 0.032813 0.140741
0 1972 0.367188 0.377315 0.040625 0.163889
0 1973 0.327344 0.371296 0.035937 0.151852
0 1974 0.490625 0.356019 0.038542 0.134259
0 1975 0.468750 0.354167 0.028125 0.139815
0 1976 0.510156 0.330093 0.033854 0.145370
0 1977 0.440365 0.344907 0.027604 0.134259
0 1978 0.418490 0.344907 0.027604 0.134259
0 1979 0.475000 0.327315 0.029167 0.128704
0 1980 0.450781 0.289352 0.027604 0.123148
0 1981 0.397396 0.334722 0.032292 0.137963
0 1982 0.383073 0.333333 0.029687 0.137037
0 1983 0.359635 0.331019 0.029687 0.143519
0 1984 0.415104 0.271296 0.029167 0.124074
0 1985 0.338281 0.361574 0.029687 0.121296
0 1986 0.305990 0.342130 0.035937 0.150926
0 1987 0.378906 0.293519 0.027604 0.124074
0 1988 0.347396 0.324074 0.033333 0.137037
0 1989 0.395573 0.280093 0.023438 0.099074
0 1990 0.338281 0.285648 0.028646 0.117593
0 1991 0.298698 0.308796 0.033854 0.128704
0 1992 0.496094 0.181944 0.025521 0.093519
0 1993 0.357292 0.299074 0.026042 0.118519
0 2000 0.781250 0.367593 0.035417 0.174074
0 2001 0.414062 0.288889 0.030208 0.133333
0 2002 0.535677 0.408333 0.043229 0.190741
0 2003 0.506250 0.412500 0.034375 0.189815
0 2004 0.463542 0.307407 0.025000 0.118519
0 2005 0.410677 0.303704 0.029687 0.124074
0 2006 0.362760 0.350000 0.035937 0.153704
0 2008 0.392969 0.257407 0.023438 0.112963
0 2009 0.399479 0.251389 0.023958 0.115741
0 2010 0.510938 0.470833 0.043750 0.173148
0 2014 0.477083 0.462037 0.043750 0.190741
0 2026 0.091146 0.551852 0.042708 0.198148
0 2031 0.133333 0.498611 0.042708 0.193519
0 2049 0.858333 0.580556 0.054167 0.229630
0 2050 0.880729 0.577778 0.046875 0.218519
0 2109 0.610677 0.352315 0.031771 0.137963
0 2110 0.623698 0.350000 0.031771 0.135185
0 2111 0.607292 0.375926 0.030208 0.135185
0 2114 0.769792 0.382407 0.035417 0.168519
