0 1948 0.303906 0.905093 0.067187 0.189815
0 1949 0.246875 0.861574 0.084375 0.278704
0 1950 0.159375 0.878241 0.075000 0.243519
0 1951 0.140625 0.860648 0.067708 0.276852
0 1952 0.830469 0.764815 0.060937 0.296296
0 1953 0.802344 0.585185 0.050521 0.220370
0 1954 0.116667 0.723148 0.062500 0.240741
0 1955 0.027344 0.748611 0.053646 0.200926
0 1956 0.821354 0.504630 0.038542 0.174074
0 1957 0.940885 0.492593 0.044271 0.187037
0 1958 0.877604 0.495370 0.044792 0.162963
0 1959 0.838281 0.493981 0.040104 0.171296
0 1961 0.037760 0.680093 0.061979 0.282407
0 1962 0.738021 0.518056 0.045833 0.195370
0 1963 0.234115 0.635185 0.047396 0.211111
0 1964 0.185677 0.629167 0.051562 0.219444
0 1966 0.268229 0.551852 0.044792 0.207407
0 1967 0.390104 0.471759 0.048958 0.178704
0 1968 0.333073 0.453241 0.042188 0.189815
0 1969 0.295573 0.418981 0.035937 0.176852
0 1970 0.450260 0.417130 0.041146 0.163889
0 1971 0.390885 0.399074 0.033854 0.140741
0 1972 0.365885 0.378241 0.041146 0.165741
0 1973 0.327344 0.372222 0.035937 0.151852
0 1974 0.490625 0.356944 0.038542 0.134259
0 1975 0.469010 0.354167 0.027604 0.139815
0 1976 0.511198 0.331481 0.034896 0.146296
0 1977 0.440365 0.345833 0.027604 0.134259
0 1978 0.418750 0.346296 0.028125 0.135185
0 1979 0.476042 0.328241 0.029167 0.128704
0 1980 0.452344 0.289352 0.027604 0.123148
0 1981 0.397396 0.336111 0.032292 0.140741
0 1982 0.383333 0.334259 0.030208 0.137037
0 1983 0.361198 0.331944 0.029687 0.143519
0 1984 0.416667 0.272222 0.029167 0.124074
0 1985 0.340365 0.362037 0.029687 0.122222
0 1986 0.304948 0.343981 0.035937 0.150926
0 1987 0.380469 0.295370 0.027604 0.124074
0 1988 0.348958 0.324074 0.032292 0.137037
0 1989 0.396615 0.281019 0.023438 0.099074
0 1990 0.339323 0.285648 0.029687 0.117593
0 1991 0.302865 0.310648 0.034896 0.128704
0 1992 0.496875 0.181019 0.025000 0.093519
0 1993 0.358333 0.300000 0.026042 0.118519
0 2000 0.783073 0.367130 0.034896 0.173148
0 2001 0.415365 0.289815 0.030729 0.133333
0 2002 0.538021 0.406481 0.042708 0.188889
0 2003 0.506771 0.410648 0.033333 0.189815
0 2004 0.466146 0.308333 0.025000 0.118519
0 2005 0.411198 0.304630 0.029687 0.124074
0 2006 0.363281 0.350926 0.035937 0.153704
0 2008 0.396354 0.257407 0.023958 0.112963
0 2009 0.404167 0.251389 0.023958 0.115741
0 2010 0.511979 0.467593 0.043750 0.170370
0 2014 0.477604 0.460185 0.043750 0.190741
0 2026 0.091667 0.551852 0.042708 0.198148
0 2031 0.133333 0.498611 0.042708 0.193519
0 2049 0.849479 0.577778 0.055208 0.227778
0 2050 0.872917 0.577778 0.046875 0.218519
0 2109 0.610677 0.352778 0.031771 0.137037
0 2110 0.623698 0.350000 0.031771 0.135185
0 2111 0.608333 0.375926 0.030208 0.135185
0 2114 0.770312 0.382407 0.035417 0.168519
