0 1948 0.305208 0.903241 0.072917 0.193519
0 1949 0.254427 0.856019 0.082812 0.287963
0 1950 0.171094 0.873148 0.074479 0.253704
0 1951 0.145833 0.860185 0.073958 0.281481
0 1952 0.830729 0.760185 0.061458 0.294444
0 1953 0.800260 0.583333 0.050521 0.224074
0 1954 0.109635 0.731944 0.064062 0.245370
0 1955 0.025521 0.755093 0.050000 0.200926
0 1956 0.815365 0.501852 0.038021 0.170370
0 1957 0.925521 0.491667 0.044792 0.187037
0 1958 0.863542 0.494444 0.044792 0.162963
0 1959 0.826302 0.486574 0.039062 0.171296
0 1961 0.030990 0.687963 0.060937 0.287037
0 1962 0.728646 0.517130 0.042708 0.195370
0 1963 0.230208 0.637963 0.055208 0.209259
0 1964 0.181510 0.632870 0.051562 0.219444
0 1966 0.264062 0.550926 0.044792 0.207407
0 1967 0.391146 0.468056 0.047917 0.178704
0 1968 0.334115 0.449074 0.042188 0.187037
0 1969 0.295573 0.418981 0.035937 0.176852
0 1970 0.454167 0.415741 0.040625 0.162963
0 1971 0.393750 0.398148 0.032292 0.140741
0 1972 0.367708 0.376852 0.040625 0.162963
0 1973 0.327865 0.371296 0.035937 0.151852
0 1974 0.490625 0.356019 0.038542 0.134259
0 1975 0.468490 0.353704 0.028646 0.140741
0 1976 0.509635 0.329167 0.033854 0.145370
0 1977 0.440365 0.344907 0.027604 0.134259
0 1978 0.418490 0.343981 0.027604 0.134259
0 1979 0.474479 0.326389 0.029167 0.128704
0 1980 0.449740 0.288426 0.027604 0.123148
0 1981 0.397396 0.334259 0.032292 0.137037
0 1982 0.383073 0.333333 0.029687 0.137037
0 1983 0.359115 0.331019 0.029687 0.143519
0 1984 0.415104 0.271296 0.029167 0.124074
0 1985 0.337760 0.361574 0.029687 0.121296
0 1986 0.305990 0.341204 0.035937 0.150926
0 1987 0.378385 0.292593 0.027604 0.124074
0 1988 0.347135 0.324074 0.033854 0.137037
0 1989 0.394531 0.280093 0.023438 0.099074
0 1990 0.338021 0.285648 0.029167 0.117593
0 1991 0.297656 0.308796 0.033854 0.128704
0 1992 0.495833 0.181944 0.025000 0.093519
0 1993 0.356771 0.298148 0.026042 0.118519
0 2000 0.780729 0.367593 0.035417 0.174074
0 2001 0.413802 0.288889 0.030729 0.133333
0 2002 0.534896 0.409259 0.043750 0.190741
0 2003 0.505990 0.413426 0.033854 0.189815
0 2004 0.463021 0.307407 0.025000 0.118519
0 2005 0.410156 0.303704 0.029687 0.124074
0 2006 0.362500 0.350000 0.035417 0.153704
0 2008 0.391667 0.257407 0.023958 0.112963
0 2009 0.397396 0.251389 0.023958 0.115741
0 2010 0.510938 0.472685 0.043750 0.175000
0 2014 0.476562 0.462963 0.043750 0.190741
0 2026 0.091146 0.551852 0.042708 0.198148
0 2031 0.133333 0.498611 0.042708 0.193519
0 2049 0.861719 0.581481 0.053646 0.229630
0 2050 0.883333 0.577778 0.046875 0.218519
0 2109 0.610677 0.352315 0.031771 0.137963
0 2110 0.623698 0.350000 0.031771 0.135185
0 2111 0.607292 0.375926 0.030208 0.135185
0 2114 0.769792 0.383333 0.035417 0.168519
