0 1946 0.982812 0.940278 0.034375 0.121296
0 1947 0.128646 0.901389 0.080208 0.199074
0 1948 0.420052 0.865278 0.073438 0.271296
0 1949 0.340625 0.795370 0.072917 0.318519
0 1950 0.272917 0.823148 0.072917 0.312963
0 1951 0.203646 0.788889 0.061458 0.290741
0 1952 0.826562 0.719907 0.060417 0.278704
0 1953 0.785417 0.534259 0.046875 0.207407
0 1954 0.031771 0.823611 0.062500 0.269444
0 1955 0.021615 0.812500 0.042188 0.215741
0 1956 0.779427 0.488426 0.041146 0.173148
0 1957 0.819531 0.477778 0.044271 0.190741
0 1958 0.815625 0.476389 0.040625 0.162037
0 1959 0.755729 0.464815 0.038542 0.172222
0 1960 0.796615 0.356481 0.031771 0.140741
0 1962 0.643229 0.499537 0.044792 0.189815
0 1963 0.198437 0.705556 0.045833 0.231481
0 1964 0.141406 0.688889 0.052604 0.238889
0 1966 0.229167 0.529167 0.041667 0.204630
0 1967 0.399219 0.437963 0.049479 0.170370
0 1968 0.345833 0.426852 0.043750 0.179630
0 1969 0.295833 0.427778 0.036458 0.175926
0 1970 0.477865 0.399537 0.042188 0.162037
0 1971 0.413542 0.381019 0.030208 0.134259
0 1972 0.391406 0.368519 0.033854 0.153704
0 1973 0.325781 0.362500 0.035937 0.156481
0 1974 0.483854 0.341204 0.034375 0.134259
0 1975 0.459635 0.341204 0.029687 0.139815
0 1976 0.489583 0.317593 0.033333 0.146296
0 1977 0.441406 0.331019 0.025521 0.134259
0 1978 0.433333 0.331944 0.026042 0.128704
0 1979 0.461719 0.313426 0.027604 0.128704
0 1980 0.432031 0.281944 0.027604 0.123148
0 1981 0.398958 0.320370 0.031250 0.127778
0 1982 0.380208 0.325926 0.030208 0.137037
0 1983 0.359115 0.324074 0.029687 0.142593
0 1984 0.388281 0.263889 0.029687 0.124074
0 1985 0.308594 0.349074 0.029687 0.120370
0 1986 0.318750 0.322222 0.034375 0.135185
0 1987 0.346094 0.290741 0.027604 0.124074
0 1988 0.307031 0.314352 0.033854 0.137963
0 1989 0.359115 0.265741 0.023438 0.098148
0 1990 0.313281 0.281019 0.027604 0.117593
0 1992 0.486719 0.193056 0.025521 0.099074
0 1993 0.332031 0.292130 0.023438 0.117593
0 2000 0.769792 0.381944 0.033333 0.169444
0 2001 0.394792 0.278704 0.030208 0.125926
0 2002 0.515625 0.440278 0.043750 0.182407
0 2003 0.488021 0.445370 0.037500 0.190741
0 2004 0.441667 0.295370 0.022917 0.112963
0 2005 0.397656 0.294907 0.035937 0.123148
0 2006 0.349219 0.345833 0.035937 0.150926
0 2010 0.514062 0.516204 0.050000 0.184259
0 2014 0.473698 0.507407 0.047396 0.209259
0 2026 0.089583 0.553241 0.044792 0.197222
0 2031 0.150260 0.499537 0.046354 0.184259
0 2109 0.612760 0.357870 0.031771 0.136111
0 2110 0.619010 0.354630 0.031771 0.135185
0 2111 0.604948 0.377315 0.033854 0.137963
0 2114 0.769531 0.387963 0.033854 0.172222
