0 1946 0.969792 0.915278 0.059375 0.171296
0 1947 0.170833 0.876852 0.075000 0.248148
0 1948 0.472917 0.842130 0.075000 0.306481
0 1949 0.386458 0.757407 0.072917 0.309259
0 1950 0.310156 0.776389 0.070312 0.304630
0 1951 0.206771 0.750463 0.060417 0.278704
0 1952 0.830469 0.696759 0.055729 0.271296
0 1953 0.784635 0.513426 0.046354 0.200926
0 1955 0.026042 0.844907 0.051042 0.226852
0 1956 0.770052 0.478241 0.040104 0.167593
0 1957 0.797396 0.460648 0.042708 0.173148
0 1958 0.801562 0.460648 0.035417 0.149074
0 1959 0.735938 0.455093 0.038542 0.173148
0 1960 0.795833 0.360648 0.030208 0.149074
0 1962 0.615885 0.491667 0.044271 0.187037
0 1963 0.183854 0.729167 0.047917 0.239815
0 1964 0.126042 0.717130 0.054167 0.245370
0 1966 0.216146 0.518056 0.040625 0.195370
0 1967 0.401562 0.430093 0.043750 0.169444
0 1968 0.351042 0.413889 0.042708 0.177778
0 1969 0.300260 0.426852 0.036979 0.175926
0 1970 0.477865 0.392130 0.040104 0.158333
0 1971 0.420573 0.378241 0.029687 0.134259
0 1972 0.390365 0.367593 0.035937 0.153704
0 1973 0.324479 0.354167 0.037500 0.147222
0 1974 0.480729 0.335185 0.033333 0.133333
0 1975 0.455990 0.331944 0.029687 0.132407
0 1976 0.483854 0.305093 0.031250 0.130556
0 1977 0.443490 0.325000 0.026562 0.129630
0 1978 0.447656 0.325463 0.025521 0.128704
0 1979 0.456250 0.307407 0.029167 0.124074
0 1980 0.422396 0.275463 0.028125 0.119444
0 1981 0.400260 0.315278 0.030729 0.126852
0 1982 0.375000 0.320833 0.030208 0.132407
0 1983 0.355469 0.318519 0.029687 0.138889
0 1984 0.364063 0.261111 0.029167 0.120370
0 1985 0.295573 0.344907 0.029687 0.119444
0 1986 0.320052 0.319907 0.034896 0.134259
0 1987 0.327865 0.291667 0.027604 0.124074
0 1988 0.282031 0.316204 0.033854 0.137963
0 1992 0.480469 0.199537 0.025521 0.099074
0 2000 0.767448 0.382407 0.027604 0.170370
0 2001 0.387240 0.270833 0.027604 0.119444
0 2002 0.522656 0.464815 0.043229 0.203704
0 2003 0.484635 0.464352 0.039062 0.200926
0 2004 0.431250 0.294444 0.025000 0.116667
0 2005 0.391667 0.289352 0.032292 0.121296
0 2006 0.338281 0.340741 0.034896 0.144444
0 2010 0.512760 0.530556 0.045312 0.194444
0 2014 0.477344 0.530093 0.047396 0.213889
0 2026 0.090625 0.555093 0.044792 0.197222
0 2031 0.178906 0.499537 0.042188 0.182407
0 2109 0.613802 0.360185 0.031771 0.135185
0 2110 0.617188 0.355556 0.032292 0.135185
0 2111 0.605469 0.379167 0.033854 0.139815
0 2114 0.770833 0.389815 0.033333 0.174074
