0 1947 0.055208 0.950000 0.069792 0.098148
0 1948 0.322396 0.896296 0.076042 0.205556
0 1949 0.281250 0.843519 0.081250 0.311111
0 1950 0.202083 0.861111 0.073958 0.277778
0 1951 0.170833 0.846296 0.064583 0.305556
0 1952 0.827865 0.748148 0.060937 0.292593
0 1953 0.794531 0.578241 0.049479 0.228704
0 1954 0.091146 0.753241 0.066667 0.254630
0 1955 0.023958 0.769907 0.046875 0.200926
0 1956 0.801042 0.497222 0.037500 0.170370
0 1957 0.886458 0.491204 0.053125 0.186111
0 1958 0.835156 0.490278 0.041146 0.162037
0 1959 0.806250 0.477315 0.038542 0.171296
0 1961 0.026042 0.707870 0.051042 0.287963
0 1962 0.707292 0.511574 0.044792 0.195370
0 1963 0.225260 0.656944 0.050521 0.223148
0 1964 0.170573 0.649537 0.053646 0.228704
0 1966 0.253646 0.545370 0.044792 0.207407
0 1967 0.391667 0.460648 0.048958 0.178704
0 1968 0.337500 0.440741 0.041667 0.185185
0 1969 0.295833 0.421296 0.036458 0.175926
0 1970 0.459896 0.410185 0.040625 0.162963
0 1971 0.401042 0.394907 0.029167 0.139815
0 1972 0.375781 0.373148 0.040104 0.161111
0 1973 0.326302 0.369444 0.035937 0.151852
0 1974 0.491146 0.350000 0.036458 0.135185
0 1975 0.467448 0.350926 0.029687 0.140741
0 1976 0.503906 0.326852 0.033854 0.146296
0 1977 0.440365 0.342130 0.027604 0.134259
0 1978 0.418490 0.337037 0.025521 0.129630
0 1979 0.470833 0.322685 0.029167 0.128704
0 1980 0.442448 0.288426 0.027604 0.123148
0 1981 0.397396 0.329630 0.032292 0.129630
0 1982 0.383073 0.331481 0.029687 0.137037
0 1983 0.359115 0.329630 0.029687 0.142593
0 1984 0.410417 0.269444 0.029167 0.124074
0 1985 0.330469 0.357407 0.029687 0.120370
0 1986 0.310156 0.336574 0.035937 0.150926
0 1987 0.370833 0.296296 0.028125 0.124074
0 1988 0.341667 0.318981 0.032292 0.137963
0 1989 0.384115 0.275926 0.023438 0.098148
0 1990 0.335156 0.285648 0.026562 0.117593
0 1991 0.285156 0.306019 0.033854 0.128704
0 1992 0.493490 0.184259 0.025521 0.094444
0 1993 0.351562 0.297685 0.026042 0.117593
0 2000 0.775781 0.374537 0.039062 0.171296
0 2001 0.408854 0.286111 0.030208 0.131481
0 2002 0.526563 0.421759 0.043750 0.195370
0 2003 0.501563 0.423611 0.036458 0.191667
0 2004 0.457813 0.304630 0.026042 0.114815
0 2005 0.408073 0.300463 0.029687 0.123148
0 2006 0.359375 0.349074 0.035417 0.153704
0 2008 0.377344 0.255556 0.023438 0.112963
0 2009 0.379688 0.248611 0.023958 0.115741
0 2010 0.509896 0.487963 0.045833 0.185185
0 2014 0.472917 0.477315 0.046875 0.199074
0 2026 0.089323 0.551852 0.043229 0.198148
0 2031 0.133333 0.499537 0.042708 0.193519
0 2049 0.892969 0.588889 0.046354 0.227778
0 2050 0.915365 0.582870 0.046354 0.208333
0 2109 0.610938 0.353241 0.031250 0.137963
0 2110 0.622135 0.351852 0.031771 0.135185
0 2111 0.605729 0.376389 0.030208 0.136111
0 2114 0.767188 0.384259 0.035417 0.168519
