0 1948 0.282292 0.906019 0.067708 0.189815
0 1949 0.188021 0.890278 0.083333 0.221296
0 1950 0.104688 0.911111 0.082292 0.177778
0 1951 0.099479 0.885185 0.080208 0.231481
0 1952 0.829688 0.786111 0.060417 0.307407
0 1953 0.813802 0.618981 0.051562 0.241667
0 1954 0.145833 0.681481 0.062500 0.235185
0 1955 0.045833 0.715278 0.060417 0.193519
0 1956 0.855208 0.512500 0.038542 0.176852
0 1959 0.923958 0.507407 0.061458 0.164815
0 1961 0.074740 0.644907 0.064062 0.254630
0 1962 0.784375 0.528241 0.047917 0.195370
0 1963 0.243750 0.616667 0.046875 0.211111
0 1964 0.203906 0.607870 0.045312 0.217593
0 1966 0.289062 0.566204 0.043750 0.213889
0 1967 0.390104 0.492593 0.052083 0.187037
0 1968 0.333333 0.472222 0.042708 0.201852
0 1969 0.295312 0.417130 0.035417 0.176852
0 1970 0.439583 0.426852 0.042708 0.168519
0 1971 0.384375 0.402315 0.028125 0.152778
0 1972 0.360417 0.385648 0.040625 0.173148
0 1973 0.327344 0.377778 0.035937 0.151852
0 1974 0.494010 0.363426 0.036979 0.136111
0 1975 0.471615 0.362963 0.027604 0.146296
0 1976 0.518490 0.341667 0.038021 0.151852
0 1977 0.439063 0.353241 0.028125 0.134259
0 1978 0.420573 0.351389 0.029687 0.134259
0 1979 0.488021 0.335648 0.032292 0.128704
0 1980 0.461458 0.297685 0.029167 0.125000
0 1981 0.396875 0.344907 0.032292 0.152778
0 1982 0.389583 0.338889 0.030208 0.137037
0 1983 0.373698 0.339352 0.029687 0.143519
0 1984 0.427865 0.274074 0.029687 0.124074
0 1985 0.347917 0.365741 0.030208 0.124074
0 1986 0.300521 0.351389 0.037500 0.150926
0 1987 0.390625 0.306481 0.028125 0.124074
0 1988 0.356510 0.325000 0.027604 0.137037
0 1989 0.398177 0.281944 0.023438 0.099074
0 1990 0.348177 0.298148 0.029687 0.125926
0 1991 0.318490 0.317593 0.035937 0.129630
0 1992 0.502083 0.176852 0.023958 0.092593
0 1993 0.366406 0.311111 0.025521 0.118519
0 2000 0.789062 0.365741 0.032292 0.174074
0 2001 0.423958 0.294907 0.031250 0.136111
0 2002 0.551042 0.391667 0.039583 0.185185
0 2003 0.519271 0.399537 0.031250 0.186111
0 2004 0.479687 0.316667 0.025000 0.118519
0 2005 0.415365 0.311111 0.029687 0.125926
0 2006 0.363802 0.352778 0.035937 0.153704
0 2008 0.421615 0.262963 0.024479 0.112963
0 2009 0.434635 0.254167 0.024479 0.119444
0 2010 0.523438 0.450463 0.044792 0.171296
0 2014 0.484896 0.443981 0.043750 0.187963
0 2026 0.094792 0.551852 0.040625 0.198148
0 2031 0.133073 0.497685 0.042188 0.193519
0 2049 0.788542 0.560648 0.050000 0.213889
0 2050 0.817969 0.557407 0.046354 0.200000
0 2051 0.350781 0.253241 0.023438 0.117593
0 2109 0.610417 0.356481 0.032292 0.135185
0 2110 0.623698 0.349074 0.031771 0.135185
0 2111 0.615625 0.376852 0.030208 0.135185
0 2114 0.773438 0.380556 0.035417 0.168519
