0 1948 0.295052 0.906019 0.067187 0.189815
0 1949 0.215104 0.875463 0.071875 0.250926
0 1950 0.135156 0.893056 0.079687 0.213889
0 1951 0.125260 0.868056 0.065104 0.262037
0 1952 0.830208 0.775000 0.060417 0.300000
0 1953 0.806510 0.601389 0.050521 0.234259
0 1954 0.127865 0.705556 0.064062 0.240741
0 1955 0.034896 0.734722 0.059375 0.197222
0 1956 0.835938 0.509722 0.038542 0.176852
0 1959 0.870833 0.505556 0.048958 0.168519
0 1961 0.053646 0.664352 0.065625 0.273148
0 1962 0.759115 0.520833 0.050521 0.195370
0 1963 0.239583 0.627778 0.043750 0.212963
0 1964 0.194792 0.621296 0.052083 0.218519
0 1966 0.278125 0.557407 0.044792 0.209259
0 1967 0.389844 0.481019 0.050521 0.182407
0 1968 0.332552 0.462963 0.042188 0.196296
0 1969 0.295573 0.418056 0.035937 0.176852
0 1970 0.445052 0.421296 0.042188 0.166667
0 1971 0.387240 0.400463 0.032813 0.145370
0 1972 0.361458 0.381944 0.043750 0.171296
0 1973 0.325781 0.374074 0.035937 0.151852
0 1974 0.491667 0.360185 0.038542 0.135185
0 1975 0.471615 0.357870 0.027604 0.139815
0 1976 0.515104 0.336111 0.036458 0.150000
0 1977 0.439844 0.347685 0.027604 0.134259
0 1978 0.419531 0.348148 0.028646 0.135185
0 1979 0.480469 0.331944 0.029687 0.128704
0 1980 0.457031 0.292130 0.027604 0.123148
0 1981 0.397396 0.339815 0.032292 0.146296
0 1982 0.383333 0.336111 0.030208 0.137037
0 1983 0.366927 0.334722 0.029687 0.143519
0 1984 0.422656 0.272222 0.029687 0.124074
0 1985 0.346094 0.363426 0.029687 0.123148
0 1986 0.302865 0.346759 0.036979 0.150926
0 1987 0.385156 0.301852 0.027604 0.124074
0 1988 0.352865 0.324074 0.028646 0.137037
0 1989 0.397656 0.281019 0.023438 0.099074
0 1990 0.343229 0.291204 0.029167 0.121296
0 1991 0.315104 0.314815 0.036458 0.129630
0 1992 0.499219 0.180093 0.025521 0.093519
0 1993 0.362500 0.305556 0.026042 0.118519
0 2000 0.788281 0.366204 0.032813 0.173148
0 2001 0.419531 0.291667 0.030729 0.135185
0 2002 0.544792 0.400000 0.040625 0.187037
0 2003 0.508854 0.405093 0.031250 0.189815
0 2004 0.472917 0.312037 0.025000 0.118519
0 2005 0.412760 0.307870 0.029687 0.125000
0 2006 0.363281 0.351852 0.035937 0.153704
0 2008 0.407813 0.259259 0.023958 0.112963
0 2009 0.418750 0.253241 0.023958 0.115741
0 2010 0.517969 0.459259 0.044271 0.170370
0 2014 0.480208 0.453704 0.043750 0.190741
0 2026 0.093229 0.551852 0.041667 0.198148
0 2031 0.133073 0.498611 0.042188 0.193519
0 2049 0.821354 0.568981 0.055208 0.221296
0 2050 0.847135 0.571759 0.046354 0.215741
0 2109 0.610417 0.354630 0.032292 0.137037
0 2110 0.623698 0.350000 0.031771 0.135185
0 2111 0.611458 0.375926 0.030208 0.135185
0 2114 0.771875 0.381481 0.035417 0.168519
