0 1948 0.303646 0.906019 0.065625 0.189815
0 1949 0.242969 0.862963 0.082812 0.275926
0 1950 0.156250 0.879630 0.075000 0.240741
0 1951 0.139323 0.860648 0.066146 0.276852
0 1952 0.830469 0.765741 0.060937 0.296296
0 1953 0.802865 0.585648 0.050521 0.219444
0 1954 0.117969 0.720370 0.063021 0.240741
0 1955 0.027865 0.747685 0.054688 0.200926
0 1956 0.822917 0.506019 0.038542 0.175000
0 1957 0.944531 0.492593 0.044271 0.187037
0 1958 0.881250 0.496296 0.044792 0.162963
0 1959 0.841406 0.495833 0.040104 0.171296
0 1961 0.039583 0.678704 0.062500 0.281481
0 1962 0.740625 0.518056 0.046875 0.195370
0 1963 0.235156 0.634259 0.045312 0.211111
0 1964 0.186719 0.628241 0.051562 0.219444
0 1966 0.269792 0.552778 0.044792 0.207407
0 1967 0.390104 0.472685 0.048958 0.178704
0 1968 0.333073 0.454167 0.042188 0.189815
0 1969 0.295573 0.418981 0.035937 0.176852
0 1970 0.449479 0.417130 0.041667 0.163889
0 1971 0.390104 0.399537 0.034375 0.139815
0 1972 0.365104 0.378704 0.041667 0.166667
0 1973 0.326823 0.372222 0.035937 0.151852
0 1974 0.490625 0.357407 0.038542 0.135185
0 1975 0.469531 0.355093 0.027604 0.139815
0 1976 0.511719 0.331944 0.034896 0.147222
0 1977 0.440365 0.345833 0.027604 0.134259
0 1978 0.418750 0.346296 0.028125 0.135185
0 1979 0.476562 0.328241 0.029167 0.128704
0 1980 0.452865 0.290278 0.027604 0.123148
0 1981 0.397396 0.336111 0.032292 0.140741
0 1982 0.383333 0.334259 0.030208 0.137037
0 1983 0.361719 0.331944 0.029687 0.143519
0 1984 0.417187 0.272222 0.029167 0.124074
0 1985 0.340885 0.362037 0.029687 0.122222
0 1986 0.304427 0.343981 0.035937 0.150926
0 1987 0.380990 0.296296 0.027604 0.124074
0 1988 0.349219 0.324074 0.031771 0.137037
0 1989 0.396615 0.281019 0.023438 0.099074
0 1990 0.339323 0.285648 0.029687 0.117593
0 1991 0.304167 0.310648 0.034375 0.128704
0 1992 0.497135 0.181019 0.025521 0.093519
0 1993 0.358854 0.300926 0.026042 0.118519
0 2000 0.783594 0.367130 0.034896 0.173148
0 2001 0.415885 0.289815 0.030729 0.133333
0 2002 0.538802 0.405556 0.042188 0.188889
0 2003 0.507031 0.409722 0.032813 0.189815
0 2004 0.466667 0.309259 0.025000 0.118519
0 2005 0.411198 0.305093 0.029687 0.125000
0 2006 0.363281 0.350926 0.035937 0.153704
0 2008 0.397396 0.257407 0.023958 0.112963
0 2009 0.405729 0.252315 0.023958 0.115741
0 2010 0.512500 0.466667 0.043750 0.170370
0 2014 0.478125 0.459259 0.043750 0.190741
0 2026 0.091927 0.551852 0.042188 0.198148
0 2031 0.133073 0.498611 0.042188 0.193519
0 2049 0.846354 0.576852 0.056250 0.227778
0 2050 0.870313 0.577778 0.046875 0.218519
0 2109 0.610677 0.353241 0.031771 0.137963
0 2110 0.623698 0.350000 0.031771 0.135185
0 2111 0.608854 0.375926 0.030208 0.135185
0 2114 0.770833 0.382407 0.035417 0.168519
