0 1948 0.247396 0.911111 0.067708 0.179630
0 1949 0.139063 0.908796 0.080208 0.182407
0 1950 0.063021 0.934722 0.087500 0.130556
0 1951 0.073438 0.904167 0.076042 0.191667
0 1952 0.824479 0.808796 0.060417 0.315741
0 1953 0.826042 0.639815 0.053125 0.237037
0 1954 0.161198 0.657407 0.058854 0.220370
0 1955 0.066667 0.690741 0.055208 0.187037
0 1956 0.882031 0.517130 0.042188 0.176852
0 1961 0.103385 0.627315 0.060937 0.252778
0 1962 0.823958 0.533796 0.045833 0.195370
0 1963 0.250521 0.600000 0.046875 0.205556
0 1964 0.211979 0.593981 0.045833 0.217593
0 1966 0.305469 0.577778 0.044271 0.216667
0 1967 0.391146 0.505093 0.053125 0.189815
0 1968 0.331771 0.483333 0.045833 0.201852
0 1969 0.295052 0.415741 0.034896 0.175926
0 1970 0.439323 0.437963 0.047396 0.174074
0 1971 0.380729 0.407870 0.029167 0.147222
0 1972 0.360938 0.392593 0.038542 0.174074
0 1973 0.329167 0.384259 0.036458 0.151852
0 1974 0.497656 0.371759 0.035937 0.137963
0 1975 0.468490 0.366667 0.030729 0.151852
0 1976 0.521094 0.348148 0.038021 0.151852
0 1977 0.439583 0.359722 0.028125 0.134259
0 1978 0.422656 0.356019 0.029687 0.134259
0 1979 0.493490 0.340278 0.031771 0.128704
0 1980 0.467187 0.305093 0.030208 0.128704
0 1981 0.395313 0.353704 0.032292 0.153704
0 1982 0.400781 0.341667 0.029687 0.137037
0 1983 0.383073 0.343981 0.029687 0.143519
0 1984 0.431771 0.279630 0.030208 0.124074
0 1985 0.346615 0.370833 0.029687 0.125000
0 1986 0.294271 0.359259 0.037500 0.151852
0 1987 0.399740 0.311111 0.030729 0.124074
0 1988 0.361198 0.329630 0.027604 0.137037
0 1989 0.397917 0.288426 0.023958 0.099074
0 1990 0.355469 0.305556 0.041146 0.133333
0 1991 0.329948 0.323611 0.035937 0.134259
0 1992 0.504687 0.173148 0.021875 0.092593
0 1993 0.373177 0.317593 0.025521 0.118519
0 2000 0.789062 0.365741 0.032292 0.174074
0 2001 0.427604 0.301389 0.032292 0.137963
0 2002 0.554167 0.390741 0.034375 0.185185
0 2003 0.525521 0.396759 0.028125 0.184259
0 2004 0.486979 0.323148 0.025000 0.120370
0 2005 0.418490 0.315741 0.029687 0.125926
0 2006 0.364844 0.354630 0.035937 0.153704
0 2008 0.433333 0.266667 0.028125 0.112963
0 2009 0.454167 0.258796 0.028125 0.121296
0 2010 0.528125 0.440278 0.044792 0.171296
0 2014 0.495052 0.433333 0.043229 0.187037
0 2015 0.341146 0.247685 0.025000 0.106481
0 2026 0.094792 0.550926 0.039583 0.198148
0 2031 0.133333 0.498611 0.042708 0.193519
0 2049 0.745313 0.552778 0.059375 0.216667
0 2050 0.779687 0.552778 0.048958 0.203704
0 2051 0.386198 0.249074 0.023438 0.118519
0 2109 0.610938 0.357407 0.032292 0.135185
0 2110 0.623958 0.348148 0.032292 0.135185
0 2111 0.618750 0.377778 0.030208 0.135185
0 2114 0.772917 0.380556 0.035417 0.168519
0 2118 0.358073 0.252778 0.023438 0.107407
