0 1952 0.803385 0.868056 0.065104 0.258333
0 1953 0.927344 0.841667 0.070312 0.312963
0 1954 0.240625 0.540741 0.052083 0.190741
0 1955 0.164583 0.578704 0.052083 0.159259
0 1961 0.173958 0.518981 0.059375 0.217593
0 1963 0.265365 0.517593 0.043229 0.181481
0 1964 0.228906 0.514352 0.041146 0.186111
0 1966 0.374219 0.646759 0.054688 0.237963
0 1967 0.355729 0.614815 0.054167 0.225926
0 1968 0.287760 0.587963 0.056771 0.240741
0 1969 0.293490 0.447222 0.038021 0.179630
0 1970 0.641927 0.485185 0.045312 0.179630
0 1971 0.398698 0.457407 0.033854 0.151852
0 1972 0.365625 0.436574 0.043750 0.184259
0 1973 0.325000 0.431019 0.043750 0.178704
0 1974 0.487240 0.424537 0.038021 0.169444
0 1975 0.451042 0.423148 0.037500 0.175926
0 1976 0.502344 0.391204 0.038021 0.160185
0 1977 0.407031 0.404630 0.029687 0.155556
0 1978 0.391667 0.377315 0.033333 0.149074
0 1979 0.483073 0.382407 0.029687 0.137037
0 1980 0.486719 0.343981 0.031771 0.143519
0 1981 0.367448 0.376852 0.031771 0.157407
0 1982 0.446615 0.382870 0.033854 0.154630
0 1983 0.424219 0.376389 0.029687 0.162037
0 1984 0.439583 0.311111 0.030208 0.124074
0 1985 0.311458 0.389352 0.030208 0.132407
0 1986 0.276823 0.408796 0.040104 0.171296
0 1987 0.419792 0.335185 0.031250 0.135185
0 1988 0.376563 0.360185 0.032292 0.137037
0 1989 0.399219 0.331019 0.024479 0.121296
0 1990 0.370312 0.339352 0.036458 0.137963
0 1991 0.348698 0.362963 0.040104 0.148148
0 1992 0.480990 0.160185 0.021354 0.087037
0 1993 0.397396 0.349074 0.028125 0.124074
0 2000 0.784115 0.361111 0.031771 0.174074
0 2001 0.455729 0.344444 0.032292 0.155556
0 2002 0.550521 0.391667 0.034375 0.185185
0 2003 0.542448 0.395370 0.025521 0.175926
0 2004 0.492188 0.358333 0.026042 0.124074
0 2005 0.423438 0.348611 0.030208 0.126852
0 2006 0.350781 0.375926 0.035937 0.170370
0 2007 0.288802 0.321759 0.035937 0.149074
0 2008 0.465365 0.306019 0.027604 0.128704
0 2009 0.487500 0.292593 0.029167 0.135185
0 2010 0.528385 0.424074 0.036979 0.164815
0 2013 0.426042 0.273611 0.029167 0.121296
0 2014 0.536458 0.408796 0.033333 0.171296
0 2015 0.450521 0.269444 0.028125 0.107407
0 2016 0.354427 0.271759 0.029687 0.128704
0 2017 0.372917 0.270833 0.027083 0.125000
0 2020 0.379427 0.250463 0.027604 0.112037
0 2026 0.094792 0.548148 0.035417 0.196296
0 2030 0.360156 0.244907 0.027604 0.117593
0 2031 0.131771 0.499537 0.041667 0.195370
0 2032 0.380208 0.243519 0.027083 0.116667
0 2049 0.536719 0.490278 0.039062 0.206481
0 2050 0.522917 0.520370 0.053125 0.203704
0 2051 0.493750 0.245370 0.023958 0.118519
0 2055 0.341146 0.237963 0.026042 0.124074
0 2109 0.608333 0.354630 0.032292 0.135185
0 2110 0.618750 0.345370 0.032292 0.135185
0 2111 0.621354 0.378704 0.030208 0.135185
0 2112 0.340104 0.262963 0.019792 0.088889
0 2113 0.338021 0.278241 0.027083 0.115741
0 2114 0.766667 0.378704 0.033333 0.168519
0 2118 0.461458 0.242593 0.026042 0.107407
