0 1952 0.803906 0.865741 0.067187 0.261111
0 1953 0.921354 0.837037 0.067708 0.322222
0 1954 0.238542 0.543981 0.052083 0.193519
0 1955 0.157812 0.582407 0.053125 0.159259
0 1961 0.172917 0.523611 0.059375 0.219444
0 1963 0.264844 0.519444 0.044271 0.181481
0 1964 0.228906 0.516204 0.041146 0.184259
0 1966 0.371875 0.643981 0.056250 0.237963
0 1967 0.360417 0.608333 0.056250 0.224074
0 1968 0.290104 0.581481 0.055208 0.240741
0 1969 0.291667 0.443056 0.038542 0.176852
0 1970 0.629167 0.486111 0.050000 0.179630
0 1971 0.398958 0.455093 0.033333 0.150926
0 1972 0.365625 0.433796 0.043750 0.184259
0 1973 0.325260 0.427315 0.043229 0.178704
0 1974 0.486458 0.421759 0.038542 0.167593
0 1975 0.449479 0.419907 0.037500 0.173148
0 1976 0.504427 0.388426 0.038021 0.158333
0 1977 0.408073 0.403241 0.029687 0.156481
0 1978 0.392708 0.375000 0.033333 0.148148
0 1979 0.483854 0.380556 0.030208 0.137037
0 1980 0.484115 0.342130 0.031771 0.143519
0 1981 0.368490 0.374074 0.031771 0.157407
0 1982 0.446094 0.381019 0.033854 0.154630
0 1983 0.422656 0.375000 0.029687 0.161111
0 1984 0.439063 0.309259 0.030208 0.124074
0 1985 0.313021 0.388426 0.030208 0.132407
0 1986 0.276302 0.406019 0.040104 0.171296
0 1987 0.418229 0.332870 0.031250 0.132407
0 1988 0.373437 0.357407 0.032292 0.137037
0 1989 0.399219 0.328704 0.024479 0.120370
0 1990 0.369271 0.338426 0.036458 0.137963
0 1991 0.345573 0.359259 0.040104 0.148148
0 1992 0.482031 0.160185 0.021354 0.087037
0 1993 0.395833 0.348148 0.028125 0.124074
0 2000 0.784115 0.361111 0.031771 0.174074
0 2001 0.454427 0.342130 0.031771 0.154630
0 2002 0.550521 0.391667 0.034375 0.185185
0 2003 0.543229 0.395370 0.025000 0.175926
0 2004 0.492448 0.356481 0.025521 0.124074
0 2005 0.423438 0.345833 0.030208 0.126852
0 2006 0.350781 0.374074 0.035937 0.170370
0 2007 0.286719 0.320370 0.035937 0.148148
0 2008 0.464323 0.306019 0.027604 0.130556
0 2009 0.487500 0.291204 0.029167 0.134259
0 2010 0.525260 0.421759 0.038021 0.165741
0 2013 0.421875 0.272685 0.030208 0.121296
0 2014 0.532552 0.408796 0.032813 0.171296
0 2015 0.446875 0.266667 0.028125 0.107407
0 2016 0.352865 0.271759 0.028646 0.128704
0 2017 0.369531 0.266204 0.024479 0.121296
0 2020 0.375781 0.245833 0.027604 0.112037
0 2026 0.094792 0.548148 0.035417 0.196296
0 2030 0.354687 0.242130 0.027083 0.115741
0 2031 0.131771 0.499074 0.041667 0.194444
0 2032 0.376042 0.242130 0.027083 0.117593
0 2049 0.540104 0.492130 0.039583 0.206481
0 2050 0.532031 0.520833 0.054688 0.202778
0 2051 0.488802 0.243519 0.023438 0.118519
0 2055 0.335938 0.235185 0.026042 0.120370
0 2109 0.608333 0.354630 0.032292 0.135185
0 2110 0.618750 0.345370 0.032292 0.135185
0 2111 0.621875 0.378704 0.030208 0.135185
0 2112 0.335938 0.262037 0.019792 0.088889
0 2114 0.766927 0.378704 0.033854 0.168519
0 2118 0.459115 0.241667 0.025521 0.107407
