0 1948 0.244792 0.911574 0.067708 0.178704
0 1949 0.135677 0.910648 0.079687 0.178704
0 1950 0.060417 0.936574 0.088542 0.126852
0 1951 0.071354 0.905093 0.073958 0.189815
0 1952 0.823438 0.810185 0.060417 0.316667
0 1953 0.826823 0.643519 0.052604 0.238889
0 1954 0.163021 0.656019 0.059375 0.219444
0 1955 0.066927 0.688889 0.055729 0.187037
0 1956 0.883854 0.518056 0.042708 0.176852
0 1961 0.105990 0.625926 0.060937 0.253704
0 1962 0.826562 0.534722 0.045833 0.195370
0 1963 0.251302 0.599074 0.046354 0.205556
0 1964 0.212240 0.593056 0.046354 0.217593
0 1966 0.306510 0.578241 0.044271 0.217593
0 1967 0.391667 0.506481 0.053125 0.190741
0 1968 0.331510 0.485185 0.046354 0.201852
0 1969 0.295052 0.415741 0.034896 0.175926
0 1970 0.440104 0.438889 0.047917 0.174074
0 1971 0.380729 0.408796 0.029167 0.147222
0 1972 0.360938 0.393519 0.038542 0.174074
0 1973 0.328906 0.385185 0.035937 0.151852
0 1974 0.497917 0.372685 0.036458 0.137963
0 1975 0.468490 0.367593 0.030729 0.151852
0 1976 0.521615 0.349074 0.038021 0.151852
0 1977 0.439844 0.360648 0.027604 0.134259
0 1978 0.422917 0.356481 0.030208 0.135185
0 1979 0.494010 0.340278 0.031771 0.128704
0 1980 0.467708 0.305093 0.030208 0.128704
0 1981 0.395313 0.354167 0.032292 0.154630
0 1982 0.401302 0.342593 0.029687 0.137037
0 1983 0.383594 0.344907 0.029687 0.143519
0 1984 0.431771 0.279630 0.030208 0.124074
0 1985 0.346354 0.370833 0.030208 0.125000
0 1986 0.293750 0.360185 0.037500 0.151852
0 1987 0.400260 0.312037 0.030729 0.124074
0 1988 0.361198 0.329630 0.027604 0.137037
0 1989 0.397917 0.289352 0.023958 0.099074
0 1990 0.355990 0.305556 0.042188 0.133333
0 1991 0.330990 0.324074 0.035937 0.135185
0 1992 0.504687 0.172222 0.021875 0.092593
0 1993 0.373698 0.318519 0.025521 0.118519
0 2000 0.789062 0.365741 0.032292 0.174074
0 2001 0.427865 0.301852 0.031771 0.137037
0 2002 0.554167 0.390741 0.034375 0.185185
0 2003 0.525521 0.396759 0.028125 0.184259
0 2004 0.487500 0.323148 0.025000 0.120370
0 2005 0.418750 0.316204 0.030208 0.126852
0 2006 0.364844 0.354630 0.035937 0.153704
0 2008 0.434375 0.266667 0.028125 0.112963
0 2009 0.455208 0.258796 0.028125 0.121296
0 2010 0.528646 0.439352 0.044792 0.171296
0 2014 0.495312 0.431944 0.042708 0.186111
0 2015 0.342187 0.247685 0.025000 0.106481
0 2026 0.094792 0.550000 0.039583 0.198148
0 2031 0.133594 0.498611 0.042188 0.193519
0 2049 0.743490 0.551389 0.056771 0.217593
0 2050 0.777344 0.552778 0.049479 0.203704
0 2051 0.387760 0.249074 0.023438 0.118519
0 2109 0.611198 0.357407 0.031771 0.135185
0 2110 0.624219 0.348148 0.031771 0.135185
0 2111 0.618750 0.377778 0.030208 0.135185
0 2114 0.772917 0.380556 0.035417 0.168519
0 2118 0.360156 0.252778 0.023438 0.107407
