0 1952 0.803385 0.868519 0.064062 0.257407
0 1953 0.928906 0.843056 0.070312 0.310185
0 1954 0.240365 0.539815 0.051562 0.190741
0 1955 0.166406 0.577778 0.051562 0.159259
0 1961 0.174219 0.517593 0.058854 0.216667
0 1963 0.265365 0.517593 0.043229 0.181481
0 1964 0.228906 0.513889 0.041146 0.185185
0 1966 0.374479 0.647222 0.054167 0.238889
0 1967 0.354427 0.616667 0.053646 0.225926
0 1968 0.286979 0.589352 0.057292 0.239815
0 1969 0.294010 0.448148 0.038021 0.181481
0 1970 0.645052 0.485185 0.044271 0.179630
0 1971 0.398698 0.458333 0.033854 0.151852
0 1972 0.365885 0.437500 0.044271 0.184259
0 1973 0.324740 0.431944 0.044271 0.178704
0 1974 0.487240 0.424537 0.038021 0.169444
0 1975 0.451562 0.424074 0.037500 0.175926
0 1976 0.501823 0.392130 0.038021 0.160185
0 1977 0.406510 0.405093 0.029687 0.154630
0 1978 0.391406 0.377778 0.032813 0.148148
0 1979 0.482552 0.383333 0.029687 0.137037
0 1980 0.487760 0.343981 0.031771 0.143519
0 1981 0.366927 0.376852 0.031771 0.157407
0 1982 0.446615 0.383796 0.033854 0.154630
0 1983 0.424740 0.377315 0.029687 0.162037
0 1984 0.440104 0.312037 0.030208 0.124074
0 1985 0.310937 0.390278 0.030208 0.132407
0 1986 0.276823 0.408796 0.040104 0.171296
0 1987 0.420052 0.336111 0.031771 0.135185
0 1988 0.377604 0.360185 0.032292 0.137037
0 1989 0.399219 0.331944 0.024479 0.121296
0 1990 0.370833 0.339352 0.036458 0.137963
0 1991 0.349219 0.363889 0.040104 0.148148
0 1992 0.480990 0.160185 0.021354 0.087037
0 1993 0.397917 0.350000 0.028125 0.124074
0 2000 0.784115 0.361111 0.031771 0.174074
0 2001 0.456250 0.344907 0.032292 0.156481
0 2002 0.550521 0.391667 0.034375 0.185185
0 2003 0.542448 0.395370 0.025521 0.175926
0 2004 0.492188 0.359259 0.026042 0.124074
0 2005 0.423958 0.349537 0.030208 0.126852
0 2006 0.350781 0.376389 0.035937 0.171296
0 2007 0.289323 0.322685 0.035937 0.149074
0 2008 0.465885 0.306481 0.027604 0.127778
0 2009 0.487500 0.292593 0.029167 0.135185
0 2010 0.529427 0.424537 0.036979 0.165741
0 2013 0.427083 0.273611 0.029167 0.121296
0 2014 0.537500 0.408796 0.033333 0.171296
0 2015 0.451562 0.270370 0.028125 0.107407
0 2016 0.354948 0.272685 0.029687 0.128704
0 2017 0.373698 0.272222 0.027604 0.125926
0 2020 0.380469 0.251389 0.027604 0.112037
0 2026 0.094792 0.548611 0.035417 0.195370
0 2030 0.361198 0.244907 0.027604 0.117593
0 2031 0.131771 0.499537 0.041667 0.195370
0 2032 0.381510 0.244444 0.026562 0.116667
0 2049 0.536458 0.490278 0.038542 0.206481
0 2050 0.521094 0.520370 0.053646 0.203704
0 2051 0.495312 0.246296 0.023958 0.118519
0 2055 0.342708 0.238426 0.026042 0.125000
0 2109 0.608333 0.354630 0.032292 0.135185
0 2110 0.618750 0.345370 0.032292 0.135185
0 2111 0.621354 0.378704 0.030208 0.135185
0 2112 0.341146 0.262963 0.019792 0.088889
0 2113 0.339062 0.278241 0.027083 0.115741
0 2114 0.766667 0.378704 0.033333 0.168519
0 2118 0.462240 0.243519 0.025521 0.107407
