0 1948 0.191667 0.918981 0.075000 0.162037
0 1949 0.100521 0.934722 0.079167 0.132407
0 1951 0.047656 0.924537 0.073438 0.152778
0 1952 0.817969 0.831481 0.063021 0.320370
0 1953 0.840365 0.683333 0.052604 0.266667
0 1954 0.181771 0.635185 0.058333 0.214815
0 1955 0.084896 0.665278 0.051042 0.184259
0 1956 0.913021 0.528704 0.043750 0.181481
0 1961 0.127865 0.605093 0.058854 0.250926
0 1962 0.861979 0.544907 0.044792 0.200926
0 1963 0.261979 0.583796 0.044792 0.200926
0 1964 0.220833 0.580093 0.045833 0.208333
0 1966 0.321354 0.589352 0.043750 0.226852
0 1967 0.393229 0.525000 0.053125 0.198148
0 1968 0.328385 0.501852 0.046354 0.201852
0 1969 0.294271 0.414815 0.035417 0.175926
0 1970 0.459375 0.451389 0.041667 0.171296
0 1971 0.390625 0.414352 0.029167 0.145370
0 1972 0.358854 0.403241 0.042708 0.173148
0 1973 0.327083 0.391667 0.037500 0.151852
0 1974 0.496875 0.384722 0.038542 0.145370
0 1975 0.464323 0.378704 0.033854 0.153704
0 1976 0.523698 0.355556 0.038021 0.151852
0 1977 0.437240 0.368981 0.027604 0.139815
0 1978 0.420833 0.359722 0.031250 0.136111
0 1979 0.496094 0.349074 0.031771 0.129630
0 1980 0.472135 0.310648 0.030729 0.128704
0 1981 0.388542 0.358796 0.036458 0.154630
0 1982 0.412240 0.349537 0.029687 0.139815
0 1983 0.392969 0.349537 0.029687 0.143519
0 1984 0.436458 0.285185 0.030208 0.124074
0 1985 0.341927 0.374074 0.029687 0.125926
0 1986 0.287760 0.372222 0.039062 0.157407
0 1987 0.404948 0.318519 0.031771 0.124074
0 1988 0.361198 0.336574 0.027604 0.137963
0 1989 0.402083 0.293519 0.023958 0.098148
0 1990 0.358073 0.312037 0.042188 0.137037
0 1991 0.335156 0.333796 0.044271 0.139815
0 1992 0.503646 0.169444 0.021875 0.092593
0 1993 0.381250 0.324537 0.026042 0.119444
0 2000 0.788542 0.365741 0.032292 0.174074
0 2001 0.432292 0.308333 0.032292 0.138889
0 2002 0.553646 0.391667 0.034375 0.185185
0 2003 0.532031 0.399537 0.027604 0.184259
0 2004 0.494531 0.329630 0.025521 0.124074
0 2005 0.421354 0.320833 0.030208 0.126852
0 2006 0.364844 0.358333 0.035937 0.153704
0 2008 0.441927 0.274074 0.029687 0.120370
0 2009 0.470052 0.269444 0.027604 0.125926
0 2010 0.529427 0.431944 0.038021 0.169444
0 2013 0.349740 0.250463 0.023438 0.112037
0 2014 0.501302 0.418519 0.038021 0.179630
0 2015 0.357812 0.249537 0.025000 0.106481
0 2026 0.094792 0.549074 0.038542 0.198148
0 2031 0.135417 0.503241 0.042708 0.193519
0 2049 0.702604 0.550000 0.056250 0.214815
0 2050 0.731771 0.542593 0.058333 0.201852
0 2051 0.415885 0.250000 0.023438 0.118519
0 2109 0.612240 0.357407 0.031771 0.135185
0 2110 0.624479 0.347222 0.032292 0.135185
0 2111 0.620313 0.377778 0.030208 0.135185
0 2114 0.771354 0.380556 0.035417 0.168519
0 2118 0.386458 0.256944 0.025000 0.106481
