0 1952 0.804688 0.862037 0.071875 0.266667
0 1953 0.910937 0.820370 0.066667 0.320370
0 1954 0.233333 0.550926 0.052083 0.198148
0 1955 0.155469 0.589815 0.043229 0.162963
0 1961 0.170313 0.530093 0.058333 0.223148
0 1963 0.266927 0.524074 0.040104 0.181481
0 1964 0.228646 0.520370 0.040625 0.181481
0 1966 0.364323 0.636111 0.051562 0.237037
0 1967 0.368750 0.595833 0.056250 0.219444
0 1968 0.295312 0.568981 0.052083 0.234259
0 1969 0.288021 0.438426 0.038542 0.176852
0 1970 0.606510 0.477315 0.050521 0.182407
0 1971 0.400781 0.450926 0.031771 0.146296
0 1972 0.366146 0.427315 0.043750 0.178704
0 1973 0.325260 0.420833 0.042188 0.176852
0 1974 0.485156 0.417593 0.038021 0.164815
0 1975 0.446094 0.412963 0.038021 0.168519
0 1976 0.508333 0.382870 0.038542 0.154630
0 1977 0.411198 0.399537 0.029687 0.158333
0 1978 0.395313 0.369907 0.034375 0.149074
0 1979 0.485938 0.376852 0.031250 0.137037
0 1980 0.481250 0.338426 0.031250 0.143519
0 1981 0.369531 0.372222 0.033854 0.157407
0 1982 0.445052 0.377315 0.033854 0.154630
0 1983 0.420052 0.371759 0.029687 0.158333
0 1984 0.438021 0.305556 0.030208 0.124074
0 1985 0.314063 0.385648 0.030208 0.130556
0 1986 0.275260 0.400463 0.040104 0.171296
0 1987 0.414062 0.330556 0.031250 0.127778
0 1988 0.367708 0.353704 0.032292 0.137037
0 1989 0.400260 0.323611 0.025521 0.117593
0 1990 0.366146 0.336574 0.036458 0.137963
0 1991 0.340365 0.355093 0.040104 0.143519
0 1992 0.484115 0.159722 0.021354 0.087963
0 1993 0.391667 0.345370 0.028125 0.124074
0 2000 0.784115 0.361111 0.031771 0.174074
0 2001 0.451302 0.337037 0.031771 0.151852
0 2002 0.551562 0.391667 0.034375 0.185185
0 2003 0.543490 0.395370 0.025521 0.175926
0 2004 0.492969 0.351852 0.025521 0.124074
0 2005 0.423438 0.343981 0.030208 0.126852
0 2006 0.351302 0.371296 0.035937 0.168519
0 2007 0.284115 0.318056 0.035937 0.149074
0 2008 0.460938 0.302778 0.028125 0.131481
0 2009 0.487500 0.288426 0.029167 0.132407
0 2010 0.524219 0.421759 0.038021 0.165741
0 2013 0.417448 0.270833 0.028646 0.121296
0 2014 0.525781 0.409259 0.031771 0.170370
0 2015 0.438021 0.262963 0.028125 0.107407
0 2016 0.352083 0.268981 0.029167 0.128704
0 2017 0.366146 0.260648 0.025000 0.113889
0 2020 0.369010 0.237500 0.027604 0.112037
0 2026 0.094271 0.546759 0.035417 0.197222
0 2030 0.344010 0.238426 0.025521 0.112037
0 2031 0.130990 0.498148 0.042188 0.194444
0 2032 0.367448 0.239352 0.027604 0.117593
0 2049 0.554688 0.497685 0.042708 0.206481
0 2050 0.551302 0.519444 0.058854 0.200000
0 2051 0.477344 0.240741 0.023438 0.118519
0 2109 0.608333 0.354630 0.032292 0.135185
0 2110 0.618750 0.345370 0.032292 0.135185
0 2111 0.621875 0.378704 0.030208 0.135185
0 2114 0.767448 0.377778 0.034896 0.168519
0 2118 0.453646 0.240741 0.026042 0.107407
