0 1948 0.147396 0.930093 0.073958 0.137963
0 1949 0.053385 0.951852 0.077604 0.098148
0 1951 0.022135 0.943981 0.043229 0.113889
0 1952 0.812500 0.843056 0.065625 0.315741
0 1953 0.855990 0.709722 0.058854 0.282407
0 1954 0.199479 0.612963 0.057292 0.209259
0 1955 0.104688 0.646296 0.056250 0.177778
0 1956 0.943750 0.531019 0.044792 0.182407
0 1961 0.144792 0.587037 0.058333 0.244444
0 1962 0.895052 0.551389 0.046354 0.204630
0 1963 0.266406 0.569444 0.042188 0.198148
0 1964 0.227083 0.563889 0.043750 0.201852
0 1966 0.332292 0.597685 0.046875 0.228704
0 1967 0.395833 0.542593 0.058333 0.201852
0 1968 0.325000 0.512963 0.046875 0.201852
0 1969 0.291146 0.422222 0.038542 0.175926
0 1970 0.487760 0.460648 0.043229 0.176852
0 1971 0.394792 0.422222 0.030208 0.146296
0 1972 0.362500 0.407407 0.044792 0.174074
0 1973 0.326302 0.394907 0.039062 0.150926
0 1974 0.494010 0.395370 0.038021 0.162963
0 1975 0.458594 0.387500 0.033854 0.158333
0 1976 0.523177 0.362037 0.038021 0.151852
0 1977 0.431510 0.378704 0.028646 0.150000
0 1978 0.415104 0.362500 0.033333 0.137963
0 1979 0.494792 0.356019 0.031250 0.132407
0 1980 0.475000 0.318981 0.031250 0.132407
0 1981 0.381510 0.361574 0.040104 0.154630
0 1982 0.423438 0.357870 0.031250 0.147222
0 1983 0.402344 0.354167 0.029687 0.143519
0 1984 0.438021 0.292593 0.030208 0.124074
0 1985 0.332031 0.374074 0.029687 0.125926
0 1986 0.283073 0.385185 0.040104 0.164815
0 1987 0.407552 0.322222 0.031771 0.124074
0 1988 0.361719 0.339352 0.027604 0.137963
0 1989 0.402344 0.295370 0.023438 0.098148
0 1990 0.358073 0.317593 0.034896 0.137037
0 1991 0.335156 0.337963 0.033854 0.140741
0 1992 0.502604 0.166667 0.021875 0.092593
0 1993 0.383333 0.333333 0.027083 0.122222
0 2000 0.787240 0.365741 0.031771 0.174074
0 2001 0.439063 0.313889 0.032292 0.140741
0 2002 0.552604 0.392593 0.034375 0.185185
0 2003 0.539583 0.396296 0.029167 0.175926
0 2004 0.498698 0.336111 0.025521 0.124074
0 2005 0.422656 0.326389 0.029687 0.126852
0 2006 0.363802 0.364815 0.035937 0.153704
0 2008 0.446615 0.283796 0.029687 0.132407
0 2009 0.480208 0.275463 0.028125 0.126852
0 2010 0.527865 0.425463 0.038021 0.165741
0 2013 0.369010 0.254630 0.023438 0.112963
0 2014 0.508333 0.414815 0.036458 0.179630
0 2015 0.377083 0.250463 0.025000 0.106481
0 2016 0.345573 0.255093 0.029687 0.119444
0 2026 0.094531 0.548148 0.038021 0.198148
0 2031 0.134896 0.501852 0.042708 0.194444
0 2049 0.663542 0.534259 0.056250 0.203704
0 2050 0.694010 0.535185 0.044271 0.203704
0 2051 0.435417 0.246296 0.023958 0.118519
0 2109 0.613542 0.357407 0.031250 0.135185
0 2110 0.624479 0.346296 0.032292 0.135185
0 2111 0.622396 0.377778 0.030208 0.135185
0 2114 0.770312 0.380556 0.035417 0.168519
0 2118 0.409635 0.252778 0.025521 0.107407
