0 1948 0.176563 0.922222 0.075000 0.153704
0 1949 0.084896 0.938889 0.081250 0.124074
0 1951 0.038542 0.931019 0.070833 0.139815
0 1952 0.816927 0.837037 0.065104 0.320370
0 1953 0.845833 0.692593 0.055208 0.274074
0 1954 0.189583 0.628241 0.058333 0.210185
0 1955 0.096094 0.657407 0.046354 0.183333
0 1956 0.923438 0.530093 0.043750 0.182407
0 1961 0.134635 0.600463 0.058854 0.249074
0 1962 0.873437 0.544907 0.046875 0.200926
0 1963 0.265625 0.579630 0.043750 0.198148
0 1964 0.223438 0.575463 0.045833 0.206481
0 1966 0.326042 0.593519 0.043750 0.231481
0 1967 0.393229 0.531944 0.053125 0.200926
0 1968 0.327344 0.506481 0.046354 0.201852
0 1969 0.293229 0.417593 0.036458 0.175926
0 1970 0.467187 0.455093 0.041667 0.171296
0 1971 0.393750 0.417130 0.029167 0.145370
0 1972 0.360156 0.405093 0.043229 0.173148
0 1973 0.327083 0.393519 0.037500 0.151852
0 1974 0.496094 0.387963 0.038021 0.151852
0 1975 0.462760 0.381944 0.033854 0.154630
0 1976 0.524740 0.358333 0.038021 0.151852
0 1977 0.435417 0.371759 0.028125 0.143519
0 1978 0.418750 0.360185 0.032292 0.137037
0 1979 0.496094 0.351852 0.031771 0.129630
0 1980 0.472917 0.312500 0.031250 0.128704
0 1981 0.386198 0.359722 0.038021 0.154630
0 1982 0.415885 0.352315 0.029687 0.141667
0 1983 0.396094 0.351389 0.029687 0.143519
0 1984 0.436979 0.287963 0.030208 0.124074
0 1985 0.338281 0.374074 0.029687 0.125926
0 1986 0.286198 0.376389 0.039062 0.160185
0 1987 0.405990 0.321296 0.031771 0.124074
0 1988 0.361198 0.338426 0.027604 0.137963
0 1989 0.402344 0.294444 0.023438 0.098148
0 1990 0.356771 0.313889 0.037500 0.137037
0 1991 0.334896 0.334722 0.039583 0.139815
0 1992 0.503646 0.168519 0.021875 0.092593
0 1993 0.381771 0.327315 0.026042 0.119444
0 2000 0.788021 0.365741 0.032292 0.174074
0 2001 0.434375 0.310185 0.032292 0.138889
0 2002 0.553125 0.391667 0.034375 0.185185
0 2003 0.534375 0.398148 0.028125 0.181481
0 2004 0.497135 0.331481 0.025521 0.124074
0 2005 0.421875 0.321759 0.030208 0.126852
0 2006 0.364323 0.360185 0.035937 0.153704
0 2008 0.443490 0.277315 0.029687 0.125000
0 2009 0.473698 0.272685 0.027604 0.126852
0 2010 0.529167 0.428704 0.037500 0.166667
0 2013 0.355990 0.251389 0.023438 0.112037
0 2014 0.503125 0.415741 0.036458 0.179630
0 2015 0.363542 0.249537 0.025000 0.106481
0 2026 0.094792 0.549074 0.038542 0.198148
0 2031 0.135417 0.504167 0.042708 0.193519
0 2049 0.688802 0.545833 0.057813 0.210185
0 2050 0.719010 0.539352 0.052604 0.200926
0 2051 0.425000 0.248148 0.023958 0.118519
0 2109 0.612500 0.357407 0.031250 0.135185
0 2110 0.624479 0.347222 0.032292 0.135185
0 2111 0.621354 0.377778 0.030208 0.135185
0 2114 0.770833 0.380556 0.035417 0.168519
0 2118 0.394010 0.256019 0.025521 0.106481
