0 1952 0.803906 0.864352 0.069271 0.262037
0 1953 0.917188 0.832407 0.066667 0.325926
0 1954 0.236979 0.546296 0.052083 0.194444
0 1955 0.157031 0.585185 0.049479 0.161111
0 1961 0.172135 0.526389 0.058854 0.221296
0 1963 0.264844 0.521296 0.044271 0.181481
0 1964 0.228646 0.517593 0.040625 0.183333
0 1966 0.368750 0.640741 0.054167 0.237037
0 1967 0.363542 0.603704 0.056250 0.222222
0 1968 0.291927 0.576389 0.053646 0.239815
0 1969 0.290104 0.441204 0.038542 0.176852
0 1970 0.621354 0.482407 0.050000 0.181481
0 1971 0.399740 0.453241 0.032813 0.149074
0 1972 0.365625 0.431481 0.043750 0.183333
0 1973 0.325521 0.424537 0.042708 0.178704
0 1974 0.485938 0.420370 0.038542 0.166667
0 1975 0.448177 0.417130 0.038021 0.171296
0 1976 0.505990 0.386574 0.038021 0.156481
0 1977 0.409115 0.401852 0.029687 0.157407
0 1978 0.393750 0.373148 0.033333 0.148148
0 1979 0.484635 0.378704 0.030729 0.137037
0 1980 0.482292 0.340278 0.031250 0.143519
0 1981 0.368750 0.373148 0.032292 0.157407
0 1982 0.445573 0.380093 0.033854 0.154630
0 1983 0.421615 0.374074 0.029687 0.159259
0 1984 0.438542 0.307407 0.030208 0.124074
0 1985 0.313021 0.387037 0.030208 0.131481
0 1986 0.275781 0.404167 0.040104 0.171296
0 1987 0.416667 0.331944 0.031250 0.130556
0 1988 0.371354 0.356481 0.032292 0.137037
0 1989 0.399479 0.327315 0.023958 0.119444
0 1990 0.368229 0.337500 0.036458 0.137963
0 1991 0.343490 0.357407 0.040104 0.146296
0 1992 0.482552 0.160185 0.021354 0.087037
0 1993 0.394271 0.347222 0.028125 0.124074
0 2000 0.784115 0.361111 0.031771 0.174074
0 2001 0.453385 0.339815 0.031771 0.153704
0 2002 0.551042 0.391667 0.034375 0.185185
0 2003 0.543490 0.395370 0.025521 0.175926
0 2004 0.492448 0.354630 0.025521 0.124074
0 2005 0.423438 0.344907 0.030208 0.126852
0 2006 0.351302 0.373148 0.035937 0.170370
0 2007 0.285677 0.319444 0.035937 0.148148
0 2008 0.463281 0.306481 0.027604 0.131481
0 2009 0.487500 0.290741 0.029167 0.133333
0 2010 0.524219 0.421759 0.038021 0.165741
0 2013 0.420052 0.271759 0.029687 0.121296
0 2014 0.529948 0.409259 0.032813 0.170370
0 2015 0.443750 0.264815 0.028125 0.107407
0 2016 0.351823 0.270833 0.028646 0.128704
0 2017 0.367708 0.263889 0.023958 0.118519
0 2020 0.373177 0.243056 0.027604 0.112037
0 2026 0.094792 0.547685 0.035417 0.197222
0 2030 0.350521 0.241204 0.026042 0.113889
0 2031 0.131771 0.499074 0.041667 0.194444
0 2032 0.372656 0.241204 0.027604 0.117593
0 2049 0.545573 0.493981 0.041146 0.206481
0 2050 0.539062 0.520370 0.056250 0.201852
0 2051 0.485156 0.242593 0.023438 0.118519
0 2055 0.331771 0.233796 0.026042 0.117593
0 2109 0.608333 0.354630 0.032292 0.135185
0 2110 0.618750 0.345370 0.032292 0.135185
0 2111 0.621875 0.378704 0.030208 0.135185
0 2114 0.767188 0.378704 0.034375 0.168519
0 2118 0.457031 0.239815 0.025521 0.107407
