0 1952 0.809896 0.872685 0.060417 0.252778
0 1953 0.949479 0.858796 0.078125 0.278704
0 1954 0.239583 0.527778 0.050000 0.188889
0 1955 0.176042 0.561111 0.042708 0.159259
0 1961 0.178125 0.500926 0.055208 0.207407
0 1963 0.265625 0.509259 0.040625 0.181481
0 1964 0.227083 0.501389 0.041667 0.175000
0 1966 0.382812 0.662500 0.050000 0.249074
0 1967 0.344010 0.638426 0.055729 0.234259
0 1968 0.275521 0.612963 0.055208 0.250000
0 1969 0.301042 0.464815 0.038542 0.196296
0 1970 0.686719 0.493519 0.044271 0.181481
0 1971 0.401302 0.467130 0.033854 0.156481
0 1972 0.367188 0.447222 0.044792 0.185185
0 1973 0.329167 0.445370 0.040625 0.183333
0 1974 0.493750 0.435185 0.040625 0.170370
0 1975 0.457552 0.434722 0.038021 0.176852
0 1976 0.497656 0.401389 0.038021 0.162037
0 1977 0.404948 0.410185 0.029687 0.153704
0 1978 0.386198 0.385185 0.032813 0.148148
0 1979 0.479687 0.390741 0.028125 0.137037
0 1980 0.494792 0.351389 0.032292 0.143519
0 1981 0.363281 0.386574 0.031771 0.158333
0 1982 0.447135 0.390278 0.033854 0.154630
0 1983 0.424740 0.383796 0.029687 0.165741
0 1984 0.442188 0.318519 0.030208 0.124074
0 1985 0.306771 0.395833 0.030208 0.132407
0 1986 0.280990 0.417130 0.040104 0.171296
0 1987 0.423698 0.352778 0.031771 0.135185
0 1988 0.393750 0.368519 0.032292 0.137037
0 1989 0.401302 0.335185 0.025521 0.118519
0 1990 0.379167 0.345833 0.035417 0.137963
0 1991 0.359115 0.372222 0.039062 0.148148
0 1992 0.477604 0.160185 0.021875 0.087037
0 1993 0.403646 0.360185 0.028125 0.124074
0 2000 0.783594 0.361111 0.031771 0.174074
0 2001 0.460938 0.351389 0.032292 0.158333
0 2002 0.550521 0.391667 0.034375 0.185185
0 2003 0.539844 0.395370 0.026562 0.175926
0 2004 0.489844 0.367130 0.027604 0.123148
0 2005 0.425521 0.358796 0.030208 0.126852
0 2006 0.349740 0.382407 0.035937 0.174074
0 2007 0.297656 0.333796 0.035937 0.149074
0 2008 0.470573 0.307407 0.027604 0.124074
0 2009 0.494271 0.307407 0.029167 0.135185
0 2010 0.530469 0.425463 0.035937 0.165741
0 2013 0.438281 0.281944 0.027604 0.121296
0 2014 0.538802 0.408796 0.032813 0.171296
0 2015 0.464583 0.276852 0.028125 0.107407
0 2016 0.360156 0.275463 0.031771 0.128704
0 2017 0.382812 0.279630 0.031250 0.131481
0 2020 0.396875 0.261574 0.027083 0.121296
0 2023 0.338281 0.242593 0.022396 0.111111
0 2026 0.095312 0.550000 0.035417 0.194444
0 2030 0.377083 0.249074 0.027083 0.118519
0 2031 0.132031 0.500000 0.040104 0.196296
0 2032 0.396875 0.250000 0.025000 0.114815
0 2049 0.527604 0.484259 0.036458 0.205556
0 2050 0.495573 0.515741 0.056771 0.203704
0 2051 0.510677 0.250000 0.023438 0.118519
0 2055 0.369531 0.243056 0.025521 0.126852
0 2109 0.608333 0.355556 0.032292 0.135185
0 2110 0.618750 0.345370 0.032292 0.135185
0 2111 0.621354 0.379630 0.030208 0.135185
0 2112 0.355729 0.266667 0.019792 0.088889
0 2113 0.354167 0.280093 0.027083 0.113889
0 2114 0.767188 0.379630 0.032292 0.168519
0 2118 0.477865 0.243519 0.025521 0.107407
