0 1952 0.817969 0.872685 0.066146 0.256481
0 1953 0.964583 0.886574 0.069792 0.228704
0 1954 0.234635 0.509259 0.048438 0.179630
0 1955 0.182292 0.544907 0.041667 0.156481
0 1961 0.183073 0.488889 0.052604 0.207407
0 1963 0.260417 0.493519 0.040625 0.177778
0 1964 0.220833 0.490278 0.039583 0.176852
0 1966 0.393229 0.682407 0.050000 0.251852
0 1967 0.334375 0.674074 0.067708 0.242593
0 1968 0.259375 0.643981 0.060417 0.258333
0 1969 0.311979 0.479167 0.050000 0.206481
0 1970 0.747656 0.503241 0.056771 0.182407
0 1971 0.404948 0.479630 0.033854 0.161111
0 1972 0.372135 0.463889 0.044271 0.190741
0 1973 0.328906 0.461574 0.041146 0.184259
0 1974 0.512500 0.450463 0.039583 0.169444
0 1975 0.469531 0.449537 0.038021 0.176852
0 1976 0.494271 0.414352 0.038542 0.162037
0 1977 0.402083 0.416667 0.031250 0.153704
0 1978 0.380729 0.393981 0.034375 0.149074
0 1979 0.477083 0.401852 0.028125 0.137037
0 1980 0.500521 0.362500 0.032292 0.143519
0 1981 0.356771 0.393981 0.034375 0.169444
0 1982 0.445573 0.399537 0.033854 0.154630
0 1983 0.425000 0.394907 0.029167 0.171296
0 1984 0.444531 0.324537 0.031771 0.123148
0 1985 0.298958 0.401852 0.029167 0.131481
0 1986 0.284896 0.434722 0.039583 0.178704
0 1987 0.429427 0.361111 0.031771 0.135185
0 1988 0.404687 0.375000 0.032292 0.137037
0 1989 0.408854 0.343519 0.026042 0.120370
0 1990 0.390625 0.355093 0.034375 0.137963
0 1991 0.370573 0.379630 0.038021 0.148148
0 1993 0.408594 0.366667 0.027604 0.124074
0 1994 0.314844 0.268981 0.030729 0.130556
0 2000 0.782813 0.361111 0.032292 0.174074
0 2001 0.467708 0.360185 0.032292 0.161111
0 2002 0.551042 0.391667 0.034375 0.185185
0 2003 0.536198 0.395370 0.027604 0.175926
0 2004 0.485938 0.378241 0.030208 0.123148
0 2005 0.427083 0.372685 0.030208 0.136111
0 2006 0.345573 0.385648 0.033854 0.173148
0 2007 0.300260 0.341204 0.035937 0.149074
0 2008 0.472135 0.316667 0.027604 0.124074
0 2009 0.498958 0.316667 0.031250 0.137037
0 2010 0.529948 0.425463 0.034896 0.165741
0 2011 0.278906 0.323611 0.027604 0.150926
0 2013 0.454427 0.293056 0.027604 0.121296
0 2014 0.541667 0.410185 0.032292 0.170370
0 2015 0.478646 0.279630 0.028125 0.107407
0 2016 0.364323 0.284259 0.032813 0.131481
0 2017 0.393490 0.289815 0.031771 0.137037
0 2019 0.352083 0.247222 0.028125 0.114815
0 2020 0.411458 0.270370 0.030208 0.124074
0 2023 0.357031 0.252315 0.023438 0.115741
0 2026 0.095573 0.551389 0.035937 0.193519
0 2030 0.398698 0.253241 0.025521 0.117593
0 2031 0.130208 0.498148 0.039583 0.200000
0 2032 0.419792 0.254630 0.021875 0.114815
0 2049 0.501042 0.481019 0.042708 0.193519
0 2050 0.465365 0.517593 0.040104 0.203704
0 2051 0.534115 0.252315 0.027604 0.117593
0 2055 0.400521 0.244907 0.027083 0.126852
0 2109 0.608333 0.356481 0.032292 0.135185
0 2110 0.619792 0.349074 0.032292 0.135185
0 2111 0.621354 0.379630 0.030208 0.135185
0 2112 0.376563 0.271759 0.019792 0.089815
0 2113 0.376042 0.277315 0.027083 0.104630
0 2114 0.770052 0.379630 0.031771 0.168519
0 2118 0.494792 0.250000 0.026042 0.107407
