0 1952 0.796875 0.862963 0.071875 0.274074
0 1954 0.233333 0.475926 0.041667 0.170370
0 1955 0.194792 0.507407 0.040625 0.140741
0 1961 0.189583 0.462500 0.051042 0.197222
0 1963 0.246354 0.464352 0.041667 0.167593
0 1964 0.219010 0.460185 0.036979 0.168519
0 1966 0.351562 0.751389 0.066667 0.282407
0 1967 0.288802 0.769907 0.069271 0.280556
0 1968 0.211458 0.726852 0.060417 0.287037
0 1969 0.296875 0.517130 0.052083 0.210185
0 1970 0.909115 0.522685 0.058854 0.195370
0 1971 0.394010 0.519907 0.035937 0.165741
0 1972 0.360156 0.502315 0.046354 0.202778
0 1973 0.322135 0.493981 0.043229 0.202778
0 1974 0.558854 0.486574 0.045833 0.186111
0 1975 0.513281 0.490741 0.042188 0.194444
0 1976 0.527604 0.440741 0.040625 0.162963
0 1977 0.384115 0.434259 0.031771 0.153704
0 1978 0.370573 0.418056 0.033854 0.149074
0 1979 0.514062 0.436574 0.032292 0.160185
0 1980 0.494531 0.382870 0.031771 0.143519
0 1981 0.346094 0.421759 0.039062 0.178704
0 1982 0.468750 0.430093 0.035417 0.173148
0 1983 0.440365 0.430556 0.033854 0.175926
0 1984 0.445052 0.344907 0.031771 0.123148
0 1985 0.287240 0.423611 0.027604 0.137963
0 1986 0.285156 0.469907 0.040104 0.193519
0 1987 0.442448 0.377778 0.029687 0.135185
0 1988 0.421615 0.411111 0.031771 0.157407
0 1989 0.413281 0.368056 0.025521 0.119444
0 1990 0.403125 0.378241 0.033333 0.156481
0 1991 0.392969 0.406944 0.038021 0.156481
0 1993 0.419010 0.387037 0.027604 0.124074
0 1994 0.359375 0.286574 0.030208 0.139815
0 1995 0.335417 0.288426 0.026042 0.117593
0 2000 0.783594 0.362500 0.030729 0.173148
0 2001 0.466146 0.384259 0.036458 0.166667
0 2002 0.548958 0.393981 0.035417 0.184259
0 2003 0.508073 0.403704 0.033854 0.175926
0 2004 0.478646 0.417130 0.029167 0.149074
0 2005 0.431250 0.396759 0.030208 0.154630
0 2006 0.323698 0.407407 0.035937 0.162963
0 2007 0.293490 0.366667 0.038021 0.148148
0 2008 0.472656 0.343056 0.027604 0.130556
0 2009 0.497917 0.337963 0.032292 0.142593
0 2010 0.525521 0.426389 0.034375 0.165741
0 2011 0.310677 0.346759 0.029687 0.150926
0 2013 0.476042 0.309722 0.027083 0.121296
0 2014 0.539062 0.412963 0.032292 0.170370
0 2015 0.508333 0.303241 0.028125 0.115741
0 2016 0.378125 0.302315 0.032292 0.143519
0 2017 0.410156 0.304630 0.029687 0.137037
0 2019 0.415365 0.254630 0.025521 0.120370
0 2020 0.437760 0.285185 0.031771 0.131481
0 2021 0.303385 0.310648 0.025521 0.117593
0 2022 0.270313 0.305093 0.025000 0.119444
0 2023 0.373958 0.263426 0.026042 0.115741
0 2026 0.091146 0.549537 0.039583 0.193519
0 2030 0.434115 0.272685 0.029687 0.126852
0 2031 0.130729 0.500463 0.039583 0.195370
0 2032 0.454688 0.270833 0.030208 0.121296
0 2049 0.423177 0.474074 0.040104 0.192593
0 2050 0.432812 0.506944 0.041667 0.200926
0 2051 0.567708 0.271296 0.028125 0.124074
0 2055 0.458333 0.260185 0.031250 0.131481
0 2109 0.607031 0.357407 0.031771 0.135185
0 2110 0.617448 0.349074 0.031771 0.135185
0 2111 0.621875 0.380556 0.030208 0.135185
0 2112 0.400521 0.286574 0.019792 0.089815
0 2113 0.396875 0.295833 0.027083 0.113889
0 2114 0.768490 0.379630 0.028646 0.168519
0 2118 0.526302 0.268981 0.025521 0.110185
