0 1952 0.796875 0.862963 0.072917 0.275926
0 1954 0.232552 0.476852 0.043229 0.170370
0 1955 0.194792 0.509259 0.039583 0.140741
0 1961 0.189062 0.463889 0.051042 0.198148
0 1963 0.246875 0.465741 0.041667 0.168519
0 1964 0.218490 0.461574 0.036979 0.169444
0 1966 0.353646 0.746759 0.066667 0.280556
0 1967 0.291406 0.761574 0.068229 0.276852
0 1968 0.214062 0.720370 0.060417 0.285185
0 1969 0.300260 0.514352 0.053646 0.208333
0 1970 0.898698 0.522222 0.052604 0.198148
0 1971 0.395573 0.516667 0.035937 0.164815
0 1972 0.361719 0.499074 0.046354 0.201852
0 1973 0.323437 0.491667 0.042708 0.201852
0 1974 0.555469 0.485185 0.045312 0.185185
0 1975 0.511198 0.487963 0.042188 0.192593
0 1976 0.521875 0.437963 0.040625 0.162963
0 1977 0.385156 0.432407 0.031771 0.153704
0 1978 0.370573 0.416204 0.033854 0.149074
0 1979 0.507031 0.434722 0.031771 0.160185
0 1980 0.495312 0.381944 0.032292 0.143519
0 1981 0.346354 0.419907 0.038542 0.178704
0 1982 0.464583 0.427778 0.034375 0.174074
0 1983 0.438021 0.427315 0.033333 0.175000
0 1984 0.444531 0.343981 0.031771 0.123148
0 1985 0.287240 0.422685 0.027604 0.137963
0 1986 0.286719 0.466667 0.040104 0.192593
0 1987 0.441927 0.376389 0.029687 0.134259
0 1988 0.419531 0.408333 0.031771 0.157407
0 1989 0.413281 0.366204 0.025521 0.119444
0 1990 0.402344 0.376389 0.033854 0.154630
0 1991 0.390885 0.404167 0.038021 0.156481
0 1993 0.417969 0.385185 0.027604 0.124074
0 1994 0.357812 0.285648 0.030208 0.139815
0 1995 0.333854 0.288426 0.026042 0.117593
0 2000 0.783333 0.362500 0.031250 0.173148
0 2001 0.466146 0.382407 0.036458 0.164815
0 2002 0.552083 0.392593 0.034375 0.185185
0 2003 0.511198 0.402778 0.032813 0.175926
0 2004 0.478646 0.415278 0.029167 0.149074
0 2005 0.432292 0.395833 0.030208 0.154630
0 2006 0.323958 0.405556 0.035417 0.162963
0 2007 0.294010 0.364815 0.038021 0.148148
0 2008 0.473698 0.341204 0.027604 0.128704
0 2009 0.497396 0.337037 0.032292 0.142593
0 2010 0.526042 0.426389 0.034375 0.165741
0 2011 0.309115 0.343981 0.029687 0.150926
0 2013 0.474219 0.307870 0.027604 0.121296
0 2014 0.538802 0.412037 0.031771 0.170370
0 2015 0.507292 0.301389 0.028125 0.115741
0 2016 0.377865 0.300463 0.031771 0.143519
0 2017 0.409375 0.303704 0.030208 0.137037
0 2019 0.412500 0.253704 0.025000 0.120370
0 2020 0.436198 0.284259 0.031771 0.131481
0 2021 0.300260 0.308796 0.025521 0.117593
0 2022 0.267969 0.304630 0.023438 0.118519
0 2023 0.372917 0.262500 0.026042 0.115741
0 2026 0.091406 0.549537 0.039062 0.193519
0 2030 0.431771 0.270833 0.029167 0.126852
0 2031 0.131250 0.500463 0.039583 0.195370
0 2032 0.453125 0.269444 0.030208 0.120370
0 2049 0.428646 0.475000 0.041667 0.192593
0 2050 0.435677 0.506019 0.039062 0.200926
0 2051 0.566667 0.270370 0.028125 0.124074
0 2055 0.455208 0.257870 0.031250 0.128704
0 2109 0.607031 0.357407 0.031771 0.135185
0 2110 0.617448 0.349074 0.031771 0.135185
0 2111 0.621875 0.380556 0.030208 0.135185
0 2112 0.399479 0.285648 0.019792 0.089815
0 2113 0.395052 0.293519 0.027604 0.111111
0 2114 0.768490 0.379630 0.028646 0.168519
0 2118 0.524740 0.267130 0.025521 0.110185
