0 1952 0.803385 0.863889 0.071354 0.274074
0 1953 0.980208 0.945833 0.037500 0.110185
0 1954 0.230208 0.479630 0.047917 0.170370
0 1955 0.192708 0.516204 0.041667 0.149074
0 1961 0.187760 0.467130 0.050521 0.199074
0 1963 0.248438 0.470370 0.041667 0.168519
0 1964 0.216667 0.465278 0.037500 0.173148
0 1966 0.364583 0.733796 0.066667 0.273148
0 1967 0.300000 0.741204 0.066667 0.269444
0 1968 0.222917 0.703704 0.061458 0.279630
0 1969 0.305990 0.505093 0.054688 0.206481
0 1970 0.865365 0.518519 0.057813 0.194444
0 1971 0.397917 0.508333 0.037500 0.164815
0 1972 0.365885 0.488426 0.046354 0.197222
0 1973 0.326823 0.484259 0.040104 0.198148
0 1974 0.545312 0.479630 0.042708 0.181481
0 1975 0.500781 0.484259 0.045312 0.200000
0 1976 0.508854 0.431481 0.040625 0.162963
0 1977 0.388281 0.426852 0.031771 0.153704
0 1978 0.372656 0.410648 0.033854 0.149074
0 1979 0.489063 0.427315 0.031250 0.158333
0 1980 0.497656 0.378241 0.031771 0.143519
0 1981 0.347396 0.415278 0.036458 0.178704
0 1982 0.456510 0.421296 0.033854 0.172222
0 1983 0.430990 0.418981 0.033854 0.173148
0 1984 0.444531 0.339352 0.031771 0.123148
0 1985 0.288281 0.418056 0.027604 0.137963
0 1986 0.292448 0.457407 0.040104 0.190741
0 1987 0.440104 0.371296 0.031250 0.135185
0 1988 0.416927 0.400000 0.031771 0.150000
0 1989 0.413281 0.357870 0.025521 0.115741
0 1990 0.399740 0.370833 0.033854 0.147222
0 1991 0.387240 0.396759 0.038021 0.154630
0 1993 0.414844 0.377778 0.027604 0.124074
0 1994 0.349740 0.281944 0.029687 0.139815
0 1995 0.329427 0.286574 0.025521 0.117593
0 2000 0.783333 0.362037 0.031250 0.174074
0 2001 0.467187 0.377778 0.035417 0.164815
0 2002 0.552083 0.392593 0.034375 0.185185
0 2003 0.516667 0.398148 0.032292 0.175926
0 2004 0.479948 0.406481 0.029687 0.142593
0 2005 0.434635 0.391204 0.029687 0.154630
0 2006 0.325781 0.401389 0.034896 0.162037
0 2007 0.295573 0.359722 0.036979 0.149074
0 2008 0.475521 0.336111 0.028125 0.125926
0 2009 0.496354 0.333333 0.032292 0.142593
0 2010 0.527604 0.426389 0.034375 0.165741
0 2011 0.304427 0.341204 0.029687 0.150926
0 2013 0.469792 0.303241 0.027083 0.121296
0 2014 0.538281 0.410185 0.031771 0.170370
0 2015 0.501823 0.297685 0.027604 0.115741
0 2016 0.375260 0.297685 0.032813 0.139815
0 2017 0.406510 0.300000 0.031771 0.137037
0 2019 0.400521 0.250000 0.025000 0.120370
0 2020 0.431510 0.282407 0.031771 0.131481
0 2021 0.290365 0.307407 0.023438 0.114815
0 2022 0.261719 0.302778 0.020313 0.116667
0 2023 0.370312 0.259722 0.026042 0.115741
0 2026 0.092188 0.550000 0.038542 0.192593
0 2030 0.424740 0.268056 0.027604 0.126852
0 2031 0.131250 0.500463 0.039583 0.195370
0 2032 0.448437 0.266204 0.030208 0.117593
0 2049 0.445573 0.476389 0.047396 0.193519
0 2050 0.442448 0.506944 0.036979 0.200926
0 2051 0.561979 0.267130 0.028125 0.123148
0 2055 0.444792 0.253241 0.030208 0.126852
0 2109 0.607031 0.357407 0.031771 0.135185
0 2110 0.617969 0.349074 0.031771 0.135185
0 2111 0.621875 0.380556 0.030208 0.135185
0 2112 0.395833 0.282870 0.019792 0.089815
0 2113 0.389844 0.287037 0.027604 0.105556
0 2114 0.768750 0.379630 0.029167 0.168519
0 2118 0.519792 0.263426 0.026042 0.110185
