0 1952 0.796875 0.863426 0.070833 0.273148
0 1954 0.233594 0.473611 0.042188 0.171296
0 1955 0.195312 0.505556 0.042708 0.140741
0 1961 0.190104 0.460648 0.051042 0.197222
0 1963 0.245833 0.462500 0.041667 0.167593
0 1964 0.219792 0.458333 0.037500 0.166667
0 1966 0.348958 0.756944 0.066667 0.286111
0 1967 0.285417 0.781019 0.070833 0.284259
0 1968 0.206250 0.736111 0.060417 0.290741
0 1969 0.292448 0.520370 0.049479 0.212963
0 1971 0.391406 0.525000 0.035937 0.168519
0 1972 0.359115 0.506944 0.047396 0.204630
0 1973 0.320833 0.497222 0.044792 0.203704
0 1974 0.562760 0.489815 0.046354 0.187037
0 1975 0.515885 0.494444 0.042188 0.196296
0 1976 0.534896 0.444444 0.040625 0.162963
0 1977 0.384115 0.436111 0.031771 0.155556
0 1978 0.370312 0.420833 0.034375 0.149074
0 1979 0.522917 0.440278 0.032292 0.163889
0 1980 0.493490 0.384722 0.031771 0.143519
0 1981 0.345573 0.423611 0.040104 0.178704
0 1982 0.473958 0.433333 0.036458 0.174074
0 1983 0.443490 0.433796 0.033854 0.176852
0 1984 0.446094 0.346759 0.031771 0.123148
0 1985 0.286719 0.425463 0.027604 0.137963
0 1986 0.284375 0.474537 0.041667 0.197222
0 1987 0.443229 0.380093 0.029167 0.134259
0 1988 0.423958 0.413889 0.031250 0.157407
0 1989 0.413281 0.370370 0.025521 0.118519
0 1990 0.406771 0.387500 0.033333 0.165741
0 1991 0.396094 0.410648 0.038021 0.156481
0 1993 0.420312 0.390741 0.028125 0.124074
0 1994 0.361458 0.288426 0.030208 0.139815
0 1995 0.337500 0.291667 0.027083 0.120370
0 1998 0.303385 0.281019 0.025521 0.134259
0 2000 0.783594 0.362500 0.030729 0.173148
0 2001 0.466146 0.386574 0.036458 0.167593
0 2002 0.541927 0.395833 0.036979 0.184259
0 2003 0.503906 0.405093 0.033854 0.176852
0 2004 0.478646 0.418981 0.029167 0.149074
0 2005 0.429948 0.398611 0.029687 0.154630
0 2006 0.323698 0.410185 0.035937 0.162963
0 2007 0.292708 0.368519 0.038542 0.148148
0 2008 0.471875 0.345370 0.027083 0.131481
0 2009 0.498958 0.339352 0.032292 0.143519
0 2010 0.525521 0.427315 0.034375 0.165741
0 2011 0.311979 0.350463 0.030208 0.150926
0 2013 0.478125 0.311574 0.027083 0.121296
0 2014 0.539583 0.413889 0.032292 0.170370
0 2015 0.508333 0.305093 0.028125 0.115741
0 2016 0.378906 0.305093 0.031771 0.143519
0 2017 0.411979 0.307407 0.030208 0.137037
0 2019 0.418229 0.255556 0.026042 0.120370
0 2020 0.440625 0.287037 0.031250 0.131481
0 2021 0.307292 0.312500 0.026042 0.117593
0 2022 0.270313 0.309259 0.025000 0.125926
0 2023 0.375521 0.264352 0.026042 0.115741
0 2026 0.090625 0.549074 0.039583 0.192593
0 2030 0.435677 0.273611 0.029687 0.126852
0 2031 0.130729 0.500463 0.039583 0.195370
0 2032 0.456771 0.272222 0.030208 0.122222
0 2049 0.416146 0.474074 0.038542 0.192593
0 2050 0.429167 0.507870 0.044792 0.200926
0 2051 0.567708 0.274074 0.028125 0.124074
0 2055 0.463021 0.263889 0.031250 0.133333
0 2109 0.607031 0.358333 0.031771 0.135185
0 2110 0.617448 0.349074 0.031771 0.135185
0 2111 0.622135 0.381481 0.029687 0.135185
0 2112 0.402604 0.288426 0.019792 0.089815
0 2113 0.398958 0.298611 0.027083 0.115741
0 2114 0.768750 0.379630 0.028125 0.168519
0 2118 0.528906 0.270833 0.025521 0.110185
