0 1952 0.817448 0.868056 0.068229 0.265741
0 1953 0.971094 0.905556 0.055729 0.190741
0 1954 0.231250 0.496759 0.047917 0.175000
0 1955 0.185677 0.529167 0.040104 0.152778
0 1961 0.180990 0.479167 0.054688 0.200926
0 1963 0.254167 0.482870 0.041667 0.171296
0 1964 0.218750 0.481481 0.040625 0.175926
0 1966 0.390365 0.700000 0.051562 0.261111
0 1967 0.320833 0.698148 0.066667 0.251852
0 1968 0.247135 0.665278 0.060937 0.267593
0 1969 0.308333 0.491204 0.048958 0.206481
0 1970 0.786979 0.513889 0.054167 0.190741
0 1971 0.404687 0.490741 0.036458 0.164815
0 1972 0.371094 0.471296 0.044271 0.190741
0 1973 0.327865 0.470370 0.042188 0.187037
0 1974 0.525521 0.461574 0.040625 0.184259
0 1975 0.480469 0.457407 0.038021 0.179630
0 1976 0.493750 0.421759 0.039583 0.162037
0 1977 0.397135 0.417593 0.033854 0.153704
0 1978 0.379688 0.398611 0.034375 0.149074
0 1979 0.475260 0.406944 0.031771 0.137963
0 1980 0.503385 0.368981 0.031771 0.143519
0 1981 0.352604 0.398611 0.035417 0.176852
0 1982 0.448177 0.407407 0.033854 0.159259
0 1983 0.423698 0.402315 0.031771 0.171296
0 1984 0.444531 0.328241 0.031771 0.123148
0 1985 0.293229 0.405556 0.028125 0.131481
0 1986 0.290625 0.450926 0.039583 0.190741
0 1987 0.434115 0.364815 0.031771 0.135185
0 1988 0.410417 0.380556 0.032292 0.137037
0 1989 0.411458 0.346296 0.026042 0.116667
0 1990 0.393750 0.358796 0.034375 0.137963
0 1991 0.379427 0.385185 0.038021 0.148148
0 1993 0.411198 0.370370 0.027604 0.124074
0 1994 0.330208 0.278241 0.031250 0.137963
0 1995 0.312500 0.283796 0.023958 0.115741
0 2000 0.782813 0.362037 0.032292 0.174074
0 2001 0.470052 0.366204 0.032813 0.162037
0 2002 0.551562 0.392593 0.034375 0.185185
0 2003 0.534115 0.395370 0.028646 0.175926
0 2004 0.484896 0.384722 0.030208 0.123148
0 2005 0.426823 0.383796 0.029687 0.154630
0 2006 0.335938 0.390741 0.033333 0.166667
0 2007 0.298958 0.347685 0.036458 0.149074
0 2008 0.473698 0.323148 0.027604 0.124074
0 2009 0.499219 0.317593 0.031771 0.142593
0 2010 0.529687 0.425463 0.034375 0.165741
0 2011 0.288021 0.331944 0.029167 0.150926
0 2013 0.462500 0.296759 0.027083 0.121296
0 2014 0.540104 0.410185 0.032292 0.170370
0 2015 0.487500 0.283333 0.028125 0.111111
0 2016 0.369271 0.287037 0.033333 0.135185
0 2017 0.398698 0.293519 0.032813 0.137037
0 2019 0.370833 0.247685 0.029167 0.112037
0 2020 0.418750 0.276852 0.031250 0.129630
0 2023 0.364323 0.255093 0.025521 0.115741
0 2026 0.094271 0.550926 0.036458 0.192593
0 2030 0.411198 0.256944 0.025521 0.117593
0 2031 0.130729 0.499074 0.039583 0.198148
0 2032 0.431250 0.258796 0.026042 0.115741
0 2049 0.480469 0.478241 0.044271 0.193519
0 2050 0.457292 0.513889 0.039583 0.203704
0 2051 0.547396 0.258796 0.029167 0.117593
0 2055 0.419271 0.247685 0.027083 0.126852
0 2109 0.607812 0.357407 0.032292 0.135185
0 2110 0.619271 0.349074 0.032292 0.135185
0 2111 0.621615 0.380556 0.029687 0.135185
0 2112 0.386458 0.275463 0.019792 0.089815
0 2113 0.378906 0.277315 0.027604 0.104630
0 2114 0.769531 0.379630 0.030729 0.168519
0 2118 0.503646 0.253241 0.026042 0.108333
