0 1952 0.817708 0.874537 0.060417 0.250926
0 1953 0.959115 0.870833 0.076563 0.258333
0 1954 0.238281 0.518981 0.049479 0.184259
0 1955 0.179948 0.554630 0.041146 0.159259
0 1961 0.180729 0.496296 0.055208 0.209259
0 1963 0.263802 0.501852 0.040104 0.181481
0 1964 0.224479 0.496296 0.040625 0.174074
0 1966 0.389583 0.668519 0.050000 0.246296
0 1967 0.342187 0.651389 0.066667 0.239815
0 1968 0.268229 0.626852 0.057292 0.253704
0 1969 0.304427 0.470833 0.042188 0.195370
0 1970 0.715104 0.500463 0.044792 0.180556
0 1971 0.404427 0.472222 0.033854 0.157407
0 1972 0.370052 0.455093 0.044271 0.187963
0 1973 0.329948 0.453241 0.040104 0.184259
0 1974 0.502604 0.445370 0.039583 0.164815
0 1975 0.462240 0.443056 0.038021 0.176852
0 1976 0.495573 0.407870 0.038021 0.162037
0 1977 0.404948 0.413889 0.029687 0.153704
0 1978 0.382031 0.389815 0.033854 0.148148
0 1979 0.478646 0.395370 0.028125 0.137037
0 1980 0.497396 0.356944 0.032292 0.143519
0 1981 0.360417 0.389815 0.033333 0.162963
0 1982 0.446615 0.394907 0.033854 0.154630
0 1983 0.424740 0.388889 0.029687 0.168519
0 1984 0.443750 0.320833 0.031250 0.123148
0 1985 0.303646 0.398611 0.030208 0.132407
0 1986 0.281510 0.422685 0.040104 0.171296
0 1987 0.426302 0.359259 0.031771 0.135185
0 1988 0.400000 0.373148 0.032292 0.137037
0 1989 0.404687 0.339352 0.026042 0.119444
0 1990 0.385417 0.350463 0.034375 0.137963
0 1991 0.364063 0.374074 0.038542 0.148148
0 1993 0.406250 0.363889 0.028125 0.124074
0 2000 0.783333 0.361111 0.032292 0.174074
0 2001 0.464062 0.355556 0.032292 0.159259
0 2002 0.551042 0.391667 0.034375 0.185185
0 2003 0.538021 0.395370 0.027083 0.175926
0 2004 0.488021 0.372685 0.029167 0.123148
0 2005 0.426563 0.364352 0.030208 0.126852
0 2006 0.347656 0.383796 0.034896 0.173148
0 2007 0.299219 0.337500 0.035937 0.149074
0 2008 0.471094 0.312037 0.027604 0.124074
0 2009 0.497656 0.313889 0.029687 0.135185
0 2010 0.530469 0.425463 0.035937 0.165741
0 2013 0.445573 0.288426 0.027604 0.121296
0 2014 0.540104 0.409259 0.032292 0.170370
0 2015 0.471875 0.278704 0.028125 0.107407
0 2016 0.360677 0.281019 0.031771 0.128704
0 2017 0.387500 0.282407 0.031250 0.131481
0 2019 0.339844 0.247222 0.024479 0.122222
0 2020 0.403906 0.267593 0.031771 0.124074
0 2023 0.347656 0.246759 0.023438 0.115741
0 2026 0.095833 0.551389 0.035417 0.193519
0 2030 0.387240 0.249537 0.025521 0.117593
0 2031 0.132031 0.500463 0.040104 0.197222
0 2032 0.407031 0.251852 0.023438 0.114815
0 2049 0.517708 0.482870 0.041667 0.195370
0 2050 0.481510 0.516667 0.048438 0.203704
0 2051 0.521615 0.252778 0.023438 0.118519
0 2055 0.384635 0.242130 0.026562 0.126852
0 2109 0.608333 0.356481 0.032292 0.135185
0 2110 0.619271 0.347222 0.032292 0.135185
0 2111 0.621354 0.379630 0.030208 0.135185
0 2112 0.365104 0.268981 0.019792 0.089815
0 2113 0.365104 0.278704 0.027083 0.109259
0 2114 0.769271 0.379630 0.032292 0.168519
0 2118 0.486458 0.246296 0.026042 0.107407
