0 1952 0.819010 0.874537 0.061979 0.252778
0 1953 0.962500 0.878241 0.073958 0.245370
0 1954 0.236979 0.514352 0.048958 0.180556
0 1955 0.182552 0.551852 0.041146 0.159259
0 1961 0.182552 0.493519 0.053646 0.209259
0 1963 0.263281 0.499074 0.040104 0.181481
0 1964 0.222135 0.493981 0.040104 0.176852
0 1966 0.392188 0.674074 0.050000 0.248148
0 1967 0.338281 0.661574 0.067187 0.241667
0 1968 0.264583 0.634259 0.059375 0.253704
0 1969 0.308333 0.474074 0.045833 0.200000
0 1970 0.730990 0.501389 0.041146 0.182407
0 1971 0.405469 0.475463 0.033854 0.158333
0 1972 0.371615 0.459722 0.044271 0.189815
0 1973 0.329948 0.457870 0.040104 0.184259
0 1974 0.506771 0.444907 0.039583 0.162037
0 1975 0.465365 0.446759 0.038021 0.176852
0 1976 0.494531 0.411574 0.038021 0.162037
0 1977 0.404167 0.415741 0.030208 0.153704
0 1978 0.381250 0.391667 0.034375 0.148148
0 1979 0.477865 0.399074 0.027604 0.137037
0 1980 0.498698 0.359722 0.031771 0.143519
0 1981 0.358854 0.391667 0.033333 0.166667
0 1982 0.446094 0.396759 0.033854 0.154630
0 1983 0.424740 0.391204 0.029687 0.169444
0 1984 0.444531 0.322685 0.031771 0.123148
0 1985 0.301302 0.400463 0.029687 0.132407
0 1986 0.282031 0.426852 0.040104 0.172222
0 1987 0.427865 0.360185 0.031771 0.135185
0 1988 0.402604 0.374074 0.032292 0.137037
0 1989 0.406771 0.341204 0.026042 0.119444
0 1990 0.389323 0.353241 0.033854 0.137963
0 1991 0.366927 0.375926 0.038021 0.148148
0 1993 0.407292 0.364815 0.028125 0.124074
0 1994 0.307031 0.264815 0.026562 0.124074
0 2000 0.783073 0.361111 0.031771 0.174074
0 2001 0.465625 0.357870 0.032292 0.160185
0 2002 0.551042 0.391667 0.034375 0.185185
0 2003 0.537240 0.395370 0.027604 0.175926
0 2004 0.486979 0.375463 0.029167 0.123148
0 2005 0.427604 0.368056 0.030208 0.126852
0 2006 0.346875 0.384722 0.034375 0.173148
0 2007 0.299740 0.339352 0.035937 0.149074
0 2008 0.471615 0.313889 0.027604 0.124074
0 2009 0.498177 0.315741 0.030729 0.135185
0 2010 0.530208 0.425463 0.035417 0.165741
0 2011 0.274219 0.320833 0.027604 0.150926
0 2013 0.450260 0.291204 0.027604 0.121296
0 2014 0.540625 0.409259 0.032292 0.170370
0 2015 0.475521 0.278704 0.028125 0.107407
0 2016 0.361719 0.282870 0.031771 0.128704
0 2017 0.390104 0.285648 0.031250 0.134259
0 2019 0.345313 0.247222 0.026042 0.118519
0 2020 0.407292 0.268519 0.031250 0.124074
0 2023 0.352344 0.248611 0.023438 0.115741
0 2026 0.095833 0.551389 0.035417 0.193519
0 2030 0.392448 0.251389 0.025521 0.117593
0 2031 0.130208 0.497685 0.039583 0.200926
0 2032 0.412760 0.252778 0.022396 0.114815
0 2049 0.510417 0.481944 0.042708 0.193519
0 2050 0.473698 0.517593 0.044271 0.203704
0 2051 0.527344 0.252315 0.028646 0.117593
0 2055 0.391667 0.243981 0.027083 0.126852
0 2109 0.608333 0.356481 0.032292 0.135185
0 2110 0.619792 0.348148 0.032292 0.135185
0 2111 0.621354 0.379630 0.030208 0.135185
0 2112 0.370312 0.270370 0.019792 0.088889
0 2113 0.371354 0.277315 0.027083 0.106481
0 2114 0.770052 0.379630 0.031771 0.168519
0 2118 0.490625 0.249074 0.026042 0.107407
