0 1952 0.815104 0.874074 0.060417 0.251852
0 1953 0.955729 0.866667 0.077083 0.264815
0 1954 0.238802 0.521759 0.049479 0.186111
0 1955 0.178125 0.555556 0.040625 0.159259
0 1961 0.180208 0.499074 0.056250 0.209259
0 1963 0.264323 0.504630 0.040104 0.181481
0 1964 0.225781 0.497222 0.041146 0.172222
0 1966 0.387500 0.666204 0.050000 0.247222
0 1967 0.343490 0.646296 0.065104 0.238889
0 1968 0.270573 0.622222 0.055729 0.253704
0 1969 0.303385 0.468519 0.041146 0.196296
0 1970 0.704688 0.500463 0.055208 0.178704
0 1971 0.403385 0.470370 0.033854 0.157407
0 1972 0.369010 0.452778 0.044271 0.187037
0 1973 0.329948 0.450463 0.040104 0.184259
0 1974 0.500521 0.445833 0.039583 0.167593
0 1975 0.460677 0.440278 0.038021 0.176852
0 1976 0.496094 0.406019 0.038021 0.162037
0 1977 0.404948 0.412963 0.029687 0.153704
0 1978 0.383594 0.387963 0.033854 0.148148
0 1979 0.479167 0.394444 0.028125 0.137037
0 1980 0.496615 0.355093 0.031771 0.143519
0 1981 0.361458 0.388426 0.032292 0.162037
0 1982 0.446615 0.393056 0.033854 0.154630
0 1983 0.424740 0.387500 0.029687 0.167593
0 1984 0.443229 0.320370 0.031250 0.124074
0 1985 0.304688 0.397685 0.030208 0.132407
0 1986 0.280990 0.420833 0.040104 0.171296
0 1987 0.425260 0.358333 0.031771 0.135185
0 1988 0.397917 0.371296 0.032292 0.137037
0 1989 0.403646 0.338426 0.026042 0.119444
0 1990 0.383333 0.348611 0.034375 0.137963
0 1991 0.362240 0.373148 0.039062 0.148148
0 1993 0.405729 0.362963 0.028125 0.124074
0 2000 0.783333 0.361111 0.032292 0.174074
0 2001 0.463021 0.353704 0.032292 0.159259
0 2002 0.551042 0.391667 0.034375 0.185185
0 2003 0.538802 0.395370 0.026562 0.175926
0 2004 0.488542 0.370833 0.028125 0.123148
0 2005 0.426563 0.362500 0.030208 0.126852
0 2006 0.348438 0.383333 0.035417 0.174074
0 2007 0.299219 0.336574 0.035937 0.149074
0 2008 0.471094 0.310185 0.027604 0.124074
0 2009 0.497396 0.312963 0.029167 0.135185
0 2010 0.530469 0.425463 0.035937 0.165741
0 2013 0.442969 0.285648 0.027604 0.121296
0 2014 0.539844 0.409259 0.032813 0.170370
0 2015 0.469271 0.277778 0.028125 0.107407
0 2016 0.360677 0.279167 0.031771 0.128704
0 2017 0.385937 0.280556 0.031250 0.131481
0 2020 0.401562 0.265278 0.030208 0.123148
0 2023 0.345052 0.246296 0.023438 0.114815
0 2026 0.095833 0.550926 0.035417 0.194444
0 2030 0.383854 0.249074 0.026042 0.118519
0 2031 0.132031 0.500463 0.040104 0.197222
0 2032 0.403646 0.250926 0.023958 0.114815
0 2049 0.521094 0.483333 0.040104 0.198148
0 2050 0.486198 0.515741 0.051562 0.203704
0 2051 0.518490 0.250926 0.023438 0.118519
0 2055 0.380208 0.241204 0.026042 0.126852
0 2109 0.608333 0.355556 0.032292 0.135185
0 2110 0.618750 0.346296 0.032292 0.135185
0 2111 0.621354 0.379630 0.030208 0.135185
0 2112 0.361979 0.268519 0.019792 0.088889
0 2113 0.361458 0.278704 0.027083 0.111111
0 2114 0.768750 0.379630 0.032292 0.168519
0 2118 0.484115 0.245370 0.025521 0.107407
