0 1952 0.803385 0.869444 0.063021 0.257407
0 1953 0.931771 0.844907 0.071875 0.306481
0 1954 0.240104 0.537963 0.051042 0.190741
0 1955 0.169792 0.575926 0.051042 0.159259
0 1961 0.174740 0.514352 0.057813 0.213889
0 1963 0.265625 0.515741 0.042708 0.181481
0 1964 0.228906 0.512963 0.041146 0.187037
0 1966 0.375781 0.649074 0.053646 0.238889
0 1967 0.352344 0.619907 0.052604 0.226852
0 1968 0.285677 0.592593 0.057813 0.240741
0 1969 0.295052 0.450926 0.038021 0.183333
0 1970 0.651302 0.486111 0.045312 0.179630
0 1971 0.399219 0.459722 0.033854 0.152778
0 1972 0.365885 0.438426 0.044271 0.184259
0 1973 0.325000 0.433796 0.044792 0.178704
0 1974 0.487760 0.425926 0.038021 0.170370
0 1975 0.452083 0.425463 0.037500 0.176852
0 1976 0.500781 0.393519 0.038021 0.161111
0 1977 0.405990 0.406019 0.029687 0.154630
0 1978 0.390885 0.378704 0.032813 0.148148
0 1979 0.482292 0.384259 0.029167 0.137037
0 1980 0.488802 0.344907 0.031771 0.143519
0 1981 0.366406 0.378704 0.031771 0.157407
0 1982 0.446615 0.384722 0.033854 0.154630
0 1983 0.424740 0.377778 0.029687 0.162963
0 1984 0.440104 0.312963 0.030208 0.124074
0 1985 0.310417 0.390278 0.030208 0.132407
0 1986 0.277344 0.409722 0.040104 0.171296
0 1987 0.420573 0.338889 0.031771 0.135185
0 1988 0.380208 0.362037 0.032292 0.137037
0 1989 0.399219 0.332870 0.024479 0.121296
0 1990 0.371354 0.340278 0.036458 0.137963
0 1991 0.351042 0.365741 0.039583 0.148148
0 1992 0.480469 0.160185 0.021354 0.087037
0 1993 0.398958 0.351852 0.028125 0.124074
0 2000 0.784115 0.361111 0.031771 0.174074
0 2001 0.456771 0.345833 0.032292 0.156481
0 2002 0.550521 0.391667 0.034375 0.185185
0 2003 0.541927 0.395370 0.025521 0.175926
0 2004 0.492188 0.360185 0.026042 0.124074
0 2005 0.423958 0.350463 0.030208 0.126852
0 2006 0.350260 0.377315 0.035937 0.171296
0 2007 0.290365 0.324537 0.035937 0.149074
0 2008 0.466927 0.306481 0.027604 0.127778
0 2009 0.488021 0.294444 0.029167 0.135185
0 2010 0.531250 0.425926 0.036458 0.164815
0 2013 0.429427 0.274074 0.028646 0.120370
0 2014 0.537500 0.408796 0.033333 0.171296
0 2015 0.453646 0.272222 0.028125 0.107407
0 2016 0.355729 0.272685 0.030208 0.128704
0 2017 0.375521 0.274074 0.029167 0.127778
0 2020 0.382031 0.253241 0.027604 0.112037
0 2026 0.095312 0.549074 0.035417 0.196296
0 2030 0.363281 0.245370 0.027604 0.118519
0 2031 0.132031 0.499537 0.041146 0.195370
0 2032 0.383594 0.245370 0.026562 0.116667
0 2049 0.535156 0.489352 0.038021 0.206481
0 2050 0.517448 0.519444 0.053646 0.203704
0 2051 0.497917 0.247222 0.023958 0.118519
0 2055 0.345833 0.239815 0.026042 0.125926
0 2109 0.608333 0.354630 0.032292 0.135185
0 2110 0.618750 0.345370 0.032292 0.135185
0 2111 0.621354 0.378704 0.030208 0.135185
0 2112 0.343229 0.263889 0.019792 0.088889
0 2113 0.341146 0.279167 0.027083 0.115741
0 2114 0.766406 0.378704 0.032813 0.168519
0 2118 0.463542 0.243519 0.026042 0.107407
