0 1952 0.803125 0.871759 0.060417 0.254630
0 1953 0.937500 0.849537 0.073958 0.297222
0 1954 0.239583 0.534259 0.050000 0.190741
0 1955 0.175000 0.572222 0.048958 0.159259
0 1961 0.175781 0.507870 0.055729 0.210185
0 1963 0.266146 0.513889 0.041667 0.181481
0 1964 0.228646 0.509259 0.041667 0.183333
0 1966 0.378125 0.651852 0.052083 0.238889
0 1967 0.347917 0.626852 0.050000 0.229630
0 1968 0.282552 0.599074 0.058854 0.240741
0 1969 0.297135 0.456019 0.038021 0.189815
0 1970 0.664062 0.490278 0.054167 0.180556
0 1971 0.399740 0.462037 0.033854 0.153704
0 1972 0.366146 0.441204 0.044792 0.184259
0 1973 0.326302 0.437500 0.043229 0.180556
0 1974 0.489844 0.431944 0.041146 0.171296
0 1975 0.453906 0.429167 0.038021 0.176852
0 1976 0.499740 0.396759 0.038021 0.162037
0 1977 0.404948 0.407407 0.029687 0.153704
0 1978 0.389583 0.381481 0.032292 0.148148
0 1979 0.480990 0.386111 0.028646 0.137037
0 1980 0.491667 0.346759 0.032292 0.143519
0 1981 0.365365 0.381481 0.031771 0.157407
0 1982 0.447135 0.386574 0.033854 0.154630
0 1983 0.424740 0.380093 0.029687 0.163889
0 1984 0.441146 0.314815 0.030208 0.124074
0 1985 0.309375 0.392130 0.030208 0.132407
0 1986 0.278385 0.412500 0.040104 0.171296
0 1987 0.421615 0.343519 0.031771 0.135185
0 1988 0.385417 0.364815 0.032292 0.137037
0 1989 0.399479 0.335648 0.025000 0.123148
0 1990 0.373437 0.341204 0.036458 0.137963
0 1991 0.354167 0.369444 0.039583 0.148148
0 1992 0.479687 0.160185 0.021875 0.087037
0 1993 0.400521 0.354630 0.028125 0.124074
0 2000 0.784115 0.361111 0.031771 0.174074
0 2001 0.458333 0.348148 0.032292 0.157407
0 2002 0.550521 0.391667 0.034375 0.185185
0 2003 0.541146 0.395370 0.026042 0.175926
0 2004 0.491406 0.362037 0.026562 0.124074
0 2005 0.424479 0.353241 0.030208 0.126852
0 2006 0.350260 0.378704 0.035937 0.172222
0 2007 0.292969 0.327315 0.035937 0.149074
0 2008 0.467969 0.306481 0.027604 0.125926
0 2009 0.490104 0.298148 0.029167 0.135185
0 2010 0.530729 0.425463 0.036458 0.165741
0 2013 0.433854 0.275000 0.028125 0.120370
0 2014 0.538021 0.408796 0.033333 0.171296
0 2015 0.457292 0.273148 0.028125 0.107407
0 2016 0.357552 0.273611 0.030729 0.128704
0 2017 0.378906 0.278704 0.031771 0.131481
0 2020 0.387240 0.256481 0.026562 0.114815
0 2026 0.095312 0.549537 0.035417 0.195370
0 2030 0.367969 0.246759 0.027604 0.117593
0 2031 0.132031 0.499537 0.041146 0.195370
0 2032 0.388021 0.247222 0.026042 0.114815
0 2049 0.533073 0.487500 0.036979 0.206481
0 2050 0.510156 0.518519 0.054688 0.203704
0 2051 0.502083 0.248148 0.023958 0.118519
0 2055 0.353906 0.243519 0.025521 0.125926
0 2109 0.608333 0.354630 0.032292 0.135185
0 2110 0.618750 0.345370 0.032292 0.135185
0 2111 0.621354 0.378704 0.030208 0.135185
0 2112 0.347396 0.264815 0.019792 0.088889
0 2113 0.345313 0.279167 0.027083 0.115741
0 2114 0.766146 0.378704 0.032292 0.168519
0 2118 0.466667 0.244444 0.026042 0.107407
