0 1952 0.816146 0.874074 0.060417 0.251852
0 1953 0.956771 0.868056 0.077083 0.262037
0 1954 0.238542 0.521296 0.050000 0.185185
0 1955 0.178646 0.555556 0.040625 0.159259
0 1961 0.180208 0.498148 0.056250 0.209259
0 1963 0.264323 0.503704 0.040104 0.181481
0 1964 0.225260 0.496759 0.041146 0.173148
0 1966 0.388021 0.667130 0.050000 0.247222
0 1967 0.343750 0.647685 0.066667 0.239815
0 1968 0.269792 0.624074 0.056250 0.253704
0 1969 0.303646 0.468981 0.041667 0.195370
0 1970 0.708073 0.500000 0.051562 0.179630
0 1971 0.403906 0.470833 0.033854 0.156481
0 1972 0.369531 0.453704 0.044271 0.187037
0 1973 0.329948 0.451389 0.040104 0.184259
0 1974 0.501042 0.445370 0.039583 0.166667
0 1975 0.461198 0.441204 0.038021 0.176852
0 1976 0.496094 0.406019 0.038021 0.162037
0 1977 0.404948 0.412963 0.029687 0.153704
0 1978 0.383073 0.388889 0.033854 0.148148
0 1979 0.478906 0.394444 0.027604 0.137037
0 1980 0.496875 0.356019 0.032292 0.143519
0 1981 0.361198 0.388889 0.032813 0.162963
0 1982 0.446615 0.393981 0.033854 0.154630
0 1983 0.424740 0.387500 0.029687 0.167593
0 1984 0.443229 0.320833 0.031250 0.123148
0 1985 0.304688 0.398611 0.030208 0.132407
0 1986 0.281510 0.421759 0.040104 0.171296
0 1987 0.425260 0.358333 0.031771 0.135185
0 1988 0.398438 0.372222 0.032292 0.137037
0 1989 0.404167 0.338426 0.026042 0.119444
0 1990 0.384115 0.349537 0.034896 0.137963
0 1991 0.363021 0.374074 0.038542 0.148148
0 1993 0.406250 0.362963 0.028125 0.124074
0 2000 0.783333 0.361111 0.032292 0.174074
0 2001 0.463542 0.354630 0.032292 0.159259
0 2002 0.551042 0.391667 0.034375 0.185185
0 2003 0.538542 0.395370 0.027083 0.175926
0 2004 0.488281 0.371296 0.028646 0.124074
0 2005 0.426563 0.363426 0.030208 0.126852
0 2006 0.348177 0.383333 0.034896 0.174074
0 2007 0.299219 0.336574 0.035937 0.149074
0 2008 0.471094 0.311111 0.027604 0.124074
0 2009 0.497396 0.312963 0.029167 0.135185
0 2010 0.530469 0.425463 0.035937 0.165741
0 2013 0.444010 0.286574 0.027604 0.121296
0 2014 0.539844 0.409259 0.032813 0.170370
0 2015 0.470313 0.277778 0.028125 0.107407
0 2016 0.360677 0.279167 0.031771 0.128704
0 2017 0.386458 0.281481 0.031250 0.131481
0 2020 0.402344 0.266204 0.030729 0.123148
0 2023 0.346094 0.246296 0.023438 0.114815
0 2026 0.095833 0.550926 0.035417 0.194444
0 2030 0.384896 0.249074 0.026042 0.118519
0 2031 0.132031 0.500463 0.040104 0.197222
0 2032 0.404687 0.250926 0.023958 0.114815
0 2049 0.519792 0.483333 0.040625 0.198148
0 2050 0.484635 0.516667 0.050521 0.203704
0 2051 0.519531 0.251852 0.023438 0.118519
0 2055 0.381771 0.241204 0.026042 0.126852
0 2109 0.608333 0.355556 0.032292 0.135185
0 2110 0.618750 0.346296 0.032292 0.135185
0 2111 0.621354 0.379630 0.030208 0.135185
0 2112 0.363021 0.268519 0.019792 0.088889
0 2113 0.363021 0.279167 0.027083 0.110185
0 2114 0.768750 0.379630 0.032292 0.168519
0 2118 0.484635 0.245370 0.025521 0.107407
