0 1952 0.797656 0.865741 0.067187 0.266667
0 1954 0.232031 0.462963 0.042188 0.168519
0 1955 0.196875 0.498611 0.044792 0.139815
0 1961 0.184115 0.453241 0.050521 0.193519
0 1963 0.245833 0.455093 0.041667 0.160185
0 1964 0.223438 0.453704 0.037500 0.164815
0 1966 0.326562 0.775000 0.064583 0.279630
0 1967 0.267708 0.814352 0.076042 0.293519
0 1968 0.191667 0.768981 0.066667 0.302778
0 1969 0.286458 0.533333 0.046875 0.214815
0 1971 0.389844 0.539352 0.036979 0.175000
0 1972 0.357812 0.520370 0.052083 0.205556
0 1973 0.317188 0.510185 0.044792 0.203704
0 1974 0.575000 0.506944 0.046875 0.187963
0 1975 0.526823 0.507870 0.042188 0.200926
0 1976 0.569792 0.457870 0.040625 0.171296
0 1977 0.384635 0.443981 0.031771 0.163889
0 1978 0.370052 0.430093 0.035937 0.149074
0 1979 0.555729 0.453704 0.031250 0.174074
0 1980 0.489844 0.390278 0.031771 0.143519
0 1981 0.345573 0.432870 0.040104 0.178704
0 1982 0.496875 0.443056 0.038542 0.175000
0 1983 0.463021 0.445370 0.033333 0.183333
0 1984 0.450521 0.353241 0.032292 0.123148
0 1985 0.286198 0.432870 0.027604 0.137963
0 1986 0.279427 0.490741 0.044271 0.205556
0 1987 0.446354 0.385648 0.029167 0.134259
0 1988 0.432292 0.426389 0.033333 0.163889
0 1989 0.414062 0.380093 0.025000 0.125000
0 1990 0.405208 0.397222 0.034375 0.172222
0 1991 0.402344 0.422222 0.038021 0.161111
0 1993 0.423177 0.396296 0.027604 0.124074
0 1994 0.369010 0.293519 0.029687 0.140741
0 1995 0.346354 0.302315 0.031250 0.128704
0 1998 0.314323 0.288426 0.029687 0.134259
0 2000 0.783854 0.362500 0.030208 0.173148
0 2001 0.465104 0.393519 0.036458 0.172222
0 2002 0.523438 0.401389 0.041667 0.184259
0 2003 0.499479 0.410648 0.034375 0.176852
0 2004 0.480208 0.426389 0.029167 0.149074
0 2005 0.427083 0.406944 0.030208 0.158333
0 2006 0.323698 0.420370 0.035937 0.162963
0 2007 0.294271 0.376852 0.038542 0.148148
0 2008 0.467187 0.352778 0.027083 0.135185
0 2009 0.499219 0.345833 0.031771 0.143519
0 2010 0.526042 0.427315 0.034375 0.165741
0 2011 0.318490 0.360648 0.031771 0.150926
0 2013 0.480990 0.319907 0.027604 0.121296
0 2014 0.541146 0.418519 0.032292 0.170370
0 2015 0.507812 0.313426 0.029167 0.115741
0 2016 0.381250 0.314352 0.032292 0.143519
0 2017 0.417708 0.315741 0.030208 0.137037
0 2018 0.276302 0.300926 0.025521 0.153704
0 2019 0.426563 0.263889 0.026042 0.120370
0 2020 0.447396 0.293519 0.030208 0.131481
0 2021 0.321354 0.319907 0.026042 0.117593
0 2022 0.288021 0.315741 0.032292 0.135185
0 2023 0.380990 0.272685 0.025521 0.115741
0 2026 0.089583 0.549074 0.040625 0.192593
0 2030 0.441927 0.278241 0.029687 0.126852
0 2031 0.130208 0.500926 0.039583 0.196296
0 2032 0.461198 0.277778 0.029687 0.125926
0 2049 0.396354 0.478704 0.038542 0.192593
0 2050 0.405990 0.505093 0.048438 0.197222
0 2051 0.569010 0.280556 0.027604 0.124074
0 2055 0.472917 0.272222 0.030208 0.137037
0 2109 0.607031 0.359259 0.031771 0.135185
0 2110 0.618229 0.349074 0.032292 0.135185
0 2111 0.622135 0.381481 0.029687 0.135185
0 2112 0.409375 0.294444 0.019792 0.090741
0 2113 0.406250 0.306944 0.027083 0.117593
0 2114 0.769010 0.380556 0.027604 0.168519
0 2118 0.537240 0.274537 0.025521 0.110185
