0 1952 0.815885 0.866667 0.069271 0.268519
0 1953 0.973177 0.913889 0.051562 0.174074
0 1954 0.230729 0.491204 0.047917 0.173148
0 1955 0.189062 0.523611 0.038542 0.150926
0 1961 0.182812 0.475463 0.053125 0.200926
0 1963 0.252604 0.480093 0.041667 0.169444
0 1964 0.216927 0.476389 0.040104 0.176852
0 1966 0.387240 0.707870 0.055729 0.263889
0 1967 0.316146 0.707870 0.066667 0.256481
0 1968 0.242969 0.673611 0.060937 0.267593
0 1969 0.307812 0.492130 0.050000 0.206481
0 1970 0.808854 0.507870 0.041667 0.191667
0 1971 0.404948 0.494907 0.038021 0.165741
0 1972 0.370312 0.475000 0.045833 0.190741
0 1973 0.327604 0.473611 0.041667 0.189815
0 1974 0.529687 0.466204 0.042708 0.184259
0 1975 0.485417 0.460648 0.037500 0.180556
0 1976 0.493490 0.425000 0.040104 0.162963
0 1977 0.395573 0.419444 0.033854 0.153704
0 1978 0.378385 0.400463 0.033854 0.149074
0 1979 0.476042 0.410648 0.032292 0.139815
0 1980 0.502083 0.371759 0.032292 0.143519
0 1981 0.351302 0.401389 0.035937 0.178704
0 1982 0.450000 0.410648 0.033333 0.162037
0 1983 0.423177 0.405093 0.032813 0.171296
0 1984 0.444531 0.331019 0.031771 0.123148
0 1985 0.292187 0.408333 0.028125 0.133333
0 1986 0.291667 0.451852 0.039583 0.190741
0 1987 0.435677 0.365741 0.031771 0.135185
0 1988 0.412500 0.384259 0.032292 0.137037
0 1989 0.411979 0.346759 0.026042 0.113889
0 1990 0.395313 0.360648 0.034375 0.137963
0 1991 0.383073 0.386111 0.038021 0.148148
0 1993 0.412240 0.372222 0.027604 0.124074
0 1994 0.335417 0.281019 0.029167 0.139815
0 1995 0.316927 0.284259 0.024479 0.116667
0 2000 0.782813 0.362037 0.032292 0.174074
0 2001 0.469271 0.368519 0.033333 0.162963
0 2002 0.551562 0.392593 0.034375 0.185185
0 2003 0.533333 0.395370 0.029167 0.175926
0 2004 0.484375 0.386574 0.030208 0.123148
0 2005 0.428906 0.385648 0.029687 0.154630
0 2006 0.332031 0.393056 0.033854 0.163889
0 2007 0.298438 0.350463 0.036458 0.149074
0 2008 0.474479 0.325926 0.028125 0.124074
0 2009 0.497917 0.319444 0.032292 0.142593
0 2010 0.529687 0.425463 0.034375 0.165741
0 2011 0.291927 0.334722 0.029687 0.150926
0 2013 0.465104 0.297685 0.027083 0.121296
0 2014 0.539844 0.410185 0.031771 0.170370
0 2015 0.492448 0.287963 0.027604 0.114815
0 2016 0.370573 0.290741 0.033854 0.135185
0 2017 0.400521 0.294444 0.033333 0.137037
0 2019 0.378646 0.247685 0.029167 0.112037
0 2020 0.421615 0.278704 0.031771 0.131481
0 2021 0.271875 0.301852 0.019792 0.114815
0 2023 0.366667 0.255093 0.026042 0.115741
0 2026 0.093750 0.550463 0.037500 0.193519
0 2030 0.414323 0.259722 0.025521 0.119444
0 2031 0.130729 0.499074 0.039583 0.198148
0 2032 0.435677 0.260648 0.027604 0.115741
0 2049 0.472656 0.478241 0.046354 0.193519
0 2050 0.454167 0.512037 0.039583 0.203704
0 2051 0.551302 0.259722 0.026562 0.119444
0 2055 0.425000 0.248611 0.027083 0.126852
0 2109 0.607552 0.357407 0.031771 0.135185
0 2110 0.619010 0.349074 0.031771 0.135185
0 2111 0.621615 0.380556 0.029687 0.135185
0 2112 0.388542 0.277315 0.019792 0.089815
0 2113 0.379948 0.277315 0.027604 0.104630
0 2114 0.769271 0.379630 0.030208 0.168519
0 2118 0.507031 0.255556 0.025521 0.109259
