0 1952 0.805208 0.875463 0.063542 0.250926
0 1954 0.209635 0.450000 0.035937 0.164815
0 1955 0.206771 0.484722 0.040625 0.136111
0 1963 0.257292 0.440278 0.030208 0.160185
0 1964 0.232813 0.437037 0.034375 0.162963
0 1966 0.294531 0.829167 0.070312 0.302778
0 1967 0.230469 0.866204 0.091146 0.267593
0 1968 0.151042 0.832407 0.073958 0.314815
0 1969 0.265365 0.555093 0.065104 0.221296
0 1971 0.385677 0.569444 0.038021 0.185185
0 1972 0.348698 0.550000 0.050521 0.218519
0 1973 0.305990 0.535648 0.044271 0.210185
0 1974 0.591406 0.532870 0.048438 0.195370
0 1975 0.545573 0.534722 0.044271 0.204630
0 1976 0.646875 0.475000 0.048958 0.183333
0 1977 0.383594 0.457407 0.032813 0.175926
0 1978 0.367188 0.450463 0.036458 0.158333
0 1979 0.636198 0.469444 0.036979 0.174074
0 1980 0.488802 0.406481 0.031771 0.162963
0 1981 0.346875 0.446759 0.040625 0.178704
0 1982 0.567448 0.458333 0.038021 0.179630
0 1983 0.528125 0.460648 0.041667 0.189815
0 1984 0.455729 0.368519 0.032292 0.124074
0 1985 0.279687 0.448148 0.031250 0.137037
0 1986 0.261458 0.519907 0.043750 0.213889
0 1987 0.448177 0.402778 0.029687 0.148148
0 1988 0.455990 0.442593 0.035937 0.168519
0 1989 0.417969 0.387963 0.025521 0.116667
0 1990 0.405208 0.419444 0.034375 0.192593
0 1991 0.421615 0.441204 0.039062 0.167593
0 1993 0.424740 0.403704 0.027604 0.124074
0 1994 0.386198 0.305556 0.030729 0.140741
0 1995 0.360156 0.316667 0.032813 0.131481
0 1998 0.331250 0.291667 0.032292 0.135185
0 2000 0.786458 0.361574 0.030208 0.173148
0 2001 0.463542 0.410185 0.036458 0.177778
0 2002 0.511458 0.410648 0.041667 0.184259
0 2003 0.497656 0.415741 0.033854 0.177778
0 2004 0.503385 0.441204 0.033854 0.154630
0 2005 0.421615 0.425000 0.033854 0.164815
0 2006 0.332813 0.429630 0.036458 0.162963
0 2007 0.298958 0.391667 0.038542 0.148148
0 2008 0.450260 0.364815 0.027604 0.135185
0 2009 0.488802 0.360648 0.031771 0.143519
0 2010 0.529687 0.431944 0.034375 0.165741
0 2011 0.334375 0.369907 0.032292 0.150926
0 2013 0.479948 0.332870 0.029687 0.123148
0 2014 0.555469 0.429167 0.035937 0.171296
0 2015 0.511198 0.333333 0.031771 0.122222
0 2016 0.387760 0.325000 0.031771 0.146296
0 2017 0.430208 0.325926 0.030208 0.137037
0 2018 0.313021 0.308796 0.029167 0.154630
0 2019 0.449219 0.270833 0.025521 0.121296
0 2020 0.452604 0.308796 0.030208 0.132407
0 2021 0.338281 0.330556 0.025521 0.118519
0 2022 0.315625 0.326852 0.032292 0.138889
0 2023 0.393490 0.283333 0.025521 0.120370
0 2026 0.090104 0.553241 0.040625 0.193519
0 2030 0.452344 0.286574 0.029687 0.126852
0 2031 0.134115 0.504167 0.041146 0.195370
0 2032 0.471615 0.288889 0.028646 0.129630
0 2038 0.289062 0.308796 0.029167 0.121296
0 2043 0.021354 0.860648 0.041667 0.280556
0 2049 0.341406 0.482407 0.038021 0.192593
0 2050 0.362240 0.499537 0.039062 0.191667
0 2051 0.572135 0.291667 0.031771 0.129630
0 2055 0.486979 0.283796 0.030208 0.137963
0 2109 0.608073 0.361111 0.031771 0.135185
0 2110 0.620052 0.350000 0.031771 0.135185
0 2111 0.622917 0.382407 0.030208 0.135185
0 2112 0.423177 0.306019 0.019271 0.089815
0 2113 0.414062 0.318056 0.027083 0.121296
0 2114 0.770052 0.382407 0.027604 0.168519
0 2118 0.546615 0.285185 0.029687 0.112963
