0 1952 0.814583 0.877778 0.063542 0.246296
0 1954 0.196875 0.446296 0.038542 0.161111
0 1955 0.209896 0.480093 0.036458 0.134259
0 1963 0.261719 0.436111 0.029687 0.157407
0 1964 0.236979 0.432870 0.034375 0.160185
0 1966 0.277865 0.844907 0.072396 0.308333
0 1967 0.218750 0.876852 0.088542 0.246296
0 1968 0.135937 0.846759 0.077083 0.306481
0 1969 0.261458 0.562500 0.060417 0.225000
0 1971 0.383073 0.579630 0.038021 0.185185
0 1972 0.346615 0.560185 0.050521 0.220370
0 1973 0.304427 0.543519 0.044271 0.212963
0 1974 0.591406 0.539352 0.048438 0.204630
0 1975 0.549740 0.541667 0.044271 0.205556
0 1976 0.673438 0.478241 0.052083 0.184259
0 1977 0.380990 0.461111 0.033854 0.175926
0 1978 0.365625 0.456481 0.036458 0.162963
0 1979 0.660937 0.473148 0.038542 0.174074
0 1980 0.488281 0.410648 0.031771 0.167593
0 1981 0.346354 0.452315 0.040625 0.178704
0 1982 0.589323 0.462963 0.038021 0.179630
0 1983 0.555990 0.464352 0.040104 0.189815
0 1984 0.456250 0.372222 0.032292 0.124074
0 1985 0.279687 0.453704 0.033333 0.137037
0 1986 0.258073 0.524537 0.045312 0.217593
0 1987 0.448177 0.407407 0.029687 0.151852
0 1988 0.469792 0.450463 0.038542 0.167593
0 1989 0.415365 0.392593 0.025521 0.120370
0 1990 0.405990 0.425000 0.035937 0.192593
0 1991 0.430208 0.448148 0.040625 0.166667
0 1993 0.424219 0.406481 0.027604 0.124074
0 1994 0.390104 0.307870 0.031250 0.139815
0 1995 0.365365 0.322222 0.031771 0.131481
0 1997 0.240625 0.368519 0.028125 0.124074
0 1998 0.337500 0.293519 0.032292 0.135185
0 2000 0.786719 0.365278 0.029687 0.173148
0 2001 0.463021 0.415278 0.036458 0.178704
0 2002 0.508333 0.413426 0.041667 0.184259
0 2003 0.500000 0.420833 0.034375 0.186111
0 2004 0.519792 0.446759 0.034375 0.154630
0 2005 0.423177 0.432870 0.036979 0.171296
0 2006 0.336458 0.433333 0.036458 0.162963
0 2007 0.301042 0.395833 0.038542 0.149074
0 2008 0.445573 0.370370 0.027604 0.135185
0 2009 0.484896 0.362500 0.032292 0.143519
0 2010 0.532292 0.435648 0.034375 0.165741
0 2011 0.338542 0.373611 0.032292 0.150926
0 2013 0.479948 0.337037 0.029687 0.125926
0 2014 0.559896 0.431019 0.036458 0.171296
0 2015 0.510677 0.337500 0.031771 0.123148
0 2016 0.389583 0.328241 0.032292 0.145370
0 2017 0.432812 0.328704 0.030208 0.137037
0 2018 0.320052 0.309259 0.030729 0.153704
0 2019 0.453906 0.273611 0.025521 0.123148
0 2020 0.452083 0.310648 0.030208 0.132407
0 2021 0.342448 0.331944 0.025521 0.121296
0 2022 0.322135 0.329630 0.031771 0.140741
0 2023 0.396615 0.287500 0.025521 0.121296
0 2024 0.280469 0.322222 0.025521 0.131481
0 2025 0.271094 0.325463 0.024479 0.147222
0 2026 0.090625 0.554630 0.040625 0.192593
0 2030 0.456250 0.292130 0.029167 0.126852
0 2031 0.136198 0.505093 0.042188 0.195370
0 2032 0.475781 0.291667 0.027604 0.129630
0 2038 0.296875 0.312500 0.029167 0.121296
0 2043 0.032292 0.851852 0.060417 0.298148
0 2049 0.326562 0.482407 0.036458 0.192593
0 2050 0.348698 0.498611 0.040104 0.187963
0 2051 0.570573 0.295370 0.031771 0.129630
0 2055 0.490625 0.286574 0.030208 0.137963
0 2062 0.788802 0.346296 0.027604 0.164815
0 2109 0.608594 0.361111 0.031771 0.135185
0 2110 0.620573 0.350000 0.031771 0.135185
0 2111 0.623958 0.382407 0.030208 0.135185
0 2112 0.427344 0.309259 0.019271 0.090741
0 2113 0.415104 0.320833 0.027083 0.123148
0 2114 0.770573 0.382407 0.027604 0.168519
0 2118 0.550781 0.287963 0.029687 0.112963
