0 1952 0.859896 0.880556 0.069792 0.238889
0 1963 0.279948 0.417593 0.027604 0.148148
0 1964 0.252344 0.415278 0.033854 0.158333
0 1966 0.235417 0.874537 0.073958 0.249074
0 1967 0.151042 0.919444 0.082292 0.162963
0 1968 0.074479 0.883333 0.081250 0.231481
0 1969 0.249219 0.603704 0.053646 0.237037
0 1971 0.369271 0.618981 0.037500 0.199074
0 1972 0.330208 0.592593 0.052083 0.237037
0 1973 0.294531 0.576852 0.048438 0.218519
0 1974 0.605729 0.575926 0.046875 0.209259
0 1975 0.558333 0.575000 0.043750 0.220370
0 1976 0.770312 0.496759 0.060417 0.189815
0 1977 0.380469 0.478704 0.038021 0.181481
0 1978 0.350000 0.475463 0.036458 0.167593
0 1979 0.770833 0.490278 0.046875 0.173148
0 1980 0.490104 0.431019 0.032292 0.182407
0 1981 0.343490 0.475463 0.044271 0.178704
0 1982 0.682031 0.477778 0.046354 0.185185
0 1983 0.660677 0.483796 0.055729 0.195370
0 1984 0.458854 0.385185 0.032292 0.124074
0 1985 0.266406 0.474074 0.033854 0.144444
0 1986 0.234896 0.556481 0.052083 0.224074
0 1987 0.448958 0.418981 0.032292 0.158333
0 1988 0.527083 0.470370 0.039583 0.175926
0 1989 0.415104 0.427778 0.034375 0.151852
0 1990 0.446615 0.437963 0.041146 0.183333
0 1991 0.487760 0.480093 0.048438 0.178704
0 1993 0.432552 0.429630 0.033854 0.144444
0 1994 0.408854 0.319444 0.032292 0.140741
0 1995 0.388021 0.335185 0.030208 0.131481
0 1996 0.234896 0.353241 0.032292 0.156481
0 1997 0.279167 0.371296 0.028125 0.124074
0 1998 0.355208 0.307407 0.030208 0.135185
0 2000 0.810417 0.343519 0.030208 0.174074
0 2001 0.465625 0.429167 0.036458 0.180556
0 2002 0.516146 0.422222 0.040625 0.185185
0 2003 0.515885 0.444907 0.033854 0.193519
0 2004 0.566406 0.454167 0.040104 0.160185
0 2005 0.425781 0.456944 0.042188 0.178704
0 2006 0.338542 0.449074 0.036458 0.162963
0 2007 0.308594 0.421759 0.044271 0.165741
0 2008 0.421875 0.397685 0.029167 0.150926
0 2009 0.457552 0.384722 0.032813 0.154630
0 2010 0.535156 0.437500 0.033854 0.165741
0 2011 0.349479 0.389815 0.036458 0.151852
0 2013 0.472396 0.352315 0.029167 0.126852
0 2014 0.566667 0.431481 0.036458 0.183333
0 2015 0.500260 0.353241 0.031771 0.130556
0 2016 0.400781 0.339815 0.033854 0.146296
0 2017 0.435937 0.341667 0.030208 0.137037
0 2018 0.339062 0.318981 0.032292 0.154630
0 2019 0.464062 0.286574 0.027083 0.126852
0 2020 0.448698 0.319907 0.029687 0.132407
0 2021 0.358594 0.343519 0.027604 0.125926
0 2022 0.338802 0.338426 0.028646 0.139815
0 2023 0.398698 0.302315 0.025521 0.121296
0 2024 0.314583 0.334722 0.026042 0.132407
0 2025 0.298698 0.333796 0.029687 0.154630
0 2026 0.093490 0.557870 0.040104 0.193519
0 2030 0.464583 0.302315 0.029167 0.126852
0 2031 0.136198 0.506019 0.043229 0.195370
0 2032 0.487500 0.301852 0.026042 0.129630
0 2038 0.315365 0.329630 0.029687 0.129630
0 2040 0.294531 0.322222 0.029687 0.140741
0 2043 0.059115 0.783333 0.083854 0.309259
0 2049 0.298698 0.475000 0.034896 0.192593
0 2050 0.301042 0.492130 0.037500 0.189815
0 2051 0.566927 0.306019 0.025521 0.128704
0 2055 0.502344 0.297685 0.029687 0.137963
0 2057 0.346875 0.242130 0.026042 0.110185
0 2062 0.741927 0.362963 0.040104 0.164815
0 2064 0.783333 0.331481 0.030208 0.148148
0 2107 0.348958 0.246296 0.025000 0.092593
0 2109 0.610677 0.361111 0.031771 0.135185
0 2110 0.622396 0.350926 0.032292 0.135185
0 2111 0.625000 0.384259 0.030208 0.135185
0 2112 0.429167 0.330556 0.023958 0.096296
0 2113 0.413021 0.332407 0.027083 0.124074
0 2114 0.775260 0.381019 0.030729 0.167593
0 2116 0.350000 0.236111 0.025000 0.107407
0 2118 0.552865 0.306944 0.029687 0.121296
