0 1952 0.899219 0.889352 0.079687 0.221296
0 1963 0.291927 0.398611 0.027604 0.145370
0 1964 0.263542 0.399074 0.033333 0.151852
0 1966 0.160938 0.900926 0.082292 0.196296
0 1967 0.066406 0.964352 0.057813 0.073148
0 1968 0.027865 0.926852 0.054688 0.148148
0 1969 0.229427 0.641667 0.058854 0.251852
0 1971 0.345573 0.657407 0.035937 0.212963
0 1972 0.311458 0.627315 0.053125 0.243519
0 1973 0.269792 0.613889 0.047917 0.240741
0 1974 0.622135 0.613889 0.052604 0.222222
0 1975 0.563281 0.608796 0.050521 0.234259
0 1976 0.857552 0.517130 0.061979 0.199074
0 1977 0.375000 0.502778 0.044792 0.188889
0 1978 0.326562 0.498611 0.036458 0.167593
0 1979 0.884635 0.502778 0.050521 0.187037
0 1980 0.509115 0.443056 0.031771 0.182407
0 1981 0.320052 0.498611 0.046354 0.186111
0 1982 0.781250 0.492130 0.061458 0.193519
0 1983 0.759375 0.500463 0.055208 0.200926
0 1984 0.465885 0.398148 0.031771 0.129630
0 1985 0.234115 0.496296 0.033854 0.146296
0 1986 0.211198 0.597222 0.050521 0.240741
0 1987 0.470052 0.439352 0.031771 0.176852
0 1988 0.603385 0.484259 0.044271 0.175926
0 1989 0.420052 0.436111 0.031771 0.146296
0 1990 0.488021 0.463889 0.039583 0.198148
0 1991 0.571094 0.492130 0.042188 0.178704
0 1993 0.448437 0.459259 0.041667 0.170370
0 1994 0.428646 0.331481 0.031250 0.146296
0 1995 0.398438 0.341667 0.030208 0.131481
0 1996 0.272656 0.359722 0.042188 0.156481
0 1997 0.311979 0.368981 0.028125 0.119444
0 1998 0.362240 0.316667 0.029687 0.135185
0 2001 0.490625 0.442593 0.036458 0.185185
0 2002 0.548698 0.436574 0.038021 0.184259
0 2003 0.535417 0.449537 0.034375 0.193519
0 2004 0.561719 0.475926 0.040104 0.168519
0 2005 0.426823 0.483796 0.050521 0.189815
0 2006 0.349479 0.472222 0.039583 0.181481
0 2007 0.316406 0.447685 0.044271 0.176852
0 2008 0.392969 0.420370 0.031771 0.174074
0 2009 0.429688 0.403704 0.034375 0.162963
0 2010 0.536719 0.439352 0.033854 0.165741
0 2011 0.348958 0.404630 0.036458 0.151852
0 2013 0.451562 0.370370 0.033333 0.137037
0 2014 0.560417 0.438426 0.036458 0.187963
0 2015 0.491406 0.371296 0.031771 0.131481
0 2016 0.405990 0.351852 0.033854 0.153704
0 2017 0.436458 0.348148 0.031250 0.137037
0 2018 0.357812 0.328241 0.032292 0.154630
0 2019 0.471094 0.300463 0.027604 0.126852
0 2020 0.445573 0.328241 0.029687 0.132407
0 2021 0.369792 0.352778 0.026042 0.129630
0 2022 0.347656 0.350463 0.029687 0.139815
0 2023 0.393750 0.312037 0.027083 0.124074
0 2024 0.330208 0.343056 0.028125 0.132407
0 2025 0.312500 0.343981 0.030208 0.154630
0 2026 0.102344 0.554630 0.036979 0.192593
0 2030 0.465365 0.313889 0.031771 0.129630
0 2031 0.136458 0.505556 0.044792 0.194444
0 2032 0.491406 0.316667 0.025521 0.129630
0 2038 0.327865 0.337963 0.029687 0.129630
0 2040 0.305729 0.326852 0.030208 0.140741
0 2042 0.290365 0.310185 0.027604 0.131481
0 2043 0.093750 0.713889 0.079167 0.279630
0 2049 0.271354 0.465278 0.034375 0.193519
0 2050 0.275000 0.476389 0.042708 0.186111
0 2051 0.558854 0.312500 0.027083 0.128704
0 2055 0.507031 0.312963 0.029687 0.146296
0 2056 0.358073 0.250463 0.027604 0.121296
0 2057 0.395833 0.244907 0.026042 0.110185
0 2059 0.345573 0.238426 0.023438 0.104630
0 2062 0.684896 0.358796 0.038542 0.162037
0 2064 0.728125 0.361111 0.043750 0.172222
0 2107 0.395573 0.254630 0.023438 0.098148
0 2109 0.610156 0.361111 0.031771 0.135185
0 2110 0.620833 0.351852 0.032292 0.135185
0 2111 0.624740 0.383333 0.029687 0.135185
0 2112 0.430729 0.344907 0.023958 0.097222
0 2113 0.411979 0.343981 0.025000 0.123148
0 2114 0.782031 0.367593 0.031771 0.168519
0 2116 0.397656 0.244444 0.025521 0.107407
0 2118 0.545312 0.318056 0.030208 0.121296
