0 1952 0.802083 0.873611 0.063542 0.254630
0 1954 0.215365 0.450000 0.035937 0.164815
0 1955 0.202083 0.486574 0.045833 0.137963
0 1963 0.255469 0.442130 0.030729 0.160185
0 1964 0.230729 0.439352 0.034375 0.163889
0 1966 0.303125 0.821759 0.068750 0.300926
0 1967 0.236458 0.861574 0.092708 0.278704
0 1968 0.158333 0.825000 0.071875 0.318519
0 1969 0.271615 0.552315 0.056771 0.221296
0 1971 0.386719 0.565278 0.038021 0.182407
0 1972 0.350260 0.545833 0.050521 0.217593
0 1973 0.307552 0.531944 0.044271 0.210185
0 1974 0.588021 0.529167 0.045833 0.195370
0 1975 0.542969 0.531019 0.044271 0.204630
0 1976 0.636979 0.474074 0.048958 0.181481
0 1977 0.384896 0.455556 0.032292 0.175926
0 1978 0.367708 0.447685 0.036458 0.156481
0 1979 0.625781 0.467593 0.034896 0.174074
0 1980 0.488802 0.404167 0.031771 0.160185
0 1981 0.346875 0.444907 0.040625 0.178704
0 1982 0.556510 0.455556 0.038021 0.179630
0 1983 0.518490 0.460185 0.036979 0.190741
0 1984 0.455729 0.366667 0.032292 0.124074
0 1985 0.279948 0.445370 0.030729 0.137037
0 1986 0.263542 0.515741 0.043750 0.211111
0 1987 0.448177 0.400463 0.029687 0.145370
0 1988 0.453385 0.439352 0.035937 0.167593
0 1989 0.417448 0.387037 0.025521 0.118519
0 1990 0.404948 0.417130 0.033854 0.193519
0 1991 0.417187 0.437963 0.038542 0.168519
0 1993 0.425260 0.401852 0.027604 0.124074
0 1994 0.384115 0.304630 0.030729 0.140741
0 1995 0.357812 0.314815 0.033333 0.131481
0 1998 0.329688 0.290741 0.032292 0.135185
0 2000 0.785937 0.361574 0.030208 0.173148
0 2001 0.463542 0.408333 0.036458 0.177778
0 2002 0.513542 0.408796 0.041667 0.184259
0 2003 0.496354 0.413426 0.033333 0.173148
0 2004 0.495312 0.438426 0.033333 0.154630
0 2005 0.423177 0.422685 0.032813 0.165741
0 2006 0.330729 0.427778 0.036458 0.162963
0 2007 0.298438 0.389815 0.038542 0.148148
0 2008 0.452344 0.362037 0.027604 0.135185
0 2009 0.490625 0.359722 0.032292 0.143519
0 2010 0.528125 0.430093 0.034375 0.165741
0 2011 0.332813 0.368056 0.032292 0.150926
0 2013 0.479948 0.331019 0.029687 0.121296
0 2014 0.553385 0.428241 0.035937 0.171296
0 2015 0.510156 0.330093 0.031771 0.119444
0 2016 0.386719 0.323611 0.031771 0.145370
0 2017 0.428646 0.324074 0.030208 0.137037
0 2018 0.309635 0.308796 0.028646 0.154630
0 2019 0.446615 0.270833 0.025521 0.121296
0 2020 0.451562 0.306019 0.030208 0.132407
0 2021 0.336198 0.330093 0.025521 0.117593
0 2022 0.313021 0.325000 0.032292 0.137037
0 2023 0.391927 0.281944 0.025521 0.119444
0 2026 0.090104 0.552778 0.040625 0.192593
0 2030 0.450781 0.283796 0.029687 0.126852
0 2031 0.133333 0.504167 0.040625 0.195370
0 2032 0.469531 0.287037 0.028646 0.129630
0 2038 0.285417 0.306944 0.029167 0.121296
0 2043 0.020833 0.867130 0.040625 0.267593
0 2049 0.350260 0.482407 0.038021 0.192593
0 2050 0.369010 0.500463 0.039062 0.193519
0 2051 0.571094 0.289815 0.031771 0.129630
0 2055 0.484896 0.282870 0.030208 0.137963
0 2109 0.608073 0.361111 0.031771 0.135185
0 2110 0.619792 0.350000 0.032292 0.135185
0 2111 0.622656 0.382407 0.029687 0.135185
0 2112 0.421094 0.304630 0.019271 0.090741
0 2113 0.413542 0.316667 0.027083 0.120370
0 2114 0.770052 0.382407 0.027604 0.168519
0 2118 0.545573 0.283796 0.028646 0.112037
