0 1952 0.798958 0.871296 0.063542 0.259259
0 1954 0.222135 0.450926 0.035937 0.164815
0 1955 0.196875 0.489352 0.052083 0.139815
0 1961 0.173958 0.442593 0.050000 0.188889
0 1963 0.253385 0.444444 0.031771 0.159259
0 1964 0.228906 0.442593 0.034896 0.164815
0 1966 0.307552 0.813426 0.067187 0.299074
0 1967 0.240625 0.855093 0.086458 0.287963
0 1968 0.167187 0.812963 0.071875 0.318519
0 1969 0.280208 0.550463 0.046875 0.221296
0 1971 0.387240 0.560185 0.038021 0.179630
0 1972 0.351823 0.539352 0.050521 0.215741
0 1973 0.309375 0.527315 0.043750 0.210185
0 1974 0.583854 0.523148 0.044792 0.196296
0 1975 0.539844 0.525926 0.044271 0.203704
0 1976 0.624479 0.474074 0.048958 0.179630
0 1977 0.385677 0.453704 0.031771 0.175926
0 1978 0.368229 0.443519 0.036458 0.153704
0 1979 0.610938 0.464815 0.033333 0.174074
0 1980 0.489063 0.401389 0.032292 0.156481
0 1981 0.346354 0.443056 0.040625 0.178704
0 1982 0.542448 0.451852 0.038021 0.179630
0 1983 0.504167 0.456481 0.039583 0.190741
0 1984 0.455208 0.363889 0.032292 0.124074
0 1985 0.280990 0.442593 0.029687 0.137037
0 1986 0.265625 0.511111 0.043750 0.207407
0 1987 0.447917 0.396759 0.029167 0.141667
0 1988 0.450000 0.436111 0.036458 0.166667
0 1989 0.416667 0.385648 0.025000 0.119444
0 1990 0.405208 0.411111 0.033333 0.181481
0 1991 0.411458 0.435185 0.038542 0.168519
0 1993 0.425260 0.400000 0.027604 0.124074
0 1994 0.380990 0.301852 0.029687 0.140741
0 1995 0.355729 0.312037 0.033333 0.131481
0 1998 0.326562 0.289815 0.031250 0.135185
0 2000 0.785417 0.361574 0.030208 0.173148
0 2001 0.464062 0.404630 0.036458 0.177778
0 2002 0.516146 0.406019 0.041667 0.184259
0 2003 0.495312 0.410648 0.033333 0.169444
0 2004 0.490104 0.435648 0.032292 0.152778
0 2005 0.425000 0.419907 0.031250 0.165741
0 2006 0.328646 0.425000 0.036458 0.162963
0 2007 0.297396 0.387500 0.038542 0.149074
0 2008 0.455469 0.359259 0.027604 0.135185
0 2009 0.492969 0.358796 0.031771 0.143519
0 2010 0.527083 0.428241 0.034375 0.165741
0 2011 0.330208 0.367130 0.032292 0.150926
0 2013 0.479948 0.328704 0.029687 0.120370
0 2014 0.550781 0.426852 0.035937 0.170370
0 2015 0.508333 0.325463 0.031250 0.117593
0 2016 0.385677 0.321759 0.031771 0.145370
0 2017 0.427083 0.322222 0.030208 0.137037
0 2018 0.305469 0.308796 0.027604 0.154630
0 2019 0.442708 0.269907 0.026042 0.121296
0 2020 0.450521 0.302315 0.030208 0.132407
0 2021 0.333594 0.328241 0.025521 0.117593
0 2022 0.309896 0.323148 0.032292 0.135185
0 2023 0.390104 0.280093 0.026042 0.117593
0 2026 0.090104 0.551852 0.040625 0.192593
0 2030 0.448698 0.282870 0.029687 0.126852
0 2031 0.132292 0.503241 0.040625 0.195370
0 2032 0.467187 0.285185 0.029167 0.129630
0 2038 0.280729 0.306944 0.029167 0.121296
0 2043 0.019792 0.875000 0.038542 0.251852
0 2049 0.362240 0.482407 0.038021 0.192593
0 2050 0.375521 0.501389 0.041667 0.193519
0 2051 0.568490 0.287500 0.031771 0.128704
0 2055 0.482292 0.281019 0.030208 0.137963
0 2109 0.607552 0.361111 0.031771 0.135185
0 2110 0.619531 0.350000 0.031771 0.135185
0 2111 0.622135 0.381481 0.029687 0.135185
0 2112 0.418750 0.302315 0.019792 0.089815
0 2113 0.413021 0.315741 0.027083 0.118519
0 2114 0.769531 0.382407 0.027604 0.168519
0 2118 0.544531 0.281944 0.027604 0.112037
