0 1952 0.860938 0.880556 0.069792 0.238889
0 1963 0.280469 0.416667 0.027604 0.148148
0 1964 0.252865 0.415278 0.033854 0.158333
0 1966 0.233594 0.875000 0.074479 0.248148
0 1967 0.148958 0.921296 0.081250 0.159259
0 1968 0.073177 0.884722 0.081771 0.228704
0 1969 0.248438 0.605556 0.054167 0.237037
0 1971 0.369010 0.620370 0.036979 0.200000
0 1972 0.329688 0.593981 0.052083 0.237963
0 1973 0.293490 0.577315 0.048438 0.219444
0 1974 0.607031 0.577315 0.046354 0.210185
0 1975 0.558594 0.576389 0.044271 0.221296
0 1976 0.773698 0.497685 0.060937 0.189815
0 1977 0.380208 0.479630 0.038542 0.181481
0 1978 0.349479 0.476389 0.036458 0.167593
0 1979 0.773958 0.492130 0.047917 0.173148
0 1980 0.490625 0.431944 0.032292 0.182407
0 1981 0.343229 0.475463 0.044792 0.178704
0 1982 0.684896 0.478704 0.046875 0.185185
0 1983 0.663542 0.484722 0.056250 0.195370
0 1984 0.458854 0.386111 0.032292 0.124074
0 1985 0.265365 0.475000 0.033854 0.144444
0 1986 0.234115 0.557870 0.052604 0.225000
0 1987 0.449479 0.419444 0.032292 0.159259
0 1988 0.529427 0.470833 0.040104 0.175000
0 1989 0.415104 0.427778 0.034375 0.150000
0 1990 0.448177 0.438889 0.041146 0.183333
0 1991 0.489844 0.481019 0.048438 0.178704
0 1993 0.432812 0.430556 0.034375 0.144444
0 1994 0.409375 0.319444 0.032292 0.140741
0 1995 0.388542 0.335185 0.030208 0.131481
0 1996 0.235937 0.352315 0.032292 0.156481
0 1997 0.280208 0.372222 0.028125 0.124074
0 1998 0.355208 0.308333 0.030208 0.135185
0 2001 0.466667 0.429630 0.036458 0.181481
0 2002 0.516146 0.422685 0.040625 0.184259
0 2003 0.516927 0.445370 0.033854 0.192593
0 2004 0.566927 0.455093 0.040104 0.160185
0 2005 0.425260 0.458796 0.043229 0.178704
0 2006 0.338542 0.450000 0.036458 0.162963
0 2007 0.309115 0.423148 0.044271 0.166667
0 2008 0.420833 0.399074 0.029167 0.151852
0 2009 0.457031 0.385648 0.032813 0.154630
0 2010 0.535156 0.437500 0.033854 0.165741
0 2011 0.349479 0.389815 0.036458 0.151852
0 2013 0.471615 0.353241 0.029687 0.126852
0 2014 0.566667 0.431944 0.036458 0.184259
0 2015 0.499740 0.353704 0.031771 0.131481
0 2016 0.401302 0.339815 0.033854 0.146296
0 2017 0.435937 0.341667 0.030208 0.137037
0 2018 0.339583 0.319907 0.032292 0.154630
0 2019 0.464062 0.286574 0.027083 0.126852
0 2020 0.448698 0.319907 0.029687 0.132407
0 2021 0.359115 0.343519 0.027604 0.125926
0 2022 0.339062 0.339352 0.028125 0.139815
0 2023 0.398698 0.303241 0.025521 0.121296
0 2024 0.315625 0.335648 0.026042 0.132407
0 2025 0.299219 0.333796 0.029687 0.154630
0 2026 0.093750 0.557870 0.039583 0.193519
0 2030 0.464323 0.302315 0.029687 0.126852
0 2031 0.136198 0.506019 0.043229 0.195370
0 2032 0.488021 0.302778 0.026042 0.129630
0 2038 0.315365 0.329630 0.029687 0.129630
0 2040 0.295052 0.322222 0.029687 0.140741
0 2043 0.060937 0.782407 0.084375 0.309259
0 2049 0.298177 0.475000 0.034896 0.192593
0 2050 0.300260 0.491667 0.038021 0.190741
0 2051 0.566927 0.306019 0.025521 0.128704
0 2055 0.502865 0.297685 0.029687 0.137963
0 2057 0.348438 0.242130 0.026042 0.110185
0 2062 0.740885 0.362963 0.040104 0.164815
0 2064 0.782292 0.332407 0.030208 0.148148
0 2107 0.350260 0.246296 0.024479 0.092593
0 2109 0.610677 0.361111 0.031771 0.135185
0 2110 0.622396 0.350926 0.032292 0.135185
0 2111 0.625000 0.384259 0.030208 0.135185
0 2112 0.429167 0.331019 0.023958 0.095370
0 2113 0.412760 0.332407 0.026562 0.124074
0 2114 0.775521 0.381019 0.031250 0.167593
0 2116 0.351042 0.235648 0.025000 0.106481
0 2118 0.552865 0.306944 0.029687 0.121296
