0 1952 0.798698 0.869907 0.064062 0.260185
0 1954 0.223958 0.451852 0.036458 0.164815
0 1955 0.196875 0.490278 0.050000 0.139815
0 1961 0.175000 0.443981 0.050000 0.189815
0 1963 0.252344 0.445370 0.031771 0.159259
0 1964 0.228385 0.443519 0.034896 0.164815
0 1966 0.309375 0.810185 0.066667 0.298148
0 1967 0.242188 0.853241 0.083333 0.291667
0 1968 0.170313 0.808333 0.072917 0.316667
0 1969 0.272917 0.548611 0.061458 0.221296
0 1971 0.387760 0.558333 0.038021 0.177778
0 1972 0.352344 0.536574 0.050521 0.213889
0 1973 0.310417 0.525463 0.043750 0.210185
0 1974 0.582292 0.520370 0.044792 0.196296
0 1975 0.538542 0.524074 0.043750 0.203704
0 1976 0.619010 0.472222 0.047396 0.179630
0 1977 0.385677 0.452778 0.031771 0.174074
0 1978 0.368750 0.442130 0.036458 0.152778
0 1979 0.604427 0.463426 0.032813 0.173148
0 1980 0.489323 0.400000 0.031771 0.155556
0 1981 0.346354 0.442130 0.040625 0.178704
0 1982 0.537240 0.450926 0.038021 0.179630
0 1983 0.497656 0.454630 0.042188 0.190741
0 1984 0.454688 0.362963 0.032292 0.124074
0 1985 0.281510 0.441667 0.029687 0.137037
0 1986 0.266667 0.509259 0.043750 0.205556
0 1987 0.447917 0.395370 0.029167 0.140741
0 1988 0.448958 0.434722 0.036458 0.165741
0 1989 0.416146 0.385185 0.025000 0.120370
0 1990 0.405729 0.409259 0.033333 0.175926
0 1991 0.409115 0.434259 0.038021 0.168519
0 1993 0.425260 0.400000 0.027604 0.124074
0 1994 0.379688 0.300926 0.030208 0.140741
0 1995 0.354687 0.311111 0.033333 0.131481
0 1998 0.325000 0.289352 0.031250 0.134259
0 2000 0.784896 0.362500 0.030208 0.173148
0 2001 0.464062 0.403241 0.036458 0.176852
0 2002 0.517188 0.405093 0.041667 0.184259
0 2003 0.495833 0.411111 0.033333 0.170370
0 2004 0.488542 0.434259 0.031250 0.151852
0 2005 0.425521 0.418519 0.030208 0.164815
0 2006 0.328125 0.425000 0.036458 0.162963
0 2007 0.296875 0.386574 0.038542 0.149074
0 2008 0.456510 0.359259 0.027604 0.135185
0 2009 0.494010 0.358796 0.031771 0.143519
0 2010 0.527083 0.428241 0.034375 0.165741
0 2011 0.329167 0.367130 0.032292 0.150926
0 2013 0.480469 0.326852 0.029687 0.120370
0 2014 0.549740 0.426852 0.035937 0.170370
0 2015 0.507812 0.324074 0.031250 0.116667
0 2016 0.385156 0.320833 0.031771 0.145370
0 2017 0.426042 0.321296 0.030208 0.137037
0 2018 0.303125 0.307870 0.027083 0.154630
0 2019 0.441406 0.269907 0.025521 0.121296
0 2020 0.450000 0.301389 0.030208 0.132407
0 2021 0.332552 0.327315 0.025521 0.117593
0 2022 0.307292 0.322222 0.032292 0.135185
0 2023 0.389323 0.279630 0.025521 0.116667
0 2026 0.090104 0.551389 0.040625 0.193519
0 2030 0.448177 0.281944 0.029687 0.126852
0 2031 0.132292 0.503241 0.040625 0.195370
0 2032 0.466146 0.284259 0.029167 0.129630
0 2038 0.278906 0.306019 0.029687 0.121296
0 2043 0.017969 0.876852 0.034896 0.248148
0 2049 0.366927 0.482407 0.038021 0.192593
0 2050 0.378125 0.501389 0.042708 0.193519
0 2051 0.567448 0.286574 0.031771 0.128704
0 2055 0.481250 0.280093 0.030208 0.137963
0 2109 0.607552 0.361111 0.031771 0.135185
0 2110 0.619271 0.350000 0.032292 0.135185
0 2111 0.622135 0.381481 0.029687 0.135185
0 2112 0.417969 0.301389 0.019271 0.089815
0 2113 0.413021 0.315741 0.027083 0.118519
0 2114 0.769531 0.382407 0.027604 0.168519
0 2118 0.544271 0.281481 0.027083 0.111111
