0 1952 0.886198 0.884722 0.077604 0.228704
0 1963 0.291667 0.404630 0.028125 0.148148
0 1964 0.261979 0.401852 0.033333 0.151852
0 1966 0.185156 0.894907 0.083854 0.208333
0 1967 0.091146 0.952315 0.069792 0.097222
0 1968 0.036719 0.917593 0.072396 0.166667
0 1969 0.233854 0.633333 0.056250 0.246296
0 1971 0.352344 0.645833 0.035937 0.206481
0 1972 0.317969 0.618519 0.052604 0.240741
0 1973 0.276302 0.603241 0.048438 0.236111
0 1974 0.617708 0.604167 0.053125 0.217593
0 1975 0.561719 0.601852 0.046354 0.235185
0 1976 0.834375 0.512500 0.061458 0.195370
0 1977 0.377604 0.496296 0.042708 0.187037
0 1978 0.336458 0.493056 0.036458 0.167593
0 1979 0.852083 0.498611 0.048958 0.184259
0 1980 0.502344 0.441204 0.031771 0.182407
0 1981 0.329427 0.491204 0.044271 0.178704
0 1982 0.752865 0.487963 0.060937 0.187037
0 1983 0.732552 0.496296 0.055729 0.200000
0 1984 0.463802 0.392593 0.031771 0.124074
0 1985 0.238802 0.489815 0.033854 0.146296
0 1986 0.216927 0.587037 0.052604 0.237037
0 1987 0.461198 0.437037 0.031771 0.175926
0 1988 0.586458 0.479167 0.043750 0.171296
0 1989 0.418490 0.435648 0.031771 0.147222
0 1990 0.473958 0.460185 0.039583 0.198148
0 1991 0.549740 0.485648 0.045312 0.178704
0 1993 0.442969 0.451389 0.041146 0.167593
0 1994 0.423958 0.328241 0.031250 0.145370
0 1995 0.398438 0.339815 0.030208 0.131481
0 1996 0.266406 0.356944 0.042188 0.156481
0 1997 0.306771 0.373148 0.028125 0.124074
0 1998 0.360156 0.314815 0.029687 0.135185
0 2001 0.483854 0.441667 0.036458 0.187037
0 2002 0.537240 0.433796 0.039062 0.184259
0 2003 0.532292 0.448611 0.034375 0.193519
0 2004 0.568750 0.469907 0.040625 0.163889
0 2005 0.429688 0.477315 0.048958 0.186111
0 2006 0.342969 0.464815 0.038021 0.172222
0 2007 0.314844 0.443981 0.044271 0.176852
0 2008 0.399740 0.418519 0.031771 0.174074
0 2009 0.437500 0.399537 0.034375 0.162037
0 2010 0.536198 0.438426 0.033854 0.165741
0 2011 0.349479 0.400926 0.036458 0.151852
0 2013 0.455990 0.362963 0.030729 0.129630
0 2014 0.564583 0.434722 0.036458 0.187963
0 2015 0.494531 0.366667 0.031771 0.131481
0 2016 0.405469 0.349074 0.033854 0.150000
0 2017 0.435937 0.345370 0.030208 0.137037
0 2018 0.355208 0.325463 0.032292 0.154630
0 2019 0.467969 0.296759 0.027604 0.126852
0 2020 0.446094 0.326389 0.029687 0.132407
0 2021 0.367448 0.350000 0.025521 0.129630
0 2022 0.347396 0.347685 0.029167 0.139815
0 2023 0.395313 0.309259 0.026042 0.122222
0 2024 0.328125 0.341204 0.028125 0.132407
0 2025 0.310677 0.340278 0.029687 0.154630
0 2026 0.100000 0.555556 0.037500 0.192593
0 2030 0.465365 0.309722 0.031771 0.126852
0 2031 0.136458 0.505556 0.044792 0.194444
0 2032 0.490885 0.311111 0.025521 0.129630
0 2038 0.324219 0.336111 0.029687 0.129630
0 2040 0.304167 0.325926 0.030208 0.140741
0 2042 0.281250 0.307407 0.028125 0.131481
0 2043 0.084635 0.727315 0.080729 0.282407
0 2049 0.278125 0.468056 0.034375 0.193519
0 2050 0.282813 0.482407 0.042708 0.190741
0 2051 0.560677 0.310185 0.025521 0.129630
0 2055 0.507031 0.308333 0.029687 0.146296
0 2056 0.346094 0.248611 0.027604 0.119444
0 2057 0.384375 0.243981 0.026042 0.110185
0 2062 0.702344 0.362500 0.046354 0.162037
0 2064 0.744271 0.360648 0.040625 0.173148
0 2107 0.386198 0.254630 0.023438 0.098148
0 2109 0.610417 0.361111 0.032292 0.135185
0 2110 0.621354 0.351852 0.032292 0.135185
0 2111 0.624740 0.383333 0.029687 0.135185
0 2112 0.430729 0.341204 0.023958 0.097222
0 2113 0.412240 0.340741 0.025521 0.124074
0 2114 0.780208 0.372222 0.032292 0.168519
0 2116 0.384635 0.241667 0.025521 0.107407
0 2118 0.547396 0.315278 0.030208 0.121296
