0 1952 0.918750 0.943981 0.082292 0.112037
0 1963 0.288021 0.378704 0.028125 0.140741
0 1964 0.272917 0.371759 0.030208 0.143519
0 1969 0.171875 0.750926 0.068750 0.290741
0 1971 0.320052 0.767593 0.050521 0.238889
0 1972 0.275781 0.735185 0.064062 0.281481
0 1973 0.217448 0.703241 0.056771 0.267593
0 1974 0.651823 0.708796 0.056771 0.258333
0 1975 0.594010 0.710185 0.053646 0.264815
0 1977 0.347656 0.590278 0.050521 0.217593
0 1978 0.227604 0.577315 0.047917 0.184259
0 1980 0.690885 0.477315 0.051562 0.187963
0 1981 0.276823 0.568981 0.052604 0.204630
0 1984 0.499219 0.453241 0.040104 0.193519
0 1985 0.249740 0.563426 0.038021 0.171296
0 1986 0.148698 0.693056 0.065104 0.273148
0 1987 0.623177 0.462963 0.033854 0.172222
0 1988 0.811198 0.517593 0.041146 0.194444
0 1989 0.473958 0.482870 0.031250 0.165741
0 1990 0.659375 0.497685 0.052083 0.206481
0 1991 0.774740 0.529630 0.066146 0.198148
0 1993 0.591927 0.501852 0.038021 0.183333
0 1994 0.475000 0.369907 0.036458 0.162037
0 1995 0.444531 0.377778 0.029687 0.138889
0 1996 0.328385 0.381944 0.033854 0.165741
0 1997 0.382812 0.414352 0.038542 0.137963
0 1998 0.413281 0.340741 0.033854 0.135185
0 2001 0.644792 0.478241 0.055208 0.191667
0 2002 0.586458 0.503704 0.046875 0.218519
0 2003 0.508594 0.503241 0.044271 0.212037
0 2004 0.522396 0.557407 0.048958 0.203704
0 2005 0.398958 0.557870 0.052083 0.212037
0 2006 0.323958 0.543981 0.057292 0.217593
0 2007 0.296094 0.527315 0.046354 0.210185
0 2008 0.346094 0.479630 0.031771 0.174074
0 2009 0.387500 0.468519 0.042708 0.187037
0 2010 0.536458 0.465278 0.034375 0.167593
0 2011 0.324219 0.451852 0.040104 0.164815
0 2013 0.434635 0.428241 0.035937 0.165741
0 2014 0.560417 0.468981 0.036458 0.187963
0 2015 0.485417 0.417593 0.037500 0.144444
0 2016 0.417448 0.384259 0.039062 0.161111
0 2017 0.445052 0.380093 0.033854 0.147222
0 2018 0.385937 0.357870 0.037500 0.160185
0 2019 0.509375 0.327315 0.028125 0.126852
0 2020 0.446615 0.353241 0.027604 0.132407
0 2021 0.383073 0.388889 0.025521 0.140741
0 2022 0.358333 0.379167 0.035417 0.147222
0 2023 0.405729 0.345370 0.028125 0.137037
0 2024 0.347396 0.365278 0.027083 0.137963
0 2025 0.321615 0.364815 0.031771 0.153704
0 2026 0.117188 0.555093 0.035417 0.193519
0 2028 0.294531 0.321759 0.032813 0.145370
0 2029 0.311979 0.337037 0.027083 0.101852
0 2030 0.474740 0.353704 0.031771 0.157407
0 2031 0.142969 0.508333 0.042188 0.190741
0 2032 0.502344 0.349074 0.031771 0.137037
0 2038 0.342187 0.362037 0.029167 0.129630
0 2040 0.317448 0.363426 0.029687 0.150926
0 2041 0.299740 0.377315 0.027604 0.143519
0 2042 0.351823 0.335648 0.027604 0.132407
0 2043 0.159375 0.606019 0.062500 0.241667
0 2044 0.897135 0.481019 0.067187 0.193519
0 2048 0.372396 0.274537 0.028125 0.132407
0 2049 0.278646 0.418056 0.035417 0.173148
0 2050 0.260156 0.432407 0.042188 0.174074
0 2051 0.555990 0.350463 0.029687 0.137963
0 2055 0.501823 0.337037 0.029687 0.146296
0 2056 0.442708 0.268519 0.030208 0.118519
0 2057 0.473958 0.276852 0.030208 0.109259
0 2059 0.446875 0.260185 0.025000 0.109259
0 2062 0.593229 0.365278 0.034375 0.171296
0 2064 0.626823 0.356944 0.042188 0.167593
0 2066 0.346615 0.255093 0.025521 0.110185
0 2105 0.406250 0.238426 0.025000 0.106481
0 2107 0.477865 0.299537 0.024479 0.089815
0 2108 0.239323 0.369907 0.033854 0.152778
0 2109 0.610417 0.362037 0.032292 0.135185
0 2110 0.621354 0.351852 0.032292 0.135185
0 2111 0.622656 0.384259 0.029687 0.135185
0 2112 0.434375 0.374537 0.023958 0.100926
0 2113 0.413281 0.375926 0.025521 0.124074
0 2114 0.783073 0.364815 0.029687 0.168519
0 2116 0.493750 0.256019 0.025000 0.099074
0 2118 0.537760 0.347685 0.033854 0.121296
