0 1952 0.919271 0.926852 0.084375 0.148148
0 1963 0.286979 0.384259 0.028125 0.140741
0 1964 0.269792 0.379630 0.030208 0.146296
0 1966 0.042188 0.962037 0.065625 0.075926
0 1969 0.186458 0.708333 0.066667 0.268519
0 1971 0.322656 0.729630 0.042188 0.220370
0 1972 0.289844 0.700463 0.067187 0.273148
0 1973 0.234635 0.672222 0.054688 0.251852
0 1974 0.638542 0.676852 0.062500 0.242593
0 1975 0.583594 0.677778 0.050521 0.259259
0 1977 0.351042 0.562037 0.050000 0.209259
0 1978 0.251563 0.555556 0.037500 0.185185
0 1980 0.635417 0.465278 0.045833 0.184259
0 1981 0.283854 0.543519 0.048958 0.196296
0 1984 0.490365 0.446296 0.040104 0.190741
0 1985 0.241927 0.532870 0.033854 0.147222
0 1986 0.175260 0.646296 0.057813 0.235185
0 1987 0.565625 0.451852 0.035417 0.164815
0 1988 0.747135 0.509259 0.047396 0.190741
0 1989 0.459375 0.469907 0.031250 0.165741
0 1990 0.595833 0.496296 0.059375 0.211111
0 1991 0.706250 0.517593 0.053125 0.198148
0 1993 0.529167 0.487963 0.039583 0.175926
0 1994 0.461719 0.356944 0.034896 0.162037
0 1995 0.425521 0.363889 0.030208 0.131481
0 1996 0.319010 0.371759 0.035937 0.165741
0 1997 0.349479 0.392130 0.033333 0.128704
0 1998 0.389583 0.331481 0.033333 0.135185
0 2001 0.586719 0.466204 0.036979 0.191667
0 2002 0.583333 0.469444 0.042708 0.188889
0 2003 0.515104 0.485185 0.042708 0.207407
0 2004 0.532292 0.528704 0.051042 0.192593
0 2005 0.413542 0.532870 0.051042 0.204630
0 2006 0.338542 0.518981 0.050000 0.202778
0 2007 0.305208 0.500000 0.045833 0.201852
0 2008 0.359375 0.462963 0.032292 0.174074
0 2009 0.394271 0.451389 0.038542 0.182407
0 2010 0.536458 0.448611 0.034375 0.165741
0 2011 0.332813 0.433333 0.034375 0.151852
0 2013 0.435417 0.409722 0.035417 0.156481
0 2014 0.560417 0.457870 0.036458 0.187963
0 2015 0.489844 0.402778 0.034896 0.138889
0 2016 0.414583 0.374537 0.043750 0.156481
0 2017 0.443490 0.368519 0.033854 0.138889
0 2018 0.374740 0.344444 0.038021 0.153704
0 2019 0.495573 0.319907 0.027604 0.126852
0 2020 0.441406 0.345370 0.027604 0.131481
0 2021 0.377865 0.378241 0.025521 0.139815
0 2022 0.355729 0.368056 0.037500 0.139815
0 2023 0.400000 0.332870 0.028125 0.136111
0 2024 0.340885 0.357870 0.027604 0.134259
0 2025 0.323177 0.359259 0.031771 0.153704
0 2026 0.111979 0.556944 0.035417 0.193519
0 2028 0.279427 0.318056 0.030729 0.145370
0 2029 0.293229 0.332870 0.023958 0.100926
0 2030 0.471615 0.346296 0.031771 0.153704
0 2031 0.140365 0.506944 0.042188 0.193519
0 2032 0.499219 0.340741 0.031771 0.137037
0 2038 0.336979 0.354630 0.029167 0.129630
0 2040 0.310156 0.349074 0.029687 0.142593
0 2041 0.280990 0.371296 0.027604 0.142593
0 2042 0.336979 0.324537 0.028125 0.132407
0 2043 0.138802 0.625926 0.065104 0.242593
0 2044 0.973177 0.469907 0.032813 0.171296
0 2048 0.364063 0.268981 0.032292 0.126852
0 2049 0.276562 0.429167 0.037500 0.180556
0 2050 0.257031 0.450926 0.042188 0.185185
0 2051 0.557552 0.337037 0.029687 0.137037
0 2055 0.505990 0.328704 0.029687 0.146296
0 2056 0.422135 0.260185 0.031771 0.122222
0 2057 0.459635 0.266667 0.028646 0.109259
0 2059 0.421354 0.253241 0.023958 0.104630
0 2062 0.618750 0.363426 0.035417 0.169444
0 2064 0.653646 0.358796 0.044792 0.167593
0 2105 0.388542 0.237500 0.023958 0.110185
0 2107 0.463281 0.281019 0.025521 0.100926
0 2109 0.609896 0.361111 0.032292 0.135185
0 2110 0.620833 0.351852 0.032292 0.135185
0 2111 0.623698 0.383333 0.029687 0.135185
0 2112 0.433333 0.365741 0.023958 0.100000
0 2113 0.410938 0.367593 0.025000 0.124074
0 2114 0.783594 0.363889 0.029687 0.168519
0 2116 0.468229 0.250463 0.025000 0.099074
0 2118 0.539323 0.338426 0.029687 0.121296
