0 1952 0.903125 0.899537 0.080208 0.202778
0 1963 0.292187 0.392130 0.027083 0.141667
0 1964 0.264583 0.393981 0.032292 0.150926
0 1966 0.136979 0.911574 0.082292 0.178704
0 1969 0.221615 0.651389 0.065104 0.250926
0 1971 0.341927 0.669444 0.038021 0.212963
0 1972 0.304167 0.643056 0.057292 0.249074
0 1973 0.261458 0.622685 0.046875 0.245370
0 1974 0.626302 0.624537 0.052604 0.228704
0 1975 0.566927 0.621759 0.050521 0.236111
0 1976 0.883073 0.522685 0.056771 0.206481
0 1977 0.367969 0.511111 0.048438 0.196296
0 1978 0.315104 0.504167 0.036458 0.167593
0 1979 0.914323 0.505093 0.052604 0.182407
0 1980 0.528125 0.451389 0.032292 0.182407
0 1981 0.309635 0.507870 0.048438 0.193519
0 1982 0.811979 0.495833 0.064583 0.195370
0 1983 0.787500 0.503704 0.060417 0.200000
0 1984 0.471354 0.421296 0.034375 0.172222
0 1985 0.229167 0.503704 0.033333 0.146296
0 1986 0.203385 0.607407 0.050521 0.244444
0 1987 0.480990 0.442130 0.031771 0.176852
0 1988 0.630469 0.489352 0.044271 0.184259
0 1989 0.421875 0.438889 0.031250 0.146296
0 1990 0.503646 0.469907 0.039583 0.199074
0 1991 0.593750 0.496759 0.055208 0.178704
0 1993 0.456250 0.468519 0.041667 0.170370
0 1994 0.433333 0.335185 0.031250 0.146296
0 1995 0.400000 0.343519 0.030208 0.131481
0 1996 0.283073 0.357870 0.038021 0.156481
0 1997 0.316146 0.369444 0.028125 0.118519
0 1998 0.364844 0.319444 0.029687 0.135185
0 2001 0.500521 0.443519 0.036458 0.181481
0 2002 0.561198 0.443056 0.038021 0.184259
0 2003 0.531250 0.454167 0.034375 0.193519
0 2004 0.554427 0.483796 0.040104 0.173148
0 2005 0.425781 0.495370 0.050521 0.196296
0 2006 0.353385 0.481019 0.042188 0.187963
0 2007 0.318490 0.452315 0.044271 0.176852
0 2008 0.386198 0.427778 0.031771 0.174074
0 2009 0.420833 0.409259 0.034375 0.168519
0 2010 0.536719 0.439352 0.033854 0.165741
0 2011 0.345833 0.409259 0.036458 0.151852
0 2013 0.446354 0.379630 0.035417 0.146296
0 2014 0.560417 0.439352 0.036458 0.187963
0 2015 0.488281 0.375000 0.031771 0.131481
0 2016 0.406510 0.355556 0.033854 0.157407
0 2017 0.437500 0.351389 0.032292 0.137963
0 2018 0.360417 0.331019 0.032292 0.154630
0 2019 0.475781 0.304167 0.027604 0.126852
0 2020 0.444010 0.331019 0.029687 0.132407
0 2021 0.371875 0.357407 0.026042 0.129630
0 2022 0.348438 0.352778 0.030208 0.140741
0 2023 0.391667 0.314815 0.028125 0.125926
0 2024 0.332292 0.345833 0.028125 0.132407
0 2025 0.315104 0.345370 0.031250 0.153704
0 2026 0.104427 0.553704 0.035937 0.192593
0 2030 0.465365 0.318519 0.031771 0.131481
0 2031 0.135937 0.503241 0.042708 0.195370
0 2032 0.492448 0.320370 0.025521 0.131481
0 2038 0.330469 0.340741 0.029687 0.129630
0 2040 0.303125 0.329630 0.030208 0.140741
0 2042 0.298958 0.311574 0.028125 0.132407
0 2043 0.104167 0.693519 0.079167 0.270370
0 2049 0.271354 0.456944 0.034375 0.193519
0 2050 0.265885 0.468981 0.042188 0.180556
0 2051 0.557292 0.317130 0.030208 0.128704
0 2055 0.506250 0.314815 0.029167 0.146296
0 2056 0.371094 0.252778 0.024479 0.120370
0 2057 0.409375 0.245833 0.026042 0.110185
0 2059 0.360156 0.241204 0.023438 0.104630
0 2062 0.671615 0.357407 0.038021 0.162963
0 2064 0.711719 0.361574 0.045312 0.169444
0 2107 0.405990 0.255556 0.024479 0.098148
0 2109 0.609896 0.361111 0.032292 0.135185
0 2110 0.620833 0.351852 0.032292 0.135185
0 2111 0.624740 0.383333 0.029687 0.135185
0 2112 0.431250 0.349074 0.023958 0.098148
0 2113 0.411979 0.347685 0.025000 0.123148
0 2114 0.782813 0.365741 0.031250 0.168519
0 2116 0.412240 0.244444 0.025521 0.105556
0 2118 0.543750 0.319907 0.030208 0.121296
