0 1952 0.902865 0.898611 0.079687 0.204630
0 1963 0.292187 0.392593 0.027083 0.142593
0 1964 0.264323 0.394444 0.032813 0.151852
0 1966 0.140104 0.909722 0.082292 0.182407
0 1969 0.222396 0.650463 0.064583 0.250926
0 1971 0.342187 0.668056 0.037500 0.212037
0 1972 0.304948 0.641667 0.056771 0.248148
0 1973 0.262500 0.621296 0.046875 0.244444
0 1974 0.625781 0.623148 0.052604 0.227778
0 1975 0.566927 0.620833 0.050521 0.236111
0 1976 0.880208 0.521296 0.057292 0.205556
0 1977 0.368750 0.509722 0.047917 0.195370
0 1978 0.316146 0.503241 0.036458 0.167593
0 1979 0.911458 0.504630 0.052083 0.183333
0 1980 0.526042 0.450463 0.032292 0.182407
0 1981 0.310677 0.506481 0.048438 0.192593
0 1982 0.808854 0.494907 0.064583 0.195370
0 1983 0.783073 0.503241 0.063021 0.199074
0 1984 0.470833 0.420370 0.034375 0.172222
0 1985 0.229687 0.502778 0.033333 0.146296
0 1986 0.204427 0.606481 0.050521 0.244444
0 1987 0.479427 0.441204 0.031771 0.176852
0 1988 0.626823 0.488889 0.044271 0.183333
0 1989 0.421354 0.438426 0.031250 0.145370
0 1990 0.502083 0.468981 0.039583 0.199074
0 1991 0.591406 0.495833 0.053646 0.178704
0 1993 0.455208 0.466667 0.041667 0.170370
0 1994 0.432812 0.334259 0.031250 0.146296
0 1995 0.399479 0.343519 0.030208 0.131481
0 1996 0.282031 0.357870 0.038021 0.156481
0 1997 0.315625 0.369444 0.028125 0.118519
0 1998 0.364583 0.318519 0.030208 0.135185
0 2001 0.499219 0.443519 0.035937 0.183333
0 2002 0.560156 0.442130 0.038021 0.184259
0 2003 0.531771 0.453241 0.034375 0.193519
0 2004 0.555208 0.482870 0.039583 0.173148
0 2005 0.425781 0.493981 0.050521 0.195370
0 2006 0.353125 0.480093 0.041667 0.187963
0 2007 0.318490 0.451389 0.044271 0.176852
0 2008 0.386979 0.426852 0.032292 0.174074
0 2009 0.421875 0.407870 0.034375 0.165741
0 2010 0.536719 0.439352 0.033854 0.165741
0 2011 0.346354 0.408333 0.036458 0.151852
0 2013 0.447135 0.378704 0.034896 0.144444
0 2014 0.560417 0.439352 0.036458 0.187963
0 2015 0.488802 0.375000 0.031771 0.131481
0 2016 0.406510 0.355093 0.033854 0.156481
0 2017 0.437500 0.350926 0.032292 0.137037
0 2018 0.360156 0.331019 0.032813 0.154630
0 2019 0.475260 0.304167 0.027604 0.126852
0 2020 0.444271 0.330556 0.029167 0.131481
0 2021 0.371354 0.356481 0.026042 0.129630
0 2022 0.348438 0.352778 0.030208 0.140741
0 2023 0.391927 0.314815 0.027604 0.125926
0 2024 0.331771 0.344907 0.028125 0.132407
0 2025 0.314844 0.344907 0.030729 0.154630
0 2026 0.104427 0.553704 0.035937 0.192593
0 2030 0.465365 0.317593 0.031771 0.131481
0 2031 0.135937 0.503241 0.042708 0.195370
0 2032 0.492448 0.319907 0.025521 0.132407
0 2038 0.330469 0.340741 0.029687 0.129630
0 2040 0.303125 0.328704 0.030208 0.140741
0 2042 0.297917 0.311574 0.028125 0.132407
0 2043 0.102604 0.695370 0.079167 0.272222
0 2049 0.271354 0.457870 0.034375 0.193519
0 2050 0.266927 0.469907 0.042188 0.180556
0 2051 0.557292 0.316204 0.030208 0.128704
0 2055 0.506250 0.314815 0.029167 0.146296
0 2056 0.369531 0.252778 0.024479 0.120370
0 2057 0.407813 0.245833 0.026042 0.110185
0 2059 0.358594 0.241204 0.023438 0.104630
0 2062 0.672917 0.357407 0.038542 0.162963
0 2064 0.713542 0.361111 0.044792 0.170370
0 2107 0.404427 0.254630 0.024479 0.098148
0 2109 0.609896 0.361111 0.032292 0.135185
0 2110 0.620833 0.351852 0.032292 0.135185
0 2111 0.624740 0.383333 0.029687 0.135185
0 2112 0.431250 0.348611 0.023958 0.097222
0 2113 0.411979 0.346759 0.025000 0.123148
0 2114 0.782813 0.365741 0.031250 0.168519
0 2116 0.410677 0.244444 0.025521 0.105556
0 2118 0.543750 0.319907 0.030208 0.121296
