0 1952 0.917448 0.938426 0.083854 0.123148
0 1963 0.288542 0.378704 0.028125 0.140741
0 1964 0.271875 0.372685 0.030208 0.143519
0 1969 0.176563 0.744444 0.067708 0.290741
0 1971 0.319531 0.759259 0.050521 0.233333
0 1972 0.278906 0.728241 0.065104 0.280556
0 1973 0.221354 0.696296 0.056250 0.262963
0 1974 0.650260 0.701389 0.061979 0.258333
0 1975 0.591667 0.703704 0.052083 0.264815
0 1977 0.348438 0.584722 0.050000 0.217593
0 1978 0.232292 0.572685 0.045833 0.184259
0 1980 0.682552 0.473148 0.055729 0.183333
0 1981 0.278906 0.564352 0.052604 0.204630
0 1984 0.497135 0.452315 0.040104 0.193519
0 1985 0.248177 0.556944 0.036979 0.165741
0 1986 0.154948 0.684722 0.065104 0.269444
0 1987 0.609635 0.459722 0.033854 0.169444
0 1988 0.797656 0.515741 0.042188 0.196296
0 1989 0.472917 0.483796 0.031250 0.165741
0 1990 0.648958 0.497222 0.059375 0.205556
0 1991 0.760156 0.529167 0.065104 0.199074
0 1993 0.578125 0.499537 0.036458 0.180556
0 1994 0.472396 0.367130 0.036458 0.162037
0 1995 0.440365 0.374074 0.029687 0.135185
0 1996 0.325521 0.380556 0.033333 0.164815
0 1997 0.376302 0.410648 0.038021 0.137963
0 1998 0.408073 0.338889 0.033854 0.135185
0 2001 0.633594 0.471296 0.044271 0.188889
0 2002 0.585677 0.497685 0.046354 0.215741
0 2003 0.509115 0.500463 0.043229 0.212037
0 2004 0.523438 0.551389 0.048958 0.200926
0 2005 0.402604 0.552778 0.052083 0.209259
0 2006 0.326302 0.539352 0.056771 0.215741
0 2007 0.298177 0.521759 0.046354 0.208333
0 2008 0.348438 0.476852 0.032292 0.174074
0 2009 0.388802 0.463426 0.042188 0.186111
0 2010 0.536458 0.461574 0.034375 0.165741
0 2011 0.325781 0.448148 0.039062 0.162963
0 2013 0.435156 0.424074 0.035937 0.164815
0 2014 0.560417 0.467130 0.036458 0.187963
0 2015 0.486198 0.414352 0.036979 0.143519
0 2016 0.416667 0.381481 0.039583 0.159259
0 2017 0.444531 0.377315 0.033854 0.145370
0 2018 0.383594 0.355093 0.038021 0.158333
0 2019 0.506510 0.325463 0.027604 0.126852
0 2020 0.445052 0.351389 0.027604 0.132407
0 2021 0.381510 0.387037 0.025521 0.140741
0 2022 0.356510 0.375926 0.036979 0.142593
0 2023 0.404167 0.342593 0.028125 0.137037
0 2024 0.346094 0.363426 0.027604 0.137963
0 2025 0.321615 0.363889 0.031771 0.153704
0 2026 0.116146 0.556019 0.035417 0.193519
0 2028 0.292187 0.320833 0.033333 0.145370
0 2029 0.308333 0.336111 0.026042 0.101852
0 2030 0.474219 0.352315 0.031771 0.156481
0 2031 0.142969 0.508333 0.042188 0.190741
0 2032 0.501302 0.347222 0.031771 0.137037
0 2038 0.340104 0.360185 0.029167 0.129630
0 2040 0.314323 0.360648 0.029687 0.150926
0 2041 0.296094 0.376389 0.027604 0.143519
0 2042 0.348698 0.332870 0.027604 0.132407
0 2043 0.155208 0.610185 0.062500 0.242593
0 2044 0.910677 0.481944 0.056771 0.193519
0 2048 0.370833 0.273611 0.029167 0.130556
0 2049 0.278385 0.420370 0.035937 0.174074
0 2050 0.259115 0.437037 0.042188 0.177778
0 2051 0.557031 0.349074 0.029687 0.137037
0 2055 0.503385 0.335185 0.029687 0.146296
0 2056 0.439063 0.267130 0.028125 0.117593
0 2057 0.472396 0.277778 0.030208 0.109259
0 2059 0.442448 0.259722 0.023438 0.110185
0 2062 0.597396 0.366204 0.034375 0.173148
0 2064 0.632292 0.357870 0.042708 0.167593
0 2066 0.342969 0.254630 0.025521 0.109259
0 2105 0.402604 0.238889 0.025000 0.107407
0 2107 0.476562 0.300463 0.025000 0.091667
0 2108 0.234375 0.365741 0.034375 0.155556
0 2109 0.610417 0.361111 0.032292 0.135185
0 2110 0.621354 0.351852 0.032292 0.135185
0 2111 0.622656 0.383333 0.029687 0.135185
0 2112 0.434375 0.373148 0.023958 0.100000
0 2113 0.411719 0.374074 0.025521 0.124074
0 2114 0.783073 0.364815 0.029687 0.168519
0 2116 0.488542 0.255093 0.025000 0.099074
0 2118 0.537240 0.345370 0.033854 0.120370
