0 1963 0.290104 0.369444 0.028125 0.133333
0 1964 0.282031 0.365278 0.029687 0.143519
0 1969 0.140365 0.797222 0.075521 0.300000
0 1971 0.317969 0.818519 0.050521 0.257407
0 1972 0.259115 0.780556 0.072396 0.296296
0 1973 0.189583 0.746296 0.061458 0.281481
0 1974 0.673698 0.754630 0.063021 0.268519
0 1975 0.612760 0.758796 0.056771 0.284259
0 1977 0.341146 0.627778 0.046875 0.231481
0 1978 0.203125 0.619444 0.047917 0.196296
0 1980 0.777865 0.485185 0.061979 0.190741
0 1981 0.260937 0.602315 0.057292 0.212037
0 1984 0.534896 0.466204 0.039583 0.193519
0 1985 0.253906 0.588889 0.038021 0.174074
0 1986 0.114583 0.740741 0.064583 0.298148
0 1987 0.692708 0.487500 0.047917 0.187963
0 1989 0.504167 0.487963 0.036458 0.164815
0 1990 0.741927 0.507407 0.064062 0.212963
0 1993 0.696094 0.519444 0.046354 0.187037
0 1994 0.497917 0.379630 0.036458 0.162963
0 1995 0.469010 0.393519 0.029687 0.146296
0 1996 0.329427 0.392130 0.033854 0.173148
0 1997 0.450000 0.436111 0.036458 0.137037
0 1998 0.442969 0.345833 0.029687 0.134259
0 1999 0.782552 0.267130 0.026562 0.106481
0 2001 0.736458 0.492593 0.058333 0.200000
0 2002 0.586198 0.533796 0.047396 0.232407
0 2003 0.509635 0.535648 0.044271 0.219444
0 2004 0.490104 0.585648 0.054167 0.202778
0 2005 0.383854 0.586111 0.056250 0.227778
0 2006 0.303906 0.574537 0.055729 0.217593
0 2007 0.283594 0.552778 0.046354 0.224074
0 2008 0.332552 0.501852 0.032813 0.185185
0 2009 0.375000 0.498611 0.042708 0.191667
0 2010 0.532552 0.488889 0.038021 0.177778
0 2011 0.317969 0.471296 0.040104 0.164815
0 2012 0.175000 0.426389 0.042708 0.167593
0 2013 0.428906 0.447685 0.035937 0.169444
0 2014 0.560417 0.495370 0.040625 0.198148
0 2015 0.476823 0.445370 0.042188 0.157407
0 2016 0.419010 0.397222 0.038021 0.168519
0 2017 0.448698 0.401852 0.033854 0.157407
0 2018 0.411198 0.372685 0.033854 0.169444
0 2019 0.522396 0.337037 0.028125 0.135185
0 2020 0.454427 0.368056 0.027604 0.132407
0 2021 0.394271 0.400926 0.027083 0.151852
0 2022 0.368750 0.393056 0.036458 0.154630
0 2023 0.415104 0.352778 0.028125 0.137037
0 2024 0.355729 0.380093 0.030208 0.149074
0 2025 0.329427 0.372222 0.031771 0.153704
0 2026 0.125000 0.551389 0.035417 0.193519
0 2027 0.271875 0.347685 0.026042 0.121296
0 2028 0.317969 0.332870 0.030729 0.145370
0 2029 0.321094 0.343519 0.027604 0.101852
0 2030 0.477344 0.363889 0.032813 0.159259
0 2031 0.142187 0.508796 0.040625 0.187963
0 2032 0.510677 0.359259 0.031771 0.137037
0 2034 0.231250 0.363426 0.028125 0.162037
0 2038 0.355208 0.371296 0.029167 0.129630
0 2040 0.325521 0.369444 0.030208 0.151852
0 2041 0.305729 0.387037 0.028125 0.144444
0 2042 0.376042 0.345370 0.036458 0.140741
0 2043 0.180729 0.574537 0.062500 0.236111
0 2044 0.808854 0.470370 0.055208 0.192593
0 2048 0.375521 0.276852 0.031250 0.131481
0 2049 0.279427 0.403241 0.032813 0.163889
0 2050 0.268490 0.414815 0.040104 0.164815
0 2051 0.549740 0.358796 0.029687 0.137963
0 2054 0.311198 0.278241 0.021354 0.115741
0 2055 0.499479 0.346296 0.029167 0.146296
0 2056 0.464323 0.279167 0.031771 0.123148
0 2057 0.484635 0.278704 0.029687 0.120370
0 2059 0.467448 0.261111 0.023438 0.109259
0 2062 0.580469 0.353704 0.033854 0.157407
0 2064 0.595052 0.355093 0.038021 0.167593
0 2066 0.374219 0.259722 0.024479 0.108333
0 2105 0.435937 0.242130 0.022917 0.104630
0 2107 0.497396 0.306019 0.021875 0.087963
0 2108 0.270573 0.381481 0.031771 0.148148
0 2109 0.610938 0.362037 0.032292 0.135185
0 2110 0.621875 0.351852 0.032292 0.135185
0 2111 0.625521 0.386111 0.030208 0.135185
0 2112 0.440625 0.385185 0.023958 0.101852
0 2113 0.419531 0.387037 0.025521 0.124074
0 2114 0.783073 0.363889 0.029687 0.168519
0 2116 0.523438 0.264352 0.027083 0.104630
0 2118 0.538542 0.356944 0.034375 0.121296
