0 1952 0.919792 0.924074 0.084375 0.153704
0 1963 0.286458 0.385185 0.028125 0.140741
0 1964 0.269792 0.381481 0.030208 0.148148
0 1966 0.050000 0.956481 0.069792 0.085185
0 1969 0.189062 0.702778 0.066667 0.268519
0 1971 0.323437 0.723611 0.039583 0.221296
0 1972 0.291406 0.694907 0.067187 0.271296
0 1973 0.236719 0.667593 0.054688 0.251852
0 1974 0.635938 0.670833 0.059375 0.239815
0 1975 0.582031 0.673148 0.050521 0.257407
0 1977 0.351823 0.557407 0.050521 0.207407
0 1978 0.257031 0.551852 0.036979 0.185185
0 1980 0.625000 0.460185 0.040625 0.187037
0 1981 0.285156 0.538889 0.048438 0.194444
0 1984 0.488802 0.444444 0.040104 0.188889
0 1985 0.240625 0.528704 0.033333 0.146296
0 1986 0.179427 0.642593 0.058854 0.235185
0 1987 0.557813 0.451389 0.035417 0.165741
0 1988 0.736979 0.506481 0.040625 0.190741
0 1989 0.456250 0.466204 0.031250 0.162037
0 1990 0.586719 0.494444 0.056771 0.209259
0 1991 0.697396 0.511574 0.048958 0.199074
0 1993 0.519792 0.485185 0.040625 0.175926
0 1994 0.459635 0.355556 0.033854 0.162963
0 1995 0.423438 0.362037 0.030208 0.131481
0 1996 0.318490 0.368981 0.036979 0.165741
0 1997 0.346615 0.390278 0.032813 0.126852
0 1998 0.387500 0.330556 0.033333 0.135185
0 2001 0.577344 0.464352 0.036979 0.189815
0 2002 0.582552 0.464815 0.042188 0.185185
0 2003 0.516667 0.481481 0.042708 0.205556
0 2004 0.534896 0.524074 0.052083 0.190741
0 2005 0.415104 0.529167 0.051042 0.204630
0 2006 0.340625 0.515741 0.050000 0.200000
0 2007 0.305990 0.497222 0.045312 0.203704
0 2008 0.361979 0.459259 0.032292 0.174074
0 2009 0.395573 0.449074 0.038021 0.181481
0 2010 0.536458 0.445833 0.034375 0.165741
0 2011 0.334375 0.430556 0.034375 0.151852
0 2013 0.435677 0.406481 0.035937 0.155556
0 2014 0.560417 0.456019 0.036458 0.187963
0 2015 0.490625 0.400463 0.034375 0.137963
0 2016 0.414062 0.372685 0.044792 0.156481
0 2017 0.443490 0.367130 0.033854 0.137963
0 2018 0.372917 0.342593 0.037500 0.153704
0 2019 0.493490 0.318981 0.027604 0.126852
0 2020 0.440885 0.343981 0.027604 0.132407
0 2021 0.377604 0.375463 0.026042 0.139815
0 2022 0.355729 0.367130 0.037500 0.139815
0 2023 0.399479 0.331481 0.028125 0.135185
0 2024 0.340104 0.356944 0.028125 0.134259
0 2025 0.323698 0.359259 0.031771 0.153704
0 2026 0.111458 0.556481 0.035417 0.192593
0 2028 0.275521 0.317130 0.028125 0.145370
0 2029 0.289583 0.332407 0.025000 0.101852
0 2030 0.471094 0.344444 0.031771 0.153704
0 2031 0.139583 0.506481 0.042708 0.194444
0 2032 0.498698 0.339815 0.031771 0.137037
0 2038 0.336458 0.353704 0.029167 0.129630
0 2040 0.309635 0.347222 0.029687 0.140741
0 2041 0.277865 0.370370 0.027604 0.142593
0 2042 0.333333 0.324537 0.028125 0.132407
0 2043 0.135937 0.633333 0.066667 0.242593
0 2044 0.982292 0.472685 0.029167 0.171296
0 2048 0.361198 0.268056 0.031771 0.126852
0 2049 0.276302 0.431019 0.038021 0.180556
0 2050 0.257031 0.451852 0.042188 0.185185
0 2051 0.557031 0.335185 0.029687 0.137037
0 2055 0.505469 0.327778 0.029687 0.146296
0 2056 0.418490 0.259259 0.031771 0.124074
0 2057 0.456510 0.262500 0.027604 0.110185
0 2059 0.417187 0.251852 0.023958 0.103704
0 2062 0.623177 0.362963 0.035937 0.168519
0 2064 0.657813 0.358796 0.044792 0.167593
0 2105 0.385417 0.236574 0.023958 0.110185
0 2107 0.459375 0.276852 0.026042 0.107407
0 2109 0.609896 0.361111 0.032292 0.135185
0 2110 0.620833 0.351852 0.032292 0.135185
0 2111 0.623698 0.383333 0.029687 0.135185
0 2112 0.433333 0.364352 0.023958 0.099074
0 2113 0.410938 0.365741 0.025000 0.124074
0 2114 0.783594 0.363889 0.029687 0.168519
0 2116 0.464323 0.250463 0.025521 0.099074
0 2118 0.540104 0.336574 0.030208 0.121296
