0 1952 0.918229 0.932407 0.084375 0.137037
0 1963 0.287500 0.381481 0.028125 0.140741
0 1964 0.269792 0.375463 0.030208 0.143519
0 1969 0.182292 0.724074 0.067708 0.268519
0 1971 0.321094 0.743981 0.047396 0.223148
0 1972 0.285156 0.713426 0.067187 0.278704
0 1973 0.229167 0.683333 0.055208 0.255556
0 1974 0.647656 0.693519 0.073438 0.250000
0 1975 0.587240 0.690741 0.050521 0.262963
0 1977 0.350000 0.574537 0.050000 0.215741
0 1978 0.242448 0.563889 0.041146 0.185185
0 1980 0.657552 0.471296 0.046354 0.187037
0 1981 0.281510 0.552778 0.050521 0.200000
0 1984 0.493490 0.450000 0.040104 0.192593
0 1985 0.244792 0.543981 0.035417 0.156481
0 1986 0.165625 0.662963 0.060417 0.250000
0 1987 0.583594 0.453704 0.034896 0.164815
0 1988 0.771094 0.513426 0.050521 0.193519
0 1989 0.465625 0.476389 0.031250 0.165741
0 1990 0.620052 0.497222 0.060937 0.209259
0 1991 0.729688 0.527315 0.056250 0.199074
0 1993 0.551302 0.494444 0.035937 0.175926
0 1994 0.466406 0.361574 0.035937 0.162037
0 1995 0.432031 0.368056 0.029687 0.132407
0 1996 0.320312 0.378704 0.033333 0.164815
0 1997 0.362240 0.401852 0.036979 0.135185
0 1998 0.397656 0.334259 0.033854 0.135185
0 2001 0.607031 0.475000 0.041146 0.198148
0 2002 0.584375 0.482407 0.044792 0.201852
0 2003 0.510938 0.493981 0.041667 0.212037
0 2004 0.526302 0.538889 0.048438 0.196296
0 2005 0.409896 0.542130 0.051042 0.204630
0 2006 0.332813 0.528704 0.053125 0.209259
0 2007 0.302344 0.509259 0.046354 0.203704
0 2008 0.353125 0.470370 0.032292 0.174074
0 2009 0.391927 0.456944 0.040104 0.184259
0 2010 0.536458 0.454167 0.034375 0.165741
0 2011 0.329688 0.439815 0.036458 0.155556
0 2013 0.435156 0.416667 0.035937 0.161111
0 2014 0.560417 0.463426 0.036458 0.187963
0 2015 0.488281 0.408333 0.035937 0.140741
0 2016 0.416146 0.377315 0.040625 0.156481
0 2017 0.444010 0.372685 0.033854 0.141667
0 2018 0.378906 0.349537 0.038021 0.154630
0 2019 0.500000 0.321759 0.028125 0.126852
0 2020 0.442969 0.348611 0.027604 0.132407
0 2021 0.378385 0.384259 0.025521 0.140741
0 2022 0.355729 0.371759 0.037500 0.139815
0 2023 0.402083 0.337500 0.028125 0.136111
0 2024 0.343490 0.360648 0.027604 0.136111
0 2025 0.322656 0.362037 0.031771 0.153704
0 2026 0.113542 0.556944 0.035417 0.193519
0 2028 0.287500 0.319907 0.035417 0.145370
0 2029 0.300521 0.333796 0.022917 0.100926
0 2030 0.473698 0.349537 0.031771 0.154630
0 2031 0.141927 0.507407 0.042188 0.192593
0 2032 0.500260 0.344444 0.031771 0.137037
0 2038 0.338281 0.357407 0.029687 0.129630
0 2040 0.311198 0.354167 0.029687 0.147222
0 2041 0.288281 0.375000 0.027604 0.142593
0 2042 0.342708 0.327315 0.028125 0.132407
0 2043 0.146354 0.618056 0.063542 0.243519
0 2044 0.943229 0.476389 0.040625 0.184259
0 2048 0.367969 0.270833 0.031771 0.128704
0 2049 0.277344 0.425000 0.036979 0.177778
0 2050 0.257552 0.446296 0.042188 0.183333
0 2051 0.558594 0.341667 0.029687 0.137037
0 2055 0.505990 0.332407 0.029687 0.146296
0 2056 0.430729 0.263426 0.031250 0.117593
0 2057 0.467448 0.276389 0.029687 0.110185
0 2059 0.430990 0.255556 0.023438 0.107407
0 2062 0.608854 0.364815 0.035417 0.170370
0 2064 0.643750 0.358796 0.043750 0.167593
0 2066 0.336458 0.252778 0.022917 0.105556
0 2105 0.395833 0.240278 0.023958 0.110185
0 2107 0.471615 0.293056 0.025521 0.093519
0 2109 0.610417 0.361111 0.032292 0.135185
0 2110 0.620833 0.351852 0.032292 0.135185
0 2111 0.623177 0.383333 0.029687 0.135185
0 2112 0.433854 0.368981 0.023958 0.099074
0 2113 0.409896 0.370370 0.025000 0.124074
0 2114 0.783333 0.363889 0.030208 0.168519
0 2116 0.477604 0.252315 0.025000 0.099074
0 2118 0.538281 0.341667 0.031771 0.120370
