0 1952 0.919271 0.927315 0.084375 0.147222
0 1963 0.286979 0.384259 0.028125 0.140741
0 1964 0.269792 0.378704 0.030208 0.146296
0 1966 0.039844 0.963889 0.064062 0.072222
0 1969 0.185938 0.710185 0.066667 0.268519
0 1971 0.322656 0.731944 0.043229 0.221296
0 1972 0.288802 0.702315 0.067187 0.273148
0 1973 0.234115 0.673148 0.054688 0.251852
0 1974 0.639844 0.679167 0.064062 0.243519
0 1975 0.584115 0.679630 0.050521 0.259259
0 1977 0.350781 0.563889 0.050521 0.211111
0 1978 0.250000 0.557407 0.037500 0.185185
0 1980 0.639062 0.467593 0.047917 0.183333
0 1981 0.283594 0.544444 0.049479 0.196296
0 1984 0.490365 0.446296 0.040104 0.190741
0 1985 0.242448 0.534259 0.033854 0.148148
0 1986 0.173958 0.647222 0.057292 0.235185
0 1987 0.568229 0.452315 0.035417 0.165741
0 1988 0.750781 0.510185 0.049479 0.190741
0 1989 0.459896 0.470833 0.031250 0.165741
0 1990 0.598698 0.496759 0.059896 0.212037
0 1991 0.709375 0.519907 0.054167 0.197222
0 1993 0.532292 0.488889 0.038542 0.175926
0 1994 0.462240 0.357870 0.034896 0.162037
0 1995 0.426563 0.364352 0.030208 0.132407
0 1996 0.319271 0.372685 0.035417 0.165741
0 1997 0.351302 0.393519 0.033854 0.129630
0 1998 0.390365 0.331481 0.033854 0.135185
0 2001 0.589844 0.466667 0.036979 0.192593
0 2002 0.583333 0.471296 0.042708 0.190741
0 2003 0.514323 0.486574 0.042188 0.208333
0 2004 0.531510 0.530093 0.050521 0.193519
0 2005 0.413021 0.534722 0.051042 0.204630
0 2006 0.337760 0.520370 0.050521 0.203704
0 2007 0.305208 0.500926 0.045833 0.201852
0 2008 0.358333 0.463889 0.032292 0.174074
0 2009 0.394010 0.452315 0.039062 0.182407
0 2010 0.536458 0.448611 0.034375 0.165741
0 2011 0.332292 0.434259 0.034375 0.151852
0 2013 0.435156 0.410648 0.035937 0.158333
0 2014 0.560417 0.458796 0.036458 0.187963
0 2015 0.489844 0.403704 0.034896 0.138889
0 2016 0.414844 0.374537 0.043229 0.156481
0 2017 0.443490 0.368981 0.033854 0.139815
0 2018 0.375260 0.345370 0.038021 0.153704
0 2019 0.496094 0.319907 0.027604 0.126852
0 2020 0.441406 0.345833 0.027604 0.132407
0 2021 0.377865 0.379167 0.025521 0.139815
0 2022 0.355729 0.368981 0.037500 0.139815
0 2023 0.400521 0.333333 0.028125 0.135185
0 2024 0.341406 0.358333 0.027604 0.135185
0 2025 0.323177 0.360185 0.031771 0.153704
0 2026 0.111979 0.556944 0.035417 0.193519
0 2028 0.280469 0.318056 0.031771 0.145370
0 2029 0.294010 0.332870 0.023438 0.100926
0 2030 0.472135 0.346759 0.031771 0.154630
0 2031 0.140625 0.506944 0.042708 0.193519
0 2032 0.499219 0.341667 0.031771 0.137037
0 2038 0.337240 0.355556 0.029687 0.129630
0 2040 0.310156 0.350000 0.029687 0.142593
0 2041 0.282031 0.372222 0.027604 0.142593
0 2042 0.338021 0.324537 0.028125 0.132407
0 2043 0.140104 0.624074 0.064583 0.242593
0 2044 0.970052 0.468981 0.033854 0.171296
0 2048 0.364844 0.268981 0.032813 0.126852
0 2049 0.276562 0.428704 0.037500 0.179630
0 2050 0.257031 0.450926 0.042188 0.185185
0 2051 0.557552 0.337963 0.029687 0.137037
0 2055 0.506510 0.329630 0.029687 0.146296
0 2056 0.423698 0.260648 0.031771 0.121296
0 2057 0.460677 0.268056 0.028646 0.110185
0 2059 0.422917 0.253704 0.023958 0.105556
0 2062 0.617188 0.363889 0.035417 0.170370
0 2064 0.652083 0.358796 0.044792 0.167593
0 2105 0.389583 0.238426 0.023958 0.110185
0 2107 0.464583 0.282407 0.026042 0.098148
0 2109 0.609896 0.361111 0.032292 0.135185
0 2110 0.620833 0.351852 0.032292 0.135185
0 2111 0.623698 0.383333 0.029687 0.135185
0 2112 0.433333 0.366204 0.023958 0.099074
0 2113 0.410417 0.367593 0.025000 0.124074
0 2114 0.783594 0.363889 0.029687 0.168519
0 2116 0.469531 0.251389 0.025521 0.099074
0 2118 0.539323 0.339352 0.029687 0.121296
