0 1952 0.918490 0.942593 0.082812 0.114815
0 1963 0.288542 0.378704 0.028125 0.140741
0 1964 0.272396 0.372685 0.030208 0.143519
0 1969 0.172917 0.749074 0.068750 0.290741
0 1971 0.319531 0.765741 0.050521 0.237037
0 1972 0.276562 0.733333 0.064583 0.281481
0 1973 0.218229 0.700926 0.056250 0.266667
0 1974 0.650781 0.706019 0.056771 0.260185
0 1975 0.593229 0.708333 0.053125 0.264815
0 1977 0.347917 0.589352 0.050000 0.217593
0 1978 0.228385 0.575463 0.047396 0.184259
0 1980 0.689323 0.475926 0.054688 0.185185
0 1981 0.277344 0.568056 0.052604 0.204630
0 1984 0.498698 0.453241 0.040104 0.193519
0 1985 0.249479 0.561574 0.037500 0.169444
0 1986 0.150260 0.691204 0.065104 0.273148
0 1987 0.620052 0.462500 0.033854 0.171296
0 1988 0.807813 0.517130 0.041667 0.195370
0 1989 0.473958 0.483796 0.031250 0.165741
0 1990 0.656771 0.497685 0.054167 0.206481
0 1991 0.770833 0.530093 0.068750 0.197222
0 1993 0.588542 0.501389 0.037500 0.182407
0 1994 0.474479 0.368981 0.036458 0.162037
0 1995 0.443490 0.376389 0.029687 0.137963
0 1996 0.327865 0.382407 0.033854 0.164815
0 1997 0.381771 0.413426 0.038542 0.137963
0 1998 0.412240 0.340741 0.033854 0.135185
0 2001 0.641927 0.476389 0.052604 0.191667
0 2002 0.586458 0.502778 0.046875 0.218519
0 2003 0.508854 0.502315 0.043750 0.212037
0 2004 0.522656 0.556019 0.048438 0.202778
0 2005 0.400000 0.556481 0.052083 0.211111
0 2006 0.324479 0.543056 0.057292 0.217593
0 2007 0.296615 0.526852 0.046354 0.209259
0 2008 0.346615 0.478704 0.031771 0.174074
0 2009 0.388021 0.466667 0.042708 0.187037
0 2010 0.536458 0.464352 0.034375 0.167593
0 2011 0.324740 0.451852 0.040104 0.164815
0 2013 0.434635 0.427315 0.035937 0.165741
0 2014 0.560417 0.468056 0.036458 0.187963
0 2015 0.485417 0.416667 0.037500 0.144444
0 2016 0.417187 0.383796 0.039583 0.160185
0 2017 0.445052 0.379167 0.033854 0.147222
0 2018 0.385156 0.357870 0.038021 0.160185
0 2019 0.509115 0.327315 0.027604 0.126852
0 2020 0.446094 0.352315 0.027604 0.132407
0 2021 0.382552 0.387963 0.025521 0.140741
0 2022 0.357812 0.378241 0.036458 0.147222
0 2023 0.405208 0.344444 0.028125 0.137037
0 2024 0.347135 0.364352 0.027604 0.137963
0 2025 0.321615 0.364815 0.031771 0.153704
0 2026 0.117188 0.555093 0.035417 0.193519
0 2028 0.294010 0.321759 0.032813 0.145370
0 2029 0.311198 0.337037 0.026562 0.101852
0 2030 0.474740 0.353704 0.031771 0.157407
0 2031 0.142969 0.508333 0.042188 0.190741
0 2032 0.501823 0.349074 0.031771 0.137037
0 2038 0.341667 0.361111 0.029167 0.129630
0 2040 0.316927 0.362500 0.029687 0.150926
0 2041 0.298698 0.377315 0.027604 0.143519
0 2042 0.351042 0.334722 0.028125 0.132407
0 2043 0.158333 0.606944 0.062500 0.241667
0 2044 0.900521 0.481019 0.064583 0.193519
0 2048 0.371875 0.274074 0.028125 0.131481
0 2049 0.278385 0.418519 0.035937 0.174074
0 2050 0.260156 0.433796 0.042188 0.175000
0 2051 0.556510 0.350463 0.029687 0.137963
0 2055 0.502344 0.336111 0.029687 0.146296
0 2056 0.441927 0.268056 0.029687 0.117593
0 2057 0.473438 0.276852 0.030208 0.109259
0 2059 0.445573 0.259722 0.024479 0.110185
0 2062 0.593750 0.365741 0.034375 0.172222
0 2064 0.628125 0.356944 0.042708 0.167593
0 2066 0.346094 0.255093 0.025521 0.110185
0 2105 0.405208 0.238426 0.025000 0.106481
0 2107 0.477865 0.299537 0.024479 0.089815
0 2108 0.238021 0.368519 0.034375 0.153704
0 2109 0.610417 0.362037 0.032292 0.135185
0 2110 0.621354 0.351852 0.032292 0.135185
0 2111 0.622656 0.383333 0.029687 0.135185
0 2112 0.434375 0.374074 0.023958 0.100000
0 2113 0.412760 0.375000 0.025521 0.124074
0 2114 0.783073 0.364815 0.029687 0.168519
0 2116 0.492448 0.256019 0.025521 0.099074
0 2118 0.537240 0.347222 0.033854 0.120370
