0 1963 0.333333 0.334259 0.026042 0.124074
0 1964 0.312500 0.333333 0.029167 0.140741
0 1969 0.047135 0.893519 0.089063 0.211111
0 1971 0.189844 0.929167 0.061979 0.141667
0 1972 0.152865 0.887037 0.080729 0.225926
0 1973 0.109375 0.866204 0.076042 0.267593
0 1974 0.797656 0.876852 0.071354 0.248148
0 1975 0.716406 0.875463 0.067187 0.250926
0 1977 0.311719 0.767130 0.067187 0.278704
0 1978 0.115885 0.772222 0.061979 0.237037
0 1981 0.212500 0.740741 0.061458 0.274074
0 1984 0.778125 0.485648 0.063542 0.204630
0 1985 0.194531 0.724074 0.048438 0.220370
0 1986 0.248698 0.847685 0.077604 0.300926
0 1989 0.766667 0.514352 0.048958 0.178704
0 1994 0.569531 0.433796 0.040104 0.189815
0 1995 0.542188 0.445370 0.033333 0.174074
0 1996 0.520052 0.453704 0.060937 0.198148
0 1997 0.906250 0.507870 0.057292 0.162037
0 1998 0.516406 0.362963 0.029687 0.135185
0 1999 0.780208 0.264815 0.028125 0.103704
0 2002 0.523958 0.640741 0.057292 0.277778
0 2003 0.465104 0.646759 0.063542 0.267593
0 2004 0.429948 0.698611 0.059896 0.237963
0 2005 0.294531 0.691204 0.056771 0.260185
0 2006 0.251823 0.684259 0.054688 0.253704
0 2007 0.231250 0.642593 0.053125 0.248148
0 2008 0.292708 0.599074 0.035417 0.212963
0 2009 0.346615 0.588426 0.047396 0.239815
0 2010 0.465885 0.568519 0.042188 0.190741
0 2011 0.256510 0.545370 0.048438 0.198148
0 2012 0.198177 0.489815 0.048438 0.183333
0 2013 0.399740 0.532407 0.042188 0.200000
0 2014 0.504687 0.574074 0.045833 0.225926
0 2015 0.508594 0.506944 0.042188 0.173148
0 2016 0.407552 0.440741 0.038021 0.177778
0 2017 0.441406 0.442593 0.040104 0.168519
0 2018 0.516667 0.403241 0.038542 0.175000
0 2019 0.600000 0.376389 0.032292 0.154630
0 2020 0.471615 0.405556 0.038021 0.161111
0 2021 0.428385 0.430556 0.027604 0.151852
0 2022 0.405729 0.427315 0.034375 0.171296
0 2023 0.435417 0.375463 0.028125 0.137963
0 2024 0.406771 0.408333 0.032292 0.151852
0 2025 0.389323 0.409259 0.035937 0.187037
0 2026 0.205729 0.519444 0.035417 0.185185
0 2027 0.367969 0.368981 0.025521 0.121296
0 2028 0.341667 0.368056 0.036458 0.163889
0 2029 0.367448 0.372222 0.027604 0.120370
0 2030 0.448177 0.389815 0.032813 0.159259
0 2031 0.138542 0.506019 0.041667 0.195370
0 2032 0.510417 0.388889 0.031250 0.153704
0 2033 0.276823 0.375463 0.035937 0.139815
0 2034 0.295573 0.367593 0.031771 0.157407
0 2035 0.802083 0.540741 0.050000 0.214815
0 2038 0.386458 0.394444 0.029167 0.129630
0 2039 0.896094 0.552315 0.059896 0.200926
0 2040 0.352604 0.394907 0.036458 0.156481
0 2041 0.310156 0.424074 0.031771 0.162963
0 2042 0.439583 0.363889 0.034375 0.140741
0 2043 0.246354 0.491667 0.059375 0.216667
0 2044 0.617448 0.436574 0.044271 0.189815
0 2045 0.351823 0.303704 0.026562 0.114815
0 2047 0.279948 0.347685 0.031771 0.145370
0 2048 0.422135 0.306019 0.033854 0.141667
0 2049 0.248438 0.370833 0.030208 0.154630
0 2050 0.252083 0.382407 0.034375 0.162963
0 2051 0.558073 0.395833 0.029687 0.165741
0 2052 0.367708 0.291204 0.025000 0.117593
0 2053 0.373437 0.265741 0.023958 0.120370
0 2054 0.372135 0.296759 0.027604 0.126852
0 2055 0.527344 0.370370 0.031771 0.146296
0 2056 0.479427 0.306481 0.031771 0.140741
0 2057 0.501042 0.295833 0.031250 0.134259
0 2058 0.380729 0.287963 0.027083 0.122222
0 2059 0.476823 0.283796 0.025521 0.110185
0 2060 0.366406 0.254167 0.021354 0.110185
0 2062 0.558594 0.336574 0.028646 0.156481
0 2064 0.579688 0.326389 0.034375 0.154630
0 2065 0.369531 0.246759 0.023438 0.123148
0 2066 0.445052 0.250463 0.027604 0.112037
0 2069 0.404948 0.253241 0.029687 0.104630
0 2101 0.364063 0.256944 0.021875 0.099074
0 2105 0.484896 0.252315 0.023958 0.104630
0 2107 0.518229 0.325463 0.021875 0.087963
0 2108 0.323437 0.408333 0.035417 0.162963
0 2109 0.612500 0.361111 0.032292 0.135185
0 2110 0.623958 0.352778 0.032292 0.135185
0 2111 0.625260 0.383333 0.029687 0.135185
0 2112 0.474219 0.412500 0.025521 0.112037
0 2113 0.431250 0.416204 0.030208 0.132407
0 2114 0.783854 0.360185 0.030208 0.168519
0 2116 0.546615 0.298611 0.027604 0.126852
0 2118 0.577865 0.396296 0.033854 0.140741
0 2119 0.379167 0.369907 0.026042 0.121296
