0 1963 0.340885 0.323611 0.024479 0.123148
0 1964 0.320573 0.324074 0.030729 0.140741
0 1969 0.025781 0.934259 0.050521 0.133333
0 1972 0.118750 0.919907 0.082292 0.162037
0 1973 0.067187 0.891204 0.076042 0.219444
0 1974 0.849219 0.910648 0.067187 0.180556
0 1975 0.757031 0.909722 0.075521 0.180556
0 1977 0.303906 0.830093 0.067187 0.300926
0 1978 0.093750 0.836111 0.060417 0.237037
0 1981 0.186979 0.808796 0.069792 0.293519
0 1984 0.875260 0.497685 0.058854 0.200926
0 1985 0.162240 0.776852 0.057813 0.225926
0 1986 0.251563 0.887500 0.090625 0.223148
0 1989 0.862500 0.525463 0.044792 0.171296
0 1994 0.627604 0.450463 0.052083 0.195370
0 1995 0.600521 0.466204 0.041667 0.173148
0 1996 0.610677 0.476852 0.067187 0.201852
0 1998 0.557813 0.367593 0.030208 0.138889
0 2002 0.499219 0.687037 0.059896 0.288889
0 2003 0.442969 0.687500 0.057813 0.284259
0 2004 0.396875 0.749537 0.061458 0.254630
0 2005 0.259115 0.736111 0.063021 0.268519
0 2006 0.216927 0.726389 0.054688 0.262037
0 2007 0.208333 0.679630 0.062500 0.248148
0 2008 0.284115 0.633796 0.035937 0.212037
0 2009 0.332031 0.632870 0.046354 0.249074
0 2010 0.435677 0.609259 0.046354 0.194444
0 2011 0.238281 0.573148 0.052604 0.209259
0 2012 0.193750 0.520833 0.053125 0.186111
0 2013 0.393229 0.554167 0.045833 0.204630
0 2014 0.472917 0.608796 0.045833 0.237963
0 2015 0.530208 0.548611 0.043750 0.204630
0 2016 0.396875 0.462500 0.040625 0.189815
0 2017 0.434375 0.468056 0.039583 0.176852
0 2018 0.559635 0.433333 0.044271 0.196296
0 2019 0.641667 0.389815 0.032292 0.161111
0 2020 0.480208 0.428241 0.039583 0.178704
0 2021 0.457813 0.440741 0.028125 0.151852
0 2022 0.438021 0.441204 0.037500 0.178704
0 2023 0.448698 0.381019 0.028646 0.137963
0 2024 0.426823 0.417130 0.024479 0.152778
0 2025 0.413281 0.418056 0.033854 0.187963
0 2026 0.233594 0.504167 0.035937 0.184259
0 2027 0.348438 0.390278 0.026042 0.121296
0 2028 0.329167 0.392593 0.037500 0.181481
0 2029 0.352604 0.391667 0.030208 0.124074
0 2030 0.440365 0.404630 0.038021 0.164815
0 2031 0.143229 0.506019 0.041667 0.195370
0 2032 0.528385 0.419444 0.031771 0.162963
0 2033 0.295573 0.383333 0.035937 0.142593
0 2034 0.319271 0.375926 0.032292 0.157407
0 2035 0.730469 0.523611 0.051562 0.210185
0 2038 0.403125 0.411574 0.031250 0.147222
0 2039 0.829688 0.539815 0.055208 0.203704
0 2040 0.369531 0.411574 0.035937 0.167593
0 2041 0.314844 0.434259 0.030729 0.162963
0 2042 0.457292 0.369444 0.034375 0.140741
0 2043 0.252604 0.451852 0.051042 0.187037
0 2044 0.570312 0.425926 0.038542 0.187037
0 2045 0.360156 0.318519 0.029687 0.125926
0 2047 0.329427 0.367593 0.031771 0.162963
0 2048 0.426302 0.314352 0.031771 0.143519
0 2049 0.281250 0.354167 0.030208 0.154630
0 2050 0.264062 0.369907 0.035417 0.154630
0 2051 0.554948 0.401389 0.029687 0.165741
0 2052 0.394792 0.300926 0.026042 0.124074
0 2053 0.393750 0.275926 0.023958 0.120370
0 2054 0.383073 0.308796 0.027604 0.136111
0 2055 0.524479 0.384259 0.033333 0.157407
0 2056 0.481250 0.321296 0.032292 0.140741
0 2057 0.503385 0.311574 0.031771 0.145370
0 2058 0.419531 0.299074 0.027604 0.120370
0 2059 0.480208 0.291667 0.028125 0.109259
0 2060 0.394792 0.262500 0.021875 0.110185
0 2062 0.556250 0.337037 0.029167 0.157407
0 2063 0.790104 0.326389 0.031250 0.147222
0 2064 0.579948 0.325463 0.029687 0.154630
0 2065 0.403385 0.254630 0.023438 0.124074
0 2066 0.460938 0.240741 0.026042 0.109259
0 2069 0.418490 0.250463 0.029687 0.104630
0 2075 0.342969 0.250463 0.023438 0.089815
0 2101 0.382031 0.264352 0.025521 0.099074
0 2105 0.500260 0.258796 0.021354 0.104630
0 2106 0.340625 0.251852 0.020833 0.090741
0 2107 0.517448 0.335185 0.020313 0.079630
0 2108 0.338281 0.422685 0.033854 0.167593
0 2109 0.612760 0.359259 0.031771 0.135185
0 2110 0.624479 0.351852 0.032292 0.135185
0 2111 0.626302 0.382407 0.029687 0.135185
0 2112 0.485677 0.421759 0.026562 0.115741
0 2113 0.435677 0.418981 0.029687 0.132407
0 2114 0.784635 0.360185 0.029687 0.168519
0 2116 0.541146 0.311111 0.028125 0.125926
0 2118 0.575781 0.403241 0.033854 0.145370
0 2119 0.368229 0.384722 0.026042 0.121296
