0 1963 0.313542 0.345833 0.025000 0.128704
0 1964 0.295052 0.346296 0.028646 0.142593
0 1969 0.103385 0.860185 0.080729 0.281481
0 1971 0.272135 0.883796 0.055729 0.232407
0 1972 0.214844 0.846296 0.072396 0.301852
0 1973 0.157031 0.813889 0.060937 0.301852
0 1974 0.723437 0.831481 0.079167 0.298148
0 1975 0.658594 0.830556 0.064062 0.303704
0 1977 0.329427 0.691667 0.056771 0.250000
0 1978 0.154948 0.689352 0.061979 0.226852
0 1980 0.919531 0.496296 0.049479 0.194444
0 1981 0.241146 0.669444 0.059375 0.237037
0 1984 0.646615 0.471296 0.061979 0.192593
0 1985 0.226562 0.640741 0.038542 0.174074
0 1986 0.167187 0.772685 0.067708 0.293519
0 1987 0.794271 0.515278 0.051042 0.199074
0 1989 0.616667 0.496759 0.043750 0.163889
0 1990 0.870833 0.517593 0.064583 0.212963
0 1993 0.859896 0.538426 0.066667 0.187963
0 1994 0.524740 0.406481 0.038021 0.174074
0 1995 0.498958 0.412963 0.030208 0.146296
0 1996 0.371875 0.423611 0.042708 0.184259
0 1997 0.664583 0.473611 0.041667 0.150926
0 1998 0.477083 0.353704 0.029167 0.135185
0 1999 0.757552 0.281944 0.031771 0.104630
0 2001 0.877865 0.504167 0.042188 0.212037
0 2002 0.555990 0.586574 0.051562 0.254630
0 2003 0.496875 0.590278 0.050000 0.245370
0 2004 0.458594 0.637500 0.052604 0.221296
0 2005 0.353125 0.636111 0.056250 0.248148
0 2006 0.275781 0.625926 0.045312 0.238889
0 2007 0.259635 0.600926 0.050521 0.235185
0 2008 0.310937 0.552315 0.033333 0.199074
0 2009 0.360677 0.537037 0.046354 0.198148
0 2010 0.509115 0.534722 0.038021 0.189815
0 2011 0.293229 0.505093 0.041667 0.175000
0 2012 0.196094 0.459259 0.044271 0.172222
0 2013 0.408333 0.491204 0.037500 0.187963
0 2014 0.541146 0.528241 0.041667 0.210185
0 2015 0.480729 0.474074 0.041667 0.162963
0 2016 0.413281 0.416667 0.038021 0.168519
0 2017 0.447396 0.420833 0.037500 0.163889
0 2018 0.455208 0.392130 0.037500 0.171296
0 2019 0.541667 0.362500 0.031250 0.154630
0 2020 0.466406 0.388426 0.028646 0.150926
0 2021 0.402083 0.415741 0.028125 0.151852
0 2022 0.381250 0.414352 0.037500 0.167593
0 2023 0.425521 0.363426 0.028125 0.137963
0 2024 0.379167 0.399074 0.032292 0.151852
0 2025 0.356510 0.387037 0.032813 0.159259
0 2026 0.144792 0.544444 0.038542 0.192593
0 2027 0.338542 0.356944 0.026042 0.121296
0 2028 0.337760 0.351389 0.040104 0.150926
0 2029 0.344271 0.354630 0.028125 0.101852
0 2030 0.469792 0.382407 0.035417 0.159259
0 2031 0.144271 0.510185 0.039583 0.190741
0 2032 0.515104 0.378241 0.031250 0.147222
0 2033 0.238021 0.365278 0.028125 0.130556
0 2034 0.258073 0.360185 0.035937 0.157407
0 2035 0.906771 0.562037 0.058333 0.207407
0 2038 0.373958 0.387037 0.029167 0.129630
0 2040 0.333594 0.384259 0.031771 0.155556
0 2041 0.304427 0.406481 0.027604 0.151852
0 2042 0.407813 0.355093 0.034375 0.139815
0 2043 0.215885 0.531944 0.063021 0.226852
0 2044 0.713542 0.450926 0.042708 0.187037
0 2045 0.327865 0.298148 0.031771 0.114815
0 2048 0.398958 0.288889 0.032292 0.131481
0 2049 0.259896 0.385185 0.030208 0.153704
0 2050 0.273698 0.397685 0.038021 0.162037
0 2051 0.555990 0.381944 0.029687 0.158333
0 2053 0.341667 0.254630 0.022917 0.101852
0 2054 0.355990 0.287037 0.023438 0.118519
0 2055 0.509115 0.361111 0.031771 0.146296
0 2056 0.477604 0.292593 0.031250 0.124074
0 2057 0.497135 0.285185 0.031771 0.127778
0 2058 0.318490 0.286574 0.026562 0.123148
0 2059 0.475260 0.274537 0.023438 0.110185
0 2060 0.364583 0.251389 0.021875 0.110185
0 2062 0.562760 0.345370 0.033854 0.157407
0 2064 0.579167 0.348611 0.038542 0.167593
0 2066 0.412240 0.258796 0.031771 0.110185
0 2069 0.370833 0.257870 0.029167 0.110185
0 2101 0.341406 0.253704 0.023438 0.098148
0 2105 0.461719 0.248148 0.023438 0.103704
0 2107 0.514062 0.316204 0.021875 0.087963
0 2108 0.300781 0.388426 0.035937 0.149074
0 2109 0.611979 0.362963 0.032292 0.135185
0 2110 0.622917 0.352778 0.032292 0.135185
0 2111 0.623958 0.385185 0.030208 0.135185
0 2112 0.457292 0.399074 0.025000 0.107407
0 2113 0.427604 0.400926 0.027083 0.125926
0 2114 0.783333 0.362037 0.030208 0.168519
0 2116 0.547396 0.287037 0.028125 0.118519
0 2118 0.556250 0.378241 0.033333 0.132407
0 2119 0.348177 0.350463 0.025521 0.119444
