0 1963 0.328646 0.335185 0.026042 0.124074
0 1964 0.309375 0.338426 0.027083 0.139815
0 1969 0.053125 0.881481 0.089583 0.233333
0 1971 0.223177 0.917130 0.060937 0.165741
0 1972 0.165365 0.872685 0.079687 0.252778
0 1973 0.134375 0.855093 0.070833 0.291667
0 1974 0.778125 0.862500 0.070833 0.275000
0 1975 0.700781 0.863889 0.067187 0.274074
0 1977 0.315365 0.744444 0.060937 0.266667
0 1978 0.127865 0.748148 0.054688 0.237037
0 1981 0.221354 0.709722 0.062500 0.249074
0 1984 0.742969 0.480093 0.061979 0.197222
0 1985 0.197396 0.706481 0.043750 0.211111
0 1986 0.238021 0.833333 0.068750 0.311111
0 1989 0.729948 0.511574 0.050521 0.167593
0 1994 0.553646 0.422685 0.037500 0.187963
0 1995 0.528646 0.434722 0.032292 0.162037
0 1996 0.473177 0.448611 0.046354 0.193519
0 1997 0.863281 0.494444 0.044271 0.159259
0 1998 0.505990 0.359259 0.029687 0.135185
0 1999 0.768750 0.268056 0.023958 0.104630
0 2002 0.535417 0.625463 0.054167 0.271296
0 2003 0.482812 0.629630 0.047917 0.261111
0 2004 0.438281 0.681019 0.058854 0.234259
0 2005 0.314844 0.675000 0.052604 0.253704
0 2006 0.262760 0.662500 0.054688 0.243519
0 2007 0.238542 0.629167 0.054167 0.249074
0 2008 0.296615 0.585648 0.035937 0.210185
0 2009 0.351562 0.571296 0.050000 0.225926
0 2010 0.476562 0.558333 0.040625 0.190741
0 2011 0.264844 0.535185 0.045312 0.198148
0 2012 0.198177 0.479630 0.048438 0.177778
0 2013 0.400000 0.518981 0.041667 0.195370
0 2014 0.518229 0.561574 0.044792 0.223148
0 2015 0.499740 0.493519 0.042188 0.162963
0 2016 0.411198 0.430093 0.038021 0.173148
0 2017 0.441927 0.435185 0.040104 0.168519
0 2018 0.499740 0.397222 0.035937 0.170370
0 2019 0.583854 0.374537 0.032292 0.154630
0 2020 0.470573 0.395370 0.033854 0.153704
0 2021 0.414323 0.424074 0.027604 0.151852
0 2022 0.399219 0.423148 0.036979 0.170370
0 2023 0.431771 0.372685 0.028125 0.137963
0 2024 0.396875 0.405556 0.032292 0.151852
0 2025 0.379427 0.406481 0.035937 0.187037
0 2026 0.192188 0.526389 0.035417 0.189815
0 2027 0.365365 0.365278 0.025521 0.121296
0 2028 0.345313 0.361111 0.038542 0.157407
0 2029 0.367708 0.362037 0.028125 0.111111
0 2030 0.454167 0.387963 0.034375 0.159259
0 2031 0.136979 0.506019 0.041667 0.195370
0 2032 0.510417 0.382870 0.031250 0.149074
0 2033 0.261458 0.372685 0.031250 0.134259
0 2034 0.286979 0.363889 0.032292 0.157407
0 2035 0.826042 0.543519 0.059375 0.214815
0 2038 0.383333 0.392593 0.029167 0.129630
0 2040 0.347656 0.392130 0.034896 0.156481
0 2041 0.306510 0.420370 0.031771 0.157407
0 2042 0.432812 0.362963 0.034375 0.140741
0 2043 0.243750 0.503241 0.059375 0.226852
0 2044 0.636458 0.439815 0.046875 0.187037
0 2045 0.345573 0.301852 0.031771 0.114815
0 2047 0.257812 0.350926 0.030208 0.146296
0 2048 0.422396 0.300926 0.039583 0.138889
0 2049 0.242708 0.374074 0.030208 0.153704
0 2050 0.259115 0.387037 0.035937 0.162963
0 2051 0.558594 0.393981 0.029687 0.165741
0 2052 0.354167 0.288426 0.025000 0.117593
0 2053 0.364583 0.265741 0.023958 0.120370
0 2054 0.369271 0.293056 0.027083 0.123148
0 2055 0.523698 0.367593 0.031771 0.146296
0 2056 0.480469 0.301389 0.031771 0.136111
0 2057 0.499479 0.292593 0.031250 0.129630
0 2058 0.364063 0.286574 0.026042 0.123148
0 2059 0.476042 0.281944 0.023958 0.110185
0 2060 0.366406 0.254167 0.021354 0.110185
0 2062 0.556510 0.338889 0.032813 0.157407
0 2064 0.580469 0.327778 0.038021 0.155556
0 2065 0.355990 0.244907 0.023438 0.123148
0 2066 0.437500 0.251389 0.028125 0.112037
0 2069 0.395573 0.252778 0.029687 0.112963
0 2101 0.355729 0.256481 0.021875 0.098148
0 2105 0.479167 0.250463 0.023958 0.104630
0 2107 0.519271 0.320833 0.021875 0.087963
0 2108 0.317969 0.402315 0.035937 0.162037
0 2109 0.612500 0.362037 0.032292 0.135185
0 2110 0.623958 0.352778 0.032292 0.135185
0 2111 0.625000 0.383333 0.030208 0.135185
0 2112 0.469531 0.409259 0.025521 0.111111
0 2113 0.429167 0.411111 0.030208 0.131481
0 2114 0.783333 0.360185 0.030208 0.168519
0 2116 0.549219 0.294907 0.027604 0.123148
0 2118 0.578385 0.392593 0.033854 0.140741
0 2119 0.373437 0.364352 0.026042 0.121296
