0 1963 0.339323 0.327778 0.025521 0.124074
0 1964 0.317969 0.325926 0.031771 0.140741
0 1969 0.031510 0.922222 0.061979 0.157407
0 1971 0.136719 0.960648 0.054688 0.080556
0 1972 0.127604 0.909722 0.082292 0.180556
0 1973 0.082292 0.883333 0.073958 0.235185
0 1974 0.832031 0.903241 0.074479 0.195370
0 1975 0.744010 0.899537 0.073438 0.200926
0 1977 0.304948 0.811574 0.067187 0.297222
0 1978 0.101823 0.814815 0.059896 0.237037
0 1981 0.195312 0.789815 0.064583 0.298148
0 1984 0.845052 0.492130 0.063021 0.204630
0 1985 0.171354 0.757870 0.051042 0.223148
0 1986 0.256510 0.877315 0.083854 0.243519
0 1989 0.833333 0.519907 0.044792 0.171296
0 1994 0.609375 0.444907 0.044792 0.195370
0 1995 0.579167 0.462037 0.036458 0.174074
0 1996 0.579427 0.470833 0.053646 0.204630
0 1998 0.541927 0.364815 0.031771 0.135185
0 2002 0.507292 0.676852 0.060417 0.288889
0 2003 0.454688 0.674074 0.053125 0.279630
0 2004 0.410417 0.733796 0.065625 0.245370
0 2005 0.269010 0.718056 0.060937 0.260185
0 2006 0.227344 0.715278 0.054688 0.262037
0 2007 0.216927 0.667593 0.058854 0.248148
0 2008 0.286458 0.625000 0.035417 0.212963
0 2009 0.335677 0.617593 0.046354 0.246296
0 2010 0.447396 0.600000 0.043750 0.190741
0 2011 0.244792 0.564815 0.054167 0.209259
0 2012 0.193229 0.510185 0.053125 0.185185
0 2013 0.396094 0.544907 0.044271 0.200926
0 2014 0.482552 0.598611 0.044271 0.237963
0 2015 0.522917 0.537963 0.041667 0.201852
0 2016 0.400260 0.456481 0.039062 0.185185
0 2017 0.437500 0.461574 0.039583 0.176852
0 2018 0.544531 0.424074 0.044271 0.188889
0 2019 0.630208 0.385185 0.032292 0.159259
0 2020 0.476302 0.424537 0.041146 0.178704
0 2021 0.447656 0.437037 0.027604 0.151852
0 2022 0.426563 0.438426 0.037500 0.180556
0 2023 0.442188 0.378241 0.028125 0.137963
0 2024 0.417969 0.412500 0.024479 0.150926
0 2025 0.405208 0.417130 0.034375 0.187963
0 2026 0.226562 0.508796 0.035417 0.184259
0 2027 0.354687 0.383796 0.026042 0.121296
0 2028 0.332552 0.385648 0.035937 0.178704
0 2029 0.357812 0.384722 0.028125 0.121296
0 2030 0.442448 0.400000 0.035937 0.162963
0 2031 0.142187 0.506019 0.041667 0.195370
0 2032 0.520573 0.410185 0.031771 0.162963
0 2033 0.291927 0.380093 0.035937 0.141667
0 2034 0.314063 0.372222 0.032292 0.157407
0 2035 0.749479 0.528241 0.056250 0.210185
0 2038 0.398177 0.406019 0.030729 0.141667
0 2039 0.849479 0.546296 0.055208 0.203704
0 2040 0.364844 0.407870 0.035937 0.163889
0 2041 0.313802 0.432407 0.030729 0.162963
0 2042 0.454167 0.362963 0.034375 0.140741
0 2043 0.249219 0.460185 0.053646 0.188889
0 2044 0.585677 0.424537 0.048438 0.189815
0 2045 0.358073 0.313889 0.028646 0.122222
0 2047 0.315625 0.365741 0.032292 0.162963
0 2048 0.424740 0.310648 0.031771 0.143519
0 2049 0.268229 0.361574 0.030208 0.154630
0 2050 0.252344 0.374074 0.035937 0.161111
0 2051 0.555990 0.399537 0.029687 0.165741
0 2052 0.386719 0.297685 0.025521 0.121296
0 2053 0.391667 0.273148 0.023958 0.120370
0 2054 0.378906 0.304630 0.027604 0.129630
0 2055 0.525781 0.378704 0.031771 0.146296
0 2056 0.481250 0.318519 0.032292 0.140741
0 2057 0.502344 0.308796 0.031771 0.143519
0 2058 0.409115 0.294444 0.028646 0.120370
0 2059 0.479167 0.289352 0.027083 0.110185
0 2060 0.387500 0.259722 0.021875 0.110185
0 2062 0.556771 0.337037 0.029167 0.157407
0 2064 0.579427 0.325463 0.029687 0.154630
0 2065 0.392448 0.252778 0.023438 0.124074
0 2066 0.455208 0.243519 0.027083 0.109259
0 2069 0.415365 0.250463 0.029687 0.104630
0 2101 0.379948 0.261111 0.025521 0.098148
0 2105 0.496094 0.256944 0.022396 0.104630
0 2107 0.516406 0.331944 0.021354 0.082407
0 2108 0.333333 0.420370 0.032292 0.162963
0 2109 0.612500 0.359259 0.032292 0.135185
0 2110 0.624479 0.351852 0.032292 0.135185
0 2111 0.626042 0.382407 0.030208 0.135185
0 2112 0.482292 0.419444 0.026042 0.114815
0 2113 0.431250 0.416204 0.030208 0.132407
0 2114 0.784375 0.360185 0.030208 0.168519
0 2116 0.542448 0.307870 0.027604 0.126852
0 2118 0.576302 0.401389 0.033854 0.141667
0 2119 0.370312 0.381944 0.026042 0.121296
