0 1963 0.303906 0.350926 0.025521 0.127778
0 1964 0.289583 0.355093 0.030208 0.143519
0 1969 0.123177 0.836574 0.078646 0.313889
0 1971 0.292448 0.859722 0.050521 0.258333
0 1972 0.238542 0.822685 0.072917 0.317593
0 1973 0.173177 0.779167 0.060937 0.295370
0 1974 0.699219 0.792593 0.068229 0.287037
0 1975 0.635156 0.799537 0.063021 0.297222
0 1977 0.334635 0.660185 0.052604 0.242593
0 1978 0.176042 0.660648 0.054167 0.213889
0 1980 0.851302 0.490278 0.042188 0.197222
0 1981 0.250521 0.631481 0.060417 0.212963
0 1984 0.593490 0.470833 0.046354 0.193519
0 1985 0.243750 0.613889 0.038542 0.174074
0 1986 0.129167 0.756481 0.065625 0.301852
0 1987 0.747656 0.499074 0.042188 0.192593
0 1989 0.564323 0.488426 0.035937 0.165741
0 1990 0.807552 0.512037 0.049479 0.212963
0 1993 0.778125 0.532407 0.039583 0.192593
0 1994 0.510938 0.392593 0.036458 0.162963
0 1995 0.486458 0.401852 0.030208 0.146296
0 1996 0.336198 0.410648 0.035937 0.173148
0 1997 0.558854 0.455093 0.036458 0.147222
0 1998 0.463281 0.351389 0.029687 0.134259
0 1999 0.762240 0.274074 0.030729 0.107407
0 2001 0.812240 0.500463 0.041146 0.212037
0 2002 0.571875 0.558796 0.051042 0.239815
0 2003 0.505729 0.561574 0.044792 0.228704
0 2004 0.466146 0.611574 0.056250 0.215741
0 2005 0.368229 0.614352 0.057292 0.232407
0 2006 0.286719 0.602778 0.048438 0.231481
0 2007 0.270833 0.578241 0.047917 0.230556
0 2008 0.320052 0.530556 0.033854 0.194444
0 2009 0.368750 0.518056 0.045833 0.193519
0 2010 0.521354 0.512037 0.037500 0.185185
0 2011 0.307552 0.487963 0.040104 0.164815
0 2012 0.191146 0.441204 0.043750 0.167593
0 2013 0.417448 0.469444 0.038021 0.179630
0 2014 0.553125 0.516667 0.042708 0.203704
0 2015 0.475260 0.459722 0.042188 0.162037
0 2016 0.416667 0.406481 0.037500 0.168519
0 2017 0.450781 0.411111 0.033854 0.162963
0 2018 0.434115 0.383333 0.038021 0.170370
0 2019 0.531771 0.350000 0.030208 0.142593
0 2020 0.461719 0.381481 0.027604 0.144444
0 2021 0.399479 0.409259 0.028125 0.151852
0 2022 0.377344 0.404630 0.041146 0.161111
0 2023 0.422396 0.357870 0.028125 0.137963
0 2024 0.369792 0.393519 0.032292 0.151852
0 2025 0.341927 0.378704 0.029687 0.153704
0 2026 0.131250 0.548611 0.035417 0.193519
0 2027 0.307292 0.352315 0.026042 0.121296
0 2028 0.328385 0.343519 0.036979 0.146296
0 2029 0.331771 0.349074 0.028125 0.101852
0 2030 0.476302 0.374074 0.035937 0.159259
0 2031 0.142187 0.509722 0.037500 0.187963
0 2032 0.513542 0.368519 0.031250 0.138889
0 2034 0.246875 0.360185 0.036458 0.159259
0 2038 0.366146 0.380556 0.029167 0.129630
0 2040 0.328125 0.376852 0.030208 0.151852
0 2041 0.304427 0.396759 0.027604 0.149074
0 2042 0.392708 0.353241 0.034375 0.139815
0 2043 0.195833 0.550000 0.063542 0.225926
0 2044 0.752604 0.462963 0.052083 0.192593
0 2045 0.315885 0.293519 0.031771 0.114815
0 2048 0.385937 0.283333 0.033333 0.131481
0 2049 0.272396 0.392593 0.030208 0.153704
0 2050 0.272396 0.406019 0.038542 0.163889
0 2051 0.555208 0.364815 0.030208 0.140741
0 2054 0.335938 0.284722 0.020833 0.115741
0 2055 0.507031 0.352778 0.029687 0.146296
0 2056 0.474219 0.287963 0.031771 0.124074
0 2057 0.491406 0.281944 0.030729 0.125000
0 2059 0.472135 0.267130 0.023438 0.110185
0 2060 0.356771 0.250463 0.021875 0.110185
0 2062 0.569792 0.350000 0.033333 0.157407
0 2064 0.582812 0.353241 0.034375 0.167593
0 2066 0.398698 0.257870 0.031771 0.106481
0 2069 0.348958 0.261574 0.029167 0.110185
0 2105 0.452344 0.242593 0.020313 0.103704
0 2107 0.507812 0.312500 0.021875 0.087963
0 2108 0.288542 0.386574 0.032292 0.149074
0 2109 0.611458 0.362963 0.032292 0.135185
0 2110 0.622396 0.352778 0.032292 0.135185
0 2111 0.624479 0.386111 0.030208 0.135185
0 2112 0.449479 0.392593 0.025000 0.105556
0 2113 0.423698 0.393519 0.025521 0.124074
0 2114 0.783073 0.362963 0.029687 0.168519
0 2116 0.538542 0.279167 0.029167 0.117593
0 2118 0.544271 0.365278 0.034375 0.121296
0 2119 0.314063 0.341204 0.025000 0.115741
