0 1963 0.340885 0.323148 0.024479 0.124074
0 1964 0.320573 0.323148 0.030729 0.140741
0 1969 0.025000 0.935648 0.048958 0.130556
0 1972 0.117188 0.921296 0.082292 0.159259
0 1973 0.066667 0.892130 0.075000 0.215741
0 1974 0.851042 0.911574 0.066667 0.178704
0 1975 0.758594 0.911111 0.075521 0.177778
0 1977 0.303906 0.832407 0.067187 0.300000
0 1978 0.092708 0.837963 0.060417 0.237037
0 1981 0.185938 0.810648 0.069792 0.293519
0 1984 0.878906 0.498148 0.061979 0.200000
0 1985 0.161198 0.779630 0.058854 0.225926
0 1986 0.251042 0.888426 0.090625 0.219444
0 1989 0.866146 0.525463 0.044792 0.171296
0 1994 0.630208 0.450463 0.052083 0.195370
0 1995 0.603125 0.466667 0.042708 0.174074
0 1996 0.614844 0.477315 0.070312 0.200926
0 1998 0.560156 0.367593 0.029687 0.138889
0 2002 0.498437 0.689815 0.060417 0.290741
0 2003 0.441667 0.689815 0.058333 0.285185
0 2004 0.395573 0.751389 0.060937 0.256481
0 2005 0.257292 0.738889 0.063542 0.270370
0 2006 0.215625 0.728241 0.055208 0.262037
0 2007 0.207292 0.680556 0.062500 0.248148
0 2008 0.283854 0.634722 0.036458 0.212037
0 2009 0.331771 0.635185 0.045833 0.250000
0 2010 0.434375 0.610648 0.046875 0.195370
0 2011 0.237500 0.574074 0.052083 0.209259
0 2012 0.193490 0.522222 0.052604 0.187037
0 2013 0.392708 0.555093 0.045833 0.204630
0 2014 0.471875 0.609722 0.045833 0.237963
0 2015 0.530990 0.550000 0.044271 0.205556
0 2016 0.396615 0.463889 0.041146 0.190741
0 2017 0.434375 0.468981 0.039583 0.176852
0 2018 0.561719 0.434259 0.044271 0.196296
0 2019 0.642708 0.390278 0.032292 0.162037
0 2020 0.480990 0.429167 0.039062 0.178704
0 2021 0.459896 0.440741 0.028125 0.151852
0 2022 0.439583 0.442130 0.037500 0.178704
0 2023 0.449479 0.381019 0.029167 0.137963
0 2024 0.428125 0.417593 0.025000 0.153704
0 2025 0.414323 0.418981 0.033854 0.187963
0 2026 0.234635 0.503704 0.035937 0.185185
0 2027 0.347656 0.391204 0.025521 0.121296
0 2028 0.328646 0.393519 0.037500 0.181481
0 2029 0.352083 0.392593 0.031250 0.125926
0 2030 0.439063 0.404630 0.038542 0.164815
0 2031 0.143750 0.506019 0.041667 0.195370
0 2032 0.529427 0.420370 0.031771 0.162963
0 2033 0.296094 0.383333 0.035937 0.142593
0 2034 0.319271 0.376852 0.032292 0.157407
0 2035 0.728125 0.522685 0.051042 0.210185
0 2038 0.404167 0.412037 0.031250 0.148148
0 2039 0.827083 0.538889 0.055208 0.203704
0 2040 0.370052 0.412500 0.035937 0.167593
0 2041 0.314844 0.434259 0.030729 0.162963
0 2042 0.457813 0.370370 0.034375 0.140741
0 2043 0.253125 0.450926 0.051042 0.187037
0 2044 0.567969 0.426389 0.036979 0.186111
0 2045 0.360156 0.318519 0.029687 0.125926
0 2047 0.330990 0.367593 0.031771 0.162963
0 2048 0.426823 0.315278 0.031771 0.143519
0 2049 0.283333 0.353241 0.030208 0.154630
0 2050 0.265365 0.369444 0.034896 0.153704
0 2051 0.554948 0.401389 0.029687 0.165741
0 2052 0.395313 0.300926 0.026042 0.124074
0 2053 0.394271 0.276852 0.023958 0.120370
0 2054 0.383594 0.309259 0.027604 0.137037
0 2055 0.524479 0.385185 0.033333 0.159259
0 2056 0.481250 0.321296 0.032292 0.140741
0 2057 0.503385 0.312037 0.031771 0.146296
0 2058 0.420573 0.299074 0.027604 0.120370
0 2059 0.480729 0.292593 0.028125 0.109259
0 2060 0.395313 0.262500 0.021875 0.110185
0 2062 0.556250 0.337037 0.029167 0.157407
0 2063 0.788542 0.328241 0.031250 0.149074
0 2064 0.579948 0.325463 0.029687 0.154630
0 2065 0.404948 0.254630 0.023438 0.124074
0 2066 0.461458 0.240278 0.026042 0.108333
0 2069 0.419010 0.250463 0.029687 0.104630
0 2075 0.344010 0.250926 0.023438 0.090741
0 2101 0.382552 0.264815 0.025521 0.098148
0 2105 0.500781 0.258796 0.021354 0.104630
0 2106 0.341927 0.252315 0.020313 0.089815
0 2107 0.517708 0.335648 0.019792 0.078704
0 2108 0.338281 0.422685 0.033854 0.167593
0 2109 0.612760 0.359259 0.031771 0.135185
0 2110 0.624479 0.351852 0.032292 0.135185
0 2111 0.626302 0.382407 0.029687 0.135185
0 2112 0.485938 0.422685 0.026042 0.115741
0 2113 0.436198 0.418981 0.029687 0.132407
0 2114 0.784635 0.360185 0.029687 0.168519
0 2116 0.540885 0.311574 0.028646 0.126852
0 2118 0.575521 0.403704 0.033333 0.144444
0 2119 0.367708 0.384722 0.026042 0.121296
