0 1963 0.328125 0.335185 0.026042 0.124074
0 1964 0.309375 0.339352 0.027083 0.139815
0 1969 0.053125 0.881019 0.088542 0.234259
0 1971 0.225000 0.915741 0.060417 0.168519
0 1972 0.166406 0.871759 0.079687 0.254630
0 1973 0.136719 0.854167 0.070312 0.293519
0 1974 0.776302 0.862963 0.072396 0.274074
0 1975 0.699740 0.862963 0.067187 0.275926
0 1977 0.315885 0.743056 0.059896 0.265741
0 1978 0.128906 0.745833 0.054688 0.236111
0 1981 0.222396 0.707407 0.062500 0.246296
0 1984 0.740365 0.481019 0.063021 0.195370
0 1985 0.198177 0.703704 0.043229 0.209259
0 1986 0.236979 0.831944 0.067708 0.312037
0 1987 0.896615 0.530093 0.067187 0.199074
0 1989 0.725781 0.509722 0.048438 0.167593
0 1994 0.552604 0.421759 0.037500 0.186111
0 1995 0.527344 0.433796 0.031771 0.160185
0 1996 0.469531 0.448148 0.046354 0.192593
0 1997 0.857552 0.494444 0.045312 0.159259
0 1998 0.504948 0.359259 0.029687 0.135185
0 1999 0.767969 0.268519 0.023438 0.103704
0 2002 0.535937 0.624074 0.054167 0.270370
0 2003 0.483073 0.628704 0.048438 0.261111
0 2004 0.438802 0.679167 0.057813 0.234259
0 2005 0.316667 0.673611 0.052083 0.252778
0 2006 0.263802 0.658333 0.054688 0.238889
0 2007 0.239583 0.628241 0.054167 0.249074
0 2008 0.297135 0.583796 0.035937 0.208333
0 2009 0.352083 0.569907 0.050000 0.225000
0 2010 0.477865 0.557407 0.040104 0.190741
0 2011 0.265625 0.534259 0.044792 0.198148
0 2012 0.198958 0.478704 0.047917 0.177778
0 2013 0.400260 0.518056 0.042188 0.195370
0 2014 0.519271 0.559722 0.044792 0.223148
0 2015 0.498698 0.492593 0.042188 0.162963
0 2016 0.411198 0.430093 0.038021 0.173148
0 2017 0.442448 0.435185 0.040104 0.168519
0 2018 0.497656 0.397222 0.035937 0.170370
0 2019 0.582812 0.374537 0.032292 0.154630
0 2020 0.470313 0.393981 0.033333 0.152778
0 2021 0.413802 0.423148 0.027604 0.151852
0 2022 0.398698 0.422222 0.036979 0.170370
0 2023 0.431771 0.372685 0.028125 0.137963
0 2024 0.395833 0.405556 0.032292 0.151852
0 2025 0.378385 0.405556 0.035937 0.187037
0 2026 0.190625 0.527315 0.035417 0.189815
0 2027 0.364844 0.364352 0.025521 0.121296
0 2028 0.345313 0.361111 0.038542 0.157407
0 2029 0.367708 0.360648 0.028125 0.110185
0 2030 0.454948 0.387963 0.034896 0.159259
0 2031 0.136458 0.506019 0.041667 0.195370
0 2032 0.510417 0.382870 0.031250 0.149074
0 2033 0.260156 0.372685 0.030729 0.134259
0 2034 0.286458 0.363889 0.032292 0.157407
0 2035 0.828646 0.543519 0.058333 0.214815
0 2038 0.382812 0.392593 0.029167 0.129630
0 2040 0.347135 0.391667 0.034896 0.157407
0 2041 0.305990 0.419907 0.031771 0.156481
0 2042 0.432292 0.362963 0.034375 0.140741
0 2043 0.243229 0.503241 0.059375 0.226852
0 2044 0.638802 0.439815 0.049479 0.187037
0 2045 0.344531 0.300926 0.031771 0.114815
0 2047 0.255729 0.350926 0.030208 0.146296
0 2048 0.422135 0.300463 0.040104 0.137963
0 2049 0.243229 0.375000 0.030208 0.153704
0 2050 0.260156 0.387500 0.035937 0.162037
0 2051 0.558594 0.393981 0.029687 0.165741
0 2052 0.353125 0.288426 0.025000 0.117593
0 2053 0.363802 0.265741 0.023438 0.120370
0 2054 0.369010 0.292593 0.027604 0.122222
0 2055 0.523177 0.367593 0.031771 0.146296
0 2056 0.480990 0.301852 0.031771 0.135185
0 2057 0.499219 0.292593 0.031771 0.129630
0 2058 0.362760 0.286574 0.026562 0.123148
0 2059 0.476042 0.281944 0.023958 0.110185
0 2060 0.366406 0.254167 0.021354 0.110185
0 2062 0.556510 0.338889 0.032813 0.157407
0 2064 0.580469 0.328704 0.038021 0.155556
0 2065 0.354427 0.244907 0.023438 0.123148
0 2066 0.436719 0.251389 0.027604 0.110185
0 2069 0.394531 0.252778 0.029687 0.112963
0 2101 0.355208 0.256481 0.021875 0.098148
0 2105 0.478646 0.250463 0.023958 0.104630
0 2107 0.519271 0.319907 0.021875 0.087963
0 2108 0.317448 0.401852 0.035937 0.161111
0 2109 0.612500 0.362037 0.032292 0.135185
0 2110 0.623958 0.352778 0.032292 0.135185
0 2111 0.625000 0.383333 0.030208 0.135185
0 2112 0.469010 0.408333 0.025521 0.111111
0 2113 0.428646 0.410648 0.030208 0.130556
0 2114 0.783333 0.360185 0.030208 0.168519
0 2116 0.549740 0.294907 0.027604 0.123148
0 2118 0.578385 0.392593 0.033854 0.140741
0 2119 0.372917 0.364352 0.026042 0.121296
