0 1963 0.304427 0.350000 0.025521 0.127778
0 1964 0.289583 0.355093 0.030208 0.143519
0 1969 0.122656 0.837963 0.080729 0.312963
0 1971 0.291406 0.861111 0.050521 0.257407
0 1972 0.237240 0.824537 0.072396 0.317593
0 1973 0.172656 0.781019 0.060937 0.295370
0 1974 0.699740 0.795370 0.067187 0.287037
0 1975 0.636719 0.801389 0.063021 0.297222
0 1977 0.334115 0.661574 0.052604 0.243519
0 1978 0.175000 0.663426 0.054167 0.215741
0 1980 0.854688 0.490741 0.039583 0.198148
0 1981 0.250000 0.633333 0.060417 0.212963
0 1984 0.596354 0.470833 0.047917 0.193519
0 1985 0.243229 0.615741 0.038542 0.174074
0 1986 0.130729 0.757407 0.065625 0.301852
0 1987 0.749740 0.500000 0.042188 0.194444
0 1989 0.567187 0.488426 0.035417 0.165741
0 1990 0.810937 0.512963 0.046875 0.212963
0 1993 0.783073 0.533333 0.044271 0.192593
0 1994 0.511979 0.393519 0.036458 0.162963
0 1995 0.486979 0.402778 0.030208 0.146296
0 1996 0.337760 0.411574 0.036979 0.173148
0 1997 0.564323 0.456944 0.036979 0.149074
0 1998 0.464323 0.351389 0.029687 0.134259
0 1999 0.761198 0.274537 0.031771 0.106481
0 2001 0.815885 0.501852 0.041146 0.212963
0 2002 0.570833 0.559722 0.051042 0.241667
0 2003 0.504427 0.563426 0.045312 0.230556
0 2004 0.466146 0.613426 0.056250 0.215741
0 2005 0.367188 0.614815 0.057292 0.233333
0 2006 0.285938 0.604167 0.047917 0.232407
0 2007 0.270313 0.578704 0.047917 0.229630
0 2008 0.319531 0.531944 0.033854 0.195370
0 2009 0.368229 0.518981 0.045833 0.193519
0 2010 0.520312 0.512037 0.037500 0.185185
0 2011 0.307031 0.488889 0.040104 0.164815
0 2012 0.191667 0.442130 0.043750 0.167593
0 2013 0.416927 0.470833 0.038021 0.180556
0 2014 0.553125 0.518519 0.042708 0.203704
0 2015 0.475260 0.460648 0.042188 0.162037
0 2016 0.416406 0.406481 0.038021 0.168519
0 2017 0.450260 0.411111 0.033854 0.162963
0 2018 0.435156 0.383333 0.038021 0.170370
0 2019 0.532552 0.350463 0.030729 0.143519
0 2020 0.462240 0.381944 0.027604 0.145370
0 2021 0.400000 0.409259 0.028125 0.151852
0 2022 0.377865 0.405093 0.041146 0.162037
0 2023 0.422396 0.358333 0.028125 0.137037
0 2024 0.370833 0.393519 0.032292 0.151852
0 2025 0.342448 0.379167 0.029687 0.154630
0 2026 0.131771 0.548611 0.035417 0.193519
0 2027 0.309375 0.352315 0.026042 0.121296
0 2028 0.328646 0.343519 0.037500 0.146296
0 2029 0.332552 0.350000 0.027604 0.101852
0 2030 0.476302 0.374074 0.035937 0.159259
0 2031 0.142448 0.509722 0.038021 0.187963
0 2032 0.513542 0.368981 0.031250 0.139815
0 2034 0.247656 0.359722 0.035937 0.158333
0 2038 0.366667 0.381481 0.029167 0.129630
0 2040 0.328125 0.377778 0.030208 0.151852
0 2041 0.304427 0.397222 0.027604 0.150000
0 2042 0.393229 0.354167 0.034375 0.139815
0 2043 0.196875 0.549074 0.063542 0.225926
0 2044 0.749740 0.462037 0.052604 0.192593
0 2045 0.316927 0.293519 0.031771 0.114815
0 2048 0.386458 0.284259 0.033333 0.131481
0 2049 0.271875 0.392593 0.030208 0.153704
0 2050 0.272396 0.405556 0.038542 0.162963
0 2051 0.555208 0.365741 0.030208 0.140741
0 2054 0.336979 0.284722 0.020833 0.115741
0 2055 0.507031 0.352778 0.029687 0.146296
0 2056 0.474740 0.287963 0.031771 0.124074
0 2057 0.491927 0.282407 0.030729 0.125926
0 2059 0.472656 0.268056 0.023438 0.110185
0 2060 0.357812 0.250463 0.021875 0.110185
0 2062 0.569010 0.349074 0.033854 0.157407
0 2064 0.582031 0.353241 0.034896 0.167593
0 2066 0.399219 0.257870 0.031771 0.106481
0 2069 0.349479 0.261574 0.029167 0.110185
0 2105 0.452604 0.243519 0.020833 0.103704
0 2107 0.508333 0.312500 0.021875 0.087963
0 2108 0.289062 0.386574 0.032292 0.149074
0 2109 0.611979 0.362963 0.032292 0.135185
0 2110 0.622396 0.352778 0.032292 0.135185
0 2111 0.624479 0.386111 0.030208 0.135185
0 2112 0.450000 0.392593 0.025000 0.105556
0 2113 0.424219 0.394444 0.025521 0.124074
0 2114 0.783073 0.362963 0.029687 0.168519
0 2116 0.539062 0.279630 0.029167 0.118519
0 2118 0.544792 0.365278 0.034375 0.121296
0 2119 0.316146 0.341667 0.025000 0.116667
