0 1963 0.313021 0.345833 0.025000 0.128704
0 1964 0.294531 0.347222 0.028646 0.142593
0 1969 0.105208 0.858796 0.082292 0.284259
0 1971 0.273177 0.882407 0.054688 0.235185
0 1972 0.216406 0.845370 0.071354 0.303704
0 1973 0.158073 0.811111 0.060937 0.301852
0 1974 0.721615 0.829630 0.079687 0.298148
0 1975 0.657813 0.828704 0.063542 0.303704
0 1977 0.329948 0.689352 0.056771 0.249074
0 1978 0.156250 0.687963 0.061458 0.225926
0 1980 0.915885 0.494907 0.049479 0.195370
0 1981 0.241667 0.667130 0.059375 0.234259
0 1984 0.643229 0.471296 0.061458 0.192593
0 1985 0.227604 0.638889 0.038542 0.174074
0 1986 0.164844 0.771759 0.067187 0.293519
0 1987 0.791146 0.513889 0.051042 0.198148
0 1989 0.613802 0.495833 0.044271 0.163889
0 1990 0.867188 0.517593 0.063542 0.212963
0 1993 0.855469 0.537963 0.063021 0.188889
0 1994 0.523698 0.405556 0.038021 0.174074
0 1995 0.497917 0.412037 0.030208 0.146296
0 1996 0.369010 0.422222 0.042188 0.183333
0 1997 0.657813 0.472685 0.041667 0.150926
0 1998 0.476302 0.353704 0.029687 0.135185
0 1999 0.757552 0.281944 0.031771 0.104630
0 2001 0.873958 0.503241 0.041667 0.212037
0 2002 0.557031 0.585185 0.051562 0.253704
0 2003 0.496875 0.588426 0.050000 0.245370
0 2004 0.459375 0.636574 0.053125 0.221296
0 2005 0.354167 0.634722 0.056250 0.249074
0 2006 0.275781 0.625463 0.044271 0.239815
0 2007 0.260156 0.599074 0.050521 0.233333
0 2008 0.311458 0.551389 0.033333 0.199074
0 2009 0.361198 0.536111 0.046354 0.198148
0 2010 0.510417 0.533796 0.037500 0.189815
0 2011 0.294271 0.504167 0.041667 0.173148
0 2012 0.196094 0.458333 0.044271 0.172222
0 2013 0.408854 0.490278 0.037500 0.187963
0 2014 0.541667 0.527315 0.041667 0.210185
0 2015 0.480208 0.473148 0.041667 0.162963
0 2016 0.413802 0.416667 0.038021 0.168519
0 2017 0.447656 0.419907 0.036979 0.163889
0 2018 0.453646 0.391204 0.037500 0.171296
0 2019 0.541146 0.362037 0.031250 0.153704
0 2020 0.466146 0.388426 0.028125 0.150926
0 2021 0.402083 0.415741 0.028125 0.151852
0 2022 0.380729 0.414352 0.037500 0.167593
0 2023 0.425000 0.363426 0.028125 0.137963
0 2024 0.378646 0.398148 0.032292 0.151852
0 2025 0.355469 0.386574 0.032813 0.160185
0 2026 0.144010 0.544907 0.038021 0.191667
0 2027 0.336458 0.356019 0.026042 0.121296
0 2028 0.337240 0.350926 0.040104 0.150000
0 2029 0.342708 0.354630 0.028125 0.101852
0 2030 0.470573 0.382407 0.035937 0.159259
0 2031 0.144271 0.510185 0.039583 0.190741
0 2032 0.514844 0.377315 0.031771 0.147222
0 2033 0.236979 0.364815 0.028125 0.129630
0 2034 0.257552 0.360185 0.035937 0.157407
0 2035 0.909896 0.562037 0.058333 0.207407
0 2038 0.373958 0.387037 0.029167 0.129630
0 2040 0.333073 0.383796 0.031771 0.154630
0 2041 0.304427 0.406481 0.027604 0.151852
0 2042 0.407292 0.355093 0.034375 0.139815
0 2043 0.215365 0.532870 0.063021 0.226852
0 2044 0.715625 0.451389 0.044792 0.187963
0 2045 0.327344 0.297222 0.031771 0.114815
0 2048 0.398438 0.287963 0.032292 0.131481
0 2049 0.260417 0.386111 0.030208 0.153704
0 2050 0.273177 0.397685 0.038021 0.162037
0 2051 0.555990 0.380556 0.029687 0.157407
0 2053 0.340625 0.254167 0.022917 0.100926
0 2054 0.354948 0.287037 0.023438 0.118519
0 2055 0.509115 0.360185 0.031771 0.146296
0 2056 0.477604 0.291667 0.031250 0.124074
0 2057 0.496875 0.285185 0.031250 0.127778
0 2058 0.317188 0.285648 0.026042 0.123148
0 2059 0.475260 0.273611 0.023438 0.110185
0 2060 0.364583 0.251389 0.021875 0.110185
0 2062 0.562760 0.346296 0.033854 0.157407
0 2064 0.578906 0.348611 0.038021 0.167593
0 2066 0.411719 0.258796 0.031771 0.110185
0 2069 0.369271 0.257870 0.029167 0.110185
0 2101 0.341146 0.253704 0.022917 0.098148
0 2105 0.460677 0.248148 0.023438 0.103704
0 2107 0.514062 0.316204 0.021875 0.087963
0 2108 0.300000 0.388426 0.035417 0.149074
0 2109 0.611979 0.362963 0.032292 0.135185
0 2110 0.622917 0.352778 0.032292 0.135185
0 2111 0.623958 0.385185 0.030208 0.135185
0 2112 0.456771 0.398148 0.025000 0.107407
0 2113 0.427344 0.400463 0.026562 0.125000
0 2114 0.783333 0.362037 0.030208 0.168519
0 2116 0.546875 0.287037 0.028125 0.118519
0 2118 0.555208 0.377315 0.033333 0.132407
0 2119 0.346354 0.350463 0.026042 0.119444
