0 1963 0.343750 0.279630 0.023958 0.112963
0 1964 0.313021 0.281019 0.028125 0.128704
0 2002 0.400000 0.879167 0.077083 0.243519
0 2003 0.319271 0.876389 0.078125 0.245370
0 2004 0.184115 0.925926 0.065104 0.148148
0 2005 0.086979 0.913426 0.076042 0.171296
0 2006 0.069792 0.889352 0.072917 0.223148
0 2007 0.121094 0.867130 0.077604 0.263889
0 2008 0.200000 0.840741 0.047917 0.283333
0 2009 0.255729 0.835648 0.058333 0.325000
0 2010 0.351562 0.827315 0.062500 0.284259
0 2011 0.152604 0.728704 0.059375 0.268519
0 2012 0.202865 0.651389 0.067187 0.223148
0 2013 0.284896 0.712963 0.052083 0.251852
0 2014 0.369531 0.777778 0.067187 0.281481
0 2015 0.498437 0.703704 0.056250 0.253704
0 2016 0.321615 0.564815 0.051562 0.231481
0 2017 0.380729 0.564352 0.047917 0.217593
0 2018 0.858854 0.464352 0.063542 0.212037
0 2019 0.785937 0.455093 0.051042 0.189815
0 2020 0.728125 0.467130 0.047917 0.189815
0 2021 0.668490 0.484722 0.044271 0.173148
0 2022 0.643750 0.483333 0.055208 0.187037
0 2023 0.609375 0.442130 0.031250 0.189815
0 2024 0.612760 0.460648 0.034896 0.171296
0 2025 0.589844 0.461574 0.046354 0.200926
0 2026 0.206771 0.424537 0.033333 0.156481
0 2027 0.273438 0.467593 0.032292 0.148148
0 2028 0.290885 0.468056 0.046354 0.217593
0 2029 0.313802 0.480556 0.034896 0.137037
0 2030 0.341406 0.488889 0.050521 0.209259
0 2031 0.359115 0.525926 0.061979 0.190741
0 2032 0.531510 0.524074 0.047396 0.218519
0 2033 0.340625 0.403704 0.039583 0.146296
0 2034 0.372135 0.397685 0.036979 0.160185
0 2035 0.461979 0.492130 0.041667 0.195370
0 2036 0.704427 0.527315 0.063021 0.200926
0 2037 0.745833 0.563889 0.053125 0.170370
0 2038 0.538021 0.462963 0.048958 0.175926
0 2039 0.559635 0.489352 0.044271 0.178704
0 2040 0.507292 0.460648 0.046875 0.184259
0 2041 0.427344 0.462037 0.043229 0.170370
0 2042 0.472135 0.423148 0.038021 0.174074
0 2043 0.298177 0.373148 0.043229 0.162963
0 2044 0.397135 0.376852 0.055729 0.166667
0 2045 0.354167 0.350463 0.033333 0.139815
0 2046 0.301563 0.349074 0.034375 0.159259
0 2047 0.421875 0.404167 0.036458 0.171296
0 2048 0.443229 0.356944 0.032292 0.154630
0 2049 0.325521 0.304167 0.030208 0.143519
0 2050 0.313021 0.306481 0.033333 0.137037
0 2051 0.548958 0.428241 0.034375 0.167593
0 2052 0.431250 0.337037 0.028125 0.133333
0 2053 0.410417 0.299537 0.029167 0.123148
0 2054 0.380990 0.349537 0.031771 0.160185
0 2055 0.548438 0.403241 0.036458 0.182407
0 2056 0.511979 0.368981 0.032292 0.167593
0 2057 0.538021 0.346759 0.032292 0.147222
0 2058 0.483594 0.334259 0.031771 0.138889
0 2059 0.507031 0.335185 0.031771 0.133333
0 2060 0.465365 0.298611 0.025521 0.130556
0 2061 0.414583 0.252778 0.028125 0.124074
0 2062 0.551042 0.328704 0.032292 0.157407
0 2063 0.575260 0.341667 0.035937 0.170370
0 2064 0.576042 0.318519 0.026042 0.153704
0 2065 0.537240 0.256481 0.024479 0.124074
0 2066 0.486458 0.237037 0.023958 0.109259
0 2067 0.349219 0.242130 0.025521 0.112037
0 2068 0.379688 0.263426 0.030208 0.128704
0 2069 0.469010 0.243981 0.029687 0.115741
0 2071 0.330208 0.245370 0.021875 0.112963
0 2075 0.434896 0.269907 0.023958 0.100926
0 2101 0.428906 0.289815 0.027604 0.109259
0 2102 0.425521 0.243981 0.023958 0.108333
0 2103 0.356510 0.249537 0.023438 0.108333
0 2104 0.378125 0.254167 0.026042 0.123148
0 2105 0.534115 0.269907 0.021354 0.104630
0 2106 0.454948 0.267130 0.027604 0.089815
0 2107 0.557813 0.377778 0.017708 0.085185
0 2108 0.432031 0.453241 0.040104 0.173148
0 2109 0.613542 0.348611 0.032292 0.137963
0 2110 0.605208 0.341667 0.032292 0.135185
0 2111 0.621354 0.371296 0.030208 0.135185
0 2112 0.634635 0.462500 0.027604 0.130556
0 2113 0.643490 0.467593 0.034896 0.142593
0 2114 0.779687 0.353704 0.030208 0.168519
0 2115 0.382031 0.288426 0.029687 0.128704
0 2116 0.542188 0.340741 0.028125 0.125926
0 2118 0.570573 0.431481 0.030729 0.148148
0 2119 0.287240 0.466204 0.025521 0.143519
