0 1963 0.350521 0.299537 0.022917 0.121296
0 1964 0.326562 0.303704 0.030208 0.140741
0 1973 0.019271 0.952778 0.037500 0.096296
0 1974 0.953125 0.981019 0.033333 0.037963
0 1977 0.252344 0.904167 0.077604 0.193519
0 1978 0.035417 0.922685 0.069792 0.156481
0 1981 0.127865 0.886574 0.080729 0.228704
0 1985 0.063281 0.875000 0.052604 0.248148
0 1994 0.772396 0.470370 0.036458 0.212963
0 1995 0.746094 0.485648 0.050521 0.173148
0 1996 0.799479 0.493056 0.050000 0.219444
0 1998 0.666927 0.374074 0.039062 0.155556
0 2002 0.450000 0.791204 0.067708 0.330556
0 2003 0.375260 0.780093 0.060937 0.313889
0 2004 0.325000 0.854630 0.072917 0.281481
0 2005 0.200260 0.842130 0.075521 0.308333
0 2006 0.144010 0.805556 0.073438 0.270370
0 2007 0.160417 0.769907 0.067708 0.287963
0 2008 0.256510 0.728704 0.044271 0.261111
0 2009 0.305990 0.712037 0.049479 0.279630
0 2010 0.385937 0.695370 0.054167 0.231481
0 2011 0.212760 0.639815 0.052604 0.235185
0 2012 0.202604 0.568981 0.060417 0.199074
0 2013 0.358073 0.619907 0.046354 0.210185
0 2014 0.429427 0.680093 0.052604 0.254630
0 2015 0.543490 0.609722 0.050521 0.221296
0 2016 0.373437 0.506019 0.043750 0.200926
0 2017 0.416406 0.507407 0.040104 0.190741
0 2018 0.685937 0.442593 0.054167 0.198148
0 2019 0.708854 0.419907 0.034375 0.178704
0 2020 0.560417 0.448148 0.050000 0.179630
0 2021 0.540104 0.469907 0.037500 0.162037
0 2022 0.513542 0.467593 0.040625 0.181481
0 2023 0.491927 0.405556 0.029687 0.148148
0 2024 0.492448 0.439352 0.027604 0.162037
0 2025 0.477083 0.441667 0.045833 0.192593
0 2026 0.244271 0.460185 0.035417 0.170370
0 2027 0.312760 0.426852 0.028646 0.131481
0 2028 0.304948 0.421759 0.052604 0.195370
0 2029 0.327083 0.423148 0.032292 0.131481
0 2030 0.392969 0.434259 0.045312 0.174074
0 2031 0.197917 0.511574 0.051042 0.189815
0 2032 0.577865 0.466204 0.038021 0.182407
0 2033 0.316406 0.392593 0.035937 0.146296
0 2034 0.347917 0.384259 0.032292 0.157407
0 2035 0.590104 0.504630 0.048958 0.196296
0 2038 0.453385 0.436111 0.045312 0.161111
0 2039 0.688542 0.510185 0.051042 0.192593
0 2040 0.410156 0.427778 0.038021 0.168519
0 2041 0.344531 0.445370 0.035937 0.162963
0 2042 0.465625 0.404630 0.033333 0.170370
0 2043 0.264583 0.413889 0.045833 0.174074
0 2044 0.504427 0.407407 0.035937 0.179630
0 2045 0.363542 0.333796 0.029167 0.132407
0 2046 0.285417 0.356481 0.034375 0.159259
0 2047 0.389323 0.384722 0.031771 0.171296
0 2048 0.436198 0.334722 0.031771 0.143519
0 2049 0.314844 0.332870 0.029687 0.145370
0 2050 0.298698 0.340278 0.033854 0.149074
0 2051 0.542188 0.413426 0.030208 0.165741
0 2052 0.421875 0.317593 0.027083 0.129630
0 2053 0.405729 0.288426 0.023958 0.121296
0 2054 0.385937 0.325463 0.028125 0.137963
0 2055 0.543490 0.398611 0.035937 0.182407
0 2056 0.488021 0.339815 0.034375 0.142593
0 2057 0.504948 0.329630 0.031771 0.146296
0 2058 0.460677 0.314815 0.031771 0.131481
0 2059 0.492188 0.310185 0.026042 0.109259
0 2060 0.427604 0.281481 0.026042 0.118519
0 2061 0.368490 0.248148 0.027604 0.118519
0 2062 0.558333 0.332870 0.032292 0.156481
0 2063 0.664323 0.354167 0.042188 0.171296
0 2064 0.578125 0.323611 0.030208 0.154630
0 2065 0.475521 0.254630 0.023958 0.124074
0 2066 0.473177 0.236111 0.023438 0.109259
0 2068 0.349219 0.253704 0.027604 0.129630
0 2069 0.441146 0.240278 0.030208 0.106481
0 2075 0.404167 0.256481 0.021875 0.101852
0 2101 0.407552 0.276389 0.027604 0.110185
0 2102 0.352083 0.236574 0.025000 0.106481
0 2104 0.336719 0.243056 0.025521 0.110185
0 2105 0.520833 0.264352 0.021875 0.104630
0 2106 0.407292 0.256481 0.019792 0.090741
0 2107 0.522656 0.367130 0.017188 0.084259
0 2108 0.358594 0.438426 0.038021 0.171296
0 2109 0.612760 0.355556 0.031771 0.135185
0 2110 0.623437 0.348148 0.032292 0.135185
0 2111 0.625781 0.380556 0.029687 0.135185
0 2112 0.527083 0.440741 0.027083 0.122222
0 2113 0.504167 0.443056 0.030208 0.132407
0 2114 0.783073 0.358333 0.029687 0.168519
0 2115 0.367448 0.282407 0.031771 0.129630
0 2116 0.535417 0.324074 0.031250 0.125926
0 2118 0.564583 0.419907 0.034375 0.149074
0 2119 0.327083 0.421759 0.030208 0.137963
