0 1963 0.345833 0.310648 0.022917 0.123148
0 1964 0.327344 0.317593 0.029687 0.140741
0 1972 0.072135 0.955093 0.077604 0.091667
0 1973 0.034896 0.923611 0.065625 0.154630
0 1974 0.895052 0.946759 0.074479 0.106481
0 1975 0.802604 0.946759 0.075000 0.108333
0 1977 0.286979 0.868519 0.078125 0.259259
0 1978 0.068229 0.889815 0.071875 0.218519
0 1981 0.158333 0.862963 0.080208 0.275926
0 1985 0.102604 0.829630 0.051042 0.246296
0 1986 0.234375 0.938889 0.085417 0.122222
0 1994 0.698177 0.461574 0.057813 0.200926
0 1995 0.667188 0.479630 0.047917 0.174074
0 1996 0.710417 0.486111 0.065625 0.209259
0 1998 0.614323 0.379630 0.028646 0.157407
0 2002 0.473698 0.748611 0.067187 0.317593
0 2003 0.403125 0.735648 0.058333 0.302778
0 2004 0.366406 0.806944 0.066146 0.273148
0 2005 0.231250 0.796296 0.067708 0.294444
0 2006 0.182812 0.767593 0.068750 0.264815
0 2007 0.185156 0.723148 0.061979 0.262963
0 2008 0.275521 0.677778 0.038542 0.224074
0 2009 0.317969 0.675926 0.046354 0.268519
0 2010 0.411719 0.650463 0.049479 0.200926
0 2011 0.226823 0.605556 0.052604 0.214815
0 2012 0.196094 0.549537 0.054688 0.193519
0 2013 0.381250 0.586574 0.045833 0.210185
0 2014 0.451562 0.650000 0.052083 0.253704
0 2015 0.543229 0.579630 0.050000 0.212963
0 2016 0.387240 0.488426 0.044271 0.200926
0 2017 0.426823 0.482870 0.040104 0.182407
0 2018 0.626042 0.438426 0.053125 0.191667
0 2019 0.677604 0.404167 0.032292 0.169444
0 2020 0.508333 0.444444 0.042708 0.179630
0 2021 0.499219 0.460185 0.034896 0.162963
0 2022 0.473177 0.455093 0.036979 0.182407
0 2023 0.470313 0.400000 0.029167 0.148148
0 2024 0.457552 0.432870 0.027604 0.162037
0 2025 0.443490 0.431944 0.033854 0.191667
0 2026 0.243229 0.481019 0.035417 0.171296
0 2027 0.329167 0.409722 0.027083 0.125000
0 2028 0.319010 0.409259 0.044271 0.181481
0 2029 0.323177 0.406481 0.032813 0.131481
0 2030 0.415885 0.419444 0.046354 0.164815
0 2031 0.155729 0.508333 0.047917 0.190741
0 2032 0.553906 0.439352 0.033854 0.169444
0 2033 0.308073 0.390741 0.035937 0.146296
0 2034 0.333073 0.381481 0.031771 0.157407
0 2035 0.663542 0.514815 0.047917 0.203704
0 2038 0.426302 0.425926 0.034896 0.157407
0 2039 0.760156 0.525463 0.054688 0.193519
0 2040 0.387500 0.424074 0.037500 0.168519
0 2041 0.322135 0.440741 0.035937 0.162963
0 2042 0.473698 0.383333 0.032813 0.144444
0 2043 0.264583 0.430556 0.045833 0.174074
0 2044 0.531771 0.413426 0.036458 0.182407
0 2045 0.363281 0.327315 0.029687 0.126852
0 2046 0.257292 0.358333 0.033333 0.159259
0 2047 0.366406 0.381019 0.031771 0.171296
0 2048 0.433333 0.326389 0.032292 0.143519
0 2049 0.307812 0.344907 0.030208 0.154630
0 2050 0.297396 0.357407 0.034375 0.148148
0 2051 0.552083 0.407870 0.029167 0.165741
0 2052 0.414062 0.311574 0.027083 0.128704
0 2053 0.400000 0.286111 0.023958 0.120370
0 2054 0.388542 0.315278 0.028125 0.137963
0 2055 0.526823 0.401389 0.035937 0.182407
0 2056 0.486979 0.333333 0.032292 0.140741
0 2057 0.501823 0.325000 0.031771 0.146296
0 2058 0.445573 0.305093 0.029687 0.123148
0 2059 0.486198 0.302778 0.027604 0.109259
0 2060 0.415104 0.280556 0.026042 0.118519
0 2062 0.558594 0.336574 0.031771 0.156481
0 2063 0.730990 0.362037 0.039062 0.170370
0 2064 0.579427 0.324537 0.029687 0.154630
0 2065 0.439323 0.253704 0.023438 0.124074
0 2066 0.470313 0.238889 0.023958 0.107407
0 2069 0.428906 0.242130 0.029687 0.104630
0 2075 0.380208 0.257870 0.023958 0.100926
0 2101 0.389844 0.275000 0.027604 0.109259
0 2105 0.513021 0.264352 0.021875 0.104630
0 2106 0.377865 0.256481 0.019271 0.090741
0 2107 0.524219 0.339815 0.017188 0.079630
0 2108 0.349219 0.436111 0.038021 0.168519
0 2109 0.612760 0.357407 0.031771 0.135185
0 2110 0.624479 0.350000 0.032292 0.135185
0 2111 0.627083 0.381481 0.030208 0.135185
0 2112 0.496615 0.431019 0.026562 0.119444
0 2113 0.450521 0.425463 0.028125 0.132407
0 2114 0.784115 0.359259 0.029687 0.168519
0 2115 0.335417 0.277315 0.029167 0.123148
0 2116 0.539323 0.318981 0.031771 0.126852
0 2118 0.572656 0.415278 0.033854 0.149074
0 2119 0.347135 0.411574 0.029687 0.132407
