0 1963 0.346354 0.309722 0.022917 0.123148
0 1964 0.327865 0.316667 0.029687 0.140741
0 1972 0.067969 0.956944 0.075521 0.087963
0 1973 0.032813 0.925926 0.063542 0.150000
0 1974 0.898177 0.947222 0.076563 0.105556
0 1975 0.807813 0.949537 0.075000 0.102778
0 1977 0.283854 0.871296 0.077083 0.253704
0 1978 0.066146 0.892593 0.071875 0.212963
0 1981 0.155469 0.864352 0.079687 0.273148
0 1985 0.098437 0.832870 0.053125 0.249074
0 1986 0.231510 0.943056 0.083854 0.113889
0 1994 0.703906 0.462963 0.058854 0.201852
0 1995 0.674219 0.479630 0.048438 0.174074
0 1996 0.719271 0.489352 0.072917 0.206481
0 1998 0.618750 0.379167 0.029167 0.156481
0 2002 0.471615 0.752778 0.067187 0.318519
0 2003 0.400781 0.739815 0.058854 0.303704
0 2004 0.363021 0.811111 0.064583 0.274074
0 2005 0.228125 0.800000 0.068750 0.296296
0 2006 0.178125 0.770833 0.068750 0.265741
0 2007 0.182812 0.727315 0.062500 0.265741
0 2008 0.274740 0.682870 0.039062 0.230556
0 2009 0.316927 0.681019 0.046354 0.271296
0 2010 0.410938 0.657870 0.051042 0.208333
0 2011 0.225781 0.608796 0.052604 0.215741
0 2012 0.195833 0.550926 0.056250 0.194444
0 2013 0.379688 0.589352 0.045833 0.210185
0 2014 0.450000 0.653704 0.053125 0.253704
0 2015 0.543750 0.582407 0.050000 0.214815
0 2016 0.386198 0.489352 0.044271 0.200926
0 2017 0.426563 0.484722 0.040625 0.182407
0 2018 0.632812 0.439815 0.054167 0.192593
0 2019 0.680208 0.405556 0.032292 0.170370
0 2020 0.511979 0.445370 0.042708 0.179630
0 2021 0.502865 0.461574 0.035937 0.162037
0 2022 0.475781 0.456019 0.034896 0.184259
0 2023 0.471354 0.400926 0.029167 0.148148
0 2024 0.460156 0.433796 0.027604 0.162037
0 2025 0.446094 0.432407 0.033854 0.192593
0 2026 0.244271 0.479630 0.035417 0.170370
0 2027 0.328125 0.411111 0.027083 0.125926
0 2028 0.317708 0.410648 0.044792 0.182407
0 2029 0.320833 0.407407 0.032292 0.131481
0 2030 0.413802 0.420370 0.046354 0.164815
0 2031 0.157292 0.508796 0.048958 0.189815
0 2032 0.555990 0.440278 0.033854 0.171296
0 2033 0.308594 0.390741 0.035937 0.146296
0 2034 0.334115 0.381481 0.031771 0.157407
0 2035 0.659115 0.515741 0.048438 0.203704
0 2038 0.428385 0.426852 0.034896 0.157407
0 2039 0.754948 0.524074 0.054688 0.192593
0 2040 0.389583 0.424074 0.037500 0.168519
0 2041 0.323698 0.441667 0.035937 0.162963
0 2042 0.472656 0.386111 0.032813 0.150000
0 2043 0.264583 0.429630 0.045833 0.174074
0 2044 0.529427 0.413426 0.035937 0.182407
0 2045 0.363802 0.327778 0.029687 0.125926
0 2046 0.259375 0.358333 0.033333 0.159259
0 2047 0.368750 0.381019 0.031250 0.171296
0 2048 0.434375 0.326389 0.032292 0.143519
0 2049 0.308854 0.344907 0.030208 0.154630
0 2050 0.298438 0.356019 0.034375 0.149074
0 2051 0.551562 0.408796 0.029167 0.165741
0 2052 0.414583 0.311574 0.027083 0.128704
0 2053 0.401042 0.286111 0.023958 0.120370
0 2054 0.388021 0.316204 0.028125 0.137963
0 2055 0.527865 0.402315 0.035937 0.182407
0 2056 0.487500 0.334259 0.032292 0.140741
0 2057 0.501823 0.325926 0.031771 0.146296
0 2058 0.447135 0.306019 0.029687 0.123148
0 2059 0.486198 0.303704 0.027604 0.109259
0 2060 0.416667 0.280556 0.026042 0.118519
0 2062 0.558594 0.335648 0.031771 0.156481
0 2063 0.726823 0.362963 0.042188 0.170370
0 2064 0.579427 0.324537 0.029687 0.154630
0 2065 0.442969 0.253704 0.023438 0.124074
0 2066 0.470313 0.237963 0.023958 0.109259
0 2069 0.429948 0.241204 0.029687 0.104630
0 2075 0.382552 0.257407 0.023438 0.101852
0 2101 0.391406 0.275463 0.027604 0.110185
0 2105 0.513542 0.264352 0.021875 0.104630
0 2106 0.380990 0.257407 0.019271 0.090741
0 2107 0.524219 0.343519 0.017188 0.079630
0 2108 0.350260 0.436574 0.038021 0.167593
0 2109 0.612760 0.356481 0.031771 0.135185
0 2110 0.624479 0.350000 0.032292 0.135185
0 2111 0.627083 0.381481 0.030208 0.135185
0 2112 0.497396 0.431944 0.027083 0.119444
0 2113 0.453385 0.426389 0.028646 0.132407
0 2114 0.784115 0.359259 0.029687 0.168519
0 2115 0.338542 0.277778 0.029167 0.124074
0 2116 0.539323 0.319444 0.031771 0.125926
0 2118 0.572656 0.416204 0.033854 0.149074
0 2119 0.345313 0.412500 0.029167 0.132407
