0 1963 0.343229 0.316204 0.022917 0.123148
0 1964 0.325000 0.320370 0.029167 0.140741
0 1972 0.097396 0.938426 0.082292 0.125000
0 1973 0.050521 0.908333 0.073958 0.183333
0 1974 0.873958 0.926852 0.064583 0.148148
0 1975 0.780208 0.928704 0.075000 0.144444
0 1977 0.298177 0.856481 0.070312 0.287037
0 1978 0.079948 0.868056 0.065104 0.232407
0 1981 0.172396 0.841204 0.077083 0.286111
0 1984 0.935156 0.497685 0.053646 0.195370
0 1985 0.122656 0.803704 0.065104 0.235185
0 1986 0.245312 0.913889 0.089583 0.170370
0 1994 0.665104 0.456019 0.052083 0.195370
0 1995 0.638021 0.472685 0.047917 0.173148
0 1996 0.663281 0.481019 0.057813 0.208333
0 1998 0.588021 0.374074 0.028125 0.148148
0 2002 0.486198 0.722685 0.066146 0.310185
0 2003 0.417187 0.715741 0.058333 0.290741
0 2004 0.382552 0.780093 0.068229 0.265741
0 2005 0.241406 0.770370 0.067187 0.287037
0 2006 0.200000 0.747685 0.060417 0.262037
0 2007 0.197135 0.700000 0.060937 0.248148
0 2008 0.279687 0.652315 0.037500 0.212037
0 2009 0.324740 0.654630 0.046354 0.257407
0 2010 0.427083 0.628704 0.047917 0.196296
0 2011 0.230208 0.589815 0.051042 0.211111
0 2012 0.192448 0.539815 0.052604 0.190741
0 2013 0.388021 0.570833 0.045833 0.210185
0 2014 0.460938 0.628704 0.050000 0.250000
0 2015 0.540104 0.565741 0.047917 0.207407
0 2016 0.393490 0.481019 0.044271 0.200926
0 2017 0.429948 0.477315 0.040104 0.182407
0 2018 0.593750 0.436111 0.057292 0.190741
0 2019 0.660937 0.397685 0.032292 0.165741
0 2020 0.492188 0.437500 0.038542 0.178704
0 2021 0.477604 0.453704 0.030208 0.162963
0 2022 0.457813 0.448611 0.039583 0.178704
0 2023 0.460938 0.389815 0.029167 0.142593
0 2024 0.443490 0.425463 0.026562 0.158333
0 2025 0.427604 0.426389 0.034375 0.187963
0 2026 0.239844 0.492593 0.035937 0.179630
0 2027 0.337500 0.400463 0.026042 0.121296
0 2028 0.323698 0.402315 0.041146 0.182407
0 2029 0.339583 0.402778 0.035417 0.131481
0 2030 0.427344 0.412037 0.043229 0.164815
0 2031 0.146354 0.506019 0.041667 0.195370
0 2032 0.542188 0.433333 0.032292 0.164815
0 2033 0.302344 0.387963 0.035937 0.144444
0 2034 0.324740 0.380556 0.031771 0.157407
0 2035 0.690885 0.520370 0.049479 0.203704
0 2038 0.412500 0.421296 0.032292 0.157407
0 2039 0.791406 0.532407 0.054688 0.198148
0 2040 0.377604 0.417593 0.034375 0.168519
0 2041 0.317448 0.437037 0.032813 0.162963
0 2042 0.466667 0.381019 0.032292 0.139815
0 2043 0.259635 0.439352 0.046354 0.186111
0 2044 0.551302 0.414815 0.039062 0.185185
0 2045 0.361719 0.324074 0.029687 0.125926
0 2046 0.244010 0.356481 0.032813 0.157407
0 2047 0.352344 0.374537 0.031771 0.169444
0 2048 0.432031 0.322685 0.031771 0.143519
0 2049 0.298958 0.344907 0.030208 0.154630
0 2050 0.284375 0.363889 0.034375 0.148148
0 2051 0.553385 0.405093 0.029687 0.165741
0 2052 0.407292 0.307870 0.027083 0.126852
0 2053 0.396354 0.282407 0.023958 0.120370
0 2054 0.387760 0.312037 0.027604 0.137037
0 2055 0.522396 0.396759 0.036458 0.182407
0 2056 0.481771 0.327778 0.032292 0.140741
0 2057 0.502865 0.318519 0.031771 0.146296
0 2058 0.434896 0.300926 0.029167 0.120370
0 2059 0.484635 0.297222 0.027604 0.109259
0 2060 0.405990 0.273611 0.024479 0.115741
0 2062 0.557552 0.336574 0.030729 0.156481
0 2063 0.760417 0.357407 0.048958 0.170370
0 2064 0.580469 0.324537 0.029687 0.154630
0 2065 0.423177 0.253704 0.023438 0.124074
0 2066 0.468750 0.243056 0.025000 0.099074
0 2069 0.424219 0.245833 0.029687 0.104630
0 2075 0.362760 0.256019 0.025521 0.099074
0 2101 0.385156 0.269907 0.025521 0.099074
0 2105 0.507031 0.261574 0.021354 0.104630
0 2106 0.359115 0.256019 0.019271 0.089815
0 2107 0.521615 0.339352 0.017188 0.078704
0 2108 0.340885 0.431019 0.038021 0.167593
0 2109 0.612760 0.358333 0.031771 0.135185
0 2110 0.624479 0.350926 0.032292 0.135185
0 2111 0.626563 0.381481 0.030208 0.135185
0 2112 0.491406 0.427315 0.026562 0.117593
0 2113 0.443750 0.422685 0.029167 0.132407
0 2114 0.784635 0.360185 0.029687 0.168519
0 2115 0.319531 0.272685 0.026562 0.117593
0 2116 0.540104 0.315278 0.030208 0.126852
0 2118 0.574479 0.407870 0.033333 0.149074
0 2119 0.357552 0.400000 0.027604 0.127778
