0 1963 0.345313 0.280556 0.023958 0.112963
0 1964 0.313802 0.281944 0.028646 0.128704
0 1994 0.966406 0.480093 0.056771 0.206481
0 2002 0.402604 0.876852 0.077083 0.248148
0 2003 0.321354 0.873611 0.077083 0.250926
0 2004 0.190365 0.922685 0.065104 0.154630
0 2005 0.090625 0.910648 0.077083 0.176852
0 2006 0.071875 0.887500 0.072917 0.226852
0 2007 0.123698 0.864815 0.076563 0.268519
0 2008 0.202083 0.836574 0.047917 0.284259
0 2009 0.258333 0.835185 0.058333 0.325926
0 2010 0.352344 0.820370 0.060937 0.281481
0 2011 0.155208 0.726852 0.059375 0.268519
0 2012 0.203385 0.648611 0.067187 0.223148
0 2013 0.288021 0.710185 0.052083 0.251852
0 2014 0.371875 0.774537 0.066667 0.280556
0 2015 0.500260 0.700926 0.055729 0.251852
0 2016 0.324479 0.562963 0.051042 0.231481
0 2017 0.381771 0.561574 0.047917 0.215741
0 2018 0.851823 0.465741 0.069271 0.209259
0 2019 0.782031 0.455093 0.049479 0.189815
0 2020 0.722396 0.465741 0.045833 0.190741
0 2021 0.663802 0.484259 0.044271 0.172222
0 2022 0.639323 0.483333 0.054688 0.187037
0 2023 0.604167 0.439815 0.031250 0.185185
0 2024 0.608854 0.460648 0.035417 0.171296
0 2025 0.586979 0.461111 0.046875 0.201852
0 2026 0.208854 0.425463 0.033333 0.156481
0 2027 0.275521 0.466204 0.032292 0.147222
0 2028 0.291146 0.466667 0.046875 0.216667
0 2029 0.314583 0.478704 0.034375 0.137037
0 2030 0.343490 0.487500 0.050521 0.208333
0 2031 0.353646 0.525463 0.060417 0.191667
0 2032 0.534896 0.522222 0.046875 0.218519
0 2033 0.339844 0.403704 0.039062 0.146296
0 2034 0.371354 0.396759 0.035417 0.158333
0 2035 0.465885 0.492130 0.043229 0.195370
0 2036 0.712240 0.528704 0.063021 0.201852
0 2037 0.753646 0.564815 0.053125 0.170370
0 2038 0.534115 0.462037 0.049479 0.175926
0 2039 0.564323 0.490278 0.044271 0.180556
0 2040 0.503385 0.459722 0.047396 0.184259
0 2041 0.423438 0.461111 0.042708 0.170370
0 2042 0.471354 0.422685 0.038542 0.173148
0 2043 0.296094 0.375000 0.044271 0.164815
0 2044 0.404948 0.378241 0.053646 0.167593
0 2045 0.354167 0.349537 0.033333 0.139815
0 2046 0.301302 0.349074 0.034896 0.159259
0 2047 0.421354 0.403241 0.036458 0.171296
0 2048 0.443229 0.356019 0.032292 0.152778
0 2049 0.325260 0.305093 0.029687 0.143519
0 2050 0.311979 0.307407 0.033333 0.137037
0 2051 0.547396 0.427315 0.034375 0.167593
0 2052 0.431250 0.336574 0.028125 0.132407
0 2053 0.411198 0.298148 0.028646 0.122222
0 2054 0.380990 0.348611 0.031771 0.160185
0 2055 0.548958 0.403241 0.036458 0.182407
0 2056 0.510417 0.367130 0.032292 0.165741
0 2057 0.535937 0.347222 0.032292 0.148148
0 2058 0.483073 0.334259 0.031771 0.138889
0 2059 0.506250 0.333333 0.031250 0.131481
0 2060 0.464583 0.296759 0.026042 0.128704
0 2061 0.413542 0.252778 0.028125 0.124074
0 2062 0.551042 0.328704 0.032292 0.157407
0 2063 0.576823 0.342130 0.035937 0.171296
0 2064 0.576042 0.318519 0.026042 0.153704
0 2065 0.535677 0.256481 0.024479 0.124074
0 2066 0.485938 0.237037 0.023958 0.109259
0 2067 0.347396 0.241667 0.025000 0.111111
0 2068 0.379167 0.263426 0.030208 0.128704
0 2069 0.468490 0.243981 0.029687 0.115741
0 2071 0.329167 0.244907 0.021875 0.112037
0 2075 0.434896 0.269907 0.023958 0.100926
0 2101 0.428385 0.289352 0.027604 0.110185
0 2102 0.424479 0.243056 0.023958 0.108333
0 2103 0.354948 0.249074 0.023438 0.107407
0 2104 0.377083 0.253704 0.026042 0.122222
0 2105 0.533073 0.269907 0.021354 0.104630
0 2106 0.453906 0.266204 0.026562 0.089815
0 2107 0.556771 0.378704 0.017708 0.085185
0 2108 0.428906 0.453241 0.040104 0.173148
0 2109 0.613021 0.348611 0.032292 0.137963
0 2110 0.605729 0.341667 0.032292 0.135185
0 2111 0.621354 0.371296 0.030208 0.135185
0 2112 0.629687 0.462963 0.027083 0.129630
0 2113 0.639062 0.466204 0.034375 0.141667
0 2114 0.779687 0.353704 0.030208 0.168519
0 2115 0.382031 0.288426 0.029687 0.128704
0 2116 0.541667 0.339815 0.028125 0.125926
0 2118 0.570052 0.431481 0.030729 0.148148
0 2119 0.288542 0.464352 0.026042 0.143519
