0 2002 0.343229 0.954630 0.070833 0.092593
0 2006 0.018490 0.933796 0.035937 0.134259
0 2007 0.080469 0.912037 0.070312 0.175926
0 2008 0.175781 0.907870 0.056771 0.186111
0 2009 0.217708 0.880093 0.064583 0.241667
0 2010 0.294010 0.899074 0.079687 0.200000
0 2011 0.094010 0.803241 0.067187 0.276852
0 2012 0.189323 0.733796 0.063021 0.250926
0 2013 0.233073 0.798611 0.060937 0.276852
0 2014 0.261198 0.859259 0.069271 0.281481
0 2015 0.496354 0.806019 0.064583 0.289815
0 2016 0.285938 0.614352 0.046875 0.245370
0 2017 0.333073 0.618056 0.055729 0.236111
0 2019 0.887240 0.468981 0.042188 0.195370
0 2020 0.875521 0.490741 0.056250 0.194444
0 2021 0.786458 0.500926 0.052083 0.179630
0 2022 0.759375 0.497222 0.045833 0.201852
0 2023 0.761198 0.450463 0.050521 0.184259
0 2024 0.707292 0.486111 0.043750 0.187037
0 2025 0.697135 0.482870 0.046354 0.210185
0 2027 0.236198 0.514815 0.035937 0.162963
0 2028 0.263802 0.510185 0.057813 0.233333
0 2029 0.300260 0.523611 0.029687 0.137963
0 2030 0.303125 0.529167 0.048958 0.221296
0 2031 0.503385 0.535185 0.055729 0.203704
0 2032 0.460156 0.568519 0.050521 0.231481
0 2033 0.336198 0.424537 0.035937 0.162037
0 2034 0.360938 0.422685 0.036458 0.184259
0 2035 0.382812 0.461574 0.039583 0.182407
0 2036 0.555990 0.500463 0.056771 0.193519
0 2037 0.590365 0.538426 0.041146 0.163889
0 2038 0.648438 0.474074 0.051042 0.174074
0 2039 0.450521 0.460185 0.046875 0.179630
0 2040 0.606510 0.478704 0.048438 0.190741
0 2041 0.519531 0.460185 0.029687 0.168519
0 2042 0.487500 0.443981 0.039583 0.182407
0 2043 0.333333 0.342593 0.032292 0.153704
0 2044 0.281771 0.361574 0.041667 0.162037
0 2045 0.343750 0.365741 0.032292 0.142593
0 2046 0.315104 0.348148 0.028125 0.157407
0 2047 0.435937 0.428241 0.036458 0.176852
0 2048 0.439844 0.370833 0.040104 0.150926
0 2049 0.310937 0.277778 0.027083 0.129630
0 2050 0.316406 0.286111 0.027604 0.118519
0 2051 0.629167 0.450926 0.034375 0.187037
0 2052 0.433854 0.350463 0.029167 0.139815
0 2053 0.406771 0.317130 0.030208 0.143519
0 2054 0.373177 0.357407 0.031771 0.146296
0 2055 0.538802 0.411111 0.036979 0.192593
0 2056 0.594792 0.369444 0.034375 0.157407
0 2057 0.610156 0.360185 0.031771 0.140741
0 2058 0.510938 0.352315 0.034375 0.149074
0 2059 0.530729 0.355093 0.034375 0.149074
0 2060 0.474479 0.312037 0.029167 0.133333
0 2061 0.427083 0.255556 0.026042 0.116667
0 2062 0.533333 0.319907 0.030208 0.139815
0 2063 0.554948 0.324074 0.031771 0.148148
0 2064 0.556510 0.300926 0.025521 0.129630
0 2065 0.549740 0.256019 0.027604 0.110185
0 2066 0.508333 0.237037 0.023958 0.109259
0 2067 0.373437 0.253241 0.027083 0.117593
0 2068 0.388281 0.259722 0.027604 0.115741
0 2069 0.482812 0.243519 0.029167 0.118519
0 2070 0.362500 0.266667 0.029167 0.116667
0 2071 0.345573 0.248148 0.021354 0.107407
0 2075 0.440885 0.272685 0.025521 0.104630
0 2077 0.339062 0.269444 0.023958 0.120370
0 2088 0.025781 0.751852 0.047396 0.275926
0 2101 0.431771 0.312037 0.031250 0.122222
0 2102 0.449479 0.252315 0.027083 0.115741
0 2103 0.393229 0.251389 0.023958 0.104630
0 2104 0.407031 0.262037 0.025521 0.124074
0 2105 0.555990 0.275463 0.021354 0.100926
0 2106 0.469271 0.264352 0.021875 0.078704
0 2107 0.620313 0.391204 0.020833 0.089815
0 2108 0.527604 0.450000 0.035417 0.168519
0 2109 0.612500 0.338889 0.033333 0.140741
0 2110 0.595573 0.335648 0.033854 0.139815
0 2111 0.618229 0.366204 0.029167 0.137963
0 2112 0.772656 0.477315 0.042188 0.137963
0 2113 0.752604 0.483333 0.035417 0.148148
0 2114 0.776042 0.346296 0.032292 0.168519
0 2115 0.382292 0.302778 0.032292 0.127778
0 2116 0.598698 0.363889 0.028646 0.142593
0 2117 0.866927 0.529630 0.061979 0.212963
0 2118 0.621875 0.450926 0.031250 0.168519
0 2119 0.251302 0.512963 0.043229 0.153704
