0 2002 0.345052 0.950463 0.072396 0.100926
0 2006 0.019792 0.931019 0.038542 0.139815
0 2007 0.082031 0.909722 0.072396 0.180556
0 2008 0.177344 0.903704 0.056771 0.194444
0 2009 0.218750 0.877315 0.063542 0.247222
0 2010 0.294271 0.897222 0.085417 0.205556
0 2011 0.095312 0.798611 0.067708 0.276852
0 2012 0.190885 0.730093 0.063021 0.249074
0 2013 0.235156 0.794907 0.059896 0.276852
0 2014 0.265365 0.857407 0.069271 0.285185
0 2015 0.495573 0.800463 0.063021 0.287963
0 2016 0.287240 0.611574 0.047396 0.243519
0 2017 0.334115 0.614815 0.054688 0.235185
0 2019 0.883073 0.468056 0.042188 0.195370
0 2020 0.867708 0.489815 0.056250 0.196296
0 2021 0.780990 0.500926 0.047396 0.179630
0 2022 0.753906 0.496296 0.040104 0.201852
0 2023 0.752604 0.450463 0.054167 0.184259
0 2024 0.702604 0.484259 0.043750 0.187037
0 2025 0.692969 0.481019 0.046354 0.210185
0 2027 0.238281 0.512963 0.035937 0.162963
0 2028 0.263802 0.509259 0.056771 0.233333
0 2029 0.300781 0.521759 0.029687 0.137963
0 2030 0.304167 0.527778 0.048958 0.220370
0 2031 0.493490 0.536574 0.058854 0.200926
0 2032 0.463802 0.566667 0.050521 0.231481
0 2033 0.336719 0.423611 0.035937 0.162037
0 2034 0.361719 0.423611 0.035937 0.186111
0 2035 0.383854 0.463426 0.039583 0.182407
0 2036 0.560417 0.501852 0.056250 0.196296
0 2037 0.596354 0.539815 0.036458 0.164815
0 2038 0.644010 0.474074 0.049479 0.174074
0 2039 0.453906 0.462037 0.046354 0.179630
0 2040 0.601823 0.478241 0.050521 0.189815
0 2041 0.517188 0.460185 0.030208 0.168519
0 2042 0.486979 0.443981 0.039583 0.182407
0 2043 0.332813 0.343519 0.032292 0.153704
0 2044 0.285417 0.362500 0.044792 0.162037
0 2045 0.344271 0.365741 0.032292 0.142593
0 2046 0.314063 0.348148 0.028125 0.157407
0 2047 0.434896 0.427315 0.036458 0.176852
0 2048 0.439323 0.369907 0.040104 0.150926
0 2049 0.312500 0.278704 0.027083 0.129630
0 2050 0.316406 0.285185 0.027604 0.118519
0 2051 0.623437 0.450926 0.034375 0.187037
0 2052 0.433333 0.348611 0.029167 0.139815
0 2053 0.407031 0.316667 0.029687 0.142593
0 2054 0.373698 0.357407 0.031771 0.146296
0 2055 0.538802 0.410185 0.036979 0.192593
0 2056 0.591667 0.369444 0.034375 0.157407
0 2057 0.604948 0.358333 0.031771 0.140741
0 2058 0.509375 0.352778 0.034375 0.148148
0 2059 0.528646 0.355093 0.034375 0.149074
0 2060 0.474479 0.311111 0.029167 0.133333
0 2061 0.426563 0.255556 0.026042 0.116667
0 2062 0.534375 0.319907 0.030208 0.139815
0 2063 0.555469 0.324074 0.031771 0.148148
0 2064 0.557552 0.301389 0.025521 0.130556
0 2065 0.549219 0.255093 0.027604 0.110185
0 2066 0.507812 0.237037 0.023958 0.109259
0 2067 0.372396 0.253241 0.027083 0.117593
0 2068 0.387760 0.259722 0.027604 0.115741
0 2069 0.482292 0.243519 0.029167 0.118519
0 2070 0.359896 0.266667 0.029167 0.114815
0 2071 0.345573 0.247222 0.021354 0.107407
0 2075 0.440365 0.271759 0.025521 0.104630
0 2077 0.338021 0.269444 0.023958 0.120370
0 2088 0.023698 0.756481 0.045312 0.277778
0 2101 0.431771 0.310648 0.031250 0.121296
0 2102 0.448958 0.251852 0.027083 0.114815
0 2103 0.391406 0.250926 0.023438 0.105556
0 2104 0.406510 0.262037 0.025521 0.124074
0 2105 0.554948 0.275463 0.021354 0.100926
0 2106 0.469271 0.263426 0.021875 0.078704
0 2107 0.616927 0.390278 0.020313 0.089815
0 2108 0.523438 0.450000 0.035417 0.168519
0 2109 0.616667 0.340741 0.033333 0.140741
0 2110 0.595573 0.336574 0.033854 0.139815
0 2111 0.618229 0.366204 0.029167 0.137963
0 2112 0.764062 0.475926 0.043750 0.137037
0 2113 0.747917 0.482407 0.035417 0.148148
0 2114 0.776563 0.346296 0.032292 0.168519
0 2115 0.382552 0.301389 0.031771 0.126852
0 2116 0.596094 0.363426 0.028646 0.141667
0 2117 0.876042 0.530556 0.057292 0.212963
0 2118 0.617969 0.450000 0.031771 0.168519
0 2119 0.253125 0.511111 0.042708 0.151852
