0 2006 0.011719 0.956019 0.022396 0.087963
0 2007 0.066146 0.942593 0.081250 0.116667
0 2008 0.159635 0.949074 0.060937 0.103704
0 2009 0.201563 0.917593 0.078125 0.166667
0 2010 0.281510 0.943056 0.079687 0.115741
0 2011 0.070312 0.850926 0.072917 0.275926
0 2012 0.178125 0.794444 0.072917 0.277778
0 2013 0.245833 0.853704 0.061458 0.274074
0 2014 0.241146 0.888889 0.069792 0.224074
0 2015 0.536719 0.860185 0.071354 0.279630
0 2016 0.259115 0.646759 0.048438 0.262037
0 2017 0.311979 0.650000 0.056250 0.251852
0 2021 0.847135 0.506019 0.042188 0.182407
0 2022 0.827083 0.502778 0.050000 0.205556
0 2023 0.854167 0.472685 0.044792 0.184259
0 2024 0.763281 0.499074 0.048438 0.187037
0 2025 0.754427 0.489352 0.043229 0.217593
0 2027 0.215104 0.541204 0.035417 0.171296
0 2028 0.257031 0.529167 0.057813 0.234259
0 2029 0.293750 0.550926 0.033333 0.155556
0 2030 0.294531 0.557407 0.048438 0.229630
0 2031 0.588802 0.536111 0.052604 0.203704
0 2032 0.430208 0.597685 0.054167 0.245370
0 2033 0.321615 0.432870 0.035937 0.162037
0 2034 0.351042 0.425463 0.036458 0.178704
0 2035 0.372656 0.445833 0.040104 0.182407
0 2036 0.483854 0.484259 0.050000 0.190741
0 2037 0.520052 0.522685 0.035937 0.156481
0 2038 0.716146 0.481019 0.046875 0.178704
0 2039 0.415625 0.446296 0.042708 0.179630
0 2040 0.667188 0.490741 0.055208 0.201852
0 2041 0.567448 0.461111 0.046354 0.168519
0 2042 0.496094 0.454167 0.040104 0.182407
0 2043 0.344792 0.331019 0.032292 0.154630
0 2044 0.252344 0.353241 0.034896 0.162037
0 2045 0.329167 0.372685 0.032292 0.143519
0 2046 0.345313 0.348148 0.028125 0.157407
0 2047 0.451302 0.436111 0.035937 0.185185
0 2048 0.448698 0.378241 0.040104 0.150926
0 2050 0.305729 0.272222 0.028125 0.118519
0 2051 0.698958 0.455093 0.036458 0.193519
0 2052 0.441146 0.364352 0.029167 0.145370
0 2053 0.401823 0.325463 0.029687 0.143519
0 2054 0.365365 0.362963 0.031771 0.146296
0 2055 0.538281 0.413889 0.039062 0.192593
0 2056 0.653646 0.371296 0.034375 0.162963
0 2057 0.648438 0.372222 0.032292 0.140741
0 2058 0.530208 0.351389 0.032292 0.149074
0 2059 0.565104 0.361574 0.034375 0.149074
0 2060 0.474219 0.319444 0.029687 0.135185
0 2061 0.433333 0.259259 0.026042 0.120370
0 2062 0.521354 0.326852 0.030208 0.144444
0 2063 0.546094 0.327778 0.031771 0.155556
0 2064 0.528906 0.300463 0.025521 0.128704
0 2065 0.547656 0.252315 0.027604 0.110185
0 2066 0.516406 0.242593 0.023438 0.109259
0 2067 0.373958 0.256019 0.027083 0.117593
0 2068 0.399219 0.265741 0.028646 0.120370
0 2069 0.491406 0.246296 0.029687 0.118519
0 2070 0.381510 0.273148 0.030729 0.120370
0 2071 0.345833 0.253704 0.021875 0.107407
0 2073 0.223698 0.328704 0.023438 0.155556
0 2075 0.445573 0.277315 0.025521 0.104630
0 2077 0.347135 0.271759 0.027604 0.128704
0 2088 0.053125 0.706019 0.055208 0.256481
0 2101 0.432292 0.323148 0.032292 0.129630
0 2102 0.456250 0.261111 0.028125 0.125926
0 2103 0.394271 0.259259 0.023958 0.109259
0 2104 0.415365 0.264815 0.025521 0.124074
0 2105 0.568490 0.283333 0.024479 0.107407
0 2106 0.468750 0.269444 0.020833 0.083333
0 2107 0.664583 0.405093 0.022917 0.093519
0 2108 0.572917 0.454630 0.036458 0.174074
0 2109 0.594010 0.331481 0.033854 0.140741
0 2110 0.594792 0.331481 0.033333 0.135185
0 2111 0.614062 0.360185 0.029167 0.135185
0 2112 0.858333 0.493519 0.036458 0.151852
0 2113 0.840625 0.492130 0.035417 0.149074
0 2114 0.771615 0.346296 0.031771 0.168519
0 2115 0.379167 0.318519 0.031250 0.142593
0 2116 0.629427 0.376852 0.028646 0.151852
0 2117 0.755729 0.518056 0.054167 0.215741
0 2118 0.684635 0.456481 0.031771 0.174074
0 2119 0.227865 0.537963 0.049479 0.172222
