0 1963 0.330208 0.277778 0.023958 0.112963
0 2002 0.383073 0.890741 0.088021 0.220370
0 2003 0.307031 0.898148 0.071354 0.201852
0 2004 0.143750 0.939815 0.061458 0.122222
0 2005 0.048958 0.924537 0.073958 0.150926
0 2006 0.054427 0.901389 0.070312 0.197222
0 2007 0.105729 0.881019 0.084375 0.239815
0 2008 0.191406 0.858333 0.050521 0.268519
0 2009 0.241927 0.849537 0.054688 0.302778
0 2010 0.340104 0.853704 0.064583 0.272222
0 2011 0.135677 0.740741 0.064062 0.259259
0 2012 0.198698 0.678241 0.057813 0.236111
0 2013 0.271354 0.732870 0.062500 0.263889
0 2014 0.344792 0.798611 0.068750 0.289815
0 2015 0.491667 0.725926 0.053125 0.261111
0 2016 0.310417 0.577315 0.051042 0.226852
0 2017 0.371094 0.577778 0.050521 0.225926
0 2018 0.896354 0.470370 0.059375 0.214815
0 2019 0.809375 0.456481 0.038542 0.190741
0 2020 0.761719 0.471759 0.063021 0.189815
0 2021 0.697656 0.489352 0.038021 0.178704
0 2022 0.666667 0.484259 0.037500 0.188889
0 2023 0.644531 0.450926 0.046354 0.201852
0 2024 0.633073 0.469907 0.040104 0.171296
0 2025 0.616146 0.471759 0.042708 0.210185
0 2026 0.191667 0.417593 0.033333 0.153704
0 2027 0.265885 0.475463 0.034896 0.150926
0 2028 0.284115 0.476389 0.046354 0.215741
0 2029 0.313021 0.493519 0.031250 0.137037
0 2030 0.330469 0.500926 0.044271 0.212963
0 2031 0.395052 0.527778 0.045312 0.198148
0 2032 0.516406 0.535648 0.046354 0.215741
0 2033 0.341406 0.410648 0.038021 0.152778
0 2034 0.372135 0.403704 0.036979 0.164815
0 2035 0.441667 0.481019 0.041667 0.193519
0 2036 0.648177 0.520370 0.053646 0.201852
0 2037 0.705990 0.561111 0.056771 0.162963
0 2038 0.565104 0.464815 0.039583 0.174074
0 2039 0.531250 0.482870 0.036458 0.178704
0 2040 0.529687 0.463889 0.040625 0.188889
0 2041 0.451042 0.460648 0.034375 0.167593
0 2042 0.479687 0.432407 0.037500 0.181481
0 2043 0.310937 0.362500 0.038542 0.158333
0 2044 0.358594 0.376389 0.039062 0.162037
0 2045 0.352604 0.354630 0.034375 0.142593
0 2046 0.301823 0.343056 0.027604 0.149074
0 2047 0.425000 0.411574 0.035417 0.167593
0 2048 0.446615 0.356019 0.040104 0.139815
0 2049 0.329948 0.294444 0.027604 0.133333
0 2050 0.317448 0.299537 0.028646 0.130556
0 2051 0.559896 0.441667 0.034375 0.185185
0 2052 0.431771 0.339815 0.027083 0.133333
0 2053 0.406771 0.307407 0.029167 0.133333
0 2054 0.379427 0.348148 0.031771 0.150000
0 2055 0.545052 0.406481 0.035937 0.187037
0 2056 0.528646 0.372685 0.034375 0.158333
0 2057 0.550521 0.349537 0.032292 0.145370
0 2058 0.488281 0.337500 0.028646 0.139815
0 2059 0.511979 0.347222 0.033333 0.144444
0 2060 0.468490 0.300463 0.023438 0.132407
0 2061 0.417708 0.253241 0.027083 0.119444
0 2062 0.547656 0.326389 0.031771 0.152778
0 2063 0.566927 0.333333 0.033854 0.159259
0 2064 0.571354 0.313889 0.026042 0.148148
0 2065 0.544010 0.254630 0.026562 0.114815
0 2066 0.493229 0.237963 0.023958 0.111111
0 2067 0.358594 0.245370 0.026562 0.114815
0 2068 0.380729 0.260185 0.029167 0.122222
0 2069 0.472135 0.242593 0.029687 0.116667
0 2070 0.317448 0.264815 0.027604 0.114815
0 2071 0.335417 0.244907 0.021875 0.112037
0 2075 0.436198 0.269444 0.024479 0.101852
0 2101 0.430208 0.294907 0.028125 0.112037
0 2102 0.432292 0.246296 0.025000 0.109259
0 2103 0.365625 0.250000 0.023958 0.107407
0 2104 0.388021 0.256019 0.026042 0.117593
0 2105 0.538802 0.271759 0.021354 0.102778
0 2106 0.459115 0.265278 0.025521 0.086111
0 2107 0.564063 0.377778 0.018750 0.087037
0 2108 0.457552 0.451852 0.038021 0.170370
0 2109 0.613802 0.345833 0.031771 0.139815
0 2110 0.601562 0.340741 0.032292 0.137037
0 2111 0.619792 0.367593 0.030208 0.137037
0 2112 0.668490 0.464352 0.033854 0.137963
0 2113 0.672917 0.471296 0.035417 0.146296
0 2114 0.778906 0.350926 0.030729 0.168519
0 2115 0.381771 0.290741 0.031250 0.124074
0 2116 0.555208 0.346296 0.028125 0.129630
0 2118 0.576562 0.438426 0.031250 0.162037
0 2119 0.276042 0.475000 0.033333 0.144444
