0 1963 0.331250 0.277778 0.023958 0.112963
0 2002 0.384115 0.889815 0.086979 0.222222
0 2003 0.309115 0.896759 0.069271 0.204630
0 2004 0.147135 0.938889 0.061979 0.124074
0 2005 0.052604 0.923611 0.073958 0.152778
0 2006 0.055990 0.900463 0.070312 0.199074
0 2007 0.106771 0.880556 0.084375 0.240741
0 2008 0.192448 0.856944 0.050521 0.269444
0 2009 0.243229 0.848148 0.055208 0.305556
0 2010 0.341146 0.851852 0.064583 0.274074
0 2011 0.137240 0.740278 0.064062 0.260185
0 2012 0.199219 0.675926 0.058854 0.235185
0 2013 0.272396 0.731481 0.061458 0.262963
0 2014 0.346875 0.797222 0.068750 0.288889
0 2015 0.492188 0.724074 0.053125 0.261111
0 2016 0.311198 0.575926 0.051562 0.227778
0 2017 0.372396 0.576852 0.050000 0.225926
0 2018 0.894271 0.469444 0.059375 0.214815
0 2019 0.807292 0.456019 0.038542 0.189815
0 2020 0.759375 0.471296 0.059375 0.188889
0 2021 0.696094 0.488426 0.036979 0.178704
0 2022 0.664062 0.484259 0.037500 0.190741
0 2023 0.641406 0.450926 0.046354 0.201852
0 2024 0.631510 0.468981 0.040104 0.171296
0 2025 0.613542 0.470833 0.043750 0.210185
0 2026 0.193229 0.418519 0.033333 0.153704
0 2027 0.266406 0.475000 0.034896 0.150000
0 2028 0.284896 0.475463 0.045833 0.215741
0 2029 0.313021 0.491667 0.031250 0.137037
0 2030 0.331250 0.500000 0.044792 0.212963
0 2031 0.392448 0.526852 0.042188 0.198148
0 2032 0.517708 0.534722 0.046875 0.215741
0 2033 0.341406 0.409722 0.038021 0.152778
0 2034 0.372396 0.403704 0.037500 0.164815
0 2035 0.443490 0.481944 0.042188 0.193519
0 2036 0.651563 0.520833 0.054167 0.200926
0 2037 0.709635 0.561111 0.052604 0.162963
0 2038 0.563021 0.464815 0.040625 0.174074
0 2039 0.533854 0.482407 0.036458 0.179630
0 2040 0.527865 0.463426 0.041146 0.187963
0 2041 0.448437 0.461574 0.034375 0.167593
0 2042 0.479167 0.431481 0.037500 0.181481
0 2043 0.309896 0.363426 0.038542 0.158333
0 2044 0.361198 0.377315 0.040104 0.162037
0 2045 0.352865 0.354167 0.034896 0.141667
0 2046 0.301563 0.343519 0.028125 0.150000
0 2047 0.425521 0.411574 0.035417 0.167593
0 2048 0.446094 0.356019 0.039062 0.141667
0 2049 0.329688 0.294907 0.028125 0.134259
0 2050 0.317188 0.300463 0.029167 0.130556
0 2051 0.558854 0.440741 0.034375 0.183333
0 2052 0.431771 0.339815 0.027083 0.133333
0 2053 0.406771 0.306481 0.029167 0.133333
0 2054 0.379688 0.348148 0.032292 0.150000
0 2055 0.545312 0.406019 0.036458 0.186111
0 2056 0.527083 0.372222 0.034375 0.159259
0 2057 0.549479 0.349074 0.032292 0.146296
0 2058 0.487760 0.337500 0.028646 0.139815
0 2059 0.511458 0.346759 0.033333 0.143519
0 2060 0.468490 0.300463 0.023438 0.132407
0 2061 0.417448 0.253241 0.027604 0.121296
0 2062 0.547656 0.326852 0.031771 0.153704
0 2063 0.567708 0.334259 0.033333 0.159259
0 2064 0.571875 0.314352 0.026042 0.149074
0 2065 0.543490 0.255093 0.026562 0.115741
0 2066 0.492708 0.237963 0.023958 0.111111
0 2067 0.357812 0.245370 0.026042 0.114815
0 2068 0.380729 0.260648 0.029167 0.123148
0 2069 0.471615 0.242593 0.029687 0.116667
0 2070 0.316667 0.264815 0.027083 0.114815
0 2071 0.334896 0.244907 0.021875 0.112037
0 2075 0.436198 0.269444 0.024479 0.101852
0 2101 0.430208 0.294907 0.028125 0.112037
0 2102 0.431771 0.245370 0.025000 0.109259
0 2103 0.364844 0.250000 0.023438 0.107407
0 2104 0.387240 0.255556 0.025521 0.118519
0 2105 0.538281 0.271759 0.021354 0.102778
0 2106 0.458854 0.265741 0.025000 0.087037
0 2107 0.563542 0.377778 0.018750 0.087037
0 2108 0.455469 0.451852 0.038021 0.170370
0 2109 0.613802 0.346296 0.031771 0.138889
0 2110 0.601823 0.340741 0.031771 0.137037
0 2111 0.619792 0.367593 0.030208 0.137037
0 2112 0.665625 0.464352 0.033333 0.137963
0 2113 0.670312 0.471296 0.035417 0.146296
0 2114 0.778906 0.351852 0.030729 0.168519
0 2115 0.381771 0.290741 0.031250 0.124074
0 2116 0.554167 0.345833 0.028125 0.128704
0 2118 0.576042 0.437500 0.031250 0.160185
0 2119 0.277083 0.474074 0.032292 0.144444
