0 2011 0.019531 0.930556 0.038021 0.140741
0 2012 0.141927 0.893056 0.090104 0.215741
0 2013 0.352865 0.935648 0.075521 0.130556
0 2015 0.674479 0.943519 0.069792 0.114815
0 2016 0.194531 0.754167 0.058854 0.297222
0 2017 0.264583 0.749537 0.066667 0.280556
0 2025 0.913542 0.510648 0.050000 0.223148
0 2027 0.208594 0.622222 0.040104 0.183333
0 2028 0.296354 0.621296 0.060417 0.262963
0 2029 0.323437 0.639352 0.045833 0.193519
0 2030 0.253646 0.629630 0.059375 0.231481
0 2031 0.793229 0.537963 0.050000 0.203704
0 2032 0.370833 0.680093 0.062500 0.273148
0 2033 0.280208 0.464815 0.036458 0.162963
0 2034 0.309115 0.467130 0.035937 0.193519
0 2035 0.380990 0.427315 0.040104 0.180556
0 2036 0.386198 0.464352 0.045312 0.187963
0 2037 0.406250 0.502315 0.034375 0.156481
0 2039 0.382292 0.408796 0.039583 0.156481
0 2040 0.853906 0.503241 0.056771 0.200926
0 2041 0.705990 0.477778 0.048438 0.179630
0 2042 0.477083 0.511111 0.044792 0.212963
0 2043 0.377865 0.293519 0.031771 0.140741
0 2044 0.152344 0.349074 0.035937 0.162963
0 2045 0.286719 0.406481 0.035937 0.142593
0 2046 0.438802 0.374537 0.029687 0.165741
0 2047 0.460938 0.484722 0.040625 0.197222
0 2048 0.472917 0.425926 0.040625 0.179630
0 2051 0.888281 0.474074 0.046354 0.198148
0 2052 0.463542 0.396296 0.030208 0.148148
0 2053 0.403125 0.355093 0.030208 0.150926
0 2054 0.323437 0.406019 0.035417 0.165741
0 2055 0.538021 0.421296 0.043750 0.190741
0 2056 0.721875 0.426852 0.037500 0.181481
0 2057 0.728125 0.410648 0.029167 0.182407
0 2058 0.527604 0.387037 0.034375 0.153704
0 2059 0.669271 0.398148 0.038542 0.164815
0 2060 0.469271 0.339352 0.029167 0.139815
0 2061 0.450781 0.276389 0.025521 0.121296
0 2062 0.513281 0.350000 0.039062 0.164815
0 2063 0.559635 0.344444 0.035937 0.168519
0 2064 0.501563 0.335648 0.037500 0.165741
0 2065 0.533594 0.254167 0.025521 0.110185
0 2066 0.525260 0.253704 0.023438 0.109259
0 2067 0.372396 0.271296 0.027083 0.118519
0 2068 0.435677 0.285648 0.035937 0.128704
0 2069 0.503385 0.261111 0.029687 0.118519
0 2070 0.384896 0.293519 0.032292 0.131481
0 2071 0.358333 0.263426 0.022917 0.110185
0 2072 0.390625 0.243519 0.026042 0.118519
0 2073 0.293229 0.345370 0.035417 0.162963
0 2075 0.461458 0.295370 0.025000 0.112963
0 2077 0.342187 0.300463 0.030208 0.143519
0 2085 0.397917 0.237500 0.023958 0.100926
0 2088 0.096875 0.624537 0.052083 0.232407
0 2101 0.431771 0.349074 0.031250 0.146296
0 2102 0.482031 0.281019 0.027604 0.126852
0 2103 0.390365 0.281944 0.023438 0.119444
0 2104 0.419531 0.277778 0.025521 0.124074
0 2105 0.633854 0.293056 0.027083 0.117593
0 2106 0.480729 0.296296 0.023958 0.092593
0 2107 0.749479 0.446296 0.029167 0.103704
0 2108 0.707812 0.466204 0.045833 0.180556
0 2109 0.589323 0.335185 0.031771 0.140741
0 2110 0.564844 0.331481 0.032813 0.133333
0 2111 0.612760 0.360185 0.029687 0.135185
0 2115 0.358854 0.350000 0.031250 0.155556
0 2116 0.689063 0.411574 0.033333 0.171296
0 2117 0.574219 0.487963 0.048438 0.201852
0 2118 0.867708 0.477315 0.039583 0.173148
0 2119 0.222656 0.624074 0.055729 0.198148
