0 2007 0.025260 0.960648 0.047396 0.080556
0 2009 0.187500 0.963426 0.068750 0.075000
0 2011 0.038281 0.887037 0.070312 0.227778
0 2012 0.160156 0.856019 0.088021 0.284259
0 2013 0.282813 0.891667 0.068750 0.214815
0 2014 0.248958 0.925926 0.080208 0.148148
0 2015 0.610677 0.899074 0.075521 0.203704
0 2016 0.228646 0.693981 0.053125 0.271296
0 2017 0.291146 0.697685 0.065625 0.262037
0 2024 0.828646 0.506019 0.032292 0.187963
0 2025 0.832812 0.501852 0.041667 0.225926
0 2027 0.206771 0.578241 0.037500 0.178704
0 2028 0.256250 0.568519 0.063542 0.246296
0 2029 0.302604 0.604630 0.046875 0.201852
0 2030 0.282292 0.588889 0.068750 0.229630
0 2031 0.688542 0.533796 0.051042 0.204630
0 2032 0.394010 0.634259 0.057813 0.259259
0 2033 0.297396 0.444444 0.036458 0.162963
0 2034 0.326042 0.442130 0.036458 0.191667
0 2035 0.376563 0.435648 0.039583 0.182407
0 2036 0.426302 0.468981 0.050521 0.187963
0 2037 0.453385 0.506019 0.031771 0.156481
0 2038 0.806771 0.488889 0.043750 0.183333
0 2039 0.396875 0.425926 0.039583 0.174074
0 2040 0.751563 0.500926 0.064583 0.201852
0 2041 0.629948 0.468519 0.043229 0.181481
0 2042 0.492188 0.482407 0.039583 0.201852
0 2043 0.357292 0.307870 0.032292 0.147222
0 2044 0.217188 0.342593 0.036458 0.162963
0 2045 0.304948 0.387037 0.034896 0.142593
0 2046 0.390885 0.353704 0.029687 0.157407
0 2047 0.469531 0.456481 0.041146 0.188889
0 2048 0.458073 0.397685 0.040104 0.162037
0 2051 0.789323 0.465741 0.047396 0.198148
0 2052 0.458594 0.378704 0.030729 0.148148
0 2053 0.404167 0.336111 0.030208 0.146296
0 2054 0.346615 0.383333 0.031771 0.168519
0 2055 0.538021 0.417130 0.041667 0.191667
0 2056 0.697656 0.406019 0.034896 0.176852
0 2057 0.700521 0.387037 0.031250 0.170370
0 2058 0.534896 0.364352 0.032292 0.149074
0 2059 0.615104 0.374537 0.034375 0.149074
0 2060 0.473698 0.329167 0.029687 0.139815
0 2061 0.439844 0.264352 0.025521 0.121296
0 2062 0.509375 0.336574 0.042708 0.160185
0 2063 0.552604 0.332870 0.036458 0.163889
0 2064 0.503646 0.319907 0.037500 0.156481
0 2065 0.543229 0.251389 0.026042 0.110185
0 2066 0.522135 0.245370 0.023438 0.109259
0 2067 0.376563 0.259259 0.027083 0.118519
0 2068 0.419531 0.275463 0.031771 0.128704
0 2069 0.500521 0.249074 0.030208 0.118519
0 2070 0.392969 0.283796 0.034896 0.132407
0 2071 0.352604 0.257407 0.021875 0.107407
0 2072 0.359635 0.236574 0.028646 0.117593
0 2073 0.257292 0.336574 0.039583 0.162037
0 2075 0.451562 0.287037 0.025000 0.112963
0 2077 0.343229 0.292130 0.029167 0.147222
0 2085 0.367448 0.238426 0.023438 0.099074
0 2088 0.073958 0.659259 0.054167 0.246296
0 2101 0.432031 0.336111 0.031771 0.138889
0 2102 0.468490 0.268519 0.027604 0.125926
0 2103 0.395313 0.268981 0.023958 0.113889
0 2104 0.420573 0.270370 0.025521 0.124074
0 2105 0.594271 0.288426 0.027083 0.117593
0 2106 0.471354 0.276852 0.020833 0.085185
0 2107 0.715104 0.425926 0.023958 0.096296
0 2108 0.639583 0.457870 0.045833 0.176852
0 2109 0.596354 0.329630 0.034375 0.140741
0 2110 0.582292 0.332407 0.033333 0.135185
0 2111 0.613802 0.360185 0.029687 0.135185
0 2113 0.941146 0.506481 0.038542 0.159259
0 2115 0.371875 0.327778 0.031250 0.148148
0 2116 0.665365 0.391667 0.028646 0.161111
0 2117 0.655990 0.502315 0.059896 0.210185
0 2118 0.763802 0.461111 0.035937 0.172222
0 2119 0.222396 0.568056 0.055208 0.171296
