0 2011 0.027865 0.906019 0.054688 0.189815
0 2012 0.151302 0.875000 0.083854 0.248148
0 2013 0.319271 0.915741 0.075000 0.170370
0 2014 0.246875 0.953241 0.084375 0.095370
0 2015 0.646094 0.922685 0.075521 0.156481
0 2016 0.209896 0.720370 0.055208 0.281481
0 2017 0.272135 0.723148 0.060937 0.274074
0 2024 0.876042 0.512037 0.032292 0.187037
0 2025 0.878125 0.509722 0.055208 0.223148
0 2027 0.203385 0.599537 0.040104 0.178704
0 2028 0.277865 0.589352 0.061979 0.245370
0 2029 0.305208 0.622222 0.031250 0.196296
0 2030 0.267188 0.610648 0.059375 0.228704
0 2031 0.751823 0.538889 0.048438 0.205556
0 2032 0.380990 0.652778 0.060937 0.264815
0 2033 0.285677 0.454630 0.035937 0.162963
0 2034 0.316406 0.453241 0.035937 0.193519
0 2035 0.380729 0.431944 0.039583 0.182407
0 2036 0.401823 0.466204 0.050521 0.187963
0 2037 0.424219 0.503241 0.033854 0.156481
0 2038 0.858073 0.497222 0.049479 0.187037
0 2039 0.388542 0.414815 0.039583 0.162963
0 2040 0.808854 0.503241 0.057292 0.204630
0 2041 0.672917 0.475000 0.046875 0.179630
0 2042 0.485677 0.499074 0.044271 0.203704
0 2043 0.367708 0.297222 0.032292 0.140741
0 2044 0.173698 0.339815 0.035937 0.162963
0 2045 0.295052 0.398148 0.035937 0.142593
0 2046 0.419792 0.366667 0.029167 0.164815
0 2047 0.470833 0.472685 0.040625 0.195370
0 2048 0.464844 0.412963 0.040104 0.174074
0 2051 0.845833 0.472222 0.042708 0.198148
0 2052 0.465104 0.386111 0.033333 0.148148
0 2053 0.402344 0.344444 0.029687 0.146296
0 2054 0.334375 0.395833 0.034375 0.171296
0 2055 0.538021 0.419444 0.042708 0.190741
0 2056 0.714844 0.421759 0.036979 0.180556
0 2057 0.714323 0.401389 0.028646 0.182407
0 2058 0.533333 0.374537 0.032292 0.149074
0 2059 0.652865 0.387963 0.033854 0.159259
0 2060 0.472656 0.334722 0.029687 0.139815
0 2061 0.445573 0.269907 0.025521 0.121296
0 2062 0.512760 0.345370 0.042188 0.161111
0 2063 0.557031 0.339815 0.035937 0.168519
0 2064 0.501042 0.329167 0.037500 0.162037
0 2065 0.538802 0.252315 0.025521 0.110185
0 2066 0.523698 0.249074 0.023438 0.109259
0 2067 0.374479 0.264815 0.027083 0.118519
0 2068 0.431771 0.281944 0.037500 0.128704
0 2069 0.502865 0.254630 0.029687 0.118519
0 2070 0.391406 0.288889 0.032813 0.131481
0 2071 0.356771 0.259259 0.021875 0.107407
0 2072 0.377604 0.239815 0.026042 0.118519
0 2073 0.277083 0.339352 0.037500 0.162037
0 2075 0.456250 0.289815 0.025000 0.112963
0 2077 0.342448 0.296759 0.029687 0.145370
0 2085 0.384896 0.236574 0.023958 0.100926
0 2088 0.085677 0.639352 0.052604 0.241667
0 2101 0.431771 0.343056 0.031250 0.143519
0 2102 0.476302 0.275463 0.027604 0.126852
0 2103 0.394792 0.275463 0.022917 0.117593
0 2104 0.420573 0.273148 0.025521 0.124074
0 2105 0.616146 0.292130 0.027083 0.117593
0 2106 0.476562 0.287500 0.022917 0.089815
0 2107 0.737500 0.425463 0.030208 0.099074
0 2108 0.677083 0.463426 0.045833 0.176852
0 2109 0.592448 0.332407 0.032813 0.140741
0 2110 0.574479 0.332407 0.033333 0.135185
0 2111 0.613542 0.360185 0.030208 0.135185
0 2115 0.365625 0.335185 0.031250 0.150000
0 2116 0.681771 0.401389 0.030208 0.167593
0 2117 0.609635 0.494444 0.044271 0.205556
0 2118 0.818229 0.471759 0.035417 0.175000
0 2119 0.218490 0.602315 0.055729 0.189815
