0 2012 0.117708 0.920370 0.082292 0.159259
0 2013 0.404427 0.968981 0.059896 0.060185
0 2015 0.743750 0.981019 0.036458 0.039815
0 2016 0.158073 0.799074 0.066146 0.305556
0 2017 0.242708 0.792130 0.070833 0.297222
0 2027 0.225260 0.661111 0.040104 0.196296
0 2028 0.302865 0.648148 0.068229 0.281481
0 2029 0.344531 0.675926 0.046354 0.196296
0 2030 0.227083 0.681019 0.060417 0.276852
0 2031 0.849740 0.535185 0.059896 0.203704
0 2032 0.353646 0.718519 0.062500 0.279630
0 2033 0.273698 0.484722 0.035937 0.176852
0 2034 0.301302 0.473148 0.035937 0.187037
0 2035 0.380990 0.417593 0.040104 0.179630
0 2036 0.359896 0.461574 0.040625 0.187963
0 2037 0.391146 0.490278 0.033333 0.156481
0 2039 0.376302 0.402315 0.040104 0.156481
0 2041 0.747656 0.487037 0.048438 0.181481
0 2042 0.463021 0.534722 0.044792 0.215741
0 2043 0.398438 0.284259 0.031250 0.137037
0 2045 0.265104 0.428241 0.036458 0.169444
0 2046 0.468490 0.386574 0.029687 0.165741
0 2047 0.435156 0.505093 0.040104 0.210185
0 2048 0.483854 0.440741 0.039583 0.183333
0 2052 0.466667 0.414815 0.038542 0.159259
0 2053 0.407031 0.366667 0.029687 0.153704
0 2054 0.307031 0.411574 0.035937 0.165741
0 2055 0.544271 0.436111 0.043750 0.190741
0 2056 0.737500 0.441204 0.040625 0.186111
0 2057 0.744271 0.426852 0.035417 0.187037
0 2058 0.527604 0.404167 0.038542 0.160185
0 2059 0.693490 0.409259 0.040104 0.175926
0 2060 0.467969 0.347222 0.029687 0.140741
0 2061 0.455729 0.288889 0.028125 0.138889
0 2062 0.516406 0.355093 0.038021 0.167593
0 2063 0.565365 0.351852 0.035937 0.168519
0 2064 0.516667 0.339352 0.037500 0.165741
0 2065 0.530990 0.258796 0.025521 0.110185
0 2066 0.527604 0.259722 0.023958 0.110185
0 2067 0.369792 0.276852 0.027083 0.118519
0 2068 0.438802 0.296296 0.035937 0.129630
0 2069 0.501823 0.264815 0.029687 0.118519
0 2070 0.375000 0.302778 0.032292 0.135185
0 2071 0.352604 0.268981 0.022917 0.110185
0 2072 0.406250 0.249074 0.028125 0.118519
0 2073 0.325781 0.345833 0.041146 0.162037
0 2074 0.230729 0.343981 0.038542 0.162037
0 2075 0.470052 0.304167 0.025521 0.112037
0 2077 0.342969 0.311574 0.029687 0.143519
0 2085 0.418750 0.243981 0.023958 0.100926
0 2088 0.114323 0.608333 0.052604 0.224074
0 2101 0.431771 0.360185 0.031250 0.146296
0 2102 0.489323 0.286574 0.027604 0.126852
0 2103 0.383333 0.290278 0.022917 0.121296
0 2104 0.417708 0.290741 0.026042 0.124074
0 2105 0.663021 0.294907 0.027083 0.117593
0 2106 0.486979 0.306944 0.022917 0.100926
0 2107 0.767448 0.461574 0.029687 0.104630
0 2108 0.750000 0.474537 0.045833 0.186111
0 2109 0.579427 0.337037 0.031771 0.144444
0 2110 0.547396 0.327778 0.030208 0.131481
0 2111 0.612240 0.361111 0.029687 0.135185
0 2115 0.341667 0.357870 0.033333 0.156481
0 2116 0.697917 0.428241 0.038542 0.176852
0 2117 0.513281 0.477315 0.053646 0.197222
0 2119 0.236979 0.657407 0.056250 0.198148
