0 2012 0.079427 0.946759 0.075521 0.104630
0 2016 0.118490 0.843056 0.069271 0.315741
0 2017 0.216406 0.835648 0.069271 0.315741
0 2027 0.226562 0.694907 0.040625 0.200926
0 2028 0.313281 0.674537 0.067187 0.280556
0 2029 0.351302 0.707870 0.046354 0.212037
0 2030 0.193229 0.725463 0.066667 0.299074
0 2032 0.309896 0.743981 0.062500 0.291667
0 2033 0.268750 0.499537 0.036458 0.186111
0 2034 0.300000 0.491667 0.035417 0.198148
0 2035 0.379427 0.407407 0.040104 0.177778
0 2036 0.341927 0.456019 0.041146 0.187963
0 2037 0.377083 0.476852 0.030208 0.157407
0 2039 0.371094 0.388426 0.040104 0.156481
0 2041 0.791927 0.486111 0.047396 0.181481
0 2042 0.450781 0.550000 0.050521 0.225926
0 2043 0.403906 0.282407 0.031771 0.137037
0 2045 0.242969 0.443981 0.043229 0.171296
0 2046 0.492708 0.390278 0.030208 0.165741
0 2047 0.402865 0.533796 0.048438 0.221296
0 2048 0.505990 0.446759 0.040104 0.184259
0 2052 0.477865 0.436111 0.038021 0.175926
0 2053 0.413021 0.372685 0.030208 0.158333
0 2054 0.276562 0.420833 0.036458 0.165741
0 2055 0.541146 0.454167 0.043750 0.202778
0 2056 0.760938 0.455093 0.041667 0.204630
0 2057 0.763542 0.435648 0.035417 0.197222
0 2058 0.538021 0.413426 0.038542 0.160185
0 2059 0.724740 0.419907 0.040104 0.176852
0 2060 0.474740 0.356944 0.029687 0.143519
0 2061 0.460417 0.298148 0.029167 0.146296
0 2062 0.518229 0.365741 0.038542 0.168519
0 2063 0.577344 0.356481 0.035937 0.175926
0 2064 0.534635 0.339815 0.036979 0.162963
0 2065 0.531771 0.263426 0.026042 0.110185
0 2066 0.528646 0.261574 0.023958 0.110185
0 2067 0.369271 0.281481 0.027083 0.118519
0 2068 0.441406 0.304167 0.035937 0.132407
0 2069 0.502865 0.266667 0.029687 0.118519
0 2070 0.374479 0.310185 0.032292 0.135185
0 2071 0.345313 0.273611 0.022917 0.110185
0 2072 0.420833 0.251852 0.028125 0.118519
0 2073 0.352604 0.347685 0.039583 0.162037
0 2074 0.239063 0.355093 0.040625 0.169444
0 2075 0.477083 0.309722 0.026042 0.110185
0 2076 0.248698 0.350000 0.026562 0.144444
0 2077 0.341406 0.315278 0.029687 0.143519
0 2085 0.434375 0.245833 0.023958 0.100926
0 2088 0.123438 0.580093 0.046875 0.221296
0 2101 0.434896 0.367593 0.034375 0.146296
0 2102 0.494010 0.289352 0.027604 0.126852
0 2103 0.386979 0.295833 0.022917 0.123148
0 2104 0.417708 0.297222 0.026042 0.124074
0 2105 0.685937 0.298148 0.027083 0.118519
0 2106 0.492448 0.313426 0.023438 0.102778
0 2107 0.786458 0.474537 0.030208 0.104630
0 2108 0.795312 0.474074 0.043750 0.187037
0 2109 0.566146 0.330556 0.032292 0.146296
0 2110 0.537500 0.324074 0.028125 0.131481
0 2111 0.611719 0.359259 0.029687 0.135185
0 2115 0.327604 0.362500 0.034375 0.156481
0 2116 0.701823 0.444444 0.044271 0.185185
0 2117 0.450521 0.465278 0.048958 0.195370
0 2119 0.247135 0.693981 0.058854 0.212037
