0 2011 0.025781 0.910648 0.050521 0.180556
0 2012 0.148438 0.882407 0.087500 0.235185
0 2013 0.328906 0.922222 0.075521 0.157407
0 2014 0.247917 0.962037 0.072917 0.075926
0 2015 0.657031 0.929630 0.075521 0.142593
0 2016 0.205208 0.726852 0.057292 0.283333
0 2017 0.270052 0.731481 0.063021 0.275926
0 2024 0.883333 0.511574 0.032292 0.187963
0 2025 0.886719 0.510648 0.063021 0.223148
0 2027 0.205469 0.604630 0.040104 0.175926
0 2028 0.284375 0.597222 0.060417 0.248148
0 2029 0.311198 0.626852 0.040104 0.194444
0 2030 0.263542 0.616204 0.059375 0.228704
0 2031 0.760417 0.537963 0.061458 0.203704
0 2032 0.377865 0.661111 0.060937 0.266667
0 2033 0.283594 0.457407 0.035937 0.162963
0 2034 0.314323 0.456944 0.035937 0.193519
0 2035 0.381771 0.431019 0.039583 0.182407
0 2036 0.396875 0.464352 0.051042 0.187963
0 2037 0.418229 0.503241 0.034375 0.156481
0 2038 0.871875 0.500926 0.055208 0.187037
0 2039 0.386458 0.411574 0.039583 0.160185
0 2040 0.824219 0.502315 0.047396 0.208333
0 2041 0.680990 0.475000 0.046354 0.179630
0 2042 0.483073 0.503241 0.044271 0.208333
0 2043 0.370833 0.296296 0.032292 0.140741
0 2044 0.166927 0.342593 0.035937 0.162963
0 2045 0.293229 0.401852 0.036458 0.142593
0 2046 0.425521 0.370370 0.029167 0.168519
0 2047 0.468750 0.476389 0.040625 0.195370
0 2048 0.466927 0.417130 0.040104 0.176852
0 2051 0.858333 0.474074 0.041667 0.198148
0 2052 0.464583 0.388889 0.032292 0.148148
0 2053 0.401823 0.348148 0.029687 0.146296
0 2054 0.329948 0.400463 0.035937 0.173148
0 2055 0.537760 0.419444 0.043229 0.190741
0 2056 0.717187 0.424074 0.037500 0.181481
0 2057 0.717969 0.402315 0.028646 0.178704
0 2058 0.532813 0.377315 0.032292 0.149074
0 2059 0.657813 0.391667 0.035417 0.162963
0 2060 0.471615 0.336574 0.029687 0.139815
0 2061 0.447135 0.271759 0.025521 0.121296
0 2062 0.513021 0.346759 0.041667 0.162037
0 2063 0.557813 0.341667 0.036458 0.168519
0 2064 0.500000 0.331481 0.037500 0.162963
0 2065 0.537240 0.253241 0.025521 0.110185
0 2066 0.523958 0.250000 0.023958 0.109259
0 2067 0.373437 0.266667 0.027083 0.118519
0 2068 0.433073 0.282870 0.036979 0.128704
0 2069 0.502865 0.256481 0.029687 0.118519
0 2070 0.390104 0.290741 0.032292 0.131481
0 2071 0.357552 0.260648 0.022396 0.108333
0 2072 0.381250 0.240741 0.026042 0.118519
0 2073 0.282031 0.341667 0.035937 0.162963
0 2075 0.457292 0.290741 0.025000 0.112963
0 2077 0.342187 0.298148 0.030208 0.144444
0 2085 0.389062 0.235648 0.023958 0.100926
0 2088 0.087500 0.633796 0.052083 0.237963
0 2101 0.431771 0.345370 0.031250 0.144444
0 2102 0.477865 0.277315 0.027604 0.126852
0 2103 0.394792 0.277778 0.022917 0.118519
0 2104 0.420573 0.274074 0.025521 0.124074
0 2105 0.621354 0.292130 0.027083 0.117593
0 2106 0.477865 0.290741 0.023438 0.090741
0 2107 0.741927 0.434259 0.029687 0.101852
0 2108 0.686979 0.463889 0.045833 0.177778
0 2109 0.591667 0.333333 0.032292 0.140741
0 2110 0.572396 0.332407 0.033333 0.135185
0 2111 0.613542 0.360185 0.030208 0.135185
0 2115 0.363542 0.339815 0.031250 0.151852
0 2116 0.683854 0.404630 0.031250 0.168519
0 2117 0.596615 0.489815 0.048438 0.201852
0 2118 0.831250 0.474074 0.036458 0.174074
0 2119 0.219531 0.609259 0.055729 0.194444
