0 2012 0.072656 0.951852 0.075521 0.096296
0 2016 0.114323 0.844444 0.069271 0.312963
0 2017 0.213281 0.838426 0.070312 0.315741
0 2027 0.226562 0.698611 0.040625 0.202778
0 2028 0.314063 0.678241 0.066667 0.282407
0 2029 0.352604 0.713426 0.046875 0.213889
0 2030 0.191406 0.728241 0.067187 0.299074
0 2032 0.305729 0.748148 0.062500 0.294444
0 2033 0.268229 0.501852 0.036458 0.187037
0 2034 0.300000 0.493981 0.035417 0.200926
0 2035 0.379167 0.406481 0.039583 0.177778
0 2036 0.340104 0.456019 0.041667 0.187963
0 2037 0.376042 0.476852 0.030208 0.157407
0 2039 0.370573 0.387500 0.040104 0.156481
0 2041 0.798438 0.487037 0.045833 0.181481
0 2042 0.449740 0.550926 0.050521 0.225926
0 2043 0.403906 0.281481 0.031771 0.137037
0 2045 0.240365 0.444907 0.044271 0.171296
0 2046 0.494792 0.391204 0.030208 0.165741
0 2047 0.399479 0.532870 0.046875 0.221296
0 2048 0.510156 0.448611 0.040104 0.184259
0 2052 0.480990 0.437037 0.038021 0.175926
0 2053 0.413021 0.374074 0.030208 0.159259
0 2054 0.273958 0.422685 0.036458 0.165741
0 2055 0.540104 0.455556 0.043750 0.203704
0 2056 0.763021 0.455093 0.041667 0.204630
0 2057 0.766146 0.437037 0.035417 0.200000
0 2058 0.541146 0.413426 0.038542 0.160185
0 2059 0.727865 0.422685 0.040104 0.176852
0 2060 0.475260 0.358333 0.029687 0.144444
0 2061 0.460938 0.299074 0.029167 0.146296
0 2062 0.519271 0.365741 0.038542 0.168519
0 2063 0.578385 0.356944 0.035937 0.176852
0 2064 0.536719 0.339352 0.036979 0.162037
0 2065 0.532031 0.263426 0.026562 0.110185
0 2066 0.529167 0.262037 0.023958 0.109259
0 2067 0.369271 0.282407 0.027083 0.118519
0 2068 0.441667 0.304630 0.036458 0.133333
0 2069 0.503385 0.266667 0.029687 0.118519
0 2070 0.374479 0.311111 0.032292 0.135185
0 2071 0.344792 0.274537 0.022917 0.110185
0 2072 0.422396 0.251852 0.028125 0.118519
0 2073 0.356250 0.347685 0.039583 0.162037
0 2074 0.239063 0.357407 0.040625 0.170370
0 2075 0.478125 0.309722 0.026042 0.110185
0 2076 0.250260 0.350926 0.026562 0.144444
0 2077 0.341146 0.316204 0.030208 0.143519
0 2085 0.435937 0.245833 0.023958 0.100926
0 2088 0.123958 0.578241 0.046875 0.221296
0 2101 0.435156 0.368519 0.034896 0.146296
0 2102 0.494010 0.290278 0.027604 0.126852
0 2103 0.386979 0.296296 0.022917 0.122222
0 2104 0.417708 0.297222 0.026042 0.124074
0 2105 0.688021 0.298611 0.027083 0.119444
0 2106 0.492969 0.314352 0.023438 0.102778
0 2107 0.788542 0.476389 0.030208 0.104630
0 2108 0.801042 0.474074 0.044792 0.187037
0 2109 0.565104 0.330556 0.032292 0.146296
0 2110 0.537500 0.324074 0.028125 0.131481
0 2111 0.611198 0.359259 0.029687 0.135185
0 2115 0.327083 0.363426 0.034375 0.156481
0 2116 0.702865 0.445833 0.044271 0.186111
0 2117 0.444792 0.464352 0.048958 0.195370
0 2119 0.247135 0.698148 0.058854 0.212963
