0 2012 0.101562 0.931944 0.082292 0.137963
0 2016 0.144792 0.816204 0.068750 0.310185
0 2017 0.233594 0.811574 0.071354 0.306481
0 2027 0.226562 0.674074 0.040625 0.196296
0 2028 0.303646 0.664815 0.070833 0.287037
0 2029 0.346094 0.683796 0.046354 0.202778
0 2030 0.217188 0.701852 0.060417 0.285185
0 2031 0.875000 0.533796 0.037500 0.202778
0 2032 0.333594 0.732870 0.072396 0.287963
0 2033 0.272656 0.489815 0.035937 0.179630
0 2034 0.300260 0.480093 0.035937 0.187963
0 2035 0.380990 0.413889 0.040104 0.179630
0 2036 0.352604 0.458796 0.040625 0.187963
0 2037 0.383594 0.486111 0.030729 0.157407
0 2039 0.374219 0.396759 0.040104 0.156481
0 2041 0.769792 0.484722 0.039583 0.182407
0 2042 0.458333 0.543056 0.047917 0.221296
0 2043 0.402344 0.284259 0.031771 0.137037
0 2045 0.256771 0.435185 0.036458 0.170370
0 2046 0.476823 0.389352 0.029687 0.165741
0 2047 0.425260 0.515278 0.036979 0.217593
0 2048 0.490104 0.443056 0.039583 0.184259
0 2052 0.470052 0.420833 0.035937 0.165741
0 2053 0.409896 0.368519 0.030208 0.153704
0 2054 0.296875 0.415278 0.036458 0.165741
0 2055 0.544271 0.441204 0.043750 0.193519
0 2056 0.746354 0.448148 0.041667 0.194444
0 2057 0.750000 0.429630 0.035417 0.187037
0 2058 0.529427 0.407870 0.038021 0.160185
0 2059 0.706510 0.411574 0.040104 0.176852
0 2060 0.470573 0.350926 0.029687 0.140741
0 2061 0.457813 0.293981 0.029167 0.145370
0 2062 0.517188 0.358333 0.038542 0.168519
0 2063 0.568490 0.353704 0.035937 0.170370
0 2064 0.522656 0.340278 0.038021 0.165741
0 2065 0.530990 0.261574 0.025521 0.110185
0 2066 0.528125 0.260648 0.023958 0.110185
0 2067 0.369271 0.277778 0.027083 0.118519
0 2068 0.439323 0.300463 0.035937 0.130556
0 2069 0.501042 0.265741 0.030208 0.118519
0 2070 0.374479 0.306481 0.032292 0.135185
0 2071 0.350000 0.270833 0.022917 0.110185
0 2072 0.411458 0.251852 0.028125 0.118519
0 2073 0.335938 0.344907 0.039583 0.162037
0 2074 0.236458 0.347685 0.040625 0.162037
0 2075 0.473438 0.306019 0.026042 0.110185
0 2077 0.342969 0.314352 0.029687 0.143519
0 2085 0.425000 0.244907 0.023958 0.100926
0 2088 0.117969 0.596296 0.049479 0.222222
0 2101 0.432292 0.363889 0.032292 0.146296
0 2102 0.491406 0.287500 0.027604 0.126852
0 2103 0.381771 0.292130 0.022917 0.121296
0 2104 0.417708 0.293519 0.026042 0.124074
0 2105 0.673958 0.295833 0.027083 0.117593
0 2106 0.489063 0.308796 0.022917 0.100926
0 2107 0.774740 0.467130 0.029687 0.104630
0 2108 0.767708 0.474537 0.044792 0.186111
0 2109 0.573958 0.334722 0.032292 0.145370
0 2110 0.542188 0.325000 0.029167 0.131481
0 2111 0.612240 0.360185 0.029687 0.135185
0 2115 0.334635 0.359722 0.033854 0.156481
0 2116 0.698438 0.435648 0.041667 0.178704
0 2117 0.485938 0.472685 0.052083 0.195370
0 2119 0.242448 0.671296 0.056771 0.201852
