0 2027 0.214844 0.944444 0.058854 0.111111
0 2028 0.315625 0.914815 0.088542 0.172222
0 2029 0.370312 0.950463 0.057292 0.100926
0 2030 0.014583 0.941204 0.028125 0.119444
0 2032 0.072656 0.926389 0.079687 0.149074
0 2033 0.227083 0.604167 0.044792 0.215741
0 2034 0.263542 0.599537 0.041667 0.239815
0 2035 0.321094 0.366667 0.036979 0.161111
0 2036 0.203906 0.414352 0.030729 0.178704
0 2037 0.274479 0.425926 0.028125 0.146296
0 2039 0.216667 0.342130 0.033333 0.143519
0 2042 0.313021 0.725463 0.054167 0.299074
0 2043 0.491146 0.236111 0.028125 0.122222
0 2045 0.245573 0.542593 0.048438 0.203704
0 2046 0.736979 0.444907 0.041667 0.195370
0 2047 0.421354 0.689815 0.052083 0.272222
0 2048 0.806250 0.501389 0.045833 0.204630
0 2052 0.827083 0.483333 0.052083 0.190741
0 2053 0.509375 0.445370 0.039583 0.187037
0 2054 0.271354 0.524537 0.042708 0.215741
0 2055 0.396354 0.611111 0.055208 0.259259
0 2058 0.826302 0.463426 0.042188 0.182407
0 2059 0.948958 0.481944 0.038542 0.195370
0 2060 0.590365 0.428241 0.038021 0.176852
0 2061 0.505208 0.331481 0.030208 0.138889
0 2062 0.702344 0.357407 0.045312 0.170370
0 2064 0.770312 0.319444 0.034375 0.159259
0 2065 0.544010 0.265741 0.029687 0.109259
0 2066 0.518229 0.279630 0.027083 0.107407
0 2067 0.411979 0.318519 0.033333 0.118519
0 2068 0.496094 0.343519 0.035937 0.135185
0 2069 0.495312 0.288889 0.030208 0.124074
0 2070 0.408854 0.367130 0.032292 0.162037
0 2071 0.382292 0.322222 0.029167 0.131481
0 2072 0.439063 0.288426 0.028125 0.126852
0 2073 0.484635 0.391667 0.042188 0.183333
0 2074 0.213281 0.447685 0.042188 0.199074
0 2075 0.536458 0.355556 0.026042 0.131481
0 2076 0.340625 0.403704 0.035417 0.164815
0 2077 0.364063 0.364352 0.033333 0.160185
0 2085 0.453125 0.294444 0.027083 0.125926
0 2088 0.185417 0.482407 0.040625 0.190741
0 2098 0.835938 0.516667 0.062500 0.218519
0 2101 0.550521 0.442130 0.047917 0.171296
0 2102 0.532031 0.328241 0.029687 0.126852
0 2103 0.431510 0.343056 0.023438 0.130556
0 2104 0.451562 0.360648 0.032292 0.162037
0 2105 0.711198 0.335648 0.030729 0.126852
0 2106 0.558854 0.362037 0.028125 0.129630
0 2109 0.547396 0.309259 0.036458 0.142593
0 2110 0.479167 0.309259 0.027083 0.135185
0 2111 0.608073 0.358333 0.029687 0.135185
0 2115 0.376302 0.434259 0.034896 0.185185
0 2117 0.225521 0.422222 0.039583 0.185185
0 2119 0.238802 0.938889 0.085938 0.124074
