0 2016 0.035417 0.900463 0.069792 0.200926
0 2017 0.128906 0.893981 0.071354 0.212037
0 2027 0.224219 0.801852 0.044271 0.225926
0 2028 0.322396 0.805093 0.078125 0.332407
0 2029 0.373437 0.829630 0.056250 0.242593
0 2030 0.118490 0.829630 0.081771 0.325926
0 2032 0.213021 0.839815 0.077083 0.320370
0 2033 0.254167 0.533796 0.041667 0.197222
0 2034 0.286458 0.530093 0.042708 0.212037
0 2035 0.365365 0.382407 0.035937 0.168519
0 2036 0.284896 0.437037 0.037500 0.179630
0 2037 0.341927 0.454167 0.031771 0.154630
0 2039 0.326042 0.365741 0.039583 0.157407
0 2042 0.396875 0.609259 0.048958 0.250000
0 2043 0.422917 0.264815 0.031250 0.137037
0 2045 0.201302 0.482407 0.050521 0.190741
0 2046 0.565104 0.417130 0.039583 0.178704
0 2047 0.360677 0.583333 0.044271 0.235185
0 2048 0.622917 0.468981 0.045833 0.197222
0 2052 0.597917 0.453704 0.036458 0.179630
0 2053 0.423698 0.402315 0.030729 0.171296
0 2054 0.279687 0.452315 0.038542 0.165741
0 2055 0.491146 0.516204 0.044792 0.226852
0 2056 0.838542 0.482870 0.045833 0.204630
0 2057 0.855469 0.463426 0.058854 0.200926
0 2058 0.638542 0.436574 0.038542 0.171296
0 2059 0.802865 0.446296 0.043229 0.190741
0 2060 0.489583 0.391204 0.030208 0.154630
0 2061 0.469010 0.310185 0.029687 0.146296
0 2062 0.556510 0.367593 0.034896 0.161111
0 2063 0.644010 0.368519 0.035937 0.179630
0 2064 0.622135 0.349074 0.033854 0.159259
0 2065 0.540625 0.264815 0.030208 0.109259
0 2066 0.529948 0.267130 0.023438 0.110185
0 2067 0.380469 0.294444 0.027604 0.118519
0 2068 0.459115 0.318519 0.035937 0.135185
0 2069 0.502604 0.275000 0.030208 0.124074
0 2070 0.378646 0.335185 0.032292 0.153704
0 2071 0.354687 0.292593 0.026042 0.118519
0 2072 0.439844 0.267130 0.027604 0.126852
0 2073 0.428646 0.362037 0.040625 0.168519
0 2074 0.210156 0.392593 0.041146 0.185185
0 2075 0.495833 0.333333 0.030208 0.125926
0 2076 0.275000 0.370833 0.034375 0.149074
0 2077 0.349219 0.331481 0.033854 0.144444
0 2085 0.461458 0.259722 0.023958 0.110185
0 2088 0.145573 0.531019 0.046354 0.202778
0 2101 0.451823 0.396759 0.041146 0.169444
0 2102 0.495833 0.303241 0.029167 0.126852
0 2103 0.406510 0.308333 0.023438 0.124074
0 2104 0.423177 0.318981 0.027604 0.134259
0 2105 0.715625 0.309722 0.027083 0.121296
0 2106 0.502604 0.335185 0.023958 0.112963
0 2107 0.861458 0.497222 0.026042 0.107407
0 2108 0.926042 0.479167 0.043750 0.187963
0 2109 0.541927 0.323148 0.035937 0.146296
0 2110 0.523438 0.314815 0.027083 0.135185
0 2111 0.609115 0.358333 0.029687 0.135185
0 2115 0.344271 0.389815 0.033333 0.172222
0 2116 0.808594 0.469444 0.052604 0.190741
0 2117 0.335417 0.443519 0.044792 0.187037
0 2119 0.243750 0.794907 0.071875 0.245370
