0 2017 0.020052 0.969444 0.039062 0.062963
0 2027 0.221354 0.925463 0.059375 0.149074
0 2028 0.317708 0.898611 0.088542 0.204630
0 2029 0.375521 0.929630 0.057292 0.140741
0 2030 0.026562 0.910185 0.052083 0.181481
0 2032 0.093229 0.912963 0.080208 0.175926
0 2033 0.231250 0.593519 0.042708 0.211111
0 2034 0.263021 0.587963 0.042708 0.235185
0 2035 0.331771 0.369444 0.035417 0.162963
0 2036 0.217708 0.415278 0.034375 0.178704
0 2037 0.285417 0.427778 0.028125 0.146296
0 2039 0.235937 0.342593 0.033333 0.142593
0 2042 0.323437 0.699074 0.054167 0.283333
0 2043 0.475521 0.238889 0.029167 0.124074
0 2045 0.243490 0.528704 0.048438 0.194444
0 2046 0.707552 0.443519 0.048438 0.194444
0 2047 0.415885 0.671296 0.053646 0.268519
0 2048 0.775260 0.499074 0.054688 0.203704
0 2052 0.795573 0.475463 0.067187 0.189815
0 2053 0.491667 0.438426 0.037500 0.184259
0 2054 0.273177 0.512037 0.042188 0.209259
0 2055 0.411979 0.591204 0.055208 0.252778
0 2058 0.796094 0.459722 0.042188 0.182407
0 2059 0.912760 0.477315 0.048438 0.195370
0 2060 0.566927 0.420833 0.038021 0.176852
0 2061 0.492708 0.332407 0.030208 0.144444
0 2062 0.680729 0.359722 0.043750 0.165741
0 2063 0.757031 0.327778 0.031771 0.164815
0 2064 0.752865 0.331481 0.033854 0.162963
0 2065 0.544792 0.265741 0.030208 0.109259
0 2066 0.519271 0.277778 0.027083 0.107407
0 2067 0.405208 0.312963 0.033333 0.118519
0 2068 0.489583 0.338889 0.036458 0.135185
0 2069 0.494792 0.287037 0.030208 0.124074
0 2070 0.404948 0.359259 0.031771 0.161111
0 2071 0.376563 0.316667 0.030208 0.125926
0 2072 0.440104 0.286574 0.028125 0.126852
0 2073 0.473958 0.385185 0.041667 0.177778
0 2074 0.202604 0.439352 0.042708 0.199074
0 2075 0.530208 0.351852 0.026042 0.131481
0 2076 0.326823 0.400463 0.040104 0.156481
0 2077 0.364323 0.357870 0.033854 0.158333
0 2085 0.453125 0.289352 0.027083 0.125000
0 2088 0.182812 0.488889 0.043750 0.190741
0 2098 0.871094 0.518056 0.059896 0.223148
0 2101 0.524479 0.437963 0.043750 0.170370
0 2102 0.523698 0.325463 0.029687 0.126852
0 2103 0.426302 0.333796 0.023438 0.126852
0 2104 0.446354 0.352315 0.032292 0.158333
0 2105 0.715625 0.331019 0.031250 0.126852
0 2106 0.552865 0.357870 0.027604 0.128704
0 2109 0.542188 0.309259 0.036458 0.142593
0 2110 0.486458 0.309259 0.027083 0.135185
0 2111 0.608073 0.357407 0.029687 0.135185
0 2115 0.378125 0.426852 0.034375 0.185185
0 2117 0.238281 0.424537 0.042188 0.186111
0 2119 0.245312 0.920370 0.085417 0.161111
