0 2017 0.027604 0.964352 0.053125 0.073148
0 2027 0.222135 0.917593 0.056771 0.164815
0 2028 0.317969 0.891667 0.088021 0.218519
0 2029 0.378646 0.921296 0.057292 0.157407
0 2030 0.029687 0.903704 0.058333 0.194444
0 2032 0.101042 0.907870 0.082292 0.186111
0 2033 0.232813 0.589815 0.041667 0.209259
0 2034 0.265104 0.583333 0.042708 0.233333
0 2035 0.334896 0.369444 0.035417 0.162963
0 2036 0.223438 0.416204 0.035417 0.178704
0 2037 0.288802 0.429167 0.027604 0.145370
0 2039 0.243750 0.342593 0.033333 0.142593
0 2042 0.327604 0.691204 0.054167 0.280556
0 2043 0.472917 0.240741 0.029167 0.127778
0 2045 0.240365 0.523148 0.048438 0.192593
0 2046 0.695312 0.440278 0.039583 0.199074
0 2047 0.413281 0.660648 0.056771 0.263889
0 2048 0.764323 0.496296 0.054688 0.203704
0 2052 0.779948 0.477315 0.054688 0.189815
0 2053 0.485156 0.435648 0.038021 0.182407
0 2054 0.274219 0.508333 0.042188 0.209259
0 2055 0.419792 0.585185 0.055208 0.250000
0 2058 0.784635 0.458796 0.042188 0.182407
0 2059 0.898177 0.474537 0.048438 0.195370
0 2060 0.558333 0.419907 0.037500 0.176852
0 2061 0.489583 0.331481 0.030208 0.146296
0 2062 0.669271 0.361111 0.047917 0.164815
0 2063 0.750000 0.330556 0.033333 0.166667
0 2064 0.744531 0.336111 0.033854 0.162963
0 2065 0.545052 0.265741 0.029687 0.109259
0 2066 0.520312 0.276852 0.027083 0.107407
0 2067 0.403125 0.312037 0.033333 0.118519
0 2068 0.487500 0.337963 0.036458 0.135185
0 2069 0.494792 0.286111 0.030208 0.124074
0 2070 0.403385 0.358333 0.031771 0.159259
0 2071 0.375000 0.315741 0.030208 0.125926
0 2072 0.440104 0.285648 0.028125 0.126852
0 2073 0.469271 0.382870 0.041667 0.176852
0 2074 0.198437 0.433796 0.042708 0.199074
0 2075 0.528125 0.350000 0.026042 0.131481
0 2076 0.323177 0.396296 0.038021 0.157407
0 2077 0.364583 0.355556 0.034375 0.157407
0 2085 0.454688 0.287037 0.027083 0.122222
0 2088 0.181771 0.491667 0.044792 0.190741
0 2098 0.884115 0.518981 0.055729 0.223148
0 2101 0.516146 0.436111 0.042708 0.170370
0 2102 0.520052 0.324537 0.029687 0.126852
0 2103 0.424219 0.330093 0.023438 0.125000
0 2104 0.444792 0.349074 0.032292 0.155556
0 2105 0.717708 0.329167 0.031250 0.126852
0 2106 0.549479 0.355093 0.025000 0.125000
0 2109 0.540365 0.309722 0.035937 0.143519
0 2110 0.489583 0.309259 0.027083 0.135185
0 2111 0.608073 0.357407 0.029687 0.135185
0 2115 0.378385 0.424074 0.033854 0.185185
0 2117 0.243229 0.425926 0.042708 0.187037
0 2119 0.245833 0.913426 0.084375 0.175000
