0 2016 0.019010 0.935648 0.036979 0.130556
0 2017 0.091146 0.918056 0.079167 0.163889
0 2027 0.225781 0.858333 0.046354 0.251852
0 2028 0.327604 0.842130 0.078125 0.317593
0 2029 0.383073 0.876852 0.061979 0.240741
0 2030 0.085417 0.859722 0.079167 0.280556
0 2032 0.174740 0.862037 0.085938 0.274074
0 2033 0.250781 0.553241 0.040104 0.199074
0 2034 0.277604 0.548148 0.041667 0.220370
0 2035 0.359896 0.374074 0.035417 0.162963
0 2036 0.265104 0.429630 0.037500 0.179630
0 2037 0.321875 0.450000 0.031250 0.151852
0 2039 0.300000 0.357407 0.034375 0.157407
0 2042 0.374740 0.635185 0.048438 0.253704
0 2043 0.438281 0.255093 0.030729 0.136111
0 2045 0.207292 0.499074 0.044792 0.192593
0 2046 0.609635 0.430093 0.046354 0.178704
0 2047 0.376563 0.604167 0.048958 0.241667
0 2048 0.666667 0.480093 0.045833 0.199074
0 2052 0.661719 0.462500 0.032813 0.182407
0 2053 0.436979 0.412963 0.033333 0.174074
0 2054 0.285677 0.484722 0.038021 0.210185
0 2055 0.464062 0.538426 0.046875 0.234259
0 2057 0.897656 0.458796 0.043229 0.200926
0 2058 0.692187 0.443519 0.041667 0.179630
0 2059 0.833854 0.453241 0.050000 0.195370
0 2060 0.505208 0.399537 0.034375 0.163889
0 2061 0.474479 0.314815 0.030208 0.146296
0 2062 0.589323 0.368981 0.033854 0.173148
0 2063 0.684115 0.352315 0.035937 0.173148
0 2064 0.668229 0.341204 0.033333 0.156481
0 2065 0.542448 0.264815 0.029687 0.109259
0 2066 0.525000 0.268519 0.022917 0.107407
0 2067 0.389323 0.301389 0.031771 0.117593
0 2068 0.469010 0.325000 0.035937 0.135185
0 2069 0.501042 0.278704 0.030208 0.124074
0 2070 0.387240 0.343981 0.031771 0.154630
0 2071 0.361198 0.302315 0.028646 0.123148
0 2072 0.439583 0.269907 0.028125 0.126852
0 2073 0.443490 0.366667 0.040104 0.168519
0 2074 0.191146 0.405093 0.045833 0.186111
0 2075 0.506771 0.337500 0.028125 0.125000
0 2076 0.292187 0.376389 0.034375 0.149074
0 2077 0.355729 0.339352 0.033333 0.149074
0 2085 0.463021 0.268056 0.026042 0.110185
0 2088 0.156250 0.510185 0.045833 0.190741
0 2101 0.467187 0.415741 0.042708 0.170370
0 2102 0.500260 0.310648 0.029687 0.126852
0 2103 0.412760 0.317593 0.023438 0.124074
0 2104 0.429688 0.329630 0.029167 0.148148
0 2105 0.720833 0.315741 0.030208 0.125926
0 2106 0.516667 0.341204 0.022917 0.115741
0 2107 0.896354 0.508333 0.026042 0.107407
0 2109 0.536458 0.318056 0.035417 0.145370
0 2110 0.513021 0.312963 0.027083 0.135185
0 2111 0.608594 0.357407 0.029687 0.135185
0 2115 0.363542 0.401852 0.033333 0.177778
0 2116 0.866146 0.479167 0.056250 0.193519
0 2117 0.295312 0.438889 0.043750 0.187037
0 2119 0.250260 0.847222 0.075521 0.261111
