0 2017 0.036979 0.957870 0.070833 0.086111
0 2027 0.223698 0.907870 0.052604 0.184259
0 2028 0.318490 0.882870 0.088021 0.236111
0 2029 0.380469 0.915741 0.064062 0.168519
0 2030 0.033333 0.896296 0.065625 0.209259
0 2032 0.110937 0.901852 0.085417 0.198148
0 2033 0.234896 0.585185 0.040625 0.207407
0 2034 0.267708 0.577778 0.042708 0.231481
0 2035 0.338542 0.370370 0.035417 0.162963
0 2036 0.230208 0.417593 0.036458 0.179630
0 2037 0.293490 0.431019 0.027604 0.145370
0 2039 0.253646 0.343519 0.033333 0.142593
0 2042 0.332813 0.682870 0.054167 0.276852
0 2043 0.469531 0.243056 0.029687 0.132407
0 2045 0.235937 0.515741 0.047917 0.192593
0 2046 0.682031 0.436574 0.051562 0.189815
0 2047 0.409375 0.651389 0.057292 0.262037
0 2048 0.745833 0.496296 0.063542 0.203704
0 2052 0.765104 0.477778 0.048958 0.190741
0 2053 0.475781 0.433796 0.045312 0.178704
0 2054 0.276042 0.506481 0.042708 0.209259
0 2055 0.429427 0.579167 0.057813 0.249074
0 2058 0.769531 0.457407 0.045312 0.181481
0 2059 0.882292 0.470833 0.046875 0.195370
0 2060 0.547396 0.418981 0.037500 0.176852
0 2061 0.487500 0.328704 0.030208 0.146296
0 2062 0.644792 0.364815 0.036458 0.172222
0 2063 0.741406 0.333333 0.034896 0.168519
0 2064 0.734115 0.338889 0.033854 0.162963
0 2065 0.545052 0.264815 0.029687 0.109259
0 2066 0.520833 0.275926 0.026042 0.107407
0 2067 0.401042 0.310185 0.032292 0.118519
0 2068 0.485938 0.336111 0.036458 0.135185
0 2069 0.494792 0.285185 0.030208 0.124074
0 2070 0.401823 0.356944 0.031771 0.158333
0 2071 0.372917 0.313889 0.029167 0.125926
0 2072 0.440625 0.284722 0.028125 0.126852
0 2073 0.464062 0.379630 0.041667 0.175926
0 2074 0.195312 0.431019 0.043750 0.199074
0 2075 0.525521 0.349074 0.026042 0.131481
0 2076 0.319010 0.391667 0.034896 0.157407
0 2077 0.365104 0.352315 0.034375 0.156481
0 2085 0.457031 0.283796 0.027604 0.119444
0 2088 0.179688 0.494444 0.045833 0.190741
0 2101 0.509375 0.433333 0.042708 0.170370
0 2102 0.516406 0.323611 0.029687 0.126852
0 2103 0.422135 0.327778 0.023438 0.124074
0 2104 0.442708 0.345370 0.032292 0.153704
0 2105 0.718229 0.326389 0.031250 0.126852
0 2106 0.545312 0.351389 0.022917 0.121296
0 2109 0.538802 0.311574 0.035937 0.143519
0 2110 0.493750 0.309259 0.027083 0.135185
0 2111 0.608073 0.357407 0.029687 0.135185
0 2115 0.378646 0.420370 0.033333 0.185185
0 2117 0.250000 0.426852 0.042708 0.187037
0 2119 0.246094 0.904630 0.082812 0.192593
