0 2017 0.063542 0.939815 0.072917 0.122222
0 2027 0.230208 0.888426 0.048958 0.225000
0 2028 0.322917 0.859259 0.088542 0.281481
0 2029 0.385417 0.895370 0.060417 0.207407
0 2030 0.054688 0.875000 0.086458 0.250000
0 2032 0.145833 0.879167 0.079167 0.239815
0 2033 0.244531 0.567593 0.040104 0.203704
0 2034 0.274219 0.562037 0.042188 0.225926
0 2035 0.350000 0.372222 0.035417 0.162963
0 2036 0.250000 0.422222 0.037500 0.179630
0 2037 0.308854 0.436574 0.027083 0.145370
0 2039 0.271354 0.354630 0.034375 0.157407
0 2042 0.354948 0.656019 0.048438 0.260185
0 2043 0.449479 0.248148 0.030208 0.135185
0 2045 0.220312 0.511111 0.041667 0.192593
0 2046 0.645833 0.431481 0.041667 0.185185
0 2047 0.395313 0.625000 0.051042 0.255556
0 2048 0.702604 0.493056 0.051042 0.199074
0 2052 0.714844 0.471296 0.060937 0.181481
0 2053 0.453125 0.419444 0.036458 0.174074
0 2054 0.282292 0.498611 0.042708 0.210185
0 2055 0.448698 0.560648 0.046354 0.239815
0 2057 0.937240 0.459722 0.031771 0.200926
0 2058 0.730990 0.448611 0.044271 0.178704
0 2059 0.857031 0.463889 0.038021 0.196296
0 2060 0.525000 0.406481 0.037500 0.166667
0 2061 0.481250 0.320370 0.030208 0.146296
0 2062 0.614844 0.369907 0.033854 0.173148
0 2063 0.712760 0.349074 0.035937 0.168519
0 2064 0.704948 0.346759 0.033854 0.162037
0 2065 0.543750 0.264815 0.030208 0.109259
0 2066 0.519271 0.272222 0.022917 0.107407
0 2067 0.394531 0.304167 0.031771 0.117593
0 2068 0.477865 0.330556 0.035937 0.135185
0 2069 0.498437 0.281481 0.030208 0.124074
0 2070 0.395052 0.351389 0.031771 0.154630
0 2071 0.366667 0.309259 0.029167 0.125926
0 2072 0.440104 0.275463 0.028125 0.126852
0 2073 0.454688 0.372222 0.038542 0.168519
0 2074 0.191667 0.419444 0.043750 0.198148
0 2075 0.515625 0.340741 0.025000 0.124074
0 2076 0.307031 0.384722 0.032813 0.156481
0 2077 0.360417 0.348148 0.033333 0.159259
0 2085 0.463021 0.274537 0.028125 0.110185
0 2088 0.165625 0.500926 0.045833 0.190741
0 2101 0.488021 0.424074 0.042708 0.170370
0 2102 0.504948 0.318981 0.029687 0.126852
0 2103 0.416146 0.324074 0.023958 0.124074
0 2104 0.435937 0.337037 0.031250 0.153704
0 2105 0.720313 0.320833 0.031250 0.126852
0 2106 0.532292 0.345833 0.022917 0.119444
0 2107 0.941146 0.505556 0.026042 0.107407
0 2109 0.533854 0.316204 0.035417 0.145370
0 2110 0.503646 0.311111 0.027083 0.135185
0 2111 0.608594 0.357407 0.029687 0.135185
0 2115 0.374479 0.409722 0.034375 0.180556
0 2117 0.270833 0.429630 0.042708 0.187037
0 2119 0.251302 0.881019 0.081771 0.237963
