0 2017 0.052083 0.949537 0.072917 0.102778
0 2027 0.227083 0.895833 0.048958 0.210185
0 2028 0.318490 0.868981 0.088021 0.263889
0 2029 0.382812 0.905556 0.067708 0.187037
0 2030 0.044010 0.886111 0.081771 0.229630
0 2032 0.132552 0.887037 0.079687 0.224074
0 2033 0.241667 0.573611 0.040625 0.204630
0 2034 0.271875 0.567593 0.042708 0.227778
0 2035 0.345313 0.371296 0.035417 0.162963
0 2036 0.242188 0.420370 0.037500 0.179630
0 2037 0.302604 0.434722 0.027083 0.145370
0 2039 0.264062 0.350000 0.034375 0.151852
0 2042 0.347396 0.668519 0.048958 0.262963
0 2043 0.458333 0.246296 0.030208 0.135185
0 2045 0.225521 0.512963 0.040625 0.192593
0 2046 0.661719 0.435185 0.045312 0.190741
0 2047 0.400521 0.636111 0.053125 0.259259
0 2048 0.720833 0.493056 0.045833 0.202778
0 2052 0.733073 0.469907 0.044271 0.187963
0 2053 0.458854 0.424074 0.038542 0.174074
0 2054 0.280990 0.504167 0.044271 0.210185
0 2055 0.443490 0.568981 0.058854 0.245370
0 2057 0.953385 0.457870 0.031771 0.200926
0 2058 0.746094 0.453241 0.046354 0.178704
0 2059 0.867448 0.468519 0.038021 0.196296
0 2060 0.532292 0.411111 0.037500 0.172222
0 2061 0.483854 0.322222 0.030208 0.146296
0 2062 0.625521 0.368056 0.034375 0.173148
0 2063 0.724219 0.344444 0.035937 0.168519
0 2064 0.716406 0.343056 0.033854 0.162037
0 2065 0.544271 0.264815 0.030208 0.109259
0 2066 0.520052 0.274074 0.024479 0.107407
0 2067 0.397656 0.306944 0.031771 0.117593
0 2068 0.481771 0.333333 0.036458 0.135185
0 2069 0.496875 0.283333 0.030208 0.124074
0 2070 0.398698 0.355093 0.031771 0.154630
0 2071 0.369271 0.311111 0.029167 0.125926
0 2072 0.440625 0.280093 0.028125 0.126852
0 2073 0.458333 0.375000 0.039583 0.172222
0 2074 0.191406 0.425926 0.044271 0.198148
0 2075 0.519531 0.343981 0.025521 0.126852
0 2076 0.311979 0.387037 0.033333 0.157407
0 2077 0.362240 0.349537 0.033854 0.158333
0 2085 0.460677 0.278241 0.027604 0.113889
0 2088 0.171354 0.498148 0.045833 0.190741
0 2101 0.496354 0.427778 0.042708 0.170370
0 2102 0.509115 0.321759 0.029687 0.126852
0 2103 0.418490 0.325926 0.023438 0.124074
0 2104 0.438281 0.340741 0.031771 0.153704
0 2105 0.719271 0.323611 0.031250 0.126852
0 2106 0.538021 0.348611 0.022917 0.121296
0 2107 0.959896 0.504630 0.026042 0.107407
0 2109 0.535677 0.313889 0.035937 0.144444
0 2110 0.500000 0.310185 0.027083 0.135185
0 2111 0.608073 0.357407 0.029687 0.135185
0 2115 0.376823 0.413889 0.033854 0.183333
0 2117 0.262500 0.428704 0.042708 0.187037
0 2119 0.249219 0.890278 0.081771 0.221296
