0 2027 0.204167 0.979167 0.039583 0.043519
0 2028 0.312240 0.950463 0.088021 0.100926
0 2032 0.038802 0.953241 0.069271 0.095370
0 2033 0.222917 0.624074 0.045833 0.224074
0 2034 0.260156 0.626852 0.046354 0.253704
0 2035 0.299740 0.361574 0.041146 0.156481
0 2036 0.190625 0.414815 0.030208 0.179630
0 2037 0.257292 0.423611 0.028125 0.145370
0 2039 0.183333 0.341204 0.034375 0.143519
0 2042 0.289583 0.750926 0.065625 0.296296
0 2043 0.512760 0.236111 0.024479 0.120370
0 2045 0.247396 0.561574 0.048958 0.210185
0 2046 0.780469 0.455556 0.053646 0.196296
0 2047 0.431250 0.730556 0.052083 0.290741
0 2048 0.863021 0.508796 0.056250 0.204630
0 2052 0.890104 0.493519 0.067708 0.198148
0 2053 0.552865 0.458796 0.038021 0.193519
0 2054 0.281250 0.544444 0.042708 0.224074
0 2055 0.365365 0.649074 0.056771 0.272222
0 2058 0.883854 0.471759 0.041667 0.182407
0 2060 0.633854 0.439352 0.038542 0.176852
0 2061 0.517448 0.347685 0.033854 0.156481
0 2062 0.739062 0.353704 0.045833 0.162963
0 2065 0.542708 0.265741 0.030208 0.109259
0 2066 0.521615 0.287963 0.027604 0.112963
0 2067 0.422396 0.339352 0.033333 0.139815
0 2068 0.507552 0.362037 0.035937 0.153704
0 2069 0.495312 0.298611 0.030208 0.130556
0 2070 0.411198 0.379167 0.031771 0.169444
0 2071 0.390625 0.340741 0.029167 0.153704
0 2072 0.440365 0.297685 0.028646 0.126852
0 2073 0.511458 0.399074 0.048958 0.181481
0 2074 0.225000 0.460648 0.044792 0.200926
0 2075 0.546354 0.365278 0.026042 0.132407
0 2076 0.359896 0.412963 0.036458 0.161111
0 2077 0.369271 0.375463 0.035417 0.167593
0 2085 0.454167 0.302778 0.027083 0.125926
0 2088 0.188802 0.474074 0.038021 0.190741
0 2098 0.777604 0.512963 0.067708 0.214815
0 2101 0.594010 0.450926 0.042188 0.179630
0 2102 0.551562 0.330093 0.030208 0.128704
0 2103 0.442969 0.348611 0.023438 0.136111
0 2104 0.462500 0.371759 0.033333 0.162037
0 2105 0.703125 0.344444 0.030208 0.125926
0 2106 0.565885 0.368981 0.027604 0.128704
0 2109 0.556250 0.310185 0.036458 0.142593
0 2110 0.471354 0.308333 0.027083 0.133333
0 2111 0.608073 0.361111 0.029687 0.135185
0 2115 0.370573 0.456019 0.035937 0.193519
0 2117 0.203125 0.417593 0.035417 0.183333
