0 2028 0.327344 0.967593 0.088021 0.066667
0 2032 0.026302 0.967593 0.051562 0.066667
0 2033 0.220573 0.632407 0.046354 0.224074
0 2034 0.255208 0.636111 0.046875 0.253704
0 2035 0.288542 0.359722 0.039583 0.156481
0 2036 0.191667 0.413889 0.030208 0.175926
0 2037 0.252604 0.420833 0.028125 0.143519
0 2039 0.169010 0.341204 0.033854 0.143519
0 2042 0.277604 0.771296 0.067708 0.301852
0 2043 0.521354 0.232407 0.026042 0.120370
0 2045 0.255469 0.575000 0.052604 0.209259
0 2046 0.810156 0.456019 0.046354 0.195370
0 2047 0.432812 0.747685 0.052083 0.297222
0 2052 0.929948 0.487037 0.038021 0.198148
0 2053 0.578125 0.462963 0.036458 0.192593
0 2054 0.289062 0.553704 0.042708 0.224074
0 2055 0.352865 0.665278 0.069271 0.280556
0 2058 0.919531 0.471759 0.042188 0.182407
0 2060 0.651823 0.444907 0.038021 0.176852
0 2061 0.523438 0.351852 0.034375 0.157407
0 2062 0.757812 0.336111 0.039583 0.159259
0 2065 0.542448 0.265741 0.029687 0.109259
0 2066 0.521875 0.292130 0.028125 0.117593
0 2067 0.427083 0.349537 0.033333 0.154630
0 2068 0.513802 0.373148 0.035937 0.164815
0 2069 0.494531 0.306019 0.029687 0.137963
0 2070 0.410938 0.384722 0.031250 0.173148
0 2071 0.397656 0.346296 0.032813 0.153704
0 2072 0.441406 0.303241 0.029687 0.126852
0 2073 0.524479 0.404630 0.044792 0.187037
0 2074 0.230208 0.468981 0.045833 0.200926
0 2075 0.550000 0.368981 0.026042 0.132407
0 2076 0.372135 0.418519 0.035937 0.164815
0 2077 0.369271 0.381019 0.035417 0.167593
0 2084 0.855729 0.619907 0.046875 0.182407
0 2085 0.456250 0.306481 0.027083 0.125926
0 2088 0.189844 0.470370 0.038021 0.190741
0 2098 0.746094 0.511111 0.063021 0.214815
0 2101 0.618750 0.456019 0.053125 0.182407
0 2102 0.553906 0.340741 0.029687 0.138889
0 2103 0.449219 0.351389 0.023438 0.137963
0 2104 0.466667 0.376852 0.034375 0.164815
0 2105 0.702083 0.350000 0.030208 0.127778
0 2106 0.567708 0.372222 0.027083 0.127778
0 2109 0.559896 0.310185 0.036458 0.142593
0 2110 0.467708 0.306944 0.027083 0.132407
0 2111 0.608073 0.362963 0.029687 0.135185
0 2115 0.366667 0.468981 0.036458 0.200926
0 2117 0.193229 0.417130 0.035417 0.182407
