0 2033 0.194792 0.689815 0.046875 0.227778
0 2034 0.229948 0.687037 0.046354 0.261111
0 2035 0.225260 0.349537 0.029687 0.150926
0 2036 0.191667 0.408796 0.031250 0.165741
0 2037 0.234115 0.420833 0.023438 0.143519
0 2042 0.200521 0.855093 0.063542 0.289815
0 2043 0.572656 0.225000 0.031771 0.107407
0 2045 0.353906 0.627778 0.063021 0.224074
0 2046 0.934896 0.474074 0.042708 0.196296
0 2047 0.423698 0.843981 0.060937 0.310185
0 2053 0.723437 0.496296 0.064583 0.201852
0 2054 0.363281 0.597685 0.050521 0.232407
0 2055 0.272917 0.771296 0.067708 0.305556
0 2060 0.779167 0.468056 0.040625 0.184259
0 2061 0.563802 0.378241 0.031771 0.165741
0 2065 0.542188 0.271296 0.026042 0.109259
0 2066 0.527083 0.324074 0.027083 0.135185
0 2067 0.453385 0.379630 0.036979 0.157407
0 2068 0.542708 0.404630 0.039583 0.179630
0 2069 0.504167 0.324074 0.030208 0.135185
0 2070 0.402083 0.420370 0.031250 0.183333
0 2071 0.420573 0.374537 0.033854 0.160185
0 2072 0.461458 0.325463 0.030208 0.126852
0 2073 0.612760 0.432870 0.041146 0.193519
0 2074 0.235937 0.528704 0.047917 0.222222
0 2075 0.601302 0.390278 0.025521 0.132407
0 2076 0.438021 0.446759 0.038542 0.171296
0 2077 0.356250 0.420370 0.039583 0.179630
0 2084 0.811198 0.624537 0.039062 0.182407
0 2085 0.480469 0.334259 0.027604 0.135185
0 2088 0.202083 0.456481 0.038542 0.174074
0 2089 0.354427 0.251389 0.027604 0.110185
0 2094 0.331510 0.247222 0.029687 0.125926
0 2098 0.601562 0.496296 0.054167 0.209259
0 2099 0.801823 0.554630 0.052604 0.209259
0 2100 0.825781 0.530093 0.058854 0.215741
0 2101 0.753385 0.487500 0.054688 0.182407
0 2102 0.590625 0.364815 0.030208 0.146296
0 2103 0.480208 0.382870 0.023958 0.137963
0 2104 0.510156 0.413889 0.035937 0.174074
0 2105 0.712240 0.379167 0.030729 0.137963
0 2106 0.605469 0.394444 0.025521 0.127778
0 2109 0.541406 0.312037 0.035937 0.140741
0 2110 0.415104 0.303704 0.028125 0.127778
0 2111 0.609115 0.368519 0.029687 0.135185
0 2115 0.350000 0.519907 0.037500 0.215741
0 2117 0.168229 0.416204 0.037500 0.176852
