0 2033 0.173958 0.744444 0.057292 0.246296
0 2034 0.215365 0.747685 0.046354 0.278704
0 2035 0.175000 0.342130 0.030208 0.145370
0 2036 0.176823 0.408796 0.033854 0.165741
0 2037 0.201563 0.416204 0.023958 0.134259
0 2042 0.128906 0.899074 0.071354 0.201852
0 2043 0.605990 0.226852 0.032813 0.107407
0 2045 0.494271 0.635648 0.071875 0.223148
0 2047 0.413021 0.885185 0.065625 0.229630
0 2053 0.853385 0.511574 0.053646 0.206481
0 2054 0.497135 0.605093 0.070312 0.237963
0 2055 0.201563 0.839352 0.075000 0.321296
0 2060 0.882292 0.486111 0.040625 0.185185
0 2061 0.612500 0.391204 0.032292 0.165741
0 2065 0.543229 0.278704 0.026042 0.109259
0 2066 0.541927 0.340278 0.030729 0.137963
0 2067 0.471354 0.393056 0.036458 0.154630
0 2068 0.563542 0.412037 0.039583 0.179630
0 2069 0.514062 0.337963 0.030208 0.135185
0 2070 0.391667 0.451852 0.039583 0.190741
0 2071 0.442708 0.399074 0.032292 0.168519
0 2072 0.489583 0.344907 0.030208 0.126852
0 2073 0.684896 0.448148 0.042708 0.196296
0 2074 0.220052 0.581944 0.051562 0.250926
0 2075 0.648958 0.394907 0.026042 0.132407
0 2076 0.495833 0.466204 0.038542 0.173148
0 2077 0.336198 0.454167 0.041146 0.189815
0 2084 0.814583 0.624074 0.032292 0.181481
0 2085 0.511719 0.358796 0.027604 0.137963
0 2088 0.212760 0.456019 0.038021 0.173148
0 2089 0.370833 0.262500 0.020833 0.097222
0 2094 0.349740 0.252778 0.029687 0.125926
0 2095 0.336979 0.251389 0.021875 0.106481
0 2096 0.342708 0.238426 0.022917 0.123148
0 2098 0.501823 0.478704 0.052604 0.196296
0 2099 0.677865 0.536574 0.052604 0.210185
0 2100 0.709375 0.520833 0.059375 0.210185
0 2102 0.640625 0.384259 0.030208 0.146296
0 2103 0.503125 0.405093 0.026042 0.143519
0 2104 0.569271 0.442593 0.038542 0.179630
0 2105 0.742708 0.395370 0.032292 0.142593
0 2106 0.651042 0.411574 0.026042 0.130556
0 2109 0.508854 0.317130 0.035417 0.132407
0 2110 0.358854 0.306944 0.030208 0.121296
0 2111 0.610156 0.373148 0.029687 0.135185
0 2115 0.341667 0.569444 0.040625 0.229630
0 2117 0.167708 0.418981 0.038542 0.176852
