0 2028 0.320573 0.962500 0.088021 0.076852
0 2032 0.029948 0.963426 0.058854 0.075000
0 2033 0.222135 0.629630 0.046354 0.224074
0 2034 0.256771 0.633333 0.046875 0.253704
0 2035 0.292187 0.359722 0.040625 0.156481
0 2036 0.190104 0.414815 0.030208 0.177778
0 2037 0.254167 0.421759 0.028125 0.143519
0 2039 0.173698 0.341204 0.033854 0.143519
0 2042 0.282292 0.765741 0.066667 0.298148
0 2043 0.518490 0.233333 0.025521 0.120370
0 2045 0.252865 0.570370 0.051562 0.209259
0 2046 0.799219 0.456481 0.050521 0.196296
0 2047 0.432292 0.742593 0.052083 0.296296
0 2052 0.917448 0.488889 0.045312 0.198148
0 2053 0.568490 0.463426 0.042188 0.193519
0 2054 0.286458 0.550926 0.042708 0.224074
0 2055 0.357031 0.660185 0.065104 0.277778
0 2058 0.907031 0.471759 0.042188 0.182407
0 2060 0.646875 0.443056 0.038542 0.176852
0 2061 0.521615 0.350000 0.033854 0.157407
0 2062 0.752083 0.339815 0.040625 0.159259
0 2065 0.542448 0.265741 0.029687 0.109259
0 2066 0.521875 0.290278 0.028125 0.115741
0 2067 0.425521 0.346296 0.033333 0.150000
0 2068 0.511719 0.370833 0.035937 0.163889
0 2069 0.495052 0.303704 0.029687 0.135185
0 2070 0.410938 0.382870 0.031250 0.173148
0 2071 0.395313 0.344907 0.031250 0.154630
0 2072 0.440885 0.301389 0.029687 0.126852
0 2073 0.518750 0.401389 0.045833 0.184259
0 2074 0.227865 0.466204 0.045312 0.200926
0 2075 0.548958 0.368056 0.026042 0.132407
0 2076 0.367708 0.416667 0.036458 0.162963
0 2077 0.369271 0.379167 0.035417 0.167593
0 2084 0.872135 0.620833 0.048438 0.182407
0 2085 0.455208 0.305556 0.027083 0.125926
0 2088 0.189323 0.471296 0.038021 0.190741
0 2098 0.757031 0.512037 0.056771 0.214815
0 2101 0.610156 0.454167 0.048438 0.182407
0 2102 0.553125 0.337037 0.030208 0.135185
0 2103 0.446615 0.349537 0.023438 0.137963
0 2104 0.465104 0.374074 0.034375 0.162963
0 2105 0.702344 0.348148 0.029687 0.127778
0 2106 0.566927 0.370833 0.027604 0.128704
0 2109 0.558333 0.310185 0.036458 0.142593
0 2110 0.469792 0.307870 0.027083 0.132407
0 2111 0.608073 0.362037 0.029687 0.135185
0 2115 0.367969 0.464815 0.035937 0.198148
0 2117 0.196094 0.417130 0.034896 0.182407
