0 2033 0.192969 0.693519 0.046354 0.229630
0 2034 0.228906 0.690741 0.046354 0.264815
0 2035 0.222135 0.348611 0.029687 0.150926
0 2036 0.190625 0.408796 0.031250 0.165741
0 2037 0.233073 0.420833 0.023438 0.143519
0 2042 0.195833 0.856944 0.064583 0.286111
0 2043 0.574479 0.225000 0.032292 0.107407
0 2045 0.360417 0.629630 0.060417 0.224074
0 2046 0.941146 0.475000 0.041667 0.196296
0 2047 0.422917 0.845833 0.061458 0.306481
0 2053 0.730729 0.496296 0.054167 0.201852
0 2054 0.373177 0.597685 0.060937 0.232407
0 2055 0.269792 0.775000 0.069792 0.309259
0 2060 0.783594 0.468981 0.036979 0.184259
0 2061 0.566927 0.379167 0.031771 0.165741
0 2065 0.542188 0.271296 0.026042 0.109259
0 2066 0.527604 0.325000 0.027083 0.135185
0 2067 0.453385 0.381481 0.038021 0.157407
0 2068 0.544271 0.405556 0.039583 0.179630
0 2069 0.504687 0.325926 0.030208 0.135185
0 2070 0.401562 0.421759 0.031250 0.184259
0 2071 0.422135 0.375926 0.033854 0.161111
0 2072 0.463021 0.325463 0.030208 0.126852
0 2073 0.616667 0.433796 0.040625 0.193519
0 2074 0.235417 0.533796 0.047917 0.226852
0 2075 0.604948 0.391204 0.025521 0.132407
0 2076 0.441406 0.447685 0.038021 0.171296
0 2077 0.354687 0.422222 0.039583 0.179630
0 2084 0.811198 0.624537 0.039062 0.182407
0 2085 0.482031 0.335648 0.027604 0.136111
0 2088 0.202604 0.455556 0.038542 0.174074
0 2089 0.357292 0.251389 0.028125 0.110185
0 2094 0.332552 0.248148 0.029687 0.125926
0 2098 0.595573 0.494444 0.052604 0.207407
0 2099 0.794010 0.553704 0.053646 0.209259
0 2100 0.817969 0.528241 0.058854 0.215741
0 2101 0.760156 0.489352 0.054688 0.182407
0 2102 0.593229 0.365741 0.030208 0.146296
0 2103 0.481250 0.384722 0.023958 0.137963
0 2104 0.512500 0.415741 0.036458 0.174074
0 2105 0.713281 0.380556 0.030729 0.138889
0 2106 0.608073 0.395370 0.025521 0.127778
0 2109 0.539844 0.312500 0.035937 0.139815
0 2110 0.412240 0.304167 0.028646 0.126852
0 2111 0.609635 0.368519 0.029687 0.135185
0 2115 0.349479 0.523148 0.037500 0.216667
0 2117 0.168229 0.416204 0.037500 0.176852
