0 2033 0.200000 0.678704 0.046875 0.224074
0 2034 0.234896 0.678241 0.051042 0.254630
0 2035 0.238281 0.352778 0.031771 0.153704
0 2036 0.195833 0.408796 0.030208 0.165741
0 2037 0.238802 0.420833 0.023438 0.143519
0 2042 0.219010 0.846759 0.075521 0.306481
0 2043 0.563542 0.224537 0.032292 0.108333
0 2045 0.325260 0.620370 0.056771 0.218519
0 2046 0.901302 0.475000 0.049479 0.196296
0 2047 0.426563 0.829630 0.059375 0.318519
0 2053 0.689583 0.485648 0.054167 0.197222
0 2054 0.340365 0.594907 0.054688 0.232407
0 2055 0.292708 0.745370 0.064583 0.303704
0 2060 0.753906 0.468056 0.051562 0.182407
0 2061 0.552083 0.373148 0.032292 0.164815
0 2065 0.541927 0.269444 0.026562 0.109259
0 2066 0.523958 0.318519 0.027083 0.135185
0 2067 0.451823 0.372222 0.033854 0.157407
0 2068 0.538021 0.397222 0.039583 0.175926
0 2069 0.502083 0.319444 0.030208 0.135185
0 2070 0.404687 0.412037 0.031250 0.177778
0 2071 0.413542 0.368519 0.034375 0.155556
0 2072 0.455729 0.321759 0.030208 0.126852
0 2073 0.596875 0.428241 0.044792 0.193519
0 2074 0.237240 0.512500 0.047396 0.208333
0 2075 0.586198 0.386574 0.025521 0.132407
0 2076 0.424479 0.443056 0.038542 0.171296
0 2077 0.361979 0.412963 0.038542 0.174074
0 2084 0.810156 0.625463 0.041146 0.182407
0 2085 0.473958 0.326852 0.028125 0.131481
0 2088 0.199479 0.458333 0.038542 0.174074
0 2089 0.343750 0.249537 0.026042 0.110185
0 2094 0.326562 0.245370 0.029167 0.125926
0 2098 0.627865 0.496759 0.051562 0.202778
0 2099 0.841406 0.558796 0.059896 0.210185
0 2100 0.857031 0.535648 0.058854 0.215741
0 2101 0.725521 0.482870 0.053125 0.182407
0 2102 0.583333 0.362037 0.030208 0.146296
0 2103 0.475781 0.377315 0.023438 0.137963
0 2104 0.498437 0.407407 0.034375 0.174074
0 2105 0.707812 0.373148 0.030208 0.137037
0 2106 0.594010 0.390278 0.025521 0.126852
0 2109 0.549219 0.312500 0.035937 0.141667
0 2110 0.426563 0.302778 0.027083 0.129630
0 2111 0.608073 0.368519 0.029687 0.135185
0 2115 0.352083 0.505093 0.037500 0.206481
0 2117 0.170833 0.416204 0.037500 0.176852
