0 2033 0.206771 0.668519 0.046875 0.224074
0 2034 0.239844 0.668056 0.048438 0.254630
0 2035 0.249740 0.355093 0.033854 0.156481
0 2036 0.200260 0.408796 0.029687 0.165741
0 2037 0.244010 0.419907 0.023438 0.143519
0 2042 0.238542 0.833333 0.064583 0.322222
0 2043 0.554167 0.227778 0.032292 0.116667
0 2045 0.300781 0.608796 0.054688 0.210185
0 2046 0.875521 0.469444 0.052083 0.196296
0 2047 0.429948 0.807870 0.058854 0.312037
0 2053 0.656250 0.478704 0.054167 0.188889
0 2054 0.317708 0.586111 0.043750 0.231481
0 2055 0.309896 0.725463 0.070833 0.300926
0 2060 0.724740 0.462037 0.047396 0.179630
0 2061 0.544792 0.364815 0.032292 0.157407
0 2065 0.541927 0.268519 0.027604 0.109259
0 2066 0.521354 0.313426 0.027083 0.134259
0 2067 0.445312 0.364815 0.033333 0.157407
0 2068 0.533854 0.389815 0.039583 0.172222
0 2069 0.500000 0.313889 0.030208 0.135185
0 2070 0.407292 0.404167 0.031250 0.173148
0 2071 0.408854 0.363889 0.034375 0.153704
0 2072 0.451042 0.317130 0.030208 0.126852
0 2073 0.576042 0.422222 0.050000 0.196296
0 2074 0.236198 0.499074 0.046354 0.201852
0 2075 0.572656 0.381944 0.025521 0.132407
0 2076 0.411458 0.437037 0.041667 0.168519
0 2077 0.366406 0.406481 0.035937 0.168519
0 2084 0.808594 0.625463 0.044271 0.182407
0 2085 0.467187 0.319907 0.028125 0.126852
0 2088 0.196875 0.460185 0.038542 0.174074
0 2089 0.335938 0.247685 0.026042 0.110185
0 2098 0.653646 0.499537 0.050000 0.210185
0 2099 0.875521 0.558796 0.046875 0.210185
0 2100 0.889583 0.538426 0.058333 0.215741
0 2101 0.695052 0.478241 0.060937 0.182407
0 2102 0.576302 0.359259 0.029687 0.146296
0 2103 0.470313 0.370833 0.022917 0.137963
0 2104 0.486979 0.401852 0.034375 0.174074
0 2105 0.703385 0.367130 0.029687 0.136111
0 2106 0.583594 0.386111 0.025521 0.125926
0 2109 0.554167 0.312037 0.036458 0.142593
0 2110 0.436979 0.304167 0.027083 0.130556
0 2111 0.608073 0.366667 0.029687 0.135185
0 2115 0.354948 0.496759 0.038021 0.206481
0 2117 0.173958 0.417130 0.037500 0.178704
