0 2028 0.318490 0.960648 0.088021 0.080556
0 2032 0.031250 0.962037 0.061458 0.077778
0 2033 0.222656 0.628704 0.046354 0.224074
0 2034 0.257292 0.632407 0.046875 0.253704
0 2035 0.293490 0.360648 0.041146 0.156481
0 2036 0.189583 0.414815 0.030208 0.177778
0 2037 0.254688 0.422222 0.028125 0.144444
0 2039 0.175260 0.341204 0.033854 0.143519
0 2042 0.283594 0.763426 0.066146 0.297222
0 2043 0.517448 0.234259 0.025521 0.120370
0 2045 0.252083 0.568981 0.051042 0.210185
0 2046 0.795573 0.456481 0.052604 0.196296
0 2047 0.432292 0.741204 0.052083 0.295370
0 2052 0.912760 0.489815 0.049479 0.198148
0 2053 0.565104 0.463426 0.043750 0.193519
0 2054 0.285417 0.550000 0.042708 0.224074
0 2055 0.358333 0.657870 0.063542 0.276852
0 2058 0.903125 0.471759 0.041667 0.182407
0 2060 0.645312 0.443056 0.038542 0.176852
0 2061 0.520833 0.350000 0.034375 0.157407
0 2062 0.750000 0.342130 0.041667 0.160185
0 2065 0.542708 0.265741 0.030208 0.109259
0 2066 0.521875 0.290278 0.028125 0.115741
0 2067 0.425000 0.344444 0.033333 0.148148
0 2068 0.510677 0.369907 0.035937 0.163889
0 2069 0.495052 0.302315 0.029687 0.134259
0 2070 0.410938 0.381944 0.031250 0.173148
0 2071 0.394271 0.343981 0.031250 0.154630
0 2072 0.440885 0.300463 0.029687 0.126852
0 2073 0.516927 0.400926 0.046354 0.183333
0 2074 0.227344 0.465278 0.045312 0.200926
0 2075 0.548438 0.367130 0.026042 0.132407
0 2076 0.366146 0.416204 0.036458 0.162037
0 2077 0.369271 0.378241 0.035417 0.167593
0 2084 0.877604 0.620833 0.048958 0.182407
0 2085 0.454688 0.304630 0.027083 0.125926
0 2088 0.189323 0.472222 0.038021 0.190741
0 2098 0.760677 0.512037 0.054688 0.214815
0 2101 0.607552 0.453241 0.046354 0.182407
0 2102 0.552604 0.336111 0.030208 0.133333
0 2103 0.446094 0.349537 0.023438 0.137963
0 2104 0.464583 0.373148 0.034375 0.162963
0 2105 0.702604 0.347685 0.030208 0.126852
0 2106 0.566927 0.370833 0.027604 0.128704
0 2109 0.558333 0.310185 0.036458 0.142593
0 2110 0.469792 0.307870 0.027083 0.132407
0 2111 0.608073 0.362037 0.029687 0.135185
0 2115 0.368490 0.463426 0.035937 0.197222
0 2117 0.197135 0.417130 0.034896 0.182407
