0 2033 0.086719 0.885648 0.058854 0.230556
0 2034 0.129427 0.875926 0.060937 0.250000
0 2036 0.182031 0.415741 0.041146 0.164815
0 2054 0.888542 0.581944 0.046875 0.232407
0 2061 0.728906 0.445370 0.035937 0.192593
0 2065 0.541667 0.295833 0.030208 0.137963
0 2066 0.594271 0.356944 0.029167 0.126852
0 2067 0.620833 0.454630 0.039583 0.185185
0 2068 0.707812 0.455093 0.050000 0.195370
0 2069 0.566146 0.375000 0.031250 0.146296
0 2070 0.352083 0.552315 0.044792 0.226852
0 2071 0.593229 0.458333 0.036458 0.190741
0 2072 0.638542 0.377315 0.038542 0.143519
0 2073 0.948438 0.487037 0.053125 0.218519
0 2074 0.132031 0.757407 0.066146 0.277778
0 2075 0.790885 0.470370 0.036979 0.162963
0 2076 0.605729 0.542593 0.043750 0.203704
0 2077 0.294531 0.551389 0.048438 0.221296
0 2078 0.681510 0.516667 0.057813 0.237037
0 2084 0.864323 0.623611 0.054688 0.176852
0 2085 0.681510 0.387500 0.027604 0.136111
0 2088 0.245573 0.429630 0.033854 0.159259
0 2089 0.373958 0.276852 0.022917 0.103704
0 2094 0.395313 0.255093 0.028125 0.126852
0 2095 0.440365 0.256944 0.023438 0.106481
0 2096 0.449219 0.245833 0.028646 0.123148
0 2097 0.412500 0.186574 0.028125 0.104630
0 2098 0.287240 0.436111 0.039062 0.187037
0 2099 0.374740 0.485648 0.042188 0.187963
0 2100 0.424479 0.468981 0.053125 0.200926
0 2102 0.763542 0.440278 0.042708 0.189815
0 2103 0.643490 0.462037 0.043229 0.162963
0 2104 0.871875 0.501389 0.043750 0.213889
0 2105 0.860156 0.398611 0.029687 0.150926
0 2106 0.782031 0.466204 0.034896 0.145370
0 2109 0.392708 0.311574 0.033333 0.134259
0 2110 0.219792 0.297685 0.029167 0.123148
0 2111 0.611979 0.375000 0.030208 0.135185
0 2115 0.276302 0.742593 0.050521 0.288889
0 2117 0.167708 0.421759 0.038542 0.176852
