0 2033 0.096094 0.876389 0.058854 0.249074
0 2034 0.141146 0.868981 0.060417 0.262037
0 2036 0.181771 0.415278 0.040625 0.165741
0 2045 0.889323 0.619907 0.053646 0.228704
0 2054 0.864062 0.580556 0.063542 0.224074
0 2061 0.719531 0.438426 0.035937 0.186111
0 2065 0.544271 0.293519 0.030208 0.137037
0 2066 0.585938 0.356019 0.029167 0.128704
0 2067 0.600781 0.453704 0.040104 0.185185
0 2068 0.697396 0.451389 0.048958 0.193519
0 2069 0.559375 0.371296 0.031250 0.146296
0 2070 0.357292 0.543981 0.044792 0.226852
0 2071 0.576562 0.453241 0.036458 0.189815
0 2072 0.628385 0.375463 0.038021 0.143519
0 2073 0.924740 0.486111 0.054688 0.218519
0 2074 0.135937 0.739815 0.068750 0.274074
0 2075 0.778646 0.464352 0.035417 0.162037
0 2076 0.607292 0.531481 0.044792 0.196296
0 2077 0.295312 0.541667 0.048958 0.218519
0 2078 0.699479 0.518519 0.058333 0.237037
0 2084 0.859896 0.618519 0.045833 0.174074
0 2085 0.668490 0.387500 0.027604 0.137963
0 2088 0.241667 0.430556 0.033333 0.159259
0 2089 0.370312 0.275000 0.022917 0.101852
0 2094 0.389323 0.255093 0.027604 0.126852
0 2095 0.434115 0.255556 0.023438 0.107407
0 2096 0.439323 0.242593 0.026562 0.124074
0 2097 0.402604 0.190278 0.028125 0.104630
0 2098 0.304948 0.440741 0.043229 0.187037
0 2099 0.393229 0.489352 0.045833 0.187963
0 2100 0.444271 0.470833 0.053125 0.200926
0 2102 0.754687 0.436574 0.043750 0.189815
0 2103 0.626302 0.457870 0.038021 0.162037
0 2104 0.841667 0.495370 0.043750 0.201852
0 2105 0.860938 0.397685 0.030208 0.150926
0 2106 0.769010 0.458796 0.030729 0.145370
0 2109 0.402083 0.309722 0.033333 0.134259
0 2110 0.226562 0.297222 0.029167 0.124074
0 2111 0.611719 0.375000 0.029687 0.135185
0 2115 0.284375 0.725463 0.050000 0.284259
0 2117 0.167708 0.420833 0.038542 0.176852
