0 2033 0.146875 0.806481 0.058333 0.268519
0 2034 0.191667 0.804630 0.047917 0.307407
0 2035 0.140104 0.329630 0.022917 0.124074
0 2036 0.177865 0.413426 0.034896 0.165741
0 2037 0.173437 0.425463 0.023958 0.145370
0 2043 0.641146 0.222685 0.026042 0.106481
0 2045 0.656771 0.636574 0.065625 0.223148
0 2047 0.406771 0.935185 0.076042 0.129630
0 2054 0.641146 0.593519 0.059375 0.237037
0 2055 0.109115 0.891204 0.092188 0.217593
0 2061 0.660156 0.398611 0.031771 0.165741
0 2065 0.543750 0.281019 0.028125 0.112037
0 2066 0.550260 0.352778 0.033854 0.140741
0 2067 0.504167 0.424074 0.037500 0.172222
0 2068 0.591927 0.432870 0.040104 0.184259
0 2069 0.525000 0.351852 0.030208 0.135185
0 2070 0.375000 0.487963 0.040625 0.203704
0 2071 0.471615 0.424074 0.038021 0.174074
0 2072 0.534896 0.373148 0.038542 0.142593
0 2073 0.772656 0.464815 0.050521 0.207407
0 2074 0.195052 0.638889 0.056771 0.259259
0 2075 0.695833 0.430093 0.033333 0.149074
0 2076 0.557813 0.488889 0.044792 0.185185
0 2077 0.314063 0.482407 0.041667 0.196296
0 2078 0.876823 0.541204 0.066146 0.243519
0 2084 0.827083 0.632870 0.047917 0.182407
0 2085 0.558594 0.366204 0.027604 0.137963
0 2088 0.224740 0.443981 0.036979 0.167593
0 2089 0.373437 0.272685 0.020833 0.106481
0 2094 0.354948 0.255556 0.028646 0.125926
0 2095 0.371875 0.255093 0.023958 0.106481
0 2096 0.384375 0.240741 0.029167 0.124074
0 2098 0.416927 0.468056 0.054688 0.187963
0 2099 0.556510 0.523148 0.048438 0.201852
0 2100 0.591146 0.502315 0.059375 0.210185
0 2102 0.692708 0.399074 0.031250 0.159259
0 2103 0.540104 0.419907 0.026042 0.143519
0 2104 0.661719 0.465741 0.038021 0.196296
0 2105 0.789583 0.404167 0.034375 0.149074
0 2106 0.698958 0.429167 0.026042 0.134259
0 2109 0.468490 0.313889 0.035937 0.133333
0 2110 0.297135 0.306481 0.035937 0.125926
0 2111 0.610677 0.375000 0.029687 0.135185
0 2115 0.323958 0.625463 0.043750 0.249074
0 2117 0.167708 0.419907 0.038542 0.176852
