0 2033 0.151302 0.796759 0.058854 0.262037
0 2034 0.195312 0.793056 0.047917 0.300926
0 2035 0.140104 0.329630 0.022917 0.124074
0 2036 0.177604 0.413426 0.034375 0.165741
0 2037 0.178646 0.426389 0.023958 0.145370
0 2043 0.637760 0.222685 0.025521 0.106481
0 2045 0.632031 0.636574 0.046354 0.223148
0 2047 0.408073 0.928241 0.073438 0.143519
0 2054 0.613281 0.598148 0.077604 0.237037
0 2055 0.122135 0.884259 0.092188 0.231481
0 2061 0.647135 0.396759 0.031771 0.165741
0 2065 0.543750 0.280556 0.027083 0.112963
0 2066 0.549219 0.350926 0.033854 0.140741
0 2067 0.499479 0.421296 0.036458 0.172222
0 2068 0.586198 0.431019 0.040104 0.182407
0 2069 0.523438 0.350000 0.030208 0.135185
0 2070 0.376563 0.482407 0.040625 0.201852
0 2071 0.467187 0.421296 0.037500 0.174074
0 2072 0.526563 0.371296 0.038542 0.142593
0 2073 0.762760 0.463889 0.053646 0.207407
0 2074 0.196615 0.632407 0.056771 0.259259
0 2075 0.690104 0.429167 0.033333 0.149074
0 2076 0.547396 0.487963 0.044792 0.185185
0 2077 0.317708 0.478704 0.041667 0.194444
0 2078 0.893490 0.541204 0.055729 0.243519
0 2084 0.825000 0.631019 0.044792 0.182407
0 2085 0.551823 0.366204 0.027604 0.137963
0 2088 0.223958 0.444907 0.037500 0.167593
0 2089 0.372917 0.272685 0.020833 0.106481
0 2094 0.354427 0.255556 0.028646 0.125926
0 2095 0.366667 0.255093 0.023958 0.106481
0 2096 0.379427 0.240741 0.029687 0.124074
0 2098 0.429948 0.468981 0.052604 0.191667
0 2099 0.574219 0.523148 0.048438 0.201852
0 2100 0.607292 0.506019 0.059375 0.210185
0 2102 0.685677 0.393519 0.030729 0.153704
0 2103 0.535417 0.417130 0.026042 0.143519
0 2104 0.650000 0.463889 0.037500 0.196296
0 2105 0.782292 0.404630 0.034375 0.148148
0 2106 0.692708 0.426852 0.026042 0.133333
0 2109 0.473958 0.315278 0.036458 0.132407
0 2110 0.305469 0.306944 0.034896 0.126852
0 2111 0.610417 0.375000 0.030208 0.135185
0 2115 0.327083 0.617593 0.043750 0.246296
0 2117 0.167708 0.419907 0.038542 0.176852
