0 2033 0.159375 0.779167 0.059375 0.250926
0 2034 0.202604 0.776389 0.048958 0.291667
0 2035 0.144792 0.331944 0.026042 0.126852
0 2036 0.177083 0.411574 0.034375 0.165741
0 2037 0.185417 0.424074 0.023958 0.142593
0 2042 0.076823 0.931019 0.069271 0.139815
0 2043 0.629687 0.223611 0.028125 0.106481
0 2045 0.597396 0.636111 0.069792 0.224074
0 2047 0.410938 0.915741 0.067708 0.168519
0 2054 0.582812 0.597222 0.050000 0.237037
0 2055 0.141406 0.871759 0.083854 0.256481
0 2061 0.631250 0.393981 0.032292 0.165741
0 2065 0.543750 0.280093 0.027083 0.112037
0 2066 0.547656 0.349074 0.033854 0.140741
0 2067 0.491927 0.415741 0.035937 0.170370
0 2068 0.576042 0.426852 0.039583 0.179630
0 2069 0.520312 0.348148 0.030208 0.135185
0 2070 0.379167 0.473148 0.040625 0.198148
0 2071 0.459896 0.417130 0.037500 0.173148
0 2072 0.513802 0.366204 0.031771 0.143519
0 2073 0.740104 0.461574 0.045833 0.206481
0 2074 0.207813 0.627778 0.055208 0.259259
0 2075 0.677865 0.420833 0.031771 0.145370
0 2076 0.530990 0.485185 0.045312 0.185185
0 2077 0.325000 0.471759 0.041667 0.189815
0 2084 0.821094 0.628241 0.039062 0.182407
0 2085 0.539844 0.364352 0.027604 0.137963
0 2088 0.221615 0.448148 0.038021 0.168519
0 2089 0.372396 0.272685 0.020833 0.106481
0 2094 0.352604 0.256481 0.029167 0.125926
0 2095 0.358333 0.254167 0.023958 0.106481
0 2096 0.369531 0.240278 0.027604 0.123148
0 2098 0.450000 0.472685 0.048958 0.195370
0 2099 0.602344 0.530093 0.051562 0.200926
0 2100 0.638021 0.510648 0.059375 0.210185
0 2102 0.673177 0.384259 0.029687 0.146296
0 2103 0.527083 0.413426 0.026042 0.143519
0 2104 0.622917 0.459722 0.037500 0.189815
0 2105 0.770833 0.401852 0.034375 0.148148
0 2106 0.680729 0.422222 0.026042 0.133333
0 2109 0.483594 0.315278 0.035937 0.132407
0 2110 0.319271 0.306944 0.032292 0.126852
0 2111 0.610156 0.375000 0.029687 0.135185
0 2115 0.332292 0.603241 0.043750 0.241667
0 2117 0.167708 0.418981 0.038542 0.176852
