0 2033 0.167708 0.759722 0.059375 0.245370
0 2034 0.211979 0.762500 0.053125 0.287963
0 2035 0.159635 0.337963 0.029687 0.135185
0 2036 0.176823 0.410648 0.033854 0.165741
0 2037 0.192188 0.417593 0.023958 0.135185
0 2042 0.104427 0.911111 0.085938 0.175926
0 2043 0.614323 0.225926 0.028646 0.107407
0 2045 0.537240 0.637500 0.056771 0.223148
0 2047 0.409896 0.897685 0.066667 0.202778
0 2054 0.534635 0.606019 0.053646 0.237963
0 2055 0.173698 0.854630 0.079687 0.290741
0 2060 0.919531 0.488889 0.040104 0.185185
0 2061 0.622656 0.393981 0.031771 0.165741
0 2065 0.543490 0.279167 0.026562 0.110185
0 2066 0.544531 0.343519 0.034896 0.140741
0 2067 0.480208 0.402778 0.035417 0.161111
0 2068 0.569271 0.413889 0.039583 0.179630
0 2069 0.516146 0.343519 0.030208 0.135185
0 2070 0.389323 0.461111 0.040104 0.190741
0 2071 0.449740 0.405093 0.041146 0.167593
0 2072 0.499740 0.354167 0.029687 0.134259
0 2073 0.710156 0.454630 0.045312 0.203704
0 2074 0.216406 0.605093 0.053646 0.258333
0 2075 0.656771 0.394907 0.026042 0.132407
0 2076 0.508333 0.472222 0.039583 0.174074
0 2077 0.331771 0.462500 0.041667 0.189815
0 2084 0.815625 0.624074 0.030208 0.181481
0 2085 0.522656 0.362500 0.027604 0.137963
0 2088 0.216927 0.452315 0.038021 0.171296
0 2089 0.372396 0.263889 0.020833 0.100000
0 2094 0.350781 0.255556 0.029687 0.125926
0 2095 0.347135 0.253241 0.023438 0.106481
0 2096 0.354167 0.239352 0.023958 0.123148
0 2098 0.480729 0.478241 0.048958 0.195370
0 2099 0.646354 0.534722 0.052083 0.200926
0 2100 0.674479 0.515278 0.059375 0.210185
0 2102 0.654687 0.384259 0.030208 0.146296
0 2103 0.513021 0.408796 0.026042 0.143519
0 2104 0.591146 0.453241 0.037500 0.187963
0 2105 0.754427 0.397685 0.033854 0.147222
0 2106 0.664062 0.415741 0.026042 0.131481
0 2109 0.497656 0.316204 0.035937 0.132407
0 2110 0.340365 0.306481 0.029687 0.125926
0 2111 0.610156 0.375000 0.029687 0.135185
0 2115 0.338542 0.583796 0.042708 0.234259
0 2117 0.167708 0.418981 0.038542 0.176852
