0 2033 0.169271 0.756019 0.059375 0.245370
0 2034 0.213021 0.757870 0.051042 0.284259
0 2035 0.164323 0.339352 0.029687 0.137963
0 2036 0.176823 0.409722 0.033854 0.165741
0 2037 0.194271 0.416204 0.023958 0.134259
0 2042 0.111198 0.906481 0.094271 0.185185
0 2043 0.611198 0.226852 0.028646 0.107407
0 2045 0.523438 0.636574 0.042708 0.223148
0 2047 0.409896 0.893981 0.066667 0.210185
0 2054 0.520833 0.606481 0.053125 0.237037
0 2055 0.182031 0.850463 0.078646 0.299074
0 2060 0.907292 0.487963 0.040625 0.185185
0 2061 0.620833 0.393981 0.032292 0.165741
0 2065 0.543490 0.279167 0.026562 0.110185
0 2066 0.543750 0.342593 0.034375 0.140741
0 2067 0.477083 0.399537 0.035417 0.158333
0 2068 0.567187 0.412963 0.039583 0.179630
0 2069 0.515104 0.341667 0.030208 0.135185
0 2070 0.390104 0.458333 0.039583 0.190741
0 2071 0.447396 0.403704 0.032292 0.168519
0 2072 0.496615 0.351389 0.029687 0.132407
0 2073 0.703646 0.452315 0.047917 0.202778
0 2074 0.217188 0.598148 0.053125 0.255556
0 2075 0.654167 0.394907 0.026042 0.132407
0 2076 0.504167 0.469907 0.038542 0.173148
0 2077 0.333333 0.460648 0.041667 0.189815
0 2084 0.815104 0.624074 0.031250 0.181481
0 2085 0.519010 0.362500 0.027604 0.137963
0 2088 0.215365 0.453704 0.038021 0.172222
0 2089 0.371875 0.262963 0.020833 0.098148
0 2094 0.350781 0.254630 0.029687 0.125926
0 2095 0.344531 0.253241 0.023438 0.106481
0 2096 0.350781 0.239352 0.023438 0.123148
0 2098 0.485417 0.478241 0.054167 0.195370
0 2099 0.656771 0.535648 0.052083 0.200926
0 2100 0.685417 0.517130 0.059375 0.210185
0 2102 0.650521 0.384259 0.030208 0.146296
0 2103 0.509896 0.407870 0.026042 0.143519
0 2104 0.584375 0.450463 0.037500 0.186111
0 2105 0.751042 0.396759 0.033333 0.145370
0 2106 0.660156 0.414815 0.025521 0.131481
0 2109 0.501042 0.316204 0.035417 0.132407
0 2110 0.346094 0.306481 0.029687 0.124074
0 2111 0.610156 0.374074 0.029687 0.135185
0 2115 0.339583 0.579167 0.041667 0.232407
0 2117 0.167708 0.418981 0.038542 0.176852
