0 2033 0.155729 0.787037 0.059375 0.255556
0 2034 0.199479 0.781481 0.047917 0.294444
0 2035 0.141667 0.330093 0.023958 0.125000
0 2036 0.177083 0.412500 0.034375 0.165741
0 2037 0.183333 0.426389 0.023958 0.145370
0 2042 0.065365 0.935185 0.071354 0.129630
0 2043 0.633854 0.222685 0.026042 0.106481
0 2045 0.613021 0.637037 0.068750 0.224074
0 2047 0.409635 0.921296 0.070312 0.157407
0 2054 0.596094 0.596296 0.060937 0.237037
0 2055 0.133073 0.877315 0.088021 0.245370
0 2061 0.634115 0.394907 0.031771 0.165741
0 2065 0.543750 0.280093 0.027083 0.112037
0 2066 0.548177 0.350000 0.033854 0.140741
0 2067 0.495573 0.418056 0.035937 0.171296
0 2068 0.579948 0.429167 0.040104 0.180556
0 2069 0.521875 0.349074 0.030208 0.135185
0 2070 0.377604 0.476852 0.040625 0.200000
0 2071 0.463021 0.418981 0.037500 0.173148
0 2072 0.519010 0.368519 0.035937 0.142593
0 2073 0.749740 0.461574 0.042188 0.206481
0 2074 0.203646 0.631481 0.055208 0.259259
0 2075 0.684896 0.429167 0.033333 0.149074
0 2076 0.537500 0.487037 0.044792 0.185185
0 2077 0.321875 0.474537 0.041667 0.191667
0 2084 0.822656 0.629630 0.041146 0.181481
0 2085 0.545573 0.365278 0.027604 0.137963
0 2088 0.223698 0.446759 0.038021 0.167593
0 2089 0.372396 0.272685 0.020833 0.106481
0 2094 0.353385 0.255556 0.028646 0.125926
0 2095 0.361979 0.255093 0.023958 0.106481
0 2096 0.374219 0.240278 0.028646 0.123148
0 2098 0.442708 0.468981 0.048958 0.195370
0 2099 0.590104 0.526852 0.050000 0.201852
0 2100 0.624479 0.508796 0.059375 0.210185
0 2102 0.678646 0.387963 0.030208 0.150000
0 2103 0.530729 0.415278 0.026042 0.143519
0 2104 0.636458 0.461574 0.037500 0.193519
0 2105 0.775521 0.402778 0.034375 0.148148
0 2106 0.685937 0.424074 0.026042 0.133333
0 2109 0.479167 0.315278 0.036458 0.132407
0 2110 0.313021 0.306944 0.033333 0.126852
0 2111 0.610156 0.375000 0.029687 0.135185
0 2115 0.330208 0.609722 0.043750 0.243519
0 2117 0.167708 0.418981 0.038542 0.176852
