0 2033 0.072656 0.899074 0.058854 0.203704
0 2034 0.121094 0.888426 0.072396 0.223148
0 2036 0.183073 0.416204 0.042188 0.165741
0 2061 0.747396 0.451852 0.044792 0.192593
0 2065 0.535417 0.300463 0.030208 0.137963
0 2066 0.605729 0.362500 0.029167 0.126852
0 2067 0.644271 0.462037 0.039583 0.185185
0 2068 0.723437 0.464352 0.051042 0.199074
0 2069 0.578646 0.376852 0.031250 0.146296
0 2070 0.342708 0.566204 0.046875 0.226852
0 2071 0.617969 0.465741 0.035937 0.190741
0 2072 0.675521 0.388426 0.038542 0.143519
0 2074 0.116146 0.780093 0.065625 0.282407
0 2075 0.812500 0.479167 0.043750 0.165741
0 2076 0.602865 0.559259 0.044271 0.209259
0 2077 0.293490 0.566204 0.048438 0.226852
0 2078 0.657292 0.514352 0.051042 0.234259
0 2079 0.884635 0.549537 0.052604 0.239815
0 2084 0.868750 0.624537 0.056250 0.176852
0 2085 0.700521 0.394444 0.027083 0.138889
0 2088 0.251302 0.428704 0.033854 0.159259
0 2089 0.378646 0.279630 0.022917 0.105556
0 2094 0.400000 0.255093 0.028125 0.126852
0 2095 0.449219 0.260185 0.023438 0.107407
0 2096 0.462760 0.250463 0.029687 0.123148
0 2097 0.428385 0.187037 0.022396 0.103704
0 2098 0.264844 0.435648 0.038021 0.184259
0 2099 0.350521 0.482407 0.035417 0.187037
0 2100 0.400781 0.465741 0.052604 0.196296
0 2102 0.772396 0.447685 0.042708 0.189815
0 2103 0.663281 0.474074 0.035937 0.166667
0 2104 0.920573 0.511574 0.044271 0.217593
0 2105 0.856510 0.401389 0.029687 0.150926
0 2106 0.802344 0.475000 0.031771 0.146296
0 2109 0.378125 0.313426 0.033333 0.134259
0 2110 0.210417 0.299074 0.029167 0.122222
0 2111 0.611979 0.375000 0.030208 0.135185
0 2115 0.264583 0.769444 0.052083 0.300000
0 2117 0.167708 0.421759 0.038542 0.176852
