0 2033 0.046615 0.927315 0.069271 0.143519
0 2034 0.094792 0.918056 0.061458 0.165741
0 2036 0.183333 0.416667 0.044792 0.164815
0 2061 0.796354 0.469907 0.035417 0.193519
0 2065 0.526563 0.306019 0.032292 0.141667
0 2066 0.640104 0.375463 0.031250 0.130556
0 2067 0.695052 0.475926 0.040104 0.185185
0 2068 0.759635 0.481944 0.040104 0.210185
0 2069 0.615365 0.390741 0.031771 0.146296
0 2070 0.326042 0.603241 0.046875 0.241667
0 2071 0.678906 0.486574 0.044271 0.197222
0 2072 0.709896 0.408796 0.038542 0.143519
0 2074 0.083854 0.842593 0.076042 0.296296
0 2075 0.871354 0.495370 0.034375 0.164815
0 2076 0.597917 0.592593 0.047917 0.214815
0 2077 0.283854 0.600926 0.050000 0.240741
0 2078 0.603385 0.495833 0.045312 0.223148
0 2079 0.800260 0.541204 0.073438 0.236111
0 2082 0.847135 0.535648 0.045312 0.215741
0 2084 0.879948 0.614352 0.048438 0.176852
0 2085 0.742188 0.418519 0.027083 0.153704
0 2088 0.261719 0.423611 0.033854 0.160185
0 2089 0.397656 0.280093 0.023438 0.108333
0 2094 0.401042 0.255093 0.028125 0.126852
0 2095 0.471875 0.268519 0.022917 0.107407
0 2096 0.486198 0.255093 0.027604 0.123148
0 2097 0.459896 0.191667 0.021875 0.103704
0 2098 0.215625 0.435185 0.051042 0.181481
0 2099 0.297656 0.474537 0.039062 0.182407
0 2100 0.354948 0.458796 0.046354 0.189815
0 2102 0.788542 0.457870 0.042708 0.189815
0 2103 0.710417 0.485185 0.036458 0.175926
0 2105 0.843750 0.407407 0.030208 0.151852
0 2106 0.865885 0.485185 0.029687 0.146296
0 2109 0.347396 0.315741 0.033333 0.135185
0 2110 0.188542 0.300926 0.029167 0.120370
0 2111 0.612500 0.375000 0.030208 0.135185
0 2115 0.231250 0.826852 0.055208 0.324074
0 2117 0.167708 0.422685 0.038542 0.176852
