0 2065 0.537760 0.323611 0.033854 0.143519
0 2066 0.713542 0.409259 0.035417 0.159259
0 2067 0.825521 0.496296 0.040625 0.185185
0 2068 0.911198 0.498611 0.050521 0.210185
0 2069 0.682813 0.414815 0.035417 0.157407
0 2070 0.314583 0.684259 0.059375 0.270370
0 2071 0.805729 0.506944 0.034375 0.199074
0 2072 0.770833 0.457870 0.042708 0.173148
0 2076 0.574219 0.660185 0.050521 0.233333
0 2077 0.254688 0.680093 0.060417 0.260185
0 2078 0.523438 0.462500 0.043750 0.210185
0 2079 0.644531 0.512037 0.048438 0.225926
0 2080 0.737500 0.535185 0.050000 0.203704
0 2081 0.773958 0.526852 0.044792 0.218519
0 2082 0.718229 0.513889 0.050000 0.203704
0 2083 0.828646 0.521759 0.050000 0.215741
0 2084 0.869792 0.596296 0.047917 0.168519
0 2085 0.803906 0.462500 0.035937 0.178704
0 2086 0.033333 0.871296 0.058333 0.257407
0 2087 0.022656 0.846296 0.042188 0.287037
0 2088 0.265365 0.406481 0.033854 0.153704
0 2089 0.457552 0.269907 0.022396 0.100926
0 2094 0.402083 0.255093 0.028125 0.126852
0 2095 0.484635 0.280556 0.021354 0.109259
0 2096 0.505729 0.265278 0.028125 0.132407
0 2097 0.527083 0.180093 0.023958 0.099074
0 2098 0.148438 0.433796 0.030208 0.182407
0 2099 0.199219 0.455093 0.038021 0.167593
0 2100 0.276823 0.448611 0.048438 0.184259
0 2103 0.829427 0.506944 0.035937 0.171296
0 2105 0.842708 0.415278 0.032292 0.150926
0 2109 0.275521 0.319444 0.037500 0.135185
0 2110 0.141146 0.300463 0.030208 0.115741
0 2111 0.612500 0.375000 0.030208 0.135185
0 2115 0.118229 0.895833 0.063542 0.210185
0 2117 0.167708 0.423611 0.038542 0.176852
