0 2033 0.080990 0.891204 0.058854 0.219444
0 2034 0.127604 0.880093 0.071875 0.239815
0 2036 0.182552 0.415741 0.042188 0.164815
0 2061 0.736979 0.448148 0.040625 0.192593
0 2065 0.539062 0.297685 0.030208 0.137963
0 2066 0.599479 0.358796 0.029167 0.126852
0 2067 0.630729 0.457407 0.039583 0.185185
0 2068 0.713021 0.457870 0.050000 0.199074
0 2069 0.571354 0.375926 0.031250 0.146296
0 2070 0.347917 0.557407 0.045833 0.225926
0 2071 0.606250 0.462963 0.036458 0.190741
0 2072 0.653646 0.381944 0.038542 0.143519
0 2073 0.964063 0.486574 0.047917 0.217593
0 2074 0.129948 0.768519 0.065104 0.281481
0 2075 0.800260 0.474074 0.044271 0.164815
0 2076 0.604688 0.549537 0.043750 0.208333
0 2077 0.294271 0.556944 0.047917 0.223148
0 2078 0.672917 0.515278 0.051042 0.236111
0 2084 0.866146 0.624537 0.056250 0.176852
0 2085 0.690104 0.387963 0.027083 0.135185
0 2088 0.247917 0.429167 0.033333 0.160185
0 2089 0.376042 0.278241 0.022917 0.104630
0 2094 0.398958 0.255093 0.028125 0.126852
0 2095 0.444010 0.257870 0.023438 0.106481
0 2096 0.455208 0.248611 0.029167 0.123148
0 2097 0.419271 0.186574 0.026042 0.104630
0 2098 0.277344 0.434722 0.038021 0.186111
0 2099 0.364583 0.484259 0.036458 0.187037
0 2100 0.413281 0.467593 0.052604 0.200000
0 2102 0.768229 0.443056 0.042708 0.189815
0 2103 0.651823 0.467130 0.040104 0.163889
0 2104 0.891667 0.506019 0.043750 0.217593
0 2105 0.858594 0.400000 0.029687 0.151852
0 2106 0.790365 0.469907 0.033854 0.145370
0 2109 0.386458 0.312500 0.033333 0.134259
0 2110 0.216146 0.298148 0.029167 0.122222
0 2111 0.611979 0.375000 0.030208 0.135185
0 2115 0.271354 0.753704 0.051042 0.292593
0 2117 0.167708 0.421759 0.038542 0.176852
