0 2033 0.030990 0.946759 0.060937 0.108333
0 2034 0.080208 0.934259 0.061458 0.133333
0 2036 0.174740 0.412963 0.044271 0.164815
0 2061 0.839844 0.471759 0.042188 0.193519
0 2065 0.525781 0.308796 0.031771 0.143519
0 2066 0.663281 0.388889 0.034896 0.148148
0 2067 0.726042 0.486111 0.040625 0.185185
0 2068 0.799219 0.484722 0.052604 0.210185
0 2069 0.639062 0.399074 0.031250 0.146296
0 2070 0.323958 0.625463 0.052083 0.249074
0 2071 0.710938 0.489815 0.034375 0.198148
0 2072 0.727083 0.418981 0.038542 0.143519
0 2074 0.065104 0.868056 0.079167 0.260185
0 2075 0.903906 0.503704 0.033854 0.164815
0 2076 0.593490 0.611574 0.047396 0.225000
0 2077 0.273958 0.617593 0.052083 0.248148
0 2078 0.579948 0.483796 0.050521 0.217593
0 2079 0.750000 0.531944 0.063542 0.239815
0 2080 0.860417 0.553704 0.045833 0.203704
0 2081 0.888802 0.542130 0.051562 0.223148
0 2082 0.807031 0.531019 0.054688 0.215741
0 2084 0.879948 0.609722 0.048438 0.176852
0 2085 0.758854 0.435185 0.031250 0.179630
0 2088 0.264323 0.417130 0.033854 0.160185
0 2089 0.416146 0.275000 0.023958 0.107407
0 2094 0.402083 0.255093 0.028125 0.126852
0 2095 0.481771 0.267593 0.021875 0.107407
0 2096 0.494531 0.258333 0.027604 0.125926
0 2097 0.479687 0.182870 0.020833 0.099074
0 2098 0.185938 0.435185 0.042708 0.181481
0 2099 0.269271 0.462500 0.043750 0.176852
0 2100 0.327604 0.450926 0.044792 0.185185
0 2102 0.824740 0.468981 0.042188 0.189815
0 2103 0.736979 0.487037 0.036458 0.174074
0 2105 0.831250 0.407870 0.031250 0.150926
0 2106 0.907031 0.493519 0.029687 0.146296
0 2109 0.330208 0.313889 0.035417 0.135185
0 2110 0.175521 0.302315 0.029167 0.117593
0 2111 0.613021 0.375000 0.030208 0.135185
0 2115 0.198958 0.849074 0.063542 0.301852
0 2117 0.167708 0.422685 0.038542 0.176852
