0 2033 0.027865 0.950000 0.054688 0.101852
0 2034 0.074479 0.937037 0.061458 0.127778
0 2036 0.172135 0.412963 0.044271 0.164815
0 2061 0.846615 0.471759 0.042188 0.193519
0 2065 0.525781 0.308796 0.031771 0.143519
0 2066 0.667708 0.391204 0.035417 0.150926
0 2067 0.731771 0.486111 0.040625 0.185185
0 2068 0.806510 0.486574 0.053646 0.210185
0 2069 0.642188 0.400000 0.031250 0.146296
0 2070 0.323437 0.630556 0.052083 0.250000
0 2071 0.716927 0.490278 0.033854 0.199074
0 2072 0.729688 0.419907 0.038542 0.143519
0 2074 0.062500 0.871296 0.078125 0.253704
0 2075 0.910937 0.508333 0.034375 0.164815
0 2076 0.592448 0.615741 0.046354 0.225926
0 2077 0.271875 0.621296 0.053125 0.250000
0 2078 0.575000 0.480093 0.054167 0.213889
0 2079 0.740625 0.530093 0.063542 0.239815
0 2080 0.852604 0.552315 0.050000 0.204630
0 2081 0.882812 0.542130 0.061458 0.223148
0 2082 0.799219 0.529167 0.054688 0.215741
0 2084 0.879948 0.608796 0.048438 0.176852
0 2085 0.761979 0.437037 0.033333 0.179630
0 2088 0.264583 0.416204 0.033333 0.160185
0 2089 0.420312 0.274074 0.023958 0.107407
0 2094 0.402083 0.255093 0.028125 0.126852
0 2095 0.482292 0.268519 0.021875 0.107407
0 2096 0.495833 0.258333 0.028125 0.127778
0 2097 0.483333 0.182870 0.020833 0.099074
0 2098 0.182812 0.435185 0.042708 0.181481
0 2099 0.263021 0.461111 0.044792 0.175926
0 2100 0.326562 0.449074 0.044792 0.185185
0 2102 0.833594 0.468981 0.042188 0.187963
0 2103 0.742188 0.488889 0.036458 0.174074
0 2105 0.828906 0.407870 0.030729 0.150926
0 2106 0.915885 0.494444 0.029687 0.146296
0 2109 0.326823 0.312963 0.035937 0.135185
0 2110 0.173437 0.302315 0.029167 0.117593
0 2111 0.613021 0.375000 0.030208 0.135185
0 2115 0.191146 0.851852 0.063542 0.296296
0 2117 0.167708 0.422685 0.038542 0.176852
