0 2065 0.536979 0.323148 0.033333 0.142593
0 2066 0.708854 0.407407 0.034375 0.159259
0 2067 0.813542 0.495370 0.040625 0.185185
0 2068 0.898177 0.496759 0.050521 0.210185
0 2069 0.681771 0.412500 0.035417 0.152778
0 2070 0.316406 0.677778 0.056771 0.270370
0 2071 0.796354 0.506944 0.034375 0.199074
0 2072 0.765104 0.451389 0.041667 0.167593
0 2076 0.577083 0.656019 0.050000 0.230556
0 2077 0.254688 0.674537 0.060417 0.260185
0 2078 0.528125 0.464815 0.046875 0.209259
0 2079 0.653125 0.514352 0.051042 0.226852
0 2080 0.751042 0.538889 0.050000 0.203704
0 2081 0.784375 0.526852 0.048958 0.216667
0 2082 0.724740 0.515278 0.050521 0.206481
0 2083 0.845833 0.523611 0.050000 0.215741
0 2084 0.868490 0.597222 0.048438 0.168519
0 2085 0.798438 0.460648 0.036458 0.178704
0 2086 0.028125 0.875463 0.050000 0.247222
0 2088 0.265365 0.406944 0.033854 0.154630
0 2089 0.459115 0.269907 0.021354 0.100926
0 2094 0.402083 0.255093 0.028125 0.126852
0 2095 0.485156 0.279630 0.021354 0.109259
0 2096 0.505729 0.265278 0.028125 0.132407
0 2097 0.522396 0.181019 0.021875 0.099074
0 2098 0.150000 0.432870 0.032292 0.182407
0 2099 0.204687 0.456944 0.037500 0.167593
0 2100 0.280208 0.449537 0.048958 0.184259
0 2103 0.820573 0.506944 0.035937 0.171296
0 2105 0.839063 0.414352 0.032292 0.150926
0 2109 0.281771 0.319444 0.037500 0.135185
0 2110 0.145052 0.302315 0.029687 0.115741
0 2111 0.612500 0.375000 0.030208 0.135185
0 2115 0.125000 0.891204 0.063542 0.219444
0 2117 0.167708 0.423611 0.038542 0.176852
