0 2033 0.047656 0.923611 0.069271 0.150926
0 2034 0.095833 0.914815 0.061458 0.172222
0 2036 0.184896 0.417593 0.044792 0.164815
0 2061 0.791406 0.468519 0.039062 0.192593
0 2065 0.527604 0.305556 0.032292 0.140741
0 2066 0.635677 0.373148 0.030729 0.127778
0 2067 0.690365 0.475926 0.040104 0.185185
0 2068 0.754948 0.481019 0.040104 0.210185
0 2069 0.610156 0.388889 0.031771 0.146296
0 2070 0.327083 0.599537 0.045833 0.239815
0 2071 0.672396 0.485185 0.044792 0.196296
0 2072 0.705729 0.406944 0.038542 0.143519
0 2074 0.088021 0.837963 0.076042 0.296296
0 2075 0.863542 0.493519 0.035417 0.164815
0 2076 0.599479 0.589815 0.047917 0.214815
0 2077 0.285417 0.598148 0.050000 0.238889
0 2078 0.607812 0.497685 0.045833 0.223148
0 2079 0.806771 0.539815 0.065625 0.238889
0 2082 0.853906 0.537037 0.048438 0.214815
0 2084 0.879948 0.615278 0.048438 0.176852
0 2085 0.739062 0.414352 0.027083 0.145370
0 2088 0.260677 0.424537 0.033854 0.160185
0 2089 0.394531 0.281019 0.023438 0.108333
0 2094 0.401042 0.255093 0.028125 0.126852
0 2095 0.470052 0.268981 0.023438 0.106481
0 2096 0.484635 0.255093 0.027604 0.123148
0 2097 0.456250 0.192593 0.021875 0.103704
0 2098 0.220833 0.436111 0.045833 0.181481
0 2099 0.302865 0.478241 0.040104 0.186111
0 2100 0.359635 0.460648 0.046354 0.189815
0 2102 0.786979 0.456944 0.042708 0.189815
0 2103 0.705729 0.484259 0.036458 0.174074
0 2105 0.845833 0.406481 0.030208 0.151852
0 2106 0.858594 0.484259 0.029687 0.146296
0 2109 0.350521 0.315741 0.033333 0.135185
0 2110 0.191146 0.300926 0.029167 0.120370
0 2111 0.612500 0.375000 0.030208 0.135185
0 2115 0.235677 0.820833 0.054688 0.321296
0 2117 0.167708 0.422685 0.038542 0.176852
