0 2065 0.538802 0.324074 0.033854 0.142593
0 2066 0.718750 0.412037 0.035417 0.159259
0 2067 0.839583 0.499074 0.040625 0.185185
0 2068 0.926562 0.499074 0.051042 0.207407
0 2069 0.685677 0.417130 0.035937 0.160185
0 2070 0.312240 0.691667 0.061979 0.270370
0 2071 0.819531 0.507407 0.034896 0.201852
0 2072 0.777604 0.466204 0.043750 0.182407
0 2076 0.571354 0.665741 0.051042 0.237037
0 2077 0.250521 0.687037 0.060417 0.262963
0 2078 0.517448 0.459722 0.039062 0.212037
0 2079 0.630208 0.513426 0.061458 0.217593
0 2080 0.725260 0.532407 0.055729 0.203704
0 2081 0.761979 0.522685 0.058333 0.217593
0 2082 0.709896 0.512037 0.050000 0.201852
0 2083 0.818490 0.519444 0.057813 0.214815
0 2084 0.871615 0.596296 0.048438 0.168519
0 2085 0.812500 0.464352 0.036458 0.178704
0 2086 0.041146 0.865741 0.066667 0.270370
0 2087 0.025781 0.838889 0.047396 0.287037
0 2088 0.265365 0.405556 0.033854 0.151852
0 2089 0.455729 0.269907 0.022917 0.100926
0 2094 0.402083 0.255093 0.028125 0.126852
0 2095 0.484115 0.281944 0.021354 0.110185
0 2096 0.505729 0.266204 0.028125 0.132407
0 2097 0.532813 0.178241 0.027083 0.099074
0 2098 0.147917 0.432870 0.030208 0.182407
0 2099 0.193229 0.454167 0.037500 0.167593
0 2100 0.272656 0.447685 0.047396 0.184259
0 2103 0.840885 0.506944 0.035937 0.171296
0 2105 0.846875 0.416204 0.032292 0.150926
0 2109 0.268750 0.319444 0.037500 0.135185
0 2110 0.136198 0.299537 0.030729 0.115741
0 2111 0.612500 0.375000 0.030208 0.135185
0 2115 0.108333 0.901389 0.065625 0.197222
0 2117 0.167708 0.423611 0.038542 0.176852
