0 2065 0.539323 0.324537 0.033854 0.143519
0 2066 0.722396 0.414815 0.035417 0.159259
0 2067 0.850521 0.500000 0.040625 0.185185
0 2068 0.939063 0.496759 0.051042 0.202778
0 2069 0.689323 0.417130 0.036979 0.160185
0 2070 0.309635 0.698148 0.063021 0.272222
0 2071 0.832552 0.508796 0.035937 0.206481
0 2072 0.784115 0.471296 0.044271 0.187037
0 2076 0.568750 0.670833 0.052083 0.239815
0 2077 0.247656 0.692593 0.060937 0.264815
0 2078 0.511979 0.457870 0.037500 0.212037
0 2079 0.621615 0.512037 0.057813 0.220370
0 2080 0.717969 0.531481 0.063021 0.203704
0 2081 0.753646 0.519444 0.058333 0.218519
0 2082 0.701823 0.510185 0.049479 0.201852
0 2083 0.807813 0.515741 0.053125 0.214815
0 2084 0.872135 0.595370 0.048438 0.168519
0 2085 0.820833 0.466204 0.036458 0.178704
0 2086 0.049740 0.861574 0.067187 0.278704
0 2087 0.028646 0.833333 0.052083 0.287037
0 2088 0.265365 0.405093 0.033854 0.150926
0 2089 0.454167 0.269907 0.023958 0.100926
0 2094 0.402083 0.255093 0.028125 0.126852
0 2095 0.484115 0.282870 0.021354 0.110185
0 2096 0.505729 0.266204 0.028125 0.132407
0 2097 0.536198 0.177315 0.026562 0.099074
0 2098 0.147917 0.431944 0.030208 0.182407
0 2099 0.188542 0.453241 0.037500 0.169444
0 2100 0.269271 0.447685 0.046875 0.184259
0 2105 0.850521 0.416204 0.032292 0.150926
0 2109 0.263021 0.319444 0.037500 0.135185
0 2111 0.611979 0.374074 0.030208 0.135185
0 2115 0.100000 0.905556 0.067708 0.188889
0 2117 0.167708 0.423611 0.038542 0.176852
