0 2065 0.533073 0.337500 0.033854 0.143519
0 2066 0.757812 0.443056 0.035417 0.171296
0 2069 0.721875 0.442593 0.039583 0.175926
0 2070 0.267188 0.775463 0.067708 0.300926
0 2072 0.904427 0.491204 0.065104 0.200926
0 2076 0.544792 0.734259 0.054167 0.259259
0 2077 0.204948 0.764815 0.060937 0.294444
0 2078 0.446354 0.428704 0.038542 0.198148
0 2079 0.526042 0.482407 0.048958 0.214815
0 2080 0.618229 0.509259 0.051042 0.203704
0 2081 0.652344 0.497222 0.043229 0.201852
0 2082 0.594271 0.493519 0.044792 0.190741
0 2083 0.692448 0.478704 0.051562 0.198148
0 2084 0.804948 0.557407 0.054688 0.168519
0 2085 0.942448 0.479630 0.035937 0.179630
0 2086 0.139844 0.776389 0.069271 0.289815
0 2087 0.105990 0.743519 0.061979 0.251852
0 2088 0.268750 0.382870 0.033333 0.150926
0 2089 0.414323 0.280093 0.025521 0.100926
0 2090 0.354687 0.249074 0.028125 0.114815
0 2091 0.329688 0.253704 0.028125 0.112963
0 2094 0.403646 0.255093 0.028125 0.126852
0 2095 0.485938 0.283796 0.021875 0.115741
0 2096 0.511198 0.266667 0.033854 0.131481
0 2097 0.580208 0.168519 0.023958 0.098148
0 2098 0.147396 0.424537 0.030208 0.182407
0 2099 0.180208 0.448148 0.036458 0.172222
0 2100 0.245833 0.437963 0.041667 0.185185
0 2111 0.610938 0.373148 0.030208 0.135185
0 2117 0.162500 0.421296 0.036458 0.175926
