0 2065 0.538281 0.327315 0.033854 0.143519
0 2066 0.727865 0.416204 0.035937 0.160185
0 2067 0.876823 0.500926 0.040104 0.185185
0 2068 0.961458 0.492130 0.051042 0.200926
0 2069 0.698438 0.419444 0.038542 0.159259
0 2070 0.298698 0.718981 0.057813 0.282407
0 2071 0.863281 0.513426 0.044271 0.212037
0 2072 0.808854 0.475000 0.044792 0.188889
0 2076 0.562500 0.684259 0.054167 0.246296
0 2077 0.239844 0.706944 0.060937 0.269444
0 2078 0.497135 0.454167 0.039062 0.210185
0 2079 0.599479 0.507407 0.048958 0.225926
0 2080 0.687240 0.525000 0.053646 0.203704
0 2081 0.728646 0.514815 0.054167 0.214815
0 2082 0.677344 0.506019 0.050521 0.200926
0 2083 0.781250 0.509722 0.051042 0.215741
0 2084 0.868750 0.587963 0.052083 0.168519
0 2085 0.841927 0.470370 0.035937 0.179630
0 2086 0.070573 0.850926 0.068229 0.300000
0 2087 0.040104 0.812037 0.058333 0.283333
0 2088 0.267969 0.399537 0.033854 0.150926
0 2089 0.449740 0.269907 0.025521 0.100926
0 2090 0.322396 0.238889 0.023958 0.114815
0 2094 0.402604 0.255093 0.028125 0.126852
0 2095 0.483073 0.283796 0.021354 0.112037
0 2096 0.505729 0.267130 0.028125 0.132407
0 2097 0.543229 0.176389 0.021875 0.099074
0 2098 0.147917 0.430093 0.030208 0.182407
0 2099 0.178906 0.452315 0.036979 0.171296
0 2100 0.258594 0.444907 0.044271 0.184259
0 2109 0.249479 0.318519 0.037500 0.135185
0 2111 0.611458 0.374074 0.030208 0.135185
0 2115 0.079948 0.917130 0.073438 0.165741
0 2117 0.166927 0.424074 0.038021 0.175926
