0 2065 0.539583 0.325463 0.034375 0.143519
0 2066 0.726042 0.416204 0.035417 0.160185
0 2067 0.862760 0.500000 0.040104 0.185185
0 2068 0.951562 0.493981 0.051042 0.200926
0 2069 0.694010 0.417593 0.038021 0.159259
0 2070 0.303906 0.709259 0.059896 0.277778
0 2071 0.849479 0.511574 0.037500 0.212037
0 2072 0.796615 0.473611 0.044271 0.187963
0 2076 0.565625 0.676852 0.053125 0.242593
0 2077 0.243750 0.700000 0.060417 0.266667
0 2078 0.504948 0.456019 0.038021 0.212037
0 2079 0.610417 0.509722 0.053125 0.223148
0 2080 0.702604 0.528704 0.059375 0.203704
0 2081 0.741146 0.516667 0.056250 0.218519
0 2082 0.691927 0.507870 0.048438 0.200926
0 2083 0.794271 0.512963 0.051042 0.214815
0 2084 0.870573 0.591667 0.050521 0.168519
0 2085 0.831510 0.468056 0.035937 0.178704
0 2086 0.060417 0.856019 0.067708 0.289815
0 2087 0.031771 0.826389 0.057292 0.287963
0 2088 0.266406 0.402315 0.033854 0.150926
0 2089 0.452604 0.269907 0.025000 0.100926
0 2094 0.402083 0.255093 0.028125 0.126852
0 2095 0.483594 0.283333 0.021354 0.111111
0 2096 0.505729 0.267130 0.028125 0.132407
0 2097 0.539323 0.176389 0.022396 0.099074
0 2098 0.147917 0.431019 0.030208 0.182407
0 2099 0.183594 0.452778 0.036979 0.170370
0 2100 0.263802 0.445833 0.045312 0.184259
0 2109 0.256250 0.318519 0.037500 0.135185
0 2111 0.611979 0.374074 0.030208 0.135185
0 2115 0.089323 0.911111 0.071354 0.177778
0 2117 0.167187 0.424074 0.038542 0.175926
