0 2065 0.531250 0.343056 0.036458 0.150926
0 2066 0.767448 0.444444 0.039062 0.170370
0 2069 0.730208 0.446296 0.041667 0.179630
0 2070 0.253646 0.793056 0.066667 0.312037
0 2072 0.945312 0.491204 0.057292 0.197222
0 2076 0.538542 0.753241 0.054167 0.265741
0 2077 0.193229 0.783796 0.060417 0.304630
0 2078 0.435417 0.426852 0.040625 0.198148
0 2079 0.504948 0.476852 0.053646 0.214815
0 2080 0.600000 0.502315 0.061458 0.204630
0 2081 0.627344 0.489815 0.047396 0.201852
0 2082 0.574479 0.491204 0.048958 0.195370
0 2083 0.666406 0.476852 0.044271 0.198148
0 2084 0.791927 0.561574 0.052604 0.150926
0 2086 0.160938 0.758333 0.068750 0.275926
0 2087 0.120313 0.716667 0.053125 0.251852
0 2088 0.261979 0.377315 0.033333 0.150926
0 2089 0.410938 0.284722 0.035417 0.084259
0 2090 0.360417 0.249074 0.028125 0.114815
0 2091 0.332813 0.252315 0.028125 0.112037
0 2093 0.336198 0.242593 0.023438 0.098148
0 2094 0.403125 0.251389 0.028125 0.126852
0 2095 0.488021 0.281944 0.021875 0.115741
0 2096 0.509635 0.263889 0.033854 0.131481
0 2097 0.590365 0.164352 0.023438 0.099074
0 2098 0.146875 0.422685 0.030208 0.182407
0 2099 0.178385 0.445370 0.036979 0.164815
0 2100 0.242448 0.434259 0.042188 0.185185
0 2111 0.609375 0.369444 0.030208 0.135185
0 2117 0.160938 0.420370 0.036458 0.175926
