0 2065 0.535677 0.331944 0.033854 0.143519
0 2066 0.740365 0.425463 0.035937 0.162037
0 2069 0.708333 0.425926 0.038542 0.159259
0 2070 0.286979 0.733333 0.062500 0.287037
0 2072 0.840104 0.478241 0.060417 0.189815
0 2076 0.554167 0.702778 0.052083 0.251852
0 2077 0.229167 0.727315 0.061458 0.276852
0 2078 0.472656 0.445370 0.045312 0.200000
0 2079 0.565104 0.493519 0.055208 0.214815
0 2080 0.657552 0.518981 0.056771 0.204630
0 2081 0.694792 0.509259 0.046875 0.207407
0 2082 0.642708 0.504630 0.050000 0.201852
0 2083 0.745052 0.497685 0.050521 0.215741
0 2084 0.862500 0.582407 0.062500 0.168519
0 2085 0.878906 0.474074 0.035937 0.179630
0 2086 0.093490 0.826852 0.071354 0.303704
0 2087 0.067187 0.787500 0.059375 0.276852
0 2088 0.271615 0.392130 0.033854 0.150926
0 2089 0.435677 0.273611 0.025521 0.100926
0 2090 0.334375 0.243519 0.028125 0.114815
0 2094 0.403125 0.255093 0.028125 0.126852
0 2095 0.481771 0.285185 0.021875 0.114815
0 2096 0.508073 0.268056 0.030729 0.132407
0 2097 0.555990 0.174074 0.025521 0.098148
0 2098 0.147396 0.428241 0.030208 0.182407
0 2099 0.179688 0.448611 0.036458 0.171296
0 2100 0.249740 0.442593 0.042188 0.185185
0 2111 0.610938 0.373148 0.030208 0.135185
0 2115 0.063281 0.938889 0.066146 0.122222
0 2117 0.166406 0.424074 0.036979 0.175926
