0 2065 0.524479 0.341204 0.037500 0.156481
0 2066 0.773698 0.447222 0.040104 0.175926
0 2069 0.739062 0.449537 0.043750 0.182407
0 2070 0.232552 0.811111 0.069271 0.320370
0 2076 0.529427 0.765741 0.057813 0.275926
0 2077 0.174219 0.800463 0.063021 0.312037
0 2078 0.414844 0.417130 0.035937 0.195370
0 2079 0.469792 0.469907 0.048958 0.215741
0 2080 0.572656 0.493981 0.056771 0.204630
0 2081 0.605208 0.476389 0.038542 0.200926
0 2082 0.542188 0.481944 0.040625 0.195370
0 2083 0.622917 0.456019 0.048958 0.199074
0 2084 0.752865 0.544907 0.036979 0.165741
0 2086 0.179427 0.727778 0.060937 0.274074
0 2087 0.133854 0.700000 0.053125 0.251852
0 2088 0.247396 0.368981 0.033333 0.150926
0 2089 0.408854 0.286574 0.043750 0.071296
0 2090 0.361979 0.245833 0.028125 0.115741
0 2091 0.330729 0.251852 0.028125 0.112963
0 2092 0.319271 0.247685 0.021875 0.097222
0 2093 0.345313 0.241204 0.023958 0.099074
0 2094 0.401042 0.246296 0.028125 0.127778
0 2095 0.485156 0.275000 0.021354 0.114815
0 2096 0.508073 0.260185 0.033854 0.131481
0 2097 0.598698 0.158796 0.022396 0.099074
0 2098 0.146875 0.420833 0.030208 0.182407
0 2099 0.173958 0.431019 0.037500 0.167593
0 2100 0.238542 0.428704 0.042708 0.185185
0 2111 0.606250 0.365741 0.030208 0.135185
