0 2065 0.534115 0.335648 0.033854 0.143519
0 2066 0.750000 0.435648 0.035417 0.171296
0 2069 0.717448 0.435648 0.039062 0.167593
0 2070 0.269271 0.761574 0.058333 0.300926
0 2072 0.879427 0.487500 0.065104 0.206481
0 2076 0.547656 0.720833 0.053646 0.256481
0 2077 0.214583 0.750000 0.061458 0.287037
0 2078 0.455990 0.436111 0.038021 0.200000
0 2079 0.541146 0.486111 0.044792 0.214815
0 2080 0.630208 0.512037 0.046875 0.203704
0 2081 0.670833 0.502315 0.048958 0.200926
0 2082 0.611458 0.496759 0.044792 0.195370
0 2083 0.705208 0.485185 0.051042 0.198148
0 2084 0.825781 0.570833 0.054688 0.167593
0 2085 0.917969 0.476852 0.035937 0.179630
0 2086 0.119792 0.793056 0.069792 0.287963
0 2087 0.091406 0.759259 0.060937 0.255556
0 2088 0.269531 0.385648 0.033854 0.150926
0 2089 0.422135 0.277315 0.025521 0.100926
0 2090 0.348438 0.247222 0.028125 0.114815
0 2091 0.325521 0.251389 0.028125 0.112037
0 2094 0.403646 0.255093 0.028125 0.126852
0 2095 0.483854 0.284722 0.021875 0.115741
0 2096 0.511458 0.268056 0.033333 0.132407
0 2097 0.570573 0.174074 0.021354 0.098148
0 2098 0.147396 0.425463 0.030208 0.182407
0 2099 0.180208 0.448148 0.036458 0.172222
0 2100 0.247917 0.439815 0.041667 0.185185
0 2111 0.610938 0.373148 0.030208 0.135185
0 2115 0.035156 0.960648 0.053646 0.080556
0 2117 0.164062 0.422222 0.036458 0.175926
