0 2065 0.519271 0.340741 0.038542 0.162963
0 2066 0.783854 0.445370 0.039583 0.185185
0 2069 0.744271 0.451852 0.043750 0.187037
0 2070 0.217188 0.826852 0.089583 0.325926
0 2076 0.522396 0.787037 0.058333 0.285185
0 2077 0.151562 0.824537 0.066667 0.321296
0 2078 0.396354 0.403241 0.035417 0.182407
0 2079 0.437240 0.458796 0.040104 0.215741
0 2080 0.550521 0.479630 0.052083 0.203704
0 2081 0.583854 0.469907 0.038542 0.200926
0 2082 0.511979 0.472685 0.040625 0.195370
0 2083 0.591667 0.447685 0.044792 0.199074
0 2084 0.717187 0.540741 0.043750 0.159259
0 2086 0.199479 0.700463 0.069792 0.273148
0 2087 0.157812 0.671296 0.053125 0.246296
0 2088 0.232031 0.356019 0.033854 0.150926
0 2089 0.405990 0.272685 0.044271 0.084259
0 2090 0.358854 0.239815 0.027083 0.125926
0 2091 0.331250 0.248148 0.028125 0.112963
0 2092 0.325781 0.243981 0.021354 0.099074
0 2093 0.352083 0.235648 0.023958 0.099074
0 2094 0.397396 0.243519 0.028125 0.129630
0 2095 0.482812 0.267593 0.020833 0.112963
0 2096 0.509115 0.254630 0.027604 0.131481
0 2097 0.609896 0.149074 0.029167 0.090741
0 2098 0.146875 0.418981 0.030208 0.182407
0 2099 0.169792 0.415741 0.038542 0.168519
0 2100 0.233854 0.425000 0.042708 0.185185
0 2111 0.603125 0.361111 0.030208 0.135185
