0 2065 0.536198 0.331944 0.033854 0.143519
0 2066 0.739844 0.425000 0.035937 0.161111
0 2069 0.707812 0.425000 0.038542 0.159259
0 2070 0.288281 0.731944 0.063021 0.286111
0 2072 0.838281 0.478241 0.057813 0.189815
0 2076 0.554948 0.702315 0.052604 0.250926
0 2077 0.230208 0.725926 0.061458 0.275926
0 2078 0.473698 0.445833 0.046354 0.199074
0 2079 0.567969 0.493519 0.054688 0.214815
0 2080 0.659635 0.519907 0.056771 0.204630
0 2081 0.697917 0.508333 0.046875 0.207407
0 2082 0.644531 0.504630 0.050521 0.201852
0 2083 0.747656 0.498611 0.050521 0.215741
0 2084 0.863021 0.582407 0.061458 0.168519
0 2085 0.876302 0.474074 0.035937 0.179630
0 2086 0.091667 0.829630 0.071875 0.305556
0 2087 0.065104 0.788426 0.059375 0.276852
0 2088 0.271094 0.392130 0.033854 0.150926
0 2089 0.436719 0.272685 0.025521 0.100926
0 2090 0.333333 0.242593 0.028125 0.114815
0 2094 0.403125 0.255093 0.028125 0.126852
0 2095 0.482031 0.284722 0.021354 0.113889
0 2096 0.507812 0.268056 0.030208 0.132407
0 2097 0.555208 0.175000 0.025000 0.098148
0 2098 0.147396 0.428241 0.030208 0.182407
0 2099 0.179688 0.448611 0.036458 0.171296
0 2100 0.249740 0.442593 0.042188 0.185185
0 2111 0.610938 0.373148 0.030208 0.135185
0 2115 0.064583 0.937500 0.066667 0.125000
0 2117 0.166406 0.424074 0.036979 0.175926
