0 2065 0.519792 0.340278 0.038542 0.162037
0 2066 0.781250 0.446296 0.039583 0.183333
0 2069 0.743229 0.451389 0.043750 0.186111
0 2070 0.219271 0.824074 0.086458 0.325926
0 2076 0.523438 0.783333 0.058333 0.283333
0 2077 0.154948 0.820370 0.066146 0.320370
0 2078 0.398958 0.405093 0.035417 0.184259
0 2079 0.441927 0.458796 0.046354 0.213889
0 2080 0.553125 0.480556 0.052083 0.203704
0 2081 0.586979 0.470833 0.038542 0.200926
0 2082 0.515104 0.473611 0.043750 0.195370
0 2083 0.595313 0.447685 0.044792 0.199074
0 2084 0.722917 0.542593 0.046875 0.157407
0 2086 0.195833 0.704167 0.067708 0.273148
0 2087 0.152604 0.676852 0.053125 0.248148
0 2088 0.234115 0.357870 0.033854 0.150926
0 2089 0.407031 0.275926 0.044271 0.079630
0 2090 0.359115 0.240278 0.027604 0.121296
0 2091 0.330729 0.248148 0.028125 0.112963
0 2092 0.322917 0.244444 0.023958 0.098148
0 2093 0.351042 0.235648 0.023958 0.099074
0 2094 0.397917 0.243519 0.028125 0.129630
0 2095 0.482812 0.268519 0.020833 0.112963
0 2096 0.508594 0.255556 0.028646 0.131481
0 2097 0.607031 0.150000 0.026562 0.092593
0 2098 0.146875 0.418981 0.030208 0.182407
0 2099 0.168750 0.416667 0.038542 0.168519
0 2100 0.234375 0.425000 0.042708 0.185185
0 2111 0.603125 0.361111 0.030208 0.135185
