0 2065 0.531510 0.342593 0.035937 0.150000
0 2066 0.766667 0.444444 0.038542 0.170370
0 2069 0.729167 0.446296 0.041667 0.179630
0 2070 0.255729 0.791204 0.067708 0.310185
0 2072 0.940365 0.491667 0.058854 0.198148
0 2076 0.539062 0.750926 0.054167 0.264815
0 2077 0.194271 0.782870 0.060417 0.304630
0 2078 0.436198 0.426852 0.040104 0.198148
0 2079 0.506771 0.476852 0.052083 0.214815
0 2080 0.602083 0.502315 0.061458 0.204630
0 2081 0.629948 0.490741 0.046354 0.201852
0 2082 0.576562 0.491667 0.047917 0.194444
0 2083 0.668750 0.476852 0.044792 0.198148
0 2084 0.795573 0.562963 0.052604 0.148148
0 2086 0.158854 0.760185 0.068750 0.275926
0 2087 0.119271 0.718056 0.053125 0.250926
0 2088 0.263021 0.377315 0.033333 0.150926
0 2089 0.411458 0.284722 0.034375 0.086111
0 2090 0.359896 0.249074 0.028125 0.114815
0 2091 0.332813 0.252315 0.028125 0.112037
0 2093 0.335156 0.242593 0.023438 0.098148
0 2094 0.403125 0.251389 0.028125 0.126852
0 2095 0.488021 0.282870 0.021875 0.115741
0 2096 0.510156 0.263889 0.033854 0.131481
0 2097 0.589323 0.164352 0.023438 0.099074
0 2098 0.146875 0.422685 0.030208 0.182407
0 2099 0.178906 0.446296 0.036979 0.164815
0 2100 0.242969 0.434259 0.042188 0.185185
0 2111 0.609375 0.370370 0.030208 0.135185
0 2117 0.160938 0.420370 0.036458 0.175926
